195.218 158.311 79.864 1 1 1 20 1
195.218 158.311 79.864 2 1 1 20 1
171.838 72.649 333.505 3 1 1 610 4
171.838 72.649 333.505 4 1 1 610 4
171.838 72.649 333.505 5 1 1 610 4
171.838 72.649 333.505 6 1 1 610 4
171.838 72.649 333.505 7 1 1 610 4
171.838 72.649 333.505 8 1 1 610 4
338.409 67.635 152.323 9 1 1 574 2
338.409 67.635 152.323 10 1 1 574 2
338.409 67.635 152.323 11 1 1 574 2
338.409 67.635 152.323 12 1 1 574 2
312.543 116.881 338.505 13 1 1 7 1
312.543 116.881 338.505 14 1 1 7 1
5.312 124.894 150.841 15 1 1 23 1
5.312 124.894 150.841 16 1 1 23 1
228.534 72.397 262.468 17 1 1 69 1
182.888 105.104 255.400 18 1 1 558 2
4.071 157.664 336.634 19 1 1 364 1
4.071 157.664 336.634 20 1 1 364 1
4.071 157.664 336.634 21 1 1 364 1
293.628 96.686 225.949 22 1 1 578 2
293.628 96.686 225.949 23 1 1 578 2
293.628 96.686 225.949 24 1 1 578 2
293.628 96.686 225.949 25 1 1 578 2
39.421 52.450 190.222 26 1 1 535 2
39.421 52.450 190.222 27 1 1 535 2
39.421 52.450 190.222 28 1 1 535 2
152.087 34.567 215.997 29 1 1 597 3
152.087 34.567 215.997 30 1 1 597 3
195.218 158.311 79.864 1 2 1 20 1
195.218 158.311 79.864 2 2 1 20 1
171.838 72.649 333.505 3 2 1 610 4
171.838 72.649 333.505 4 2 1 610 4
171.838 72.649 333.505 5 2 1 610 4
171.838 72.649 333.505 6 2 1 610 4
171.838 72.649 333.505 7 2 1 610 4
40.647 95.898 290.408 8 2 1 117 1
338.409 67.635 152.323 9 2 1 574 2
338.409 67.635 152.323 10 2 1 574 2
338.409 67.635 152.323 11 2 1 574 2
338.409 67.635 152.323 12 2 1 574 2
5.312 124.894 150.841 13 2 1 23 1
5.312 124.894 150.841 14 2 1 23 1
5.312 124.894 150.841 15 2 1 23 1
228.534 72.397 262.468 16 2 1 69 1
228.534 72.397 262.468 17 2 1 69 1
182.888 105.104 255.400 18 2 1 558 2
4.071 157.664 336.634 19 2 1 364 1
4.071 157.664 336.634 20 2 1 364 1
4.071 157.664 336.634 21 2 1 364 1
4.071 157.664 336.634 22 2 1 364 1
190.887 111.354 237.566 23 2 1 575 2
190.887 111.354 237.566 24 2 1 575 2
190.887 111.354 237.566 25 2 1 575 2
240.238 71.369 21.179 26 2 1 599 3
240.238 71.369 21.179 27 2 1 599 3
240.238 71.369 21.179 28 2 1 599 3
240.238 71.369 21.179 29 2 1 599 3
152.087 34.567 215.997 30 2 1 597 3
195.218 158.311 79.864 1 3 1 20 1
195.218 158.311 79.864 2 3 1 20 1
171.838 72.649 333.505 3 3 1 610 4
171.838 72.649 333.505 4 3 1 610 4
171.838 72.649 333.505 5 3 1 610 4
171.838 72.649 333.505 6 3 1 610 4
40.647 95.898 290.408 7 3 1 117 1
40.647 95.898 290.408 8 3 1 117 1
40.647 95.898 290.408 9 3 1 117 1
126.349 131.540 107.414 10 3 1 127 1
126.349 131.540 107.414 11 3 1 127 1
126.349 131.540 107.414 12 3 1 127 1
5.312 124.894 150.841 13 3 1 23 1
5.312 124.894 150.841 14 3 1 23 1
5.312 124.894 150.841 15 3 1 23 1
228.534 72.397 262.468 16 3 1 69 1
240.238 71.369 21.179 17 3 1 599 3
240.238 71.369 21.179 18 3 1 599 3
240.238 71.369 21.179 19 3 1 599 3
4.071 157.664 336.634 20 3 1 364 1
4.071 157.664 336.634 21 3 1 364 1
190.887 111.354 237.566 22 3 1 575 2
190.887 111.354 237.566 23 3 1 575 2
190.887 111.354 237.566 24 3 1 575 2
190.887 111.354 237.566 25 3 1 575 2
240.238 71.369 21.179 26 3 1 599 3
240.238 71.369 21.179 27 3 1 599 3
240.238 71.369 21.179 28 3 1 599 3
240.238 71.369 21.179 29 3 1 599 3
240.238 71.369 21.179 30 3 1 599 3
114.518 117.170 0.483 1 4 1 403 1
114.518 117.170 0.483 2 4 1 403 1
171.838 72.649 333.505 3 4 1 610 4
171.838 72.649 333.505 4 4 1 610 4
171.838 72.649 333.505 5 4 1 610 4
171.838 72.649 333.505 6 4 1 610 4
171.838 72.649 333.505 7 4 1 610 4
40.647 95.898 290.408 8 4 1 117 1
126.349 131.540 107.414 9 4 1 127 1
126.349 131.540 107.414 10 4 1 127 1
126.349 131.540 107.414 11 4 1 127 1
126.349 131.540 107.414 12 4 1 127 1
5.312 124.894 150.841 13 4 1 23 1
5.312 124.894 150.841 14 4 1 23 1
240.238 71.369 21.179 15 4 1 599 3
240.238 71.369 21.179 16 4 1 599 3
240.238 71.369 21.179 17 4 1 599 3
240.238 71.369 21.179 18 4 1 599 3
240.238 71.369 21.179 19 4 1 599 3
240.238 71.369 21.179 20 4 1 599 3
240.238 71.369 21.179 21 4 1 599 3
240.238 71.369 21.179 22 4 1 599 3
190.887 111.354 237.566 23 4 1 575 2
190.887 111.354 237.566 24 4 1 575 2
240.238 71.369 21.179 25 4 1 599 3
240.238 71.369 21.179 26 4 1 599 3
240.238 71.369 21.179 27 4 1 599 3
240.238 71.369 21.179 28 4 1 599 3
240.238 71.369 21.179 29 4 1 599 3
240.238 71.369 21.179 30 4 1 599 3
114.518 117.170 0.483 1 5 1 403 1
114.518 117.170 0.483 2 5 1 403 1
171.838 72.649 333.505 3 5 1 610 4
171.838 72.649 333.505 4 5 1 610 4
171.838 72.649 333.505 5 5 1 610 4
171.838 72.649 333.505 6 5 1 610 4
71.938 126.539 220.148 7 5 1 501 2
71.938 126.539 220.148 8 5 1 501 2
71.938 126.539 220.148 9 5 1 501 2
126.349 131.540 107.414 10 5 1 127 1
54.194 82.574 169.085 11 5 1 378 1
54.194 82.574 169.085 12 5 1 378 1
54.194 82.574 169.085 13 5 1 378 1
240.238 71.369 21.179 14 5 1 599 3
240.238 71.369 21.179 15 5 1 599 3
240.238 71.369 21.179 16 5 1 599 3
240.238 71.369 21.179 17 5 1 599 3
240.238 71.369 21.179 18 5 1 599 3
240.238 71.369 21.179 19 5 1 599 3
240.238 71.369 21.179 20 5 1 599 3
240.238 71.369 21.179 21 5 1 599 3
240.238 71.369 21.179 22 5 1 599 3
240.238 71.369 21.179 23 5 1 599 3
240.238 71.369 21.179 24 5 1 599 3
240.238 71.369 21.179 25 5 1 599 3
240.238 71.369 21.179 26 5 1 599 3
240.238 71.369 21.179 27 5 1 599 3
240.238 71.369 21.179 28 5 1 599 3
240.238 71.369 21.179 29 5 1 599 3
240.238 71.369 21.179 30 5 1 599 3
171.838 72.649 333.505 1 6 1 610 4
171.838 72.649 333.505 2 6 1 610 4
171.838 72.649 333.505 3 6 1 610 4
171.838 72.649 333.505 4 6 1 610 4
171.838 72.649 333.505 5 6 1 610 4
171.838 72.649 333.505 6 6 1 610 4
71.938 126.539 220.148 7 6 1 501 2
71.938 126.539 220.148 8 6 1 501 2
71.938 126.539 220.148 9 6 1 501 2
54.194 82.574 169.085 10 6 1 378 1
54.194 82.574 169.085 11 6 1 378 1
54.194 82.574 169.085 12 6 1 378 1
54.194 82.574 169.085 13 6 1 378 1
240.238 71.369 21.179 14 6 1 599 3
240.238 71.369 21.179 15 6 1 599 3
240.238 71.369 21.179 16 6 1 599 3
240.238 71.369 21.179 17 6 1 599 3
240.238 71.369 21.179 18 6 1 599 3
240.238 71.369 21.179 19 6 1 599 3
240.238 71.369 21.179 20 6 1 599 3
240.238 71.369 21.179 21 6 1 599 3
240.238 71.369 21.179 22 6 1 599 3
240.238 71.369 21.179 23 6 1 599 3
240.238 71.369 21.179 24 6 1 599 3
240.238 71.369 21.179 25 6 1 599 3
240.238 71.369 21.179 26 6 1 599 3
240.238 71.369 21.179 27 6 1 599 3
240.238 71.369 21.179 28 6 1 599 3
240.238 71.369 21.179 29 6 1 599 3
240.238 71.369 21.179 30 6 1 599 3
261.923 136.420 37.542 1 7 1 300 1
261.923 136.420 37.542 2 7 1 300 1
171.838 72.649 333.505 3 7 1 610 4
171.838 72.649 333.505 4 7 1 610 4
171.838 72.649 333.505 5 7 1 610 4
71.938 126.539 220.148 6 7 1 501 2
71.938 126.539 220.148 7 7 1 501 2
71.938 126.539 220.148 8 7 1 501 2
240.238 71.369 21.179 9 7 1 599 3
240.238 71.369 21.179 10 7 1 599 3
240.238 71.369 21.179 11 7 1 599 3
240.238 71.369 21.179 12 7 1 599 3
240.238 71.369 21.179 13 7 1 599 3
240.238 71.369 21.179 14 7 1 599 3
240.238 71.369 21.179 15 7 1 599 3
240.238 71.369 21.179 16 7 1 599 3
240.238 71.369 21.179 17 7 1 599 3
240.238 71.369 21.179 18 7 1 599 3
240.238 71.369 21.179 19 7 1 599 3
240.238 71.369 21.179 20 7 1 599 3
240.238 71.369 21.179 21 7 1 599 3
240.238 71.369 21.179 22 7 1 599 3
240.238 71.369 21.179 23 7 1 599 3
240.238 71.369 21.179 24 7 1 599 3
240.238 71.369 21.179 25 7 1 599 3
240.238 71.369 21.179 26 7 1 599 3
240.238 71.369 21.179 27 7 1 599 3
240.238 71.369 21.179 28 7 1 599 3
240.238 71.369 21.179 29 7 1 599 3
240.238 71.369 21.179 30 7 1 599 3
261.923 136.420 37.542 1 8 1 300 1
261.923 136.420 37.542 2 8 1 300 1
261.923 136.420 37.542 3 8 1 300 1
171.838 72.649 333.505 4 8 1 610 4
269.246 163.841 282.774 5 8 1 531 2
269.246 163.841 282.774 6 8 1 531 2
71.938 126.539 220.148 7 8 1 501 2
240.238 71.369 21.179 8 8 1 599 3
240.238 71.369 21.179 9 8 1 599 3
240.238 71.369 21.179 10 8 1 599 3
240.238 71.369 21.179 11 8 1 599 3
240.238 71.369 21.179 12 8 1 599 3
240.238 71.369 21.179 13 8 1 599 3
240.238 71.369 21.179 14 8 1 599 3
240.238 71.369 21.179 15 8 1 599 3
240.238 71.369 21.179 16 8 1 599 3
240.238 71.369 21.179 17 8 1 599 3
240.238 71.369 21.179 18 8 1 599 3
240.238 71.369 21.179 19 8 1 599 3
240.238 71.369 21.179 20 8 1 599 3
240.238 71.369 21.179 21 8 1 599 3
240.238 71.369 21.179 22 8 1 599 3
240.238 71.369 21.179 23 8 1 599 3
240.238 71.369 21.179 24 8 1 599 3
240.238 71.369 21.179 25 8 1 599 3
240.238 71.369 21.179 26 8 1 599 3
240.238 71.369 21.179 27 8 1 599 3
240.238 71.369 21.179 28 8 1 599 3
240.238 71.369 21.179 29 8 1 599 3
240.238 71.369 21.179 30 8 1 599 3
278.336 48.841 223.596 1 9 1 331 1
278.336 48.841 223.596 2 9 1 331 1
278.336 48.841 223.596 3 9 1 331 1
171.838 72.649 333.505 4 9 1 610 4
269.246 163.841 282.774 5 9 1 531 2
269.246 163.841 282.774 6 9 1 531 2
240.238 71.369 21.179 7 9 1 599 3
240.238 71.369 21.179 8 9 1 599 3
240.238 71.369 21.179 9 9 1 599 3
240.238 71.369 21.179 10 9 1 599 3
240.238 71.369 21.179 11 9 1 599 3
240.238 71.369 21.179 12 9 1 599 3
240.238 71.369 21.179 13 9 1 599 3
240.238 71.369 21.179 14 9 1 599 3
240.238 71.369 21.179 15 9 1 599 3
240.238 71.369 21.179 16 9 1 599 3
240.238 71.369 21.179 17 9 1 599 3
240.238 71.369 21.179 18 9 1 599 3
240.238 71.369 21.179 19 9 1 599 3
240.238 71.369 21.179 20 9 1 599 3
240.238 71.369 21.179 21 9 1 599 3
240.238 71.369 21.179 22 9 1 599 3
240.238 71.369 21.179 23 9 1 599 3
240.238 71.369 21.179 24 9 1 599 3
240.238 71.369 21.179 25 9 1 599 3
240.238 71.369 21.179 26 9 1 599 3
240.238 71.369 21.179 27 9 1 599 3
240.238 71.369 21.179 28 9 1 599 3
240.238 71.369 21.179 29 9 1 599 3
240.238 71.369 21.179 30 9 1 599 3
83.243 121.801 182.388 1 10 1 591 2
83.243 121.801 182.388 2 10 1 591 2
83.243 121.801 182.388 3 10 1 591 2
83.243 121.801 182.388 4 10 1 591 2
240.238 71.369 21.179 5 10 1 599 3
240.238 71.369 21.179 6 10 1 599 3
240.238 71.369 21.179 7 10 1 599 3
240.238 71.369 21.179 8 10 1 599 3
240.238 71.369 21.179 9 10 1 599 3
240.238 71.369 21.179 10 10 1 599 3
240.238 71.369 21.179 11 10 1 599 3
240.238 71.369 21.179 12 10 1 599 3
240.238 71.369 21.179 13 10 1 599 3
240.238 71.369 21.179 14 10 1 599 3
240.238 71.369 21.179 15 10 1 599 3
240.238 71.369 21.179 16 10 1 599 3
240.238 71.369 21.179 17 10 1 599 3
240.238 71.369 21.179 18 10 1 599 3
240.238 71.369 21.179 19 10 1 599 3
240.238 71.369 21.179 20 10 1 599 3
240.238 71.369 21.179 21 10 1 599 3
240.238 71.369 21.179 22 10 1 599 3
240.238 71.369 21.179 23 10 1 599 3
240.238 71.369 21.179 24 10 1 599 3
240.238 71.369 21.179 25 10 1 599 3
240.238 71.369 21.179 26 10 1 599 3
240.238 71.369 21.179 27 10 1 599 3
240.238 71.369 21.179 28 10 1 599 3
240.238 71.369 21.179 29 10 1 599 3
240.238 71.369 21.179 30 10 1 599 3
83.243 121.801 182.388 1 11 1 591 2
83.243 121.801 182.388 2 11 1 591 2
83.243 121.801 182.388 3 11 1 591 2
83.243 121.801 182.388 4 11 1 591 2
240.238 71.369 21.179 5 11 1 599 3
240.238 71.369 21.179 6 11 1 599 3
240.238 71.369 21.179 7 11 1 599 3
240.238 71.369 21.179 8 11 1 599 3
240.238 71.369 21.179 9 11 1 599 3
240.238 71.369 21.179 10 11 1 599 3
240.238 71.369 21.179 11 11 1 599 3
240.238 71.369 21.179 12 11 1 599 3
240.238 71.369 21.179 13 11 1 599 3
240.238 71.369 21.179 14 11 1 599 3
240.238 71.369 21.179 15 11 1 599 3
240.238 71.369 21.179 16 11 1 599 3
240.238 71.369 21.179 17 11 1 599 3
240.238 71.369 21.179 18 11 1 599 3
240.238 71.369 21.179 19 11 1 599 3
240.238 71.369 21.179 20 11 1 599 3
240.238 71.369 21.179 21 11 1 599 3
240.238 71.369 21.179 22 11 1 599 3
240.238 71.369 21.179 23 11 1 599 3
240.238 71.369 21.179 24 11 1 599 3
240.238 71.369 21.179 25 11 1 599 3
240.238 71.369 21.179 26 11 1 599 3
240.238 71.369 21.179 27 11 1 599 3
240.238 71.369 21.179 28 11 1 599 3
240.238 71.369 21.179 29 11 1 599 3
240.238 71.369 21.179 30 11 1 599 3
83.243 121.801 182.388 1 12 1 591 2
83.243 121.801 182.388 2 12 1 591 2
83.243 121.801 182.388 3 12 1 591 2
83.243 121.801 182.388 4 12 1 591 2
240.238 71.369 21.179 5 12 1 599 3
240.238 71.369 21.179 6 12 1 599 3
240.238 71.369 21.179 7 12 1 599 3
240.238 71.369 21.179 8 12 1 599 3
240.238 71.369 21.179 9 12 1 599 3
240.238 71.369 21.179 10 12 1 599 3
240.238 71.369 21.179 11 12 1 599 3
240.238 71.369 21.179 12 12 1 599 3
240.238 71.369 21.179 13 12 1 599 3
240.238 71.369 21.179 14 12 1 599 3
240.238 71.369 21.179 15 12 1 599 3
240.238 71.369 21.179 16 12 1 599 3
240.238 71.369 21.179 17 12 1 599 3
240.238 71.369 21.179 18 12 1 599 3
240.238 71.369 21.179 19 12 1 599 3
240.238 71.369 21.179 20 12 1 599 3
240.238 71.369 21.179 21 12 1 599 3
240.238 71.369 21.179 22 12 1 599 3
240.238 71.369 21.179 23 12 1 599 3
240.238 71.369 21.179 24 12 1 599 3
240.238 71.369 21.179 25 12 1 599 3
240.238 71.369 21.179 26 12 1 599 3
240.238 71.369 21.179 27 12 1 599 3
240.238 71.369 21.179 28 12 1 599 3
240.238 71.369 21.179 29 12 1 599 3
240.238 71.369 21.179 30 12 1 599 3
83.243 121.801 182.388 1 13 1 591 2
83.243 121.801 182.388 2 13 1 591 2
83.243 121.801 182.388 3 13 1 591 2
83.243 121.801 182.388 4 13 1 591 2
240.238 71.369 21.179 5 13 1 599 3
240.238 71.369 21.179 6 13 1 599 3
240.238 71.369 21.179 7 13 1 599 3
240.238 71.369 21.179 8 13 1 599 3
240.238 71.369 21.179 9 13 1 599 3
240.238 71.369 21.179 10 13 1 599 3
240.238 71.369 21.179 11 13 1 599 3
240.238 71.369 21.179 12 13 1 599 3
240.238 71.369 21.179 13 13 1 599 3
240.238 71.369 21.179 14 13 1 599 3
240.238 71.369 21.179 15 13 1 599 3
240.238 71.369 21.179 16 13 1 599 3
240.238 71.369 21.179 17 13 1 599 3
240.238 71.369 21.179 18 13 1 599 3
240.238 71.369 21.179 19 13 1 599 3
240.238 71.369 21.179 20 13 1 599 3
240.238 71.369 21.179 21 13 1 599 3
240.238 71.369 21.179 22 13 1 599 3
240.238 71.369 21.179 23 13 1 599 3
240.238 71.369 21.179 24 13 1 599 3
240.238 71.369 21.179 25 13 1 599 3
240.238 71.369 21.179 26 13 1 599 3
240.238 71.369 21.179 27 13 1 599 3
240.238 71.369 21.179 28 13 1 599 3
240.238 71.369 21.179 29 13 1 599 3
240.238 71.369 21.179 30 13 1 599 3
83.243 121.801 182.388 1 14 1 591 2
83.243 121.801 182.388 2 14 1 591 2
83.243 121.801 182.388 3 14 1 591 2
226.708 145.592 161.676 4 14 1 490 2
226.708 145.592 161.676 5 14 1 490 2
226.708 145.592 161.676 6 14 1 490 2
240.238 71.369 21.179 7 14 1 599 3
240.238 71.369 21.179 8 14 1 599 3
240.238 71.369 21.179 9 14 1 599 3
240.238 71.369 21.179 10 14 1 599 3
240.238 71.369 21.179 11 14 1 599 3
240.238 71.369 21.179 12 14 1 599 3
240.238 71.369 21.179 13 14 1 599 3
240.238 71.369 21.179 14 14 1 599 3
240.238 71.369 21.179 15 14 1 599 3
240.238 71.369 21.179 16 14 1 599 3
240.238 71.369 21.179 17 14 1 599 3
240.238 71.369 21.179 18 14 1 599 3
240.238 71.369 21.179 19 14 1 599 3
240.238 71.369 21.179 20 14 1 599 3
240.238 71.369 21.179 21 14 1 599 3
240.238 71.369 21.179 22 14 1 599 3
240.238 71.369 21.179 23 14 1 599 3
240.238 71.369 21.179 24 14 1 599 3
240.238 71.369 21.179 25 14 1 599 3
240.238 71.369 21.179 26 14 1 599 3
240.238 71.369 21.179 27 14 1 599 3
240.238 71.369 21.179 28 14 1 599 3
240.238 71.369 21.179 29 14 1 599 3
240.238 71.369 21.179 30 14 1 599 3
34.793 64.982 301.605 1 15 1 425 1
34.793 64.982 301.605 2 15 1 425 1
209.751 56.531 13.860 3 15 1 656 1
226.708 145.592 161.676 4 15 1 490 2
226.708 145.592 161.676 5 15 1 490 2
240.238 71.369 21.179 6 15 1 599 3
240.238 71.369 21.179 7 15 1 599 3
240.238 71.369 21.179 8 15 1 599 3
240.238 71.369 21.179 9 15 1 599 3
240.238 71.369 21.179 10 15 1 599 3
240.238 71.369 21.179 11 15 1 599 3
240.238 71.369 21.179 12 15 1 599 3
240.238 71.369 21.179 13 15 1 599 3
240.238 71.369 21.179 14 15 1 599 3
240.238 71.369 21.179 15 15 1 599 3
240.238 71.369 21.179 16 15 1 599 3
240.238 71.369 21.179 17 15 1 599 3
240.238 71.369 21.179 18 15 1 599 3
240.238 71.369 21.179 19 15 1 599 3
240.238 71.369 21.179 20 15 1 599 3
240.238 71.369 21.179 21 15 1 599 3
240.238 71.369 21.179 22 15 1 599 3
240.238 71.369 21.179 23 15 1 599 3
240.238 71.369 21.179 24 15 1 599 3
240.238 71.369 21.179 25 15 1 599 3
240.238 71.369 21.179 26 15 1 599 3
240.238 71.369 21.179 27 15 1 599 3
240.238 71.369 21.179 28 15 1 599 3
240.238 71.369 21.179 29 15 1 599 3
240.238 71.369 21.179 30 15 1 599 3
34.793 64.982 301.605 1 16 1 425 1
34.793 64.982 301.605 2 16 1 425 1
209.751 56.531 13.860 3 16 1 656 1
240.238 71.369 21.179 4 16 1 599 3
240.238 71.369 21.179 5 16 1 599 3
240.238 71.369 21.179 6 16 1 599 3
240.238 71.369 21.179 7 16 1 599 3
240.238 71.369 21.179 8 16 1 599 3
240.238 71.369 21.179 9 16 1 599 3
240.238 71.369 21.179 10 16 1 599 3
240.238 71.369 21.179 11 16 1 599 3
240.238 71.369 21.179 12 16 1 599 3
240.238 71.369 21.179 13 16 1 599 3
240.238 71.369 21.179 14 16 1 599 3
240.238 71.369 21.179 15 16 1 599 3
240.238 71.369 21.179 16 16 1 599 3
240.238 71.369 21.179 17 16 1 599 3
240.238 71.369 21.179 18 16 1 599 3
240.238 71.369 21.179 19 16 1 599 3
240.238 71.369 21.179 20 16 1 599 3
240.238 71.369 21.179 21 16 1 599 3
240.238 71.369 21.179 22 16 1 599 3
240.238 71.369 21.179 23 16 1 599 3
240.238 71.369 21.179 24 16 1 599 3
240.238 71.369 21.179 25 16 1 599 3
240.238 71.369 21.179 26 16 1 599 3
240.238 71.369 21.179 27 16 1 599 3
240.238 71.369 21.179 28 16 1 599 3
240.238 71.369 21.179 29 16 1 599 3
240.238 71.369 21.179 30 16 1 599 3
34.793 64.982 301.605 1 17 1 425 1
34.793 64.982 301.605 2 17 1 425 1
209.751 56.531 13.860 3 17 1 656 1
240.238 71.369 21.179 4 17 1 599 3
240.238 71.369 21.179 5 17 1 599 3
240.238 71.369 21.179 6 17 1 599 3
101.374 79.520 175.937 7 17 1 382 1
101.374 79.520 175.937 8 17 1 382 1
240.238 71.369 21.179 9 17 1 599 3
240.238 71.369 21.179 10 17 1 599 3
240.238 71.369 21.179 11 17 1 599 3
240.238 71.369 21.179 12 17 1 599 3
240.238 71.369 21.179 13 17 1 599 3
240.238 71.369 21.179 14 17 1 599 3
240.238 71.369 21.179 15 17 1 599 3
240.238 71.369 21.179 16 17 1 599 3
240.238 71.369 21.179 17 17 1 599 3
240.238 71.369 21.179 18 17 1 599 3
240.238 71.369 21.179 19 17 1 599 3
240.238 71.369 21.179 20 17 1 599 3
240.238 71.369 21.179 21 17 1 599 3
240.238 71.369 21.179 22 17 1 599 3
240.238 71.369 21.179 23 17 1 599 3
240.238 71.369 21.179 24 17 1 599 3
240.238 71.369 21.179 25 17 1 599 3
240.238 71.369 21.179 26 17 1 599 3
240.238 71.369 21.179 27 17 1 599 3
240.238 71.369 21.179 28 17 1 599 3
240.238 71.369 21.179 29 17 1 599 3
240.238 71.369 21.179 30 17 1 599 3
32.824 40.010 200.905 1 18 1 630 1
32.824 40.010 200.905 2 18 1 630 1
32.824 40.010 200.905 3 18 1 630 1
32.824 40.010 200.905 4 18 1 630 1
240.238 71.369 21.179 5 18 1 599 3
240.238 71.369 21.179 6 18 1 599 3
240.238 71.369 21.179 7 18 1 599 3
240.238 71.369 21.179 8 18 1 599 3
240.238 71.369 21.179 9 18 1 599 3
240.238 71.369 21.179 10 18 1 599 3
240.238 71.369 21.179 11 18 1 599 3
240.238 71.369 21.179 12 18 1 599 3
240.238 71.369 21.179 13 18 1 599 3
240.238 71.369 21.179 14 18 1 599 3
240.238 71.369 21.179 15 18 1 599 3
240.238 71.369 21.179 16 18 1 599 3
240.238 71.369 21.179 17 18 1 599 3
240.238 71.369 21.179 18 18 1 599 3
240.238 71.369 21.179 19 18 1 599 3
240.238 71.369 21.179 20 18 1 599 3
240.238 71.369 21.179 21 18 1 599 3
240.238 71.369 21.179 22 18 1 599 3
240.238 71.369 21.179 23 18 1 599 3
240.238 71.369 21.179 24 18 1 599 3
240.238 71.369 21.179 25 18 1 599 3
240.238 71.369 21.179 26 18 1 599 3
240.238 71.369 21.179 27 18 1 599 3
240.238 71.369 21.179 28 18 1 599 3
240.238 71.369 21.179 29 18 1 599 3
240.238 71.369 21.179 30 18 1 599 3
32.824 40.010 200.905 1 19 1 630 1
32.824 40.010 200.905 2 19 1 630 1
32.824 40.010 200.905 3 19 1 630 1
32.824 40.010 200.905 4 19 1 630 1
65.770 61.250 83.338 5 19 1 618 4
65.770 61.250 83.338 6 19 1 618 4
65.770 61.250 83.338 7 19 1 618 4
65.770 61.250 83.338 8 19 1 618 4
65.770 61.250 83.338 9 19 1 618 4
240.238 71.369 21.179 10 19 1 599 3
240.238 71.369 21.179 11 19 1 599 3
240.238 71.369 21.179 12 19 1 599 3
240.238 71.369 21.179 13 19 1 599 3
240.238 71.369 21.179 14 19 1 599 3
240.238 71.369 21.179 15 19 1 599 3
240.238 71.369 21.179 16 19 1 599 3
240.238 71.369 21.179 17 19 1 599 3
240.238 71.369 21.179 18 19 1 599 3
240.238 71.369 21.179 19 19 1 599 3
240.238 71.369 21.179 20 19 1 599 3
240.238 71.369 21.179 21 19 1 599 3
240.238 71.369 21.179 22 19 1 599 3
240.238 71.369 21.179 23 19 1 599 3
240.238 71.369 21.179 24 19 1 599 3
240.238 71.369 21.179 25 19 1 599 3
240.238 71.369 21.179 26 19 1 599 3
240.238 71.369 21.179 27 19 1 599 3
240.238 71.369 21.179 28 19 1 599 3
240.238 71.369 21.179 29 19 1 599 3
240.238 71.369 21.179 30 19 1 599 3
45.337 100.759 171.425 1 20 1 327 1
45.337 100.759 171.425 2 20 1 327 1
65.770 61.250 83.338 3 20 1 618 4
65.770 61.250 83.338 4 20 1 618 4
65.770 61.250 83.338 5 20 1 618 4
65.770 61.250 83.338 6 20 1 618 4
65.770 61.250 83.338 7 20 1 618 4
65.770 61.250 83.338 8 20 1 618 4
65.770 61.250 83.338 9 20 1 618 4
65.770 61.250 83.338 10 20 1 618 4
65.770 61.250 83.338 11 20 1 618 4
240.238 71.369 21.179 12 20 1 599 3
240.238 71.369 21.179 13 20 1 599 3
240.238 71.369 21.179 14 20 1 599 3
240.238 71.369 21.179 15 20 1 599 3
240.238 71.369 21.179 16 20 1 599 3
240.238 71.369 21.179 17 20 1 599 3
240.238 71.369 21.179 18 20 1 599 3
240.238 71.369 21.179 19 20 1 599 3
240.238 71.369 21.179 20 20 1 599 3
240.238 71.369 21.179 21 20 1 599 3
240.238 71.369 21.179 22 20 1 599 3
240.238 71.369 21.179 23 20 1 599 3
240.238 71.369 21.179 24 20 1 599 3
240.238 71.369 21.179 25 20 1 599 3
240.238 71.369 21.179 26 20 1 599 3
240.238 71.369 21.179 27 20 1 599 3
240.238 71.369 21.179 28 20 1 599 3
240.238 71.369 21.179 29 20 1 599 3
240.238 71.369 21.179 30 20 1 599 3
45.337 100.759 171.425 1 21 1 327 1
45.337 100.759 171.425 2 21 1 327 1
65.770 61.250 83.338 3 21 1 618 4
65.770 61.250 83.338 4 21 1 618 4
65.770 61.250 83.338 5 21 1 618 4
65.770 61.250 83.338 6 21 1 618 4
65.770 61.250 83.338 7 21 1 618 4
65.770 61.250 83.338 8 21 1 618 4
65.770 61.250 83.338 9 21 1 618 4
65.770 61.250 83.338 10 21 1 618 4
65.770 61.250 83.338 11 21 1 618 4
65.770 61.250 83.338 12 21 1 618 4
240.238 71.369 21.179 13 21 1 599 3
240.238 71.369 21.179 14 21 1 599 3
240.238 71.369 21.179 15 21 1 599 3
240.238 71.369 21.179 16 21 1 599 3
240.238 71.369 21.179 17 21 1 599 3
240.238 71.369 21.179 18 21 1 599 3
240.238 71.369 21.179 19 21 1 599 3
240.238 71.369 21.179 20 21 1 599 3
240.238 71.369 21.179 21 21 1 599 3
240.238 71.369 21.179 22 21 1 599 3
240.238 71.369 21.179 23 21 1 599 3
240.238 71.369 21.179 24 21 1 599 3
240.238 71.369 21.179 25 21 1 599 3
240.238 71.369 21.179 26 21 1 599 3
240.238 71.369 21.179 27 21 1 599 3
240.238 71.369 21.179 28 21 1 599 3
240.238 71.369 21.179 29 21 1 599 3
240.238 71.369 21.179 30 21 1 599 3
65.770 61.250 83.338 1 22 1 618 4
65.770 61.250 83.338 2 22 1 618 4
65.770 61.250 83.338 3 22 1 618 4
65.770 61.250 83.338 4 22 1 618 4
65.770 61.250 83.338 5 22 1 618 4
65.770 61.250 83.338 6 22 1 618 4
65.770 61.250 83.338 7 22 1 618 4
65.770 61.250 83.338 8 22 1 618 4
65.770 61.250 83.338 9 22 1 618 4
65.770 61.250 83.338 10 22 1 618 4
65.770 61.250 83.338 11 22 1 618 4
65.770 61.250 83.338 12 22 1 618 4
65.770 61.250 83.338 13 22 1 618 4
240.238 71.369 21.179 14 22 1 599 3
240.238 71.369 21.179 15 22 1 599 3
240.238 71.369 21.179 16 22 1 599 3
240.238 71.369 21.179 17 22 1 599 3
240.238 71.369 21.179 18 22 1 599 3
240.238 71.369 21.179 19 22 1 599 3
240.238 71.369 21.179 20 22 1 599 3
240.238 71.369 21.179 21 22 1 599 3
240.238 71.369 21.179 22 22 1 599 3
240.238 71.369 21.179 23 22 1 599 3
240.238 71.369 21.179 24 22 1 599 3
240.238 71.369 21.179 25 22 1 599 3
240.238 71.369 21.179 26 22 1 599 3
240.238 71.369 21.179 27 22 1 599 3
240.238 71.369 21.179 28 22 1 599 3
240.238 71.369 21.179 29 22 1 599 3
240.238 71.369 21.179 30 22 1 599 3
65.770 61.250 83.338 1 23 1 618 4
65.770 61.250 83.338 2 23 1 618 4
65.770 61.250 83.338 3 23 1 618 4
65.770 61.250 83.338 4 23 1 618 4
65.770 61.250 83.338 5 23 1 618 4
65.770 61.250 83.338 6 23 1 618 4
222.707 76.869 300.816 7 23 1 26 1
65.770 61.250 83.338 8 23 1 618 4
65.770 61.250 83.338 9 23 1 618 4
65.770 61.250 83.338 10 23 1 618 4
65.770 61.250 83.338 11 23 1 618 4
65.770 61.250 83.338 12 23 1 618 4
65.770 61.250 83.338 13 23 1 618 4
65.770 61.250 83.338 14 23 1 618 4
240.238 71.369 21.179 15 23 1 599 3
240.238 71.369 21.179 16 23 1 599 3
240.238 71.369 21.179 17 23 1 599 3
240.238 71.369 21.179 18 23 1 599 3
240.238 71.369 21.179 19 23 1 599 3
240.238 71.369 21.179 20 23 1 599 3
240.238 71.369 21.179 21 23 1 599 3
240.238 71.369 21.179 22 23 1 599 3
240.238 71.369 21.179 23 23 1 599 3
240.238 71.369 21.179 24 23 1 599 3
240.238 71.369 21.179 25 23 1 599 3
240.238 71.369 21.179 26 23 1 599 3
240.238 71.369 21.179 27 23 1 599 3
240.238 71.369 21.179 28 23 1 599 3
240.238 71.369 21.179 29 23 1 599 3
240.238 71.369 21.179 30 23 1 599 3
65.770 61.250 83.338 1 24 1 618 4
65.770 61.250 83.338 2 24 1 618 4
65.770 61.250 83.338 3 24 1 618 4
65.770 61.250 83.338 4 24 1 618 4
65.770 61.250 83.338 5 24 1 618 4
65.770 61.250 83.338 6 24 1 618 4
65.770 61.250 83.338 7 24 1 618 4
65.770 61.250 83.338 8 24 1 618 4
65.770 61.250 83.338 9 24 1 618 4
65.770 61.250 83.338 10 24 1 618 4
65.770 61.250 83.338 11 24 1 618 4
65.770 61.250 83.338 12 24 1 618 4
65.770 61.250 83.338 13 24 1 618 4
65.770 61.250 83.338 14 24 1 618 4
65.770 61.250 83.338 15 24 1 618 4
240.238 71.369 21.179 16 24 1 599 3
240.238 71.369 21.179 17 24 1 599 3
240.238 71.369 21.179 18 24 1 599 3
240.238 71.369 21.179 19 24 1 599 3
240.238 71.369 21.179 20 24 1 599 3
240.238 71.369 21.179 21 24 1 599 3
240.238 71.369 21.179 22 24 1 599 3
240.238 71.369 21.179 23 24 1 599 3
240.238 71.369 21.179 24 24 1 599 3
240.238 71.369 21.179 25 24 1 599 3
240.238 71.369 21.179 26 24 1 599 3
240.238 71.369 21.179 27 24 1 599 3
240.238 71.369 21.179 28 24 1 599 3
240.238 71.369 21.179 29 24 1 599 3
293.792 106.787 206.495 30 24 1 617 4
65.770 61.250 83.338 1 25 1 618 4
65.770 61.250 83.338 2 25 1 618 4
65.770 61.250 83.338 3 25 1 618 4
65.770 61.250 83.338 4 25 1 618 4
65.770 61.250 83.338 5 25 1 618 4
65.770 61.250 83.338 6 25 1 618 4
65.770 61.250 83.338 7 25 1 618 4
65.770 61.250 83.338 8 25 1 618 4
65.770 61.250 83.338 9 25 1 618 4
65.770 61.250 83.338 10 25 1 618 4
65.770 61.250 83.338 11 25 1 618 4
65.770 61.250 83.338 12 25 1 618 4
65.770 61.250 83.338 13 25 1 618 4
65.770 61.250 83.338 14 25 1 618 4
65.770 61.250 83.338 15 25 1 618 4
240.238 71.369 21.179 16 25 1 599 3
240.238 71.369 21.179 17 25 1 599 3
240.238 71.369 21.179 18 25 1 599 3
240.238 71.369 21.179 19 25 1 599 3
240.238 71.369 21.179 20 25 1 599 3
85.667 122.260 226.974 21 25 1 202 1
85.667 122.260 226.974 22 25 1 202 1
240.238 71.369 21.179 23 25 1 599 3
240.238 71.369 21.179 24 25 1 599 3
64.999 60.058 190.235 25 25 1 99 1
62.148 55.259 297.615 26 25 1 395 1
293.792 106.787 206.495 27 25 1 617 4
293.792 106.787 206.495 28 25 1 617 4
293.792 106.787 206.495 29 25 1 617 4
293.792 106.787 206.495 30 25 1 617 4
65.770 61.250 83.338 1 26 1 618 4
65.770 61.250 83.338 2 26 1 618 4
65.770 61.250 83.338 3 26 1 618 4
65.770 61.250 83.338 4 26 1 618 4
65.770 61.250 83.338 5 26 1 618 4
65.770 61.250 83.338 6 26 1 618 4
65.770 61.250 83.338 7 26 1 618 4
65.770 61.250 83.338 8 26 1 618 4
65.770 61.250 83.338 9 26 1 618 4
65.770 61.250 83.338 10 26 1 618 4
65.770 61.250 83.338 11 26 1 618 4
65.770 61.250 83.338 12 26 1 618 4
65.770 61.250 83.338 13 26 1 618 4
65.770 61.250 83.338 14 26 1 618 4
65.770 61.250 83.338 15 26 1 618 4
65.770 61.250 83.338 16 26 1 618 4
240.238 71.369 21.179 17 26 1 599 3
240.238 71.369 21.179 18 26 1 599 3
240.238 71.369 21.179 19 26 1 599 3
85.667 122.260 226.974 20 26 1 202 1
85.667 122.260 226.974 21 26 1 202 1
85.667 122.260 226.974 22 26 1 202 1
85.667 122.260 226.974 23 26 1 202 1
64.999 60.058 190.235 24 26 1 99 1
64.999 60.058 190.235 25 26 1 99 1
293.792 106.787 206.495 26 26 1 617 4
293.792 106.787 206.495 27 26 1 617 4
293.792 106.787 206.495 28 26 1 617 4
293.792 106.787 206.495 29 26 1 617 4
293.792 106.787 206.495 30 26 1 617 4
65.770 61.250 83.338 1 27 1 618 4
65.770 61.250 83.338 2 27 1 618 4
156.839 75.693 102.916 3 27 1 278 1
65.770 61.250 83.338 4 27 1 618 4
65.770 61.250 83.338 5 27 1 618 4
65.770 61.250 83.338 6 27 1 618 4
65.770 61.250 83.338 7 27 1 618 4
65.770 61.250 83.338 8 27 1 618 4
65.770 61.250 83.338 9 27 1 618 4
65.770 61.250 83.338 10 27 1 618 4
65.770 61.250 83.338 11 27 1 618 4
65.770 61.250 83.338 12 27 1 618 4
65.770 61.250 83.338 13 27 1 618 4
65.770 61.250 83.338 14 27 1 618 4
65.770 61.250 83.338 15 27 1 618 4
65.770 61.250 83.338 16 27 1 618 4
65.770 61.250 83.338 17 27 1 618 4
240.238 71.369 21.179 18 27 1 599 3
85.667 122.260 226.974 19 27 1 202 1
85.667 122.260 226.974 20 27 1 202 1
85.667 122.260 226.974 21 27 1 202 1
137.427 168.493 320.326 22 27 1 274 1
137.427 168.493 320.326 23 27 1 274 1
137.427 168.493 320.326 24 27 1 274 1
293.792 106.787 206.495 25 27 1 617 4
293.792 106.787 206.495 26 27 1 617 4
293.792 106.787 206.495 27 27 1 617 4
293.792 106.787 206.495 28 27 1 617 4
293.792 106.787 206.495 29 27 1 617 4
293.792 106.787 206.495 30 27 1 617 4
65.770 61.250 83.338 1 28 1 618 4
65.770 61.250 83.338 2 28 1 618 4
65.770 61.250 83.338 3 28 1 618 4
65.770 61.250 83.338 4 28 1 618 4
65.770 61.250 83.338 5 28 1 618 4
65.770 61.250 83.338 6 28 1 618 4
65.770 61.250 83.338 7 28 1 618 4
65.770 61.250 83.338 8 28 1 618 4
65.770 61.250 83.338 9 28 1 618 4
65.770 61.250 83.338 10 28 1 618 4
65.770 61.250 83.338 11 28 1 618 4
65.770 61.250 83.338 12 28 1 618 4
65.770 61.250 83.338 13 28 1 618 4
65.770 61.250 83.338 14 28 1 618 4
65.770 61.250 83.338 15 28 1 618 4
65.770 61.250 83.338 16 28 1 618 4
235.604 17.142 150.248 17 28 1 319 1
235.604 17.142 150.248 18 28 1 319 1
235.604 17.142 150.248 19 28 1 319 1
137.427 168.493 320.326 20 28 1 274 1
137.427 168.493 320.326 21 28 1 274 1
137.427 168.493 320.326 22 28 1 274 1
137.427 168.493 320.326 23 28 1 274 1
137.427 168.493 320.326 24 28 1 274 1
293.792 106.787 206.495 25 28 1 617 4
293.792 106.787 206.495 26 28 1 617 4
293.792 106.787 206.495 27 28 1 617 4
293.792 106.787 206.495 28 28 1 617 4
293.792 106.787 206.495 29 28 1 617 4
293.792 106.787 206.495 30 28 1 617 4
65.770 61.250 83.338 1 29 1 618 4
65.770 61.250 83.338 2 29 1 618 4
65.770 61.250 83.338 3 29 1 618 4
65.770 61.250 83.338 4 29 1 618 4
65.770 61.250 83.338 5 29 1 618 4
65.770 61.250 83.338 6 29 1 618 4
65.770 61.250 83.338 7 29 1 618 4
65.770 61.250 83.338 8 29 1 618 4
65.770 61.250 83.338 9 29 1 618 4
65.770 61.250 83.338 10 29 1 618 4
65.770 61.250 83.338 11 29 1 618 4
65.770 61.250 83.338 12 29 1 618 4
65.770 61.250 83.338 13 29 1 618 4
65.770 61.250 83.338 14 29 1 618 4
65.770 61.250 83.338 15 29 1 618 4
235.604 17.142 150.248 16 29 1 319 1
235.604 17.142 150.248 17 29 1 319 1
235.604 17.142 150.248 18 29 1 319 1
235.604 17.142 150.248 19 29 1 319 1
137.427 168.493 320.326 20 29 1 274 1
137.427 168.493 320.326 21 29 1 274 1
137.427 168.493 320.326 22 29 1 274 1
137.427 168.493 320.326 23 29 1 274 1
137.427 168.493 320.326 24 29 1 274 1
293.792 106.787 206.495 25 29 1 617 4
293.792 106.787 206.495 26 29 1 617 4
293.792 106.787 206.495 27 29 1 617 4
293.792 106.787 206.495 28 29 1 617 4
293.792 106.787 206.495 29 29 1 617 4
293.792 106.787 206.495 30 29 1 617 4
65.770 61.250 83.338 1 30 1 618 4
65.770 61.250 83.338 2 30 1 618 4
65.770 61.250 83.338 3 30 1 618 4
65.770 61.250 83.338 4 30 1 618 4
65.770 61.250 83.338 5 30 1 618 4
65.770 61.250 83.338 6 30 1 618 4
65.770 61.250 83.338 7 30 1 618 4
65.770 61.250 83.338 8 30 1 618 4
65.770 61.250 83.338 9 30 1 618 4
65.770 61.250 83.338 10 30 1 618 4
65.770 61.250 83.338 11 30 1 618 4
65.770 61.250 83.338 12 30 1 618 4
65.770 61.250 83.338 13 30 1 618 4
65.770 61.250 83.338 14 30 1 618 4
65.770 61.250 83.338 15 30 1 618 4
235.604 17.142 150.248 16 30 1 319 1
235.604 17.142 150.248 17 30 1 319 1
235.604 17.142 150.248 18 30 1 319 1
235.604 17.142 150.248 19 30 1 319 1
137.427 168.493 320.326 20 30 1 274 1
137.427 168.493 320.326 21 30 1 274 1
137.427 168.493 320.326 22 30 1 274 1
137.427 168.493 320.326 23 30 1 274 1
293.792 106.787 206.495 24 30 1 617 4
293.792 106.787 206.495 25 30 1 617 4
293.792 106.787 206.495 26 30 1 617 4
293.792 106.787 206.495 27 30 1 617 4
293.792 106.787 206.495 28 30 1 617 4
293.792 106.787 206.495 29 30 1 617 4
293.792 106.787 206.495 30 30 1 617 4
