161.467 12.121 15.122 1 1 25 680 4
161.467 12.121 15.122 2 1 25 680 4
161.467 12.121 15.122 3 1 25 680 4
310.050 88.962 337.878 4 1 25 58 1
310.050 88.962 337.878 5 1 25 58 1
61.083 148.533 153.948 6 1 25 520 2
61.083 148.533 153.948 7 1 25 520 2
61.083 148.533 153.948 8 1 25 520 2
61.083 148.533 153.948 9 1 25 520 2
5.350 18.455 278.228 10 1 25 662 2
5.350 18.455 278.228 11 1 25 662 2
5.350 18.455 278.228 12 1 25 662 2
5.350 18.455 278.228 13 1 25 662 2
42.553 114.298 125.670 14 1 25 133 1
42.553 114.298 125.670 15 1 25 133 1
42.553 114.298 125.670 16 1 25 133 1
42.553 114.298 125.670 17 1 25 133 1
219.574 129.793 106.887 18 1 25 611 4
219.574 129.793 106.887 19 1 25 611 4
219.574 129.793 106.887 20 1 25 611 4
219.574 129.793 106.887 21 1 25 611 4
219.574 129.793 106.887 22 1 25 611 4
219.574 129.793 106.887 23 1 25 611 4
219.574 129.793 106.887 24 1 25 611 4
219.574 129.793 106.887 25 1 25 611 4
216.389 83.316 68.622 26 1 25 160 1
216.389 83.316 68.622 27 1 25 160 1
210.798 88.623 37.614 28 1 25 600 4
210.798 88.623 37.614 29 1 25 600 4
210.798 88.623 37.614 30 1 25 600 4
161.467 12.121 15.122 1 2 25 680 4
161.467 12.121 15.122 2 2 25 680 4
161.467 12.121 15.122 3 2 25 680 4
161.467 12.121 15.122 4 2 25 680 4
310.050 88.962 337.878 5 2 25 58 1
61.083 148.533 153.948 6 2 25 520 2
61.083 148.533 153.948 7 2 25 520 2
61.083 148.533 153.948 8 2 25 520 2
61.083 148.533 153.948 9 2 25 520 2
61.083 148.533 153.948 10 2 25 520 2
5.350 18.455 278.228 11 2 25 662 2
5.350 18.455 278.228 12 2 25 662 2
189.852 39.222 167.071 13 2 25 271 1
189.852 39.222 167.071 14 2 25 271 1
42.553 114.298 125.670 15 2 25 133 1
42.553 114.298 125.670 16 2 25 133 1
42.553 114.298 125.670 17 2 25 133 1
219.574 129.793 106.887 18 2 25 611 4
219.574 129.793 106.887 19 2 25 611 4
219.574 129.793 106.887 20 2 25 611 4
219.574 129.793 106.887 21 2 25 611 4
219.574 129.793 106.887 22 2 25 611 4
190.269 81.492 273.494 23 2 25 220 1
190.269 81.492 273.494 24 2 25 220 1
190.269 81.492 273.494 25 2 25 220 1
190.269 81.492 273.494 26 2 25 220 1
251.971 106.840 327.512 27 2 25 184 1
210.798 88.623 37.614 28 2 25 600 4
210.798 88.623 37.614 29 2 25 600 4
210.798 88.623 37.614 30 2 25 600 4
161.467 12.121 15.122 1 3 25 680 4
161.467 12.121 15.122 2 3 25 680 4
161.467 12.121 15.122 3 3 25 680 4
161.467 12.121 15.122 4 3 25 680 4
140.085 128.635 275.528 5 3 25 606 4
140.085 128.635 275.528 6 3 25 606 4
140.085 128.635 275.528 7 3 25 606 4
61.083 148.533 153.948 8 3 25 520 2
61.083 148.533 153.948 9 3 25 520 2
147.325 72.613 50.489 10 3 25 396 1
5.350 18.455 278.228 11 3 25 662 2
147.325 72.613 50.489 12 3 25 396 1
156.609 117.081 117.522 13 3 25 674 2
156.609 117.081 117.522 14 3 25 674 2
42.553 114.298 125.670 15 3 25 133 1
42.553 114.298 125.670 16 3 25 133 1
42.553 114.298 125.670 17 3 25 133 1
310.958 82.598 196.824 18 3 25 620 4
310.958 82.598 196.824 19 3 25 620 4
219.574 129.793 106.887 20 3 25 611 4
219.574 129.793 106.887 21 3 25 611 4
219.574 129.793 106.887 22 3 25 611 4
190.269 81.492 273.494 23 3 25 220 1
190.269 81.492 273.494 24 3 25 220 1
190.269 81.492 273.494 25 3 25 220 1
190.269 81.492 273.494 26 3 25 220 1
251.971 106.840 327.512 27 3 25 184 1
210.798 88.623 37.614 28 3 25 600 4
210.798 88.623 37.614 29 3 25 600 4
210.798 88.623 37.614 30 3 25 600 4
169.168 113.403 289.277 1 4 25 683 4
161.467 12.121 15.122 2 4 25 680 4
161.467 12.121 15.122 3 4 25 680 4
161.467 12.121 15.122 4 4 25 680 4
140.085 128.635 275.528 5 4 25 606 4
140.085 128.635 275.528 6 4 25 606 4
140.085 128.635 275.528 7 4 25 606 4
140.085 128.635 275.528 8 4 25 606 4
140.085 128.635 275.528 9 4 25 606 4
140.085 128.635 275.528 10 4 25 606 4
5.350 18.455 278.228 11 4 25 662 2
156.609 117.081 117.522 12 4 25 674 2
156.609 117.081 117.522 13 4 25 674 2
156.609 117.081 117.522 14 4 25 674 2
310.958 82.598 196.824 15 4 25 620 4
310.958 82.598 196.824 16 4 25 620 4
310.958 82.598 196.824 17 4 25 620 4
310.958 82.598 196.824 18 4 25 620 4
310.958 82.598 196.824 19 4 25 620 4
310.958 82.598 196.824 20 4 25 620 4
219.574 129.793 106.887 21 4 25 611 4
219.574 129.793 106.887 22 4 25 611 4
190.269 81.492 273.494 23 4 25 220 1
190.269 81.492 273.494 24 4 25 220 1
190.269 81.492 273.494 25 4 25 220 1
190.269 81.492 273.494 26 4 25 220 1
251.971 106.840 327.512 27 4 25 184 1
210.798 88.623 37.614 28 4 25 600 4
210.798 88.623 37.614 29 4 25 600 4
210.798 88.623 37.614 30 4 25 600 4
169.168 113.403 289.277 1 5 25 683 4
122.270 62.356 133.060 2 5 25 421 1
122.270 62.356 133.060 3 5 25 421 1
169.168 113.403 289.277 4 5 25 683 4
140.085 128.635 275.528 5 5 25 606 4
140.085 128.635 275.528 6 5 25 606 4
140.085 128.635 275.528 7 5 25 606 4
140.085 128.635 275.528 8 5 25 606 4
140.085 128.635 275.528 9 5 25 606 4
140.085 128.635 275.528 10 5 25 606 4
140.085 128.635 275.528 11 5 25 606 4
156.609 117.081 117.522 12 5 25 674 2
156.609 117.081 117.522 13 5 25 674 2
156.609 117.081 117.522 14 5 25 674 2
310.958 82.598 196.824 15 5 25 620 4
310.958 82.598 196.824 16 5 25 620 4
310.958 82.598 196.824 17 5 25 620 4
310.958 82.598 196.824 18 5 25 620 4
310.958 82.598 196.824 19 5 25 620 4
310.958 82.598 196.824 20 5 25 620 4
310.958 82.598 196.824 21 5 25 620 4
219.574 129.793 106.887 22 5 25 611 4
70.219 113.748 106.324 23 5 25 513 2
190.269 81.492 273.494 24 5 25 220 1
190.269 81.492 273.494 25 5 25 220 1
190.269 81.492 273.494 26 5 25 220 1
210.798 88.623 37.614 27 5 25 600 4
210.798 88.623 37.614 28 5 25 600 4
210.798 88.623 37.614 29 5 25 600 4
210.798 88.623 37.614 30 5 25 600 4
122.270 62.356 133.060 1 6 25 421 1
122.270 62.356 133.060 2 6 25 421 1
122.270 62.356 133.060 3 6 25 421 1
298.728 87.950 332.841 4 6 25 619 4
298.728 87.950 332.841 5 6 25 619 4
140.085 128.635 275.528 6 6 25 606 4
140.085 128.635 275.528 7 6 25 606 4
140.085 128.635 275.528 8 6 25 606 4
140.085 128.635 275.528 9 6 25 606 4
140.085 128.635 275.528 10 6 25 606 4
235.456 149.870 66.804 11 6 25 285 1
235.456 149.870 66.804 12 6 25 285 1
156.609 117.081 117.522 13 6 25 674 2
156.609 117.081 117.522 14 6 25 674 2
310.958 82.598 196.824 15 6 25 620 4
310.958 82.598 196.824 16 6 25 620 4
310.958 82.598 196.824 17 6 25 620 4
310.958 82.598 196.824 18 6 25 620 4
310.958 82.598 196.824 19 6 25 620 4
310.958 82.598 196.824 20 6 25 620 4
88.682 71.055 328.521 21 6 25 265 1
88.682 71.055 328.521 22 6 25 265 1
88.682 71.055 328.521 23 6 25 265 1
229.387 64.701 186.007 24 6 25 480 1
229.387 64.701 186.007 25 6 25 480 1
210.798 88.623 37.614 26 6 25 600 4
210.798 88.623 37.614 27 6 25 600 4
210.798 88.623 37.614 28 6 25 600 4
210.798 88.623 37.614 29 6 25 600 4
210.798 88.623 37.614 30 6 25 600 4
298.728 87.950 332.841 1 7 25 619 4
298.728 87.950 332.841 2 7 25 619 4
298.728 87.950 332.841 3 7 25 619 4
298.728 87.950 332.841 4 7 25 619 4
298.728 87.950 332.841 5 7 25 619 4
140.085 128.635 275.528 6 7 25 606 4
140.085 128.635 275.528 7 7 25 606 4
140.085 128.635 275.528 8 7 25 606 4
140.085 128.635 275.528 9 7 25 606 4
140.085 128.635 275.528 10 7 25 606 4
140.085 128.635 275.528 11 7 25 606 4
140.085 128.635 275.528 12 7 25 606 4
140.085 128.635 275.528 13 7 25 606 4
310.958 82.598 196.824 14 7 25 620 4
310.958 82.598 196.824 15 7 25 620 4
310.958 82.598 196.824 16 7 25 620 4
310.958 82.598 196.824 17 7 25 620 4
310.958 82.598 196.824 18 7 25 620 4
310.958 82.598 196.824 19 7 25 620 4
310.958 82.598 196.824 20 7 25 620 4
88.682 71.055 328.521 21 7 25 265 1
88.682 71.055 328.521 22 7 25 265 1
88.682 71.055 328.521 23 7 25 265 1
88.682 71.055 328.521 24 7 25 265 1
229.387 64.701 186.007 25 7 25 480 1
210.798 88.623 37.614 26 7 25 600 4
210.798 88.623 37.614 27 7 25 600 4
210.798 88.623 37.614 28 7 25 600 4
210.798 88.623 37.614 29 7 25 600 4
210.798 88.623 37.614 30 7 25 600 4
298.728 87.950 332.841 1 8 25 619 4
298.728 87.950 332.841 2 8 25 619 4
298.728 87.950 332.841 3 8 25 619 4
298.728 87.950 332.841 4 8 25 619 4
298.728 87.950 332.841 5 8 25 619 4
298.728 87.950 332.841 6 8 25 619 4
140.085 128.635 275.528 7 8 25 606 4
140.085 128.635 275.528 8 8 25 606 4
140.085 128.635 275.528 9 8 25 606 4
140.085 128.635 275.528 10 8 25 606 4
140.085 128.635 275.528 11 8 25 606 4
140.085 128.635 275.528 12 8 25 606 4
140.085 128.635 275.528 13 8 25 606 4
310.958 82.598 196.824 14 8 25 620 4
310.958 82.598 196.824 15 8 25 620 4
310.958 82.598 196.824 16 8 25 620 4
310.958 82.598 196.824 17 8 25 620 4
310.958 82.598 196.824 18 8 25 620 4
310.958 82.598 196.824 19 8 25 620 4
88.682 71.055 328.521 20 8 25 265 1
88.682 71.055 328.521 21 8 25 265 1
88.682 71.055 328.521 22 8 25 265 1
88.682 71.055 328.521 23 8 25 265 1
88.682 71.055 328.521 24 8 25 265 1
229.387 64.701 186.007 25 8 25 480 1
210.798 88.623 37.614 26 8 25 600 4
210.798 88.623 37.614 27 8 25 600 4
210.798 88.623 37.614 28 8 25 600 4
210.798 88.623 37.614 29 8 25 600 4
210.798 88.623 37.614 30 8 25 600 4
298.728 87.950 332.841 1 9 25 619 4
298.728 87.950 332.841 2 9 25 619 4
298.728 87.950 332.841 3 9 25 619 4
298.728 87.950 332.841 4 9 25 619 4
298.728 87.950 332.841 5 9 25 619 4
298.728 87.950 332.841 6 9 25 619 4
140.085 128.635 275.528 7 9 25 606 4
140.085 128.635 275.528 8 9 25 606 4
140.085 128.635 275.528 9 9 25 606 4
140.085 128.635 275.528 10 9 25 606 4
140.085 128.635 275.528 11 9 25 606 4
142.706 133.649 159.422 12 9 25 243 1
142.706 133.649 159.422 13 9 25 243 1
336.726 138.290 213.871 14 9 25 621 4
310.958 82.598 196.824 15 9 25 620 4
310.958 82.598 196.824 16 9 25 620 4
310.958 82.598 196.824 17 9 25 620 4
310.958 82.598 196.824 18 9 25 620 4
310.958 82.598 196.824 19 9 25 620 4
88.682 71.055 328.521 20 9 25 265 1
88.682 71.055 328.521 21 9 25 265 1
88.682 71.055 328.521 22 9 25 265 1
0.128 134.307 28.119 23 9 25 458 1
0.128 134.307 28.119 24 9 25 458 1
0.128 134.307 28.119 25 9 25 458 1
210.798 88.623 37.614 26 9 25 600 4
210.798 88.623 37.614 27 9 25 600 4
210.798 88.623 37.614 28 9 25 600 4
210.798 88.623 37.614 29 9 25 600 4
210.798 88.623 37.614 30 9 25 600 4
298.728 87.950 332.841 1 10 25 619 4
298.728 87.950 332.841 2 10 25 619 4
298.728 87.950 332.841 3 10 25 619 4
298.728 87.950 332.841 4 10 25 619 4
298.728 87.950 332.841 5 10 25 619 4
298.728 87.950 332.841 6 10 25 619 4
34.085 133.093 8.633 7 10 25 467 1
2.437 29.335 163.244 8 10 25 504 2
336.726 138.290 213.871 9 10 25 621 4
336.726 138.290 213.871 10 10 25 621 4
336.726 138.290 213.871 11 10 25 621 4
142.706 133.649 159.422 12 10 25 243 1
142.706 133.649 159.422 13 10 25 243 1
336.726 138.290 213.871 14 10 25 621 4
340.941 86.589 341.092 15 10 25 556 2
340.941 86.589 341.092 16 10 25 556 2
340.941 86.589 341.092 17 10 25 556 2
310.958 82.598 196.824 18 10 25 620 4
222.507 60.111 226.663 19 10 25 577 2
311.490 96.674 110.819 20 10 25 115 1
322.550 89.237 46.727 21 10 25 193 1
322.550 89.237 46.727 22 10 25 193 1
0.128 134.307 28.119 23 10 25 458 1
42.565 126.495 350.477 24 10 25 55 1
0.128 134.307 28.119 25 10 25 458 1
210.798 88.623 37.614 26 10 25 600 4
210.798 88.623 37.614 27 10 25 600 4
210.798 88.623 37.614 28 10 25 600 4
210.798 88.623 37.614 29 10 25 600 4
158.517 121.049 110.507 30 10 25 524 2
298.728 87.950 332.841 1 11 25 619 4
298.728 87.950 332.841 2 11 25 619 4
298.728 87.950 332.841 3 11 25 619 4
298.728 87.950 332.841 4 11 25 619 4
298.728 87.950 332.841 5 11 25 619 4
147.710 45.410 96.118 6 11 25 348 1
34.085 133.093 8.633 7 11 25 467 1
34.085 133.093 8.633 8 11 25 467 1
336.726 138.290 213.871 9 11 25 621 4
336.726 138.290 213.871 10 11 25 621 4
336.726 138.290 213.871 11 11 25 621 4
142.706 133.649 159.422 12 11 25 243 1
142.706 133.649 159.422 13 11 25 243 1
336.726 138.290 213.871 14 11 25 621 4
340.941 86.589 341.092 15 11 25 556 2
340.941 86.589 341.092 16 11 25 556 2
340.941 86.589 341.092 17 11 25 556 2
340.941 86.589 341.092 18 11 25 556 2
20.700 145.390 215.577 19 11 25 598 3
20.700 145.390 215.577 20 11 25 598 3
20.700 145.390 215.577 21 11 25 598 3
9.312 72.440 340.586 22 11 25 282 1
9.312 72.440 340.586 23 11 25 282 1
288.917 142.551 243.628 24 11 25 254 1
288.917 142.551 243.628 25 11 25 254 1
20.700 145.390 215.577 26 11 25 598 3
210.798 88.623 37.614 27 11 25 600 4
210.798 88.623 37.614 28 11 25 600 4
210.798 88.623 37.614 29 11 25 600 4
210.798 88.623 37.614 30 11 25 600 4
298.728 87.950 332.841 1 12 25 619 4
298.728 87.950 332.841 2 12 25 619 4
298.728 87.950 332.841 3 12 25 619 4
298.728 87.950 332.841 4 12 25 619 4
147.710 45.410 96.118 5 12 25 348 1
147.710 45.410 96.118 6 12 25 348 1
34.085 133.093 8.633 7 12 25 467 1
34.085 133.093 8.633 8 12 25 467 1
336.726 138.290 213.871 9 12 25 621 4
281.759 99.994 286.590 10 12 25 563 2
336.726 138.290 213.871 11 12 25 621 4
142.706 133.649 159.422 12 12 25 243 1
142.706 133.649 159.422 13 12 25 243 1
336.726 138.290 213.871 14 12 25 621 4
135.242 64.907 289.109 15 12 25 647 1
135.242 64.907 289.109 16 12 25 647 1
135.242 64.907 289.109 17 12 25 647 1
135.242 64.907 289.109 18 12 25 647 1
20.700 145.390 215.577 19 12 25 598 3
20.700 145.390 215.577 20 12 25 598 3
20.700 145.390 215.577 21 12 25 598 3
9.312 72.440 340.586 22 12 25 282 1
9.312 72.440 340.586 23 12 25 282 1
9.312 72.440 340.586 24 12 25 282 1
9.312 72.440 340.586 25 12 25 282 1
331.790 115.255 167.152 26 12 25 623 1
210.798 88.623 37.614 27 12 25 600 4
210.798 88.623 37.614 28 12 25 600 4
210.798 88.623 37.614 29 12 25 600 4
210.798 88.623 37.614 30 12 25 600 4
298.728 87.950 332.841 1 13 25 619 4
298.728 87.950 332.841 2 13 25 619 4
298.728 87.950 332.841 3 13 25 619 4
216.467 64.108 150.363 4 13 25 586 2
216.467 64.108 150.363 5 13 25 586 2
147.710 45.410 96.118 6 13 25 348 1
34.085 133.093 8.633 7 13 25 467 1
34.085 133.093 8.633 8 13 25 467 1
336.726 138.290 213.871 9 13 25 621 4
336.726 138.290 213.871 10 13 25 621 4
336.726 138.290 213.871 11 13 25 621 4
142.706 133.649 159.422 12 13 25 243 1
142.706 133.649 159.422 13 13 25 243 1
142.706 133.649 159.422 14 13 25 243 1
135.242 64.907 289.109 15 13 25 647 1
135.242 64.907 289.109 16 13 25 647 1
135.242 64.907 289.109 17 13 25 647 1
135.242 64.907 289.109 18 13 25 647 1
20.700 145.390 215.577 19 13 25 598 3
20.700 145.390 215.577 20 13 25 598 3
20.700 145.390 215.577 21 13 25 598 3
20.700 145.390 215.577 22 13 25 598 3
315.841 111.144 23.803 23 13 25 297 1
20.700 145.390 215.577 24 13 25 598 3
20.700 145.390 215.577 25 13 25 598 3
238.062 74.728 138.389 26 13 25 293 1
210.798 88.623 37.614 27 13 25 600 4
210.798 88.623 37.614 28 13 25 600 4
210.798 88.623 37.614 29 13 25 600 4
210.798 88.623 37.614 30 13 25 600 4
298.728 87.950 332.841 1 14 25 619 4
298.728 87.950 332.841 2 14 25 619 4
298.728 87.950 332.841 3 14 25 619 4
146.170 60.213 313.798 4 14 25 633 1
146.170 60.213 313.798 5 14 25 633 1
166.681 96.454 66.400 6 14 25 90 1
34.085 133.093 8.633 7 14 25 467 1
34.085 133.093 8.633 8 14 25 467 1
336.726 138.290 213.871 9 14 25 621 4
336.726 138.290 213.871 10 14 25 621 4
67.344 141.855 238.502 11 14 25 526 2
142.706 133.649 159.422 12 14 25 243 1
67.344 141.855 238.502 13 14 25 526 2
67.344 141.855 238.502 14 14 25 526 2
67.344 141.855 238.502 15 14 25 526 2
135.242 64.907 289.109 16 14 25 647 1
135.242 64.907 289.109 17 14 25 647 1
20.700 145.390 215.577 18 14 25 598 3
20.700 145.390 215.577 19 14 25 598 3
20.700 145.390 215.577 20 14 25 598 3
20.700 145.390 215.577 21 14 25 598 3
20.700 145.390 215.577 22 14 25 598 3
315.841 111.144 23.803 23 14 25 297 1
20.700 145.390 215.577 24 14 25 598 3
240.238 71.369 21.179 25 14 25 599 3
240.238 71.369 21.179 26 14 25 599 3
82.146 112.427 285.578 27 14 25 433 1
82.146 112.427 285.578 28 14 25 433 1
210.798 88.623 37.614 29 14 25 600 4
210.798 88.623 37.614 30 14 25 600 4
146.874 149.391 184.045 1 15 25 612 4
146.874 149.391 184.045 2 15 25 612 4
146.874 149.391 184.045 3 15 25 612 4
146.874 149.391 184.045 4 15 25 612 4
146.874 149.391 184.045 5 15 25 612 4
67.344 141.855 238.502 6 15 25 526 2
67.344 141.855 238.502 7 15 25 526 2
67.344 141.855 238.502 8 15 25 526 2
67.344 141.855 238.502 9 15 25 526 2
67.344 141.855 238.502 10 15 25 526 2
67.344 141.855 238.502 11 15 25 526 2
67.344 141.855 238.502 12 15 25 526 2
67.344 141.855 238.502 13 15 25 526 2
67.344 141.855 238.502 14 15 25 526 2
67.344 141.855 238.502 15 15 25 526 2
67.344 141.855 238.502 16 15 25 526 2
20.700 145.390 215.577 17 15 25 598 3
20.700 145.390 215.577 18 15 25 598 3
20.700 145.390 215.577 19 15 25 598 3
20.700 145.390 215.577 20 15 25 598 3
20.700 145.390 215.577 21 15 25 598 3
20.700 145.390 215.577 22 15 25 598 3
240.238 71.369 21.179 23 15 25 599 3
240.238 71.369 21.179 24 15 25 599 3
240.238 71.369 21.179 25 15 25 599 3
240.238 71.369 21.179 26 15 25 599 3
240.238 71.369 21.179 27 15 25 599 3
240.238 71.369 21.179 28 15 25 599 3
72.525 41.383 156.172 29 15 25 595 2
72.525 41.383 156.172 30 15 25 595 2
146.874 149.391 184.045 1 16 25 612 4
146.874 149.391 184.045 2 16 25 612 4
146.874 149.391 184.045 3 16 25 612 4
146.874 149.391 184.045 4 16 25 612 4
67.344 141.855 238.502 5 16 25 526 2
67.344 141.855 238.502 6 16 25 526 2
67.344 141.855 238.502 7 16 25 526 2
67.344 141.855 238.502 8 16 25 526 2
67.344 141.855 238.502 9 16 25 526 2
67.344 141.855 238.502 10 16 25 526 2
67.344 141.855 238.502 11 16 25 526 2
67.344 141.855 238.502 12 16 25 526 2
67.344 141.855 238.502 13 16 25 526 2
67.344 141.855 238.502 14 16 25 526 2
67.344 141.855 238.502 15 16 25 526 2
67.344 141.855 238.502 16 16 25 526 2
20.700 145.390 215.577 17 16 25 598 3
20.700 145.390 215.577 18 16 25 598 3
20.700 145.390 215.577 19 16 25 598 3
240.238 71.369 21.179 20 16 25 599 3
284.706 154.889 314.202 21 16 25 64 1
240.238 71.369 21.179 22 16 25 599 3
240.238 71.369 21.179 23 16 25 599 3
240.238 71.369 21.179 24 16 25 599 3
240.238 71.369 21.179 25 16 25 599 3
240.238 71.369 21.179 26 16 25 599 3
240.238 71.369 21.179 27 16 25 599 3
240.238 71.369 21.179 28 16 25 599 3
72.525 41.383 156.172 29 16 25 595 2
72.525 41.383 156.172 30 16 25 595 2
146.874 149.391 184.045 1 17 25 612 4
146.874 149.391 184.045 2 17 25 612 4
146.874 149.391 184.045 3 17 25 612 4
67.344 141.855 238.502 4 17 25 526 2
67.344 141.855 238.502 5 17 25 526 2
67.344 141.855 238.502 6 17 25 526 2
67.344 141.855 238.502 7 17 25 526 2
67.344 141.855 238.502 8 17 25 526 2
67.344 141.855 238.502 9 17 25 526 2
67.344 141.855 238.502 10 17 25 526 2
67.344 141.855 238.502 11 17 25 526 2
67.344 141.855 238.502 12 17 25 526 2
67.344 141.855 238.502 13 17 25 526 2
67.344 141.855 238.502 14 17 25 526 2
67.344 141.855 238.502 15 17 25 526 2
240.238 71.369 21.179 16 17 25 599 3
240.238 71.369 21.179 17 17 25 599 3
240.238 71.369 21.179 18 17 25 599 3
240.238 71.369 21.179 19 17 25 599 3
240.238 71.369 21.179 20 17 25 599 3
240.238 71.369 21.179 21 17 25 599 3
240.238 71.369 21.179 22 17 25 599 3
240.238 71.369 21.179 23 17 25 599 3
240.238 71.369 21.179 24 17 25 599 3
240.238 71.369 21.179 25 17 25 599 3
240.238 71.369 21.179 26 17 25 599 3
240.238 71.369 21.179 27 17 25 599 3
240.238 71.369 21.179 28 17 25 599 3
240.238 71.369 21.179 29 17 25 599 3
240.238 71.369 21.179 30 17 25 599 3
146.874 149.391 184.045 1 18 25 612 4
146.874 149.391 184.045 2 18 25 612 4
146.874 149.391 184.045 3 18 25 612 4
67.344 141.855 238.502 4 18 25 526 2
67.344 141.855 238.502 5 18 25 526 2
67.344 141.855 238.502 6 18 25 526 2
67.344 141.855 238.502 7 18 25 526 2
67.344 141.855 238.502 8 18 25 526 2
67.344 141.855 238.502 9 18 25 526 2
67.344 141.855 238.502 10 18 25 526 2
67.344 141.855 238.502 11 18 25 526 2
67.344 141.855 238.502 12 18 25 526 2
67.344 141.855 238.502 13 18 25 526 2
67.344 141.855 238.502 14 18 25 526 2
240.238 71.369 21.179 15 18 25 599 3
240.238 71.369 21.179 16 18 25 599 3
240.238 71.369 21.179 17 18 25 599 3
240.238 71.369 21.179 18 18 25 599 3
240.238 71.369 21.179 19 18 25 599 3
240.238 71.369 21.179 20 18 25 599 3
240.238 71.369 21.179 21 18 25 599 3
240.238 71.369 21.179 22 18 25 599 3
240.238 71.369 21.179 23 18 25 599 3
240.238 71.369 21.179 24 18 25 599 3
240.238 71.369 21.179 25 18 25 599 3
240.238 71.369 21.179 26 18 25 599 3
240.238 71.369 21.179 27 18 25 599 3
240.238 71.369 21.179 28 18 25 599 3
240.238 71.369 21.179 29 18 25 599 3
240.238 71.369 21.179 30 18 25 599 3
146.874 149.391 184.045 1 19 25 612 4
146.874 149.391 184.045 2 19 25 612 4
146.874 149.391 184.045 3 19 25 612 4
67.344 141.855 238.502 4 19 25 526 2
67.344 141.855 238.502 5 19 25 526 2
67.344 141.855 238.502 6 19 25 526 2
67.344 141.855 238.502 7 19 25 526 2
67.344 141.855 238.502 8 19 25 526 2
67.344 141.855 238.502 9 19 25 526 2
67.344 141.855 238.502 10 19 25 526 2
67.344 141.855 238.502 11 19 25 526 2
67.344 141.855 238.502 12 19 25 526 2
67.344 141.855 238.502 13 19 25 526 2
36.375 146.174 209.873 14 19 25 616 4
240.238 71.369 21.179 15 19 25 599 3
240.238 71.369 21.179 16 19 25 599 3
240.238 71.369 21.179 17 19 25 599 3
240.238 71.369 21.179 18 19 25 599 3
240.238 71.369 21.179 19 19 25 599 3
240.238 71.369 21.179 20 19 25 599 3
240.238 71.369 21.179 21 19 25 599 3
240.238 71.369 21.179 22 19 25 599 3
240.238 71.369 21.179 23 19 25 599 3
240.238 71.369 21.179 24 19 25 599 3
240.238 71.369 21.179 25 19 25 599 3
240.238 71.369 21.179 26 19 25 599 3
240.238 71.369 21.179 27 19 25 599 3
240.238 71.369 21.179 28 19 25 599 3
240.238 71.369 21.179 29 19 25 599 3
240.238 71.369 21.179 30 19 25 599 3
146.874 149.391 184.045 1 20 25 612 4
146.874 149.391 184.045 2 20 25 612 4
146.874 149.391 184.045 3 20 25 612 4
146.874 149.391 184.045 4 20 25 612 4
67.344 141.855 238.502 5 20 25 526 2
67.344 141.855 238.502 6 20 25 526 2
67.344 141.855 238.502 7 20 25 526 2
67.344 141.855 238.502 8 20 25 526 2
67.344 141.855 238.502 9 20 25 526 2
67.344 141.855 238.502 10 20 25 526 2
67.344 141.855 238.502 11 20 25 526 2
36.375 146.174 209.873 12 20 25 616 4
36.375 146.174 209.873 13 20 25 616 4
240.238 71.369 21.179 14 20 25 599 3
240.238 71.369 21.179 15 20 25 599 3
240.238 71.369 21.179 16 20 25 599 3
240.238 71.369 21.179 17 20 25 599 3
240.238 71.369 21.179 18 20 25 599 3
240.238 71.369 21.179 19 20 25 599 3
240.238 71.369 21.179 20 20 25 599 3
240.238 71.369 21.179 21 20 25 599 3
240.238 71.369 21.179 22 20 25 599 3
240.238 71.369 21.179 23 20 25 599 3
240.238 71.369 21.179 24 20 25 599 3
240.238 71.369 21.179 25 20 25 599 3
240.238 71.369 21.179 26 20 25 599 3
240.238 71.369 21.179 27 20 25 599 3
240.238 71.369 21.179 28 20 25 599 3
240.238 71.369 21.179 29 20 25 599 3
240.238 71.369 21.179 30 20 25 599 3
146.874 149.391 184.045 1 21 25 612 4
146.874 149.391 184.045 2 21 25 612 4
146.874 149.391 184.045 3 21 25 612 4
63.652 23.425 208.416 4 21 25 604 4
63.652 23.425 208.416 5 21 25 604 4
63.652 23.425 208.416 6 21 25 604 4
63.652 23.425 208.416 7 21 25 604 4
63.652 23.425 208.416 8 21 25 604 4
63.652 23.425 208.416 9 21 25 604 4
63.652 23.425 208.416 10 21 25 604 4
63.652 23.425 208.416 11 21 25 604 4
63.652 23.425 208.416 12 21 25 604 4
36.375 146.174 209.873 13 21 25 616 4
240.238 71.369 21.179 14 21 25 599 3
240.238 71.369 21.179 15 21 25 599 3
240.238 71.369 21.179 16 21 25 599 3
240.238 71.369 21.179 17 21 25 599 3
240.238 71.369 21.179 18 21 25 599 3
240.238 71.369 21.179 19 21 25 599 3
240.238 71.369 21.179 20 21 25 599 3
240.238 71.369 21.179 21 21 25 599 3
240.238 71.369 21.179 22 21 25 599 3
240.238 71.369 21.179 23 21 25 599 3
240.238 71.369 21.179 24 21 25 599 3
240.238 71.369 21.179 25 21 25 599 3
240.238 71.369 21.179 26 21 25 599 3
240.238 71.369 21.179 27 21 25 599 3
240.238 71.369 21.179 28 21 25 599 3
240.238 71.369 21.179 29 21 25 599 3
240.238 71.369 21.179 30 21 25 599 3
146.874 149.391 184.045 1 22 25 612 4
63.652 23.425 208.416 2 22 25 604 4
63.652 23.425 208.416 3 22 25 604 4
63.652 23.425 208.416 4 22 25 604 4
63.652 23.425 208.416 5 22 25 604 4
63.652 23.425 208.416 6 22 25 604 4
63.652 23.425 208.416 7 22 25 604 4
63.652 23.425 208.416 8 22 25 604 4
63.652 23.425 208.416 9 22 25 604 4
63.652 23.425 208.416 10 22 25 604 4
63.652 23.425 208.416 11 22 25 604 4
63.652 23.425 208.416 12 22 25 604 4
63.652 23.425 208.416 13 22 25 604 4
240.238 71.369 21.179 14 22 25 599 3
240.238 71.369 21.179 15 22 25 599 3
287.227 86.039 230.801 16 22 25 424 1
240.238 71.369 21.179 17 22 25 599 3
240.238 71.369 21.179 18 22 25 599 3
240.238 71.369 21.179 19 22 25 599 3
240.238 71.369 21.179 20 22 25 599 3
240.238 71.369 21.179 21 22 25 599 3
240.238 71.369 21.179 22 22 25 599 3
240.238 71.369 21.179 23 22 25 599 3
240.238 71.369 21.179 24 22 25 599 3
240.238 71.369 21.179 25 22 25 599 3
240.238 71.369 21.179 26 22 25 599 3
240.238 71.369 21.179 27 22 25 599 3
240.238 71.369 21.179 28 22 25 599 3
240.238 71.369 21.179 29 22 25 599 3
240.238 71.369 21.179 30 22 25 599 3
63.652 23.425 208.416 1 23 25 604 4
63.652 23.425 208.416 2 23 25 604 4
63.652 23.425 208.416 3 23 25 604 4
63.652 23.425 208.416 4 23 25 604 4
63.652 23.425 208.416 5 23 25 604 4
63.652 23.425 208.416 6 23 25 604 4
63.652 23.425 208.416 7 23 25 604 4
63.652 23.425 208.416 8 23 25 604 4
63.652 23.425 208.416 9 23 25 604 4
63.652 23.425 208.416 10 23 25 604 4
63.652 23.425 208.416 11 23 25 604 4
63.652 23.425 208.416 12 23 25 604 4
63.652 23.425 208.416 13 23 25 604 4
240.238 71.369 21.179 14 23 25 599 3
240.238 71.369 21.179 15 23 25 599 3
240.238 71.369 21.179 16 23 25 599 3
240.238 71.369 21.179 17 23 25 599 3
240.238 71.369 21.179 18 23 25 599 3
240.238 71.369 21.179 19 23 25 599 3
240.238 71.369 21.179 20 23 25 599 3
240.238 71.369 21.179 21 23 25 599 3
240.238 71.369 21.179 22 23 25 599 3
240.238 71.369 21.179 23 23 25 599 3
240.238 71.369 21.179 24 23 25 599 3
240.238 71.369 21.179 25 23 25 599 3
240.238 71.369 21.179 26 23 25 599 3
240.238 71.369 21.179 27 23 25 599 3
240.238 71.369 21.179 28 23 25 599 3
240.238 71.369 21.179 29 23 25 599 3
240.238 71.369 21.179 30 23 25 599 3
63.652 23.425 208.416 1 24 25 604 4
63.652 23.425 208.416 2 24 25 604 4
63.652 23.425 208.416 3 24 25 604 4
63.652 23.425 208.416 4 24 25 604 4
63.652 23.425 208.416 5 24 25 604 4
63.652 23.425 208.416 6 24 25 604 4
63.652 23.425 208.416 7 24 25 604 4
63.652 23.425 208.416 8 24 25 604 4
63.652 23.425 208.416 9 24 25 604 4
63.652 23.425 208.416 10 24 25 604 4
63.652 23.425 208.416 11 24 25 604 4
116.347 101.818 105.316 12 24 25 477 1
63.652 23.425 208.416 13 24 25 604 4
63.652 23.425 208.416 14 24 25 604 4
240.238 71.369 21.179 15 24 25 599 3
240.238 71.369 21.179 16 24 25 599 3
240.238 71.369 21.179 17 24 25 599 3
240.238 71.369 21.179 18 24 25 599 3
240.238 71.369 21.179 19 24 25 599 3
240.238 71.369 21.179 20 24 25 599 3
240.238 71.369 21.179 21 24 25 599 3
240.238 71.369 21.179 22 24 25 599 3
240.238 71.369 21.179 23 24 25 599 3
240.238 71.369 21.179 24 24 25 599 3
240.238 71.369 21.179 25 24 25 599 3
240.238 71.369 21.179 26 24 25 599 3
240.238 71.369 21.179 27 24 25 599 3
240.238 71.369 21.179 28 24 25 599 3
240.238 71.369 21.179 29 24 25 599 3
240.238 71.369 21.179 30 24 25 599 3
63.652 23.425 208.416 1 25 25 604 4
63.652 23.425 208.416 2 25 25 604 4
63.652 23.425 208.416 3 25 25 604 4
63.652 23.425 208.416 4 25 25 604 4
63.652 23.425 208.416 5 25 25 604 4
200.295 85.124 19.216 6 25 25 74 1
63.652 23.425 208.416 7 25 25 604 4
63.652 23.425 208.416 8 25 25 604 4
63.652 23.425 208.416 9 25 25 604 4
63.652 23.425 208.416 10 25 25 604 4
63.652 23.425 208.416 11 25 25 604 4
63.652 23.425 208.416 12 25 25 604 4
63.652 23.425 208.416 13 25 25 604 4
63.652 23.425 208.416 14 25 25 604 4
240.238 71.369 21.179 15 25 25 599 3
240.238 71.369 21.179 16 25 25 599 3
240.238 71.369 21.179 17 25 25 599 3
240.238 71.369 21.179 18 25 25 599 3
240.238 71.369 21.179 19 25 25 599 3
240.238 71.369 21.179 20 25 25 599 3
240.238 71.369 21.179 21 25 25 599 3
240.238 71.369 21.179 22 25 25 599 3
240.238 71.369 21.179 23 25 25 599 3
240.238 71.369 21.179 24 25 25 599 3
240.238 71.369 21.179 25 25 25 599 3
240.238 71.369 21.179 26 25 25 599 3
240.238 71.369 21.179 27 25 25 599 3
240.238 71.369 21.179 28 25 25 599 3
240.238 71.369 21.179 29 25 25 599 3
240.238 71.369 21.179 30 25 25 599 3
63.652 23.425 208.416 1 26 25 604 4
63.652 23.425 208.416 2 26 25 604 4
63.652 23.425 208.416 3 26 25 604 4
63.652 23.425 208.416 4 26 25 604 4
63.652 23.425 208.416 5 26 25 604 4
63.652 23.425 208.416 6 26 25 604 4
63.652 23.425 208.416 7 26 25 604 4
63.652 23.425 208.416 8 26 25 604 4
63.652 23.425 208.416 9 26 25 604 4
63.652 23.425 208.416 10 26 25 604 4
63.652 23.425 208.416 11 26 25 604 4
63.652 23.425 208.416 12 26 25 604 4
63.652 23.425 208.416 13 26 25 604 4
63.652 23.425 208.416 14 26 25 604 4
111.778 129.143 36.818 15 26 25 682 4
111.778 129.143 36.818 16 26 25 682 4
111.778 129.143 36.818 17 26 25 682 4
111.778 129.143 36.818 18 26 25 682 4
240.238 71.369 21.179 19 26 25 599 3
240.238 71.369 21.179 20 26 25 599 3
240.238 71.369 21.179 21 26 25 599 3
240.238 71.369 21.179 22 26 25 599 3
240.238 71.369 21.179 23 26 25 599 3
240.238 71.369 21.179 24 26 25 599 3
240.238 71.369 21.179 25 26 25 599 3
240.238 71.369 21.179 26 26 25 599 3
240.238 71.369 21.179 27 26 25 599 3
240.238 71.369 21.179 28 26 25 599 3
240.238 71.369 21.179 29 26 25 599 3
240.238 71.369 21.179 30 26 25 599 3
63.652 23.425 208.416 1 27 25 604 4
63.652 23.425 208.416 2 27 25 604 4
63.652 23.425 208.416 3 27 25 604 4
63.652 23.425 208.416 4 27 25 604 4
63.652 23.425 208.416 5 27 25 604 4
63.652 23.425 208.416 6 27 25 604 4
63.652 23.425 208.416 7 27 25 604 4
63.652 23.425 208.416 8 27 25 604 4
63.652 23.425 208.416 9 27 25 604 4
63.652 23.425 208.416 10 27 25 604 4
63.652 23.425 208.416 11 27 25 604 4
63.652 23.425 208.416 12 27 25 604 4
63.652 23.425 208.416 13 27 25 604 4
63.652 23.425 208.416 14 27 25 604 4
111.778 129.143 36.818 15 27 25 682 4
111.778 129.143 36.818 16 27 25 682 4
111.778 129.143 36.818 17 27 25 682 4
111.778 129.143 36.818 18 27 25 682 4
111.778 129.143 36.818 19 27 25 682 4
111.778 129.143 36.818 20 27 25 682 4
240.238 71.369 21.179 21 27 25 599 3
240.238 71.369 21.179 22 27 25 599 3
240.238 71.369 21.179 23 27 25 599 3
240.238 71.369 21.179 24 27 25 599 3
240.238 71.369 21.179 25 27 25 599 3
240.238 71.369 21.179 26 27 25 599 3
240.238 71.369 21.179 27 27 25 599 3
173.932 158.372 39.161 28 27 25 540 2
296.703 56.726 285.016 29 27 25 62 1
296.703 56.726 285.016 30 27 25 62 1
63.652 23.425 208.416 1 28 25 604 4
63.652 23.425 208.416 2 28 25 604 4
63.652 23.425 208.416 3 28 25 604 4
63.652 23.425 208.416 4 28 25 604 4
63.652 23.425 208.416 5 28 25 604 4
63.652 23.425 208.416 6 28 25 604 4
63.652 23.425 208.416 7 28 25 604 4
63.652 23.425 208.416 8 28 25 604 4
63.652 23.425 208.416 9 28 25 604 4
63.652 23.425 208.416 10 28 25 604 4
63.652 23.425 208.416 11 28 25 604 4
63.652 23.425 208.416 12 28 25 604 4
63.652 23.425 208.416 13 28 25 604 4
111.778 129.143 36.818 14 28 25 682 4
127.788 33.044 132.508 15 28 25 156 1
127.788 33.044 132.508 16 28 25 156 1
111.778 129.143 36.818 17 28 25 682 4
111.778 129.143 36.818 18 28 25 682 4
111.778 129.143 36.818 19 28 25 682 4
111.778 129.143 36.818 20 28 25 682 4
111.778 129.143 36.818 21 28 25 682 4
240.238 71.369 21.179 22 28 25 599 3
240.238 71.369 21.179 23 28 25 599 3
235.809 60.983 296.335 24 28 25 491 2
235.809 60.983 296.335 25 28 25 491 2
235.809 60.983 296.335 26 28 25 491 2
123.604 114.960 108.039 27 28 25 339 1
173.932 158.372 39.161 28 28 25 540 2
296.703 56.726 285.016 29 28 25 62 1
296.703 56.726 285.016 30 28 25 62 1
63.652 23.425 208.416 1 29 25 604 4
63.652 23.425 208.416 2 29 25 604 4
63.652 23.425 208.416 3 29 25 604 4
63.652 23.425 208.416 4 29 25 604 4
63.652 23.425 208.416 5 29 25 604 4
63.652 23.425 208.416 6 29 25 604 4
63.652 23.425 208.416 7 29 25 604 4
63.652 23.425 208.416 8 29 25 604 4
63.652 23.425 208.416 9 29 25 604 4
63.652 23.425 208.416 10 29 25 604 4
63.652 23.425 208.416 11 29 25 604 4
63.652 23.425 208.416 12 29 25 604 4
111.778 129.143 36.818 13 29 25 682 4
111.778 129.143 36.818 14 29 25 682 4
111.778 129.143 36.818 15 29 25 682 4
111.778 129.143 36.818 16 29 25 682 4
111.778 129.143 36.818 17 29 25 682 4
111.778 129.143 36.818 18 29 25 682 4
111.778 129.143 36.818 19 29 25 682 4
111.778 129.143 36.818 20 29 25 682 4
111.778 129.143 36.818 21 29 25 682 4
235.809 60.983 296.335 22 29 25 491 2
235.809 60.983 296.335 23 29 25 491 2
235.809 60.983 296.335 24 29 25 491 2
235.809 60.983 296.335 25 29 25 491 2
235.809 60.983 296.335 26 29 25 491 2
51.553 64.020 37.694 27 29 25 503 2
173.932 158.372 39.161 28 29 25 540 2
173.932 158.372 39.161 29 29 25 540 2
296.703 56.726 285.016 30 29 25 62 1
63.652 23.425 208.416 1 30 25 604 4
63.652 23.425 208.416 2 30 25 604 4
63.652 23.425 208.416 3 30 25 604 4
63.652 23.425 208.416 4 30 25 604 4
63.652 23.425 208.416 5 30 25 604 4
63.652 23.425 208.416 6 30 25 604 4
63.652 23.425 208.416 7 30 25 604 4
63.652 23.425 208.416 8 30 25 604 4
63.652 23.425 208.416 9 30 25 604 4
63.652 23.425 208.416 10 30 25 604 4
20.635 76.522 324.011 11 30 25 559 2
63.652 23.425 208.416 12 30 25 604 4
111.778 129.143 36.818 13 30 25 682 4
111.778 129.143 36.818 14 30 25 682 4
111.778 129.143 36.818 15 30 25 682 4
111.778 129.143 36.818 16 30 25 682 4
111.778 129.143 36.818 17 30 25 682 4
111.778 129.143 36.818 18 30 25 682 4
111.778 129.143 36.818 19 30 25 682 4
111.778 129.143 36.818 20 30 25 682 4
111.778 129.143 36.818 21 30 25 682 4
210.660 33.567 191.415 22 30 25 552 2
210.660 33.567 191.415 23 30 25 552 2
210.660 33.567 191.415 24 30 25 552 2
235.809 60.983 296.335 25 30 25 491 2
51.553 64.020 37.694 26 30 25 503 2
51.553 64.020 37.694 27 30 25 503 2
51.553 64.020 37.694 28 30 25 503 2
51.553 64.020 37.694 29 30 25 503 2
296.703 56.726 285.016 30 30 25 62 1
