167.759 51.188 6.582 1 1 16 557 2
167.759 51.188 6.582 2 1 16 557 2
167.759 51.188 6.582 3 1 16 557 2
225.858 123.051 117.847 4 1 16 18 1
169.168 113.403 289.277 5 1 16 683 4
260.646 129.414 357.132 6 1 16 536 2
260.646 129.414 357.132 7 1 16 536 2
260.646 129.414 357.132 8 1 16 536 2
260.646 129.414 357.132 9 1 16 536 2
260.646 129.414 357.132 10 1 16 536 2
260.646 129.414 357.132 11 1 16 536 2
260.646 129.414 357.132 12 1 16 536 2
260.646 129.414 357.132 13 1 16 536 2
67.777 122.962 306.196 14 1 16 562 2
122.206 158.470 347.363 15 1 16 601 4
122.206 158.470 347.363 16 1 16 601 4
122.206 158.470 347.363 17 1 16 601 4
22.591 56.941 215.933 18 1 16 646 1
127.078 70.929 356.467 19 1 16 472 1
152.087 34.567 215.997 20 1 16 597 3
152.087 34.567 215.997 21 1 16 597 3
152.087 34.567 215.997 22 1 16 597 3
152.087 34.567 215.997 23 1 16 597 3
152.087 34.567 215.997 24 1 16 597 3
152.087 34.567 215.997 25 1 16 597 3
152.087 34.567 215.997 26 1 16 597 3
152.087 34.567 215.997 27 1 16 597 3
152.087 34.567 215.997 28 1 16 597 3
19.754 30.859 243.155 29 1 16 366 1
19.754 30.859 243.155 30 1 16 366 1
305.226 61.512 221.766 1 2 16 109 1
169.168 113.403 289.277 2 2 16 683 4
169.168 113.403 289.277 3 2 16 683 4
225.858 123.051 117.847 4 2 16 18 1
169.168 113.403 289.277 5 2 16 683 4
169.168 113.403 289.277 6 2 16 683 4
260.646 129.414 357.132 7 2 16 536 2
260.646 129.414 357.132 8 2 16 536 2
260.646 129.414 357.132 9 2 16 536 2
260.646 129.414 357.132 10 2 16 536 2
260.646 129.414 357.132 11 2 16 536 2
260.646 129.414 357.132 12 2 16 536 2
67.777 122.962 306.196 13 2 16 562 2
67.777 122.962 306.196 14 2 16 562 2
67.777 122.962 306.196 15 2 16 562 2
122.206 158.470 347.363 16 2 16 601 4
53.308 41.477 151.152 17 2 16 468 1
22.591 56.941 215.933 18 2 16 646 1
22.591 56.941 215.933 19 2 16 646 1
127.078 70.929 356.467 20 2 16 472 1
152.087 34.567 215.997 21 2 16 597 3
152.087 34.567 215.997 22 2 16 597 3
152.087 34.567 215.997 23 2 16 597 3
152.087 34.567 215.997 24 2 16 597 3
152.087 34.567 215.997 25 2 16 597 3
152.087 34.567 215.997 26 2 16 597 3
152.087 34.567 215.997 27 2 16 597 3
152.087 34.567 215.997 28 2 16 597 3
152.087 34.567 215.997 29 2 16 597 3
152.087 34.567 215.997 30 2 16 597 3
305.226 61.512 221.766 1 3 16 109 1
169.168 113.403 289.277 2 3 16 683 4
169.168 113.403 289.277 3 3 16 683 4
169.168 113.403 289.277 4 3 16 683 4
169.168 113.403 289.277 5 3 16 683 4
169.168 113.403 289.277 6 3 16 683 4
169.168 113.403 289.277 7 3 16 683 4
169.168 113.403 289.277 8 3 16 683 4
260.646 129.414 357.132 9 3 16 536 2
260.646 129.414 357.132 10 3 16 536 2
260.646 129.414 357.132 11 3 16 536 2
260.646 129.414 357.132 12 3 16 536 2
260.646 129.414 357.132 13 3 16 536 2
336.726 138.290 213.871 14 3 16 621 4
336.726 138.290 213.871 15 3 16 621 4
336.726 138.290 213.871 16 3 16 621 4
336.726 138.290 213.871 17 3 16 621 4
22.591 56.941 215.933 18 3 16 646 1
11.898 135.995 241.679 19 3 16 613 4
127.078 70.929 356.467 20 3 16 472 1
127.078 70.929 356.467 21 3 16 472 1
152.087 34.567 215.997 22 3 16 597 3
152.087 34.567 215.997 23 3 16 597 3
152.087 34.567 215.997 24 3 16 597 3
152.087 34.567 215.997 25 3 16 597 3
152.087 34.567 215.997 26 3 16 597 3
151.973 42.110 202.728 27 3 16 251 1
152.087 34.567 215.997 28 3 16 597 3
152.087 34.567 215.997 29 3 16 597 3
152.087 34.567 215.997 30 3 16 597 3
169.168 113.403 289.277 1 4 16 683 4
169.168 113.403 289.277 2 4 16 683 4
169.168 113.403 289.277 3 4 16 683 4
199.352 14.420 47.701 4 4 16 336 1
169.168 113.403 289.277 5 4 16 683 4
169.168 113.403 289.277 6 4 16 683 4
169.168 113.403 289.277 7 4 16 683 4
169.168 113.403 289.277 8 4 16 683 4
169.168 113.403 289.277 9 4 16 683 4
260.646 129.414 357.132 10 4 16 536 2
260.646 129.414 357.132 11 4 16 536 2
260.646 129.414 357.132 12 4 16 536 2
336.726 138.290 213.871 13 4 16 621 4
336.726 138.290 213.871 14 4 16 621 4
336.726 138.290 213.871 15 4 16 621 4
336.726 138.290 213.871 16 4 16 621 4
336.726 138.290 213.871 17 4 16 621 4
336.726 138.290 213.871 18 4 16 621 4
11.898 135.995 241.679 19 4 16 613 4
11.898 135.995 241.679 20 4 16 613 4
47.111 101.823 197.020 21 4 16 583 2
152.087 34.567 215.997 22 4 16 597 3
152.087 34.567 215.997 23 4 16 597 3
152.087 34.567 215.997 24 4 16 597 3
152.087 34.567 215.997 25 4 16 597 3
152.087 34.567 215.997 26 4 16 597 3
152.087 34.567 215.997 27 4 16 597 3
152.087 34.567 215.997 28 4 16 597 3
152.087 34.567 215.997 29 4 16 597 3
152.087 34.567 215.997 30 4 16 597 3
169.168 113.403 289.277 1 5 16 683 4
169.168 113.403 289.277 2 5 16 683 4
169.168 113.403 289.277 3 5 16 683 4
169.168 113.403 289.277 4 5 16 683 4
169.168 113.403 289.277 5 5 16 683 4
169.168 113.403 289.277 6 5 16 683 4
169.168 113.403 289.277 7 5 16 683 4
169.168 113.403 289.277 8 5 16 683 4
169.168 113.403 289.277 9 5 16 683 4
336.726 138.290 213.871 10 5 16 621 4
336.726 138.290 213.871 11 5 16 621 4
336.726 138.290 213.871 12 5 16 621 4
336.726 138.290 213.871 13 5 16 621 4
336.726 138.290 213.871 14 5 16 621 4
336.726 138.290 213.871 15 5 16 621 4
336.726 138.290 213.871 16 5 16 621 4
336.726 138.290 213.871 17 5 16 621 4
336.726 138.290 213.871 18 5 16 621 4
336.726 138.290 213.871 19 5 16 621 4
336.726 138.290 213.871 20 5 16 621 4
47.111 101.823 197.020 21 5 16 583 2
152.087 34.567 215.997 22 5 16 597 3
152.087 34.567 215.997 23 5 16 597 3
152.087 34.567 215.997 24 5 16 597 3
152.087 34.567 215.997 25 5 16 597 3
152.087 34.567 215.997 26 5 16 597 3
152.087 34.567 215.997 27 5 16 597 3
152.087 34.567 215.997 28 5 16 597 3
152.087 34.567 215.997 29 5 16 597 3
152.087 34.567 215.997 30 5 16 597 3
169.168 113.403 289.277 1 6 16 683 4
169.168 113.403 289.277 2 6 16 683 4
169.168 113.403 289.277 3 6 16 683 4
299.162 80.405 126.803 4 6 16 225 1
169.168 113.403 289.277 5 6 16 683 4
136.958 115.663 251.998 6 6 16 330 1
169.168 113.403 289.277 7 6 16 683 4
169.168 113.403 289.277 8 6 16 683 4
336.726 138.290 213.871 9 6 16 621 4
336.726 138.290 213.871 10 6 16 621 4
336.726 138.290 213.871 11 6 16 621 4
336.726 138.290 213.871 12 6 16 621 4
336.726 138.290 213.871 13 6 16 621 4
336.726 138.290 213.871 14 6 16 621 4
336.726 138.290 213.871 15 6 16 621 4
336.726 138.290 213.871 16 6 16 621 4
336.726 138.290 213.871 17 6 16 621 4
89.881 44.905 317.870 18 6 16 643 1
336.726 138.290 213.871 19 6 16 621 4
138.740 139.727 115.650 20 6 16 657 1
138.740 139.727 115.650 21 6 16 657 1
236.999 78.181 25.678 22 6 16 541 2
152.087 34.567 215.997 23 6 16 597 3
152.087 34.567 215.997 24 6 16 597 3
152.087 34.567 215.997 25 6 16 597 3
152.087 34.567 215.997 26 6 16 597 3
152.087 34.567 215.997 27 6 16 597 3
152.087 34.567 215.997 28 6 16 597 3
152.087 34.567 215.997 29 6 16 597 3
152.087 34.567 215.997 30 6 16 597 3
169.168 113.403 289.277 1 7 16 683 4
169.168 113.403 289.277 2 7 16 683 4
169.168 113.403 289.277 3 7 16 683 4
169.168 113.403 289.277 4 7 16 683 4
96.426 136.407 69.578 5 7 16 380 1
169.168 113.403 289.277 6 7 16 683 4
169.168 113.403 289.277 7 7 16 683 4
336.726 138.290 213.871 8 7 16 621 4
336.726 138.290 213.871 9 7 16 621 4
336.726 138.290 213.871 10 7 16 621 4
336.726 138.290 213.871 11 7 16 621 4
336.726 138.290 213.871 12 7 16 621 4
336.726 138.290 213.871 13 7 16 621 4
336.726 138.290 213.871 14 7 16 621 4
336.726 138.290 213.871 15 7 16 621 4
336.726 138.290 213.871 16 7 16 621 4
336.726 138.290 213.871 17 7 16 621 4
336.726 138.290 213.871 18 7 16 621 4
336.726 138.290 213.871 19 7 16 621 4
138.740 139.727 115.650 20 7 16 657 1
138.740 139.727 115.650 21 7 16 657 1
138.740 139.727 115.650 22 7 16 657 1
138.740 139.727 115.650 23 7 16 657 1
152.087 34.567 215.997 24 7 16 597 3
152.087 34.567 215.997 25 7 16 597 3
152.087 34.567 215.997 26 7 16 597 3
152.087 34.567 215.997 27 7 16 597 3
152.087 34.567 215.997 28 7 16 597 3
152.087 34.567 215.997 29 7 16 597 3
152.087 34.567 215.997 30 7 16 597 3
146.874 149.391 184.045 1 8 16 612 4
146.874 149.391 184.045 2 8 16 612 4
146.874 149.391 184.045 3 8 16 612 4
240.370 66.611 140.469 4 8 16 572 2
169.168 113.403 289.277 5 8 16 683 4
169.168 113.403 289.277 6 8 16 683 4
336.726 138.290 213.871 7 8 16 621 4
336.726 138.290 213.871 8 8 16 621 4
336.726 138.290 213.871 9 8 16 621 4
336.726 138.290 213.871 10 8 16 621 4
336.726 138.290 213.871 11 8 16 621 4
336.726 138.290 213.871 12 8 16 621 4
336.726 138.290 213.871 13 8 16 621 4
336.726 138.290 213.871 14 8 16 621 4
336.726 138.290 213.871 15 8 16 621 4
189.495 26.484 319.444 16 8 16 87 1
336.726 138.290 213.871 17 8 16 621 4
336.726 138.290 213.871 18 8 16 621 4
336.726 138.290 213.871 19 8 16 621 4
138.740 139.727 115.650 20 8 16 657 1
138.740 139.727 115.650 21 8 16 657 1
138.740 139.727 115.650 22 8 16 657 1
138.740 139.727 115.650 23 8 16 657 1
240.238 71.369 21.179 24 8 16 599 3
152.087 34.567 215.997 25 8 16 597 3
152.087 34.567 215.997 26 8 16 597 3
152.087 34.567 215.997 27 8 16 597 3
152.087 34.567 215.997 28 8 16 597 3
152.087 34.567 215.997 29 8 16 597 3
152.087 34.567 215.997 30 8 16 597 3
146.874 149.391 184.045 1 9 16 612 4
146.874 149.391 184.045 2 9 16 612 4
146.874 149.391 184.045 3 9 16 612 4
146.874 149.391 184.045 4 9 16 612 4
146.874 149.391 184.045 5 9 16 612 4
146.874 149.391 184.045 6 9 16 612 4
146.874 149.391 184.045 7 9 16 612 4
336.726 138.290 213.871 8 9 16 621 4
336.726 138.290 213.871 9 9 16 621 4
336.726 138.290 213.871 10 9 16 621 4
336.726 138.290 213.871 11 9 16 621 4
336.726 138.290 213.871 12 9 16 621 4
336.726 138.290 213.871 13 9 16 621 4
336.726 138.290 213.871 14 9 16 621 4
336.726 138.290 213.871 15 9 16 621 4
189.495 26.484 319.444 16 9 16 87 1
336.726 138.290 213.871 17 9 16 621 4
336.726 138.290 213.871 18 9 16 621 4
336.726 138.290 213.871 19 9 16 621 4
138.740 139.727 115.650 20 9 16 657 1
138.740 139.727 115.650 21 9 16 657 1
240.238 71.369 21.179 22 9 16 599 3
240.238 71.369 21.179 23 9 16 599 3
240.238 71.369 21.179 24 9 16 599 3
240.238 71.369 21.179 25 9 16 599 3
240.238 71.369 21.179 26 9 16 599 3
240.238 71.369 21.179 27 9 16 599 3
152.087 34.567 215.997 28 9 16 597 3
152.087 34.567 215.997 29 9 16 597 3
152.087 34.567 215.997 30 9 16 597 3
146.874 149.391 184.045 1 10 16 612 4
146.874 149.391 184.045 2 10 16 612 4
146.874 149.391 184.045 3 10 16 612 4
146.874 149.391 184.045 4 10 16 612 4
146.874 149.391 184.045 5 10 16 612 4
146.874 149.391 184.045 6 10 16 612 4
146.874 149.391 184.045 7 10 16 612 4
336.726 138.290 213.871 8 10 16 621 4
336.726 138.290 213.871 9 10 16 621 4
336.726 138.290 213.871 10 10 16 621 4
336.726 138.290 213.871 11 10 16 621 4
336.726 138.290 213.871 12 10 16 621 4
336.726 138.290 213.871 13 10 16 621 4
336.726 138.290 213.871 14 10 16 621 4
336.726 138.290 213.871 15 10 16 621 4
336.726 138.290 213.871 16 10 16 621 4
336.726 138.290 213.871 17 10 16 621 4
240.238 71.369 21.179 18 10 16 599 3
240.238 71.369 21.179 19 10 16 599 3
240.238 71.369 21.179 20 10 16 599 3
92.426 102.862 302.898 21 10 16 580 2
240.238 71.369 21.179 22 10 16 599 3
240.238 71.369 21.179 23 10 16 599 3
240.238 71.369 21.179 24 10 16 599 3
240.238 71.369 21.179 25 10 16 599 3
240.238 71.369 21.179 26 10 16 599 3
240.238 71.369 21.179 27 10 16 599 3
240.238 71.369 21.179 28 10 16 599 3
240.238 71.369 21.179 29 10 16 599 3
240.238 71.369 21.179 30 10 16 599 3
146.874 149.391 184.045 1 11 16 612 4
146.874 149.391 184.045 2 11 16 612 4
146.874 149.391 184.045 3 11 16 612 4
146.874 149.391 184.045 4 11 16 612 4
146.874 149.391 184.045 5 11 16 612 4
146.874 149.391 184.045 6 11 16 612 4
146.874 149.391 184.045 7 11 16 612 4
146.874 149.391 184.045 8 11 16 612 4
336.726 138.290 213.871 9 11 16 621 4
336.726 138.290 213.871 10 11 16 621 4
336.726 138.290 213.871 11 11 16 621 4
336.726 138.290 213.871 12 11 16 621 4
336.726 138.290 213.871 13 11 16 621 4
336.726 138.290 213.871 14 11 16 621 4
336.726 138.290 213.871 15 11 16 621 4
336.726 138.290 213.871 16 11 16 621 4
240.238 71.369 21.179 17 11 16 599 3
240.238 71.369 21.179 18 11 16 599 3
240.238 71.369 21.179 19 11 16 599 3
240.238 71.369 21.179 20 11 16 599 3
92.426 102.862 302.898 21 11 16 580 2
240.238 71.369 21.179 22 11 16 599 3
240.238 71.369 21.179 23 11 16 599 3
240.238 71.369 21.179 24 11 16 599 3
240.238 71.369 21.179 25 11 16 599 3
240.238 71.369 21.179 26 11 16 599 3
240.238 71.369 21.179 27 11 16 599 3
240.238 71.369 21.179 28 11 16 599 3
240.238 71.369 21.179 29 11 16 599 3
240.238 71.369 21.179 30 11 16 599 3
146.874 149.391 184.045 1 12 16 612 4
146.874 149.391 184.045 2 12 16 612 4
146.874 149.391 184.045 3 12 16 612 4
146.874 149.391 184.045 4 12 16 612 4
146.874 149.391 184.045 5 12 16 612 4
146.874 149.391 184.045 6 12 16 612 4
146.874 149.391 184.045 7 12 16 612 4
146.874 149.391 184.045 8 12 16 612 4
336.726 138.290 213.871 9 12 16 621 4
336.726 138.290 213.871 10 12 16 621 4
336.726 138.290 213.871 11 12 16 621 4
158.577 169.959 315.988 12 12 16 495 2
336.726 138.290 213.871 13 12 16 621 4
336.726 138.290 213.871 14 12 16 621 4
240.238 71.369 21.179 15 12 16 599 3
240.238 71.369 21.179 16 12 16 599 3
240.238 71.369 21.179 17 12 16 599 3
240.238 71.369 21.179 18 12 16 599 3
240.238 71.369 21.179 19 12 16 599 3
240.238 71.369 21.179 20 12 16 599 3
240.238 71.369 21.179 21 12 16 599 3
240.238 71.369 21.179 22 12 16 599 3
240.238 71.369 21.179 23 12 16 599 3
240.238 71.369 21.179 24 12 16 599 3
240.238 71.369 21.179 25 12 16 599 3
240.238 71.369 21.179 26 12 16 599 3
240.238 71.369 21.179 27 12 16 599 3
240.238 71.369 21.179 28 12 16 599 3
240.238 71.369 21.179 29 12 16 599 3
240.238 71.369 21.179 30 12 16 599 3
146.874 149.391 184.045 1 13 16 612 4
146.874 149.391 184.045 2 13 16 612 4
146.874 149.391 184.045 3 13 16 612 4
146.874 149.391 184.045 4 13 16 612 4
146.874 149.391 184.045 5 13 16 612 4
146.874 149.391 184.045 6 13 16 612 4
146.874 149.391 184.045 7 13 16 612 4
146.874 149.391 184.045 8 13 16 612 4
336.726 138.290 213.871 9 13 16 621 4
336.726 138.290 213.871 10 13 16 621 4
336.726 138.290 213.871 11 13 16 621 4
240.238 71.369 21.179 12 13 16 599 3
240.238 71.369 21.179 13 13 16 599 3
240.238 71.369 21.179 14 13 16 599 3
240.238 71.369 21.179 15 13 16 599 3
240.238 71.369 21.179 16 13 16 599 3
240.238 71.369 21.179 17 13 16 599 3
240.238 71.369 21.179 18 13 16 599 3
240.238 71.369 21.179 19 13 16 599 3
240.238 71.369 21.179 20 13 16 599 3
240.238 71.369 21.179 21 13 16 599 3
240.238 71.369 21.179 22 13 16 599 3
240.238 71.369 21.179 23 13 16 599 3
240.238 71.369 21.179 24 13 16 599 3
240.238 71.369 21.179 25 13 16 599 3
240.238 71.369 21.179 26 13 16 599 3
240.238 71.369 21.179 27 13 16 599 3
240.238 71.369 21.179 28 13 16 599 3
240.238 71.369 21.179 29 13 16 599 3
240.238 71.369 21.179 30 13 16 599 3
146.874 149.391 184.045 1 14 16 612 4
146.874 149.391 184.045 2 14 16 612 4
146.874 149.391 184.045 3 14 16 612 4
146.874 149.391 184.045 4 14 16 612 4
146.874 149.391 184.045 5 14 16 612 4
146.874 149.391 184.045 6 14 16 612 4
146.874 149.391 184.045 7 14 16 612 4
146.874 149.391 184.045 8 14 16 612 4
146.874 149.391 184.045 9 14 16 612 4
240.238 71.369 21.179 10 14 16 599 3
240.238 71.369 21.179 11 14 16 599 3
240.238 71.369 21.179 12 14 16 599 3
240.238 71.369 21.179 13 14 16 599 3
240.238 71.369 21.179 14 14 16 599 3
240.238 71.369 21.179 15 14 16 599 3
240.238 71.369 21.179 16 14 16 599 3
240.238 71.369 21.179 17 14 16 599 3
240.238 71.369 21.179 18 14 16 599 3
240.238 71.369 21.179 19 14 16 599 3
240.238 71.369 21.179 20 14 16 599 3
240.238 71.369 21.179 21 14 16 599 3
240.238 71.369 21.179 22 14 16 599 3
240.238 71.369 21.179 23 14 16 599 3
240.238 71.369 21.179 24 14 16 599 3
240.238 71.369 21.179 25 14 16 599 3
240.238 71.369 21.179 26 14 16 599 3
240.238 71.369 21.179 27 14 16 599 3
240.238 71.369 21.179 28 14 16 599 3
240.238 71.369 21.179 29 14 16 599 3
240.238 71.369 21.179 30 14 16 599 3
146.874 149.391 184.045 1 15 16 612 4
146.874 149.391 184.045 2 15 16 612 4
146.874 149.391 184.045 3 15 16 612 4
146.874 149.391 184.045 4 15 16 612 4
146.874 149.391 184.045 5 15 16 612 4
146.874 149.391 184.045 6 15 16 612 4
146.874 149.391 184.045 7 15 16 612 4
146.874 149.391 184.045 8 15 16 612 4
146.874 149.391 184.045 9 15 16 612 4
240.238 71.369 21.179 10 15 16 599 3
240.238 71.369 21.179 11 15 16 599 3
240.238 71.369 21.179 12 15 16 599 3
240.238 71.369 21.179 13 15 16 599 3
240.238 71.369 21.179 14 15 16 599 3
240.238 71.369 21.179 15 15 16 599 3
240.238 71.369 21.179 16 15 16 599 3
240.238 71.369 21.179 17 15 16 599 3
240.238 71.369 21.179 18 15 16 599 3
240.238 71.369 21.179 19 15 16 599 3
240.238 71.369 21.179 20 15 16 599 3
240.238 71.369 21.179 21 15 16 599 3
240.238 71.369 21.179 22 15 16 599 3
240.238 71.369 21.179 23 15 16 599 3
240.238 71.369 21.179 24 15 16 599 3
240.238 71.369 21.179 25 15 16 599 3
240.238 71.369 21.179 26 15 16 599 3
240.238 71.369 21.179 27 15 16 599 3
240.238 71.369 21.179 28 15 16 599 3
240.238 71.369 21.179 29 15 16 599 3
240.238 71.369 21.179 30 15 16 599 3
146.874 149.391 184.045 1 16 16 612 4
146.874 149.391 184.045 2 16 16 612 4
146.874 149.391 184.045 3 16 16 612 4
146.874 149.391 184.045 4 16 16 612 4
146.874 149.391 184.045 5 16 16 612 4
146.874 149.391 184.045 6 16 16 612 4
146.874 149.391 184.045 7 16 16 612 4
146.874 149.391 184.045 8 16 16 612 4
240.238 71.369 21.179 9 16 16 599 3
240.238 71.369 21.179 10 16 16 599 3
240.238 71.369 21.179 11 16 16 599 3
240.238 71.369 21.179 12 16 16 599 3
240.238 71.369 21.179 13 16 16 599 3
240.238 71.369 21.179 14 16 16 599 3
240.238 71.369 21.179 15 16 16 599 3
240.238 71.369 21.179 16 16 16 599 3
240.238 71.369 21.179 17 16 16 599 3
240.238 71.369 21.179 18 16 16 599 3
240.238 71.369 21.179 19 16 16 599 3
240.238 71.369 21.179 20 16 16 599 3
240.238 71.369 21.179 21 16 16 599 3
240.238 71.369 21.179 22 16 16 599 3
240.238 71.369 21.179 23 16 16 599 3
240.238 71.369 21.179 24 16 16 599 3
240.238 71.369 21.179 25 16 16 599 3
240.238 71.369 21.179 26 16 16 599 3
240.238 71.369 21.179 27 16 16 599 3
240.238 71.369 21.179 28 16 16 599 3
240.238 71.369 21.179 29 16 16 599 3
240.238 71.369 21.179 30 16 16 599 3
146.874 149.391 184.045 1 17 16 612 4
146.874 149.391 184.045 2 17 16 612 4
146.874 149.391 184.045 3 17 16 612 4
146.874 149.391 184.045 4 17 16 612 4
146.874 149.391 184.045 5 17 16 612 4
146.874 149.391 184.045 6 17 16 612 4
146.874 149.391 184.045 7 17 16 612 4
240.238 71.369 21.179 8 17 16 599 3
240.238 71.369 21.179 9 17 16 599 3
240.238 71.369 21.179 10 17 16 599 3
240.238 71.369 21.179 11 17 16 599 3
240.238 71.369 21.179 12 17 16 599 3
240.238 71.369 21.179 13 17 16 599 3
240.238 71.369 21.179 14 17 16 599 3
240.238 71.369 21.179 15 17 16 599 3
240.238 71.369 21.179 16 17 16 599 3
240.238 71.369 21.179 17 17 16 599 3
240.238 71.369 21.179 18 17 16 599 3
240.238 71.369 21.179 19 17 16 599 3
240.238 71.369 21.179 20 17 16 599 3
240.238 71.369 21.179 21 17 16 599 3
240.238 71.369 21.179 22 17 16 599 3
240.238 71.369 21.179 23 17 16 599 3
240.238 71.369 21.179 24 17 16 599 3
240.238 71.369 21.179 25 17 16 599 3
240.238 71.369 21.179 26 17 16 599 3
240.238 71.369 21.179 27 17 16 599 3
240.238 71.369 21.179 28 17 16 599 3
240.238 71.369 21.179 29 17 16 599 3
240.238 71.369 21.179 30 17 16 599 3
146.874 149.391 184.045 1 18 16 612 4
146.874 149.391 184.045 2 18 16 612 4
146.874 149.391 184.045 3 18 16 612 4
146.874 149.391 184.045 4 18 16 612 4
146.874 149.391 184.045 5 18 16 612 4
146.874 149.391 184.045 6 18 16 612 4
146.874 149.391 184.045 7 18 16 612 4
240.238 71.369 21.179 8 18 16 599 3
240.238 71.369 21.179 9 18 16 599 3
240.238 71.369 21.179 10 18 16 599 3
240.238 71.369 21.179 11 18 16 599 3
240.238 71.369 21.179 12 18 16 599 3
240.238 71.369 21.179 13 18 16 599 3
240.238 71.369 21.179 14 18 16 599 3
240.238 71.369 21.179 15 18 16 599 3
240.238 71.369 21.179 16 18 16 599 3
240.238 71.369 21.179 17 18 16 599 3
240.238 71.369 21.179 18 18 16 599 3
240.238 71.369 21.179 19 18 16 599 3
240.238 71.369 21.179 20 18 16 599 3
240.238 71.369 21.179 21 18 16 599 3
240.238 71.369 21.179 22 18 16 599 3
240.238 71.369 21.179 23 18 16 599 3
240.238 71.369 21.179 24 18 16 599 3
240.238 71.369 21.179 25 18 16 599 3
240.238 71.369 21.179 26 18 16 599 3
240.238 71.369 21.179 27 18 16 599 3
240.238 71.369 21.179 28 18 16 599 3
240.238 71.369 21.179 29 18 16 599 3
240.238 71.369 21.179 30 18 16 599 3
146.874 149.391 184.045 1 19 16 612 4
146.874 149.391 184.045 2 19 16 612 4
39.683 101.845 93.007 3 19 16 605 4
39.683 101.845 93.007 4 19 16 605 4
39.683 101.845 93.007 5 19 16 605 4
39.683 101.845 93.007 6 19 16 605 4
39.683 101.845 93.007 7 19 16 605 4
240.238 71.369 21.179 8 19 16 599 3
240.238 71.369 21.179 9 19 16 599 3
240.238 71.369 21.179 10 19 16 599 3
240.238 71.369 21.179 11 19 16 599 3
240.238 71.369 21.179 12 19 16 599 3
240.238 71.369 21.179 13 19 16 599 3
240.238 71.369 21.179 14 19 16 599 3
240.238 71.369 21.179 15 19 16 599 3
240.238 71.369 21.179 16 19 16 599 3
240.238 71.369 21.179 17 19 16 599 3
240.238 71.369 21.179 18 19 16 599 3
240.238 71.369 21.179 19 19 16 599 3
240.238 71.369 21.179 20 19 16 599 3
240.238 71.369 21.179 21 19 16 599 3
240.238 71.369 21.179 22 19 16 599 3
240.238 71.369 21.179 23 19 16 599 3
240.238 71.369 21.179 24 19 16 599 3
240.238 71.369 21.179 25 19 16 599 3
240.238 71.369 21.179 26 19 16 599 3
240.238 71.369 21.179 27 19 16 599 3
240.238 71.369 21.179 28 19 16 599 3
240.238 71.369 21.179 29 19 16 599 3
240.238 71.369 21.179 30 19 16 599 3
39.683 101.845 93.007 1 20 16 605 4
39.683 101.845 93.007 2 20 16 605 4
39.683 101.845 93.007 3 20 16 605 4
39.683 101.845 93.007 4 20 16 605 4
39.683 101.845 93.007 5 20 16 605 4
254.636 142.899 31.016 6 20 16 625 1
39.683 101.845 93.007 7 20 16 605 4
39.683 101.845 93.007 8 20 16 605 4
240.238 71.369 21.179 9 20 16 599 3
240.238 71.369 21.179 10 20 16 599 3
240.238 71.369 21.179 11 20 16 599 3
240.238 71.369 21.179 12 20 16 599 3
240.238 71.369 21.179 13 20 16 599 3
240.238 71.369 21.179 14 20 16 599 3
240.238 71.369 21.179 15 20 16 599 3
240.238 71.369 21.179 16 20 16 599 3
240.238 71.369 21.179 17 20 16 599 3
240.238 71.369 21.179 18 20 16 599 3
240.238 71.369 21.179 19 20 16 599 3
240.238 71.369 21.179 20 20 16 599 3
240.238 71.369 21.179 21 20 16 599 3
240.238 71.369 21.179 22 20 16 599 3
240.238 71.369 21.179 23 20 16 599 3
240.238 71.369 21.179 24 20 16 599 3
240.238 71.369 21.179 25 20 16 599 3
240.238 71.369 21.179 26 20 16 599 3
240.238 71.369 21.179 27 20 16 599 3
240.238 71.369 21.179 28 20 16 599 3
240.238 71.369 21.179 29 20 16 599 3
240.238 71.369 21.179 30 20 16 599 3
39.683 101.845 93.007 1 21 16 605 4
39.683 101.845 93.007 2 21 16 605 4
39.683 101.845 93.007 3 21 16 605 4
39.683 101.845 93.007 4 21 16 605 4
39.683 101.845 93.007 5 21 16 605 4
39.683 101.845 93.007 6 21 16 605 4
39.683 101.845 93.007 7 21 16 605 4
39.683 101.845 93.007 8 21 16 605 4
240.238 71.369 21.179 9 21 16 599 3
240.238 71.369 21.179 10 21 16 599 3
240.238 71.369 21.179 11 21 16 599 3
240.238 71.369 21.179 12 21 16 599 3
240.238 71.369 21.179 13 21 16 599 3
240.238 71.369 21.179 14 21 16 599 3
240.238 71.369 21.179 15 21 16 599 3
240.238 71.369 21.179 16 21 16 599 3
240.238 71.369 21.179 17 21 16 599 3
240.238 71.369 21.179 18 21 16 599 3
240.238 71.369 21.179 19 21 16 599 3
240.238 71.369 21.179 20 21 16 599 3
240.238 71.369 21.179 21 21 16 599 3
240.238 71.369 21.179 22 21 16 599 3
240.238 71.369 21.179 23 21 16 599 3
240.238 71.369 21.179 24 21 16 599 3
240.238 71.369 21.179 25 21 16 599 3
240.238 71.369 21.179 26 21 16 599 3
240.238 71.369 21.179 27 21 16 599 3
240.238 71.369 21.179 28 21 16 599 3
240.238 71.369 21.179 29 21 16 599 3
240.238 71.369 21.179 30 21 16 599 3
39.683 101.845 93.007 1 22 16 605 4
39.683 101.845 93.007 2 22 16 605 4
39.683 101.845 93.007 3 22 16 605 4
39.683 101.845 93.007 4 22 16 605 4
39.683 101.845 93.007 5 22 16 605 4
39.683 101.845 93.007 6 22 16 605 4
39.683 101.845 93.007 7 22 16 605 4
39.683 101.845 93.007 8 22 16 605 4
95.244 67.142 306.673 9 22 16 61 1
95.244 67.142 306.673 10 22 16 61 1
240.238 71.369 21.179 11 22 16 599 3
240.238 71.369 21.179 12 22 16 599 3
240.238 71.369 21.179 13 22 16 599 3
240.238 71.369 21.179 14 22 16 599 3
240.238 71.369 21.179 15 22 16 599 3
240.238 71.369 21.179 16 22 16 599 3
240.238 71.369 21.179 17 22 16 599 3
240.238 71.369 21.179 18 22 16 599 3
240.238 71.369 21.179 19 22 16 599 3
240.238 71.369 21.179 20 22 16 599 3
240.238 71.369 21.179 21 22 16 599 3
240.238 71.369 21.179 22 22 16 599 3
240.238 71.369 21.179 23 22 16 599 3
240.238 71.369 21.179 24 22 16 599 3
240.238 71.369 21.179 25 22 16 599 3
240.238 71.369 21.179 26 22 16 599 3
240.238 71.369 21.179 27 22 16 599 3
240.238 71.369 21.179 28 22 16 599 3
240.238 71.369 21.179 29 22 16 599 3
240.238 71.369 21.179 30 22 16 599 3
39.683 101.845 93.007 1 23 16 605 4
39.683 101.845 93.007 2 23 16 605 4
39.683 101.845 93.007 3 23 16 605 4
39.683 101.845 93.007 4 23 16 605 4
39.683 101.845 93.007 5 23 16 605 4
39.683 101.845 93.007 6 23 16 605 4
39.683 101.845 93.007 7 23 16 605 4
63.652 23.425 208.416 8 23 16 604 4
63.652 23.425 208.416 9 23 16 604 4
240.238 71.369 21.179 10 23 16 599 3
240.238 71.369 21.179 11 23 16 599 3
240.238 71.369 21.179 12 23 16 599 3
240.238 71.369 21.179 13 23 16 599 3
240.238 71.369 21.179 14 23 16 599 3
240.238 71.369 21.179 15 23 16 599 3
240.238 71.369 21.179 16 23 16 599 3
240.238 71.369 21.179 17 23 16 599 3
240.238 71.369 21.179 18 23 16 599 3
240.238 71.369 21.179 19 23 16 599 3
240.238 71.369 21.179 20 23 16 599 3
240.238 71.369 21.179 21 23 16 599 3
240.238 71.369 21.179 22 23 16 599 3
240.238 71.369 21.179 23 23 16 599 3
240.238 71.369 21.179 24 23 16 599 3
240.238 71.369 21.179 25 23 16 599 3
240.238 71.369 21.179 26 23 16 599 3
240.238 71.369 21.179 27 23 16 599 3
240.238 71.369 21.179 28 23 16 599 3
240.238 71.369 21.179 29 23 16 599 3
240.238 71.369 21.179 30 23 16 599 3
166.390 61.614 219.685 1 24 16 57 1
166.390 61.614 219.685 2 24 16 57 1
63.652 23.425 208.416 3 24 16 604 4
63.652 23.425 208.416 4 24 16 604 4
63.652 23.425 208.416 5 24 16 604 4
63.652 23.425 208.416 6 24 16 604 4
63.652 23.425 208.416 7 24 16 604 4
63.652 23.425 208.416 8 24 16 604 4
63.652 23.425 208.416 9 24 16 604 4
63.652 23.425 208.416 10 24 16 604 4
240.238 71.369 21.179 11 24 16 599 3
223.043 102.430 274.621 12 24 16 361 1
240.238 71.369 21.179 13 24 16 599 3
240.238 71.369 21.179 14 24 16 599 3
240.238 71.369 21.179 15 24 16 599 3
240.238 71.369 21.179 16 24 16 599 3
240.238 71.369 21.179 17 24 16 599 3
240.238 71.369 21.179 18 24 16 599 3
240.238 71.369 21.179 19 24 16 599 3
240.238 71.369 21.179 20 24 16 599 3
240.238 71.369 21.179 21 24 16 599 3
240.238 71.369 21.179 22 24 16 599 3
240.238 71.369 21.179 23 24 16 599 3
240.238 71.369 21.179 24 24 16 599 3
240.238 71.369 21.179 25 24 16 599 3
240.238 71.369 21.179 26 24 16 599 3
240.238 71.369 21.179 27 24 16 599 3
240.238 71.369 21.179 28 24 16 599 3
240.238 71.369 21.179 29 24 16 599 3
240.238 71.369 21.179 30 24 16 599 3
78.474 100.324 219.654 1 25 16 201 1
78.474 100.324 219.654 2 25 16 201 1
63.652 23.425 208.416 3 25 16 604 4
63.652 23.425 208.416 4 25 16 604 4
63.652 23.425 208.416 5 25 16 604 4
63.652 23.425 208.416 6 25 16 604 4
63.652 23.425 208.416 7 25 16 604 4
63.652 23.425 208.416 8 25 16 604 4
63.652 23.425 208.416 9 25 16 604 4
63.652 23.425 208.416 10 25 16 604 4
63.652 23.425 208.416 11 25 16 604 4
143.611 113.591 308.855 12 25 16 238 1
240.238 71.369 21.179 13 25 16 599 3
240.238 71.369 21.179 14 25 16 599 3
240.238 71.369 21.179 15 25 16 599 3
240.238 71.369 21.179 16 25 16 599 3
240.238 71.369 21.179 17 25 16 599 3
240.238 71.369 21.179 18 25 16 599 3
240.238 71.369 21.179 19 25 16 599 3
240.238 71.369 21.179 20 25 16 599 3
240.238 71.369 21.179 21 25 16 599 3
240.238 71.369 21.179 22 25 16 599 3
240.238 71.369 21.179 23 25 16 599 3
240.238 71.369 21.179 24 25 16 599 3
240.238 71.369 21.179 25 25 16 599 3
240.238 71.369 21.179 26 25 16 599 3
240.238 71.369 21.179 27 25 16 599 3
240.238 71.369 21.179 28 25 16 599 3
240.238 71.369 21.179 29 25 16 599 3
240.238 71.369 21.179 30 25 16 599 3
78.474 100.324 219.654 1 26 16 201 1
78.474 100.324 219.654 2 26 16 201 1
63.652 23.425 208.416 3 26 16 604 4
63.652 23.425 208.416 4 26 16 604 4
63.652 23.425 208.416 5 26 16 604 4
63.652 23.425 208.416 6 26 16 604 4
63.652 23.425 208.416 7 26 16 604 4
63.652 23.425 208.416 8 26 16 604 4
63.652 23.425 208.416 9 26 16 604 4
222.605 96.529 22.975 10 26 16 312 1
63.652 23.425 208.416 11 26 16 604 4
63.652 23.425 208.416 12 26 16 604 4
240.238 71.369 21.179 13 26 16 599 3
240.238 71.369 21.179 14 26 16 599 3
240.238 71.369 21.179 15 26 16 599 3
240.238 71.369 21.179 16 26 16 599 3
240.238 71.369 21.179 17 26 16 599 3
240.238 71.369 21.179 18 26 16 599 3
240.238 71.369 21.179 19 26 16 599 3
240.238 71.369 21.179 20 26 16 599 3
240.238 71.369 21.179 21 26 16 599 3
240.238 71.369 21.179 22 26 16 599 3
240.238 71.369 21.179 23 26 16 599 3
240.238 71.369 21.179 24 26 16 599 3
240.238 71.369 21.179 25 26 16 599 3
240.238 71.369 21.179 26 26 16 599 3
240.238 71.369 21.179 27 26 16 599 3
240.238 71.369 21.179 28 26 16 599 3
240.238 71.369 21.179 29 26 16 599 3
240.238 71.369 21.179 30 26 16 599 3
63.652 23.425 208.416 1 27 16 604 4
63.652 23.425 208.416 2 27 16 604 4
63.652 23.425 208.416 3 27 16 604 4
63.652 23.425 208.416 4 27 16 604 4
63.652 23.425 208.416 5 27 16 604 4
63.652 23.425 208.416 6 27 16 604 4
63.652 23.425 208.416 7 27 16 604 4
63.652 23.425 208.416 8 27 16 604 4
63.652 23.425 208.416 9 27 16 604 4
63.652 23.425 208.416 10 27 16 604 4
63.652 23.425 208.416 11 27 16 604 4
63.652 23.425 208.416 12 27 16 604 4
63.652 23.425 208.416 13 27 16 604 4
240.238 71.369 21.179 14 27 16 599 3
240.238 71.369 21.179 15 27 16 599 3
342.251 155.332 358.891 16 27 16 638 1
240.238 71.369 21.179 17 27 16 599 3
240.238 71.369 21.179 18 27 16 599 3
240.238 71.369 21.179 19 27 16 599 3
240.238 71.369 21.179 20 27 16 599 3
240.238 71.369 21.179 21 27 16 599 3
240.238 71.369 21.179 22 27 16 599 3
240.238 71.369 21.179 23 27 16 599 3
240.238 71.369 21.179 24 27 16 599 3
240.238 71.369 21.179 25 27 16 599 3
240.238 71.369 21.179 26 27 16 599 3
240.238 71.369 21.179 27 27 16 599 3
148.837 14.311 16.900 28 27 16 681 4
148.837 14.311 16.900 29 27 16 681 4
148.837 14.311 16.900 30 27 16 681 4
63.652 23.425 208.416 1 28 16 604 4
63.652 23.425 208.416 2 28 16 604 4
63.652 23.425 208.416 3 28 16 604 4
83.220 127.110 218.129 4 28 16 292 1
63.652 23.425 208.416 5 28 16 604 4
349.098 81.640 320.394 6 28 16 130 1
63.652 23.425 208.416 7 28 16 604 4
63.652 23.425 208.416 8 28 16 604 4
63.652 23.425 208.416 9 28 16 604 4
63.652 23.425 208.416 10 28 16 604 4
63.652 23.425 208.416 11 28 16 604 4
63.652 23.425 208.416 12 28 16 604 4
63.652 23.425 208.416 13 28 16 604 4
355.441 91.410 60.873 14 28 16 50 1
298.259 79.901 261.726 15 28 16 603 4
342.251 155.332 358.891 16 28 16 638 1
342.251 155.332 358.891 17 28 16 638 1
342.251 155.332 358.891 18 28 16 638 1
298.259 79.901 261.726 19 28 16 603 4
240.238 71.369 21.179 20 28 16 599 3
240.238 71.369 21.179 21 28 16 599 3
51.462 108.352 302.112 22 28 16 374 1
240.238 71.369 21.179 23 28 16 599 3
240.238 71.369 21.179 24 28 16 599 3
240.238 71.369 21.179 25 28 16 599 3
148.837 14.311 16.900 26 28 16 681 4
148.837 14.311 16.900 27 28 16 681 4
148.837 14.311 16.900 28 28 16 681 4
148.837 14.311 16.900 29 28 16 681 4
148.837 14.311 16.900 30 28 16 681 4
63.652 23.425 208.416 1 29 16 604 4
63.652 23.425 208.416 2 29 16 604 4
63.652 23.425 208.416 3 29 16 604 4
63.652 23.425 208.416 4 29 16 604 4
63.652 23.425 208.416 5 29 16 604 4
63.652 23.425 208.416 6 29 16 604 4
63.652 23.425 208.416 7 29 16 604 4
63.652 23.425 208.416 8 29 16 604 4
63.652 23.425 208.416 9 29 16 604 4
63.652 23.425 208.416 10 29 16 604 4
63.652 23.425 208.416 11 29 16 604 4
63.652 23.425 208.416 12 29 16 604 4
298.259 79.901 261.726 13 29 16 603 4
283.313 56.048 206.064 14 29 16 29 1
283.313 56.048 206.064 15 29 16 29 1
283.313 56.048 206.064 16 29 16 29 1
283.313 56.048 206.064 17 29 16 29 1
342.251 155.332 358.891 18 29 16 638 1
49.442 150.046 320.277 19 29 16 511 2
184.491 88.027 237.039 20 29 16 632 1
184.491 88.027 237.039 21 29 16 632 1
51.462 108.352 302.112 22 29 16 374 1
138.389 81.119 231.306 23 29 16 385 1
138.389 81.119 231.306 24 29 16 385 1
148.837 14.311 16.900 25 29 16 681 4
148.837 14.311 16.900 26 29 16 681 4
148.837 14.311 16.900 27 29 16 681 4
148.837 14.311 16.900 28 29 16 681 4
148.837 14.311 16.900 29 29 16 681 4
148.837 14.311 16.900 30 29 16 681 4
63.652 23.425 208.416 1 30 16 604 4
63.652 23.425 208.416 2 30 16 604 4
63.652 23.425 208.416 3 30 16 604 4
63.652 23.425 208.416 4 30 16 604 4
63.652 23.425 208.416 5 30 16 604 4
63.652 23.425 208.416 6 30 16 604 4
63.652 23.425 208.416 7 30 16 604 4
63.652 23.425 208.416 8 30 16 604 4
63.652 23.425 208.416 9 30 16 604 4
63.652 23.425 208.416 10 30 16 604 4
63.652 23.425 208.416 11 30 16 604 4
63.652 23.425 208.416 12 30 16 604 4
298.259 79.901 261.726 13 30 16 603 4
283.313 56.048 206.064 14 30 16 29 1
283.313 56.048 206.064 15 30 16 29 1
283.313 56.048 206.064 16 30 16 29 1
49.442 150.046 320.277 17 30 16 511 2
49.442 150.046 320.277 18 30 16 511 2
49.442 150.046 320.277 19 30 16 511 2
184.491 88.027 237.039 20 30 16 632 1
184.491 88.027 237.039 21 30 16 632 1
184.491 88.027 237.039 22 30 16 632 1
138.389 81.119 231.306 23 30 16 385 1
138.389 81.119 231.306 24 30 16 385 1
138.389 81.119 231.306 25 30 16 385 1
122.095 104.675 295.619 26 30 16 78 1
148.837 14.311 16.900 27 30 16 681 4
148.837 14.311 16.900 28 30 16 681 4
148.837 14.311 16.900 29 30 16 681 4
148.837 14.311 16.900 30 30 16 681 4
