171.838 72.649 333.505 1 1 9 610 4
171.838 72.649 333.505 2 1 9 610 4
171.838 72.649 333.505 3 1 9 610 4
171.838 72.649 333.505 4 1 9 610 4
171.838 72.649 333.505 5 1 9 610 4
171.838 72.649 333.505 6 1 9 610 4
171.838 72.649 333.505 7 1 9 610 4
171.838 72.649 333.505 8 1 9 610 4
171.838 72.649 333.505 9 1 9 610 4
171.838 72.649 333.505 10 1 9 610 4
184.426 66.728 289.221 11 1 9 516 2
20.233 90.663 195.216 12 1 9 527 2
20.233 90.663 195.216 13 1 9 527 2
20.233 90.663 195.216 14 1 9 527 2
20.233 90.663 195.216 15 1 9 527 2
20.233 90.663 195.216 16 1 9 527 2
20.233 90.663 195.216 17 1 9 527 2
20.233 90.663 195.216 18 1 9 527 2
186.833 31.154 250.013 19 1 9 569 2
186.833 31.154 250.013 20 1 9 569 2
186.833 31.154 250.013 21 1 9 569 2
152.087 34.567 215.997 22 1 9 597 3
152.087 34.567 215.997 23 1 9 597 3
152.087 34.567 215.997 24 1 9 597 3
152.087 34.567 215.997 25 1 9 597 3
152.087 34.567 215.997 26 1 9 597 3
152.087 34.567 215.997 27 1 9 597 3
152.087 34.567 215.997 28 1 9 597 3
152.087 34.567 215.997 29 1 9 597 3
152.087 34.567 215.997 30 1 9 597 3
171.838 72.649 333.505 1 2 9 610 4
171.838 72.649 333.505 2 2 9 610 4
171.838 72.649 333.505 3 2 9 610 4
171.838 72.649 333.505 4 2 9 610 4
171.838 72.649 333.505 5 2 9 610 4
171.838 72.649 333.505 6 2 9 610 4
171.838 72.649 333.505 7 2 9 610 4
171.838 72.649 333.505 8 2 9 610 4
171.838 72.649 333.505 9 2 9 610 4
324.272 39.313 96.092 10 2 9 576 2
184.426 66.728 289.221 11 2 9 516 2
184.426 66.728 289.221 12 2 9 516 2
20.233 90.663 195.216 13 2 9 527 2
20.233 90.663 195.216 14 2 9 527 2
20.233 90.663 195.216 15 2 9 527 2
20.233 90.663 195.216 16 2 9 527 2
20.233 90.663 195.216 17 2 9 527 2
20.233 90.663 195.216 18 2 9 527 2
186.833 31.154 250.013 19 2 9 569 2
186.833 31.154 250.013 20 2 9 569 2
186.833 31.154 250.013 21 2 9 569 2
186.833 31.154 250.013 22 2 9 569 2
152.087 34.567 215.997 23 2 9 597 3
152.087 34.567 215.997 24 2 9 597 3
152.087 34.567 215.997 25 2 9 597 3
152.087 34.567 215.997 26 2 9 597 3
152.087 34.567 215.997 27 2 9 597 3
152.087 34.567 215.997 28 2 9 597 3
152.087 34.567 215.997 29 2 9 597 3
152.087 34.567 215.997 30 2 9 597 3
171.838 72.649 333.505 1 3 9 610 4
171.838 72.649 333.505 2 3 9 610 4
171.838 72.649 333.505 3 3 9 610 4
171.838 72.649 333.505 4 3 9 610 4
171.838 72.649 333.505 5 3 9 610 4
171.838 72.649 333.505 6 3 9 610 4
171.838 72.649 333.505 7 3 9 610 4
171.838 72.649 333.505 8 3 9 610 4
171.838 72.649 333.505 9 3 9 610 4
184.426 66.728 289.221 10 3 9 516 2
184.426 66.728 289.221 11 3 9 516 2
184.426 66.728 289.221 12 3 9 516 2
20.233 90.663 195.216 13 3 9 527 2
20.233 90.663 195.216 14 3 9 527 2
20.233 90.663 195.216 15 3 9 527 2
20.233 90.663 195.216 16 3 9 527 2
20.233 90.663 195.216 17 3 9 527 2
270.147 128.311 59.000 18 3 9 584 2
186.833 31.154 250.013 19 3 9 569 2
186.833 31.154 250.013 20 3 9 569 2
186.833 31.154 250.013 21 3 9 569 2
293.628 96.686 225.949 22 3 9 578 2
152.087 34.567 215.997 23 3 9 597 3
152.087 34.567 215.997 24 3 9 597 3
152.087 34.567 215.997 25 3 9 597 3
152.087 34.567 215.997 26 3 9 597 3
152.087 34.567 215.997 27 3 9 597 3
152.087 34.567 215.997 28 3 9 597 3
152.087 34.567 215.997 29 3 9 597 3
152.087 34.567 215.997 30 3 9 597 3
171.838 72.649 333.505 1 4 9 610 4
171.838 72.649 333.505 2 4 9 610 4
171.838 72.649 333.505 3 4 9 610 4
171.838 72.649 333.505 4 4 9 610 4
171.838 72.649 333.505 5 4 9 610 4
171.838 72.649 333.505 6 4 9 610 4
171.838 72.649 333.505 7 4 9 610 4
171.838 72.649 333.505 8 4 9 610 4
171.838 72.649 333.505 9 4 9 610 4
219.770 90.945 136.565 10 4 9 329 1
219.770 90.945 136.565 11 4 9 329 1
184.426 66.728 289.221 12 4 9 516 2
20.233 90.663 195.216 13 4 9 527 2
20.233 90.663 195.216 14 4 9 527 2
20.233 90.663 195.216 15 4 9 527 2
20.233 90.663 195.216 16 4 9 527 2
20.233 90.663 195.216 17 4 9 527 2
20.233 90.663 195.216 18 4 9 527 2
186.833 31.154 250.013 19 4 9 569 2
186.833 31.154 250.013 20 4 9 569 2
186.833 31.154 250.013 21 4 9 569 2
293.628 96.686 225.949 22 4 9 578 2
293.628 96.686 225.949 23 4 9 578 2
152.087 34.567 215.997 24 4 9 597 3
152.087 34.567 215.997 25 4 9 597 3
152.087 34.567 215.997 26 4 9 597 3
152.087 34.567 215.997 27 4 9 597 3
152.087 34.567 215.997 28 4 9 597 3
152.087 34.567 215.997 29 4 9 597 3
152.087 34.567 215.997 30 4 9 597 3
171.838 72.649 333.505 1 5 9 610 4
171.838 72.649 333.505 2 5 9 610 4
171.838 72.649 333.505 3 5 9 610 4
171.838 72.649 333.505 4 5 9 610 4
171.838 72.649 333.505 5 5 9 610 4
171.838 72.649 333.505 6 5 9 610 4
171.838 72.649 333.505 7 5 9 610 4
171.838 72.649 333.505 8 5 9 610 4
171.838 72.649 333.505 9 5 9 610 4
264.430 65.646 191.535 10 5 9 673 2
219.770 90.945 136.565 11 5 9 329 1
242.379 147.899 281.716 12 5 9 171 1
20.233 90.663 195.216 13 5 9 527 2
20.233 90.663 195.216 14 5 9 527 2
20.233 90.663 195.216 15 5 9 527 2
20.233 90.663 195.216 16 5 9 527 2
20.233 90.663 195.216 17 5 9 527 2
20.233 90.663 195.216 18 5 9 527 2
186.833 31.154 250.013 19 5 9 569 2
186.833 31.154 250.013 20 5 9 569 2
186.833 31.154 250.013 21 5 9 569 2
293.628 96.686 225.949 22 5 9 578 2
293.628 96.686 225.949 23 5 9 578 2
325.645 109.952 353.678 24 5 9 252 1
325.645 109.952 353.678 25 5 9 252 1
152.087 34.567 215.997 26 5 9 597 3
152.087 34.567 215.997 27 5 9 597 3
152.087 34.567 215.997 28 5 9 597 3
152.087 34.567 215.997 29 5 9 597 3
152.087 34.567 215.997 30 5 9 597 3
171.838 72.649 333.505 1 6 9 610 4
171.838 72.649 333.505 2 6 9 610 4
171.838 72.649 333.505 3 6 9 610 4
171.838 72.649 333.505 4 6 9 610 4
171.838 72.649 333.505 5 6 9 610 4
171.838 72.649 333.505 6 6 9 610 4
171.838 72.649 333.505 7 6 9 610 4
171.838 72.649 333.505 8 6 9 610 4
264.430 65.646 191.535 9 6 9 673 2
264.430 65.646 191.535 10 6 9 673 2
242.379 147.899 281.716 11 6 9 171 1
242.379 147.899 281.716 12 6 9 171 1
242.379 147.899 281.716 13 6 9 171 1
20.233 90.663 195.216 14 6 9 527 2
20.233 90.663 195.216 15 6 9 527 2
20.233 90.663 195.216 16 6 9 527 2
20.233 90.663 195.216 17 6 9 527 2
240.238 71.369 21.179 18 6 9 599 3
240.238 71.369 21.179 19 6 9 599 3
240.238 71.369 21.179 20 6 9 599 3
293.628 96.686 225.949 21 6 9 578 2
293.628 96.686 225.949 22 6 9 578 2
240.238 71.369 21.179 23 6 9 599 3
240.238 71.369 21.179 24 6 9 599 3
240.238 71.369 21.179 25 6 9 599 3
240.238 71.369 21.179 26 6 9 599 3
152.087 34.567 215.997 27 6 9 597 3
152.087 34.567 215.997 28 6 9 597 3
152.087 34.567 215.997 29 6 9 597 3
152.087 34.567 215.997 30 6 9 597 3
171.838 72.649 333.505 1 7 9 610 4
171.838 72.649 333.505 2 7 9 610 4
171.838 72.649 333.505 3 7 9 610 4
171.838 72.649 333.505 4 7 9 610 4
171.838 72.649 333.505 5 7 9 610 4
171.838 72.649 333.505 6 7 9 610 4
171.838 72.649 333.505 7 7 9 610 4
171.838 72.649 333.505 8 7 9 610 4
171.838 72.649 333.505 9 7 9 610 4
242.379 147.899 281.716 10 7 9 171 1
242.379 147.899 281.716 11 7 9 171 1
242.379 147.899 281.716 12 7 9 171 1
242.379 147.899 281.716 13 7 9 171 1
20.233 90.663 195.216 14 7 9 527 2
20.233 90.663 195.216 15 7 9 527 2
240.238 71.369 21.179 16 7 9 599 3
240.238 71.369 21.179 17 7 9 599 3
240.238 71.369 21.179 18 7 9 599 3
118.766 156.681 205.874 19 7 9 135 1
240.238 71.369 21.179 20 7 9 599 3
240.238 71.369 21.179 21 7 9 599 3
240.238 71.369 21.179 22 7 9 599 3
240.238 71.369 21.179 23 7 9 599 3
240.238 71.369 21.179 24 7 9 599 3
240.238 71.369 21.179 25 7 9 599 3
240.238 71.369 21.179 26 7 9 599 3
240.238 71.369 21.179 27 7 9 599 3
240.238 71.369 21.179 28 7 9 599 3
152.087 34.567 215.997 29 7 9 597 3
152.087 34.567 215.997 30 7 9 597 3
171.838 72.649 333.505 1 8 9 610 4
171.838 72.649 333.505 2 8 9 610 4
171.838 72.649 333.505 3 8 9 610 4
171.838 72.649 333.505 4 8 9 610 4
171.838 72.649 333.505 5 8 9 610 4
171.838 72.649 333.505 6 8 9 610 4
171.838 72.649 333.505 7 8 9 610 4
171.838 72.649 333.505 8 8 9 610 4
171.838 72.649 333.505 9 8 9 610 4
242.379 147.899 281.716 10 8 9 171 1
242.379 147.899 281.716 11 8 9 171 1
242.379 147.899 281.716 12 8 9 171 1
240.238 71.369 21.179 13 8 9 599 3
240.238 71.369 21.179 14 8 9 599 3
240.238 71.369 21.179 15 8 9 599 3
240.238 71.369 21.179 16 8 9 599 3
240.238 71.369 21.179 17 8 9 599 3
240.238 71.369 21.179 18 8 9 599 3
240.238 71.369 21.179 19 8 9 599 3
240.238 71.369 21.179 20 8 9 599 3
240.238 71.369 21.179 21 8 9 599 3
240.238 71.369 21.179 22 8 9 599 3
240.238 71.369 21.179 23 8 9 599 3
240.238 71.369 21.179 24 8 9 599 3
240.238 71.369 21.179 25 8 9 599 3
240.238 71.369 21.179 26 8 9 599 3
240.238 71.369 21.179 27 8 9 599 3
240.238 71.369 21.179 28 8 9 599 3
240.238 71.369 21.179 29 8 9 599 3
240.238 71.369 21.179 30 8 9 599 3
171.838 72.649 333.505 1 9 9 610 4
171.838 72.649 333.505 2 9 9 610 4
171.838 72.649 333.505 3 9 9 610 4
171.838 72.649 333.505 4 9 9 610 4
171.838 72.649 333.505 5 9 9 610 4
171.838 72.649 333.505 6 9 9 610 4
171.838 72.649 333.505 7 9 9 610 4
171.838 72.649 333.505 8 9 9 610 4
9.456 73.751 157.052 9 9 9 368 1
9.456 73.751 157.052 10 9 9 368 1
240.238 71.369 21.179 11 9 9 599 3
240.238 71.369 21.179 12 9 9 599 3
240.238 71.369 21.179 13 9 9 599 3
240.238 71.369 21.179 14 9 9 599 3
240.238 71.369 21.179 15 9 9 599 3
240.238 71.369 21.179 16 9 9 599 3
240.238 71.369 21.179 17 9 9 599 3
240.238 71.369 21.179 18 9 9 599 3
240.238 71.369 21.179 19 9 9 599 3
240.238 71.369 21.179 20 9 9 599 3
240.238 71.369 21.179 21 9 9 599 3
240.238 71.369 21.179 22 9 9 599 3
240.238 71.369 21.179 23 9 9 599 3
240.238 71.369 21.179 24 9 9 599 3
240.238 71.369 21.179 25 9 9 599 3
240.238 71.369 21.179 26 9 9 599 3
240.238 71.369 21.179 27 9 9 599 3
240.238 71.369 21.179 28 9 9 599 3
240.238 71.369 21.179 29 9 9 599 3
240.238 71.369 21.179 30 9 9 599 3
171.838 72.649 333.505 1 10 9 610 4
171.838 72.649 333.505 2 10 9 610 4
171.838 72.649 333.505 3 10 9 610 4
171.838 72.649 333.505 4 10 9 610 4
171.838 72.649 333.505 5 10 9 610 4
171.838 72.649 333.505 6 10 9 610 4
171.838 72.649 333.505 7 10 9 610 4
171.838 72.649 333.505 8 10 9 610 4
9.456 73.751 157.052 9 10 9 368 1
240.238 71.369 21.179 10 10 9 599 3
240.238 71.369 21.179 11 10 9 599 3
240.238 71.369 21.179 12 10 9 599 3
240.238 71.369 21.179 13 10 9 599 3
240.238 71.369 21.179 14 10 9 599 3
240.238 71.369 21.179 15 10 9 599 3
240.238 71.369 21.179 16 10 9 599 3
240.238 71.369 21.179 17 10 9 599 3
240.238 71.369 21.179 18 10 9 599 3
240.238 71.369 21.179 19 10 9 599 3
240.238 71.369 21.179 20 10 9 599 3
240.238 71.369 21.179 21 10 9 599 3
240.238 71.369 21.179 22 10 9 599 3
240.238 71.369 21.179 23 10 9 599 3
240.238 71.369 21.179 24 10 9 599 3
240.238 71.369 21.179 25 10 9 599 3
240.238 71.369 21.179 26 10 9 599 3
240.238 71.369 21.179 27 10 9 599 3
240.238 71.369 21.179 28 10 9 599 3
240.238 71.369 21.179 29 10 9 599 3
240.238 71.369 21.179 30 10 9 599 3
171.838 72.649 333.505 1 11 9 610 4
171.838 72.649 333.505 2 11 9 610 4
171.838 72.649 333.505 3 11 9 610 4
171.838 72.649 333.505 4 11 9 610 4
171.838 72.649 333.505 5 11 9 610 4
171.838 72.649 333.505 6 11 9 610 4
171.838 72.649 333.505 7 11 9 610 4
171.838 72.649 333.505 8 11 9 610 4
240.238 71.369 21.179 9 11 9 599 3
240.238 71.369 21.179 10 11 9 599 3
240.238 71.369 21.179 11 11 9 599 3
240.238 71.369 21.179 12 11 9 599 3
240.238 71.369 21.179 13 11 9 599 3
240.238 71.369 21.179 14 11 9 599 3
240.238 71.369 21.179 15 11 9 599 3
240.238 71.369 21.179 16 11 9 599 3
240.238 71.369 21.179 17 11 9 599 3
240.238 71.369 21.179 18 11 9 599 3
240.238 71.369 21.179 19 11 9 599 3
240.238 71.369 21.179 20 11 9 599 3
240.238 71.369 21.179 21 11 9 599 3
240.238 71.369 21.179 22 11 9 599 3
240.238 71.369 21.179 23 11 9 599 3
240.238 71.369 21.179 24 11 9 599 3
240.238 71.369 21.179 25 11 9 599 3
240.238 71.369 21.179 26 11 9 599 3
240.238 71.369 21.179 27 11 9 599 3
240.238 71.369 21.179 28 11 9 599 3
240.238 71.369 21.179 29 11 9 599 3
240.238 71.369 21.179 30 11 9 599 3
171.838 72.649 333.505 1 12 9 610 4
171.838 72.649 333.505 2 12 9 610 4
171.838 72.649 333.505 3 12 9 610 4
171.838 72.649 333.505 4 12 9 610 4
171.838 72.649 333.505 5 12 9 610 4
171.838 72.649 333.505 6 12 9 610 4
171.838 72.649 333.505 7 12 9 610 4
240.238 71.369 21.179 8 12 9 599 3
240.238 71.369 21.179 9 12 9 599 3
103.356 36.809 100.762 10 12 9 614 4
240.238 71.369 21.179 11 12 9 599 3
240.238 71.369 21.179 12 12 9 599 3
240.238 71.369 21.179 13 12 9 599 3
240.238 71.369 21.179 14 12 9 599 3
240.238 71.369 21.179 15 12 9 599 3
240.238 71.369 21.179 16 12 9 599 3
240.238 71.369 21.179 17 12 9 599 3
240.238 71.369 21.179 18 12 9 599 3
240.238 71.369 21.179 19 12 9 599 3
240.238 71.369 21.179 20 12 9 599 3
240.238 71.369 21.179 21 12 9 599 3
240.238 71.369 21.179 22 12 9 599 3
240.238 71.369 21.179 23 12 9 599 3
240.238 71.369 21.179 24 12 9 599 3
240.238 71.369 21.179 25 12 9 599 3
240.238 71.369 21.179 26 12 9 599 3
240.238 71.369 21.179 27 12 9 599 3
240.238 71.369 21.179 28 12 9 599 3
240.238 71.369 21.179 29 12 9 599 3
240.238 71.369 21.179 30 12 9 599 3
171.838 72.649 333.505 1 13 9 610 4
171.838 72.649 333.505 2 13 9 610 4
171.838 72.649 333.505 3 13 9 610 4
171.838 72.649 333.505 4 13 9 610 4
171.838 72.649 333.505 5 13 9 610 4
103.356 36.809 100.762 6 13 9 614 4
103.356 36.809 100.762 7 13 9 614 4
103.356 36.809 100.762 8 13 9 614 4
103.356 36.809 100.762 9 13 9 614 4
103.356 36.809 100.762 10 13 9 614 4
103.356 36.809 100.762 11 13 9 614 4
103.356 36.809 100.762 12 13 9 614 4
240.238 71.369 21.179 13 13 9 599 3
240.238 71.369 21.179 14 13 9 599 3
240.238 71.369 21.179 15 13 9 599 3
240.238 71.369 21.179 16 13 9 599 3
240.238 71.369 21.179 17 13 9 599 3
240.238 71.369 21.179 18 13 9 599 3
240.238 71.369 21.179 19 13 9 599 3
240.238 71.369 21.179 20 13 9 599 3
240.238 71.369 21.179 21 13 9 599 3
240.238 71.369 21.179 22 13 9 599 3
240.238 71.369 21.179 23 13 9 599 3
240.238 71.369 21.179 24 13 9 599 3
240.238 71.369 21.179 25 13 9 599 3
240.238 71.369 21.179 26 13 9 599 3
240.238 71.369 21.179 27 13 9 599 3
240.238 71.369 21.179 28 13 9 599 3
240.238 71.369 21.179 29 13 9 599 3
240.238 71.369 21.179 30 13 9 599 3
103.356 36.809 100.762 1 14 9 614 4
103.356 36.809 100.762 2 14 9 614 4
103.356 36.809 100.762 3 14 9 614 4
103.356 36.809 100.762 4 14 9 614 4
103.356 36.809 100.762 5 14 9 614 4
103.356 36.809 100.762 6 14 9 614 4
103.356 36.809 100.762 7 14 9 614 4
41.940 67.265 297.119 8 14 9 335 1
103.356 36.809 100.762 9 14 9 614 4
103.356 36.809 100.762 10 14 9 614 4
103.356 36.809 100.762 11 14 9 614 4
103.356 36.809 100.762 12 14 9 614 4
240.238 71.369 21.179 13 14 9 599 3
240.238 71.369 21.179 14 14 9 599 3
240.238 71.369 21.179 15 14 9 599 3
240.238 71.369 21.179 16 14 9 599 3
240.238 71.369 21.179 17 14 9 599 3
240.238 71.369 21.179 18 14 9 599 3
240.238 71.369 21.179 19 14 9 599 3
240.238 71.369 21.179 20 14 9 599 3
240.238 71.369 21.179 21 14 9 599 3
240.238 71.369 21.179 22 14 9 599 3
240.238 71.369 21.179 23 14 9 599 3
240.238 71.369 21.179 24 14 9 599 3
240.238 71.369 21.179 25 14 9 599 3
240.238 71.369 21.179 26 14 9 599 3
240.238 71.369 21.179 27 14 9 599 3
240.238 71.369 21.179 28 14 9 599 3
240.238 71.369 21.179 29 14 9 599 3
240.238 71.369 21.179 30 14 9 599 3
103.356 36.809 100.762 1 15 9 614 4
103.356 36.809 100.762 2 15 9 614 4
103.356 36.809 100.762 3 15 9 614 4
103.356 36.809 100.762 4 15 9 614 4
103.356 36.809 100.762 5 15 9 614 4
103.356 36.809 100.762 6 15 9 614 4
103.356 36.809 100.762 7 15 9 614 4
103.356 36.809 100.762 8 15 9 614 4
103.356 36.809 100.762 9 15 9 614 4
103.356 36.809 100.762 10 15 9 614 4
103.356 36.809 100.762 11 15 9 614 4
103.356 36.809 100.762 12 15 9 614 4
240.238 71.369 21.179 13 15 9 599 3
240.238 71.369 21.179 14 15 9 599 3
240.238 71.369 21.179 15 15 9 599 3
240.238 71.369 21.179 16 15 9 599 3
240.238 71.369 21.179 17 15 9 599 3
240.238 71.369 21.179 18 15 9 599 3
240.238 71.369 21.179 19 15 9 599 3
240.238 71.369 21.179 20 15 9 599 3
240.238 71.369 21.179 21 15 9 599 3
240.238 71.369 21.179 22 15 9 599 3
240.238 71.369 21.179 23 15 9 599 3
240.238 71.369 21.179 24 15 9 599 3
240.238 71.369 21.179 25 15 9 599 3
240.238 71.369 21.179 26 15 9 599 3
240.238 71.369 21.179 27 15 9 599 3
240.238 71.369 21.179 28 15 9 599 3
240.238 71.369 21.179 29 15 9 599 3
240.238 71.369 21.179 30 15 9 599 3
103.356 36.809 100.762 1 16 9 614 4
103.356 36.809 100.762 2 16 9 614 4
103.356 36.809 100.762 3 16 9 614 4
103.356 36.809 100.762 4 16 9 614 4
103.356 36.809 100.762 5 16 9 614 4
103.356 36.809 100.762 6 16 9 614 4
103.356 36.809 100.762 7 16 9 614 4
103.356 36.809 100.762 8 16 9 614 4
103.356 36.809 100.762 9 16 9 614 4
103.356 36.809 100.762 10 16 9 614 4
103.356 36.809 100.762 11 16 9 614 4
103.356 36.809 100.762 12 16 9 614 4
240.238 71.369 21.179 13 16 9 599 3
240.238 71.369 21.179 14 16 9 599 3
240.238 71.369 21.179 15 16 9 599 3
240.238 71.369 21.179 16 16 9 599 3
240.238 71.369 21.179 17 16 9 599 3
240.238 71.369 21.179 18 16 9 599 3
240.238 71.369 21.179 19 16 9 599 3
240.238 71.369 21.179 20 16 9 599 3
240.238 71.369 21.179 21 16 9 599 3
240.238 71.369 21.179 22 16 9 599 3
240.238 71.369 21.179 23 16 9 599 3
240.238 71.369 21.179 24 16 9 599 3
240.238 71.369 21.179 25 16 9 599 3
240.238 71.369 21.179 26 16 9 599 3
240.238 71.369 21.179 27 16 9 599 3
240.238 71.369 21.179 28 16 9 599 3
240.238 71.369 21.179 29 16 9 599 3
240.238 71.369 21.179 30 16 9 599 3
103.356 36.809 100.762 1 17 9 614 4
103.356 36.809 100.762 2 17 9 614 4
103.356 36.809 100.762 3 17 9 614 4
103.356 36.809 100.762 4 17 9 614 4
103.356 36.809 100.762 5 17 9 614 4
103.356 36.809 100.762 6 17 9 614 4
103.356 36.809 100.762 7 17 9 614 4
103.356 36.809 100.762 8 17 9 614 4
103.356 36.809 100.762 9 17 9 614 4
103.356 36.809 100.762 10 17 9 614 4
103.356 36.809 100.762 11 17 9 614 4
240.238 71.369 21.179 12 17 9 599 3
240.238 71.369 21.179 13 17 9 599 3
240.238 71.369 21.179 14 17 9 599 3
240.238 71.369 21.179 15 17 9 599 3
240.238 71.369 21.179 16 17 9 599 3
240.238 71.369 21.179 17 17 9 599 3
240.238 71.369 21.179 18 17 9 599 3
240.238 71.369 21.179 19 17 9 599 3
240.238 71.369 21.179 20 17 9 599 3
240.238 71.369 21.179 21 17 9 599 3
240.238 71.369 21.179 22 17 9 599 3
240.238 71.369 21.179 23 17 9 599 3
240.238 71.369 21.179 24 17 9 599 3
240.238 71.369 21.179 25 17 9 599 3
240.238 71.369 21.179 26 17 9 599 3
240.238 71.369 21.179 27 17 9 599 3
240.238 71.369 21.179 28 17 9 599 3
240.238 71.369 21.179 29 17 9 599 3
240.238 71.369 21.179 30 17 9 599 3
103.356 36.809 100.762 1 18 9 614 4
103.356 36.809 100.762 2 18 9 614 4
103.356 36.809 100.762 3 18 9 614 4
103.356 36.809 100.762 4 18 9 614 4
103.356 36.809 100.762 5 18 9 614 4
103.356 36.809 100.762 6 18 9 614 4
103.356 36.809 100.762 7 18 9 614 4
103.356 36.809 100.762 8 18 9 614 4
103.356 36.809 100.762 9 18 9 614 4
103.356 36.809 100.762 10 18 9 614 4
103.356 36.809 100.762 11 18 9 614 4
240.238 71.369 21.179 12 18 9 599 3
240.238 71.369 21.179 13 18 9 599 3
240.238 71.369 21.179 14 18 9 599 3
240.238 71.369 21.179 15 18 9 599 3
240.238 71.369 21.179 16 18 9 599 3
240.238 71.369 21.179 17 18 9 599 3
240.238 71.369 21.179 18 18 9 599 3
240.238 71.369 21.179 19 18 9 599 3
240.238 71.369 21.179 20 18 9 599 3
240.238 71.369 21.179 21 18 9 599 3
240.238 71.369 21.179 22 18 9 599 3
240.238 71.369 21.179 23 18 9 599 3
240.238 71.369 21.179 24 18 9 599 3
240.238 71.369 21.179 25 18 9 599 3
240.238 71.369 21.179 26 18 9 599 3
240.238 71.369 21.179 27 18 9 599 3
240.238 71.369 21.179 28 18 9 599 3
240.238 71.369 21.179 29 18 9 599 3
240.238 71.369 21.179 30 18 9 599 3
103.356 36.809 100.762 1 19 9 614 4
103.356 36.809 100.762 2 19 9 614 4
103.356 36.809 100.762 3 19 9 614 4
103.356 36.809 100.762 4 19 9 614 4
103.356 36.809 100.762 5 19 9 614 4
103.356 36.809 100.762 6 19 9 614 4
103.356 36.809 100.762 7 19 9 614 4
103.356 36.809 100.762 8 19 9 614 4
103.356 36.809 100.762 9 19 9 614 4
103.356 36.809 100.762 10 19 9 614 4
240.238 71.369 21.179 11 19 9 599 3
240.238 71.369 21.179 12 19 9 599 3
240.238 71.369 21.179 13 19 9 599 3
240.238 71.369 21.179 14 19 9 599 3
240.238 71.369 21.179 15 19 9 599 3
240.238 71.369 21.179 16 19 9 599 3
240.238 71.369 21.179 17 19 9 599 3
240.238 71.369 21.179 18 19 9 599 3
240.238 71.369 21.179 19 19 9 599 3
240.238 71.369 21.179 20 19 9 599 3
240.238 71.369 21.179 21 19 9 599 3
240.238 71.369 21.179 22 19 9 599 3
240.238 71.369 21.179 23 19 9 599 3
240.238 71.369 21.179 24 19 9 599 3
240.238 71.369 21.179 25 19 9 599 3
240.238 71.369 21.179 26 19 9 599 3
240.238 71.369 21.179 27 19 9 599 3
240.238 71.369 21.179 28 19 9 599 3
240.238 71.369 21.179 29 19 9 599 3
240.238 71.369 21.179 30 19 9 599 3
103.356 36.809 100.762 1 20 9 614 4
103.356 36.809 100.762 2 20 9 614 4
103.356 36.809 100.762 3 20 9 614 4
103.356 36.809 100.762 4 20 9 614 4
103.356 36.809 100.762 5 20 9 614 4
103.356 36.809 100.762 6 20 9 614 4
103.356 36.809 100.762 7 20 9 614 4
103.356 36.809 100.762 8 20 9 614 4
103.356 36.809 100.762 9 20 9 614 4
240.238 71.369 21.179 10 20 9 599 3
240.238 71.369 21.179 11 20 9 599 3
240.238 71.369 21.179 12 20 9 599 3
240.238 71.369 21.179 13 20 9 599 3
240.238 71.369 21.179 14 20 9 599 3
240.238 71.369 21.179 15 20 9 599 3
240.238 71.369 21.179 16 20 9 599 3
240.238 71.369 21.179 17 20 9 599 3
240.238 71.369 21.179 18 20 9 599 3
240.238 71.369 21.179 19 20 9 599 3
240.238 71.369 21.179 20 20 9 599 3
240.238 71.369 21.179 21 20 9 599 3
240.238 71.369 21.179 22 20 9 599 3
240.238 71.369 21.179 23 20 9 599 3
240.238 71.369 21.179 24 20 9 599 3
240.238 71.369 21.179 25 20 9 599 3
240.238 71.369 21.179 26 20 9 599 3
240.238 71.369 21.179 27 20 9 599 3
240.238 71.369 21.179 28 20 9 599 3
240.238 71.369 21.179 29 20 9 599 3
240.238 71.369 21.179 30 20 9 599 3
103.356 36.809 100.762 1 21 9 614 4
103.356 36.809 100.762 2 21 9 614 4
103.356 36.809 100.762 3 21 9 614 4
103.356 36.809 100.762 4 21 9 614 4
103.356 36.809 100.762 5 21 9 614 4
103.356 36.809 100.762 6 21 9 614 4
103.356 36.809 100.762 7 21 9 614 4
103.356 36.809 100.762 8 21 9 614 4
240.238 71.369 21.179 9 21 9 599 3
240.238 71.369 21.179 10 21 9 599 3
240.238 71.369 21.179 11 21 9 599 3
240.238 71.369 21.179 12 21 9 599 3
240.238 71.369 21.179 13 21 9 599 3
240.238 71.369 21.179 14 21 9 599 3
240.238 71.369 21.179 15 21 9 599 3
240.238 71.369 21.179 16 21 9 599 3
240.238 71.369 21.179 17 21 9 599 3
240.238 71.369 21.179 18 21 9 599 3
240.238 71.369 21.179 19 21 9 599 3
240.238 71.369 21.179 20 21 9 599 3
240.238 71.369 21.179 21 21 9 599 3
240.238 71.369 21.179 22 21 9 599 3
240.238 71.369 21.179 23 21 9 599 3
240.238 71.369 21.179 24 21 9 599 3
240.238 71.369 21.179 25 21 9 599 3
240.238 71.369 21.179 26 21 9 599 3
240.238 71.369 21.179 27 21 9 599 3
240.238 71.369 21.179 28 21 9 599 3
240.238 71.369 21.179 29 21 9 599 3
240.238 71.369 21.179 30 21 9 599 3
103.356 36.809 100.762 1 22 9 614 4
103.356 36.809 100.762 2 22 9 614 4
103.356 36.809 100.762 3 22 9 614 4
103.356 36.809 100.762 4 22 9 614 4
103.356 36.809 100.762 5 22 9 614 4
103.356 36.809 100.762 6 22 9 614 4
103.356 36.809 100.762 7 22 9 614 4
103.356 36.809 100.762 8 22 9 614 4
240.238 71.369 21.179 9 22 9 599 3
240.238 71.369 21.179 10 22 9 599 3
240.238 71.369 21.179 11 22 9 599 3
240.238 71.369 21.179 12 22 9 599 3
240.238 71.369 21.179 13 22 9 599 3
240.238 71.369 21.179 14 22 9 599 3
240.238 71.369 21.179 15 22 9 599 3
240.238 71.369 21.179 16 22 9 599 3
240.238 71.369 21.179 17 22 9 599 3
240.238 71.369 21.179 18 22 9 599 3
240.238 71.369 21.179 19 22 9 599 3
240.238 71.369 21.179 20 22 9 599 3
240.238 71.369 21.179 21 22 9 599 3
240.238 71.369 21.179 22 22 9 599 3
240.238 71.369 21.179 23 22 9 599 3
240.238 71.369 21.179 24 22 9 599 3
240.238 71.369 21.179 25 22 9 599 3
240.238 71.369 21.179 26 22 9 599 3
240.238 71.369 21.179 27 22 9 599 3
240.238 71.369 21.179 28 22 9 599 3
168.006 100.239 34.273 29 22 9 246 1
240.238 71.369 21.179 30 22 9 599 3
103.356 36.809 100.762 1 23 9 614 4
103.356 36.809 100.762 2 23 9 614 4
103.356 36.809 100.762 3 23 9 614 4
103.356 36.809 100.762 4 23 9 614 4
335.157 85.230 353.238 5 23 9 258 1
103.356 36.809 100.762 6 23 9 614 4
17.778 140.242 256.915 7 23 9 427 1
17.778 140.242 256.915 8 23 9 427 1
17.778 140.242 256.915 9 23 9 427 1
240.238 71.369 21.179 10 23 9 599 3
240.238 71.369 21.179 11 23 9 599 3
240.238 71.369 21.179 12 23 9 599 3
240.238 71.369 21.179 13 23 9 599 3
240.238 71.369 21.179 14 23 9 599 3
240.238 71.369 21.179 15 23 9 599 3
240.238 71.369 21.179 16 23 9 599 3
240.238 71.369 21.179 17 23 9 599 3
240.238 71.369 21.179 18 23 9 599 3
240.238 71.369 21.179 19 23 9 599 3
240.238 71.369 21.179 20 23 9 599 3
240.238 71.369 21.179 21 23 9 599 3
240.238 71.369 21.179 22 23 9 599 3
240.238 71.369 21.179 23 23 9 599 3
240.238 71.369 21.179 24 23 9 599 3
240.238 71.369 21.179 25 23 9 599 3
240.238 71.369 21.179 26 23 9 599 3
240.238 71.369 21.179 27 23 9 599 3
240.238 71.369 21.179 28 23 9 599 3
240.238 71.369 21.179 29 23 9 599 3
240.238 71.369 21.179 30 23 9 599 3
103.356 36.809 100.762 1 24 9 614 4
103.356 36.809 100.762 2 24 9 614 4
103.356 36.809 100.762 3 24 9 614 4
103.356 36.809 100.762 4 24 9 614 4
335.157 85.230 353.238 5 24 9 258 1
103.356 36.809 100.762 6 24 9 614 4
17.778 140.242 256.915 7 24 9 427 1
17.778 140.242 256.915 8 24 9 427 1
17.778 140.242 256.915 9 24 9 427 1
17.778 140.242 256.915 10 24 9 427 1
240.238 71.369 21.179 11 24 9 599 3
240.238 71.369 21.179 12 24 9 599 3
240.238 71.369 21.179 13 24 9 599 3
240.238 71.369 21.179 14 24 9 599 3
240.238 71.369 21.179 15 24 9 599 3
240.238 71.369 21.179 16 24 9 599 3
240.238 71.369 21.179 17 24 9 599 3
240.238 71.369 21.179 18 24 9 599 3
240.238 71.369 21.179 19 24 9 599 3
240.238 71.369 21.179 20 24 9 599 3
240.238 71.369 21.179 21 24 9 599 3
240.238 71.369 21.179 22 24 9 599 3
240.238 71.369 21.179 23 24 9 599 3
240.238 71.369 21.179 24 24 9 599 3
240.238 71.369 21.179 25 24 9 599 3
240.238 71.369 21.179 26 24 9 599 3
240.238 71.369 21.179 27 24 9 599 3
240.238 71.369 21.179 28 24 9 599 3
240.238 71.369 21.179 29 24 9 599 3
240.238 71.369 21.179 30 24 9 599 3
103.356 36.809 100.762 1 25 9 614 4
103.356 36.809 100.762 2 25 9 614 4
103.356 36.809 100.762 3 25 9 614 4
103.356 36.809 100.762 4 25 9 614 4
335.157 85.230 353.238 5 25 9 258 1
113.118 137.849 301.947 6 25 9 118 1
17.778 140.242 256.915 7 25 9 427 1
17.778 140.242 256.915 8 25 9 427 1
17.778 140.242 256.915 9 25 9 427 1
17.778 140.242 256.915 10 25 9 427 1
65.770 61.250 83.338 11 25 9 618 4
240.238 71.369 21.179 12 25 9 599 3
240.238 71.369 21.179 13 25 9 599 3
240.238 71.369 21.179 14 25 9 599 3
240.238 71.369 21.179 15 25 9 599 3
240.238 71.369 21.179 16 25 9 599 3
240.238 71.369 21.179 17 25 9 599 3
240.238 71.369 21.179 18 25 9 599 3
240.238 71.369 21.179 19 25 9 599 3
240.238 71.369 21.179 20 25 9 599 3
240.238 71.369 21.179 21 25 9 599 3
240.238 71.369 21.179 22 25 9 599 3
240.238 71.369 21.179 23 25 9 599 3
240.238 71.369 21.179 24 25 9 599 3
240.238 71.369 21.179 25 25 9 599 3
240.238 71.369 21.179 26 25 9 599 3
240.238 71.369 21.179 27 25 9 599 3
293.792 106.787 206.495 28 25 9 617 4
293.792 106.787 206.495 29 25 9 617 4
188.985 62.989 341.021 30 25 9 509 2
103.356 36.809 100.762 1 26 9 614 4
103.356 36.809 100.762 2 26 9 614 4
103.356 36.809 100.762 3 26 9 614 4
65.770 61.250 83.338 4 26 9 618 4
65.770 61.250 83.338 5 26 9 618 4
156.794 46.057 122.907 6 26 9 481 1
65.770 61.250 83.338 7 26 9 618 4
65.770 61.250 83.338 8 26 9 618 4
65.770 61.250 83.338 9 26 9 618 4
65.770 61.250 83.338 10 26 9 618 4
288.119 85.754 28.577 11 26 9 650 1
288.119 85.754 28.577 12 26 9 650 1
288.119 85.754 28.577 13 26 9 650 1
240.238 71.369 21.179 14 26 9 599 3
240.238 71.369 21.179 15 26 9 599 3
240.238 71.369 21.179 16 26 9 599 3
240.238 71.369 21.179 17 26 9 599 3
240.238 71.369 21.179 18 26 9 599 3
240.238 71.369 21.179 19 26 9 599 3
240.238 71.369 21.179 20 26 9 599 3
240.238 71.369 21.179 21 26 9 599 3
240.238 71.369 21.179 22 26 9 599 3
240.238 71.369 21.179 23 26 9 599 3
240.238 71.369 21.179 24 26 9 599 3
240.238 71.369 21.179 25 26 9 599 3
293.792 106.787 206.495 26 26 9 617 4
293.792 106.787 206.495 27 26 9 617 4
293.792 106.787 206.495 28 26 9 617 4
293.792 106.787 206.495 29 26 9 617 4
188.985 62.989 341.021 30 26 9 509 2
140.644 143.483 348.012 1 27 9 334 1
140.644 143.483 348.012 2 27 9 334 1
140.644 143.483 348.012 3 27 9 334 1
65.770 61.250 83.338 4 27 9 618 4
65.770 61.250 83.338 5 27 9 618 4
65.770 61.250 83.338 6 27 9 618 4
65.770 61.250 83.338 7 27 9 618 4
65.770 61.250 83.338 8 27 9 618 4
65.770 61.250 83.338 9 27 9 618 4
65.770 61.250 83.338 10 27 9 618 4
65.770 61.250 83.338 11 27 9 618 4
288.119 85.754 28.577 12 27 9 650 1
288.119 85.754 28.577 13 27 9 650 1
76.319 24.655 108.586 14 27 9 186 1
76.319 24.655 108.586 15 27 9 186 1
76.319 24.655 108.586 16 27 9 186 1
76.319 24.655 108.586 17 27 9 186 1
76.319 24.655 108.586 18 27 9 186 1
240.238 71.369 21.179 19 27 9 599 3
302.956 110.867 220.807 20 27 9 547 2
302.956 110.867 220.807 21 27 9 547 2
302.956 110.867 220.807 22 27 9 547 2
302.956 110.867 220.807 23 27 9 547 2
302.956 110.867 220.807 24 27 9 547 2
148.837 14.311 16.900 25 27 9 681 4
148.837 14.311 16.900 26 27 9 681 4
293.792 106.787 206.495 27 27 9 617 4
293.792 106.787 206.495 28 27 9 617 4
293.792 106.787 206.495 29 27 9 617 4
293.792 106.787 206.495 30 27 9 617 4
140.644 143.483 348.012 1 28 9 334 1
140.644 143.483 348.012 2 28 9 334 1
140.644 143.483 348.012 3 28 9 334 1
65.770 61.250 83.338 4 28 9 618 4
65.770 61.250 83.338 5 28 9 618 4
65.770 61.250 83.338 6 28 9 618 4
65.770 61.250 83.338 7 28 9 618 4
65.770 61.250 83.338 8 28 9 618 4
65.770 61.250 83.338 9 28 9 618 4
65.770 61.250 83.338 10 28 9 618 4
276.091 60.748 65.619 11 28 9 528 2
276.091 60.748 65.619 12 28 9 528 2
65.770 61.250 83.338 13 28 9 618 4
76.319 24.655 108.586 14 28 9 186 1
76.319 24.655 108.586 15 28 9 186 1
76.319 24.655 108.586 16 28 9 186 1
76.319 24.655 108.586 17 28 9 186 1
76.319 24.655 108.586 18 28 9 186 1
76.319 24.655 108.586 19 28 9 186 1
302.956 110.867 220.807 20 28 9 547 2
302.956 110.867 220.807 21 28 9 547 2
302.956 110.867 220.807 22 28 9 547 2
302.956 110.867 220.807 23 28 9 547 2
302.956 110.867 220.807 24 28 9 547 2
148.837 14.311 16.900 25 28 9 681 4
148.837 14.311 16.900 26 28 9 681 4
148.837 14.311 16.900 27 28 9 681 4
148.837 14.311 16.900 28 28 9 681 4
293.792 106.787 206.495 29 28 9 617 4
293.792 106.787 206.495 30 28 9 617 4
116.310 41.766 58.788 1 29 9 564 2
140.644 143.483 348.012 2 29 9 334 1
65.770 61.250 83.338 3 29 9 618 4
65.770 61.250 83.338 4 29 9 618 4
65.770 61.250 83.338 5 29 9 618 4
108.062 145.661 125.003 6 29 9 550 2
65.770 61.250 83.338 7 29 9 618 4
65.770 61.250 83.338 8 29 9 618 4
65.770 61.250 83.338 9 29 9 618 4
65.770 61.250 83.338 10 29 9 618 4
276.091 60.748 65.619 11 29 9 528 2
276.091 60.748 65.619 12 29 9 528 2
65.770 61.250 83.338 13 29 9 618 4
76.319 24.655 108.586 14 29 9 186 1
76.319 24.655 108.586 15 29 9 186 1
76.319 24.655 108.586 16 29 9 186 1
76.319 24.655 108.586 17 29 9 186 1
140.715 96.261 310.071 18 29 9 448 1
140.715 96.261 310.071 19 29 9 448 1
5.557 142.472 48.761 20 29 9 555 2
5.557 142.472 48.761 21 29 9 555 2
302.956 110.867 220.807 22 29 9 547 2
302.956 110.867 220.807 23 29 9 547 2
302.956 110.867 220.807 24 29 9 547 2
148.837 14.311 16.900 25 29 9 681 4
148.837 14.311 16.900 26 29 9 681 4
148.837 14.311 16.900 27 29 9 681 4
148.837 14.311 16.900 28 29 9 681 4
148.837 14.311 16.900 29 29 9 681 4
293.792 106.787 206.495 30 29 9 617 4
339.152 56.056 307.251 1 30 9 91 1
339.152 56.056 307.251 2 30 9 91 1
65.770 61.250 83.338 3 30 9 618 4
65.770 61.250 83.338 4 30 9 618 4
65.770 61.250 83.338 5 30 9 618 4
65.770 61.250 83.338 6 30 9 618 4
214.768 89.672 90.060 7 30 9 449 1
65.770 61.250 83.338 8 30 9 618 4
65.770 61.250 83.338 9 30 9 618 4
65.770 61.250 83.338 10 30 9 618 4
65.770 61.250 83.338 11 30 9 618 4
65.770 61.250 83.338 12 30 9 618 4
65.770 61.250 83.338 13 30 9 618 4
253.158 115.223 211.451 14 30 9 180 1
253.158 115.223 211.451 15 30 9 180 1
76.319 24.655 108.586 16 30 9 186 1
140.715 96.261 310.071 17 30 9 448 1
140.715 96.261 310.071 18 30 9 448 1
140.715 96.261 310.071 19 30 9 448 1
5.557 142.472 48.761 20 30 9 555 2
5.557 142.472 48.761 21 30 9 555 2
302.956 110.867 220.807 22 30 9 547 2
302.956 110.867 220.807 23 30 9 547 2
302.956 110.867 220.807 24 30 9 547 2
148.837 14.311 16.900 25 30 9 681 4
148.837 14.311 16.900 26 30 9 681 4
148.837 14.311 16.900 27 30 9 681 4
148.837 14.311 16.900 28 30 9 681 4
148.837 14.311 16.900 29 30 9 681 4
293.792 106.787 206.495 30 30 9 617 4
