161.467 12.121 15.122 1 1 29 680 4
161.467 12.121 15.122 2 1 29 680 4
161.467 12.121 15.122 3 1 29 680 4
161.467 12.121 15.122 4 1 29 680 4
161.467 12.121 15.122 5 1 29 680 4
157.424 114.472 202.522 6 1 29 551 2
157.424 114.472 202.522 7 1 29 551 2
157.424 114.472 202.522 8 1 29 551 2
157.424 114.472 202.522 9 1 29 551 2
189.852 39.222 167.071 10 1 29 271 1
189.852 39.222 167.071 11 1 29 271 1
189.852 39.222 167.071 12 1 29 271 1
189.852 39.222 167.071 13 1 29 271 1
189.852 39.222 167.071 14 1 29 271 1
189.852 39.222 167.071 15 1 29 271 1
189.852 39.222 167.071 16 1 29 271 1
189.852 39.222 167.071 17 1 29 271 1
219.574 129.793 106.887 18 1 29 611 4
219.574 129.793 106.887 19 1 29 611 4
219.574 129.793 106.887 20 1 29 611 4
219.574 129.793 106.887 21 1 29 611 4
219.574 129.793 106.887 22 1 29 611 4
219.574 129.793 106.887 23 1 29 611 4
219.574 129.793 106.887 24 1 29 611 4
219.574 129.793 106.887 25 1 29 611 4
219.574 129.793 106.887 26 1 29 611 4
219.574 129.793 106.887 27 1 29 611 4
219.574 129.793 106.887 28 1 29 611 4
219.574 129.793 106.887 29 1 29 611 4
219.574 129.793 106.887 30 1 29 611 4
161.467 12.121 15.122 1 2 29 680 4
161.467 12.121 15.122 2 2 29 680 4
161.467 12.121 15.122 3 2 29 680 4
161.467 12.121 15.122 4 2 29 680 4
192.607 64.426 209.079 5 2 29 543 2
192.607 64.426 209.079 6 2 29 543 2
217.413 119.437 67.513 7 2 29 485 2
157.424 114.472 202.522 8 2 29 551 2
157.424 114.472 202.522 9 2 29 551 2
189.852 39.222 167.071 10 2 29 271 1
189.852 39.222 167.071 11 2 29 271 1
189.852 39.222 167.071 12 2 29 271 1
189.852 39.222 167.071 13 2 29 271 1
189.852 39.222 167.071 14 2 29 271 1
189.852 39.222 167.071 15 2 29 271 1
189.852 39.222 167.071 16 2 29 271 1
189.852 39.222 167.071 17 2 29 271 1
219.574 129.793 106.887 18 2 29 611 4
219.574 129.793 106.887 19 2 29 611 4
223.376 134.780 352.481 20 2 29 607 4
219.574 129.793 106.887 21 2 29 611 4
219.574 129.793 106.887 22 2 29 611 4
219.574 129.793 106.887 23 2 29 611 4
219.574 129.793 106.887 24 2 29 611 4
219.574 129.793 106.887 25 2 29 611 4
219.574 129.793 106.887 26 2 29 611 4
219.574 129.793 106.887 27 2 29 611 4
219.574 129.793 106.887 28 2 29 611 4
219.574 129.793 106.887 29 2 29 611 4
219.574 129.793 106.887 30 2 29 611 4
317.030 150.515 345.797 1 3 29 38 1
317.030 150.515 345.797 2 3 29 38 1
161.467 12.121 15.122 3 3 29 680 4
161.467 12.121 15.122 4 3 29 680 4
192.607 64.426 209.079 5 3 29 543 2
192.607 64.426 209.079 6 3 29 543 2
217.413 119.437 67.513 7 3 29 485 2
217.413 119.437 67.513 8 3 29 485 2
157.424 114.472 202.522 9 3 29 551 2
189.852 39.222 167.071 10 3 29 271 1
189.852 39.222 167.071 11 3 29 271 1
189.852 39.222 167.071 12 3 29 271 1
189.852 39.222 167.071 13 3 29 271 1
189.852 39.222 167.071 14 3 29 271 1
189.852 39.222 167.071 15 3 29 271 1
110.286 43.725 96.494 16 3 29 102 1
313.406 153.696 304.596 17 3 29 473 1
219.574 129.793 106.887 18 3 29 611 4
219.574 129.793 106.887 19 3 29 611 4
223.376 134.780 352.481 20 3 29 607 4
223.376 134.780 352.481 21 3 29 607 4
322.899 123.915 353.870 22 3 29 37 1
219.574 129.793 106.887 23 3 29 611 4
219.574 129.793 106.887 24 3 29 611 4
219.574 129.793 106.887 25 3 29 611 4
219.574 129.793 106.887 26 3 29 611 4
219.574 129.793 106.887 27 3 29 611 4
219.574 129.793 106.887 28 3 29 611 4
219.574 129.793 106.887 29 3 29 611 4
219.574 129.793 106.887 30 3 29 611 4
317.030 150.515 345.797 1 4 29 38 1
317.030 150.515 345.797 2 4 29 38 1
161.467 12.121 15.122 3 4 29 680 4
161.467 12.121 15.122 4 4 29 680 4
192.607 64.426 209.079 5 4 29 543 2
192.607 64.426 209.079 6 4 29 543 2
217.413 119.437 67.513 7 4 29 485 2
217.413 119.437 67.513 8 4 29 485 2
217.413 119.437 67.513 9 4 29 485 2
189.852 39.222 167.071 10 4 29 271 1
310.736 60.837 169.687 11 4 29 570 2
189.852 39.222 167.071 12 4 29 271 1
189.852 39.222 167.071 13 4 29 271 1
189.852 39.222 167.071 14 4 29 271 1
310.958 82.598 196.824 15 4 29 620 4
110.286 43.725 96.494 16 4 29 102 1
310.958 82.598 196.824 17 4 29 620 4
310.958 82.598 196.824 18 4 29 620 4
219.574 129.793 106.887 19 4 29 611 4
219.574 129.793 106.887 20 4 29 611 4
223.376 134.780 352.481 21 4 29 607 4
223.376 134.780 352.481 22 4 29 607 4
219.574 129.793 106.887 23 4 29 611 4
219.574 129.793 106.887 24 4 29 611 4
219.574 129.793 106.887 25 4 29 611 4
219.574 129.793 106.887 26 4 29 611 4
219.574 129.793 106.887 27 4 29 611 4
219.574 129.793 106.887 28 4 29 611 4
219.574 129.793 106.887 29 4 29 611 4
219.574 129.793 106.887 30 4 29 611 4
317.030 150.515 345.797 1 5 29 38 1
317.030 150.515 345.797 2 5 29 38 1
161.467 12.121 15.122 3 5 29 680 4
161.467 12.121 15.122 4 5 29 680 4
192.607 64.426 209.079 5 5 29 543 2
192.607 64.426 209.079 6 5 29 543 2
217.413 119.437 67.513 7 5 29 485 2
217.413 119.437 67.513 8 5 29 485 2
217.413 119.437 67.513 9 5 29 485 2
189.852 39.222 167.071 10 5 29 271 1
310.736 60.837 169.687 11 5 29 570 2
189.852 39.222 167.071 12 5 29 271 1
189.852 39.222 167.071 13 5 29 271 1
310.958 82.598 196.824 14 5 29 620 4
310.958 82.598 196.824 15 5 29 620 4
310.958 82.598 196.824 16 5 29 620 4
310.958 82.598 196.824 17 5 29 620 4
310.958 82.598 196.824 18 5 29 620 4
219.574 129.793 106.887 19 5 29 611 4
219.574 129.793 106.887 20 5 29 611 4
219.574 129.793 106.887 21 5 29 611 4
219.574 129.793 106.887 22 5 29 611 4
219.574 129.793 106.887 23 5 29 611 4
219.574 129.793 106.887 24 5 29 611 4
219.574 129.793 106.887 25 5 29 611 4
219.574 129.793 106.887 26 5 29 611 4
219.574 129.793 106.887 27 5 29 611 4
219.574 129.793 106.887 28 5 29 611 4
219.574 129.793 106.887 29 5 29 611 4
219.574 129.793 106.887 30 5 29 611 4
77.412 38.765 55.423 1 6 29 671 2
77.412 38.765 55.423 2 6 29 671 2
77.412 38.765 55.423 3 6 29 671 2
131.252 50.677 198.339 4 6 29 476 1
13.706 104.570 327.960 5 6 29 134 1
13.706 104.570 327.960 6 6 29 134 1
217.413 119.437 67.513 7 6 29 485 2
217.413 119.437 67.513 8 6 29 485 2
140.085 128.635 275.528 9 6 29 606 4
140.085 128.635 275.528 10 6 29 606 4
310.736 60.837 169.687 11 6 29 570 2
273.935 67.623 259.230 12 6 29 129 1
273.935 67.623 259.230 13 6 29 129 1
310.958 82.598 196.824 14 6 29 620 4
310.958 82.598 196.824 15 6 29 620 4
310.958 82.598 196.824 16 6 29 620 4
310.958 82.598 196.824 17 6 29 620 4
310.958 82.598 196.824 18 6 29 620 4
310.958 82.598 196.824 19 6 29 620 4
219.574 129.793 106.887 20 6 29 611 4
219.574 129.793 106.887 21 6 29 611 4
219.574 129.793 106.887 22 6 29 611 4
219.574 129.793 106.887 23 6 29 611 4
219.574 129.793 106.887 24 6 29 611 4
219.574 129.793 106.887 25 6 29 611 4
219.574 129.793 106.887 26 6 29 611 4
219.574 129.793 106.887 27 6 29 611 4
219.574 129.793 106.887 28 6 29 611 4
219.574 129.793 106.887 29 6 29 611 4
210.798 88.623 37.614 30 6 29 600 4
77.412 38.765 55.423 1 7 29 671 2
77.412 38.765 55.423 2 7 29 671 2
77.412 38.765 55.423 3 7 29 671 2
131.252 50.677 198.339 4 7 29 476 1
131.252 50.677 198.339 5 7 29 476 1
211.831 18.997 8.459 6 7 29 170 1
217.413 119.437 67.513 7 7 29 485 2
217.413 119.437 67.513 8 7 29 485 2
140.085 128.635 275.528 9 7 29 606 4
140.085 128.635 275.528 10 7 29 606 4
273.935 67.623 259.230 11 7 29 129 1
273.935 67.623 259.230 12 7 29 129 1
273.935 67.623 259.230 13 7 29 129 1
273.935 67.623 259.230 14 7 29 129 1
310.958 82.598 196.824 15 7 29 620 4
310.958 82.598 196.824 16 7 29 620 4
310.958 82.598 196.824 17 7 29 620 4
310.958 82.598 196.824 18 7 29 620 4
310.958 82.598 196.824 19 7 29 620 4
310.958 82.598 196.824 20 7 29 620 4
219.574 129.793 106.887 21 7 29 611 4
219.574 129.793 106.887 22 7 29 611 4
219.574 129.793 106.887 23 7 29 611 4
219.574 129.793 106.887 24 7 29 611 4
219.574 129.793 106.887 25 7 29 611 4
103.022 60.564 45.183 26 7 29 537 2
103.022 60.564 45.183 27 7 29 537 2
219.574 129.793 106.887 28 7 29 611 4
210.798 88.623 37.614 29 7 29 600 4
210.798 88.623 37.614 30 7 29 600 4
77.412 38.765 55.423 1 8 29 671 2
77.412 38.765 55.423 2 8 29 671 2
77.412 38.765 55.423 3 8 29 671 2
77.412 38.765 55.423 4 8 29 671 2
211.831 18.997 8.459 5 8 29 170 1
211.831 18.997 8.459 6 8 29 170 1
211.831 18.997 8.459 7 8 29 170 1
227.589 135.744 181.687 8 8 29 392 1
140.085 128.635 275.528 9 8 29 606 4
140.085 128.635 275.528 10 8 29 606 4
273.935 67.623 259.230 11 8 29 129 1
273.935 67.623 259.230 12 8 29 129 1
273.935 67.623 259.230 13 8 29 129 1
273.935 67.623 259.230 14 8 29 129 1
310.958 82.598 196.824 15 8 29 620 4
310.958 82.598 196.824 16 8 29 620 4
310.958 82.598 196.824 17 8 29 620 4
311.851 171.188 119.114 18 8 29 249 1
310.958 82.598 196.824 19 8 29 620 4
310.958 82.598 196.824 20 8 29 620 4
20.700 145.390 215.577 21 8 29 598 3
137.304 85.697 57.778 22 8 29 76 1
20.700 145.390 215.577 23 8 29 598 3
20.700 145.390 215.577 24 8 29 598 3
20.700 145.390 215.577 25 8 29 598 3
20.700 145.390 215.577 26 8 29 598 3
20.700 145.390 215.577 27 8 29 598 3
20.700 145.390 215.577 28 8 29 598 3
304.025 133.534 6.218 29 8 29 661 2
304.025 133.534 6.218 30 8 29 661 2
77.412 38.765 55.423 1 9 29 671 2
77.412 38.765 55.423 2 9 29 671 2
77.412 38.765 55.423 3 9 29 671 2
218.576 97.951 210.849 4 9 29 533 2
218.576 97.951 210.849 5 9 29 533 2
211.831 18.997 8.459 6 9 29 170 1
211.831 18.997 8.459 7 9 29 170 1
211.831 18.997 8.459 8 9 29 170 1
211.831 18.997 8.459 9 9 29 170 1
296.754 78.501 232.414 10 9 29 314 1
296.754 78.501 232.414 11 9 29 314 1
273.935 67.623 259.230 12 9 29 129 1
273.935 67.623 259.230 13 9 29 129 1
273.935 67.623 259.230 14 9 29 129 1
273.935 67.623 259.230 15 9 29 129 1
310.958 82.598 196.824 16 9 29 620 4
310.958 82.598 196.824 17 9 29 620 4
310.958 82.598 196.824 18 9 29 620 4
310.958 82.598 196.824 19 9 29 620 4
20.700 145.390 215.577 20 9 29 598 3
20.700 145.390 215.577 21 9 29 598 3
20.700 145.390 215.577 22 9 29 598 3
20.700 145.390 215.577 23 9 29 598 3
20.700 145.390 215.577 24 9 29 598 3
20.700 145.390 215.577 25 9 29 598 3
20.700 145.390 215.577 26 9 29 598 3
20.700 145.390 215.577 27 9 29 598 3
20.700 145.390 215.577 28 9 29 598 3
20.700 145.390 215.577 29 9 29 598 3
304.025 133.534 6.218 30 9 29 661 2
77.412 38.765 55.423 1 10 29 671 2
77.412 38.765 55.423 2 10 29 671 2
77.412 38.765 55.423 3 10 29 671 2
218.576 97.951 210.849 4 10 29 533 2
218.576 97.951 210.849 5 10 29 533 2
218.576 97.951 210.849 6 10 29 533 2
4.676 161.837 209.204 7 10 29 407 1
4.676 161.837 209.204 8 10 29 407 1
296.754 78.501 232.414 9 10 29 314 1
296.754 78.501 232.414 10 10 29 314 1
296.754 78.501 232.414 11 10 29 314 1
224.055 167.487 112.573 12 10 29 529 2
273.935 67.623 259.230 13 10 29 129 1
273.935 67.623 259.230 14 10 29 129 1
340.941 86.589 341.092 15 10 29 556 2
340.941 86.589 341.092 16 10 29 556 2
340.941 86.589 341.092 17 10 29 556 2
20.700 145.390 215.577 18 10 29 598 3
20.700 145.390 215.577 19 10 29 598 3
20.700 145.390 215.577 20 10 29 598 3
20.700 145.390 215.577 21 10 29 598 3
20.700 145.390 215.577 22 10 29 598 3
20.700 145.390 215.577 23 10 29 598 3
20.700 145.390 215.577 24 10 29 598 3
20.700 145.390 215.577 25 10 29 598 3
20.700 145.390 215.577 26 10 29 598 3
20.700 145.390 215.577 27 10 29 598 3
20.700 145.390 215.577 28 10 29 598 3
20.700 145.390 215.577 29 10 29 598 3
83.595 27.268 269.663 30 10 29 519 2
77.412 38.765 55.423 1 11 29 671 2
77.412 38.765 55.423 2 11 29 671 2
77.412 38.765 55.423 3 11 29 671 2
182.483 165.677 160.718 4 11 29 649 1
36.375 146.174 209.873 5 11 29 616 4
36.375 146.174 209.873 6 11 29 616 4
36.375 146.174 209.873 7 11 29 616 4
36.375 146.174 209.873 8 11 29 616 4
36.375 146.174 209.873 9 11 29 616 4
296.754 78.501 232.414 10 11 29 314 1
296.754 78.501 232.414 11 11 29 314 1
224.055 167.487 112.573 12 11 29 529 2
273.935 67.623 259.230 13 11 29 129 1
273.935 67.623 259.230 14 11 29 129 1
340.941 86.589 341.092 15 11 29 556 2
340.941 86.589 341.092 16 11 29 556 2
20.700 145.390 215.577 17 11 29 598 3
20.700 145.390 215.577 18 11 29 598 3
20.700 145.390 215.577 19 11 29 598 3
20.700 145.390 215.577 20 11 29 598 3
20.700 145.390 215.577 21 11 29 598 3
20.700 145.390 215.577 22 11 29 598 3
20.700 145.390 215.577 23 11 29 598 3
20.700 145.390 215.577 24 11 29 598 3
20.700 145.390 215.577 25 11 29 598 3
20.700 145.390 215.577 26 11 29 598 3
20.700 145.390 215.577 27 11 29 598 3
140.748 117.502 295.199 28 11 29 507 2
83.595 27.268 269.663 29 11 29 519 2
83.595 27.268 269.663 30 11 29 519 2
298.728 87.950 332.841 1 12 29 619 4
298.728 87.950 332.841 2 12 29 619 4
36.375 146.174 209.873 3 12 29 616 4
182.483 165.677 160.718 4 12 29 649 1
36.375 146.174 209.873 5 12 29 616 4
36.375 146.174 209.873 6 12 29 616 4
229.960 36.328 160.747 7 12 29 416 1
36.375 146.174 209.873 8 12 29 616 4
36.375 146.174 209.873 9 12 29 616 4
36.375 146.174 209.873 10 12 29 616 4
36.375 146.174 209.873 11 12 29 616 4
36.375 146.174 209.873 12 12 29 616 4
273.935 67.623 259.230 13 12 29 129 1
273.935 67.623 259.230 14 12 29 129 1
340.941 86.589 341.092 15 12 29 556 2
20.700 145.390 215.577 16 12 29 598 3
20.700 145.390 215.577 17 12 29 598 3
20.700 145.390 215.577 18 12 29 598 3
20.700 145.390 215.577 19 12 29 598 3
20.700 145.390 215.577 20 12 29 598 3
20.700 145.390 215.577 21 12 29 598 3
20.700 145.390 215.577 22 12 29 598 3
20.700 145.390 215.577 23 12 29 598 3
20.700 145.390 215.577 24 12 29 598 3
20.700 145.390 215.577 25 12 29 598 3
20.700 145.390 215.577 26 12 29 598 3
20.700 145.390 215.577 27 12 29 598 3
140.748 117.502 295.199 28 12 29 507 2
83.595 27.268 269.663 29 12 29 519 2
83.595 27.268 269.663 30 12 29 519 2
298.728 87.950 332.841 1 13 29 619 4
36.375 146.174 209.873 2 13 29 616 4
36.375 146.174 209.873 3 13 29 616 4
36.375 146.174 209.873 4 13 29 616 4
36.375 146.174 209.873 5 13 29 616 4
36.375 146.174 209.873 6 13 29 616 4
36.375 146.174 209.873 7 13 29 616 4
36.375 146.174 209.873 8 13 29 616 4
36.375 146.174 209.873 9 13 29 616 4
36.375 146.174 209.873 10 13 29 616 4
36.375 146.174 209.873 11 13 29 616 4
36.375 146.174 209.873 12 13 29 616 4
36.375 146.174 209.873 13 13 29 616 4
20.700 145.390 215.577 14 13 29 598 3
20.700 145.390 215.577 15 13 29 598 3
20.700 145.390 215.577 16 13 29 598 3
20.700 145.390 215.577 17 13 29 598 3
20.700 145.390 215.577 18 13 29 598 3
20.700 145.390 215.577 19 13 29 598 3
20.700 145.390 215.577 20 13 29 598 3
20.700 145.390 215.577 21 13 29 598 3
20.700 145.390 215.577 22 13 29 598 3
20.700 145.390 215.577 23 13 29 598 3
20.700 145.390 215.577 24 13 29 598 3
20.700 145.390 215.577 25 13 29 598 3
20.700 145.390 215.577 26 13 29 598 3
147.213 102.870 110.068 27 13 29 371 1
147.213 102.870 110.068 28 13 29 371 1
83.595 27.268 269.663 29 13 29 519 2
83.595 27.268 269.663 30 13 29 519 2
298.728 87.950 332.841 1 14 29 619 4
83.587 49.317 186.759 2 14 29 224 1
36.375 146.174 209.873 3 14 29 616 4
36.375 146.174 209.873 4 14 29 616 4
36.375 146.174 209.873 5 14 29 616 4
36.375 146.174 209.873 6 14 29 616 4
36.375 146.174 209.873 7 14 29 616 4
36.375 146.174 209.873 8 14 29 616 4
36.375 146.174 209.873 9 14 29 616 4
36.375 146.174 209.873 10 14 29 616 4
36.375 146.174 209.873 11 14 29 616 4
36.375 146.174 209.873 12 14 29 616 4
36.375 146.174 209.873 13 14 29 616 4
20.700 145.390 215.577 14 14 29 598 3
20.700 145.390 215.577 15 14 29 598 3
20.700 145.390 215.577 16 14 29 598 3
20.700 145.390 215.577 17 14 29 598 3
20.700 145.390 215.577 18 14 29 598 3
20.700 145.390 215.577 19 14 29 598 3
20.700 145.390 215.577 20 14 29 598 3
20.700 145.390 215.577 21 14 29 598 3
20.700 145.390 215.577 22 14 29 598 3
140.159 135.354 279.950 23 14 29 602 4
140.159 135.354 279.950 24 14 29 602 4
20.700 145.390 215.577 25 14 29 598 3
39.361 51.271 158.431 26 14 29 155 1
39.361 51.271 158.431 27 14 29 155 1
350.206 57.300 0.769 28 14 29 114 1
83.595 27.268 269.663 29 14 29 519 2
83.595 27.268 269.663 30 14 29 519 2
298.728 87.950 332.841 1 15 29 619 4
83.587 49.317 186.759 2 15 29 224 1
36.375 146.174 209.873 3 15 29 616 4
36.375 146.174 209.873 4 15 29 616 4
36.375 146.174 209.873 5 15 29 616 4
36.375 146.174 209.873 6 15 29 616 4
36.375 146.174 209.873 7 15 29 616 4
36.375 146.174 209.873 8 15 29 616 4
36.375 146.174 209.873 9 15 29 616 4
36.375 146.174 209.873 10 15 29 616 4
36.375 146.174 209.873 11 15 29 616 4
36.375 146.174 209.873 12 15 29 616 4
36.375 146.174 209.873 13 15 29 616 4
36.375 146.174 209.873 14 15 29 616 4
20.700 145.390 215.577 15 15 29 598 3
20.700 145.390 215.577 16 15 29 598 3
20.700 145.390 215.577 17 15 29 598 3
20.700 145.390 215.577 18 15 29 598 3
20.700 145.390 215.577 19 15 29 598 3
20.700 145.390 215.577 20 15 29 598 3
20.700 145.390 215.577 21 15 29 598 3
20.700 145.390 215.577 22 15 29 598 3
140.159 135.354 279.950 23 15 29 602 4
140.159 135.354 279.950 24 15 29 602 4
140.159 135.354 279.950 25 15 29 602 4
39.361 51.271 158.431 26 15 29 155 1
39.327 125.904 246.182 27 15 29 482 1
39.327 125.904 246.182 28 15 29 482 1
39.327 125.904 246.182 29 15 29 482 1
72.525 41.383 156.172 30 15 29 595 2
146.874 149.391 184.045 1 16 29 612 4
83.587 49.317 186.759 2 16 29 224 1
36.375 146.174 209.873 3 16 29 616 4
36.375 146.174 209.873 4 16 29 616 4
36.375 146.174 209.873 5 16 29 616 4
36.375 146.174 209.873 6 16 29 616 4
36.375 146.174 209.873 7 16 29 616 4
36.375 146.174 209.873 8 16 29 616 4
36.375 146.174 209.873 9 16 29 616 4
36.375 146.174 209.873 10 16 29 616 4
36.375 146.174 209.873 11 16 29 616 4
36.375 146.174 209.873 12 16 29 616 4
36.375 146.174 209.873 13 16 29 616 4
36.375 146.174 209.873 14 16 29 616 4
36.375 146.174 209.873 15 16 29 616 4
20.700 145.390 215.577 16 16 29 598 3
20.700 145.390 215.577 17 16 29 598 3
20.700 145.390 215.577 18 16 29 598 3
20.700 145.390 215.577 19 16 29 598 3
20.700 145.390 215.577 20 16 29 598 3
20.700 145.390 215.577 21 16 29 598 3
20.700 145.390 215.577 22 16 29 598 3
140.159 135.354 279.950 23 16 29 602 4
140.159 135.354 279.950 24 16 29 602 4
140.159 135.354 279.950 25 16 29 602 4
140.159 135.354 279.950 26 16 29 602 4
225.949 60.790 41.333 27 16 29 205 1
39.327 125.904 246.182 28 16 29 482 1
72.525 41.383 156.172 29 16 29 595 2
72.525 41.383 156.172 30 16 29 595 2
146.874 149.391 184.045 1 17 29 612 4
132.632 59.781 315.721 2 17 29 343 1
132.632 59.781 315.721 3 17 29 343 1
92.836 102.859 330.781 4 17 29 684 4
36.375 146.174 209.873 5 17 29 616 4
36.375 146.174 209.873 6 17 29 616 4
36.375 146.174 209.873 7 17 29 616 4
36.375 146.174 209.873 8 17 29 616 4
36.375 146.174 209.873 9 17 29 616 4
36.375 146.174 209.873 10 17 29 616 4
36.375 146.174 209.873 11 17 29 616 4
36.375 146.174 209.873 12 17 29 616 4
36.375 146.174 209.873 13 17 29 616 4
36.375 146.174 209.873 14 17 29 616 4
36.375 146.174 209.873 15 17 29 616 4
39.354 95.633 47.832 16 17 29 52 1
39.354 95.633 47.832 17 17 29 52 1
20.700 145.390 215.577 18 17 29 598 3
20.700 145.390 215.577 19 17 29 598 3
213.189 48.193 139.377 20 17 29 567 2
20.700 145.390 215.577 21 17 29 598 3
140.159 135.354 279.950 22 17 29 602 4
140.159 135.354 279.950 23 17 29 602 4
140.159 135.354 279.950 24 17 29 602 4
140.159 135.354 279.950 25 17 29 602 4
240.238 71.369 21.179 26 17 29 599 3
225.949 60.790 41.333 27 17 29 205 1
225.949 60.790 41.333 28 17 29 205 1
157.884 151.620 322.610 29 17 29 548 2
72.525 41.383 156.172 30 17 29 595 2
146.874 149.391 184.045 1 18 29 612 4
132.632 59.781 315.721 2 18 29 343 1
132.632 59.781 315.721 3 18 29 343 1
92.836 102.859 330.781 4 18 29 684 4
36.375 146.174 209.873 5 18 29 616 4
36.375 146.174 209.873 6 18 29 616 4
36.375 146.174 209.873 7 18 29 616 4
36.375 146.174 209.873 8 18 29 616 4
36.375 146.174 209.873 9 18 29 616 4
36.375 146.174 209.873 10 18 29 616 4
36.375 146.174 209.873 11 18 29 616 4
36.375 146.174 209.873 12 18 29 616 4
36.375 146.174 209.873 13 18 29 616 4
36.375 146.174 209.873 14 18 29 616 4
36.375 146.174 209.873 15 18 29 616 4
36.375 146.174 209.873 16 18 29 616 4
36.375 146.174 209.873 17 18 29 616 4
36.375 146.174 209.873 18 18 29 616 4
213.189 48.193 139.377 19 18 29 567 2
213.189 48.193 139.377 20 18 29 567 2
213.189 48.193 139.377 21 18 29 567 2
240.238 71.369 21.179 22 18 29 599 3
140.159 135.354 279.950 23 18 29 602 4
140.159 135.354 279.950 24 18 29 602 4
140.159 135.354 279.950 25 18 29 602 4
240.238 71.369 21.179 26 18 29 599 3
225.949 60.790 41.333 27 18 29 205 1
240.238 71.369 21.179 28 18 29 599 3
157.884 151.620 322.610 29 18 29 548 2
157.884 151.620 322.610 30 18 29 548 2
92.836 102.859 330.781 1 19 29 684 4
92.836 102.859 330.781 2 19 29 684 4
92.836 102.859 330.781 3 19 29 684 4
92.836 102.859 330.781 4 19 29 684 4
36.375 146.174 209.873 5 19 29 616 4
36.375 146.174 209.873 6 19 29 616 4
36.375 146.174 209.873 7 19 29 616 4
36.375 146.174 209.873 8 19 29 616 4
36.375 146.174 209.873 9 19 29 616 4
36.375 146.174 209.873 10 19 29 616 4
36.375 146.174 209.873 11 19 29 616 4
36.375 146.174 209.873 12 19 29 616 4
36.375 146.174 209.873 13 19 29 616 4
36.375 146.174 209.873 14 19 29 616 4
36.375 146.174 209.873 15 19 29 616 4
36.375 146.174 209.873 16 19 29 616 4
36.375 146.174 209.873 17 19 29 616 4
36.375 146.174 209.873 18 19 29 616 4
213.189 48.193 139.377 19 19 29 567 2
213.189 48.193 139.377 20 19 29 567 2
213.189 48.193 139.377 21 19 29 567 2
240.238 71.369 21.179 22 19 29 599 3
240.238 71.369 21.179 23 19 29 599 3
240.238 71.369 21.179 24 19 29 599 3
240.238 71.369 21.179 25 19 29 599 3
240.238 71.369 21.179 26 19 29 599 3
240.238 71.369 21.179 27 19 29 599 3
240.238 71.369 21.179 28 19 29 599 3
240.238 71.369 21.179 29 19 29 599 3
157.884 151.620 322.610 30 19 29 548 2
92.836 102.859 330.781 1 20 29 684 4
92.836 102.859 330.781 2 20 29 684 4
92.836 102.859 330.781 3 20 29 684 4
92.836 102.859 330.781 4 20 29 684 4
36.375 146.174 209.873 5 20 29 616 4
36.375 146.174 209.873 6 20 29 616 4
36.375 146.174 209.873 7 20 29 616 4
36.375 146.174 209.873 8 20 29 616 4
36.375 146.174 209.873 9 20 29 616 4
36.375 146.174 209.873 10 20 29 616 4
36.375 146.174 209.873 11 20 29 616 4
36.375 146.174 209.873 12 20 29 616 4
36.375 146.174 209.873 13 20 29 616 4
36.375 146.174 209.873 14 20 29 616 4
36.375 146.174 209.873 15 20 29 616 4
36.375 146.174 209.873 16 20 29 616 4
36.375 146.174 209.873 17 20 29 616 4
36.375 146.174 209.873 18 20 29 616 4
36.375 146.174 209.873 19 20 29 616 4
81.454 63.080 238.754 20 20 29 40 1
240.238 71.369 21.179 21 20 29 599 3
240.238 71.369 21.179 22 20 29 599 3
240.238 71.369 21.179 23 20 29 599 3
240.238 71.369 21.179 24 20 29 599 3
240.238 71.369 21.179 25 20 29 599 3
70.387 143.933 166.068 26 20 29 255 1
240.238 71.369 21.179 27 20 29 599 3
240.238 71.369 21.179 28 20 29 599 3
240.238 71.369 21.179 29 20 29 599 3
240.238 71.369 21.179 30 20 29 599 3
92.836 102.859 330.781 1 21 29 684 4
92.836 102.859 330.781 2 21 29 684 4
92.836 102.859 330.781 3 21 29 684 4
92.836 102.859 330.781 4 21 29 684 4
63.652 23.425 208.416 5 21 29 604 4
36.375 146.174 209.873 6 21 29 616 4
36.375 146.174 209.873 7 21 29 616 4
36.375 146.174 209.873 8 21 29 616 4
36.375 146.174 209.873 9 21 29 616 4
36.375 146.174 209.873 10 21 29 616 4
36.375 146.174 209.873 11 21 29 616 4
36.375 146.174 209.873 12 21 29 616 4
36.375 146.174 209.873 13 21 29 616 4
36.375 146.174 209.873 14 21 29 616 4
36.375 146.174 209.873 15 21 29 616 4
36.375 146.174 209.873 16 21 29 616 4
36.375 146.174 209.873 17 21 29 616 4
36.375 146.174 209.873 18 21 29 616 4
36.375 146.174 209.873 19 21 29 616 4
81.454 63.080 238.754 20 21 29 40 1
240.238 71.369 21.179 21 21 29 599 3
240.238 71.369 21.179 22 21 29 599 3
240.238 71.369 21.179 23 21 29 599 3
240.238 71.369 21.179 24 21 29 599 3
240.238 71.369 21.179 25 21 29 599 3
226.794 30.506 306.083 26 21 29 309 1
226.794 30.506 306.083 27 21 29 309 1
240.238 71.369 21.179 28 21 29 599 3
240.238 71.369 21.179 29 21 29 599 3
240.238 71.369 21.179 30 21 29 599 3
92.836 102.859 330.781 1 22 29 684 4
92.836 102.859 330.781 2 22 29 684 4
92.836 102.859 330.781 3 22 29 684 4
63.652 23.425 208.416 4 22 29 604 4
63.652 23.425 208.416 5 22 29 604 4
63.652 23.425 208.416 6 22 29 604 4
63.652 23.425 208.416 7 22 29 604 4
63.652 23.425 208.416 8 22 29 604 4
36.375 146.174 209.873 9 22 29 616 4
36.375 146.174 209.873 10 22 29 616 4
36.375 146.174 209.873 11 22 29 616 4
36.375 146.174 209.873 12 22 29 616 4
36.375 146.174 209.873 13 22 29 616 4
36.375 146.174 209.873 14 22 29 616 4
36.375 146.174 209.873 15 22 29 616 4
36.375 146.174 209.873 16 22 29 616 4
36.375 146.174 209.873 17 22 29 616 4
36.375 146.174 209.873 18 22 29 616 4
36.375 146.174 209.873 19 22 29 616 4
36.375 146.174 209.873 20 22 29 616 4
240.238 71.369 21.179 21 22 29 599 3
240.238 71.369 21.179 22 22 29 599 3
240.238 71.369 21.179 23 22 29 599 3
240.238 71.369 21.179 24 22 29 599 3
240.238 71.369 21.179 25 22 29 599 3
240.238 71.369 21.179 26 22 29 599 3
240.238 71.369 21.179 27 22 29 599 3
240.238 71.369 21.179 28 22 29 599 3
240.238 71.369 21.179 29 22 29 599 3
240.238 71.369 21.179 30 22 29 599 3
63.652 23.425 208.416 1 23 29 604 4
63.652 23.425 208.416 2 23 29 604 4
63.652 23.425 208.416 3 23 29 604 4
63.652 23.425 208.416 4 23 29 604 4
63.652 23.425 208.416 5 23 29 604 4
63.652 23.425 208.416 6 23 29 604 4
63.652 23.425 208.416 7 23 29 604 4
63.652 23.425 208.416 8 23 29 604 4
63.652 23.425 208.416 9 23 29 604 4
36.375 146.174 209.873 10 23 29 616 4
36.375 146.174 209.873 11 23 29 616 4
36.375 146.174 209.873 12 23 29 616 4
36.375 146.174 209.873 13 23 29 616 4
36.375 146.174 209.873 14 23 29 616 4
36.375 146.174 209.873 15 23 29 616 4
36.375 146.174 209.873 16 23 29 616 4
36.375 146.174 209.873 17 23 29 616 4
36.375 146.174 209.873 18 23 29 616 4
36.375 146.174 209.873 19 23 29 616 4
36.375 146.174 209.873 20 23 29 616 4
240.238 71.369 21.179 21 23 29 599 3
240.238 71.369 21.179 22 23 29 599 3
240.238 71.369 21.179 23 23 29 599 3
240.238 71.369 21.179 24 23 29 599 3
240.238 71.369 21.179 25 23 29 599 3
240.238 71.369 21.179 26 23 29 599 3
240.238 71.369 21.179 27 23 29 599 3
240.238 71.369 21.179 28 23 29 599 3
240.238 71.369 21.179 29 23 29 599 3
240.238 71.369 21.179 30 23 29 599 3
63.652 23.425 208.416 1 24 29 604 4
63.652 23.425 208.416 2 24 29 604 4
63.652 23.425 208.416 3 24 29 604 4
63.652 23.425 208.416 4 24 29 604 4
63.652 23.425 208.416 5 24 29 604 4
63.652 23.425 208.416 6 24 29 604 4
63.652 23.425 208.416 7 24 29 604 4
63.652 23.425 208.416 8 24 29 604 4
63.652 23.425 208.416 9 24 29 604 4
63.652 23.425 208.416 10 24 29 604 4
36.375 146.174 209.873 11 24 29 616 4
36.375 146.174 209.873 12 24 29 616 4
36.375 146.174 209.873 13 24 29 616 4
36.375 146.174 209.873 14 24 29 616 4
36.375 146.174 209.873 15 24 29 616 4
36.375 146.174 209.873 16 24 29 616 4
36.375 146.174 209.873 17 24 29 616 4
36.375 146.174 209.873 18 24 29 616 4
36.375 146.174 209.873 19 24 29 616 4
36.375 146.174 209.873 20 24 29 616 4
240.238 71.369 21.179 21 24 29 599 3
240.238 71.369 21.179 22 24 29 599 3
240.238 71.369 21.179 23 24 29 599 3
240.238 71.369 21.179 24 24 29 599 3
240.238 71.369 21.179 25 24 29 599 3
240.238 71.369 21.179 26 24 29 599 3
240.238 71.369 21.179 27 24 29 599 3
240.238 71.369 21.179 28 24 29 599 3
240.238 71.369 21.179 29 24 29 599 3
57.570 84.565 48.077 30 24 29 418 1
63.652 23.425 208.416 1 25 29 604 4
63.652 23.425 208.416 2 25 29 604 4
63.652 23.425 208.416 3 25 29 604 4
63.652 23.425 208.416 4 25 29 604 4
185.825 45.907 339.245 5 25 29 304 1
63.652 23.425 208.416 6 25 29 604 4
63.652 23.425 208.416 7 25 29 604 4
63.652 23.425 208.416 8 25 29 604 4
63.652 23.425 208.416 9 25 29 604 4
63.652 23.425 208.416 10 25 29 604 4
63.652 23.425 208.416 11 25 29 604 4
36.375 146.174 209.873 12 25 29 616 4
36.375 146.174 209.873 13 25 29 616 4
36.375 146.174 209.873 14 25 29 616 4
36.375 146.174 209.873 15 25 29 616 4
36.375 146.174 209.873 16 25 29 616 4
36.375 146.174 209.873 17 25 29 616 4
36.375 146.174 209.873 18 25 29 616 4
36.375 146.174 209.873 19 25 29 616 4
36.375 146.174 209.873 20 25 29 616 4
240.238 71.369 21.179 21 25 29 599 3
240.238 71.369 21.179 22 25 29 599 3
240.238 71.369 21.179 23 25 29 599 3
240.238 71.369 21.179 24 25 29 599 3
240.238 71.369 21.179 25 25 29 599 3
240.238 71.369 21.179 26 25 29 599 3
240.238 71.369 21.179 27 25 29 599 3
240.238 71.369 21.179 28 25 29 599 3
240.238 71.369 21.179 29 25 29 599 3
347.049 39.153 50.491 30 25 29 641 1
63.652 23.425 208.416 1 26 29 604 4
63.652 23.425 208.416 2 26 29 604 4
63.652 23.425 208.416 3 26 29 604 4
185.825 45.907 339.245 4 26 29 304 1
185.825 45.907 339.245 5 26 29 304 1
63.652 23.425 208.416 6 26 29 604 4
63.652 23.425 208.416 7 26 29 604 4
63.652 23.425 208.416 8 26 29 604 4
63.652 23.425 208.416 9 26 29 604 4
63.652 23.425 208.416 10 26 29 604 4
63.652 23.425 208.416 11 26 29 604 4
204.461 86.482 35.224 12 26 29 365 1
204.461 86.482 35.224 13 26 29 365 1
204.461 86.482 35.224 14 26 29 365 1
222.886 92.138 51.057 15 26 29 232 1
222.886 92.138 51.057 16 26 29 232 1
343.388 132.540 127.392 17 26 29 549 2
36.375 146.174 209.873 18 26 29 616 4
36.375 146.174 209.873 19 26 29 616 4
36.375 146.174 209.873 20 26 29 616 4
240.238 71.369 21.179 21 26 29 599 3
240.238 71.369 21.179 22 26 29 599 3
240.238 71.369 21.179 23 26 29 599 3
240.238 71.369 21.179 24 26 29 599 3
240.238 71.369 21.179 25 26 29 599 3
240.238 71.369 21.179 26 26 29 599 3
240.238 71.369 21.179 27 26 29 599 3
240.238 71.369 21.179 28 26 29 599 3
240.238 71.369 21.179 29 26 29 599 3
347.049 39.153 50.491 30 26 29 641 1
63.652 23.425 208.416 1 27 29 604 4
63.652 23.425 208.416 2 27 29 604 4
63.652 23.425 208.416 3 27 29 604 4
63.652 23.425 208.416 4 27 29 604 4
63.652 23.425 208.416 5 27 29 604 4
63.652 23.425 208.416 6 27 29 604 4
63.652 23.425 208.416 7 27 29 604 4
63.652 23.425 208.416 8 27 29 604 4
15.021 115.876 234.730 9 27 29 325 1
63.652 23.425 208.416 10 27 29 604 4
63.652 23.425 208.416 11 27 29 604 4
204.461 86.482 35.224 12 27 29 365 1
204.461 86.482 35.224 13 27 29 365 1
204.461 86.482 35.224 14 27 29 365 1
222.886 92.138 51.057 15 27 29 232 1
222.886 92.138 51.057 16 27 29 232 1
343.388 132.540 127.392 17 27 29 549 2
343.388 132.540 127.392 18 27 29 549 2
36.375 146.174 209.873 19 27 29 616 4
86.625 52.955 216.465 20 27 29 161 1
86.625 52.955 216.465 21 27 29 161 1
240.238 71.369 21.179 22 27 29 599 3
240.238 71.369 21.179 23 27 29 599 3
240.238 71.369 21.179 24 27 29 599 3
238.391 134.490 122.934 25 27 29 514 2
240.238 71.369 21.179 26 27 29 599 3
61.360 54.793 325.138 27 27 29 566 2
61.360 54.793 325.138 28 27 29 566 2
61.360 54.793 325.138 29 27 29 566 2
39.129 130.431 50.271 30 27 29 487 2
63.652 23.425 208.416 1 28 29 604 4
63.652 23.425 208.416 2 28 29 604 4
63.652 23.425 208.416 3 28 29 604 4
63.652 23.425 208.416 4 28 29 604 4
63.652 23.425 208.416 5 28 29 604 4
63.652 23.425 208.416 6 28 29 604 4
63.652 23.425 208.416 7 28 29 604 4
63.652 23.425 208.416 8 28 29 604 4
256.648 68.945 47.952 9 28 29 298 1
218.432 85.757 333.528 10 28 29 609 4
218.432 85.757 333.528 11 28 29 609 4
218.432 85.757 333.528 12 28 29 609 4
204.461 86.482 35.224 13 28 29 365 1
204.461 86.482 35.224 14 28 29 365 1
204.461 86.482 35.224 15 28 29 365 1
203.892 53.487 308.225 16 28 29 429 1
343.388 132.540 127.392 17 28 29 549 2
343.388 132.540 127.392 18 28 29 549 2
307.822 148.820 6.971 19 28 29 136 1
307.822 148.820 6.971 20 28 29 136 1
307.822 148.820 6.971 21 28 29 136 1
98.081 165.943 290.728 22 28 29 412 1
238.391 134.490 122.934 23 28 29 514 2
238.391 134.490 122.934 24 28 29 514 2
238.391 134.490 122.934 25 28 29 514 2
238.391 134.490 122.934 26 28 29 514 2
61.360 54.793 325.138 27 28 29 566 2
61.360 54.793 325.138 28 28 29 566 2
61.360 54.793 325.138 29 28 29 566 2
174.815 72.094 182.393 30 28 29 369 1
63.652 23.425 208.416 1 29 29 604 4
63.652 23.425 208.416 2 29 29 604 4
63.652 23.425 208.416 3 29 29 604 4
63.652 23.425 208.416 4 29 29 604 4
63.652 23.425 208.416 5 29 29 604 4
63.652 23.425 208.416 6 29 29 604 4
63.652 23.425 208.416 7 29 29 604 4
63.652 23.425 208.416 8 29 29 604 4
63.652 23.425 208.416 9 29 29 604 4
218.432 85.757 333.528 10 29 29 609 4
218.432 85.757 333.528 11 29 29 609 4
218.432 85.757 333.528 12 29 29 609 4
204.461 86.482 35.224 13 29 29 365 1
204.461 86.482 35.224 14 29 29 365 1
204.461 86.482 35.224 15 29 29 365 1
204.461 86.482 35.224 16 29 29 365 1
343.388 132.540 127.392 17 29 29 549 2
307.822 148.820 6.971 18 29 29 136 1
307.822 148.820 6.971 19 29 29 136 1
307.822 148.820 6.971 20 29 29 136 1
307.822 148.820 6.971 21 29 29 136 1
98.081 165.943 290.728 22 29 29 412 1
238.391 134.490 122.934 23 29 29 514 2
238.391 134.490 122.934 24 29 29 514 2
238.391 134.490 122.934 25 29 29 514 2
238.391 134.490 122.934 26 29 29 514 2
61.360 54.793 325.138 27 29 29 566 2
61.360 54.793 325.138 28 29 29 566 2
61.360 54.793 325.138 29 29 29 566 2
174.815 72.094 182.393 30 29 29 369 1
63.652 23.425 208.416 1 30 29 604 4
63.652 23.425 208.416 2 30 29 604 4
63.652 23.425 208.416 3 30 29 604 4
63.652 23.425 208.416 4 30 29 604 4
63.652 23.425 208.416 5 30 29 604 4
63.652 23.425 208.416 6 30 29 604 4
63.652 23.425 208.416 7 30 29 604 4
63.652 23.425 208.416 8 30 29 604 4
63.652 23.425 208.416 9 30 29 604 4
218.432 85.757 333.528 10 30 29 609 4
218.432 85.757 333.528 11 30 29 609 4
218.432 85.757 333.528 12 30 29 609 4
204.461 86.482 35.224 13 30 29 365 1
204.461 86.482 35.224 14 30 29 365 1
204.461 86.482 35.224 15 30 29 365 1
204.461 86.482 35.224 16 30 29 365 1
111.778 129.143 36.818 17 30 29 682 4
197.646 23.030 2.243 18 30 29 318 1
197.646 23.030 2.243 19 30 29 318 1
197.646 23.030 2.243 20 30 29 318 1
197.646 23.030 2.243 21 30 29 318 1
98.081 165.943 290.728 22 30 29 412 1
238.391 134.490 122.934 23 30 29 514 2
238.391 134.490 122.934 24 30 29 514 2
238.391 134.490 122.934 25 30 29 514 2
238.391 134.490 122.934 26 30 29 514 2
61.360 54.793 325.138 27 30 29 566 2
61.360 54.793 325.138 28 30 29 566 2
61.360 54.793 325.138 29 30 29 566 2
61.360 54.793 325.138 30 30 29 566 2
