169.168 113.403 289.277 1 1 20 683 4
169.168 113.403 289.277 2 1 20 683 4
169.168 113.403 289.277 3 1 20 683 4
169.168 113.403 289.277 4 1 20 683 4
169.168 113.403 289.277 5 1 20 683 4
169.168 113.403 289.277 6 1 20 683 4
169.168 113.403 289.277 7 1 20 683 4
61.083 148.533 153.948 8 1 20 520 2
61.083 148.533 153.948 9 1 20 520 2
260.646 129.414 357.132 10 1 20 536 2
87.050 80.864 90.285 11 1 20 112 1
87.050 80.864 90.285 12 1 20 112 1
87.050 80.864 90.285 13 1 20 112 1
59.291 53.470 125.946 14 1 20 568 2
59.291 53.470 125.946 15 1 20 568 2
122.206 158.470 347.363 16 1 20 601 4
122.206 158.470 347.363 17 1 20 601 4
25.318 133.507 294.832 18 1 20 499 2
11.898 135.995 241.679 19 1 20 613 4
11.898 135.995 241.679 20 1 20 613 4
11.898 135.995 241.679 21 1 20 613 4
190.269 81.492 273.494 22 1 20 220 1
190.269 81.492 273.494 23 1 20 220 1
190.269 81.492 273.494 24 1 20 220 1
190.269 81.492 273.494 25 1 20 220 1
141.758 138.433 326.793 26 1 20 260 1
262.629 82.860 266.683 27 1 20 474 1
262.629 82.860 266.683 28 1 20 474 1
262.629 82.860 266.683 29 1 20 474 1
264.869 81.209 321.834 30 1 20 167 1
169.168 113.403 289.277 1 2 20 683 4
169.168 113.403 289.277 2 2 20 683 4
169.168 113.403 289.277 3 2 20 683 4
169.168 113.403 289.277 4 2 20 683 4
169.168 113.403 289.277 5 2 20 683 4
169.168 113.403 289.277 6 2 20 683 4
169.168 113.403 289.277 7 2 20 683 4
169.168 113.403 289.277 8 2 20 683 4
260.646 129.414 357.132 9 2 20 536 2
260.646 129.414 357.132 10 2 20 536 2
45.278 58.851 225.547 11 2 20 245 1
45.278 58.851 225.547 12 2 20 245 1
87.050 80.864 90.285 13 2 20 112 1
14.410 150.424 240.035 14 2 20 10 1
59.291 53.470 125.946 15 2 20 568 2
122.206 158.470 347.363 16 2 20 601 4
122.206 158.470 347.363 17 2 20 601 4
11.898 135.995 241.679 18 2 20 613 4
11.898 135.995 241.679 19 2 20 613 4
11.898 135.995 241.679 20 2 20 613 4
11.898 135.995 241.679 21 2 20 613 4
11.898 135.995 241.679 22 2 20 613 4
190.269 81.492 273.494 23 2 20 220 1
190.269 81.492 273.494 24 2 20 220 1
190.269 81.492 273.494 25 2 20 220 1
141.758 138.433 326.793 26 2 20 260 1
262.629 82.860 266.683 27 2 20 474 1
262.629 82.860 266.683 28 2 20 474 1
262.629 82.860 266.683 29 2 20 474 1
264.869 81.209 321.834 30 2 20 167 1
169.168 113.403 289.277 1 3 20 683 4
169.168 113.403 289.277 2 3 20 683 4
169.168 113.403 289.277 3 3 20 683 4
169.168 113.403 289.277 4 3 20 683 4
169.168 113.403 289.277 5 3 20 683 4
169.168 113.403 289.277 6 3 20 683 4
169.168 113.403 289.277 7 3 20 683 4
169.168 113.403 289.277 8 3 20 683 4
169.168 113.403 289.277 9 3 20 683 4
87.050 80.864 90.285 10 3 20 112 1
87.050 80.864 90.285 11 3 20 112 1
87.050 80.864 90.285 12 3 20 112 1
87.050 80.864 90.285 13 3 20 112 1
59.291 53.470 125.946 14 3 20 568 2
59.291 53.470 125.946 15 3 20 568 2
122.206 158.470 347.363 16 3 20 601 4
122.206 158.470 347.363 17 3 20 601 4
148.360 149.639 275.301 18 3 20 68 1
11.898 135.995 241.679 19 3 20 613 4
11.898 135.995 241.679 20 3 20 613 4
11.898 135.995 241.679 21 3 20 613 4
11.898 135.995 241.679 22 3 20 613 4
190.269 81.492 273.494 23 3 20 220 1
190.269 81.492 273.494 24 3 20 220 1
190.269 81.492 273.494 25 3 20 220 1
116.391 75.938 315.837 26 3 20 83 1
262.629 82.860 266.683 27 3 20 474 1
262.629 82.860 266.683 28 3 20 474 1
262.629 82.860 266.683 29 3 20 474 1
264.869 81.209 321.834 30 3 20 167 1
169.168 113.403 289.277 1 4 20 683 4
169.168 113.403 289.277 2 4 20 683 4
169.168 113.403 289.277 3 4 20 683 4
169.168 113.403 289.277 4 4 20 683 4
169.168 113.403 289.277 5 4 20 683 4
169.168 113.403 289.277 6 4 20 683 4
169.168 113.403 289.277 7 4 20 683 4
169.168 113.403 289.277 8 4 20 683 4
169.168 113.403 289.277 9 4 20 683 4
87.050 80.864 90.285 10 4 20 112 1
87.050 80.864 90.285 11 4 20 112 1
87.050 80.864 90.285 12 4 20 112 1
87.050 80.864 90.285 13 4 20 112 1
87.050 80.864 90.285 14 4 20 112 1
122.206 158.470 347.363 15 4 20 601 4
122.206 158.470 347.363 16 4 20 601 4
122.206 158.470 347.363 17 4 20 601 4
148.360 149.639 275.301 18 4 20 68 1
11.898 135.995 241.679 19 4 20 613 4
11.898 135.995 241.679 20 4 20 613 4
11.898 135.995 241.679 21 4 20 613 4
11.898 135.995 241.679 22 4 20 613 4
152.087 34.567 215.997 23 4 20 597 3
152.087 34.567 215.997 24 4 20 597 3
152.087 34.567 215.997 25 4 20 597 3
116.391 75.938 315.837 26 4 20 83 1
116.391 75.938 315.837 27 4 20 83 1
262.629 82.860 266.683 28 4 20 474 1
262.629 82.860 266.683 29 4 20 474 1
264.869 81.209 321.834 30 4 20 167 1
169.168 113.403 289.277 1 5 20 683 4
169.168 113.403 289.277 2 5 20 683 4
169.168 113.403 289.277 3 5 20 683 4
169.168 113.403 289.277 4 5 20 683 4
169.168 113.403 289.277 5 5 20 683 4
169.168 113.403 289.277 6 5 20 683 4
169.168 113.403 289.277 7 5 20 683 4
169.168 113.403 289.277 8 5 20 683 4
169.168 113.403 289.277 9 5 20 683 4
87.050 80.864 90.285 10 5 20 112 1
87.050 80.864 90.285 11 5 20 112 1
87.050 80.864 90.285 12 5 20 112 1
87.050 80.864 90.285 13 5 20 112 1
336.726 138.290 213.871 14 5 20 621 4
336.726 138.290 213.871 15 5 20 621 4
336.726 138.290 213.871 16 5 20 621 4
336.726 138.290 213.871 17 5 20 621 4
70.219 113.748 106.324 18 5 20 513 2
70.219 113.748 106.324 19 5 20 513 2
70.219 113.748 106.324 20 5 20 513 2
70.219 113.748 106.324 21 5 20 513 2
70.219 113.748 106.324 22 5 20 513 2
70.219 113.748 106.324 23 5 20 513 2
152.087 34.567 215.997 24 5 20 597 3
152.087 34.567 215.997 25 5 20 597 3
116.391 75.938 315.837 26 5 20 83 1
116.391 75.938 315.837 27 5 20 83 1
152.087 34.567 215.997 28 5 20 597 3
262.629 82.860 266.683 29 5 20 474 1
210.798 88.623 37.614 30 5 20 600 4
169.168 113.403 289.277 1 6 20 683 4
169.168 113.403 289.277 2 6 20 683 4
169.168 113.403 289.277 3 6 20 683 4
294.370 65.380 331.290 4 6 20 16 1
169.168 113.403 289.277 5 6 20 683 4
169.168 113.403 289.277 6 6 20 683 4
169.168 113.403 289.277 7 6 20 683 4
169.168 113.403 289.277 8 6 20 683 4
336.726 138.290 213.871 9 6 20 621 4
336.726 138.290 213.871 10 6 20 621 4
336.726 138.290 213.871 11 6 20 621 4
336.726 138.290 213.871 12 6 20 621 4
336.726 138.290 213.871 13 6 20 621 4
336.726 138.290 213.871 14 6 20 621 4
336.726 138.290 213.871 15 6 20 621 4
336.726 138.290 213.871 16 6 20 621 4
336.726 138.290 213.871 17 6 20 621 4
19.491 55.321 210.369 18 6 20 344 1
70.219 113.748 106.324 19 6 20 513 2
85.896 112.159 159.277 20 6 20 269 1
70.219 113.748 106.324 21 6 20 513 2
286.543 70.214 312.590 22 6 20 261 1
286.543 70.214 312.590 23 6 20 261 1
152.087 34.567 215.997 24 6 20 597 3
152.087 34.567 215.997 25 6 20 597 3
152.087 34.567 215.997 26 6 20 597 3
152.087 34.567 215.997 27 6 20 597 3
152.087 34.567 215.997 28 6 20 597 3
152.087 34.567 215.997 29 6 20 597 3
210.798 88.623 37.614 30 6 20 600 4
169.168 113.403 289.277 1 7 20 683 4
169.168 113.403 289.277 2 7 20 683 4
169.168 113.403 289.277 3 7 20 683 4
169.168 113.403 289.277 4 7 20 683 4
169.168 113.403 289.277 5 7 20 683 4
169.168 113.403 289.277 6 7 20 683 4
169.168 113.403 289.277 7 7 20 683 4
336.726 138.290 213.871 8 7 20 621 4
336.726 138.290 213.871 9 7 20 621 4
336.726 138.290 213.871 10 7 20 621 4
336.726 138.290 213.871 11 7 20 621 4
336.726 138.290 213.871 12 7 20 621 4
336.726 138.290 213.871 13 7 20 621 4
336.726 138.290 213.871 14 7 20 621 4
336.726 138.290 213.871 15 7 20 621 4
336.726 138.290 213.871 16 7 20 621 4
70.219 113.748 106.324 17 7 20 513 2
70.219 113.748 106.324 18 7 20 513 2
70.219 113.748 106.324 19 7 20 513 2
70.219 113.748 106.324 20 7 20 513 2
70.219 113.748 106.324 21 7 20 513 2
70.219 113.748 106.324 22 7 20 513 2
14.085 139.127 219.553 23 7 20 587 2
14.085 139.127 219.553 24 7 20 587 2
199.238 89.564 184.969 25 7 20 123 1
199.238 89.564 184.969 26 7 20 123 1
152.087 34.567 215.997 27 7 20 597 3
152.087 34.567 215.997 28 7 20 597 3
147.062 79.006 304.835 29 7 20 187 1
147.062 79.006 304.835 30 7 20 187 1
169.168 113.403 289.277 1 8 20 683 4
169.168 113.403 289.277 2 8 20 683 4
169.168 113.403 289.277 3 8 20 683 4
169.168 113.403 289.277 4 8 20 683 4
169.168 113.403 289.277 5 8 20 683 4
188.008 59.528 58.686 6 8 20 391 1
336.726 138.290 213.871 7 8 20 621 4
336.726 138.290 213.871 8 8 20 621 4
336.726 138.290 213.871 9 8 20 621 4
336.726 138.290 213.871 10 8 20 621 4
336.726 138.290 213.871 11 8 20 621 4
336.726 138.290 213.871 12 8 20 621 4
336.726 138.290 213.871 13 8 20 621 4
336.726 138.290 213.871 14 8 20 621 4
336.726 138.290 213.871 15 8 20 621 4
336.726 138.290 213.871 16 8 20 621 4
336.726 138.290 213.871 17 8 20 621 4
70.219 113.748 106.324 18 8 20 513 2
70.219 113.748 106.324 19 8 20 513 2
235.639 116.927 240.706 20 8 20 289 1
70.219 113.748 106.324 21 8 20 513 2
70.219 113.748 106.324 22 8 20 513 2
14.085 139.127 219.553 23 8 20 587 2
14.085 139.127 219.553 24 8 20 587 2
199.238 89.564 184.969 25 8 20 123 1
199.238 89.564 184.969 26 8 20 123 1
327.600 58.183 177.162 27 8 20 204 1
147.062 79.006 304.835 28 8 20 187 1
147.062 79.006 304.835 29 8 20 187 1
147.062 79.006 304.835 30 8 20 187 1
146.874 149.391 184.045 1 9 20 612 4
146.874 149.391 184.045 2 9 20 612 4
146.874 149.391 184.045 3 9 20 612 4
146.874 149.391 184.045 4 9 20 612 4
146.874 149.391 184.045 5 9 20 612 4
336.726 138.290 213.871 6 9 20 621 4
336.726 138.290 213.871 7 9 20 621 4
336.726 138.290 213.871 8 9 20 621 4
336.726 138.290 213.871 9 9 20 621 4
336.726 138.290 213.871 10 9 20 621 4
336.726 138.290 213.871 11 9 20 621 4
336.726 138.290 213.871 12 9 20 621 4
336.726 138.290 213.871 13 9 20 621 4
336.726 138.290 213.871 14 9 20 621 4
336.726 138.290 213.871 15 9 20 621 4
336.726 138.290 213.871 16 9 20 621 4
336.726 138.290 213.871 17 9 20 621 4
70.219 113.748 106.324 18 9 20 513 2
70.219 113.748 106.324 19 9 20 513 2
235.639 116.927 240.706 20 9 20 289 1
70.219 113.748 106.324 21 9 20 513 2
14.085 139.127 219.553 22 9 20 587 2
14.085 139.127 219.553 23 9 20 587 2
14.085 139.127 219.553 24 9 20 587 2
14.085 139.127 219.553 25 9 20 587 2
14.085 139.127 219.553 26 9 20 587 2
132.200 117.732 315.083 27 9 20 669 2
129.012 107.981 73.981 28 9 20 149 1
129.012 107.981 73.981 29 9 20 149 1
129.012 107.981 73.981 30 9 20 149 1
146.874 149.391 184.045 1 10 20 612 4
146.874 149.391 184.045 2 10 20 612 4
146.874 149.391 184.045 3 10 20 612 4
146.874 149.391 184.045 4 10 20 612 4
146.874 149.391 184.045 5 10 20 612 4
336.726 138.290 213.871 6 10 20 621 4
336.726 138.290 213.871 7 10 20 621 4
336.726 138.290 213.871 8 10 20 621 4
336.726 138.290 213.871 9 10 20 621 4
336.726 138.290 213.871 10 10 20 621 4
336.726 138.290 213.871 11 10 20 621 4
336.726 138.290 213.871 12 10 20 621 4
336.726 138.290 213.871 13 10 20 621 4
336.726 138.290 213.871 14 10 20 621 4
336.726 138.290 213.871 15 10 20 621 4
336.726 138.290 213.871 16 10 20 621 4
336.726 138.290 213.871 17 10 20 621 4
70.219 113.748 106.324 18 10 20 513 2
222.507 60.111 226.663 19 10 20 577 2
222.507 60.111 226.663 20 10 20 577 2
222.507 60.111 226.663 21 10 20 577 2
111.880 60.905 179.185 22 10 20 185 1
14.085 139.127 219.553 23 10 20 587 2
14.085 139.127 219.553 24 10 20 587 2
14.085 139.127 219.553 25 10 20 587 2
129.012 107.981 73.981 26 10 20 149 1
129.012 107.981 73.981 27 10 20 149 1
129.012 107.981 73.981 28 10 20 149 1
129.012 107.981 73.981 29 10 20 149 1
129.012 107.981 73.981 30 10 20 149 1
146.874 149.391 184.045 1 11 20 612 4
146.874 149.391 184.045 2 11 20 612 4
146.874 149.391 184.045 3 11 20 612 4
146.874 149.391 184.045 4 11 20 612 4
146.874 149.391 184.045 5 11 20 612 4
146.874 149.391 184.045 6 11 20 612 4
336.726 138.290 213.871 7 11 20 621 4
336.726 138.290 213.871 8 11 20 621 4
336.726 138.290 213.871 9 11 20 621 4
336.726 138.290 213.871 10 11 20 621 4
336.726 138.290 213.871 11 11 20 621 4
336.726 138.290 213.871 12 11 20 621 4
336.726 138.290 213.871 13 11 20 621 4
336.726 138.290 213.871 14 11 20 621 4
336.726 138.290 213.871 15 11 20 621 4
336.726 138.290 213.871 16 11 20 621 4
336.726 138.290 213.871 17 11 20 621 4
240.238 71.369 21.179 18 11 20 599 3
240.238 71.369 21.179 19 11 20 599 3
240.238 71.369 21.179 20 11 20 599 3
240.238 71.369 21.179 21 11 20 599 3
111.880 60.905 179.185 22 11 20 185 1
240.238 71.369 21.179 23 11 20 599 3
240.238 71.369 21.179 24 11 20 599 3
240.238 71.369 21.179 25 11 20 599 3
240.238 71.369 21.179 26 11 20 599 3
129.012 107.981 73.981 27 11 20 149 1
129.012 107.981 73.981 28 11 20 149 1
129.012 107.981 73.981 29 11 20 149 1
240.238 71.369 21.179 30 11 20 599 3
146.874 149.391 184.045 1 12 20 612 4
282.694 25.295 233.050 2 12 20 4 1
146.874 149.391 184.045 3 12 20 612 4
146.874 149.391 184.045 4 12 20 612 4
146.874 149.391 184.045 5 12 20 612 4
146.874 149.391 184.045 6 12 20 612 4
336.726 138.290 213.871 7 12 20 621 4
336.726 138.290 213.871 8 12 20 621 4
336.726 138.290 213.871 9 12 20 621 4
336.726 138.290 213.871 10 12 20 621 4
336.726 138.290 213.871 11 12 20 621 4
336.726 138.290 213.871 12 12 20 621 4
336.726 138.290 213.871 13 12 20 621 4
336.726 138.290 213.871 14 12 20 621 4
336.726 138.290 213.871 15 12 20 621 4
336.726 138.290 213.871 16 12 20 621 4
336.726 138.290 213.871 17 12 20 621 4
240.238 71.369 21.179 18 12 20 599 3
240.238 71.369 21.179 19 12 20 599 3
240.238 71.369 21.179 20 12 20 599 3
240.238 71.369 21.179 21 12 20 599 3
111.880 60.905 179.185 22 12 20 185 1
240.238 71.369 21.179 23 12 20 599 3
240.238 71.369 21.179 24 12 20 599 3
240.238 71.369 21.179 25 12 20 599 3
240.238 71.369 21.179 26 12 20 599 3
240.238 71.369 21.179 27 12 20 599 3
240.238 71.369 21.179 28 12 20 599 3
240.238 71.369 21.179 29 12 20 599 3
240.238 71.369 21.179 30 12 20 599 3
146.874 149.391 184.045 1 13 20 612 4
146.874 149.391 184.045 2 13 20 612 4
146.874 149.391 184.045 3 13 20 612 4
146.874 149.391 184.045 4 13 20 612 4
146.874 149.391 184.045 5 13 20 612 4
146.874 149.391 184.045 6 13 20 612 4
146.874 149.391 184.045 7 13 20 612 4
336.726 138.290 213.871 8 13 20 621 4
336.726 138.290 213.871 9 13 20 621 4
336.726 138.290 213.871 10 13 20 621 4
336.726 138.290 213.871 11 13 20 621 4
336.726 138.290 213.871 12 13 20 621 4
336.726 138.290 213.871 13 13 20 621 4
336.726 138.290 213.871 14 13 20 621 4
336.726 138.290 213.871 15 13 20 621 4
240.238 71.369 21.179 16 13 20 599 3
240.238 71.369 21.179 17 13 20 599 3
240.238 71.369 21.179 18 13 20 599 3
240.238 71.369 21.179 19 13 20 599 3
240.238 71.369 21.179 20 13 20 599 3
240.238 71.369 21.179 21 13 20 599 3
111.880 60.905 179.185 22 13 20 185 1
240.238 71.369 21.179 23 13 20 599 3
240.238 71.369 21.179 24 13 20 599 3
240.238 71.369 21.179 25 13 20 599 3
240.238 71.369 21.179 26 13 20 599 3
240.238 71.369 21.179 27 13 20 599 3
240.238 71.369 21.179 28 13 20 599 3
240.238 71.369 21.179 29 13 20 599 3
240.238 71.369 21.179 30 13 20 599 3
146.874 149.391 184.045 1 14 20 612 4
146.874 149.391 184.045 2 14 20 612 4
146.874 149.391 184.045 3 14 20 612 4
146.874 149.391 184.045 4 14 20 612 4
146.874 149.391 184.045 5 14 20 612 4
146.874 149.391 184.045 6 14 20 612 4
146.874 149.391 184.045 7 14 20 612 4
146.874 149.391 184.045 8 14 20 612 4
336.726 138.290 213.871 9 14 20 621 4
336.726 138.290 213.871 10 14 20 621 4
336.726 138.290 213.871 11 14 20 621 4
336.726 138.290 213.871 12 14 20 621 4
336.726 138.290 213.871 13 14 20 621 4
240.238 71.369 21.179 14 14 20 599 3
240.238 71.369 21.179 15 14 20 599 3
175.893 86.967 294.687 16 14 20 405 1
240.238 71.369 21.179 17 14 20 599 3
240.238 71.369 21.179 18 14 20 599 3
240.238 71.369 21.179 19 14 20 599 3
240.238 71.369 21.179 20 14 20 599 3
240.238 71.369 21.179 21 14 20 599 3
240.238 71.369 21.179 22 14 20 599 3
240.238 71.369 21.179 23 14 20 599 3
240.238 71.369 21.179 24 14 20 599 3
240.238 71.369 21.179 25 14 20 599 3
240.238 71.369 21.179 26 14 20 599 3
240.238 71.369 21.179 27 14 20 599 3
240.238 71.369 21.179 28 14 20 599 3
240.238 71.369 21.179 29 14 20 599 3
240.238 71.369 21.179 30 14 20 599 3
146.874 149.391 184.045 1 15 20 612 4
146.874 149.391 184.045 2 15 20 612 4
146.874 149.391 184.045 3 15 20 612 4
146.874 149.391 184.045 4 15 20 612 4
146.874 149.391 184.045 5 15 20 612 4
146.874 149.391 184.045 6 15 20 612 4
146.874 149.391 184.045 7 15 20 612 4
146.874 149.391 184.045 8 15 20 612 4
336.726 138.290 213.871 9 15 20 621 4
336.726 138.290 213.871 10 15 20 621 4
336.726 138.290 213.871 11 15 20 621 4
336.726 138.290 213.871 12 15 20 621 4
240.238 71.369 21.179 13 15 20 599 3
240.238 71.369 21.179 14 15 20 599 3
240.238 71.369 21.179 15 15 20 599 3
240.238 71.369 21.179 16 15 20 599 3
240.238 71.369 21.179 17 15 20 599 3
240.238 71.369 21.179 18 15 20 599 3
240.238 71.369 21.179 19 15 20 599 3
240.238 71.369 21.179 20 15 20 599 3
240.238 71.369 21.179 21 15 20 599 3
240.238 71.369 21.179 22 15 20 599 3
240.238 71.369 21.179 23 15 20 599 3
240.238 71.369 21.179 24 15 20 599 3
240.238 71.369 21.179 25 15 20 599 3
240.238 71.369 21.179 26 15 20 599 3
240.238 71.369 21.179 27 15 20 599 3
240.238 71.369 21.179 28 15 20 599 3
240.238 71.369 21.179 29 15 20 599 3
240.238 71.369 21.179 30 15 20 599 3
146.874 149.391 184.045 1 16 20 612 4
146.874 149.391 184.045 2 16 20 612 4
146.874 149.391 184.045 3 16 20 612 4
146.874 149.391 184.045 4 16 20 612 4
146.874 149.391 184.045 5 16 20 612 4
146.874 149.391 184.045 6 16 20 612 4
146.874 149.391 184.045 7 16 20 612 4
146.874 149.391 184.045 8 16 20 612 4
146.874 149.391 184.045 9 16 20 612 4
97.144 93.107 0.503 10 16 20 483 2
97.144 93.107 0.503 11 16 20 483 2
97.144 93.107 0.503 12 16 20 483 2
240.238 71.369 21.179 13 16 20 599 3
240.238 71.369 21.179 14 16 20 599 3
240.238 71.369 21.179 15 16 20 599 3
240.238 71.369 21.179 16 16 20 599 3
240.238 71.369 21.179 17 16 20 599 3
240.238 71.369 21.179 18 16 20 599 3
240.238 71.369 21.179 19 16 20 599 3
240.238 71.369 21.179 20 16 20 599 3
240.238 71.369 21.179 21 16 20 599 3
240.238 71.369 21.179 22 16 20 599 3
240.238 71.369 21.179 23 16 20 599 3
240.238 71.369 21.179 24 16 20 599 3
240.238 71.369 21.179 25 16 20 599 3
240.238 71.369 21.179 26 16 20 599 3
240.238 71.369 21.179 27 16 20 599 3
240.238 71.369 21.179 28 16 20 599 3
240.238 71.369 21.179 29 16 20 599 3
240.238 71.369 21.179 30 16 20 599 3
146.874 149.391 184.045 1 17 20 612 4
146.874 149.391 184.045 2 17 20 612 4
146.874 149.391 184.045 3 17 20 612 4
146.874 149.391 184.045 4 17 20 612 4
146.874 149.391 184.045 5 17 20 612 4
146.874 149.391 184.045 6 17 20 612 4
146.874 149.391 184.045 7 17 20 612 4
146.874 149.391 184.045 8 17 20 612 4
243.897 35.773 227.205 9 17 20 494 2
243.897 35.773 227.205 10 17 20 494 2
97.144 93.107 0.503 11 17 20 483 2
97.144 93.107 0.503 12 17 20 483 2
240.238 71.369 21.179 13 17 20 599 3
240.238 71.369 21.179 14 17 20 599 3
240.238 71.369 21.179 15 17 20 599 3
240.238 71.369 21.179 16 17 20 599 3
240.238 71.369 21.179 17 17 20 599 3
240.238 71.369 21.179 18 17 20 599 3
240.238 71.369 21.179 19 17 20 599 3
240.238 71.369 21.179 20 17 20 599 3
240.238 71.369 21.179 21 17 20 599 3
240.238 71.369 21.179 22 17 20 599 3
240.238 71.369 21.179 23 17 20 599 3
240.238 71.369 21.179 24 17 20 599 3
240.238 71.369 21.179 25 17 20 599 3
240.238 71.369 21.179 26 17 20 599 3
240.238 71.369 21.179 27 17 20 599 3
240.238 71.369 21.179 28 17 20 599 3
240.238 71.369 21.179 29 17 20 599 3
240.238 71.369 21.179 30 17 20 599 3
146.874 149.391 184.045 1 18 20 612 4
146.874 149.391 184.045 2 18 20 612 4
146.874 149.391 184.045 3 18 20 612 4
146.874 149.391 184.045 4 18 20 612 4
146.874 149.391 184.045 5 18 20 612 4
146.874 149.391 184.045 6 18 20 612 4
146.874 149.391 184.045 7 18 20 612 4
146.874 149.391 184.045 8 18 20 612 4
243.897 35.773 227.205 9 18 20 494 2
243.897 35.773 227.205 10 18 20 494 2
97.144 93.107 0.503 11 18 20 483 2
97.144 93.107 0.503 12 18 20 483 2
240.238 71.369 21.179 13 18 20 599 3
240.238 71.369 21.179 14 18 20 599 3
240.238 71.369 21.179 15 18 20 599 3
240.238 71.369 21.179 16 18 20 599 3
240.238 71.369 21.179 17 18 20 599 3
240.238 71.369 21.179 18 18 20 599 3
240.238 71.369 21.179 19 18 20 599 3
240.238 71.369 21.179 20 18 20 599 3
240.238 71.369 21.179 21 18 20 599 3
240.238 71.369 21.179 22 18 20 599 3
240.238 71.369 21.179 23 18 20 599 3
240.238 71.369 21.179 24 18 20 599 3
240.238 71.369 21.179 25 18 20 599 3
240.238 71.369 21.179 26 18 20 599 3
240.238 71.369 21.179 27 18 20 599 3
240.238 71.369 21.179 28 18 20 599 3
240.238 71.369 21.179 29 18 20 599 3
240.238 71.369 21.179 30 18 20 599 3
146.874 149.391 184.045 1 19 20 612 4
146.874 149.391 184.045 2 19 20 612 4
146.874 149.391 184.045 3 19 20 612 4
146.874 149.391 184.045 4 19 20 612 4
146.874 149.391 184.045 5 19 20 612 4
146.874 149.391 184.045 6 19 20 612 4
146.874 149.391 184.045 7 19 20 612 4
285.185 105.908 200.146 8 19 20 521 2
285.185 105.908 200.146 9 19 20 521 2
285.185 105.908 200.146 10 19 20 521 2
97.144 93.107 0.503 11 19 20 483 2
240.238 71.369 21.179 12 19 20 599 3
240.238 71.369 21.179 13 19 20 599 3
240.238 71.369 21.179 14 19 20 599 3
240.238 71.369 21.179 15 19 20 599 3
240.238 71.369 21.179 16 19 20 599 3
240.238 71.369 21.179 17 19 20 599 3
240.238 71.369 21.179 18 19 20 599 3
240.238 71.369 21.179 19 19 20 599 3
240.238 71.369 21.179 20 19 20 599 3
240.238 71.369 21.179 21 19 20 599 3
240.238 71.369 21.179 22 19 20 599 3
240.238 71.369 21.179 23 19 20 599 3
240.238 71.369 21.179 24 19 20 599 3
240.238 71.369 21.179 25 19 20 599 3
240.238 71.369 21.179 26 19 20 599 3
240.238 71.369 21.179 27 19 20 599 3
240.238 71.369 21.179 28 19 20 599 3
240.238 71.369 21.179 29 19 20 599 3
240.238 71.369 21.179 30 19 20 599 3
146.874 149.391 184.045 1 20 20 612 4
146.874 149.391 184.045 2 20 20 612 4
146.874 149.391 184.045 3 20 20 612 4
146.874 149.391 184.045 4 20 20 612 4
146.874 149.391 184.045 5 20 20 612 4
146.874 149.391 184.045 6 20 20 612 4
136.174 163.178 1.167 7 20 20 84 1
136.174 163.178 1.167 8 20 20 84 1
285.185 105.908 200.146 9 20 20 521 2
285.185 105.908 200.146 10 20 20 521 2
240.238 71.369 21.179 11 20 20 599 3
240.238 71.369 21.179 12 20 20 599 3
240.238 71.369 21.179 13 20 20 599 3
240.238 71.369 21.179 14 20 20 599 3
240.238 71.369 21.179 15 20 20 599 3
240.238 71.369 21.179 16 20 20 599 3
240.238 71.369 21.179 17 20 20 599 3
240.238 71.369 21.179 18 20 20 599 3
240.238 71.369 21.179 19 20 20 599 3
240.238 71.369 21.179 20 20 20 599 3
240.238 71.369 21.179 21 20 20 599 3
240.238 71.369 21.179 22 20 20 599 3
240.238 71.369 21.179 23 20 20 599 3
240.238 71.369 21.179 24 20 20 599 3
240.238 71.369 21.179 25 20 20 599 3
240.238 71.369 21.179 26 20 20 599 3
240.238 71.369 21.179 27 20 20 599 3
240.238 71.369 21.179 28 20 20 599 3
240.238 71.369 21.179 29 20 20 599 3
240.238 71.369 21.179 30 20 20 599 3
146.874 149.391 184.045 1 21 20 612 4
146.874 149.391 184.045 2 21 20 612 4
146.874 149.391 184.045 3 21 20 612 4
146.874 149.391 184.045 4 21 20 612 4
63.652 23.425 208.416 5 21 20 604 4
63.652 23.425 208.416 6 21 20 604 4
63.652 23.425 208.416 7 21 20 604 4
285.185 105.908 200.146 8 21 20 521 2
234.812 85.424 22.039 9 21 20 107 1
63.652 23.425 208.416 10 21 20 604 4
240.238 71.369 21.179 11 21 20 599 3
240.238 71.369 21.179 12 21 20 599 3
240.238 71.369 21.179 13 21 20 599 3
240.238 71.369 21.179 14 21 20 599 3
240.238 71.369 21.179 15 21 20 599 3
240.238 71.369 21.179 16 21 20 599 3
240.238 71.369 21.179 17 21 20 599 3
240.238 71.369 21.179 18 21 20 599 3
240.238 71.369 21.179 19 21 20 599 3
240.238 71.369 21.179 20 21 20 599 3
240.238 71.369 21.179 21 21 20 599 3
240.238 71.369 21.179 22 21 20 599 3
240.238 71.369 21.179 23 21 20 599 3
240.238 71.369 21.179 24 21 20 599 3
240.238 71.369 21.179 25 21 20 599 3
240.238 71.369 21.179 26 21 20 599 3
240.238 71.369 21.179 27 21 20 599 3
240.238 71.369 21.179 28 21 20 599 3
240.238 71.369 21.179 29 21 20 599 3
240.238 71.369 21.179 30 21 20 599 3
146.874 149.391 184.045 1 22 20 612 4
146.874 149.391 184.045 2 22 20 612 4
124.332 85.528 256.160 3 22 20 648 1
63.652 23.425 208.416 4 22 20 604 4
63.652 23.425 208.416 5 22 20 604 4
63.652 23.425 208.416 6 22 20 604 4
63.652 23.425 208.416 7 22 20 604 4
63.652 23.425 208.416 8 22 20 604 4
63.652 23.425 208.416 9 22 20 604 4
63.652 23.425 208.416 10 22 20 604 4
63.652 23.425 208.416 11 22 20 604 4
240.238 71.369 21.179 12 22 20 599 3
240.238 71.369 21.179 13 22 20 599 3
240.238 71.369 21.179 14 22 20 599 3
240.238 71.369 21.179 15 22 20 599 3
240.238 71.369 21.179 16 22 20 599 3
240.238 71.369 21.179 17 22 20 599 3
240.238 71.369 21.179 18 22 20 599 3
240.238 71.369 21.179 19 22 20 599 3
240.238 71.369 21.179 20 22 20 599 3
240.238 71.369 21.179 21 22 20 599 3
240.238 71.369 21.179 22 22 20 599 3
240.238 71.369 21.179 23 22 20 599 3
240.238 71.369 21.179 24 22 20 599 3
240.238 71.369 21.179 25 22 20 599 3
240.238 71.369 21.179 26 22 20 599 3
240.238 71.369 21.179 27 22 20 599 3
240.238 71.369 21.179 28 22 20 599 3
240.238 71.369 21.179 29 22 20 599 3
240.238 71.369 21.179 30 22 20 599 3
63.652 23.425 208.416 1 23 20 604 4
63.652 23.425 208.416 2 23 20 604 4
63.652 23.425 208.416 3 23 20 604 4
63.652 23.425 208.416 4 23 20 604 4
63.652 23.425 208.416 5 23 20 604 4
63.652 23.425 208.416 6 23 20 604 4
63.652 23.425 208.416 7 23 20 604 4
63.652 23.425 208.416 8 23 20 604 4
63.652 23.425 208.416 9 23 20 604 4
63.652 23.425 208.416 10 23 20 604 4
63.652 23.425 208.416 11 23 20 604 4
63.652 23.425 208.416 12 23 20 604 4
240.238 71.369 21.179 13 23 20 599 3
240.238 71.369 21.179 14 23 20 599 3
240.238 71.369 21.179 15 23 20 599 3
240.238 71.369 21.179 16 23 20 599 3
240.238 71.369 21.179 17 23 20 599 3
240.238 71.369 21.179 18 23 20 599 3
240.238 71.369 21.179 19 23 20 599 3
240.238 71.369 21.179 20 23 20 599 3
240.238 71.369 21.179 21 23 20 599 3
240.238 71.369 21.179 22 23 20 599 3
240.238 71.369 21.179 23 23 20 599 3
240.238 71.369 21.179 24 23 20 599 3
240.238 71.369 21.179 25 23 20 599 3
240.238 71.369 21.179 26 23 20 599 3
240.238 71.369 21.179 27 23 20 599 3
240.238 71.369 21.179 28 23 20 599 3
240.238 71.369 21.179 29 23 20 599 3
240.238 71.369 21.179 30 23 20 599 3
63.652 23.425 208.416 1 24 20 604 4
63.652 23.425 208.416 2 24 20 604 4
63.652 23.425 208.416 3 24 20 604 4
63.652 23.425 208.416 4 24 20 604 4
63.652 23.425 208.416 5 24 20 604 4
232.505 11.895 180.281 6 24 20 230 1
63.652 23.425 208.416 7 24 20 604 4
63.652 23.425 208.416 8 24 20 604 4
63.652 23.425 208.416 9 24 20 604 4
63.652 23.425 208.416 10 24 20 604 4
63.652 23.425 208.416 11 24 20 604 4
63.652 23.425 208.416 12 24 20 604 4
240.238 71.369 21.179 13 24 20 599 3
240.238 71.369 21.179 14 24 20 599 3
240.238 71.369 21.179 15 24 20 599 3
73.018 116.966 190.828 16 24 20 302 1
240.238 71.369 21.179 17 24 20 599 3
240.238 71.369 21.179 18 24 20 599 3
240.238 71.369 21.179 19 24 20 599 3
240.238 71.369 21.179 20 24 20 599 3
240.238 71.369 21.179 21 24 20 599 3
240.238 71.369 21.179 22 24 20 599 3
240.238 71.369 21.179 23 24 20 599 3
240.238 71.369 21.179 24 24 20 599 3
240.238 71.369 21.179 25 24 20 599 3
240.238 71.369 21.179 26 24 20 599 3
240.238 71.369 21.179 27 24 20 599 3
240.238 71.369 21.179 28 24 20 599 3
240.238 71.369 21.179 29 24 20 599 3
240.238 71.369 21.179 30 24 20 599 3
63.652 23.425 208.416 1 25 20 604 4
63.652 23.425 208.416 2 25 20 604 4
63.652 23.425 208.416 3 25 20 604 4
63.652 23.425 208.416 4 25 20 604 4
63.652 23.425 208.416 5 25 20 604 4
63.652 23.425 208.416 6 25 20 604 4
63.652 23.425 208.416 7 25 20 604 4
63.652 23.425 208.416 8 25 20 604 4
63.652 23.425 208.416 9 25 20 604 4
63.652 23.425 208.416 10 25 20 604 4
63.652 23.425 208.416 11 25 20 604 4
63.652 23.425 208.416 12 25 20 604 4
63.652 23.425 208.416 13 25 20 604 4
240.238 71.369 21.179 14 25 20 599 3
73.018 116.966 190.828 15 25 20 302 1
73.018 116.966 190.828 16 25 20 302 1
111.778 129.143 36.818 17 25 20 682 4
111.778 129.143 36.818 18 25 20 682 4
240.238 71.369 21.179 19 25 20 599 3
240.238 71.369 21.179 20 25 20 599 3
240.238 71.369 21.179 21 25 20 599 3
240.238 71.369 21.179 22 25 20 599 3
240.238 71.369 21.179 23 25 20 599 3
240.238 71.369 21.179 24 25 20 599 3
240.238 71.369 21.179 25 25 20 599 3
240.238 71.369 21.179 26 25 20 599 3
240.238 71.369 21.179 27 25 20 599 3
240.238 71.369 21.179 28 25 20 599 3
240.238 71.369 21.179 29 25 20 599 3
240.238 71.369 21.179 30 25 20 599 3
63.652 23.425 208.416 1 26 20 604 4
63.652 23.425 208.416 2 26 20 604 4
63.652 23.425 208.416 3 26 20 604 4
63.652 23.425 208.416 4 26 20 604 4
63.652 23.425 208.416 5 26 20 604 4
63.652 23.425 208.416 6 26 20 604 4
63.652 23.425 208.416 7 26 20 604 4
63.652 23.425 208.416 8 26 20 604 4
63.652 23.425 208.416 9 26 20 604 4
63.652 23.425 208.416 10 26 20 604 4
63.652 23.425 208.416 11 26 20 604 4
63.652 23.425 208.416 12 26 20 604 4
63.652 23.425 208.416 13 26 20 604 4
240.238 71.369 21.179 14 26 20 599 3
111.778 129.143 36.818 15 26 20 682 4
111.778 129.143 36.818 16 26 20 682 4
111.778 129.143 36.818 17 26 20 682 4
111.778 129.143 36.818 18 26 20 682 4
240.238 71.369 21.179 19 26 20 599 3
240.238 71.369 21.179 20 26 20 599 3
240.238 71.369 21.179 21 26 20 599 3
240.238 71.369 21.179 22 26 20 599 3
240.238 71.369 21.179 23 26 20 599 3
240.238 71.369 21.179 24 26 20 599 3
240.238 71.369 21.179 25 26 20 599 3
240.238 71.369 21.179 26 26 20 599 3
240.238 71.369 21.179 27 26 20 599 3
240.238 71.369 21.179 28 26 20 599 3
240.238 71.369 21.179 29 26 20 599 3
240.238 71.369 21.179 30 26 20 599 3
63.652 23.425 208.416 1 27 20 604 4
63.652 23.425 208.416 2 27 20 604 4
63.652 23.425 208.416 3 27 20 604 4
63.652 23.425 208.416 4 27 20 604 4
63.652 23.425 208.416 5 27 20 604 4
63.652 23.425 208.416 6 27 20 604 4
63.652 23.425 208.416 7 27 20 604 4
34.216 10.677 242.714 8 27 20 111 1
63.652 23.425 208.416 9 27 20 604 4
63.652 23.425 208.416 10 27 20 604 4
63.652 23.425 208.416 11 27 20 604 4
63.652 23.425 208.416 12 27 20 604 4
63.652 23.425 208.416 13 27 20 604 4
111.778 129.143 36.818 14 27 20 682 4
111.778 129.143 36.818 15 27 20 682 4
111.778 129.143 36.818 16 27 20 682 4
111.778 129.143 36.818 17 27 20 682 4
111.778 129.143 36.818 18 27 20 682 4
111.778 129.143 36.818 19 27 20 682 4
240.238 71.369 21.179 20 27 20 599 3
240.238 71.369 21.179 21 27 20 599 3
240.238 71.369 21.179 22 27 20 599 3
240.238 71.369 21.179 23 27 20 599 3
240.238 71.369 21.179 24 27 20 599 3
240.238 71.369 21.179 25 27 20 599 3
240.238 71.369 21.179 26 27 20 599 3
240.238 71.369 21.179 27 27 20 599 3
240.238 71.369 21.179 28 27 20 599 3
240.238 71.369 21.179 29 27 20 599 3
240.238 71.369 21.179 30 27 20 599 3
63.652 23.425 208.416 1 28 20 604 4
63.652 23.425 208.416 2 28 20 604 4
63.652 23.425 208.416 3 28 20 604 4
223.436 81.630 169.294 4 28 20 176 1
63.652 23.425 208.416 5 28 20 604 4
229.809 122.378 218.982 6 28 20 542 2
63.652 23.425 208.416 7 28 20 604 4
63.652 23.425 208.416 8 28 20 604 4
63.652 23.425 208.416 9 28 20 604 4
63.652 23.425 208.416 10 28 20 604 4
63.652 23.425 208.416 11 28 20 604 4
63.652 23.425 208.416 12 28 20 604 4
331.896 47.124 191.038 13 28 20 401 1
331.896 47.124 191.038 14 28 20 401 1
331.896 47.124 191.038 15 28 20 401 1
111.778 129.143 36.818 16 28 20 682 4
111.778 129.143 36.818 17 28 20 682 4
357.451 118.186 168.096 18 28 20 443 1
111.778 129.143 36.818 19 28 20 682 4
240.238 71.369 21.179 20 28 20 599 3
240.238 71.369 21.179 21 28 20 599 3
9.093 85.475 331.977 22 28 20 143 1
240.238 71.369 21.179 23 28 20 599 3
240.238 71.369 21.179 24 28 20 599 3
240.238 71.369 21.179 25 28 20 599 3
219.204 124.369 311.069 26 28 20 615 4
219.204 124.369 311.069 27 28 20 615 4
220.177 101.191 43.369 28 28 20 408 1
219.204 124.369 311.069 29 28 20 615 4
219.204 124.369 311.069 30 28 20 615 4
63.652 23.425 208.416 1 29 20 604 4
63.652 23.425 208.416 2 29 20 604 4
63.652 23.425 208.416 3 29 20 604 4
63.652 23.425 208.416 4 29 20 604 4
63.652 23.425 208.416 5 29 20 604 4
63.652 23.425 208.416 6 29 20 604 4
63.652 23.425 208.416 7 29 20 604 4
63.652 23.425 208.416 8 29 20 604 4
63.652 23.425 208.416 9 29 20 604 4
63.652 23.425 208.416 10 29 20 604 4
63.652 23.425 208.416 11 29 20 604 4
63.652 23.425 208.416 12 29 20 604 4
63.652 23.425 208.416 13 29 20 604 4
111.778 129.143 36.818 14 29 20 682 4
111.778 129.143 36.818 15 29 20 682 4
111.778 129.143 36.818 16 29 20 682 4
111.778 129.143 36.818 17 29 20 682 4
111.778 129.143 36.818 18 29 20 682 4
111.778 129.143 36.818 19 29 20 682 4
319.375 91.000 286.557 20 29 20 666 2
319.375 91.000 286.557 21 29 20 666 2
9.093 85.475 331.977 22 29 20 143 1
294.996 94.393 248.594 23 29 20 173 1
294.996 94.393 248.594 24 29 20 173 1
51.553 64.020 37.694 25 29 20 503 2
51.553 64.020 37.694 26 29 20 503 2
219.204 124.369 311.069 27 29 20 615 4
219.204 124.369 311.069 28 29 20 615 4
219.204 124.369 311.069 29 29 20 615 4
219.204 124.369 311.069 30 29 20 615 4
63.652 23.425 208.416 1 30 20 604 4
63.652 23.425 208.416 2 30 20 604 4
63.652 23.425 208.416 3 30 20 604 4
63.652 23.425 208.416 4 30 20 604 4
63.652 23.425 208.416 5 30 20 604 4
294.046 87.513 36.150 6 30 20 518 2
63.652 23.425 208.416 7 30 20 604 4
63.652 23.425 208.416 8 30 20 604 4
63.652 23.425 208.416 9 30 20 604 4
63.652 23.425 208.416 10 30 20 604 4
63.652 23.425 208.416 11 30 20 604 4
63.652 23.425 208.416 12 30 20 604 4
63.652 23.425 208.416 13 30 20 604 4
111.778 129.143 36.818 14 30 20 682 4
111.778 129.143 36.818 15 30 20 682 4
133.023 97.207 264.900 16 30 20 465 1
111.778 129.143 36.818 17 30 20 682 4
319.375 91.000 286.557 18 30 20 666 2
319.375 91.000 286.557 19 30 20 666 2
319.375 91.000 286.557 20 30 20 666 2
319.375 91.000 286.557 21 30 20 666 2
9.093 85.475 331.977 22 30 20 143 1
294.996 94.393 248.594 23 30 20 173 1
51.553 64.020 37.694 24 30 20 503 2
51.553 64.020 37.694 25 30 20 503 2
263.146 137.933 336.478 26 30 20 27 1
51.553 64.020 37.694 27 30 20 503 2
51.553 64.020 37.694 28 30 20 503 2
51.553 64.020 37.694 29 30 20 503 2
29.695 54.587 310.332 30 30 20 338 1
