171.838 72.649 333.505 1 1 6 610 4
171.838 72.649 333.505 2 1 6 610 4
171.838 72.649 333.505 3 1 6 610 4
171.838 72.649 333.505 4 1 6 610 4
171.838 72.649 333.505 5 1 6 610 4
171.838 72.649 333.505 6 1 6 610 4
171.838 72.649 333.505 7 1 6 610 4
171.838 72.649 333.505 8 1 6 610 4
171.838 72.649 333.505 9 1 6 610 4
171.838 72.649 333.505 10 1 6 610 4
171.838 72.649 333.505 11 1 6 610 4
312.543 116.881 338.505 12 1 6 7 1
312.543 116.881 338.505 13 1 6 7 1
312.543 116.881 338.505 14 1 6 7 1
312.543 116.881 338.505 15 1 6 7 1
312.543 116.881 338.505 16 1 6 7 1
60.353 48.193 152.148 17 1 6 608 4
60.353 48.193 152.148 18 1 6 608 4
60.353 48.193 152.148 19 1 6 608 4
60.353 48.193 152.148 20 1 6 608 4
60.353 48.193 152.148 21 1 6 608 4
119.346 72.683 327.624 22 1 6 593 2
293.628 96.686 225.949 23 1 6 578 2
293.628 96.686 225.949 24 1 6 578 2
203.168 87.210 188.550 25 1 6 596 3
203.168 87.210 188.550 26 1 6 596 3
203.168 87.210 188.550 27 1 6 596 3
203.168 87.210 188.550 28 1 6 596 3
152.087 34.567 215.997 29 1 6 597 3
152.087 34.567 215.997 30 1 6 597 3
171.838 72.649 333.505 1 2 6 610 4
171.838 72.649 333.505 2 2 6 610 4
171.838 72.649 333.505 3 2 6 610 4
171.838 72.649 333.505 4 2 6 610 4
171.838 72.649 333.505 5 2 6 610 4
171.838 72.649 333.505 6 2 6 610 4
171.838 72.649 333.505 7 2 6 610 4
171.838 72.649 333.505 8 2 6 610 4
171.838 72.649 333.505 9 2 6 610 4
171.838 72.649 333.505 10 2 6 610 4
171.838 72.649 333.505 11 2 6 610 4
312.543 116.881 338.505 12 2 6 7 1
312.543 116.881 338.505 13 2 6 7 1
299.358 54.253 89.524 14 2 6 131 1
299.358 54.253 89.524 15 2 6 131 1
20.233 90.663 195.216 16 2 6 527 2
214.720 34.046 82.199 17 2 6 198 1
214.720 34.046 82.199 18 2 6 198 1
60.353 48.193 152.148 19 2 6 608 4
60.353 48.193 152.148 20 2 6 608 4
293.628 96.686 225.949 21 2 6 578 2
119.346 72.683 327.624 22 2 6 593 2
293.628 96.686 225.949 23 2 6 578 2
293.628 96.686 225.949 24 2 6 578 2
203.168 87.210 188.550 25 2 6 596 3
203.168 87.210 188.550 26 2 6 596 3
203.168 87.210 188.550 27 2 6 596 3
152.087 34.567 215.997 28 2 6 597 3
152.087 34.567 215.997 29 2 6 597 3
152.087 34.567 215.997 30 2 6 597 3
171.838 72.649 333.505 1 3 6 610 4
171.838 72.649 333.505 2 3 6 610 4
171.838 72.649 333.505 3 3 6 610 4
171.838 72.649 333.505 4 3 6 610 4
171.838 72.649 333.505 5 3 6 610 4
171.838 72.649 333.505 6 3 6 610 4
171.838 72.649 333.505 7 3 6 610 4
171.838 72.649 333.505 8 3 6 610 4
171.838 72.649 333.505 9 3 6 610 4
171.838 72.649 333.505 10 3 6 610 4
184.426 66.728 289.221 11 3 6 516 2
184.426 66.728 289.221 12 3 6 516 2
312.543 116.881 338.505 13 3 6 7 1
312.543 116.881 338.505 14 3 6 7 1
20.233 90.663 195.216 15 3 6 527 2
20.233 90.663 195.216 16 3 6 527 2
20.233 90.663 195.216 17 3 6 527 2
214.720 34.046 82.199 18 3 6 198 1
60.353 48.193 152.148 19 3 6 608 4
60.353 48.193 152.148 20 3 6 608 4
293.628 96.686 225.949 21 3 6 578 2
293.628 96.686 225.949 22 3 6 578 2
293.628 96.686 225.949 23 3 6 578 2
293.628 96.686 225.949 24 3 6 578 2
203.168 87.210 188.550 25 3 6 596 3
152.087 34.567 215.997 26 3 6 597 3
152.087 34.567 215.997 27 3 6 597 3
152.087 34.567 215.997 28 3 6 597 3
152.087 34.567 215.997 29 3 6 597 3
152.087 34.567 215.997 30 3 6 597 3
171.838 72.649 333.505 1 4 6 610 4
171.838 72.649 333.505 2 4 6 610 4
171.838 72.649 333.505 3 4 6 610 4
171.838 72.649 333.505 4 4 6 610 4
171.838 72.649 333.505 5 4 6 610 4
171.838 72.649 333.505 6 4 6 610 4
171.838 72.649 333.505 7 4 6 610 4
171.838 72.649 333.505 8 4 6 610 4
171.838 72.649 333.505 9 4 6 610 4
171.838 72.649 333.505 10 4 6 610 4
184.426 66.728 289.221 11 4 6 516 2
184.426 66.728 289.221 12 4 6 516 2
20.233 90.663 195.216 13 4 6 527 2
20.233 90.663 195.216 14 4 6 527 2
20.233 90.663 195.216 15 4 6 527 2
20.233 90.663 195.216 16 4 6 527 2
20.233 90.663 195.216 17 4 6 527 2
20.233 90.663 195.216 18 4 6 527 2
293.628 96.686 225.949 19 4 6 578 2
293.628 96.686 225.949 20 4 6 578 2
293.628 96.686 225.949 21 4 6 578 2
293.628 96.686 225.949 22 4 6 578 2
293.628 96.686 225.949 23 4 6 578 2
293.628 96.686 225.949 24 4 6 578 2
293.628 96.686 225.949 25 4 6 578 2
240.238 71.369 21.179 26 4 6 599 3
152.087 34.567 215.997 27 4 6 597 3
152.087 34.567 215.997 28 4 6 597 3
152.087 34.567 215.997 29 4 6 597 3
152.087 34.567 215.997 30 4 6 597 3
171.838 72.649 333.505 1 5 6 610 4
171.838 72.649 333.505 2 5 6 610 4
171.838 72.649 333.505 3 5 6 610 4
171.838 72.649 333.505 4 5 6 610 4
171.838 72.649 333.505 5 5 6 610 4
171.838 72.649 333.505 6 5 6 610 4
171.838 72.649 333.505 7 5 6 610 4
171.838 72.649 333.505 8 5 6 610 4
171.838 72.649 333.505 9 5 6 610 4
42.412 102.191 167.015 10 5 6 227 1
42.412 102.191 167.015 11 5 6 227 1
42.412 102.191 167.015 12 5 6 227 1
20.233 90.663 195.216 13 5 6 527 2
20.233 90.663 195.216 14 5 6 527 2
20.233 90.663 195.216 15 5 6 527 2
20.233 90.663 195.216 16 5 6 527 2
20.233 90.663 195.216 17 5 6 527 2
20.233 90.663 195.216 18 5 6 527 2
240.238 71.369 21.179 19 5 6 599 3
293.628 96.686 225.949 20 5 6 578 2
293.628 96.686 225.949 21 5 6 578 2
293.628 96.686 225.949 22 5 6 578 2
293.628 96.686 225.949 23 5 6 578 2
293.628 96.686 225.949 24 5 6 578 2
240.238 71.369 21.179 25 5 6 599 3
240.238 71.369 21.179 26 5 6 599 3
240.238 71.369 21.179 27 5 6 599 3
240.238 71.369 21.179 28 5 6 599 3
152.087 34.567 215.997 29 5 6 597 3
152.087 34.567 215.997 30 5 6 597 3
171.838 72.649 333.505 1 6 6 610 4
171.838 72.649 333.505 2 6 6 610 4
171.838 72.649 333.505 3 6 6 610 4
171.838 72.649 333.505 4 6 6 610 4
171.838 72.649 333.505 5 6 6 610 4
171.838 72.649 333.505 6 6 6 610 4
171.838 72.649 333.505 7 6 6 610 4
171.838 72.649 333.505 8 6 6 610 4
171.838 72.649 333.505 9 6 6 610 4
42.412 102.191 167.015 10 6 6 227 1
42.412 102.191 167.015 11 6 6 227 1
42.412 102.191 167.015 12 6 6 227 1
20.233 90.663 195.216 13 6 6 527 2
20.233 90.663 195.216 14 6 6 527 2
20.233 90.663 195.216 15 6 6 527 2
20.233 90.663 195.216 16 6 6 527 2
20.233 90.663 195.216 17 6 6 527 2
240.238 71.369 21.179 18 6 6 599 3
240.238 71.369 21.179 19 6 6 599 3
240.238 71.369 21.179 20 6 6 599 3
293.628 96.686 225.949 21 6 6 578 2
293.628 96.686 225.949 22 6 6 578 2
240.238 71.369 21.179 23 6 6 599 3
240.238 71.369 21.179 24 6 6 599 3
240.238 71.369 21.179 25 6 6 599 3
240.238 71.369 21.179 26 6 6 599 3
240.238 71.369 21.179 27 6 6 599 3
240.238 71.369 21.179 28 6 6 599 3
240.238 71.369 21.179 29 6 6 599 3
152.087 34.567 215.997 30 6 6 597 3
171.838 72.649 333.505 1 7 6 610 4
171.838 72.649 333.505 2 7 6 610 4
171.838 72.649 333.505 3 7 6 610 4
171.838 72.649 333.505 4 7 6 610 4
171.838 72.649 333.505 5 7 6 610 4
171.838 72.649 333.505 6 7 6 610 4
171.838 72.649 333.505 7 7 6 610 4
171.838 72.649 333.505 8 7 6 610 4
171.838 72.649 333.505 9 7 6 610 4
42.412 102.191 167.015 10 7 6 227 1
42.412 102.191 167.015 11 7 6 227 1
42.412 102.191 167.015 12 7 6 227 1
240.238 71.369 21.179 13 7 6 599 3
20.233 90.663 195.216 14 7 6 527 2
20.233 90.663 195.216 15 7 6 527 2
20.233 90.663 195.216 16 7 6 527 2
240.238 71.369 21.179 17 7 6 599 3
240.238 71.369 21.179 18 7 6 599 3
240.238 71.369 21.179 19 7 6 599 3
240.238 71.369 21.179 20 7 6 599 3
240.238 71.369 21.179 21 7 6 599 3
240.238 71.369 21.179 22 7 6 599 3
240.238 71.369 21.179 23 7 6 599 3
240.238 71.369 21.179 24 7 6 599 3
240.238 71.369 21.179 25 7 6 599 3
240.238 71.369 21.179 26 7 6 599 3
240.238 71.369 21.179 27 7 6 599 3
240.238 71.369 21.179 28 7 6 599 3
240.238 71.369 21.179 29 7 6 599 3
240.238 71.369 21.179 30 7 6 599 3
171.838 72.649 333.505 1 8 6 610 4
171.838 72.649 333.505 2 8 6 610 4
171.838 72.649 333.505 3 8 6 610 4
171.838 72.649 333.505 4 8 6 610 4
171.838 72.649 333.505 5 8 6 610 4
171.838 72.649 333.505 6 8 6 610 4
171.838 72.649 333.505 7 8 6 610 4
171.838 72.649 333.505 8 8 6 610 4
171.838 72.649 333.505 9 8 6 610 4
42.412 102.191 167.015 10 8 6 227 1
42.412 102.191 167.015 11 8 6 227 1
255.810 54.909 109.625 12 8 6 82 1
240.238 71.369 21.179 13 8 6 599 3
240.238 71.369 21.179 14 8 6 599 3
240.238 71.369 21.179 15 8 6 599 3
240.238 71.369 21.179 16 8 6 599 3
240.238 71.369 21.179 17 8 6 599 3
240.238 71.369 21.179 18 8 6 599 3
240.238 71.369 21.179 19 8 6 599 3
240.238 71.369 21.179 20 8 6 599 3
240.238 71.369 21.179 21 8 6 599 3
240.238 71.369 21.179 22 8 6 599 3
240.238 71.369 21.179 23 8 6 599 3
240.238 71.369 21.179 24 8 6 599 3
240.238 71.369 21.179 25 8 6 599 3
240.238 71.369 21.179 26 8 6 599 3
240.238 71.369 21.179 27 8 6 599 3
240.238 71.369 21.179 28 8 6 599 3
240.238 71.369 21.179 29 8 6 599 3
240.238 71.369 21.179 30 8 6 599 3
171.838 72.649 333.505 1 9 6 610 4
171.838 72.649 333.505 2 9 6 610 4
171.838 72.649 333.505 3 9 6 610 4
171.838 72.649 333.505 4 9 6 610 4
171.838 72.649 333.505 5 9 6 610 4
171.838 72.649 333.505 6 9 6 610 4
171.838 72.649 333.505 7 9 6 610 4
171.838 72.649 333.505 8 9 6 610 4
171.838 72.649 333.505 9 9 6 610 4
240.238 71.369 21.179 10 9 6 599 3
240.238 71.369 21.179 11 9 6 599 3
240.238 71.369 21.179 12 9 6 599 3
240.238 71.369 21.179 13 9 6 599 3
240.238 71.369 21.179 14 9 6 599 3
240.238 71.369 21.179 15 9 6 599 3
240.238 71.369 21.179 16 9 6 599 3
240.238 71.369 21.179 17 9 6 599 3
240.238 71.369 21.179 18 9 6 599 3
240.238 71.369 21.179 19 9 6 599 3
240.238 71.369 21.179 20 9 6 599 3
240.238 71.369 21.179 21 9 6 599 3
240.238 71.369 21.179 22 9 6 599 3
240.238 71.369 21.179 23 9 6 599 3
240.238 71.369 21.179 24 9 6 599 3
240.238 71.369 21.179 25 9 6 599 3
240.238 71.369 21.179 26 9 6 599 3
240.238 71.369 21.179 27 9 6 599 3
240.238 71.369 21.179 28 9 6 599 3
240.238 71.369 21.179 29 9 6 599 3
240.238 71.369 21.179 30 9 6 599 3
171.838 72.649 333.505 1 10 6 610 4
171.838 72.649 333.505 2 10 6 610 4
171.838 72.649 333.505 3 10 6 610 4
171.838 72.649 333.505 4 10 6 610 4
171.838 72.649 333.505 5 10 6 610 4
171.838 72.649 333.505 6 10 6 610 4
171.838 72.649 333.505 7 10 6 610 4
41.423 122.260 240.247 8 10 6 122 1
41.423 122.260 240.247 9 10 6 122 1
240.238 71.369 21.179 10 10 6 599 3
240.238 71.369 21.179 11 10 6 599 3
240.238 71.369 21.179 12 10 6 599 3
240.238 71.369 21.179 13 10 6 599 3
240.238 71.369 21.179 14 10 6 599 3
240.238 71.369 21.179 15 10 6 599 3
240.238 71.369 21.179 16 10 6 599 3
240.238 71.369 21.179 17 10 6 599 3
240.238 71.369 21.179 18 10 6 599 3
240.238 71.369 21.179 19 10 6 599 3
240.238 71.369 21.179 20 10 6 599 3
240.238 71.369 21.179 21 10 6 599 3
240.238 71.369 21.179 22 10 6 599 3
240.238 71.369 21.179 23 10 6 599 3
240.238 71.369 21.179 24 10 6 599 3
240.238 71.369 21.179 25 10 6 599 3
240.238 71.369 21.179 26 10 6 599 3
240.238 71.369 21.179 27 10 6 599 3
240.238 71.369 21.179 28 10 6 599 3
240.238 71.369 21.179 29 10 6 599 3
240.238 71.369 21.179 30 10 6 599 3
171.838 72.649 333.505 1 11 6 610 4
171.838 72.649 333.505 2 11 6 610 4
171.838 72.649 333.505 3 11 6 610 4
171.838 72.649 333.505 4 11 6 610 4
171.838 72.649 333.505 5 11 6 610 4
269.246 163.841 282.774 6 11 6 531 2
269.246 163.841 282.774 7 11 6 531 2
223.698 68.515 89.228 8 11 6 24 1
41.423 122.260 240.247 9 11 6 122 1
240.238 71.369 21.179 10 11 6 599 3
240.238 71.369 21.179 11 11 6 599 3
240.238 71.369 21.179 12 11 6 599 3
240.238 71.369 21.179 13 11 6 599 3
240.238 71.369 21.179 14 11 6 599 3
240.238 71.369 21.179 15 11 6 599 3
240.238 71.369 21.179 16 11 6 599 3
240.238 71.369 21.179 17 11 6 599 3
240.238 71.369 21.179 18 11 6 599 3
240.238 71.369 21.179 19 11 6 599 3
240.238 71.369 21.179 20 11 6 599 3
240.238 71.369 21.179 21 11 6 599 3
240.238 71.369 21.179 22 11 6 599 3
240.238 71.369 21.179 23 11 6 599 3
240.238 71.369 21.179 24 11 6 599 3
240.238 71.369 21.179 25 11 6 599 3
240.238 71.369 21.179 26 11 6 599 3
240.238 71.369 21.179 27 11 6 599 3
240.238 71.369 21.179 28 11 6 599 3
240.238 71.369 21.179 29 11 6 599 3
240.238 71.369 21.179 30 11 6 599 3
171.838 72.649 333.505 1 12 6 610 4
171.838 72.649 333.505 2 12 6 610 4
171.838 72.649 333.505 3 12 6 610 4
76.605 139.812 232.213 4 12 6 6 1
269.246 163.841 282.774 5 12 6 531 2
269.246 163.841 282.774 6 12 6 531 2
240.238 71.369 21.179 7 12 6 599 3
240.238 71.369 21.179 8 12 6 599 3
240.238 71.369 21.179 9 12 6 599 3
240.238 71.369 21.179 10 12 6 599 3
240.238 71.369 21.179 11 12 6 599 3
240.238 71.369 21.179 12 12 6 599 3
240.238 71.369 21.179 13 12 6 599 3
240.238 71.369 21.179 14 12 6 599 3
240.238 71.369 21.179 15 12 6 599 3
240.238 71.369 21.179 16 12 6 599 3
240.238 71.369 21.179 17 12 6 599 3
240.238 71.369 21.179 18 12 6 599 3
240.238 71.369 21.179 19 12 6 599 3
240.238 71.369 21.179 20 12 6 599 3
240.238 71.369 21.179 21 12 6 599 3
240.238 71.369 21.179 22 12 6 599 3
240.238 71.369 21.179 23 12 6 599 3
240.238 71.369 21.179 24 12 6 599 3
240.238 71.369 21.179 25 12 6 599 3
240.238 71.369 21.179 26 12 6 599 3
240.238 71.369 21.179 27 12 6 599 3
240.238 71.369 21.179 28 12 6 599 3
240.238 71.369 21.179 29 12 6 599 3
240.238 71.369 21.179 30 12 6 599 3
171.838 72.649 333.505 1 13 6 610 4
171.838 72.649 333.505 2 13 6 610 4
171.838 72.649 333.505 3 13 6 610 4
76.605 139.812 232.213 4 13 6 6 1
269.246 163.841 282.774 5 13 6 531 2
269.246 163.841 282.774 6 13 6 531 2
240.238 71.369 21.179 7 13 6 599 3
240.238 71.369 21.179 8 13 6 599 3
240.238 71.369 21.179 9 13 6 599 3
240.238 71.369 21.179 10 13 6 599 3
240.238 71.369 21.179 11 13 6 599 3
240.238 71.369 21.179 12 13 6 599 3
240.238 71.369 21.179 13 13 6 599 3
240.238 71.369 21.179 14 13 6 599 3
240.238 71.369 21.179 15 13 6 599 3
240.238 71.369 21.179 16 13 6 599 3
240.238 71.369 21.179 17 13 6 599 3
240.238 71.369 21.179 18 13 6 599 3
240.238 71.369 21.179 19 13 6 599 3
240.238 71.369 21.179 20 13 6 599 3
240.238 71.369 21.179 21 13 6 599 3
240.238 71.369 21.179 22 13 6 599 3
240.238 71.369 21.179 23 13 6 599 3
240.238 71.369 21.179 24 13 6 599 3
240.238 71.369 21.179 25 13 6 599 3
240.238 71.369 21.179 26 13 6 599 3
240.238 71.369 21.179 27 13 6 599 3
240.238 71.369 21.179 28 13 6 599 3
240.238 71.369 21.179 29 13 6 599 3
240.238 71.369 21.179 30 13 6 599 3
209.751 56.531 13.860 1 14 6 656 1
209.751 56.531 13.860 2 14 6 656 1
209.751 56.531 13.860 3 14 6 656 1
103.356 36.809 100.762 4 14 6 614 4
103.356 36.809 100.762 5 14 6 614 4
240.238 71.369 21.179 6 14 6 599 3
240.238 71.369 21.179 7 14 6 599 3
240.238 71.369 21.179 8 14 6 599 3
240.238 71.369 21.179 9 14 6 599 3
240.238 71.369 21.179 10 14 6 599 3
240.238 71.369 21.179 11 14 6 599 3
240.238 71.369 21.179 12 14 6 599 3
240.238 71.369 21.179 13 14 6 599 3
240.238 71.369 21.179 14 14 6 599 3
240.238 71.369 21.179 15 14 6 599 3
240.238 71.369 21.179 16 14 6 599 3
240.238 71.369 21.179 17 14 6 599 3
240.238 71.369 21.179 18 14 6 599 3
240.238 71.369 21.179 19 14 6 599 3
240.238 71.369 21.179 20 14 6 599 3
240.238 71.369 21.179 21 14 6 599 3
240.238 71.369 21.179 22 14 6 599 3
240.238 71.369 21.179 23 14 6 599 3
240.238 71.369 21.179 24 14 6 599 3
240.238 71.369 21.179 25 14 6 599 3
240.238 71.369 21.179 26 14 6 599 3
240.238 71.369 21.179 27 14 6 599 3
240.238 71.369 21.179 28 14 6 599 3
240.238 71.369 21.179 29 14 6 599 3
240.238 71.369 21.179 30 14 6 599 3
209.751 56.531 13.860 1 15 6 656 1
209.751 56.531 13.860 2 15 6 656 1
209.751 56.531 13.860 3 15 6 656 1
103.356 36.809 100.762 4 15 6 614 4
103.356 36.809 100.762 5 15 6 614 4
103.356 36.809 100.762 6 15 6 614 4
103.356 36.809 100.762 7 15 6 614 4
135.869 44.523 171.718 8 15 6 267 1
240.238 71.369 21.179 9 15 6 599 3
131.573 173.741 329.337 10 15 6 502 2
240.238 71.369 21.179 11 15 6 599 3
240.238 71.369 21.179 12 15 6 599 3
240.238 71.369 21.179 13 15 6 599 3
240.238 71.369 21.179 14 15 6 599 3
240.238 71.369 21.179 15 15 6 599 3
240.238 71.369 21.179 16 15 6 599 3
240.238 71.369 21.179 17 15 6 599 3
240.238 71.369 21.179 18 15 6 599 3
240.238 71.369 21.179 19 15 6 599 3
240.238 71.369 21.179 20 15 6 599 3
240.238 71.369 21.179 21 15 6 599 3
240.238 71.369 21.179 22 15 6 599 3
240.238 71.369 21.179 23 15 6 599 3
240.238 71.369 21.179 24 15 6 599 3
240.238 71.369 21.179 25 15 6 599 3
240.238 71.369 21.179 26 15 6 599 3
240.238 71.369 21.179 27 15 6 599 3
240.238 71.369 21.179 28 15 6 599 3
240.238 71.369 21.179 29 15 6 599 3
240.238 71.369 21.179 30 15 6 599 3
103.356 36.809 100.762 1 16 6 614 4
209.751 56.531 13.860 2 16 6 656 1
228.538 167.974 278.522 3 16 6 452 1
228.538 167.974 278.522 4 16 6 452 1
103.356 36.809 100.762 5 16 6 614 4
103.356 36.809 100.762 6 16 6 614 4
103.356 36.809 100.762 7 16 6 614 4
103.356 36.809 100.762 8 16 6 614 4
103.356 36.809 100.762 9 16 6 614 4
240.238 71.369 21.179 10 16 6 599 3
240.238 71.369 21.179 11 16 6 599 3
240.238 71.369 21.179 12 16 6 599 3
240.238 71.369 21.179 13 16 6 599 3
240.238 71.369 21.179 14 16 6 599 3
240.238 71.369 21.179 15 16 6 599 3
240.238 71.369 21.179 16 16 6 599 3
240.238 71.369 21.179 17 16 6 599 3
240.238 71.369 21.179 18 16 6 599 3
240.238 71.369 21.179 19 16 6 599 3
240.238 71.369 21.179 20 16 6 599 3
240.238 71.369 21.179 21 16 6 599 3
240.238 71.369 21.179 22 16 6 599 3
240.238 71.369 21.179 23 16 6 599 3
240.238 71.369 21.179 24 16 6 599 3
240.238 71.369 21.179 25 16 6 599 3
240.238 71.369 21.179 26 16 6 599 3
240.238 71.369 21.179 27 16 6 599 3
240.238 71.369 21.179 28 16 6 599 3
240.238 71.369 21.179 29 16 6 599 3
240.238 71.369 21.179 30 16 6 599 3
103.356 36.809 100.762 1 17 6 614 4
103.356 36.809 100.762 2 17 6 614 4
103.356 36.809 100.762 3 17 6 614 4
103.356 36.809 100.762 4 17 6 614 4
103.356 36.809 100.762 5 17 6 614 4
103.356 36.809 100.762 6 17 6 614 4
103.356 36.809 100.762 7 17 6 614 4
103.356 36.809 100.762 8 17 6 614 4
103.356 36.809 100.762 9 17 6 614 4
240.238 71.369 21.179 10 17 6 599 3
240.238 71.369 21.179 11 17 6 599 3
240.238 71.369 21.179 12 17 6 599 3
240.238 71.369 21.179 13 17 6 599 3
240.238 71.369 21.179 14 17 6 599 3
240.238 71.369 21.179 15 17 6 599 3
240.238 71.369 21.179 16 17 6 599 3
240.238 71.369 21.179 17 17 6 599 3
240.238 71.369 21.179 18 17 6 599 3
240.238 71.369 21.179 19 17 6 599 3
240.238 71.369 21.179 20 17 6 599 3
240.238 71.369 21.179 21 17 6 599 3
240.238 71.369 21.179 22 17 6 599 3
240.238 71.369 21.179 23 17 6 599 3
240.238 71.369 21.179 24 17 6 599 3
240.238 71.369 21.179 25 17 6 599 3
240.238 71.369 21.179 26 17 6 599 3
240.238 71.369 21.179 27 17 6 599 3
240.238 71.369 21.179 28 17 6 599 3
240.238 71.369 21.179 29 17 6 599 3
240.238 71.369 21.179 30 17 6 599 3
103.356 36.809 100.762 1 18 6 614 4
129.548 46.563 327.339 2 18 6 3 1
103.356 36.809 100.762 3 18 6 614 4
103.356 36.809 100.762 4 18 6 614 4
103.356 36.809 100.762 5 18 6 614 4
103.356 36.809 100.762 6 18 6 614 4
103.356 36.809 100.762 7 18 6 614 4
103.356 36.809 100.762 8 18 6 614 4
103.356 36.809 100.762 9 18 6 614 4
240.238 71.369 21.179 10 18 6 599 3
240.238 71.369 21.179 11 18 6 599 3
240.238 71.369 21.179 12 18 6 599 3
240.238 71.369 21.179 13 18 6 599 3
240.238 71.369 21.179 14 18 6 599 3
240.238 71.369 21.179 15 18 6 599 3
240.238 71.369 21.179 16 18 6 599 3
240.238 71.369 21.179 17 18 6 599 3
240.238 71.369 21.179 18 18 6 599 3
240.238 71.369 21.179 19 18 6 599 3
240.238 71.369 21.179 20 18 6 599 3
240.238 71.369 21.179 21 18 6 599 3
240.238 71.369 21.179 22 18 6 599 3
240.238 71.369 21.179 23 18 6 599 3
240.238 71.369 21.179 24 18 6 599 3
240.238 71.369 21.179 25 18 6 599 3
240.238 71.369 21.179 26 18 6 599 3
240.238 71.369 21.179 27 18 6 599 3
240.238 71.369 21.179 28 18 6 599 3
240.238 71.369 21.179 29 18 6 599 3
240.238 71.369 21.179 30 18 6 599 3
103.356 36.809 100.762 1 19 6 614 4
103.356 36.809 100.762 2 19 6 614 4
103.356 36.809 100.762 3 19 6 614 4
103.356 36.809 100.762 4 19 6 614 4
103.356 36.809 100.762 5 19 6 614 4
103.356 36.809 100.762 6 19 6 614 4
103.356 36.809 100.762 7 19 6 614 4
103.356 36.809 100.762 8 19 6 614 4
103.356 36.809 100.762 9 19 6 614 4
240.238 71.369 21.179 10 19 6 599 3
240.238 71.369 21.179 11 19 6 599 3
240.238 71.369 21.179 12 19 6 599 3
240.238 71.369 21.179 13 19 6 599 3
240.238 71.369 21.179 14 19 6 599 3
240.238 71.369 21.179 15 19 6 599 3
240.238 71.369 21.179 16 19 6 599 3
240.238 71.369 21.179 17 19 6 599 3
240.238 71.369 21.179 18 19 6 599 3
240.238 71.369 21.179 19 19 6 599 3
240.238 71.369 21.179 20 19 6 599 3
240.238 71.369 21.179 21 19 6 599 3
240.238 71.369 21.179 22 19 6 599 3
240.238 71.369 21.179 23 19 6 599 3
240.238 71.369 21.179 24 19 6 599 3
240.238 71.369 21.179 25 19 6 599 3
240.238 71.369 21.179 26 19 6 599 3
240.238 71.369 21.179 27 19 6 599 3
240.238 71.369 21.179 28 19 6 599 3
240.238 71.369 21.179 29 19 6 599 3
240.238 71.369 21.179 30 19 6 599 3
103.356 36.809 100.762 1 20 6 614 4
103.356 36.809 100.762 2 20 6 614 4
103.356 36.809 100.762 3 20 6 614 4
103.356 36.809 100.762 4 20 6 614 4
103.356 36.809 100.762 5 20 6 614 4
103.356 36.809 100.762 6 20 6 614 4
103.356 36.809 100.762 7 20 6 614 4
103.356 36.809 100.762 8 20 6 614 4
240.238 71.369 21.179 9 20 6 599 3
240.238 71.369 21.179 10 20 6 599 3
240.238 71.369 21.179 11 20 6 599 3
240.238 71.369 21.179 12 20 6 599 3
240.238 71.369 21.179 13 20 6 599 3
240.238 71.369 21.179 14 20 6 599 3
240.238 71.369 21.179 15 20 6 599 3
240.238 71.369 21.179 16 20 6 599 3
240.238 71.369 21.179 17 20 6 599 3
240.238 71.369 21.179 18 20 6 599 3
240.238 71.369 21.179 19 20 6 599 3
240.238 71.369 21.179 20 20 6 599 3
240.238 71.369 21.179 21 20 6 599 3
240.238 71.369 21.179 22 20 6 599 3
240.238 71.369 21.179 23 20 6 599 3
240.238 71.369 21.179 24 20 6 599 3
240.238 71.369 21.179 25 20 6 599 3
240.238 71.369 21.179 26 20 6 599 3
240.238 71.369 21.179 27 20 6 599 3
240.238 71.369 21.179 28 20 6 599 3
240.238 71.369 21.179 29 20 6 599 3
240.238 71.369 21.179 30 20 6 599 3
103.356 36.809 100.762 1 21 6 614 4
103.356 36.809 100.762 2 21 6 614 4
103.356 36.809 100.762 3 21 6 614 4
307.796 72.953 94.315 4 21 6 162 1
103.356 36.809 100.762 5 21 6 614 4
103.356 36.809 100.762 6 21 6 614 4
103.356 36.809 100.762 7 21 6 614 4
103.356 36.809 100.762 8 21 6 614 4
240.238 71.369 21.179 9 21 6 599 3
240.238 71.369 21.179 10 21 6 599 3
240.238 71.369 21.179 11 21 6 599 3
240.238 71.369 21.179 12 21 6 599 3
240.238 71.369 21.179 13 21 6 599 3
240.238 71.369 21.179 14 21 6 599 3
240.238 71.369 21.179 15 21 6 599 3
240.238 71.369 21.179 16 21 6 599 3
240.238 71.369 21.179 17 21 6 599 3
240.238 71.369 21.179 18 21 6 599 3
240.238 71.369 21.179 19 21 6 599 3
240.238 71.369 21.179 20 21 6 599 3
240.238 71.369 21.179 21 21 6 599 3
240.238 71.369 21.179 22 21 6 599 3
240.238 71.369 21.179 23 21 6 599 3
240.238 71.369 21.179 24 21 6 599 3
240.238 71.369 21.179 25 21 6 599 3
240.238 71.369 21.179 26 21 6 599 3
240.238 71.369 21.179 27 21 6 599 3
240.238 71.369 21.179 28 21 6 599 3
240.238 71.369 21.179 29 21 6 599 3
240.238 71.369 21.179 30 21 6 599 3
103.356 36.809 100.762 1 22 6 614 4
103.356 36.809 100.762 2 22 6 614 4
103.356 36.809 100.762 3 22 6 614 4
72.844 135.614 28.551 4 22 6 34 1
243.637 73.802 92.220 5 22 6 496 2
103.356 36.809 100.762 6 22 6 614 4
65.770 61.250 83.338 7 22 6 618 4
65.770 61.250 83.338 8 22 6 618 4
65.770 61.250 83.338 9 22 6 618 4
240.238 71.369 21.179 10 22 6 599 3
240.238 71.369 21.179 11 22 6 599 3
240.238 71.369 21.179 12 22 6 599 3
240.238 71.369 21.179 13 22 6 599 3
240.238 71.369 21.179 14 22 6 599 3
240.238 71.369 21.179 15 22 6 599 3
240.238 71.369 21.179 16 22 6 599 3
240.238 71.369 21.179 17 22 6 599 3
240.238 71.369 21.179 18 22 6 599 3
240.238 71.369 21.179 19 22 6 599 3
240.238 71.369 21.179 20 22 6 599 3
240.238 71.369 21.179 21 22 6 599 3
240.238 71.369 21.179 22 22 6 599 3
240.238 71.369 21.179 23 22 6 599 3
240.238 71.369 21.179 24 22 6 599 3
240.238 71.369 21.179 25 22 6 599 3
240.238 71.369 21.179 26 22 6 599 3
240.238 71.369 21.179 27 22 6 599 3
240.238 71.369 21.179 28 22 6 599 3
240.238 71.369 21.179 29 22 6 599 3
240.238 71.369 21.179 30 22 6 599 3
103.356 36.809 100.762 1 23 6 614 4
103.356 36.809 100.762 2 23 6 614 4
103.356 36.809 100.762 3 23 6 614 4
307.796 72.953 94.315 4 23 6 162 1
243.637 73.802 92.220 5 23 6 496 2
65.770 61.250 83.338 6 23 6 618 4
65.770 61.250 83.338 7 23 6 618 4
65.770 61.250 83.338 8 23 6 618 4
65.770 61.250 83.338 9 23 6 618 4
65.770 61.250 83.338 10 23 6 618 4
65.770 61.250 83.338 11 23 6 618 4
240.238 71.369 21.179 12 23 6 599 3
240.238 71.369 21.179 13 23 6 599 3
240.238 71.369 21.179 14 23 6 599 3
240.238 71.369 21.179 15 23 6 599 3
240.238 71.369 21.179 16 23 6 599 3
240.238 71.369 21.179 17 23 6 599 3
240.238 71.369 21.179 18 23 6 599 3
240.238 71.369 21.179 19 23 6 599 3
218.023 79.792 249.697 20 23 6 172 1
240.238 71.369 21.179 21 23 6 599 3
240.238 71.369 21.179 22 23 6 599 3
240.238 71.369 21.179 23 23 6 599 3
240.238 71.369 21.179 24 23 6 599 3
240.238 71.369 21.179 25 23 6 599 3
240.238 71.369 21.179 26 23 6 599 3
240.238 71.369 21.179 27 23 6 599 3
240.238 71.369 21.179 28 23 6 599 3
240.238 71.369 21.179 29 23 6 599 3
240.238 71.369 21.179 30 23 6 599 3
103.356 36.809 100.762 1 24 6 614 4
103.356 36.809 100.762 2 24 6 614 4
103.356 36.809 100.762 3 24 6 614 4
307.796 72.953 94.315 4 24 6 162 1
65.770 61.250 83.338 5 24 6 618 4
65.770 61.250 83.338 6 24 6 618 4
65.770 61.250 83.338 7 24 6 618 4
65.770 61.250 83.338 8 24 6 618 4
65.770 61.250 83.338 9 24 6 618 4
65.770 61.250 83.338 10 24 6 618 4
65.770 61.250 83.338 11 24 6 618 4
65.770 61.250 83.338 12 24 6 618 4
240.238 71.369 21.179 13 24 6 599 3
240.238 71.369 21.179 14 24 6 599 3
240.238 71.369 21.179 15 24 6 599 3
240.238 71.369 21.179 16 24 6 599 3
240.238 71.369 21.179 17 24 6 599 3
240.238 71.369 21.179 18 24 6 599 3
240.238 71.369 21.179 19 24 6 599 3
240.238 71.369 21.179 20 24 6 599 3
240.238 71.369 21.179 21 24 6 599 3
240.238 71.369 21.179 22 24 6 599 3
240.238 71.369 21.179 23 24 6 599 3
240.238 71.369 21.179 24 24 6 599 3
240.238 71.369 21.179 25 24 6 599 3
240.238 71.369 21.179 26 24 6 599 3
293.792 106.787 206.495 27 24 6 617 4
293.792 106.787 206.495 28 24 6 617 4
293.792 106.787 206.495 29 24 6 617 4
293.792 106.787 206.495 30 24 6 617 4
103.356 36.809 100.762 1 25 6 614 4
103.356 36.809 100.762 2 25 6 614 4
65.770 61.250 83.338 3 25 6 618 4
65.770 61.250 83.338 4 25 6 618 4
65.770 61.250 83.338 5 25 6 618 4
65.770 61.250 83.338 6 25 6 618 4
65.770 61.250 83.338 7 25 6 618 4
65.770 61.250 83.338 8 25 6 618 4
65.770 61.250 83.338 9 25 6 618 4
65.770 61.250 83.338 10 25 6 618 4
65.770 61.250 83.338 11 25 6 618 4
65.770 61.250 83.338 12 25 6 618 4
65.770 61.250 83.338 13 25 6 618 4
240.238 71.369 21.179 14 25 6 599 3
240.238 71.369 21.179 15 25 6 599 3
240.238 71.369 21.179 16 25 6 599 3
240.238 71.369 21.179 17 25 6 599 3
240.238 71.369 21.179 18 25 6 599 3
240.238 71.369 21.179 19 25 6 599 3
240.238 71.369 21.179 20 25 6 599 3
240.238 71.369 21.179 21 25 6 599 3
240.238 71.369 21.179 22 25 6 599 3
240.238 71.369 21.179 23 25 6 599 3
240.238 71.369 21.179 24 25 6 599 3
240.238 71.369 21.179 25 25 6 599 3
293.792 106.787 206.495 26 25 6 617 4
293.792 106.787 206.495 27 25 6 617 4
293.792 106.787 206.495 28 25 6 617 4
293.792 106.787 206.495 29 25 6 617 4
293.792 106.787 206.495 30 25 6 617 4
103.356 36.809 100.762 1 26 6 614 4
103.356 36.809 100.762 2 26 6 614 4
65.770 61.250 83.338 3 26 6 618 4
52.156 99.379 40.135 4 26 6 291 1
65.770 61.250 83.338 5 26 6 618 4
65.770 61.250 83.338 6 26 6 618 4
65.770 61.250 83.338 7 26 6 618 4
65.770 61.250 83.338 8 26 6 618 4
65.770 61.250 83.338 9 26 6 618 4
65.770 61.250 83.338 10 26 6 618 4
65.770 61.250 83.338 11 26 6 618 4
65.770 61.250 83.338 12 26 6 618 4
65.770 61.250 83.338 13 26 6 618 4
65.770 61.250 83.338 14 26 6 618 4
240.238 71.369 21.179 15 26 6 599 3
240.238 71.369 21.179 16 26 6 599 3
240.238 71.369 21.179 17 26 6 599 3
240.238 71.369 21.179 18 26 6 599 3
240.238 71.369 21.179 19 26 6 599 3
240.238 71.369 21.179 20 26 6 599 3
240.238 71.369 21.179 21 26 6 599 3
118.092 98.314 104.567 22 26 6 287 1
240.238 71.369 21.179 23 26 6 599 3
102.015 70.324 189.829 24 26 6 631 1
293.792 106.787 206.495 25 26 6 617 4
293.792 106.787 206.495 26 26 6 617 4
293.792 106.787 206.495 27 26 6 617 4
293.792 106.787 206.495 28 26 6 617 4
293.792 106.787 206.495 29 26 6 617 4
293.792 106.787 206.495 30 26 6 617 4
65.770 61.250 83.338 1 27 6 618 4
65.770 61.250 83.338 2 27 6 618 4
65.770 61.250 83.338 3 27 6 618 4
65.770 61.250 83.338 4 27 6 618 4
65.770 61.250 83.338 5 27 6 618 4
65.770 61.250 83.338 6 27 6 618 4
65.770 61.250 83.338 7 27 6 618 4
65.770 61.250 83.338 8 27 6 618 4
65.770 61.250 83.338 9 27 6 618 4
65.770 61.250 83.338 10 27 6 618 4
65.770 61.250 83.338 11 27 6 618 4
65.770 61.250 83.338 12 27 6 618 4
65.770 61.250 83.338 13 27 6 618 4
65.770 61.250 83.338 14 27 6 618 4
65.770 61.250 83.338 15 27 6 618 4
117.652 118.538 331.930 16 27 6 642 1
76.319 24.655 108.586 17 27 6 186 1
140.715 96.261 310.071 18 27 6 448 1
140.715 96.261 310.071 19 27 6 448 1
77.618 111.330 96.793 20 27 6 158 1
77.618 111.330 96.793 21 27 6 158 1
118.092 98.314 104.567 22 27 6 287 1
240.238 71.369 21.179 23 27 6 599 3
102.015 70.324 189.829 24 27 6 631 1
293.792 106.787 206.495 25 27 6 617 4
293.792 106.787 206.495 26 27 6 617 4
293.792 106.787 206.495 27 27 6 617 4
293.792 106.787 206.495 28 27 6 617 4
293.792 106.787 206.495 29 27 6 617 4
293.792 106.787 206.495 30 27 6 617 4
1.635 69.452 170.466 1 28 6 626 1
65.770 61.250 83.338 2 28 6 618 4
65.770 61.250 83.338 3 28 6 618 4
91.197 98.174 296.328 4 28 6 341 1
65.770 61.250 83.338 5 28 6 618 4
122.185 93.245 264.179 6 28 6 406 1
65.770 61.250 83.338 7 28 6 618 4
65.770 61.250 83.338 8 28 6 618 4
65.770 61.250 83.338 9 28 6 618 4
65.770 61.250 83.338 10 28 6 618 4
65.770 61.250 83.338 11 28 6 618 4
65.770 61.250 83.338 12 28 6 618 4
65.770 61.250 83.338 13 28 6 618 4
65.770 61.250 83.338 14 28 6 618 4
65.770 61.250 83.338 15 28 6 618 4
117.652 118.538 331.930 16 28 6 642 1
140.715 96.261 310.071 17 28 6 448 1
140.715 96.261 310.071 18 28 6 448 1
140.715 96.261 310.071 19 28 6 448 1
140.715 96.261 310.071 20 28 6 448 1
77.618 111.330 96.793 21 28 6 158 1
77.618 111.330 96.793 22 28 6 158 1
165.815 10.294 179.059 23 28 6 259 1
165.815 10.294 179.059 24 28 6 259 1
293.792 106.787 206.495 25 28 6 617 4
111.968 34.377 134.421 26 28 6 54 1
293.792 106.787 206.495 27 28 6 617 4
293.792 106.787 206.495 28 28 6 617 4
293.792 106.787 206.495 29 28 6 617 4
293.792 106.787 206.495 30 28 6 617 4
65.770 61.250 83.338 1 29 6 618 4
65.770 61.250 83.338 2 29 6 618 4
65.770 61.250 83.338 3 29 6 618 4
65.770 61.250 83.338 4 29 6 618 4
65.770 61.250 83.338 5 29 6 618 4
65.770 61.250 83.338 6 29 6 618 4
65.770 61.250 83.338 7 29 6 618 4
65.770 61.250 83.338 8 29 6 618 4
65.770 61.250 83.338 9 29 6 618 4
65.770 61.250 83.338 10 29 6 618 4
65.770 61.250 83.338 11 29 6 618 4
65.770 61.250 83.338 12 29 6 618 4
65.770 61.250 83.338 13 29 6 618 4
65.770 61.250 83.338 14 29 6 618 4
65.770 61.250 83.338 15 29 6 618 4
117.652 118.538 331.930 16 29 6 642 1
140.715 96.261 310.071 17 29 6 448 1
140.715 96.261 310.071 18 29 6 448 1
140.715 96.261 310.071 19 29 6 448 1
140.715 96.261 310.071 20 29 6 448 1
77.618 111.330 96.793 21 29 6 158 1
137.427 168.493 320.326 22 29 6 274 1
302.956 110.867 220.807 23 29 6 547 2
165.815 10.294 179.059 24 29 6 259 1
293.792 106.787 206.495 25 29 6 617 4
308.553 148.958 220.199 26 29 6 214 1
293.792 106.787 206.495 27 29 6 617 4
293.792 106.787 206.495 28 29 6 617 4
293.792 106.787 206.495 29 29 6 617 4
293.792 106.787 206.495 30 29 6 617 4
65.770 61.250 83.338 1 30 6 618 4
65.770 61.250 83.338 2 30 6 618 4
65.770 61.250 83.338 3 30 6 618 4
65.770 61.250 83.338 4 30 6 618 4
65.770 61.250 83.338 5 30 6 618 4
65.770 61.250 83.338 6 30 6 618 4
65.770 61.250 83.338 7 30 6 618 4
65.770 61.250 83.338 8 30 6 618 4
65.770 61.250 83.338 9 30 6 618 4
65.770 61.250 83.338 10 30 6 618 4
65.770 61.250 83.338 11 30 6 618 4
65.770 61.250 83.338 12 30 6 618 4
65.770 61.250 83.338 13 30 6 618 4
65.770 61.250 83.338 14 30 6 618 4
84.553 103.765 350.679 15 30 6 640 1
287.810 138.170 325.732 16 30 6 203 1
140.715 96.261 310.071 17 30 6 448 1
140.715 96.261 310.071 18 30 6 448 1
140.715 96.261 310.071 19 30 6 448 1
140.715 96.261 310.071 20 30 6 448 1
137.427 168.493 320.326 21 30 6 274 1
207.215 86.337 88.743 22 30 6 164 1
207.215 86.337 88.743 23 30 6 164 1
308.553 148.958 220.199 24 30 6 214 1
308.553 148.958 220.199 25 30 6 214 1
308.553 148.958 220.199 26 30 6 214 1
293.792 106.787 206.495 27 30 6 617 4
293.792 106.787 206.495 28 30 6 617 4
293.792 106.787 206.495 29 30 6 617 4
293.792 106.787 206.495 30 30 6 617 4
