161.467 12.121 15.122 1 1 30 680 4
161.467 12.121 15.122 2 1 30 680 4
161.467 12.121 15.122 3 1 30 680 4
161.467 12.121 15.122 4 1 30 680 4
161.467 12.121 15.122 5 1 30 680 4
217.413 119.437 67.513 6 1 30 485 2
217.413 119.437 67.513 7 1 30 485 2
217.413 119.437 67.513 8 1 30 485 2
157.424 114.472 202.522 9 1 30 551 2
189.852 39.222 167.071 10 1 30 271 1
189.852 39.222 167.071 11 1 30 271 1
189.852 39.222 167.071 12 1 30 271 1
189.852 39.222 167.071 13 1 30 271 1
189.852 39.222 167.071 14 1 30 271 1
189.852 39.222 167.071 15 1 30 271 1
189.852 39.222 167.071 16 1 30 271 1
189.852 39.222 167.071 17 1 30 271 1
336.407 147.926 308.739 18 1 30 194 1
336.407 147.926 308.739 19 1 30 194 1
219.574 129.793 106.887 20 1 30 611 4
219.574 129.793 106.887 21 1 30 611 4
219.574 129.793 106.887 22 1 30 611 4
219.574 129.793 106.887 23 1 30 611 4
219.574 129.793 106.887 24 1 30 611 4
219.574 129.793 106.887 25 1 30 611 4
219.574 129.793 106.887 26 1 30 611 4
253.219 95.909 65.346 27 1 30 410 1
219.574 129.793 106.887 28 1 30 611 4
219.574 129.793 106.887 29 1 30 611 4
219.574 129.793 106.887 30 1 30 611 4
161.467 12.121 15.122 1 2 30 680 4
161.467 12.121 15.122 2 2 30 680 4
161.467 12.121 15.122 3 2 30 680 4
161.467 12.121 15.122 4 2 30 680 4
192.607 64.426 209.079 5 2 30 543 2
217.413 119.437 67.513 6 2 30 485 2
217.413 119.437 67.513 7 2 30 485 2
217.413 119.437 67.513 8 2 30 485 2
157.424 114.472 202.522 9 2 30 551 2
189.852 39.222 167.071 10 2 30 271 1
189.852 39.222 167.071 11 2 30 271 1
189.852 39.222 167.071 12 2 30 271 1
189.852 39.222 167.071 13 2 30 271 1
189.852 39.222 167.071 14 2 30 271 1
189.852 39.222 167.071 15 2 30 271 1
189.852 39.222 167.071 16 2 30 271 1
336.407 147.926 308.739 17 2 30 194 1
336.407 147.926 308.739 18 2 30 194 1
336.407 147.926 308.739 19 2 30 194 1
223.376 134.780 352.481 20 2 30 607 4
219.574 129.793 106.887 21 2 30 611 4
219.574 129.793 106.887 22 2 30 611 4
219.574 129.793 106.887 23 2 30 611 4
219.574 129.793 106.887 24 2 30 611 4
219.574 129.793 106.887 25 2 30 611 4
219.574 129.793 106.887 26 2 30 611 4
168.620 73.795 222.639 27 2 30 627 1
144.152 77.221 212.539 28 2 30 228 1
219.574 129.793 106.887 29 2 30 611 4
219.574 129.793 106.887 30 2 30 611 4
161.467 12.121 15.122 1 3 30 680 4
161.467 12.121 15.122 2 3 30 680 4
161.467 12.121 15.122 3 3 30 680 4
161.467 12.121 15.122 4 3 30 680 4
192.607 64.426 209.079 5 3 30 543 2
217.413 119.437 67.513 6 3 30 485 2
217.413 119.437 67.513 7 3 30 485 2
217.413 119.437 67.513 8 3 30 485 2
217.413 119.437 67.513 9 3 30 485 2
189.852 39.222 167.071 10 3 30 271 1
189.852 39.222 167.071 11 3 30 271 1
189.852 39.222 167.071 12 3 30 271 1
189.852 39.222 167.071 13 3 30 271 1
189.852 39.222 167.071 14 3 30 271 1
189.852 39.222 167.071 15 3 30 271 1
264.210 73.272 161.434 16 3 30 355 1
264.210 73.272 161.434 17 3 30 355 1
336.407 147.926 308.739 18 3 30 194 1
219.574 129.793 106.887 19 3 30 611 4
223.376 134.780 352.481 20 3 30 607 4
223.376 134.780 352.481 21 3 30 607 4
322.899 123.915 353.870 22 3 30 37 1
219.574 129.793 106.887 23 3 30 611 4
219.574 129.793 106.887 24 3 30 611 4
219.574 129.793 106.887 25 3 30 611 4
219.574 129.793 106.887 26 3 30 611 4
219.574 129.793 106.887 27 3 30 611 4
219.574 129.793 106.887 28 3 30 611 4
219.574 129.793 106.887 29 3 30 611 4
219.574 129.793 106.887 30 3 30 611 4
317.030 150.515 345.797 1 4 30 38 1
300.629 46.248 359.829 2 4 30 508 2
300.629 46.248 359.829 3 4 30 508 2
300.629 46.248 359.829 4 4 30 508 2
192.607 64.426 209.079 5 4 30 543 2
217.413 119.437 67.513 6 4 30 485 2
217.413 119.437 67.513 7 4 30 485 2
217.413 119.437 67.513 8 4 30 485 2
217.413 119.437 67.513 9 4 30 485 2
189.852 39.222 167.071 10 4 30 271 1
189.852 39.222 167.071 11 4 30 271 1
189.852 39.222 167.071 12 4 30 271 1
189.852 39.222 167.071 13 4 30 271 1
189.852 39.222 167.071 14 4 30 271 1
310.958 82.598 196.824 15 4 30 620 4
110.286 43.725 96.494 16 4 30 102 1
310.958 82.598 196.824 17 4 30 620 4
122.802 86.423 163.984 18 4 30 469 1
219.574 129.793 106.887 19 4 30 611 4
219.574 129.793 106.887 20 4 30 611 4
223.376 134.780 352.481 21 4 30 607 4
322.899 123.915 353.870 22 4 30 37 1
219.574 129.793 106.887 23 4 30 611 4
219.574 129.793 106.887 24 4 30 611 4
219.574 129.793 106.887 25 4 30 611 4
219.574 129.793 106.887 26 4 30 611 4
219.574 129.793 106.887 27 4 30 611 4
219.574 129.793 106.887 28 4 30 611 4
219.574 129.793 106.887 29 4 30 611 4
184.995 102.256 247.571 30 4 30 525 2
317.030 150.515 345.797 1 5 30 38 1
300.629 46.248 359.829 2 5 30 508 2
300.629 46.248 359.829 3 5 30 508 2
300.629 46.248 359.829 4 5 30 508 2
272.364 69.782 297.706 5 5 30 497 2
272.364 69.782 297.706 6 5 30 497 2
217.413 119.437 67.513 7 5 30 485 2
217.413 119.437 67.513 8 5 30 485 2
217.413 119.437 67.513 9 5 30 485 2
189.852 39.222 167.071 10 5 30 271 1
310.736 60.837 169.687 11 5 30 570 2
189.852 39.222 167.071 12 5 30 271 1
189.852 39.222 167.071 13 5 30 271 1
310.958 82.598 196.824 14 5 30 620 4
310.958 82.598 196.824 15 5 30 620 4
310.958 82.598 196.824 16 5 30 620 4
310.958 82.598 196.824 17 5 30 620 4
310.958 82.598 196.824 18 5 30 620 4
310.958 82.598 196.824 19 5 30 620 4
219.574 129.793 106.887 20 5 30 611 4
219.574 129.793 106.887 21 5 30 611 4
219.574 129.793 106.887 22 5 30 611 4
219.574 129.793 106.887 23 5 30 611 4
219.574 129.793 106.887 24 5 30 611 4
219.574 129.793 106.887 25 5 30 611 4
219.574 129.793 106.887 26 5 30 611 4
219.574 129.793 106.887 27 5 30 611 4
219.574 129.793 106.887 28 5 30 611 4
219.574 129.793 106.887 29 5 30 611 4
184.995 102.256 247.571 30 5 30 525 2
77.412 38.765 55.423 1 6 30 671 2
77.412 38.765 55.423 2 6 30 671 2
77.412 38.765 55.423 3 6 30 671 2
272.364 69.782 297.706 4 6 30 497 2
272.364 69.782 297.706 5 6 30 497 2
13.706 104.570 327.960 6 6 30 134 1
217.413 119.437 67.513 7 6 30 485 2
217.413 119.437 67.513 8 6 30 485 2
217.413 119.437 67.513 9 6 30 485 2
189.852 39.222 167.071 10 6 30 271 1
310.736 60.837 169.687 11 6 30 570 2
273.935 67.623 259.230 12 6 30 129 1
273.935 67.623 259.230 13 6 30 129 1
208.223 145.635 343.721 14 6 30 168 1
310.958 82.598 196.824 15 6 30 620 4
310.958 82.598 196.824 16 6 30 620 4
310.958 82.598 196.824 17 6 30 620 4
310.958 82.598 196.824 18 6 30 620 4
310.958 82.598 196.824 19 6 30 620 4
219.574 129.793 106.887 20 6 30 611 4
219.574 129.793 106.887 21 6 30 611 4
219.574 129.793 106.887 22 6 30 611 4
219.574 129.793 106.887 23 6 30 611 4
219.574 129.793 106.887 24 6 30 611 4
219.574 129.793 106.887 25 6 30 611 4
308.712 49.348 242.490 26 6 30 234 1
219.574 129.793 106.887 27 6 30 611 4
219.574 129.793 106.887 28 6 30 611 4
219.574 129.793 106.887 29 6 30 611 4
210.798 88.623 37.614 30 6 30 600 4
77.412 38.765 55.423 1 7 30 671 2
77.412 38.765 55.423 2 7 30 671 2
77.412 38.765 55.423 3 7 30 671 2
272.364 69.782 297.706 4 7 30 497 2
272.364 69.782 297.706 5 7 30 497 2
272.364 69.782 297.706 6 7 30 497 2
217.413 119.437 67.513 7 7 30 485 2
217.413 119.437 67.513 8 7 30 485 2
217.413 119.437 67.513 9 7 30 485 2
140.085 128.635 275.528 10 7 30 606 4
273.935 67.623 259.230 11 7 30 129 1
273.935 67.623 259.230 12 7 30 129 1
273.935 67.623 259.230 13 7 30 129 1
273.935 67.623 259.230 14 7 30 129 1
310.958 82.598 196.824 15 7 30 620 4
310.958 82.598 196.824 16 7 30 620 4
310.958 82.598 196.824 17 7 30 620 4
310.958 82.598 196.824 18 7 30 620 4
310.958 82.598 196.824 19 7 30 620 4
219.574 129.793 106.887 20 7 30 611 4
219.574 129.793 106.887 21 7 30 611 4
219.574 129.793 106.887 22 7 30 611 4
219.574 129.793 106.887 23 7 30 611 4
219.574 129.793 106.887 24 7 30 611 4
219.574 129.793 106.887 25 7 30 611 4
103.022 60.564 45.183 26 7 30 537 2
103.022 60.564 45.183 27 7 30 537 2
219.574 129.793 106.887 28 7 30 611 4
219.574 129.793 106.887 29 7 30 611 4
210.798 88.623 37.614 30 7 30 600 4
77.412 38.765 55.423 1 8 30 671 2
77.412 38.765 55.423 2 8 30 671 2
77.412 38.765 55.423 3 8 30 671 2
77.412 38.765 55.423 4 8 30 671 2
190.102 147.172 288.678 5 8 30 670 2
190.102 147.172 288.678 6 8 30 670 2
211.831 18.997 8.459 7 8 30 170 1
217.413 119.437 67.513 8 8 30 485 2
217.413 119.437 67.513 9 8 30 485 2
140.085 128.635 275.528 10 8 30 606 4
229.985 143.458 134.179 11 8 30 98 1
229.985 143.458 134.179 12 8 30 98 1
273.935 67.623 259.230 13 8 30 129 1
273.935 67.623 259.230 14 8 30 129 1
310.958 82.598 196.824 15 8 30 620 4
310.958 82.598 196.824 16 8 30 620 4
310.958 82.598 196.824 17 8 30 620 4
310.958 82.598 196.824 18 8 30 620 4
310.958 82.598 196.824 19 8 30 620 4
219.574 129.793 106.887 20 8 30 611 4
219.574 129.793 106.887 21 8 30 611 4
219.574 129.793 106.887 22 8 30 611 4
20.700 145.390 215.577 23 8 30 598 3
20.700 145.390 215.577 24 8 30 598 3
20.700 145.390 215.577 25 8 30 598 3
20.700 145.390 215.577 26 8 30 598 3
20.700 145.390 215.577 27 8 30 598 3
20.700 145.390 215.577 28 8 30 598 3
304.025 133.534 6.218 29 8 30 661 2
304.025 133.534 6.218 30 8 30 661 2
77.412 38.765 55.423 1 9 30 671 2
77.412 38.765 55.423 2 9 30 671 2
77.412 38.765 55.423 3 9 30 671 2
218.576 97.951 210.849 4 9 30 533 2
218.576 97.951 210.849 5 9 30 533 2
190.102 147.172 288.678 6 9 30 670 2
211.831 18.997 8.459 7 9 30 170 1
234.188 112.570 239.082 8 9 30 235 1
234.188 112.570 239.082 9 9 30 235 1
123.457 35.921 10.976 10 9 30 486 2
273.935 67.623 259.230 11 9 30 129 1
273.935 67.623 259.230 12 9 30 129 1
273.935 67.623 259.230 13 9 30 129 1
273.935 67.623 259.230 14 9 30 129 1
273.935 67.623 259.230 15 9 30 129 1
310.958 82.598 196.824 16 9 30 620 4
310.958 82.598 196.824 17 9 30 620 4
310.958 82.598 196.824 18 9 30 620 4
310.958 82.598 196.824 19 9 30 620 4
20.700 145.390 215.577 20 9 30 598 3
20.700 145.390 215.577 21 9 30 598 3
20.700 145.390 215.577 22 9 30 598 3
20.700 145.390 215.577 23 9 30 598 3
20.700 145.390 215.577 24 9 30 598 3
20.700 145.390 215.577 25 9 30 598 3
20.700 145.390 215.577 26 9 30 598 3
20.700 145.390 215.577 27 9 30 598 3
20.700 145.390 215.577 28 9 30 598 3
20.700 145.390 215.577 29 9 30 598 3
304.025 133.534 6.218 30 9 30 661 2
77.412 38.765 55.423 1 10 30 671 2
77.412 38.765 55.423 2 10 30 671 2
77.412 38.765 55.423 3 10 30 671 2
218.576 97.951 210.849 4 10 30 533 2
218.576 97.951 210.849 5 10 30 533 2
36.375 146.174 209.873 6 10 30 616 4
234.188 112.570 239.082 7 10 30 235 1
234.188 112.570 239.082 8 10 30 235 1
234.188 112.570 239.082 9 10 30 235 1
123.457 35.921 10.976 10 10 30 486 2
76.651 136.407 248.377 11 10 30 466 1
273.935 67.623 259.230 12 10 30 129 1
273.935 67.623 259.230 13 10 30 129 1
28.500 157.907 131.352 14 10 30 219 1
273.935 67.623 259.230 15 10 30 129 1
340.941 86.589 341.092 16 10 30 556 2
310.958 82.598 196.824 17 10 30 620 4
20.700 145.390 215.577 18 10 30 598 3
20.700 145.390 215.577 19 10 30 598 3
20.700 145.390 215.577 20 10 30 598 3
20.700 145.390 215.577 21 10 30 598 3
20.700 145.390 215.577 22 10 30 598 3
20.700 145.390 215.577 23 10 30 598 3
20.700 145.390 215.577 24 10 30 598 3
20.700 145.390 215.577 25 10 30 598 3
20.700 145.390 215.577 26 10 30 598 3
20.700 145.390 215.577 27 10 30 598 3
20.700 145.390 215.577 28 10 30 598 3
20.700 145.390 215.577 29 10 30 598 3
83.595 27.268 269.663 30 10 30 519 2
77.412 38.765 55.423 1 11 30 671 2
77.412 38.765 55.423 2 11 30 671 2
77.412 38.765 55.423 3 11 30 671 2
36.375 146.174 209.873 4 11 30 616 4
36.375 146.174 209.873 5 11 30 616 4
36.375 146.174 209.873 6 11 30 616 4
36.375 146.174 209.873 7 11 30 616 4
36.375 146.174 209.873 8 11 30 616 4
36.375 146.174 209.873 9 11 30 616 4
36.375 146.174 209.873 10 11 30 616 4
296.754 78.501 232.414 11 11 30 314 1
273.935 67.623 259.230 12 11 30 129 1
273.935 67.623 259.230 13 11 30 129 1
273.935 67.623 259.230 14 11 30 129 1
340.941 86.589 341.092 15 11 30 556 2
20.700 145.390 215.577 16 11 30 598 3
20.700 145.390 215.577 17 11 30 598 3
20.700 145.390 215.577 18 11 30 598 3
20.700 145.390 215.577 19 11 30 598 3
20.700 145.390 215.577 20 11 30 598 3
20.700 145.390 215.577 21 11 30 598 3
20.700 145.390 215.577 22 11 30 598 3
20.700 145.390 215.577 23 11 30 598 3
20.700 145.390 215.577 24 11 30 598 3
20.700 145.390 215.577 25 11 30 598 3
20.700 145.390 215.577 26 11 30 598 3
20.700 145.390 215.577 27 11 30 598 3
20.700 145.390 215.577 28 11 30 598 3
83.595 27.268 269.663 29 11 30 519 2
83.595 27.268 269.663 30 11 30 519 2
77.412 38.765 55.423 1 12 30 671 2
36.375 146.174 209.873 2 12 30 616 4
36.375 146.174 209.873 3 12 30 616 4
271.026 44.708 246.594 4 12 30 534 2
36.375 146.174 209.873 5 12 30 616 4
106.889 89.248 34.218 6 12 30 434 1
36.375 146.174 209.873 7 12 30 616 4
36.375 146.174 209.873 8 12 30 616 4
36.375 146.174 209.873 9 12 30 616 4
36.375 146.174 209.873 10 12 30 616 4
36.375 146.174 209.873 11 12 30 616 4
36.375 146.174 209.873 12 12 30 616 4
36.375 146.174 209.873 13 12 30 616 4
273.935 67.623 259.230 14 12 30 129 1
20.700 145.390 215.577 15 12 30 598 3
20.700 145.390 215.577 16 12 30 598 3
20.700 145.390 215.577 17 12 30 598 3
20.700 145.390 215.577 18 12 30 598 3
20.700 145.390 215.577 19 12 30 598 3
20.700 145.390 215.577 20 12 30 598 3
20.700 145.390 215.577 21 12 30 598 3
20.700 145.390 215.577 22 12 30 598 3
20.700 145.390 215.577 23 12 30 598 3
20.700 145.390 215.577 24 12 30 598 3
20.700 145.390 215.577 25 12 30 598 3
20.700 145.390 215.577 26 12 30 598 3
147.213 102.870 110.068 27 12 30 371 1
140.748 117.502 295.199 28 12 30 507 2
147.213 102.870 110.068 29 12 30 371 1
83.595 27.268 269.663 30 12 30 519 2
36.375 146.174 209.873 1 13 30 616 4
36.375 146.174 209.873 2 13 30 616 4
36.375 146.174 209.873 3 13 30 616 4
36.375 146.174 209.873 4 13 30 616 4
36.375 146.174 209.873 5 13 30 616 4
36.375 146.174 209.873 6 13 30 616 4
36.375 146.174 209.873 7 13 30 616 4
36.375 146.174 209.873 8 13 30 616 4
36.375 146.174 209.873 9 13 30 616 4
36.375 146.174 209.873 10 13 30 616 4
36.375 146.174 209.873 11 13 30 616 4
36.375 146.174 209.873 12 13 30 616 4
36.375 146.174 209.873 13 13 30 616 4
20.700 145.390 215.577 14 13 30 598 3
20.700 145.390 215.577 15 13 30 598 3
20.700 145.390 215.577 16 13 30 598 3
20.700 145.390 215.577 17 13 30 598 3
20.700 145.390 215.577 18 13 30 598 3
20.700 145.390 215.577 19 13 30 598 3
20.700 145.390 215.577 20 13 30 598 3
20.700 145.390 215.577 21 13 30 598 3
20.700 145.390 215.577 22 13 30 598 3
20.700 145.390 215.577 23 13 30 598 3
20.700 145.390 215.577 24 13 30 598 3
20.700 145.390 215.577 25 13 30 598 3
20.700 145.390 215.577 26 13 30 598 3
147.213 102.870 110.068 27 13 30 371 1
147.213 102.870 110.068 28 13 30 371 1
83.595 27.268 269.663 29 13 30 519 2
83.595 27.268 269.663 30 13 30 519 2
265.974 134.356 130.880 1 14 30 165 1
265.974 134.356 130.880 2 14 30 165 1
36.375 146.174 209.873 3 14 30 616 4
38.220 67.258 253.370 4 14 30 63 1
36.375 146.174 209.873 5 14 30 616 4
244.807 33.526 57.492 6 14 30 12 1
36.375 146.174 209.873 7 14 30 616 4
36.375 146.174 209.873 8 14 30 616 4
36.375 146.174 209.873 9 14 30 616 4
36.375 146.174 209.873 10 14 30 616 4
36.375 146.174 209.873 11 14 30 616 4
36.375 146.174 209.873 12 14 30 616 4
217.336 94.258 262.093 13 14 30 124 1
20.700 145.390 215.577 14 14 30 598 3
20.700 145.390 215.577 15 14 30 598 3
20.700 145.390 215.577 16 14 30 598 3
20.700 145.390 215.577 17 14 30 598 3
20.700 145.390 215.577 18 14 30 598 3
20.700 145.390 215.577 19 14 30 598 3
20.700 145.390 215.577 20 14 30 598 3
20.700 145.390 215.577 21 14 30 598 3
20.700 145.390 215.577 22 14 30 598 3
140.159 135.354 279.950 23 14 30 602 4
140.159 135.354 279.950 24 14 30 602 4
140.159 135.354 279.950 25 14 30 602 4
218.575 100.310 152.555 26 14 30 89 1
218.575 100.310 152.555 27 14 30 89 1
57.400 53.580 348.113 28 14 30 229 1
83.595 27.268 269.663 29 14 30 519 2
83.595 27.268 269.663 30 14 30 519 2
265.974 134.356 130.880 1 15 30 165 1
265.974 134.356 130.880 2 15 30 165 1
36.375 146.174 209.873 3 15 30 616 4
36.375 146.174 209.873 4 15 30 616 4
36.375 146.174 209.873 5 15 30 616 4
36.375 146.174 209.873 6 15 30 616 4
36.375 146.174 209.873 7 15 30 616 4
36.375 146.174 209.873 8 15 30 616 4
36.375 146.174 209.873 9 15 30 616 4
36.375 146.174 209.873 10 15 30 616 4
36.375 146.174 209.873 11 15 30 616 4
217.336 94.258 262.093 12 15 30 124 1
217.336 94.258 262.093 13 15 30 124 1
36.375 146.174 209.873 14 15 30 616 4
20.700 145.390 215.577 15 15 30 598 3
20.700 145.390 215.577 16 15 30 598 3
20.700 145.390 215.577 17 15 30 598 3
20.700 145.390 215.577 18 15 30 598 3
20.700 145.390 215.577 19 15 30 598 3
20.700 145.390 215.577 20 15 30 598 3
20.700 145.390 215.577 21 15 30 598 3
20.700 145.390 215.577 22 15 30 598 3
140.159 135.354 279.950 23 15 30 602 4
140.159 135.354 279.950 24 15 30 602 4
140.159 135.354 279.950 25 15 30 602 4
218.575 100.310 152.555 26 15 30 89 1
57.400 53.580 348.113 27 15 30 229 1
57.400 53.580 348.113 28 15 30 229 1
57.400 53.580 348.113 29 15 30 229 1
83.595 27.268 269.663 30 15 30 519 2
126.064 74.613 72.209 1 16 30 663 2
126.064 74.613 72.209 2 16 30 663 2
126.064 74.613 72.209 3 16 30 663 2
107.512 163.254 35.326 4 16 30 275 1
36.375 146.174 209.873 5 16 30 616 4
36.375 146.174 209.873 6 16 30 616 4
36.375 146.174 209.873 7 16 30 616 4
36.375 146.174 209.873 8 16 30 616 4
36.375 146.174 209.873 9 16 30 616 4
36.375 146.174 209.873 10 16 30 616 4
36.375 146.174 209.873 11 16 30 616 4
36.375 146.174 209.873 12 16 30 616 4
36.375 146.174 209.873 13 16 30 616 4
36.375 146.174 209.873 14 16 30 616 4
36.375 146.174 209.873 15 16 30 616 4
20.700 145.390 215.577 16 16 30 598 3
20.700 145.390 215.577 17 16 30 598 3
20.700 145.390 215.577 18 16 30 598 3
20.700 145.390 215.577 19 16 30 598 3
20.700 145.390 215.577 20 16 30 598 3
20.700 145.390 215.577 21 16 30 598 3
20.700 145.390 215.577 22 16 30 598 3
140.159 135.354 279.950 23 16 30 602 4
42.654 73.829 244.579 24 16 30 367 1
140.159 135.354 279.950 25 16 30 602 4
140.159 135.354 279.950 26 16 30 602 4
157.884 151.620 322.610 27 16 30 548 2
157.884 151.620 322.610 28 16 30 548 2
157.884 151.620 322.610 29 16 30 548 2
157.884 151.620 322.610 30 16 30 548 2
36.375 146.174 209.873 1 17 30 616 4
36.375 146.174 209.873 2 17 30 616 4
36.375 146.174 209.873 3 17 30 616 4
36.375 146.174 209.873 4 17 30 616 4
36.375 146.174 209.873 5 17 30 616 4
36.375 146.174 209.873 6 17 30 616 4
36.375 146.174 209.873 7 17 30 616 4
36.375 146.174 209.873 8 17 30 616 4
36.375 146.174 209.873 9 17 30 616 4
36.375 146.174 209.873 10 17 30 616 4
36.375 146.174 209.873 11 17 30 616 4
36.375 146.174 209.873 12 17 30 616 4
36.375 146.174 209.873 13 17 30 616 4
36.375 146.174 209.873 14 17 30 616 4
36.375 146.174 209.873 15 17 30 616 4
36.375 146.174 209.873 16 17 30 616 4
36.375 146.174 209.873 17 17 30 616 4
20.700 145.390 215.577 18 17 30 598 3
20.700 145.390 215.577 19 17 30 598 3
164.287 91.113 212.483 20 17 30 222 1
164.287 91.113 212.483 21 17 30 222 1
140.159 135.354 279.950 22 17 30 602 4
140.159 135.354 279.950 23 17 30 602 4
140.159 135.354 279.950 24 17 30 602 4
140.159 135.354 279.950 25 17 30 602 4
140.159 135.354 279.950 26 17 30 602 4
225.949 60.790 41.333 27 17 30 205 1
157.884 151.620 322.610 28 17 30 548 2
157.884 151.620 322.610 29 17 30 548 2
157.884 151.620 322.610 30 17 30 548 2
92.836 102.859 330.781 1 18 30 684 4
92.836 102.859 330.781 2 18 30 684 4
92.836 102.859 330.781 3 18 30 684 4
92.836 102.859 330.781 4 18 30 684 4
36.375 146.174 209.873 5 18 30 616 4
36.375 146.174 209.873 6 18 30 616 4
36.375 146.174 209.873 7 18 30 616 4
36.375 146.174 209.873 8 18 30 616 4
36.375 146.174 209.873 9 18 30 616 4
36.375 146.174 209.873 10 18 30 616 4
36.375 146.174 209.873 11 18 30 616 4
36.375 146.174 209.873 12 18 30 616 4
36.375 146.174 209.873 13 18 30 616 4
36.375 146.174 209.873 14 18 30 616 4
36.375 146.174 209.873 15 18 30 616 4
36.375 146.174 209.873 16 18 30 616 4
36.375 146.174 209.873 17 18 30 616 4
164.287 91.113 212.483 18 18 30 222 1
213.189 48.193 139.377 19 18 30 567 2
33.915 20.647 53.188 20 18 30 132 1
213.189 48.193 139.377 21 18 30 567 2
213.189 48.193 139.377 22 18 30 567 2
140.159 135.354 279.950 23 18 30 602 4
79.422 109.555 13.444 24 18 30 479 1
140.159 135.354 279.950 25 18 30 602 4
140.159 135.354 279.950 26 18 30 602 4
225.949 60.790 41.333 27 18 30 205 1
19.986 54.526 92.497 28 18 30 301 1
157.884 151.620 322.610 29 18 30 548 2
157.884 151.620 322.610 30 18 30 548 2
92.836 102.859 330.781 1 19 30 684 4
92.836 102.859 330.781 2 19 30 684 4
92.836 102.859 330.781 3 19 30 684 4
92.836 102.859 330.781 4 19 30 684 4
36.375 146.174 209.873 5 19 30 616 4
36.375 146.174 209.873 6 19 30 616 4
36.375 146.174 209.873 7 19 30 616 4
36.375 146.174 209.873 8 19 30 616 4
36.375 146.174 209.873 9 19 30 616 4
36.375 146.174 209.873 10 19 30 616 4
36.375 146.174 209.873 11 19 30 616 4
36.375 146.174 209.873 12 19 30 616 4
36.375 146.174 209.873 13 19 30 616 4
36.375 146.174 209.873 14 19 30 616 4
36.375 146.174 209.873 15 19 30 616 4
36.375 146.174 209.873 16 19 30 616 4
36.375 146.174 209.873 17 19 30 616 4
36.375 146.174 209.873 18 19 30 616 4
36.375 146.174 209.873 19 19 30 616 4
213.189 48.193 139.377 20 19 30 567 2
213.189 48.193 139.377 21 19 30 567 2
240.238 71.369 21.179 22 19 30 599 3
140.159 135.354 279.950 23 19 30 602 4
140.159 135.354 279.950 24 19 30 602 4
214.623 108.882 225.320 25 19 30 545 2
214.623 108.882 225.320 26 19 30 545 2
214.623 108.882 225.320 27 19 30 545 2
240.238 71.369 21.179 28 19 30 599 3
240.238 71.369 21.179 29 19 30 599 3
157.884 151.620 322.610 30 19 30 548 2
92.836 102.859 330.781 1 20 30 684 4
92.836 102.859 330.781 2 20 30 684 4
92.836 102.859 330.781 3 20 30 684 4
92.836 102.859 330.781 4 20 30 684 4
36.375 146.174 209.873 5 20 30 616 4
36.375 146.174 209.873 6 20 30 616 4
36.375 146.174 209.873 7 20 30 616 4
36.375 146.174 209.873 8 20 30 616 4
36.375 146.174 209.873 9 20 30 616 4
36.375 146.174 209.873 10 20 30 616 4
36.375 146.174 209.873 11 20 30 616 4
36.375 146.174 209.873 12 20 30 616 4
36.375 146.174 209.873 13 20 30 616 4
36.375 146.174 209.873 14 20 30 616 4
36.375 146.174 209.873 15 20 30 616 4
36.375 146.174 209.873 16 20 30 616 4
36.375 146.174 209.873 17 20 30 616 4
36.375 146.174 209.873 18 20 30 616 4
36.375 146.174 209.873 19 20 30 616 4
81.454 63.080 238.754 20 20 30 40 1
240.238 71.369 21.179 21 20 30 599 3
240.238 71.369 21.179 22 20 30 599 3
240.238 71.369 21.179 23 20 30 599 3
240.238 71.369 21.179 24 20 30 599 3
70.387 143.933 166.068 25 20 30 255 1
70.387 143.933 166.068 26 20 30 255 1
70.387 143.933 166.068 27 20 30 255 1
240.238 71.369 21.179 28 20 30 599 3
240.238 71.369 21.179 29 20 30 599 3
240.238 71.369 21.179 30 20 30 599 3
92.836 102.859 330.781 1 21 30 684 4
92.836 102.859 330.781 2 21 30 684 4
92.836 102.859 330.781 3 21 30 684 4
92.836 102.859 330.781 4 21 30 684 4
92.836 102.859 330.781 5 21 30 684 4
36.375 146.174 209.873 6 21 30 616 4
36.375 146.174 209.873 7 21 30 616 4
36.375 146.174 209.873 8 21 30 616 4
36.375 146.174 209.873 9 21 30 616 4
36.375 146.174 209.873 10 21 30 616 4
36.375 146.174 209.873 11 21 30 616 4
36.375 146.174 209.873 12 21 30 616 4
36.375 146.174 209.873 13 21 30 616 4
36.375 146.174 209.873 14 21 30 616 4
36.375 146.174 209.873 15 21 30 616 4
36.375 146.174 209.873 16 21 30 616 4
36.375 146.174 209.873 17 21 30 616 4
36.375 146.174 209.873 18 21 30 616 4
36.375 146.174 209.873 19 21 30 616 4
19.394 18.301 349.959 20 21 30 402 1
19.394 18.301 349.959 21 21 30 402 1
240.238 71.369 21.179 22 21 30 599 3
240.238 71.369 21.179 23 21 30 599 3
240.238 71.369 21.179 24 21 30 599 3
240.238 71.369 21.179 25 21 30 599 3
226.794 30.506 306.083 26 21 30 309 1
226.794 30.506 306.083 27 21 30 309 1
240.238 71.369 21.179 28 21 30 599 3
240.238 71.369 21.179 29 21 30 599 3
240.238 71.369 21.179 30 21 30 599 3
92.836 102.859 330.781 1 22 30 684 4
92.836 102.859 330.781 2 22 30 684 4
92.836 102.859 330.781 3 22 30 684 4
63.652 23.425 208.416 4 22 30 604 4
63.652 23.425 208.416 5 22 30 604 4
63.652 23.425 208.416 6 22 30 604 4
63.652 23.425 208.416 7 22 30 604 4
36.375 146.174 209.873 8 22 30 616 4
36.375 146.174 209.873 9 22 30 616 4
36.375 146.174 209.873 10 22 30 616 4
36.375 146.174 209.873 11 22 30 616 4
36.375 146.174 209.873 12 22 30 616 4
36.375 146.174 209.873 13 22 30 616 4
36.375 146.174 209.873 14 22 30 616 4
36.375 146.174 209.873 15 22 30 616 4
36.375 146.174 209.873 16 22 30 616 4
36.375 146.174 209.873 17 22 30 616 4
36.375 146.174 209.873 18 22 30 616 4
36.375 146.174 209.873 19 22 30 616 4
36.375 146.174 209.873 20 22 30 616 4
240.238 71.369 21.179 21 22 30 599 3
240.238 71.369 21.179 22 22 30 599 3
240.238 71.369 21.179 23 22 30 599 3
240.238 71.369 21.179 24 22 30 599 3
240.238 71.369 21.179 25 22 30 599 3
226.794 30.506 306.083 26 22 30 309 1
226.794 30.506 306.083 27 22 30 309 1
240.238 71.369 21.179 28 22 30 599 3
240.238 71.369 21.179 29 22 30 599 3
240.238 71.369 21.179 30 22 30 599 3
92.836 102.859 330.781 1 23 30 684 4
92.836 102.859 330.781 2 23 30 684 4
92.836 102.859 330.781 3 23 30 684 4
63.652 23.425 208.416 4 23 30 604 4
63.652 23.425 208.416 5 23 30 604 4
63.652 23.425 208.416 6 23 30 604 4
63.652 23.425 208.416 7 23 30 604 4
63.652 23.425 208.416 8 23 30 604 4
36.375 146.174 209.873 9 23 30 616 4
36.375 146.174 209.873 10 23 30 616 4
36.375 146.174 209.873 11 23 30 616 4
36.375 146.174 209.873 12 23 30 616 4
36.375 146.174 209.873 13 23 30 616 4
36.375 146.174 209.873 14 23 30 616 4
36.375 146.174 209.873 15 23 30 616 4
36.375 146.174 209.873 16 23 30 616 4
36.375 146.174 209.873 17 23 30 616 4
36.375 146.174 209.873 18 23 30 616 4
36.375 146.174 209.873 19 23 30 616 4
36.375 146.174 209.873 20 23 30 616 4
240.238 71.369 21.179 21 23 30 599 3
240.238 71.369 21.179 22 23 30 599 3
240.238 71.369 21.179 23 23 30 599 3
240.238 71.369 21.179 24 23 30 599 3
240.238 71.369 21.179 25 23 30 599 3
240.238 71.369 21.179 26 23 30 599 3
240.238 71.369 21.179 27 23 30 599 3
240.238 71.369 21.179 28 23 30 599 3
240.238 71.369 21.179 29 23 30 599 3
240.238 71.369 21.179 30 23 30 599 3
92.836 102.859 330.781 1 24 30 684 4
92.836 102.859 330.781 2 24 30 684 4
63.652 23.425 208.416 3 24 30 604 4
253.382 171.091 43.876 4 24 30 182 1
63.652 23.425 208.416 5 24 30 604 4
63.652 23.425 208.416 6 24 30 604 4
63.652 23.425 208.416 7 24 30 604 4
63.652 23.425 208.416 8 24 30 604 4
63.652 23.425 208.416 9 24 30 604 4
36.375 146.174 209.873 10 24 30 616 4
36.375 146.174 209.873 11 24 30 616 4
36.375 146.174 209.873 12 24 30 616 4
36.375 146.174 209.873 13 24 30 616 4
36.375 146.174 209.873 14 24 30 616 4
36.375 146.174 209.873 15 24 30 616 4
36.375 146.174 209.873 16 24 30 616 4
36.375 146.174 209.873 17 24 30 616 4
36.375 146.174 209.873 18 24 30 616 4
36.375 146.174 209.873 19 24 30 616 4
36.375 146.174 209.873 20 24 30 616 4
240.238 71.369 21.179 21 24 30 599 3
240.238 71.369 21.179 22 24 30 599 3
240.238 71.369 21.179 23 24 30 599 3
240.238 71.369 21.179 24 24 30 599 3
240.238 71.369 21.179 25 24 30 599 3
240.238 71.369 21.179 26 24 30 599 3
240.238 71.369 21.179 27 24 30 599 3
240.238 71.369 21.179 28 24 30 599 3
240.238 71.369 21.179 29 24 30 599 3
57.570 84.565 48.077 30 24 30 418 1
63.652 23.425 208.416 1 25 30 604 4
63.652 23.425 208.416 2 25 30 604 4
63.652 23.425 208.416 3 25 30 604 4
63.652 23.425 208.416 4 25 30 604 4
63.652 23.425 208.416 5 25 30 604 4
63.652 23.425 208.416 6 25 30 604 4
63.652 23.425 208.416 7 25 30 604 4
63.652 23.425 208.416 8 25 30 604 4
63.652 23.425 208.416 9 25 30 604 4
63.652 23.425 208.416 10 25 30 604 4
36.375 146.174 209.873 11 25 30 616 4
36.375 146.174 209.873 12 25 30 616 4
36.375 146.174 209.873 13 25 30 616 4
36.375 146.174 209.873 14 25 30 616 4
36.375 146.174 209.873 15 25 30 616 4
36.375 146.174 209.873 16 25 30 616 4
36.375 146.174 209.873 17 25 30 616 4
36.375 146.174 209.873 18 25 30 616 4
36.375 146.174 209.873 19 25 30 616 4
86.625 52.955 216.465 20 25 30 161 1
86.625 52.955 216.465 21 25 30 161 1
240.238 71.369 21.179 22 25 30 599 3
240.238 71.369 21.179 23 25 30 599 3
240.238 71.369 21.179 24 25 30 599 3
240.238 71.369 21.179 25 25 30 599 3
240.238 71.369 21.179 26 25 30 599 3
240.238 71.369 21.179 27 25 30 599 3
240.238 71.369 21.179 28 25 30 599 3
240.238 71.369 21.179 29 25 30 599 3
347.049 39.153 50.491 30 25 30 641 1
63.652 23.425 208.416 1 26 30 604 4
63.652 23.425 208.416 2 26 30 604 4
63.652 23.425 208.416 3 26 30 604 4
260.746 24.220 76.115 4 26 30 388 1
185.825 45.907 339.245 5 26 30 304 1
63.652 23.425 208.416 6 26 30 604 4
63.652 23.425 208.416 7 26 30 604 4
280.522 107.815 129.551 8 26 30 426 1
63.652 23.425 208.416 9 26 30 604 4
63.652 23.425 208.416 10 26 30 604 4
71.145 73.801 154.237 11 26 30 517 2
71.145 73.801 154.237 12 26 30 517 2
71.145 73.801 154.237 13 26 30 517 2
36.375 146.174 209.873 14 26 30 616 4
222.886 92.138 51.057 15 26 30 232 1
222.886 92.138 51.057 16 26 30 232 1
36.375 146.174 209.873 17 26 30 616 4
36.375 146.174 209.873 18 26 30 616 4
36.375 146.174 209.873 19 26 30 616 4
86.625 52.955 216.465 20 26 30 161 1
86.625 52.955 216.465 21 26 30 161 1
240.238 71.369 21.179 22 26 30 599 3
313.558 77.890 63.118 23 26 30 60 1
313.558 77.890 63.118 24 26 30 60 1
313.558 77.890 63.118 25 26 30 60 1
240.238 71.369 21.179 26 26 30 599 3
100.047 126.122 177.324 27 26 30 313 1
100.047 126.122 177.324 28 26 30 313 1
100.047 126.122 177.324 29 26 30 313 1
61.360 54.793 325.138 30 26 30 566 2
63.652 23.425 208.416 1 27 30 604 4
63.652 23.425 208.416 2 27 30 604 4
63.652 23.425 208.416 3 27 30 604 4
63.652 23.425 208.416 4 27 30 604 4
63.652 23.425 208.416 5 27 30 604 4
63.652 23.425 208.416 6 27 30 604 4
63.652 23.425 208.416 7 27 30 604 4
63.652 23.425 208.416 8 27 30 604 4
63.652 23.425 208.416 9 27 30 604 4
63.652 23.425 208.416 10 27 30 604 4
71.145 73.801 154.237 11 27 30 517 2
204.461 86.482 35.224 12 27 30 365 1
204.461 86.482 35.224 13 27 30 365 1
204.461 86.482 35.224 14 27 30 365 1
222.886 92.138 51.057 15 27 30 232 1
270.858 104.584 243.526 16 27 30 654 1
343.388 132.540 127.392 17 27 30 549 2
36.375 146.174 209.873 18 27 30 616 4
36.375 146.174 209.873 19 27 30 616 4
86.625 52.955 216.465 20 27 30 161 1
86.625 52.955 216.465 21 27 30 161 1
86.625 52.955 216.465 22 27 30 161 1
313.558 77.890 63.118 23 27 30 60 1
313.558 77.890 63.118 24 27 30 60 1
238.391 134.490 122.934 25 27 30 514 2
61.360 54.793 325.138 26 27 30 566 2
61.360 54.793 325.138 27 27 30 566 2
61.360 54.793 325.138 28 27 30 566 2
61.360 54.793 325.138 29 27 30 566 2
61.360 54.793 325.138 30 27 30 566 2
63.652 23.425 208.416 1 28 30 604 4
63.652 23.425 208.416 2 28 30 604 4
63.652 23.425 208.416 3 28 30 604 4
63.652 23.425 208.416 4 28 30 604 4
63.652 23.425 208.416 5 28 30 604 4
253.301 94.747 183.775 6 28 30 307 1
63.652 23.425 208.416 7 28 30 604 4
63.652 23.425 208.416 8 28 30 604 4
256.648 68.945 47.952 9 28 30 298 1
218.432 85.757 333.528 10 28 30 609 4
218.432 85.757 333.528 11 28 30 609 4
218.432 85.757 333.528 12 28 30 609 4
204.461 86.482 35.224 13 28 30 365 1
204.461 86.482 35.224 14 28 30 365 1
204.461 86.482 35.224 15 28 30 365 1
194.765 123.068 168.415 16 28 30 444 1
194.765 123.068 168.415 17 28 30 444 1
307.822 148.820 6.971 18 28 30 136 1
307.822 148.820 6.971 19 28 30 136 1
86.625 52.955 216.465 20 28 30 161 1
86.625 52.955 216.465 21 28 30 161 1
235.840 169.641 34.286 22 28 30 350 1
238.391 134.490 122.934 23 28 30 514 2
238.391 134.490 122.934 24 28 30 514 2
238.391 134.490 122.934 25 28 30 514 2
238.391 134.490 122.934 26 28 30 514 2
61.360 54.793 325.138 27 28 30 566 2
61.360 54.793 325.138 28 28 30 566 2
61.360 54.793 325.138 29 28 30 566 2
174.815 72.094 182.393 30 28 30 369 1
63.652 23.425 208.416 1 29 30 604 4
63.652 23.425 208.416 2 29 30 604 4
63.652 23.425 208.416 3 29 30 604 4
63.652 23.425 208.416 4 29 30 604 4
63.652 23.425 208.416 5 29 30 604 4
306.332 35.657 35.589 6 29 30 207 1
63.652 23.425 208.416 7 29 30 604 4
63.652 23.425 208.416 8 29 30 604 4
63.652 23.425 208.416 9 29 30 604 4
218.432 85.757 333.528 10 29 30 609 4
218.432 85.757 333.528 11 29 30 609 4
218.432 85.757 333.528 12 29 30 609 4
204.461 86.482 35.224 13 29 30 365 1
204.461 86.482 35.224 14 29 30 365 1
204.461 86.482 35.224 15 29 30 365 1
194.765 123.068 168.415 16 29 30 444 1
194.765 123.068 168.415 17 29 30 444 1
307.822 148.820 6.971 18 29 30 136 1
307.822 148.820 6.971 19 29 30 136 1
307.822 148.820 6.971 20 29 30 136 1
307.822 148.820 6.971 21 29 30 136 1
235.840 169.641 34.286 22 29 30 350 1
238.391 134.490 122.934 23 29 30 514 2
238.391 134.490 122.934 24 29 30 514 2
238.391 134.490 122.934 25 29 30 514 2
238.391 134.490 122.934 26 29 30 514 2
61.360 54.793 325.138 27 29 30 566 2
61.360 54.793 325.138 28 29 30 566 2
61.360 54.793 325.138 29 29 30 566 2
238.939 156.132 288.023 30 29 30 17 1
63.652 23.425 208.416 1 30 30 604 4
63.652 23.425 208.416 2 30 30 604 4
63.652 23.425 208.416 3 30 30 604 4
63.652 23.425 208.416 4 30 30 604 4
63.652 23.425 208.416 5 30 30 604 4
306.332 35.657 35.589 6 30 30 207 1
63.652 23.425 208.416 7 30 30 604 4
63.652 23.425 208.416 8 30 30 604 4
63.652 23.425 208.416 9 30 30 604 4
218.432 85.757 333.528 10 30 30 609 4
218.432 85.757 333.528 11 30 30 609 4
218.432 85.757 333.528 12 30 30 609 4
204.461 86.482 35.224 13 30 30 365 1
204.461 86.482 35.224 14 30 30 365 1
204.461 86.482 35.224 15 30 30 365 1
204.461 86.482 35.224 16 30 30 365 1
111.778 129.143 36.818 17 30 30 682 4
197.646 23.030 2.243 18 30 30 318 1
197.646 23.030 2.243 19 30 30 318 1
197.646 23.030 2.243 20 30 30 318 1
197.646 23.030 2.243 21 30 30 318 1
235.840 169.641 34.286 22 30 30 350 1
238.391 134.490 122.934 23 30 30 514 2
238.391 134.490 122.934 24 30 30 514 2
238.391 134.490 122.934 25 30 30 514 2
238.391 134.490 122.934 26 30 30 514 2
61.360 54.793 325.138 27 30 30 566 2
61.360 54.793 325.138 28 30 30 566 2
17.982 74.042 109.895 29 30 30 241 1
17.982 74.042 109.895 30 30 30 241 1
