171.838 72.649 333.505 1 1 7 610 4
171.838 72.649 333.505 2 1 7 610 4
171.838 72.649 333.505 3 1 7 610 4
171.838 72.649 333.505 4 1 7 610 4
171.838 72.649 333.505 5 1 7 610 4
171.838 72.649 333.505 6 1 7 610 4
171.838 72.649 333.505 7 1 7 610 4
171.838 72.649 333.505 8 1 7 610 4
171.838 72.649 333.505 9 1 7 610 4
171.838 72.649 333.505 10 1 7 610 4
171.838 72.649 333.505 11 1 7 610 4
312.543 116.881 338.505 12 1 7 7 1
312.543 116.881 338.505 13 1 7 7 1
312.543 116.881 338.505 14 1 7 7 1
20.233 90.663 195.216 15 1 7 527 2
20.233 90.663 195.216 16 1 7 527 2
20.233 90.663 195.216 17 1 7 527 2
60.353 48.193 152.148 18 1 7 608 4
60.353 48.193 152.148 19 1 7 608 4
60.353 48.193 152.148 20 1 7 608 4
60.353 48.193 152.148 21 1 7 608 4
119.346 72.683 327.624 22 1 7 593 2
293.628 96.686 225.949 23 1 7 578 2
152.087 34.567 215.997 24 1 7 597 3
203.168 87.210 188.550 25 1 7 596 3
203.168 87.210 188.550 26 1 7 596 3
203.168 87.210 188.550 27 1 7 596 3
152.087 34.567 215.997 28 1 7 597 3
152.087 34.567 215.997 29 1 7 597 3
152.087 34.567 215.997 30 1 7 597 3
171.838 72.649 333.505 1 2 7 610 4
171.838 72.649 333.505 2 2 7 610 4
171.838 72.649 333.505 3 2 7 610 4
171.838 72.649 333.505 4 2 7 610 4
171.838 72.649 333.505 5 2 7 610 4
171.838 72.649 333.505 6 2 7 610 4
171.838 72.649 333.505 7 2 7 610 4
171.838 72.649 333.505 8 2 7 610 4
171.838 72.649 333.505 9 2 7 610 4
171.838 72.649 333.505 10 2 7 610 4
184.426 66.728 289.221 11 2 7 516 2
184.426 66.728 289.221 12 2 7 516 2
312.543 116.881 338.505 13 2 7 7 1
312.543 116.881 338.505 14 2 7 7 1
20.233 90.663 195.216 15 2 7 527 2
20.233 90.663 195.216 16 2 7 527 2
20.233 90.663 195.216 17 2 7 527 2
214.720 34.046 82.199 18 2 7 198 1
60.353 48.193 152.148 19 2 7 608 4
186.833 31.154 250.013 20 2 7 569 2
293.628 96.686 225.949 21 2 7 578 2
293.628 96.686 225.949 22 2 7 578 2
293.628 96.686 225.949 23 2 7 578 2
293.628 96.686 225.949 24 2 7 578 2
152.087 34.567 215.997 25 2 7 597 3
152.087 34.567 215.997 26 2 7 597 3
152.087 34.567 215.997 27 2 7 597 3
152.087 34.567 215.997 28 2 7 597 3
152.087 34.567 215.997 29 2 7 597 3
152.087 34.567 215.997 30 2 7 597 3
171.838 72.649 333.505 1 3 7 610 4
171.838 72.649 333.505 2 3 7 610 4
171.838 72.649 333.505 3 3 7 610 4
171.838 72.649 333.505 4 3 7 610 4
171.838 72.649 333.505 5 3 7 610 4
171.838 72.649 333.505 6 3 7 610 4
171.838 72.649 333.505 7 3 7 610 4
171.838 72.649 333.505 8 3 7 610 4
171.838 72.649 333.505 9 3 7 610 4
184.426 66.728 289.221 10 3 7 516 2
184.426 66.728 289.221 11 3 7 516 2
184.426 66.728 289.221 12 3 7 516 2
312.543 116.881 338.505 13 3 7 7 1
20.233 90.663 195.216 14 3 7 527 2
20.233 90.663 195.216 15 3 7 527 2
20.233 90.663 195.216 16 3 7 527 2
20.233 90.663 195.216 17 3 7 527 2
20.233 90.663 195.216 18 3 7 527 2
60.353 48.193 152.148 19 3 7 608 4
186.833 31.154 250.013 20 3 7 569 2
293.628 96.686 225.949 21 3 7 578 2
293.628 96.686 225.949 22 3 7 578 2
293.628 96.686 225.949 23 3 7 578 2
293.628 96.686 225.949 24 3 7 578 2
152.087 34.567 215.997 25 3 7 597 3
152.087 34.567 215.997 26 3 7 597 3
152.087 34.567 215.997 27 3 7 597 3
152.087 34.567 215.997 28 3 7 597 3
152.087 34.567 215.997 29 3 7 597 3
152.087 34.567 215.997 30 3 7 597 3
171.838 72.649 333.505 1 4 7 610 4
171.838 72.649 333.505 2 4 7 610 4
171.838 72.649 333.505 3 4 7 610 4
171.838 72.649 333.505 4 4 7 610 4
171.838 72.649 333.505 5 4 7 610 4
171.838 72.649 333.505 6 4 7 610 4
171.838 72.649 333.505 7 4 7 610 4
171.838 72.649 333.505 8 4 7 610 4
171.838 72.649 333.505 9 4 7 610 4
171.838 72.649 333.505 10 4 7 610 4
184.426 66.728 289.221 11 4 7 516 2
184.426 66.728 289.221 12 4 7 516 2
20.233 90.663 195.216 13 4 7 527 2
20.233 90.663 195.216 14 4 7 527 2
20.233 90.663 195.216 15 4 7 527 2
20.233 90.663 195.216 16 4 7 527 2
20.233 90.663 195.216 17 4 7 527 2
20.233 90.663 195.216 18 4 7 527 2
293.628 96.686 225.949 19 4 7 578 2
293.628 96.686 225.949 20 4 7 578 2
293.628 96.686 225.949 21 4 7 578 2
293.628 96.686 225.949 22 4 7 578 2
293.628 96.686 225.949 23 4 7 578 2
293.628 96.686 225.949 24 4 7 578 2
293.628 96.686 225.949 25 4 7 578 2
152.087 34.567 215.997 26 4 7 597 3
152.087 34.567 215.997 27 4 7 597 3
152.087 34.567 215.997 28 4 7 597 3
152.087 34.567 215.997 29 4 7 597 3
152.087 34.567 215.997 30 4 7 597 3
171.838 72.649 333.505 1 5 7 610 4
171.838 72.649 333.505 2 5 7 610 4
171.838 72.649 333.505 3 5 7 610 4
171.838 72.649 333.505 4 5 7 610 4
171.838 72.649 333.505 5 5 7 610 4
171.838 72.649 333.505 6 5 7 610 4
171.838 72.649 333.505 7 5 7 610 4
171.838 72.649 333.505 8 5 7 610 4
171.838 72.649 333.505 9 5 7 610 4
42.412 102.191 167.015 10 5 7 227 1
42.412 102.191 167.015 11 5 7 227 1
20.233 90.663 195.216 12 5 7 527 2
20.233 90.663 195.216 13 5 7 527 2
20.233 90.663 195.216 14 5 7 527 2
20.233 90.663 195.216 15 5 7 527 2
20.233 90.663 195.216 16 5 7 527 2
20.233 90.663 195.216 17 5 7 527 2
20.233 90.663 195.216 18 5 7 527 2
293.628 96.686 225.949 19 5 7 578 2
293.628 96.686 225.949 20 5 7 578 2
293.628 96.686 225.949 21 5 7 578 2
293.628 96.686 225.949 22 5 7 578 2
293.628 96.686 225.949 23 5 7 578 2
293.628 96.686 225.949 24 5 7 578 2
240.238 71.369 21.179 25 5 7 599 3
240.238 71.369 21.179 26 5 7 599 3
50.897 63.250 58.385 27 5 7 277 1
152.087 34.567 215.997 28 5 7 597 3
152.087 34.567 215.997 29 5 7 597 3
152.087 34.567 215.997 30 5 7 597 3
171.838 72.649 333.505 1 6 7 610 4
171.838 72.649 333.505 2 6 7 610 4
171.838 72.649 333.505 3 6 7 610 4
171.838 72.649 333.505 4 6 7 610 4
171.838 72.649 333.505 5 6 7 610 4
171.838 72.649 333.505 6 6 7 610 4
171.838 72.649 333.505 7 6 7 610 4
171.838 72.649 333.505 8 6 7 610 4
171.838 72.649 333.505 9 6 7 610 4
42.412 102.191 167.015 10 6 7 227 1
42.412 102.191 167.015 11 6 7 227 1
171.295 51.322 246.492 12 6 7 244 1
20.233 90.663 195.216 13 6 7 527 2
20.233 90.663 195.216 14 6 7 527 2
20.233 90.663 195.216 15 6 7 527 2
20.233 90.663 195.216 16 6 7 527 2
20.233 90.663 195.216 17 6 7 527 2
240.238 71.369 21.179 18 6 7 599 3
240.238 71.369 21.179 19 6 7 599 3
240.238 71.369 21.179 20 6 7 599 3
293.628 96.686 225.949 21 6 7 578 2
293.628 96.686 225.949 22 6 7 578 2
293.628 96.686 225.949 23 6 7 578 2
240.238 71.369 21.179 24 6 7 599 3
240.238 71.369 21.179 25 6 7 599 3
240.238 71.369 21.179 26 6 7 599 3
240.238 71.369 21.179 27 6 7 599 3
240.238 71.369 21.179 28 6 7 599 3
152.087 34.567 215.997 29 6 7 597 3
152.087 34.567 215.997 30 6 7 597 3
171.838 72.649 333.505 1 7 7 610 4
171.838 72.649 333.505 2 7 7 610 4
171.838 72.649 333.505 3 7 7 610 4
171.838 72.649 333.505 4 7 7 610 4
171.838 72.649 333.505 5 7 7 610 4
171.838 72.649 333.505 6 7 7 610 4
171.838 72.649 333.505 7 7 7 610 4
171.838 72.649 333.505 8 7 7 610 4
171.838 72.649 333.505 9 7 7 610 4
42.412 102.191 167.015 10 7 7 227 1
42.412 102.191 167.015 11 7 7 227 1
171.295 51.322 246.492 12 7 7 244 1
20.233 90.663 195.216 13 7 7 527 2
20.233 90.663 195.216 14 7 7 527 2
20.233 90.663 195.216 15 7 7 527 2
20.233 90.663 195.216 16 7 7 527 2
240.238 71.369 21.179 17 7 7 599 3
240.238 71.369 21.179 18 7 7 599 3
240.238 71.369 21.179 19 7 7 599 3
240.238 71.369 21.179 20 7 7 599 3
240.238 71.369 21.179 21 7 7 599 3
240.238 71.369 21.179 22 7 7 599 3
240.238 71.369 21.179 23 7 7 599 3
240.238 71.369 21.179 24 7 7 599 3
240.238 71.369 21.179 25 7 7 599 3
240.238 71.369 21.179 26 7 7 599 3
240.238 71.369 21.179 27 7 7 599 3
240.238 71.369 21.179 28 7 7 599 3
240.238 71.369 21.179 29 7 7 599 3
240.238 71.369 21.179 30 7 7 599 3
171.838 72.649 333.505 1 8 7 610 4
171.838 72.649 333.505 2 8 7 610 4
171.838 72.649 333.505 3 8 7 610 4
171.838 72.649 333.505 4 8 7 610 4
171.838 72.649 333.505 5 8 7 610 4
171.838 72.649 333.505 6 8 7 610 4
171.838 72.649 333.505 7 8 7 610 4
171.838 72.649 333.505 8 8 7 610 4
171.838 72.649 333.505 9 8 7 610 4
42.412 102.191 167.015 10 8 7 227 1
42.412 102.191 167.015 11 8 7 227 1
240.238 71.369 21.179 12 8 7 599 3
240.238 71.369 21.179 13 8 7 599 3
240.238 71.369 21.179 14 8 7 599 3
240.238 71.369 21.179 15 8 7 599 3
240.238 71.369 21.179 16 8 7 599 3
240.238 71.369 21.179 17 8 7 599 3
240.238 71.369 21.179 18 8 7 599 3
240.238 71.369 21.179 19 8 7 599 3
240.238 71.369 21.179 20 8 7 599 3
240.238 71.369 21.179 21 8 7 599 3
240.238 71.369 21.179 22 8 7 599 3
240.238 71.369 21.179 23 8 7 599 3
240.238 71.369 21.179 24 8 7 599 3
240.238 71.369 21.179 25 8 7 599 3
240.238 71.369 21.179 26 8 7 599 3
240.238 71.369 21.179 27 8 7 599 3
240.238 71.369 21.179 28 8 7 599 3
240.238 71.369 21.179 29 8 7 599 3
240.238 71.369 21.179 30 8 7 599 3
171.838 72.649 333.505 1 9 7 610 4
171.838 72.649 333.505 2 9 7 610 4
171.838 72.649 333.505 3 9 7 610 4
171.838 72.649 333.505 4 9 7 610 4
171.838 72.649 333.505 5 9 7 610 4
171.838 72.649 333.505 6 9 7 610 4
171.838 72.649 333.505 7 9 7 610 4
171.838 72.649 333.505 8 9 7 610 4
9.456 73.751 157.052 9 9 7 368 1
240.238 71.369 21.179 10 9 7 599 3
240.238 71.369 21.179 11 9 7 599 3
240.238 71.369 21.179 12 9 7 599 3
240.238 71.369 21.179 13 9 7 599 3
240.238 71.369 21.179 14 9 7 599 3
240.238 71.369 21.179 15 9 7 599 3
240.238 71.369 21.179 16 9 7 599 3
240.238 71.369 21.179 17 9 7 599 3
240.238 71.369 21.179 18 9 7 599 3
240.238 71.369 21.179 19 9 7 599 3
240.238 71.369 21.179 20 9 7 599 3
240.238 71.369 21.179 21 9 7 599 3
240.238 71.369 21.179 22 9 7 599 3
240.238 71.369 21.179 23 9 7 599 3
240.238 71.369 21.179 24 9 7 599 3
240.238 71.369 21.179 25 9 7 599 3
240.238 71.369 21.179 26 9 7 599 3
240.238 71.369 21.179 27 9 7 599 3
240.238 71.369 21.179 28 9 7 599 3
240.238 71.369 21.179 29 9 7 599 3
240.238 71.369 21.179 30 9 7 599 3
171.838 72.649 333.505 1 10 7 610 4
171.838 72.649 333.505 2 10 7 610 4
171.838 72.649 333.505 3 10 7 610 4
171.838 72.649 333.505 4 10 7 610 4
171.838 72.649 333.505 5 10 7 610 4
171.838 72.649 333.505 6 10 7 610 4
171.838 72.649 333.505 7 10 7 610 4
171.838 72.649 333.505 8 10 7 610 4
240.238 71.369 21.179 9 10 7 599 3
240.238 71.369 21.179 10 10 7 599 3
240.238 71.369 21.179 11 10 7 599 3
240.238 71.369 21.179 12 10 7 599 3
240.238 71.369 21.179 13 10 7 599 3
240.238 71.369 21.179 14 10 7 599 3
240.238 71.369 21.179 15 10 7 599 3
240.238 71.369 21.179 16 10 7 599 3
240.238 71.369 21.179 17 10 7 599 3
240.238 71.369 21.179 18 10 7 599 3
240.238 71.369 21.179 19 10 7 599 3
240.238 71.369 21.179 20 10 7 599 3
240.238 71.369 21.179 21 10 7 599 3
240.238 71.369 21.179 22 10 7 599 3
240.238 71.369 21.179 23 10 7 599 3
240.238 71.369 21.179 24 10 7 599 3
240.238 71.369 21.179 25 10 7 599 3
240.238 71.369 21.179 26 10 7 599 3
240.238 71.369 21.179 27 10 7 599 3
240.238 71.369 21.179 28 10 7 599 3
240.238 71.369 21.179 29 10 7 599 3
240.238 71.369 21.179 30 10 7 599 3
171.838 72.649 333.505 1 11 7 610 4
171.838 72.649 333.505 2 11 7 610 4
171.838 72.649 333.505 3 11 7 610 4
171.838 72.649 333.505 4 11 7 610 4
171.838 72.649 333.505 5 11 7 610 4
171.838 72.649 333.505 6 11 7 610 4
171.838 72.649 333.505 7 11 7 610 4
240.238 71.369 21.179 8 11 7 599 3
240.238 71.369 21.179 9 11 7 599 3
240.238 71.369 21.179 10 11 7 599 3
240.238 71.369 21.179 11 11 7 599 3
240.238 71.369 21.179 12 11 7 599 3
240.238 71.369 21.179 13 11 7 599 3
240.238 71.369 21.179 14 11 7 599 3
240.238 71.369 21.179 15 11 7 599 3
240.238 71.369 21.179 16 11 7 599 3
240.238 71.369 21.179 17 11 7 599 3
240.238 71.369 21.179 18 11 7 599 3
240.238 71.369 21.179 19 11 7 599 3
240.238 71.369 21.179 20 11 7 599 3
240.238 71.369 21.179 21 11 7 599 3
240.238 71.369 21.179 22 11 7 599 3
240.238 71.369 21.179 23 11 7 599 3
240.238 71.369 21.179 24 11 7 599 3
240.238 71.369 21.179 25 11 7 599 3
240.238 71.369 21.179 26 11 7 599 3
240.238 71.369 21.179 27 11 7 599 3
240.238 71.369 21.179 28 11 7 599 3
240.238 71.369 21.179 29 11 7 599 3
240.238 71.369 21.179 30 11 7 599 3
171.838 72.649 333.505 1 12 7 610 4
171.838 72.649 333.505 2 12 7 610 4
171.838 72.649 333.505 3 12 7 610 4
171.838 72.649 333.505 4 12 7 610 4
171.838 72.649 333.505 5 12 7 610 4
171.838 72.649 333.505 6 12 7 610 4
240.238 71.369 21.179 7 12 7 599 3
240.238 71.369 21.179 8 12 7 599 3
240.238 71.369 21.179 9 12 7 599 3
240.238 71.369 21.179 10 12 7 599 3
240.238 71.369 21.179 11 12 7 599 3
240.238 71.369 21.179 12 12 7 599 3
240.238 71.369 21.179 13 12 7 599 3
240.238 71.369 21.179 14 12 7 599 3
240.238 71.369 21.179 15 12 7 599 3
240.238 71.369 21.179 16 12 7 599 3
240.238 71.369 21.179 17 12 7 599 3
240.238 71.369 21.179 18 12 7 599 3
240.238 71.369 21.179 19 12 7 599 3
240.238 71.369 21.179 20 12 7 599 3
240.238 71.369 21.179 21 12 7 599 3
240.238 71.369 21.179 22 12 7 599 3
240.238 71.369 21.179 23 12 7 599 3
240.238 71.369 21.179 24 12 7 599 3
240.238 71.369 21.179 25 12 7 599 3
240.238 71.369 21.179 26 12 7 599 3
240.238 71.369 21.179 27 12 7 599 3
240.238 71.369 21.179 28 12 7 599 3
240.238 71.369 21.179 29 12 7 599 3
240.238 71.369 21.179 30 12 7 599 3
171.838 72.649 333.505 1 13 7 610 4
171.838 72.649 333.505 2 13 7 610 4
171.838 72.649 333.505 3 13 7 610 4
171.838 72.649 333.505 4 13 7 610 4
171.838 72.649 333.505 5 13 7 610 4
103.356 36.809 100.762 6 13 7 614 4
240.238 71.369 21.179 7 13 7 599 3
240.238 71.369 21.179 8 13 7 599 3
240.238 71.369 21.179 9 13 7 599 3
240.238 71.369 21.179 10 13 7 599 3
240.238 71.369 21.179 11 13 7 599 3
240.238 71.369 21.179 12 13 7 599 3
240.238 71.369 21.179 13 13 7 599 3
240.238 71.369 21.179 14 13 7 599 3
240.238 71.369 21.179 15 13 7 599 3
240.238 71.369 21.179 16 13 7 599 3
240.238 71.369 21.179 17 13 7 599 3
240.238 71.369 21.179 18 13 7 599 3
240.238 71.369 21.179 19 13 7 599 3
240.238 71.369 21.179 20 13 7 599 3
240.238 71.369 21.179 21 13 7 599 3
240.238 71.369 21.179 22 13 7 599 3
240.238 71.369 21.179 23 13 7 599 3
240.238 71.369 21.179 24 13 7 599 3
240.238 71.369 21.179 25 13 7 599 3
240.238 71.369 21.179 26 13 7 599 3
240.238 71.369 21.179 27 13 7 599 3
240.238 71.369 21.179 28 13 7 599 3
240.238 71.369 21.179 29 13 7 599 3
240.238 71.369 21.179 30 13 7 599 3
103.356 36.809 100.762 1 14 7 614 4
103.356 36.809 100.762 2 14 7 614 4
103.356 36.809 100.762 3 14 7 614 4
103.356 36.809 100.762 4 14 7 614 4
103.356 36.809 100.762 5 14 7 614 4
103.356 36.809 100.762 6 14 7 614 4
103.356 36.809 100.762 7 14 7 614 4
103.356 36.809 100.762 8 14 7 614 4
103.356 36.809 100.762 9 14 7 614 4
103.356 36.809 100.762 10 14 7 614 4
240.238 71.369 21.179 11 14 7 599 3
240.238 71.369 21.179 12 14 7 599 3
240.238 71.369 21.179 13 14 7 599 3
240.238 71.369 21.179 14 14 7 599 3
240.238 71.369 21.179 15 14 7 599 3
240.238 71.369 21.179 16 14 7 599 3
240.238 71.369 21.179 17 14 7 599 3
240.238 71.369 21.179 18 14 7 599 3
240.238 71.369 21.179 19 14 7 599 3
240.238 71.369 21.179 20 14 7 599 3
240.238 71.369 21.179 21 14 7 599 3
240.238 71.369 21.179 22 14 7 599 3
240.238 71.369 21.179 23 14 7 599 3
240.238 71.369 21.179 24 14 7 599 3
240.238 71.369 21.179 25 14 7 599 3
240.238 71.369 21.179 26 14 7 599 3
240.238 71.369 21.179 27 14 7 599 3
240.238 71.369 21.179 28 14 7 599 3
240.238 71.369 21.179 29 14 7 599 3
240.238 71.369 21.179 30 14 7 599 3
103.356 36.809 100.762 1 15 7 614 4
103.356 36.809 100.762 2 15 7 614 4
103.356 36.809 100.762 3 15 7 614 4
103.356 36.809 100.762 4 15 7 614 4
103.356 36.809 100.762 5 15 7 614 4
103.356 36.809 100.762 6 15 7 614 4
103.356 36.809 100.762 7 15 7 614 4
103.356 36.809 100.762 8 15 7 614 4
103.356 36.809 100.762 9 15 7 614 4
103.356 36.809 100.762 10 15 7 614 4
240.238 71.369 21.179 11 15 7 599 3
240.238 71.369 21.179 12 15 7 599 3
240.238 71.369 21.179 13 15 7 599 3
240.238 71.369 21.179 14 15 7 599 3
240.238 71.369 21.179 15 15 7 599 3
240.238 71.369 21.179 16 15 7 599 3
240.238 71.369 21.179 17 15 7 599 3
240.238 71.369 21.179 18 15 7 599 3
240.238 71.369 21.179 19 15 7 599 3
240.238 71.369 21.179 20 15 7 599 3
240.238 71.369 21.179 21 15 7 599 3
240.238 71.369 21.179 22 15 7 599 3
240.238 71.369 21.179 23 15 7 599 3
240.238 71.369 21.179 24 15 7 599 3
240.238 71.369 21.179 25 15 7 599 3
240.238 71.369 21.179 26 15 7 599 3
240.238 71.369 21.179 27 15 7 599 3
240.238 71.369 21.179 28 15 7 599 3
240.238 71.369 21.179 29 15 7 599 3
240.238 71.369 21.179 30 15 7 599 3
103.356 36.809 100.762 1 16 7 614 4
103.356 36.809 100.762 2 16 7 614 4
103.356 36.809 100.762 3 16 7 614 4
103.356 36.809 100.762 4 16 7 614 4
103.356 36.809 100.762 5 16 7 614 4
103.356 36.809 100.762 6 16 7 614 4
192.919 81.069 110.096 7 16 7 270 1
103.356 36.809 100.762 8 16 7 614 4
103.356 36.809 100.762 9 16 7 614 4
103.356 36.809 100.762 10 16 7 614 4
103.356 36.809 100.762 11 16 7 614 4
240.238 71.369 21.179 12 16 7 599 3
240.238 71.369 21.179 13 16 7 599 3
240.238 71.369 21.179 14 16 7 599 3
240.238 71.369 21.179 15 16 7 599 3
240.238 71.369 21.179 16 16 7 599 3
240.238 71.369 21.179 17 16 7 599 3
240.238 71.369 21.179 18 16 7 599 3
240.238 71.369 21.179 19 16 7 599 3
240.238 71.369 21.179 20 16 7 599 3
240.238 71.369 21.179 21 16 7 599 3
240.238 71.369 21.179 22 16 7 599 3
240.238 71.369 21.179 23 16 7 599 3
240.238 71.369 21.179 24 16 7 599 3
240.238 71.369 21.179 25 16 7 599 3
240.238 71.369 21.179 26 16 7 599 3
240.238 71.369 21.179 27 16 7 599 3
240.238 71.369 21.179 28 16 7 599 3
240.238 71.369 21.179 29 16 7 599 3
240.238 71.369 21.179 30 16 7 599 3
103.356 36.809 100.762 1 17 7 614 4
103.356 36.809 100.762 2 17 7 614 4
103.356 36.809 100.762 3 17 7 614 4
103.356 36.809 100.762 4 17 7 614 4
103.356 36.809 100.762 5 17 7 614 4
103.356 36.809 100.762 6 17 7 614 4
103.356 36.809 100.762 7 17 7 614 4
103.356 36.809 100.762 8 17 7 614 4
103.356 36.809 100.762 9 17 7 614 4
103.356 36.809 100.762 10 17 7 614 4
240.238 71.369 21.179 11 17 7 599 3
240.238 71.369 21.179 12 17 7 599 3
240.238 71.369 21.179 13 17 7 599 3
240.238 71.369 21.179 14 17 7 599 3
240.238 71.369 21.179 15 17 7 599 3
240.238 71.369 21.179 16 17 7 599 3
240.238 71.369 21.179 17 17 7 599 3
240.238 71.369 21.179 18 17 7 599 3
240.238 71.369 21.179 19 17 7 599 3
240.238 71.369 21.179 20 17 7 599 3
240.238 71.369 21.179 21 17 7 599 3
240.238 71.369 21.179 22 17 7 599 3
240.238 71.369 21.179 23 17 7 599 3
240.238 71.369 21.179 24 17 7 599 3
240.238 71.369 21.179 25 17 7 599 3
240.238 71.369 21.179 26 17 7 599 3
240.238 71.369 21.179 27 17 7 599 3
240.238 71.369 21.179 28 17 7 599 3
240.238 71.369 21.179 29 17 7 599 3
240.238 71.369 21.179 30 17 7 599 3
103.356 36.809 100.762 1 18 7 614 4
103.356 36.809 100.762 2 18 7 614 4
103.356 36.809 100.762 3 18 7 614 4
103.356 36.809 100.762 4 18 7 614 4
103.356 36.809 100.762 5 18 7 614 4
103.356 36.809 100.762 6 18 7 614 4
103.356 36.809 100.762 7 18 7 614 4
103.356 36.809 100.762 8 18 7 614 4
103.356 36.809 100.762 9 18 7 614 4
103.356 36.809 100.762 10 18 7 614 4
240.238 71.369 21.179 11 18 7 599 3
240.238 71.369 21.179 12 18 7 599 3
240.238 71.369 21.179 13 18 7 599 3
240.238 71.369 21.179 14 18 7 599 3
240.238 71.369 21.179 15 18 7 599 3
240.238 71.369 21.179 16 18 7 599 3
240.238 71.369 21.179 17 18 7 599 3
240.238 71.369 21.179 18 18 7 599 3
240.238 71.369 21.179 19 18 7 599 3
240.238 71.369 21.179 20 18 7 599 3
240.238 71.369 21.179 21 18 7 599 3
240.238 71.369 21.179 22 18 7 599 3
240.238 71.369 21.179 23 18 7 599 3
240.238 71.369 21.179 24 18 7 599 3
240.238 71.369 21.179 25 18 7 599 3
240.238 71.369 21.179 26 18 7 599 3
240.238 71.369 21.179 27 18 7 599 3
240.238 71.369 21.179 28 18 7 599 3
240.238 71.369 21.179 29 18 7 599 3
240.238 71.369 21.179 30 18 7 599 3
103.356 36.809 100.762 1 19 7 614 4
103.356 36.809 100.762 2 19 7 614 4
103.356 36.809 100.762 3 19 7 614 4
103.356 36.809 100.762 4 19 7 614 4
103.356 36.809 100.762 5 19 7 614 4
103.356 36.809 100.762 6 19 7 614 4
103.356 36.809 100.762 7 19 7 614 4
103.356 36.809 100.762 8 19 7 614 4
103.356 36.809 100.762 9 19 7 614 4
240.238 71.369 21.179 10 19 7 599 3
240.238 71.369 21.179 11 19 7 599 3
240.238 71.369 21.179 12 19 7 599 3
240.238 71.369 21.179 13 19 7 599 3
240.238 71.369 21.179 14 19 7 599 3
240.238 71.369 21.179 15 19 7 599 3
240.238 71.369 21.179 16 19 7 599 3
240.238 71.369 21.179 17 19 7 599 3
240.238 71.369 21.179 18 19 7 599 3
240.238 71.369 21.179 19 19 7 599 3
240.238 71.369 21.179 20 19 7 599 3
240.238 71.369 21.179 21 19 7 599 3
240.238 71.369 21.179 22 19 7 599 3
240.238 71.369 21.179 23 19 7 599 3
240.238 71.369 21.179 24 19 7 599 3
240.238 71.369 21.179 25 19 7 599 3
240.238 71.369 21.179 26 19 7 599 3
240.238 71.369 21.179 27 19 7 599 3
240.238 71.369 21.179 28 19 7 599 3
240.238 71.369 21.179 29 19 7 599 3
240.238 71.369 21.179 30 19 7 599 3
103.356 36.809 100.762 1 20 7 614 4
103.356 36.809 100.762 2 20 7 614 4
103.356 36.809 100.762 3 20 7 614 4
103.356 36.809 100.762 4 20 7 614 4
103.356 36.809 100.762 5 20 7 614 4
103.356 36.809 100.762 6 20 7 614 4
103.356 36.809 100.762 7 20 7 614 4
103.356 36.809 100.762 8 20 7 614 4
103.356 36.809 100.762 9 20 7 614 4
240.238 71.369 21.179 10 20 7 599 3
240.238 71.369 21.179 11 20 7 599 3
240.238 71.369 21.179 12 20 7 599 3
240.238 71.369 21.179 13 20 7 599 3
240.238 71.369 21.179 14 20 7 599 3
240.238 71.369 21.179 15 20 7 599 3
240.238 71.369 21.179 16 20 7 599 3
240.238 71.369 21.179 17 20 7 599 3
240.238 71.369 21.179 18 20 7 599 3
240.238 71.369 21.179 19 20 7 599 3
240.238 71.369 21.179 20 20 7 599 3
240.238 71.369 21.179 21 20 7 599 3
240.238 71.369 21.179 22 20 7 599 3
240.238 71.369 21.179 23 20 7 599 3
240.238 71.369 21.179 24 20 7 599 3
240.238 71.369 21.179 25 20 7 599 3
240.238 71.369 21.179 26 20 7 599 3
240.238 71.369 21.179 27 20 7 599 3
240.238 71.369 21.179 28 20 7 599 3
240.238 71.369 21.179 29 20 7 599 3
240.238 71.369 21.179 30 20 7 599 3
103.356 36.809 100.762 1 21 7 614 4
103.356 36.809 100.762 2 21 7 614 4
103.356 36.809 100.762 3 21 7 614 4
103.356 36.809 100.762 4 21 7 614 4
103.356 36.809 100.762 5 21 7 614 4
103.356 36.809 100.762 6 21 7 614 4
103.356 36.809 100.762 7 21 7 614 4
103.356 36.809 100.762 8 21 7 614 4
240.238 71.369 21.179 9 21 7 599 3
240.238 71.369 21.179 10 21 7 599 3
240.238 71.369 21.179 11 21 7 599 3
240.238 71.369 21.179 12 21 7 599 3
240.238 71.369 21.179 13 21 7 599 3
240.238 71.369 21.179 14 21 7 599 3
240.238 71.369 21.179 15 21 7 599 3
240.238 71.369 21.179 16 21 7 599 3
240.238 71.369 21.179 17 21 7 599 3
240.238 71.369 21.179 18 21 7 599 3
240.238 71.369 21.179 19 21 7 599 3
240.238 71.369 21.179 20 21 7 599 3
240.238 71.369 21.179 21 21 7 599 3
240.238 71.369 21.179 22 21 7 599 3
240.238 71.369 21.179 23 21 7 599 3
240.238 71.369 21.179 24 21 7 599 3
240.238 71.369 21.179 25 21 7 599 3
308.648 118.327 324.628 26 21 7 116 1
240.238 71.369 21.179 27 21 7 599 3
240.238 71.369 21.179 28 21 7 599 3
240.238 71.369 21.179 29 21 7 599 3
240.238 71.369 21.179 30 21 7 599 3
103.356 36.809 100.762 1 22 7 614 4
103.356 36.809 100.762 2 22 7 614 4
103.356 36.809 100.762 3 22 7 614 4
307.796 72.953 94.315 4 22 7 162 1
103.356 36.809 100.762 5 22 7 614 4
103.356 36.809 100.762 6 22 7 614 4
103.356 36.809 100.762 7 22 7 614 4
103.356 36.809 100.762 8 22 7 614 4
240.238 71.369 21.179 9 22 7 599 3
240.238 71.369 21.179 10 22 7 599 3
240.238 71.369 21.179 11 22 7 599 3
240.238 71.369 21.179 12 22 7 599 3
240.238 71.369 21.179 13 22 7 599 3
240.238 71.369 21.179 14 22 7 599 3
240.238 71.369 21.179 15 22 7 599 3
240.238 71.369 21.179 16 22 7 599 3
240.238 71.369 21.179 17 22 7 599 3
240.238 71.369 21.179 18 22 7 599 3
240.238 71.369 21.179 19 22 7 599 3
240.238 71.369 21.179 20 22 7 599 3
240.238 71.369 21.179 21 22 7 599 3
240.238 71.369 21.179 22 22 7 599 3
240.238 71.369 21.179 23 22 7 599 3
240.238 71.369 21.179 24 22 7 599 3
240.238 71.369 21.179 25 22 7 599 3
240.238 71.369 21.179 26 22 7 599 3
240.238 71.369 21.179 27 22 7 599 3
240.238 71.369 21.179 28 22 7 599 3
240.238 71.369 21.179 29 22 7 599 3
240.238 71.369 21.179 30 22 7 599 3
103.356 36.809 100.762 1 23 7 614 4
103.356 36.809 100.762 2 23 7 614 4
103.356 36.809 100.762 3 23 7 614 4
307.796 72.953 94.315 4 23 7 162 1
148.349 91.422 25.793 5 23 7 146 1
103.356 36.809 100.762 6 23 7 614 4
65.770 61.250 83.338 7 23 7 618 4
65.770 61.250 83.338 8 23 7 618 4
65.770 61.250 83.338 9 23 7 618 4
240.238 71.369 21.179 10 23 7 599 3
240.238 71.369 21.179 11 23 7 599 3
240.238 71.369 21.179 12 23 7 599 3
240.238 71.369 21.179 13 23 7 599 3
240.238 71.369 21.179 14 23 7 599 3
240.238 71.369 21.179 15 23 7 599 3
240.238 71.369 21.179 16 23 7 599 3
240.238 71.369 21.179 17 23 7 599 3
240.238 71.369 21.179 18 23 7 599 3
240.238 71.369 21.179 19 23 7 599 3
240.238 71.369 21.179 20 23 7 599 3
240.238 71.369 21.179 21 23 7 599 3
240.238 71.369 21.179 22 23 7 599 3
240.238 71.369 21.179 23 23 7 599 3
240.238 71.369 21.179 24 23 7 599 3
240.238 71.369 21.179 25 23 7 599 3
240.238 71.369 21.179 26 23 7 599 3
240.238 71.369 21.179 27 23 7 599 3
240.238 71.369 21.179 28 23 7 599 3
240.238 71.369 21.179 29 23 7 599 3
240.238 71.369 21.179 30 23 7 599 3
103.356 36.809 100.762 1 24 7 614 4
103.356 36.809 100.762 2 24 7 614 4
103.356 36.809 100.762 3 24 7 614 4
307.796 72.953 94.315 4 24 7 162 1
65.770 61.250 83.338 5 24 7 618 4
113.118 137.849 301.947 6 24 7 118 1
65.770 61.250 83.338 7 24 7 618 4
65.770 61.250 83.338 8 24 7 618 4
65.770 61.250 83.338 9 24 7 618 4
65.770 61.250 83.338 10 24 7 618 4
65.770 61.250 83.338 11 24 7 618 4
240.238 71.369 21.179 12 24 7 599 3
240.238 71.369 21.179 13 24 7 599 3
240.238 71.369 21.179 14 24 7 599 3
240.238 71.369 21.179 15 24 7 599 3
240.238 71.369 21.179 16 24 7 599 3
240.238 71.369 21.179 17 24 7 599 3
240.238 71.369 21.179 18 24 7 599 3
240.238 71.369 21.179 19 24 7 599 3
240.238 71.369 21.179 20 24 7 599 3
240.238 71.369 21.179 21 24 7 599 3
240.238 71.369 21.179 22 24 7 599 3
240.238 71.369 21.179 23 24 7 599 3
240.238 71.369 21.179 24 24 7 599 3
240.238 71.369 21.179 25 24 7 599 3
240.238 71.369 21.179 26 24 7 599 3
240.238 71.369 21.179 27 24 7 599 3
293.792 106.787 206.495 28 24 7 617 4
293.792 106.787 206.495 29 24 7 617 4
293.792 106.787 206.495 30 24 7 617 4
103.356 36.809 100.762 1 25 7 614 4
103.356 36.809 100.762 2 25 7 614 4
103.356 36.809 100.762 3 25 7 614 4
65.770 61.250 83.338 4 25 7 618 4
65.770 61.250 83.338 5 25 7 618 4
65.770 61.250 83.338 6 25 7 618 4
65.770 61.250 83.338 7 25 7 618 4
65.770 61.250 83.338 8 25 7 618 4
65.770 61.250 83.338 9 25 7 618 4
65.770 61.250 83.338 10 25 7 618 4
65.770 61.250 83.338 11 25 7 618 4
65.770 61.250 83.338 12 25 7 618 4
65.770 61.250 83.338 13 25 7 618 4
240.238 71.369 21.179 14 25 7 599 3
240.238 71.369 21.179 15 25 7 599 3
240.238 71.369 21.179 16 25 7 599 3
240.238 71.369 21.179 17 25 7 599 3
240.238 71.369 21.179 18 25 7 599 3
240.238 71.369 21.179 19 25 7 599 3
240.238 71.369 21.179 20 25 7 599 3
240.238 71.369 21.179 21 25 7 599 3
240.238 71.369 21.179 22 25 7 599 3
240.238 71.369 21.179 23 25 7 599 3
240.238 71.369 21.179 24 25 7 599 3
240.238 71.369 21.179 25 25 7 599 3
293.792 106.787 206.495 26 25 7 617 4
293.792 106.787 206.495 27 25 7 617 4
293.792 106.787 206.495 28 25 7 617 4
293.792 106.787 206.495 29 25 7 617 4
293.792 106.787 206.495 30 25 7 617 4
103.356 36.809 100.762 1 26 7 614 4
103.356 36.809 100.762 2 26 7 614 4
65.770 61.250 83.338 3 26 7 618 4
65.770 61.250 83.338 4 26 7 618 4
65.770 61.250 83.338 5 26 7 618 4
65.770 61.250 83.338 6 26 7 618 4
65.770 61.250 83.338 7 26 7 618 4
65.770 61.250 83.338 8 26 7 618 4
65.770 61.250 83.338 9 26 7 618 4
65.770 61.250 83.338 10 26 7 618 4
65.770 61.250 83.338 11 26 7 618 4
288.119 85.754 28.577 12 26 7 650 1
65.770 61.250 83.338 13 26 7 618 4
65.770 61.250 83.338 14 26 7 618 4
240.238 71.369 21.179 15 26 7 599 3
240.238 71.369 21.179 16 26 7 599 3
240.238 71.369 21.179 17 26 7 599 3
240.238 71.369 21.179 18 26 7 599 3
240.238 71.369 21.179 19 26 7 599 3
240.238 71.369 21.179 20 26 7 599 3
240.238 71.369 21.179 21 26 7 599 3
240.238 71.369 21.179 22 26 7 599 3
240.238 71.369 21.179 23 26 7 599 3
102.015 70.324 189.829 24 26 7 631 1
293.792 106.787 206.495 25 26 7 617 4
293.792 106.787 206.495 26 26 7 617 4
293.792 106.787 206.495 27 26 7 617 4
293.792 106.787 206.495 28 26 7 617 4
293.792 106.787 206.495 29 26 7 617 4
188.985 62.989 341.021 30 26 7 509 2
116.310 41.766 58.788 1 27 7 564 2
65.770 61.250 83.338 2 27 7 618 4
65.770 61.250 83.338 3 27 7 618 4
65.770 61.250 83.338 4 27 7 618 4
65.770 61.250 83.338 5 27 7 618 4
65.770 61.250 83.338 6 27 7 618 4
65.770 61.250 83.338 7 27 7 618 4
65.770 61.250 83.338 8 27 7 618 4
65.770 61.250 83.338 9 27 7 618 4
65.770 61.250 83.338 10 27 7 618 4
65.770 61.250 83.338 11 27 7 618 4
65.770 61.250 83.338 12 27 7 618 4
65.770 61.250 83.338 13 27 7 618 4
65.770 61.250 83.338 14 27 7 618 4
76.319 24.655 108.586 15 27 7 186 1
76.319 24.655 108.586 16 27 7 186 1
76.319 24.655 108.586 17 27 7 186 1
76.319 24.655 108.586 18 27 7 186 1
140.715 96.261 310.071 19 27 7 448 1
140.715 96.261 310.071 20 27 7 448 1
77.618 111.330 96.793 21 27 7 158 1
302.956 110.867 220.807 22 27 7 547 2
302.956 110.867 220.807 23 27 7 547 2
293.792 106.787 206.495 24 27 7 617 4
293.792 106.787 206.495 25 27 7 617 4
293.792 106.787 206.495 26 27 7 617 4
293.792 106.787 206.495 27 27 7 617 4
293.792 106.787 206.495 28 27 7 617 4
293.792 106.787 206.495 29 27 7 617 4
293.792 106.787 206.495 30 27 7 617 4
116.310 41.766 58.788 1 28 7 564 2
65.770 61.250 83.338 2 28 7 618 4
65.770 61.250 83.338 3 28 7 618 4
65.770 61.250 83.338 4 28 7 618 4
65.770 61.250 83.338 5 28 7 618 4
65.770 61.250 83.338 6 28 7 618 4
65.770 61.250 83.338 7 28 7 618 4
65.770 61.250 83.338 8 28 7 618 4
65.770 61.250 83.338 9 28 7 618 4
65.770 61.250 83.338 10 28 7 618 4
65.770 61.250 83.338 11 28 7 618 4
65.770 61.250 83.338 12 28 7 618 4
65.770 61.250 83.338 13 28 7 618 4
76.319 24.655 108.586 14 28 7 186 1
76.319 24.655 108.586 15 28 7 186 1
76.319 24.655 108.586 16 28 7 186 1
76.319 24.655 108.586 17 28 7 186 1
140.715 96.261 310.071 18 28 7 448 1
140.715 96.261 310.071 19 28 7 448 1
140.715 96.261 310.071 20 28 7 448 1
77.618 111.330 96.793 21 28 7 158 1
302.956 110.867 220.807 22 28 7 547 2
302.956 110.867 220.807 23 28 7 547 2
165.815 10.294 179.059 24 28 7 259 1
293.792 106.787 206.495 25 28 7 617 4
293.792 106.787 206.495 26 28 7 617 4
293.792 106.787 206.495 27 28 7 617 4
293.792 106.787 206.495 28 28 7 617 4
293.792 106.787 206.495 29 28 7 617 4
293.792 106.787 206.495 30 28 7 617 4
116.310 41.766 58.788 1 29 7 564 2
65.770 61.250 83.338 2 29 7 618 4
65.770 61.250 83.338 3 29 7 618 4
65.770 61.250 83.338 4 29 7 618 4
65.770 61.250 83.338 5 29 7 618 4
65.770 61.250 83.338 6 29 7 618 4
65.770 61.250 83.338 7 29 7 618 4
65.770 61.250 83.338 8 29 7 618 4
65.770 61.250 83.338 9 29 7 618 4
65.770 61.250 83.338 10 29 7 618 4
65.770 61.250 83.338 11 29 7 618 4
65.770 61.250 83.338 12 29 7 618 4
65.770 61.250 83.338 13 29 7 618 4
76.319 24.655 108.586 14 29 7 186 1
76.319 24.655 108.586 15 29 7 186 1
76.319 24.655 108.586 16 29 7 186 1
140.715 96.261 310.071 17 29 7 448 1
140.715 96.261 310.071 18 29 7 448 1
140.715 96.261 310.071 19 29 7 448 1
140.715 96.261 310.071 20 29 7 448 1
77.618 111.330 96.793 21 29 7 158 1
302.956 110.867 220.807 22 29 7 547 2
302.956 110.867 220.807 23 29 7 547 2
302.956 110.867 220.807 24 29 7 547 2
293.792 106.787 206.495 25 29 7 617 4
293.792 106.787 206.495 26 29 7 617 4
293.792 106.787 206.495 27 29 7 617 4
293.792 106.787 206.495 28 29 7 617 4
293.792 106.787 206.495 29 29 7 617 4
293.792 106.787 206.495 30 29 7 617 4
339.152 56.056 307.251 1 30 7 91 1
339.152 56.056 307.251 2 30 7 91 1
65.770 61.250 83.338 3 30 7 618 4
4.556 60.115 52.728 4 30 7 436 1
65.770 61.250 83.338 5 30 7 618 4
65.770 61.250 83.338 6 30 7 618 4
65.770 61.250 83.338 7 30 7 618 4
65.770 61.250 83.338 8 30 7 618 4
65.770 61.250 83.338 9 30 7 618 4
65.770 61.250 83.338 10 30 7 618 4
65.770 61.250 83.338 11 30 7 618 4
65.770 61.250 83.338 12 30 7 618 4
65.770 61.250 83.338 13 30 7 618 4
253.158 115.223 211.451 14 30 7 180 1
253.158 115.223 211.451 15 30 7 180 1
287.810 138.170 325.732 16 30 7 203 1
140.715 96.261 310.071 17 30 7 448 1
140.715 96.261 310.071 18 30 7 448 1
140.715 96.261 310.071 19 30 7 448 1
140.715 96.261 310.071 20 30 7 448 1
5.557 142.472 48.761 21 30 7 555 2
5.557 142.472 48.761 22 30 7 555 2
302.956 110.867 220.807 23 30 7 547 2
302.956 110.867 220.807 24 30 7 547 2
293.792 106.787 206.495 25 30 7 617 4
293.792 106.787 206.495 26 30 7 617 4
293.792 106.787 206.495 27 30 7 617 4
293.792 106.787 206.495 28 30 7 617 4
293.792 106.787 206.495 29 30 7 617 4
293.792 106.787 206.495 30 30 7 617 4
