171.838 72.649 333.505 1 1 4 610 4
171.838 72.649 333.505 2 1 4 610 4
171.838 72.649 333.505 3 1 4 610 4
171.838 72.649 333.505 4 1 4 610 4
171.838 72.649 333.505 5 1 4 610 4
171.838 72.649 333.505 6 1 4 610 4
171.838 72.649 333.505 7 1 4 610 4
171.838 72.649 333.505 8 1 4 610 4
171.838 72.649 333.505 9 1 4 610 4
171.838 72.649 333.505 10 1 4 610 4
171.838 72.649 333.505 11 1 4 610 4
312.543 116.881 338.505 12 1 4 7 1
312.543 116.881 338.505 13 1 4 7 1
312.543 116.881 338.505 14 1 4 7 1
5.312 124.894 150.841 15 1 4 23 1
5.312 124.894 150.841 16 1 4 23 1
60.353 48.193 152.148 17 1 4 608 4
60.353 48.193 152.148 18 1 4 608 4
320.846 62.250 45.789 19 1 4 455 1
60.353 48.193 152.148 20 1 4 608 4
293.628 96.686 225.949 21 1 4 578 2
293.628 96.686 225.949 22 1 4 578 2
293.628 96.686 225.949 23 1 4 578 2
293.628 96.686 225.949 24 1 4 578 2
293.628 96.686 225.949 25 1 4 578 2
203.168 87.210 188.550 26 1 4 596 3
203.168 87.210 188.550 27 1 4 596 3
203.168 87.210 188.550 28 1 4 596 3
203.168 87.210 188.550 29 1 4 596 3
152.087 34.567 215.997 30 1 4 597 3
171.838 72.649 333.505 1 2 4 610 4
171.838 72.649 333.505 2 2 4 610 4
171.838 72.649 333.505 3 2 4 610 4
171.838 72.649 333.505 4 2 4 610 4
171.838 72.649 333.505 5 2 4 610 4
93.046 109.779 306.302 6 2 4 332 1
171.838 72.649 333.505 7 2 4 610 4
171.838 72.649 333.505 8 2 4 610 4
171.838 72.649 333.505 9 2 4 610 4
40.647 95.898 290.408 10 2 4 117 1
40.647 95.898 290.408 11 2 4 117 1
5.312 124.894 150.841 12 2 4 23 1
5.312 124.894 150.841 13 2 4 23 1
5.312 124.894 150.841 14 2 4 23 1
5.312 124.894 150.841 15 2 4 23 1
5.312 124.894 150.841 16 2 4 23 1
60.353 48.193 152.148 17 2 4 608 4
60.353 48.193 152.148 18 2 4 608 4
60.353 48.193 152.148 19 2 4 608 4
60.353 48.193 152.148 20 2 4 608 4
293.628 96.686 225.949 21 2 4 578 2
293.628 96.686 225.949 22 2 4 578 2
293.628 96.686 225.949 23 2 4 578 2
293.628 96.686 225.949 24 2 4 578 2
293.628 96.686 225.949 25 2 4 578 2
203.168 87.210 188.550 26 2 4 596 3
203.168 87.210 188.550 27 2 4 596 3
203.168 87.210 188.550 28 2 4 596 3
39.421 52.450 190.222 29 2 4 535 2
152.087 34.567 215.997 30 2 4 597 3
171.838 72.649 333.505 1 3 4 610 4
171.838 72.649 333.505 2 3 4 610 4
171.838 72.649 333.505 3 3 4 610 4
171.838 72.649 333.505 4 3 4 610 4
171.838 72.649 333.505 5 3 4 610 4
171.838 72.649 333.505 6 3 4 610 4
171.838 72.649 333.505 7 3 4 610 4
171.838 72.649 333.505 8 3 4 610 4
40.647 95.898 290.408 9 3 4 117 1
40.647 95.898 290.408 10 3 4 117 1
40.647 95.898 290.408 11 3 4 117 1
5.312 124.894 150.841 12 3 4 23 1
5.312 124.894 150.841 13 3 4 23 1
5.312 124.894 150.841 14 3 4 23 1
5.312 124.894 150.841 15 3 4 23 1
5.312 124.894 150.841 16 3 4 23 1
60.353 48.193 152.148 17 3 4 608 4
60.353 48.193 152.148 18 3 4 608 4
60.353 48.193 152.148 19 3 4 608 4
60.353 48.193 152.148 20 3 4 608 4
293.628 96.686 225.949 21 3 4 578 2
293.628 96.686 225.949 22 3 4 578 2
293.628 96.686 225.949 23 3 4 578 2
293.628 96.686 225.949 24 3 4 578 2
293.628 96.686 225.949 25 3 4 578 2
203.168 87.210 188.550 26 3 4 596 3
203.168 87.210 188.550 27 3 4 596 3
39.421 52.450 190.222 28 3 4 535 2
39.421 52.450 190.222 29 3 4 535 2
152.087 34.567 215.997 30 3 4 597 3
171.838 72.649 333.505 1 4 4 610 4
171.838 72.649 333.505 2 4 4 610 4
171.838 72.649 333.505 3 4 4 610 4
171.838 72.649 333.505 4 4 4 610 4
171.838 72.649 333.505 5 4 4 610 4
171.838 72.649 333.505 6 4 4 610 4
171.838 72.649 333.505 7 4 4 610 4
171.838 72.649 333.505 8 4 4 610 4
171.838 72.649 333.505 9 4 4 610 4
224.007 47.831 330.892 10 4 4 445 1
224.007 47.831 330.892 11 4 4 445 1
5.312 124.894 150.841 12 4 4 23 1
5.312 124.894 150.841 13 4 4 23 1
217.034 50.666 5.849 14 4 4 493 2
217.034 50.666 5.849 15 4 4 493 2
20.233 90.663 195.216 16 4 4 527 2
60.353 48.193 152.148 17 4 4 608 4
60.353 48.193 152.148 18 4 4 608 4
182.888 105.104 255.400 19 4 4 558 2
293.628 96.686 225.949 20 4 4 578 2
293.628 96.686 225.949 21 4 4 578 2
293.628 96.686 225.949 22 4 4 578 2
293.628 96.686 225.949 23 4 4 578 2
293.628 96.686 225.949 24 4 4 578 2
240.238 71.369 21.179 25 4 4 599 3
240.238 71.369 21.179 26 4 4 599 3
240.238 71.369 21.179 27 4 4 599 3
240.238 71.369 21.179 28 4 4 599 3
240.238 71.369 21.179 29 4 4 599 3
152.087 34.567 215.997 30 4 4 597 3
171.838 72.649 333.505 1 5 4 610 4
171.838 72.649 333.505 2 5 4 610 4
171.838 72.649 333.505 3 5 4 610 4
171.838 72.649 333.505 4 5 4 610 4
171.838 72.649 333.505 5 5 4 610 4
171.838 72.649 333.505 6 5 4 610 4
171.838 72.649 333.505 7 5 4 610 4
171.838 72.649 333.505 8 5 4 610 4
171.838 72.649 333.505 9 5 4 610 4
353.808 77.260 276.053 10 5 4 322 1
353.808 77.260 276.053 11 5 4 322 1
5.312 124.894 150.841 12 5 4 23 1
5.312 124.894 150.841 13 5 4 23 1
217.034 50.666 5.849 14 5 4 493 2
217.034 50.666 5.849 15 5 4 493 2
240.238 71.369 21.179 16 5 4 599 3
240.238 71.369 21.179 17 5 4 599 3
240.238 71.369 21.179 18 5 4 599 3
240.238 71.369 21.179 19 5 4 599 3
240.238 71.369 21.179 20 5 4 599 3
293.628 96.686 225.949 21 5 4 578 2
293.628 96.686 225.949 22 5 4 578 2
293.628 96.686 225.949 23 5 4 578 2
240.238 71.369 21.179 24 5 4 599 3
240.238 71.369 21.179 25 5 4 599 3
240.238 71.369 21.179 26 5 4 599 3
240.238 71.369 21.179 27 5 4 599 3
240.238 71.369 21.179 28 5 4 599 3
240.238 71.369 21.179 29 5 4 599 3
240.238 71.369 21.179 30 5 4 599 3
171.838 72.649 333.505 1 6 4 610 4
171.838 72.649 333.505 2 6 4 610 4
171.838 72.649 333.505 3 6 4 610 4
171.838 72.649 333.505 4 6 4 610 4
171.838 72.649 333.505 5 6 4 610 4
171.838 72.649 333.505 6 6 4 610 4
171.838 72.649 333.505 7 6 4 610 4
171.838 72.649 333.505 8 6 4 610 4
171.838 72.649 333.505 9 6 4 610 4
353.808 77.260 276.053 10 6 4 322 1
54.194 82.574 169.085 11 6 4 378 1
54.194 82.574 169.085 12 6 4 378 1
240.238 71.369 21.179 13 6 4 599 3
240.238 71.369 21.179 14 6 4 599 3
240.238 71.369 21.179 15 6 4 599 3
240.238 71.369 21.179 16 6 4 599 3
240.238 71.369 21.179 17 6 4 599 3
240.238 71.369 21.179 18 6 4 599 3
240.238 71.369 21.179 19 6 4 599 3
240.238 71.369 21.179 20 6 4 599 3
240.238 71.369 21.179 21 6 4 599 3
240.238 71.369 21.179 22 6 4 599 3
240.238 71.369 21.179 23 6 4 599 3
240.238 71.369 21.179 24 6 4 599 3
240.238 71.369 21.179 25 6 4 599 3
240.238 71.369 21.179 26 6 4 599 3
240.238 71.369 21.179 27 6 4 599 3
240.238 71.369 21.179 28 6 4 599 3
240.238 71.369 21.179 29 6 4 599 3
240.238 71.369 21.179 30 6 4 599 3
171.838 72.649 333.505 1 7 4 610 4
171.838 72.649 333.505 2 7 4 610 4
171.838 72.649 333.505 3 7 4 610 4
171.838 72.649 333.505 4 7 4 610 4
171.838 72.649 333.505 5 7 4 610 4
171.838 72.649 333.505 6 7 4 610 4
171.838 72.649 333.505 7 7 4 610 4
171.838 72.649 333.505 8 7 4 610 4
171.838 72.649 333.505 9 7 4 610 4
71.938 126.539 220.148 10 7 4 501 2
240.238 71.369 21.179 11 7 4 599 3
240.238 71.369 21.179 12 7 4 599 3
240.238 71.369 21.179 13 7 4 599 3
240.238 71.369 21.179 14 7 4 599 3
240.238 71.369 21.179 15 7 4 599 3
240.238 71.369 21.179 16 7 4 599 3
240.238 71.369 21.179 17 7 4 599 3
240.238 71.369 21.179 18 7 4 599 3
240.238 71.369 21.179 19 7 4 599 3
240.238 71.369 21.179 20 7 4 599 3
240.238 71.369 21.179 21 7 4 599 3
240.238 71.369 21.179 22 7 4 599 3
240.238 71.369 21.179 23 7 4 599 3
240.238 71.369 21.179 24 7 4 599 3
240.238 71.369 21.179 25 7 4 599 3
240.238 71.369 21.179 26 7 4 599 3
240.238 71.369 21.179 27 7 4 599 3
240.238 71.369 21.179 28 7 4 599 3
240.238 71.369 21.179 29 7 4 599 3
240.238 71.369 21.179 30 7 4 599 3
171.838 72.649 333.505 1 8 4 610 4
171.838 72.649 333.505 2 8 4 610 4
171.838 72.649 333.505 3 8 4 610 4
171.838 72.649 333.505 4 8 4 610 4
171.838 72.649 333.505 5 8 4 610 4
171.838 72.649 333.505 6 8 4 610 4
171.838 72.649 333.505 7 8 4 610 4
171.838 72.649 333.505 8 8 4 610 4
71.938 126.539 220.148 9 8 4 501 2
240.238 71.369 21.179 10 8 4 599 3
240.238 71.369 21.179 11 8 4 599 3
242.906 101.274 2.165 12 8 4 85 1
240.238 71.369 21.179 13 8 4 599 3
240.238 71.369 21.179 14 8 4 599 3
240.238 71.369 21.179 15 8 4 599 3
240.238 71.369 21.179 16 8 4 599 3
240.238 71.369 21.179 17 8 4 599 3
240.238 71.369 21.179 18 8 4 599 3
240.238 71.369 21.179 19 8 4 599 3
240.238 71.369 21.179 20 8 4 599 3
240.238 71.369 21.179 21 8 4 599 3
240.238 71.369 21.179 22 8 4 599 3
240.238 71.369 21.179 23 8 4 599 3
240.238 71.369 21.179 24 8 4 599 3
240.238 71.369 21.179 25 8 4 599 3
240.238 71.369 21.179 26 8 4 599 3
240.238 71.369 21.179 27 8 4 599 3
240.238 71.369 21.179 28 8 4 599 3
240.238 71.369 21.179 29 8 4 599 3
240.238 71.369 21.179 30 8 4 599 3
171.838 72.649 333.505 1 9 4 610 4
171.838 72.649 333.505 2 9 4 610 4
171.838 72.649 333.505 3 9 4 610 4
171.838 72.649 333.505 4 9 4 610 4
269.246 163.841 282.774 5 9 4 531 2
269.246 163.841 282.774 6 9 4 531 2
269.246 163.841 282.774 7 9 4 531 2
71.938 126.539 220.148 8 9 4 501 2
71.938 126.539 220.148 9 9 4 501 2
240.238 71.369 21.179 10 9 4 599 3
240.238 71.369 21.179 11 9 4 599 3
240.238 71.369 21.179 12 9 4 599 3
240.238 71.369 21.179 13 9 4 599 3
240.238 71.369 21.179 14 9 4 599 3
240.238 71.369 21.179 15 9 4 599 3
240.238 71.369 21.179 16 9 4 599 3
240.238 71.369 21.179 17 9 4 599 3
240.238 71.369 21.179 18 9 4 599 3
240.238 71.369 21.179 19 9 4 599 3
240.238 71.369 21.179 20 9 4 599 3
240.238 71.369 21.179 21 9 4 599 3
240.238 71.369 21.179 22 9 4 599 3
240.238 71.369 21.179 23 9 4 599 3
240.238 71.369 21.179 24 9 4 599 3
240.238 71.369 21.179 25 9 4 599 3
240.238 71.369 21.179 26 9 4 599 3
240.238 71.369 21.179 27 9 4 599 3
240.238 71.369 21.179 28 9 4 599 3
240.238 71.369 21.179 29 9 4 599 3
240.238 71.369 21.179 30 9 4 599 3
83.243 121.801 182.388 1 10 4 591 2
171.838 72.649 333.505 2 10 4 610 4
171.838 72.649 333.505 3 10 4 610 4
171.838 72.649 333.505 4 10 4 610 4
269.246 163.841 282.774 5 10 4 531 2
219.430 74.395 127.908 6 10 4 383 1
269.246 163.841 282.774 7 10 4 531 2
240.238 71.369 21.179 8 10 4 599 3
240.238 71.369 21.179 9 10 4 599 3
240.238 71.369 21.179 10 10 4 599 3
240.238 71.369 21.179 11 10 4 599 3
240.238 71.369 21.179 12 10 4 599 3
240.238 71.369 21.179 13 10 4 599 3
240.238 71.369 21.179 14 10 4 599 3
240.238 71.369 21.179 15 10 4 599 3
240.238 71.369 21.179 16 10 4 599 3
240.238 71.369 21.179 17 10 4 599 3
240.238 71.369 21.179 18 10 4 599 3
240.238 71.369 21.179 19 10 4 599 3
240.238 71.369 21.179 20 10 4 599 3
240.238 71.369 21.179 21 10 4 599 3
240.238 71.369 21.179 22 10 4 599 3
240.238 71.369 21.179 23 10 4 599 3
240.238 71.369 21.179 24 10 4 599 3
240.238 71.369 21.179 25 10 4 599 3
240.238 71.369 21.179 26 10 4 599 3
240.238 71.369 21.179 27 10 4 599 3
240.238 71.369 21.179 28 10 4 599 3
240.238 71.369 21.179 29 10 4 599 3
240.238 71.369 21.179 30 10 4 599 3
83.243 121.801 182.388 1 11 4 591 2
83.243 121.801 182.388 2 11 4 591 2
83.243 121.801 182.388 3 11 4 591 2
269.246 163.841 282.774 4 11 4 531 2
269.246 163.841 282.774 5 11 4 531 2
269.246 163.841 282.774 6 11 4 531 2
269.246 163.841 282.774 7 11 4 531 2
240.238 71.369 21.179 8 11 4 599 3
240.238 71.369 21.179 9 11 4 599 3
240.238 71.369 21.179 10 11 4 599 3
240.238 71.369 21.179 11 11 4 599 3
240.238 71.369 21.179 12 11 4 599 3
240.238 71.369 21.179 13 11 4 599 3
240.238 71.369 21.179 14 11 4 599 3
240.238 71.369 21.179 15 11 4 599 3
240.238 71.369 21.179 16 11 4 599 3
240.238 71.369 21.179 17 11 4 599 3
240.238 71.369 21.179 18 11 4 599 3
240.238 71.369 21.179 19 11 4 599 3
240.238 71.369 21.179 20 11 4 599 3
240.238 71.369 21.179 21 11 4 599 3
240.238 71.369 21.179 22 11 4 599 3
240.238 71.369 21.179 23 11 4 599 3
240.238 71.369 21.179 24 11 4 599 3
240.238 71.369 21.179 25 11 4 599 3
240.238 71.369 21.179 26 11 4 599 3
240.238 71.369 21.179 27 11 4 599 3
240.238 71.369 21.179 28 11 4 599 3
240.238 71.369 21.179 29 11 4 599 3
240.238 71.369 21.179 30 11 4 599 3
83.243 121.801 182.388 1 12 4 591 2
83.243 121.801 182.388 2 12 4 591 2
83.243 121.801 182.388 3 12 4 591 2
83.243 121.801 182.388 4 12 4 591 2
269.246 163.841 282.774 5 12 4 531 2
269.246 163.841 282.774 6 12 4 531 2
240.238 71.369 21.179 7 12 4 599 3
240.238 71.369 21.179 8 12 4 599 3
240.238 71.369 21.179 9 12 4 599 3
240.238 71.369 21.179 10 12 4 599 3
240.238 71.369 21.179 11 12 4 599 3
240.238 71.369 21.179 12 12 4 599 3
240.238 71.369 21.179 13 12 4 599 3
240.238 71.369 21.179 14 12 4 599 3
240.238 71.369 21.179 15 12 4 599 3
240.238 71.369 21.179 16 12 4 599 3
240.238 71.369 21.179 17 12 4 599 3
240.238 71.369 21.179 18 12 4 599 3
240.238 71.369 21.179 19 12 4 599 3
240.238 71.369 21.179 20 12 4 599 3
240.238 71.369 21.179 21 12 4 599 3
240.238 71.369 21.179 22 12 4 599 3
240.238 71.369 21.179 23 12 4 599 3
240.238 71.369 21.179 24 12 4 599 3
240.238 71.369 21.179 25 12 4 599 3
240.238 71.369 21.179 26 12 4 599 3
240.238 71.369 21.179 27 12 4 599 3
240.238 71.369 21.179 28 12 4 599 3
240.238 71.369 21.179 29 12 4 599 3
240.238 71.369 21.179 30 12 4 599 3
83.243 121.801 182.388 1 13 4 591 2
304.891 128.549 25.116 2 13 4 554 2
304.891 128.549 25.116 3 13 4 554 2
304.891 128.549 25.116 4 13 4 554 2
226.708 145.592 161.676 5 13 4 490 2
226.708 145.592 161.676 6 13 4 490 2
240.238 71.369 21.179 7 13 4 599 3
240.238 71.369 21.179 8 13 4 599 3
240.238 71.369 21.179 9 13 4 599 3
240.238 71.369 21.179 10 13 4 599 3
240.238 71.369 21.179 11 13 4 599 3
240.238 71.369 21.179 12 13 4 599 3
240.238 71.369 21.179 13 13 4 599 3
240.238 71.369 21.179 14 13 4 599 3
240.238 71.369 21.179 15 13 4 599 3
240.238 71.369 21.179 16 13 4 599 3
240.238 71.369 21.179 17 13 4 599 3
240.238 71.369 21.179 18 13 4 599 3
240.238 71.369 21.179 19 13 4 599 3
240.238 71.369 21.179 20 13 4 599 3
240.238 71.369 21.179 21 13 4 599 3
240.238 71.369 21.179 22 13 4 599 3
240.238 71.369 21.179 23 13 4 599 3
240.238 71.369 21.179 24 13 4 599 3
240.238 71.369 21.179 25 13 4 599 3
240.238 71.369 21.179 26 13 4 599 3
240.238 71.369 21.179 27 13 4 599 3
240.238 71.369 21.179 28 13 4 599 3
240.238 71.369 21.179 29 13 4 599 3
240.238 71.369 21.179 30 13 4 599 3
83.243 121.801 182.388 1 14 4 591 2
304.891 128.549 25.116 2 14 4 554 2
304.891 128.549 25.116 3 14 4 554 2
304.891 128.549 25.116 4 14 4 554 2
226.708 145.592 161.676 5 14 4 490 2
273.148 82.667 58.283 6 14 4 106 1
240.238 71.369 21.179 7 14 4 599 3
240.238 71.369 21.179 8 14 4 599 3
240.238 71.369 21.179 9 14 4 599 3
240.238 71.369 21.179 10 14 4 599 3
240.238 71.369 21.179 11 14 4 599 3
240.238 71.369 21.179 12 14 4 599 3
240.238 71.369 21.179 13 14 4 599 3
240.238 71.369 21.179 14 14 4 599 3
240.238 71.369 21.179 15 14 4 599 3
240.238 71.369 21.179 16 14 4 599 3
240.238 71.369 21.179 17 14 4 599 3
240.238 71.369 21.179 18 14 4 599 3
240.238 71.369 21.179 19 14 4 599 3
240.238 71.369 21.179 20 14 4 599 3
240.238 71.369 21.179 21 14 4 599 3
240.238 71.369 21.179 22 14 4 599 3
240.238 71.369 21.179 23 14 4 599 3
240.238 71.369 21.179 24 14 4 599 3
240.238 71.369 21.179 25 14 4 599 3
240.238 71.369 21.179 26 14 4 599 3
240.238 71.369 21.179 27 14 4 599 3
240.238 71.369 21.179 28 14 4 599 3
240.238 71.369 21.179 29 14 4 599 3
240.238 71.369 21.179 30 14 4 599 3
209.751 56.531 13.860 1 15 4 656 1
209.751 56.531 13.860 2 15 4 656 1
209.751 56.531 13.860 3 15 4 656 1
209.751 56.531 13.860 4 15 4 656 1
240.238 71.369 21.179 5 15 4 599 3
240.238 71.369 21.179 6 15 4 599 3
240.238 71.369 21.179 7 15 4 599 3
240.238 71.369 21.179 8 15 4 599 3
240.238 71.369 21.179 9 15 4 599 3
240.238 71.369 21.179 10 15 4 599 3
240.238 71.369 21.179 11 15 4 599 3
240.238 71.369 21.179 12 15 4 599 3
240.238 71.369 21.179 13 15 4 599 3
240.238 71.369 21.179 14 15 4 599 3
240.238 71.369 21.179 15 15 4 599 3
240.238 71.369 21.179 16 15 4 599 3
240.238 71.369 21.179 17 15 4 599 3
240.238 71.369 21.179 18 15 4 599 3
240.238 71.369 21.179 19 15 4 599 3
240.238 71.369 21.179 20 15 4 599 3
240.238 71.369 21.179 21 15 4 599 3
240.238 71.369 21.179 22 15 4 599 3
240.238 71.369 21.179 23 15 4 599 3
240.238 71.369 21.179 24 15 4 599 3
240.238 71.369 21.179 25 15 4 599 3
240.238 71.369 21.179 26 15 4 599 3
240.238 71.369 21.179 27 15 4 599 3
240.238 71.369 21.179 28 15 4 599 3
240.238 71.369 21.179 29 15 4 599 3
240.238 71.369 21.179 30 15 4 599 3
209.751 56.531 13.860 1 16 4 656 1
209.751 56.531 13.860 2 16 4 656 1
209.751 56.531 13.860 3 16 4 656 1
46.000 83.694 47.632 4 16 4 523 2
46.000 83.694 47.632 5 16 4 523 2
240.238 71.369 21.179 6 16 4 599 3
240.238 71.369 21.179 7 16 4 599 3
5.921 85.252 356.614 8 16 4 668 2
240.238 71.369 21.179 9 16 4 599 3
240.238 71.369 21.179 10 16 4 599 3
240.238 71.369 21.179 11 16 4 599 3
240.238 71.369 21.179 12 16 4 599 3
240.238 71.369 21.179 13 16 4 599 3
240.238 71.369 21.179 14 16 4 599 3
240.238 71.369 21.179 15 16 4 599 3
240.238 71.369 21.179 16 16 4 599 3
240.238 71.369 21.179 17 16 4 599 3
240.238 71.369 21.179 18 16 4 599 3
240.238 71.369 21.179 19 16 4 599 3
240.238 71.369 21.179 20 16 4 599 3
240.238 71.369 21.179 21 16 4 599 3
240.238 71.369 21.179 22 16 4 599 3
240.238 71.369 21.179 23 16 4 599 3
240.238 71.369 21.179 24 16 4 599 3
240.238 71.369 21.179 25 16 4 599 3
240.238 71.369 21.179 26 16 4 599 3
240.238 71.369 21.179 27 16 4 599 3
240.238 71.369 21.179 28 16 4 599 3
240.238 71.369 21.179 29 16 4 599 3
240.238 71.369 21.179 30 16 4 599 3
209.751 56.531 13.860 1 17 4 656 1
209.751 56.531 13.860 2 17 4 656 1
209.751 56.531 13.860 3 17 4 656 1
46.000 83.694 47.632 4 17 4 523 2
103.356 36.809 100.762 5 17 4 614 4
240.238 71.369 21.179 6 17 4 599 3
240.238 71.369 21.179 7 17 4 599 3
240.238 71.369 21.179 8 17 4 599 3
240.238 71.369 21.179 9 17 4 599 3
240.238 71.369 21.179 10 17 4 599 3
240.238 71.369 21.179 11 17 4 599 3
240.238 71.369 21.179 12 17 4 599 3
240.238 71.369 21.179 13 17 4 599 3
240.238 71.369 21.179 14 17 4 599 3
240.238 71.369 21.179 15 17 4 599 3
240.238 71.369 21.179 16 17 4 599 3
240.238 71.369 21.179 17 17 4 599 3
240.238 71.369 21.179 18 17 4 599 3
240.238 71.369 21.179 19 17 4 599 3
240.238 71.369 21.179 20 17 4 599 3
240.238 71.369 21.179 21 17 4 599 3
240.238 71.369 21.179 22 17 4 599 3
240.238 71.369 21.179 23 17 4 599 3
240.238 71.369 21.179 24 17 4 599 3
240.238 71.369 21.179 25 17 4 599 3
240.238 71.369 21.179 26 17 4 599 3
240.238 71.369 21.179 27 17 4 599 3
240.238 71.369 21.179 28 17 4 599 3
240.238 71.369 21.179 29 17 4 599 3
240.238 71.369 21.179 30 17 4 599 3
103.356 36.809 100.762 1 18 4 614 4
202.439 98.389 324.819 2 18 4 296 1
103.356 36.809 100.762 3 18 4 614 4
89.088 140.768 275.314 4 18 4 588 2
103.356 36.809 100.762 5 18 4 614 4
240.238 71.369 21.179 6 18 4 599 3
240.238 71.369 21.179 7 18 4 599 3
240.238 71.369 21.179 8 18 4 599 3
240.238 71.369 21.179 9 18 4 599 3
240.238 71.369 21.179 10 18 4 599 3
240.238 71.369 21.179 11 18 4 599 3
240.238 71.369 21.179 12 18 4 599 3
240.238 71.369 21.179 13 18 4 599 3
240.238 71.369 21.179 14 18 4 599 3
240.238 71.369 21.179 15 18 4 599 3
240.238 71.369 21.179 16 18 4 599 3
240.238 71.369 21.179 17 18 4 599 3
240.238 71.369 21.179 18 18 4 599 3
240.238 71.369 21.179 19 18 4 599 3
240.238 71.369 21.179 20 18 4 599 3
240.238 71.369 21.179 21 18 4 599 3
240.238 71.369 21.179 22 18 4 599 3
240.238 71.369 21.179 23 18 4 599 3
240.238 71.369 21.179 24 18 4 599 3
240.238 71.369 21.179 25 18 4 599 3
240.238 71.369 21.179 26 18 4 599 3
240.238 71.369 21.179 27 18 4 599 3
240.238 71.369 21.179 28 18 4 599 3
240.238 71.369 21.179 29 18 4 599 3
240.238 71.369 21.179 30 18 4 599 3
103.356 36.809 100.762 1 19 4 614 4
103.356 36.809 100.762 2 19 4 614 4
89.088 140.768 275.314 3 19 4 588 2
89.088 140.768 275.314 4 19 4 588 2
103.356 36.809 100.762 5 19 4 614 4
103.356 36.809 100.762 6 19 4 614 4
240.238 71.369 21.179 7 19 4 599 3
240.238 71.369 21.179 8 19 4 599 3
240.238 71.369 21.179 9 19 4 599 3
240.238 71.369 21.179 10 19 4 599 3
240.238 71.369 21.179 11 19 4 599 3
240.238 71.369 21.179 12 19 4 599 3
240.238 71.369 21.179 13 19 4 599 3
240.238 71.369 21.179 14 19 4 599 3
240.238 71.369 21.179 15 19 4 599 3
240.238 71.369 21.179 16 19 4 599 3
240.238 71.369 21.179 17 19 4 599 3
240.238 71.369 21.179 18 19 4 599 3
240.238 71.369 21.179 19 19 4 599 3
240.238 71.369 21.179 20 19 4 599 3
240.238 71.369 21.179 21 19 4 599 3
240.238 71.369 21.179 22 19 4 599 3
240.238 71.369 21.179 23 19 4 599 3
240.238 71.369 21.179 24 19 4 599 3
240.238 71.369 21.179 25 19 4 599 3
240.238 71.369 21.179 26 19 4 599 3
240.238 71.369 21.179 27 19 4 599 3
240.238 71.369 21.179 28 19 4 599 3
240.238 71.369 21.179 29 19 4 599 3
240.238 71.369 21.179 30 19 4 599 3
103.356 36.809 100.762 1 20 4 614 4
103.356 36.809 100.762 2 20 4 614 4
103.356 36.809 100.762 3 20 4 614 4
89.088 140.768 275.314 4 20 4 588 2
103.356 36.809 100.762 5 20 4 614 4
103.356 36.809 100.762 6 20 4 614 4
65.770 61.250 83.338 7 20 4 618 4
240.238 71.369 21.179 8 20 4 599 3
240.238 71.369 21.179 9 20 4 599 3
240.238 71.369 21.179 10 20 4 599 3
240.238 71.369 21.179 11 20 4 599 3
240.238 71.369 21.179 12 20 4 599 3
240.238 71.369 21.179 13 20 4 599 3
240.238 71.369 21.179 14 20 4 599 3
240.238 71.369 21.179 15 20 4 599 3
240.238 71.369 21.179 16 20 4 599 3
240.238 71.369 21.179 17 20 4 599 3
240.238 71.369 21.179 18 20 4 599 3
240.238 71.369 21.179 19 20 4 599 3
240.238 71.369 21.179 20 20 4 599 3
240.238 71.369 21.179 21 20 4 599 3
240.238 71.369 21.179 22 20 4 599 3
240.238 71.369 21.179 23 20 4 599 3
240.238 71.369 21.179 24 20 4 599 3
240.238 71.369 21.179 25 20 4 599 3
240.238 71.369 21.179 26 20 4 599 3
240.238 71.369 21.179 27 20 4 599 3
240.238 71.369 21.179 28 20 4 599 3
240.238 71.369 21.179 29 20 4 599 3
240.238 71.369 21.179 30 20 4 599 3
103.356 36.809 100.762 1 21 4 614 4
103.356 36.809 100.762 2 21 4 614 4
153.939 78.725 317.949 3 21 4 59 1
68.655 83.228 351.553 4 21 4 95 1
68.655 83.228 351.553 5 21 4 95 1
65.770 61.250 83.338 6 21 4 618 4
65.770 61.250 83.338 7 21 4 618 4
65.770 61.250 83.338 8 21 4 618 4
65.770 61.250 83.338 9 21 4 618 4
65.770 61.250 83.338 10 21 4 618 4
240.238 71.369 21.179 11 21 4 599 3
240.238 71.369 21.179 12 21 4 599 3
240.238 71.369 21.179 13 21 4 599 3
240.238 71.369 21.179 14 21 4 599 3
240.238 71.369 21.179 15 21 4 599 3
240.238 71.369 21.179 16 21 4 599 3
240.238 71.369 21.179 17 21 4 599 3
240.238 71.369 21.179 18 21 4 599 3
240.238 71.369 21.179 19 21 4 599 3
240.238 71.369 21.179 20 21 4 599 3
240.238 71.369 21.179 21 21 4 599 3
240.238 71.369 21.179 22 21 4 599 3
240.238 71.369 21.179 23 21 4 599 3
240.238 71.369 21.179 24 21 4 599 3
240.238 71.369 21.179 25 21 4 599 3
240.238 71.369 21.179 26 21 4 599 3
240.238 71.369 21.179 27 21 4 599 3
240.238 71.369 21.179 28 21 4 599 3
240.238 71.369 21.179 29 21 4 599 3
240.238 71.369 21.179 30 21 4 599 3
103.356 36.809 100.762 1 22 4 614 4
103.356 36.809 100.762 2 22 4 614 4
103.356 36.809 100.762 3 22 4 614 4
172.707 127.539 242.812 4 22 4 21 1
68.655 83.228 351.553 5 22 4 95 1
68.655 83.228 351.553 6 22 4 95 1
65.770 61.250 83.338 7 22 4 618 4
65.770 61.250 83.338 8 22 4 618 4
65.770 61.250 83.338 9 22 4 618 4
65.770 61.250 83.338 10 22 4 618 4
65.770 61.250 83.338 11 22 4 618 4
240.238 71.369 21.179 12 22 4 599 3
240.238 71.369 21.179 13 22 4 599 3
240.238 71.369 21.179 14 22 4 599 3
240.238 71.369 21.179 15 22 4 599 3
240.238 71.369 21.179 16 22 4 599 3
240.238 71.369 21.179 17 22 4 599 3
240.238 71.369 21.179 18 22 4 599 3
240.238 71.369 21.179 19 22 4 599 3
240.238 71.369 21.179 20 22 4 599 3
240.238 71.369 21.179 21 22 4 599 3
240.238 71.369 21.179 22 22 4 599 3
240.238 71.369 21.179 23 22 4 599 3
240.238 71.369 21.179 24 22 4 599 3
240.238 71.369 21.179 25 22 4 599 3
240.238 71.369 21.179 26 22 4 599 3
240.238 71.369 21.179 27 22 4 599 3
240.238 71.369 21.179 28 22 4 599 3
240.238 71.369 21.179 29 22 4 599 3
240.238 71.369 21.179 30 22 4 599 3
103.356 36.809 100.762 1 23 4 614 4
103.356 36.809 100.762 2 23 4 614 4
65.770 61.250 83.338 3 23 4 618 4
65.770 61.250 83.338 4 23 4 618 4
65.770 61.250 83.338 5 23 4 618 4
65.770 61.250 83.338 6 23 4 618 4
65.770 61.250 83.338 7 23 4 618 4
65.770 61.250 83.338 8 23 4 618 4
65.770 61.250 83.338 9 23 4 618 4
65.770 61.250 83.338 10 23 4 618 4
65.770 61.250 83.338 11 23 4 618 4
65.770 61.250 83.338 12 23 4 618 4
65.770 61.250 83.338 13 23 4 618 4
240.238 71.369 21.179 14 23 4 599 3
240.238 71.369 21.179 15 23 4 599 3
240.238 71.369 21.179 16 23 4 599 3
240.238 71.369 21.179 17 23 4 599 3
240.238 71.369 21.179 18 23 4 599 3
240.238 71.369 21.179 19 23 4 599 3
240.238 71.369 21.179 20 23 4 599 3
240.238 71.369 21.179 21 23 4 599 3
240.238 71.369 21.179 22 23 4 599 3
240.238 71.369 21.179 23 23 4 599 3
240.238 71.369 21.179 24 23 4 599 3
240.238 71.369 21.179 25 23 4 599 3
240.238 71.369 21.179 26 23 4 599 3
240.238 71.369 21.179 27 23 4 599 3
240.238 71.369 21.179 28 23 4 599 3
240.238 71.369 21.179 29 23 4 599 3
240.238 71.369 21.179 30 23 4 599 3
103.356 36.809 100.762 1 24 4 614 4
65.770 61.250 83.338 2 24 4 618 4
65.770 61.250 83.338 3 24 4 618 4
65.770 61.250 83.338 4 24 4 618 4
65.770 61.250 83.338 5 24 4 618 4
65.770 61.250 83.338 6 24 4 618 4
65.770 61.250 83.338 7 24 4 618 4
65.770 61.250 83.338 8 24 4 618 4
65.770 61.250 83.338 9 24 4 618 4
65.770 61.250 83.338 10 24 4 618 4
65.770 61.250 83.338 11 24 4 618 4
65.770 61.250 83.338 12 24 4 618 4
65.770 61.250 83.338 13 24 4 618 4
65.770 61.250 83.338 14 24 4 618 4
240.238 71.369 21.179 15 24 4 599 3
240.238 71.369 21.179 16 24 4 599 3
240.238 71.369 21.179 17 24 4 599 3
240.238 71.369 21.179 18 24 4 599 3
240.238 71.369 21.179 19 24 4 599 3
240.238 71.369 21.179 20 24 4 599 3
240.238 71.369 21.179 21 24 4 599 3
240.238 71.369 21.179 22 24 4 599 3
240.238 71.369 21.179 23 24 4 599 3
240.238 71.369 21.179 24 24 4 599 3
62.148 55.259 297.615 25 24 4 395 1
240.238 71.369 21.179 26 24 4 599 3
293.792 106.787 206.495 27 24 4 617 4
293.792 106.787 206.495 28 24 4 617 4
293.792 106.787 206.495 29 24 4 617 4
293.792 106.787 206.495 30 24 4 617 4
103.356 36.809 100.762 1 25 4 614 4
65.770 61.250 83.338 2 25 4 618 4
65.770 61.250 83.338 3 25 4 618 4
65.770 61.250 83.338 4 25 4 618 4
65.770 61.250 83.338 5 25 4 618 4
65.770 61.250 83.338 6 25 4 618 4
65.770 61.250 83.338 7 25 4 618 4
65.770 61.250 83.338 8 25 4 618 4
65.770 61.250 83.338 9 25 4 618 4
65.770 61.250 83.338 10 25 4 618 4
65.770 61.250 83.338 11 25 4 618 4
65.770 61.250 83.338 12 25 4 618 4
65.770 61.250 83.338 13 25 4 618 4
65.770 61.250 83.338 14 25 4 618 4
65.770 61.250 83.338 15 25 4 618 4
240.238 71.369 21.179 16 25 4 599 3
240.238 71.369 21.179 17 25 4 599 3
240.238 71.369 21.179 18 25 4 599 3
240.238 71.369 21.179 19 25 4 599 3
240.238 71.369 21.179 20 25 4 599 3
240.238 71.369 21.179 21 25 4 599 3
240.238 71.369 21.179 22 25 4 599 3
240.238 71.369 21.179 23 25 4 599 3
240.238 71.369 21.179 24 25 4 599 3
293.792 106.787 206.495 25 25 4 617 4
293.792 106.787 206.495 26 25 4 617 4
293.792 106.787 206.495 27 25 4 617 4
293.792 106.787 206.495 28 25 4 617 4
293.792 106.787 206.495 29 25 4 617 4
293.792 106.787 206.495 30 25 4 617 4
65.770 61.250 83.338 1 26 4 618 4
65.770 61.250 83.338 2 26 4 618 4
65.770 61.250 83.338 3 26 4 618 4
65.770 61.250 83.338 4 26 4 618 4
65.770 61.250 83.338 5 26 4 618 4
65.770 61.250 83.338 6 26 4 618 4
65.770 61.250 83.338 7 26 4 618 4
65.770 61.250 83.338 8 26 4 618 4
65.770 61.250 83.338 9 26 4 618 4
65.770 61.250 83.338 10 26 4 618 4
65.770 61.250 83.338 11 26 4 618 4
65.770 61.250 83.338 12 26 4 618 4
65.770 61.250 83.338 13 26 4 618 4
65.770 61.250 83.338 14 26 4 618 4
65.770 61.250 83.338 15 26 4 618 4
65.770 61.250 83.338 16 26 4 618 4
240.238 71.369 21.179 17 26 4 599 3
240.238 71.369 21.179 18 26 4 599 3
240.238 71.369 21.179 19 26 4 599 3
240.238 71.369 21.179 20 26 4 599 3
85.667 122.260 226.974 21 26 4 202 1
240.238 71.369 21.179 22 26 4 599 3
64.999 60.058 190.235 23 26 4 99 1
293.792 106.787 206.495 24 26 4 617 4
293.792 106.787 206.495 25 26 4 617 4
14.211 127.318 282.085 26 26 4 137 1
293.792 106.787 206.495 27 26 4 617 4
293.792 106.787 206.495 28 26 4 617 4
293.792 106.787 206.495 29 26 4 617 4
293.792 106.787 206.495 30 26 4 617 4
65.770 61.250 83.338 1 27 4 618 4
65.770 61.250 83.338 2 27 4 618 4
65.770 61.250 83.338 3 27 4 618 4
65.770 61.250 83.338 4 27 4 618 4
65.770 61.250 83.338 5 27 4 618 4
65.770 61.250 83.338 6 27 4 618 4
65.770 61.250 83.338 7 27 4 618 4
65.770 61.250 83.338 8 27 4 618 4
65.770 61.250 83.338 9 27 4 618 4
65.770 61.250 83.338 10 27 4 618 4
65.770 61.250 83.338 11 27 4 618 4
65.770 61.250 83.338 12 27 4 618 4
65.770 61.250 83.338 13 27 4 618 4
65.770 61.250 83.338 14 27 4 618 4
65.770 61.250 83.338 15 27 4 618 4
65.770 61.250 83.338 16 27 4 618 4
240.238 71.369 21.179 17 27 4 599 3
140.715 96.261 310.071 18 27 4 448 1
140.715 96.261 310.071 19 27 4 448 1
77.618 111.330 96.793 20 27 4 158 1
85.667 122.260 226.974 21 27 4 202 1
137.427 168.493 320.326 22 27 4 274 1
137.427 168.493 320.326 23 27 4 274 1
293.792 106.787 206.495 24 27 4 617 4
293.792 106.787 206.495 25 27 4 617 4
293.792 106.787 206.495 26 27 4 617 4
293.792 106.787 206.495 27 27 4 617 4
293.792 106.787 206.495 28 27 4 617 4
293.792 106.787 206.495 29 27 4 617 4
293.792 106.787 206.495 30 27 4 617 4
65.770 61.250 83.338 1 28 4 618 4
65.770 61.250 83.338 2 28 4 618 4
65.770 61.250 83.338 3 28 4 618 4
65.770 61.250 83.338 4 28 4 618 4
65.770 61.250 83.338 5 28 4 618 4
228.276 110.639 101.129 6 28 4 104 1
65.770 61.250 83.338 7 28 4 618 4
65.770 61.250 83.338 8 28 4 618 4
65.770 61.250 83.338 9 28 4 618 4
65.770 61.250 83.338 10 28 4 618 4
65.770 61.250 83.338 11 28 4 618 4
65.770 61.250 83.338 12 28 4 618 4
65.770 61.250 83.338 13 28 4 618 4
65.770 61.250 83.338 14 28 4 618 4
65.770 61.250 83.338 15 28 4 618 4
65.770 61.250 83.338 16 28 4 618 4
263.819 41.146 292.711 17 28 4 323 1
140.715 96.261 310.071 18 28 4 448 1
140.715 96.261 310.071 19 28 4 448 1
77.618 111.330 96.793 20 28 4 158 1
137.427 168.493 320.326 21 28 4 274 1
137.427 168.493 320.326 22 28 4 274 1
137.427 168.493 320.326 23 28 4 274 1
137.427 168.493 320.326 24 28 4 274 1
32.004 128.627 42.291 25 28 4 515 2
89.599 116.532 111.787 26 28 4 191 1
293.792 106.787 206.495 27 28 4 617 4
293.792 106.787 206.495 28 28 4 617 4
293.792 106.787 206.495 29 28 4 617 4
293.792 106.787 206.495 30 28 4 617 4
65.770 61.250 83.338 1 29 4 618 4
118.865 71.100 185.907 2 29 4 454 1
65.770 61.250 83.338 3 29 4 618 4
311.654 70.965 177.459 4 29 4 305 1
65.770 61.250 83.338 5 29 4 618 4
65.770 61.250 83.338 6 29 4 618 4
65.770 61.250 83.338 7 29 4 618 4
65.770 61.250 83.338 8 29 4 618 4
65.770 61.250 83.338 9 29 4 618 4
65.770 61.250 83.338 10 29 4 618 4
65.770 61.250 83.338 11 29 4 618 4
65.770 61.250 83.338 12 29 4 618 4
65.770 61.250 83.338 13 29 4 618 4
65.770 61.250 83.338 14 29 4 618 4
65.770 61.250 83.338 15 29 4 618 4
235.604 17.142 150.248 16 29 4 319 1
263.819 41.146 292.711 17 29 4 323 1
140.715 96.261 310.071 18 29 4 448 1
71.228 48.576 28.514 19 29 4 628 1
71.228 48.576 28.514 20 29 4 628 1
137.427 168.493 320.326 21 29 4 274 1
137.427 168.493 320.326 22 29 4 274 1
137.427 168.493 320.326 23 29 4 274 1
137.427 168.493 320.326 24 29 4 274 1
293.792 106.787 206.495 25 29 4 617 4
293.792 106.787 206.495 26 29 4 617 4
293.792 106.787 206.495 27 29 4 617 4
293.792 106.787 206.495 28 29 4 617 4
293.792 106.787 206.495 29 29 4 617 4
293.792 106.787 206.495 30 29 4 617 4
65.770 61.250 83.338 1 30 4 618 4
3.008 81.939 283.404 2 30 4 447 1
65.770 61.250 83.338 3 30 4 618 4
222.596 57.085 315.526 4 30 4 216 1
65.770 61.250 83.338 5 30 4 618 4
43.473 99.263 147.512 6 30 4 263 1
65.770 61.250 83.338 7 30 4 618 4
65.770 61.250 83.338 8 30 4 618 4
65.770 61.250 83.338 9 30 4 618 4
65.770 61.250 83.338 10 30 4 618 4
65.770 61.250 83.338 11 30 4 618 4
226.224 69.906 302.002 12 30 4 276 1
65.770 61.250 83.338 13 30 4 618 4
340.384 49.189 208.020 14 30 4 153 1
65.770 61.250 83.338 15 30 4 618 4
235.604 17.142 150.248 16 30 4 319 1
263.819 41.146 292.711 17 30 4 323 1
263.819 41.146 292.711 18 30 4 323 1
71.228 48.576 28.514 19 30 4 628 1
71.228 48.576 28.514 20 30 4 628 1
137.427 168.493 320.326 21 30 4 274 1
137.427 168.493 320.326 22 30 4 274 1
137.427 168.493 320.326 23 30 4 274 1
293.792 106.787 206.495 24 30 4 617 4
293.792 106.787 206.495 25 30 4 617 4
61.453 69.237 86.910 26 30 4 337 1
293.792 106.787 206.495 27 30 4 617 4
293.792 106.787 206.495 28 30 4 617 4
293.792 106.787 206.495 29 30 4 617 4
293.792 106.787 206.495 30 30 4 617 4
