169.168 113.403 289.277 1 1 19 683 4
169.168 113.403 289.277 2 1 19 683 4
169.168 113.403 289.277 3 1 19 683 4
169.168 113.403 289.277 4 1 19 683 4
169.168 113.403 289.277 5 1 19 683 4
169.168 113.403 289.277 6 1 19 683 4
169.168 113.403 289.277 7 1 19 683 4
260.646 129.414 357.132 8 1 19 536 2
260.646 129.414 357.132 9 1 19 536 2
260.646 129.414 357.132 10 1 19 536 2
260.646 129.414 357.132 11 1 19 536 2
260.646 129.414 357.132 12 1 19 536 2
87.050 80.864 90.285 13 1 19 112 1
59.291 53.470 125.946 14 1 19 568 2
122.206 158.470 347.363 15 1 19 601 4
122.206 158.470 347.363 16 1 19 601 4
122.206 158.470 347.363 17 1 19 601 4
122.206 158.470 347.363 18 1 19 601 4
11.898 135.995 241.679 19 1 19 613 4
11.898 135.995 241.679 20 1 19 613 4
190.269 81.492 273.494 21 1 19 220 1
190.269 81.492 273.494 22 1 19 220 1
190.269 81.492 273.494 23 1 19 220 1
190.269 81.492 273.494 24 1 19 220 1
190.269 81.492 273.494 25 1 19 220 1
262.629 82.860 266.683 26 1 19 474 1
262.629 82.860 266.683 27 1 19 474 1
262.629 82.860 266.683 28 1 19 474 1
262.629 82.860 266.683 29 1 19 474 1
19.754 30.859 243.155 30 1 19 366 1
169.168 113.403 289.277 1 2 19 683 4
169.168 113.403 289.277 2 2 19 683 4
169.168 113.403 289.277 3 2 19 683 4
169.168 113.403 289.277 4 2 19 683 4
169.168 113.403 289.277 5 2 19 683 4
169.168 113.403 289.277 6 2 19 683 4
169.168 113.403 289.277 7 2 19 683 4
169.168 113.403 289.277 8 2 19 683 4
260.646 129.414 357.132 9 2 19 536 2
260.646 129.414 357.132 10 2 19 536 2
260.646 129.414 357.132 11 2 19 536 2
260.646 129.414 357.132 12 2 19 536 2
87.050 80.864 90.285 13 2 19 112 1
59.291 53.470 125.946 14 2 19 568 2
122.206 158.470 347.363 15 2 19 601 4
122.206 158.470 347.363 16 2 19 601 4
122.206 158.470 347.363 17 2 19 601 4
122.206 158.470 347.363 18 2 19 601 4
11.898 135.995 241.679 19 2 19 613 4
11.898 135.995 241.679 20 2 19 613 4
11.898 135.995 241.679 21 2 19 613 4
152.087 34.567 215.997 22 2 19 597 3
190.269 81.492 273.494 23 2 19 220 1
152.087 34.567 215.997 24 2 19 597 3
190.269 81.492 273.494 25 2 19 220 1
262.629 82.860 266.683 26 2 19 474 1
262.629 82.860 266.683 27 2 19 474 1
262.629 82.860 266.683 28 2 19 474 1
262.629 82.860 266.683 29 2 19 474 1
19.754 30.859 243.155 30 2 19 366 1
169.168 113.403 289.277 1 3 19 683 4
169.168 113.403 289.277 2 3 19 683 4
169.168 113.403 289.277 3 3 19 683 4
169.168 113.403 289.277 4 3 19 683 4
169.168 113.403 289.277 5 3 19 683 4
307.719 126.372 79.791 6 3 19 393 1
169.168 113.403 289.277 7 3 19 683 4
169.168 113.403 289.277 8 3 19 683 4
260.646 129.414 357.132 9 3 19 536 2
260.646 129.414 357.132 10 3 19 536 2
260.646 129.414 357.132 11 3 19 536 2
260.646 129.414 357.132 12 3 19 536 2
87.050 80.864 90.285 13 3 19 112 1
87.050 80.864 90.285 14 3 19 112 1
122.206 158.470 347.363 15 3 19 601 4
122.206 158.470 347.363 16 3 19 601 4
122.206 158.470 347.363 17 3 19 601 4
122.206 158.470 347.363 18 3 19 601 4
11.898 135.995 241.679 19 3 19 613 4
11.898 135.995 241.679 20 3 19 613 4
11.898 135.995 241.679 21 3 19 613 4
11.898 135.995 241.679 22 3 19 613 4
152.087 34.567 215.997 23 3 19 597 3
152.087 34.567 215.997 24 3 19 597 3
152.087 34.567 215.997 25 3 19 597 3
152.087 34.567 215.997 26 3 19 597 3
262.629 82.860 266.683 27 3 19 474 1
262.629 82.860 266.683 28 3 19 474 1
262.629 82.860 266.683 29 3 19 474 1
19.754 30.859 243.155 30 3 19 366 1
169.168 113.403 289.277 1 4 19 683 4
169.168 113.403 289.277 2 4 19 683 4
169.168 113.403 289.277 3 4 19 683 4
169.168 113.403 289.277 4 4 19 683 4
169.168 113.403 289.277 5 4 19 683 4
169.168 113.403 289.277 6 4 19 683 4
169.168 113.403 289.277 7 4 19 683 4
169.168 113.403 289.277 8 4 19 683 4
169.168 113.403 289.277 9 4 19 683 4
260.646 129.414 357.132 10 4 19 536 2
260.646 129.414 357.132 11 4 19 536 2
260.646 129.414 357.132 12 4 19 536 2
118.953 56.624 48.667 13 4 19 538 2
336.726 138.290 213.871 14 4 19 621 4
122.206 158.470 347.363 15 4 19 601 4
122.206 158.470 347.363 16 4 19 601 4
122.206 158.470 347.363 17 4 19 601 4
122.206 158.470 347.363 18 4 19 601 4
11.898 135.995 241.679 19 4 19 613 4
11.898 135.995 241.679 20 4 19 613 4
11.898 135.995 241.679 21 4 19 613 4
152.087 34.567 215.997 22 4 19 597 3
152.087 34.567 215.997 23 4 19 597 3
152.087 34.567 215.997 24 4 19 597 3
152.087 34.567 215.997 25 4 19 597 3
152.087 34.567 215.997 26 4 19 597 3
152.087 34.567 215.997 27 4 19 597 3
262.629 82.860 266.683 28 4 19 474 1
262.629 82.860 266.683 29 4 19 474 1
19.754 30.859 243.155 30 4 19 366 1
169.168 113.403 289.277 1 5 19 683 4
169.168 113.403 289.277 2 5 19 683 4
169.168 113.403 289.277 3 5 19 683 4
169.168 113.403 289.277 4 5 19 683 4
169.168 113.403 289.277 5 5 19 683 4
169.168 113.403 289.277 6 5 19 683 4
169.168 113.403 289.277 7 5 19 683 4
169.168 113.403 289.277 8 5 19 683 4
169.168 113.403 289.277 9 5 19 683 4
336.726 138.290 213.871 10 5 19 621 4
336.726 138.290 213.871 11 5 19 621 4
336.726 138.290 213.871 12 5 19 621 4
336.726 138.290 213.871 13 5 19 621 4
336.726 138.290 213.871 14 5 19 621 4
336.726 138.290 213.871 15 5 19 621 4
336.726 138.290 213.871 16 5 19 621 4
336.726 138.290 213.871 17 5 19 621 4
336.726 138.290 213.871 18 5 19 621 4
11.898 135.995 241.679 19 5 19 613 4
11.898 135.995 241.679 20 5 19 613 4
11.898 135.995 241.679 21 5 19 613 4
70.219 113.748 106.324 22 5 19 513 2
152.087 34.567 215.997 23 5 19 597 3
152.087 34.567 215.997 24 5 19 597 3
152.087 34.567 215.997 25 5 19 597 3
152.087 34.567 215.997 26 5 19 597 3
152.087 34.567 215.997 27 5 19 597 3
152.087 34.567 215.997 28 5 19 597 3
152.087 34.567 215.997 29 5 19 597 3
152.087 34.567 215.997 30 5 19 597 3
169.168 113.403 289.277 1 6 19 683 4
169.168 113.403 289.277 2 6 19 683 4
169.168 113.403 289.277 3 6 19 683 4
169.168 113.403 289.277 4 6 19 683 4
169.168 113.403 289.277 5 6 19 683 4
169.168 113.403 289.277 6 6 19 683 4
169.168 113.403 289.277 7 6 19 683 4
169.168 113.403 289.277 8 6 19 683 4
336.726 138.290 213.871 9 6 19 621 4
336.726 138.290 213.871 10 6 19 621 4
336.726 138.290 213.871 11 6 19 621 4
336.726 138.290 213.871 12 6 19 621 4
336.726 138.290 213.871 13 6 19 621 4
336.726 138.290 213.871 14 6 19 621 4
336.726 138.290 213.871 15 6 19 621 4
336.726 138.290 213.871 16 6 19 621 4
336.726 138.290 213.871 17 6 19 621 4
336.726 138.290 213.871 18 6 19 621 4
70.219 113.748 106.324 19 6 19 513 2
85.896 112.159 159.277 20 6 19 269 1
70.219 113.748 106.324 21 6 19 513 2
286.543 70.214 312.590 22 6 19 261 1
152.087 34.567 215.997 23 6 19 597 3
152.087 34.567 215.997 24 6 19 597 3
152.087 34.567 215.997 25 6 19 597 3
152.087 34.567 215.997 26 6 19 597 3
152.087 34.567 215.997 27 6 19 597 3
152.087 34.567 215.997 28 6 19 597 3
152.087 34.567 215.997 29 6 19 597 3
152.087 34.567 215.997 30 6 19 597 3
169.168 113.403 289.277 1 7 19 683 4
169.168 113.403 289.277 2 7 19 683 4
169.168 113.403 289.277 3 7 19 683 4
169.168 113.403 289.277 4 7 19 683 4
169.168 113.403 289.277 5 7 19 683 4
169.168 113.403 289.277 6 7 19 683 4
169.168 113.403 289.277 7 7 19 683 4
336.726 138.290 213.871 8 7 19 621 4
336.726 138.290 213.871 9 7 19 621 4
336.726 138.290 213.871 10 7 19 621 4
336.726 138.290 213.871 11 7 19 621 4
336.726 138.290 213.871 12 7 19 621 4
336.726 138.290 213.871 13 7 19 621 4
336.726 138.290 213.871 14 7 19 621 4
336.726 138.290 213.871 15 7 19 621 4
336.726 138.290 213.871 16 7 19 621 4
336.726 138.290 213.871 17 7 19 621 4
336.726 138.290 213.871 18 7 19 621 4
70.219 113.748 106.324 19 7 19 513 2
70.219 113.748 106.324 20 7 19 513 2
70.219 113.748 106.324 21 7 19 513 2
70.219 113.748 106.324 22 7 19 513 2
14.085 139.127 219.553 23 7 19 587 2
152.087 34.567 215.997 24 7 19 597 3
152.087 34.567 215.997 25 7 19 597 3
152.087 34.567 215.997 26 7 19 597 3
152.087 34.567 215.997 27 7 19 597 3
152.087 34.567 215.997 28 7 19 597 3
152.087 34.567 215.997 29 7 19 597 3
152.087 34.567 215.997 30 7 19 597 3
169.168 113.403 289.277 1 8 19 683 4
169.168 113.403 289.277 2 8 19 683 4
169.168 113.403 289.277 3 8 19 683 4
169.168 113.403 289.277 4 8 19 683 4
169.168 113.403 289.277 5 8 19 683 4
188.008 59.528 58.686 6 8 19 391 1
336.726 138.290 213.871 7 8 19 621 4
336.726 138.290 213.871 8 8 19 621 4
336.726 138.290 213.871 9 8 19 621 4
336.726 138.290 213.871 10 8 19 621 4
336.726 138.290 213.871 11 8 19 621 4
336.726 138.290 213.871 12 8 19 621 4
336.726 138.290 213.871 13 8 19 621 4
336.726 138.290 213.871 14 8 19 621 4
336.726 138.290 213.871 15 8 19 621 4
336.726 138.290 213.871 16 8 19 621 4
336.726 138.290 213.871 17 8 19 621 4
336.726 138.290 213.871 18 8 19 621 4
70.219 113.748 106.324 19 8 19 513 2
145.326 44.269 71.271 20 8 19 370 1
70.219 113.748 106.324 21 8 19 513 2
92.426 102.862 302.898 22 8 19 580 2
14.085 139.127 219.553 23 8 19 587 2
14.085 139.127 219.553 24 8 19 587 2
199.238 89.564 184.969 25 8 19 123 1
327.600 58.183 177.162 26 8 19 204 1
327.600 58.183 177.162 27 8 19 204 1
152.087 34.567 215.997 28 8 19 597 3
152.087 34.567 215.997 29 8 19 597 3
152.087 34.567 215.997 30 8 19 597 3
146.874 149.391 184.045 1 9 19 612 4
146.874 149.391 184.045 2 9 19 612 4
146.874 149.391 184.045 3 9 19 612 4
146.874 149.391 184.045 4 9 19 612 4
146.874 149.391 184.045 5 9 19 612 4
188.008 59.528 58.686 6 9 19 391 1
336.726 138.290 213.871 7 9 19 621 4
336.726 138.290 213.871 8 9 19 621 4
336.726 138.290 213.871 9 9 19 621 4
336.726 138.290 213.871 10 9 19 621 4
336.726 138.290 213.871 11 9 19 621 4
336.726 138.290 213.871 12 9 19 621 4
336.726 138.290 213.871 13 9 19 621 4
336.726 138.290 213.871 14 9 19 621 4
336.726 138.290 213.871 15 9 19 621 4
336.726 138.290 213.871 16 9 19 621 4
336.726 138.290 213.871 17 9 19 621 4
355.975 19.486 188.350 18 9 19 324 1
355.975 19.486 188.350 19 9 19 324 1
138.740 139.727 115.650 20 9 19 657 1
92.426 102.862 302.898 21 9 19 580 2
92.426 102.862 302.898 22 9 19 580 2
14.085 139.127 219.553 23 9 19 587 2
14.085 139.127 219.553 24 9 19 587 2
14.085 139.127 219.553 25 9 19 587 2
327.600 58.183 177.162 26 9 19 204 1
327.600 58.183 177.162 27 9 19 204 1
129.012 107.981 73.981 28 9 19 149 1
129.012 107.981 73.981 29 9 19 149 1
152.087 34.567 215.997 30 9 19 597 3
146.874 149.391 184.045 1 10 19 612 4
146.874 149.391 184.045 2 10 19 612 4
146.874 149.391 184.045 3 10 19 612 4
146.874 149.391 184.045 4 10 19 612 4
146.874 149.391 184.045 5 10 19 612 4
146.874 149.391 184.045 6 10 19 612 4
336.726 138.290 213.871 7 10 19 621 4
336.726 138.290 213.871 8 10 19 621 4
336.726 138.290 213.871 9 10 19 621 4
336.726 138.290 213.871 10 10 19 621 4
336.726 138.290 213.871 11 10 19 621 4
336.726 138.290 213.871 12 10 19 621 4
336.726 138.290 213.871 13 10 19 621 4
336.726 138.290 213.871 14 10 19 621 4
336.726 138.290 213.871 15 10 19 621 4
336.726 138.290 213.871 16 10 19 621 4
336.726 138.290 213.871 17 10 19 621 4
336.726 138.290 213.871 18 10 19 621 4
336.726 138.290 213.871 19 10 19 621 4
240.238 71.369 21.179 20 10 19 599 3
92.426 102.862 302.898 21 10 19 580 2
92.426 102.862 302.898 22 10 19 580 2
240.238 71.369 21.179 23 10 19 599 3
240.238 71.369 21.179 24 10 19 599 3
240.238 71.369 21.179 25 10 19 599 3
240.238 71.369 21.179 26 10 19 599 3
129.012 107.981 73.981 27 10 19 149 1
129.012 107.981 73.981 28 10 19 149 1
240.238 71.369 21.179 29 10 19 599 3
280.387 93.504 354.251 30 10 19 582 2
146.874 149.391 184.045 1 11 19 612 4
146.874 149.391 184.045 2 11 19 612 4
146.874 149.391 184.045 3 11 19 612 4
146.874 149.391 184.045 4 11 19 612 4
146.874 149.391 184.045 5 11 19 612 4
146.874 149.391 184.045 6 11 19 612 4
336.726 138.290 213.871 7 11 19 621 4
336.726 138.290 213.871 8 11 19 621 4
336.726 138.290 213.871 9 11 19 621 4
336.726 138.290 213.871 10 11 19 621 4
336.726 138.290 213.871 11 11 19 621 4
336.726 138.290 213.871 12 11 19 621 4
336.726 138.290 213.871 13 11 19 621 4
336.726 138.290 213.871 14 11 19 621 4
336.726 138.290 213.871 15 11 19 621 4
336.726 138.290 213.871 16 11 19 621 4
336.726 138.290 213.871 17 11 19 621 4
286.416 134.906 135.037 18 11 19 590 2
240.238 71.369 21.179 19 11 19 599 3
240.238 71.369 21.179 20 11 19 599 3
240.238 71.369 21.179 21 11 19 599 3
240.238 71.369 21.179 22 11 19 599 3
240.238 71.369 21.179 23 11 19 599 3
240.238 71.369 21.179 24 11 19 599 3
240.238 71.369 21.179 25 11 19 599 3
240.238 71.369 21.179 26 11 19 599 3
240.238 71.369 21.179 27 11 19 599 3
240.238 71.369 21.179 28 11 19 599 3
240.238 71.369 21.179 29 11 19 599 3
240.238 71.369 21.179 30 11 19 599 3
146.874 149.391 184.045 1 12 19 612 4
146.874 149.391 184.045 2 12 19 612 4
146.874 149.391 184.045 3 12 19 612 4
146.874 149.391 184.045 4 12 19 612 4
146.874 149.391 184.045 5 12 19 612 4
146.874 149.391 184.045 6 12 19 612 4
146.874 149.391 184.045 7 12 19 612 4
336.726 138.290 213.871 8 12 19 621 4
336.726 138.290 213.871 9 12 19 621 4
336.726 138.290 213.871 10 12 19 621 4
336.726 138.290 213.871 11 12 19 621 4
336.726 138.290 213.871 12 12 19 621 4
336.726 138.290 213.871 13 12 19 621 4
336.726 138.290 213.871 14 12 19 621 4
336.726 138.290 213.871 15 12 19 621 4
57.285 159.389 73.715 16 12 19 273 1
240.238 71.369 21.179 17 12 19 599 3
240.238 71.369 21.179 18 12 19 599 3
240.238 71.369 21.179 19 12 19 599 3
240.238 71.369 21.179 20 12 19 599 3
240.238 71.369 21.179 21 12 19 599 3
240.238 71.369 21.179 22 12 19 599 3
240.238 71.369 21.179 23 12 19 599 3
240.238 71.369 21.179 24 12 19 599 3
240.238 71.369 21.179 25 12 19 599 3
240.238 71.369 21.179 26 12 19 599 3
240.238 71.369 21.179 27 12 19 599 3
240.238 71.369 21.179 28 12 19 599 3
240.238 71.369 21.179 29 12 19 599 3
240.238 71.369 21.179 30 12 19 599 3
146.874 149.391 184.045 1 13 19 612 4
146.874 149.391 184.045 2 13 19 612 4
146.874 149.391 184.045 3 13 19 612 4
146.874 149.391 184.045 4 13 19 612 4
146.874 149.391 184.045 5 13 19 612 4
146.874 149.391 184.045 6 13 19 612 4
146.874 149.391 184.045 7 13 19 612 4
336.726 138.290 213.871 8 13 19 621 4
336.726 138.290 213.871 9 13 19 621 4
336.726 138.290 213.871 10 13 19 621 4
336.726 138.290 213.871 11 13 19 621 4
336.726 138.290 213.871 12 13 19 621 4
336.726 138.290 213.871 13 13 19 621 4
336.726 138.290 213.871 14 13 19 621 4
240.238 71.369 21.179 15 13 19 599 3
240.238 71.369 21.179 16 13 19 599 3
240.238 71.369 21.179 17 13 19 599 3
240.238 71.369 21.179 18 13 19 599 3
240.238 71.369 21.179 19 13 19 599 3
240.238 71.369 21.179 20 13 19 599 3
240.238 71.369 21.179 21 13 19 599 3
240.238 71.369 21.179 22 13 19 599 3
240.238 71.369 21.179 23 13 19 599 3
240.238 71.369 21.179 24 13 19 599 3
240.238 71.369 21.179 25 13 19 599 3
240.238 71.369 21.179 26 13 19 599 3
240.238 71.369 21.179 27 13 19 599 3
240.238 71.369 21.179 28 13 19 599 3
240.238 71.369 21.179 29 13 19 599 3
240.238 71.369 21.179 30 13 19 599 3
146.874 149.391 184.045 1 14 19 612 4
146.874 149.391 184.045 2 14 19 612 4
146.874 149.391 184.045 3 14 19 612 4
146.874 149.391 184.045 4 14 19 612 4
146.874 149.391 184.045 5 14 19 612 4
146.874 149.391 184.045 6 14 19 612 4
146.874 149.391 184.045 7 14 19 612 4
146.874 149.391 184.045 8 14 19 612 4
336.726 138.290 213.871 9 14 19 621 4
336.726 138.290 213.871 10 14 19 621 4
336.726 138.290 213.871 11 14 19 621 4
336.726 138.290 213.871 12 14 19 621 4
240.238 71.369 21.179 13 14 19 599 3
240.238 71.369 21.179 14 14 19 599 3
240.238 71.369 21.179 15 14 19 599 3
240.238 71.369 21.179 16 14 19 599 3
240.238 71.369 21.179 17 14 19 599 3
240.238 71.369 21.179 18 14 19 599 3
240.238 71.369 21.179 19 14 19 599 3
240.238 71.369 21.179 20 14 19 599 3
240.238 71.369 21.179 21 14 19 599 3
240.238 71.369 21.179 22 14 19 599 3
240.238 71.369 21.179 23 14 19 599 3
240.238 71.369 21.179 24 14 19 599 3
240.238 71.369 21.179 25 14 19 599 3
240.238 71.369 21.179 26 14 19 599 3
240.238 71.369 21.179 27 14 19 599 3
240.238 71.369 21.179 28 14 19 599 3
240.238 71.369 21.179 29 14 19 599 3
240.238 71.369 21.179 30 14 19 599 3
146.874 149.391 184.045 1 15 19 612 4
146.874 149.391 184.045 2 15 19 612 4
146.874 149.391 184.045 3 15 19 612 4
146.874 149.391 184.045 4 15 19 612 4
146.874 149.391 184.045 5 15 19 612 4
146.874 149.391 184.045 6 15 19 612 4
146.874 149.391 184.045 7 15 19 612 4
146.874 149.391 184.045 8 15 19 612 4
146.874 149.391 184.045 9 15 19 612 4
336.726 138.290 213.871 10 15 19 621 4
336.726 138.290 213.871 11 15 19 621 4
240.238 71.369 21.179 12 15 19 599 3
240.238 71.369 21.179 13 15 19 599 3
240.238 71.369 21.179 14 15 19 599 3
240.238 71.369 21.179 15 15 19 599 3
240.238 71.369 21.179 16 15 19 599 3
240.238 71.369 21.179 17 15 19 599 3
240.238 71.369 21.179 18 15 19 599 3
240.238 71.369 21.179 19 15 19 599 3
240.238 71.369 21.179 20 15 19 599 3
240.238 71.369 21.179 21 15 19 599 3
240.238 71.369 21.179 22 15 19 599 3
240.238 71.369 21.179 23 15 19 599 3
240.238 71.369 21.179 24 15 19 599 3
240.238 71.369 21.179 25 15 19 599 3
240.238 71.369 21.179 26 15 19 599 3
240.238 71.369 21.179 27 15 19 599 3
240.238 71.369 21.179 28 15 19 599 3
240.238 71.369 21.179 29 15 19 599 3
240.238 71.369 21.179 30 15 19 599 3
146.874 149.391 184.045 1 16 19 612 4
146.874 149.391 184.045 2 16 19 612 4
146.874 149.391 184.045 3 16 19 612 4
146.874 149.391 184.045 4 16 19 612 4
146.874 149.391 184.045 5 16 19 612 4
146.874 149.391 184.045 6 16 19 612 4
146.874 149.391 184.045 7 16 19 612 4
146.874 149.391 184.045 8 16 19 612 4
146.874 149.391 184.045 9 16 19 612 4
243.897 35.773 227.205 10 16 19 494 2
97.144 93.107 0.503 11 16 19 483 2
97.144 93.107 0.503 12 16 19 483 2
240.238 71.369 21.179 13 16 19 599 3
240.238 71.369 21.179 14 16 19 599 3
240.238 71.369 21.179 15 16 19 599 3
240.238 71.369 21.179 16 16 19 599 3
240.238 71.369 21.179 17 16 19 599 3
240.238 71.369 21.179 18 16 19 599 3
240.238 71.369 21.179 19 16 19 599 3
240.238 71.369 21.179 20 16 19 599 3
240.238 71.369 21.179 21 16 19 599 3
240.238 71.369 21.179 22 16 19 599 3
240.238 71.369 21.179 23 16 19 599 3
240.238 71.369 21.179 24 16 19 599 3
240.238 71.369 21.179 25 16 19 599 3
240.238 71.369 21.179 26 16 19 599 3
240.238 71.369 21.179 27 16 19 599 3
240.238 71.369 21.179 28 16 19 599 3
240.238 71.369 21.179 29 16 19 599 3
240.238 71.369 21.179 30 16 19 599 3
146.874 149.391 184.045 1 17 19 612 4
146.874 149.391 184.045 2 17 19 612 4
146.874 149.391 184.045 3 17 19 612 4
146.874 149.391 184.045 4 17 19 612 4
146.874 149.391 184.045 5 17 19 612 4
146.874 149.391 184.045 6 17 19 612 4
146.874 149.391 184.045 7 17 19 612 4
146.874 149.391 184.045 8 17 19 612 4
243.897 35.773 227.205 9 17 19 494 2
243.897 35.773 227.205 10 17 19 494 2
97.144 93.107 0.503 11 17 19 483 2
97.144 93.107 0.503 12 17 19 483 2
240.238 71.369 21.179 13 17 19 599 3
240.238 71.369 21.179 14 17 19 599 3
240.238 71.369 21.179 15 17 19 599 3
240.238 71.369 21.179 16 17 19 599 3
240.238 71.369 21.179 17 17 19 599 3
240.238 71.369 21.179 18 17 19 599 3
240.238 71.369 21.179 19 17 19 599 3
240.238 71.369 21.179 20 17 19 599 3
240.238 71.369 21.179 21 17 19 599 3
240.238 71.369 21.179 22 17 19 599 3
240.238 71.369 21.179 23 17 19 599 3
240.238 71.369 21.179 24 17 19 599 3
240.238 71.369 21.179 25 17 19 599 3
240.238 71.369 21.179 26 17 19 599 3
240.238 71.369 21.179 27 17 19 599 3
240.238 71.369 21.179 28 17 19 599 3
240.238 71.369 21.179 29 17 19 599 3
240.238 71.369 21.179 30 17 19 599 3
146.874 149.391 184.045 1 18 19 612 4
146.874 149.391 184.045 2 18 19 612 4
146.874 149.391 184.045 3 18 19 612 4
146.874 149.391 184.045 4 18 19 612 4
146.874 149.391 184.045 5 18 19 612 4
146.874 149.391 184.045 6 18 19 612 4
146.874 149.391 184.045 7 18 19 612 4
146.874 149.391 184.045 8 18 19 612 4
243.897 35.773 227.205 9 18 19 494 2
243.897 35.773 227.205 10 18 19 494 2
97.144 93.107 0.503 11 18 19 483 2
97.144 93.107 0.503 12 18 19 483 2
240.238 71.369 21.179 13 18 19 599 3
240.238 71.369 21.179 14 18 19 599 3
240.238 71.369 21.179 15 18 19 599 3
240.238 71.369 21.179 16 18 19 599 3
240.238 71.369 21.179 17 18 19 599 3
240.238 71.369 21.179 18 18 19 599 3
240.238 71.369 21.179 19 18 19 599 3
240.238 71.369 21.179 20 18 19 599 3
240.238 71.369 21.179 21 18 19 599 3
240.238 71.369 21.179 22 18 19 599 3
240.238 71.369 21.179 23 18 19 599 3
240.238 71.369 21.179 24 18 19 599 3
240.238 71.369 21.179 25 18 19 599 3
240.238 71.369 21.179 26 18 19 599 3
240.238 71.369 21.179 27 18 19 599 3
240.238 71.369 21.179 28 18 19 599 3
240.238 71.369 21.179 29 18 19 599 3
240.238 71.369 21.179 30 18 19 599 3
146.874 149.391 184.045 1 19 19 612 4
146.874 149.391 184.045 2 19 19 612 4
146.874 149.391 184.045 3 19 19 612 4
146.874 149.391 184.045 4 19 19 612 4
146.874 149.391 184.045 5 19 19 612 4
146.874 149.391 184.045 6 19 19 612 4
141.156 47.781 80.029 7 19 19 248 1
141.156 47.781 80.029 8 19 19 248 1
285.185 105.908 200.146 9 19 19 521 2
240.238 71.369 21.179 10 19 19 599 3
97.144 93.107 0.503 11 19 19 483 2
97.144 93.107 0.503 12 19 19 483 2
240.238 71.369 21.179 13 19 19 599 3
240.238 71.369 21.179 14 19 19 599 3
240.238 71.369 21.179 15 19 19 599 3
240.238 71.369 21.179 16 19 19 599 3
240.238 71.369 21.179 17 19 19 599 3
240.238 71.369 21.179 18 19 19 599 3
240.238 71.369 21.179 19 19 19 599 3
240.238 71.369 21.179 20 19 19 599 3
240.238 71.369 21.179 21 19 19 599 3
240.238 71.369 21.179 22 19 19 599 3
240.238 71.369 21.179 23 19 19 599 3
240.238 71.369 21.179 24 19 19 599 3
240.238 71.369 21.179 25 19 19 599 3
240.238 71.369 21.179 26 19 19 599 3
240.238 71.369 21.179 27 19 19 599 3
240.238 71.369 21.179 28 19 19 599 3
240.238 71.369 21.179 29 19 19 599 3
240.238 71.369 21.179 30 19 19 599 3
146.874 149.391 184.045 1 20 19 612 4
146.874 149.391 184.045 2 20 19 612 4
146.874 149.391 184.045 3 20 19 612 4
146.874 149.391 184.045 4 20 19 612 4
146.874 149.391 184.045 5 20 19 612 4
146.874 149.391 184.045 6 20 19 612 4
136.174 163.178 1.167 7 20 19 84 1
141.156 47.781 80.029 8 20 19 248 1
70.829 111.443 23.545 9 20 19 372 1
240.238 71.369 21.179 10 20 19 599 3
240.238 71.369 21.179 11 20 19 599 3
240.238 71.369 21.179 12 20 19 599 3
240.238 71.369 21.179 13 20 19 599 3
240.238 71.369 21.179 14 20 19 599 3
240.238 71.369 21.179 15 20 19 599 3
240.238 71.369 21.179 16 20 19 599 3
240.238 71.369 21.179 17 20 19 599 3
240.238 71.369 21.179 18 20 19 599 3
240.238 71.369 21.179 19 20 19 599 3
240.238 71.369 21.179 20 20 19 599 3
240.238 71.369 21.179 21 20 19 599 3
240.238 71.369 21.179 22 20 19 599 3
240.238 71.369 21.179 23 20 19 599 3
240.238 71.369 21.179 24 20 19 599 3
240.238 71.369 21.179 25 20 19 599 3
240.238 71.369 21.179 26 20 19 599 3
240.238 71.369 21.179 27 20 19 599 3
240.238 71.369 21.179 28 20 19 599 3
240.238 71.369 21.179 29 20 19 599 3
240.238 71.369 21.179 30 20 19 599 3
146.874 149.391 184.045 1 21 19 612 4
146.874 149.391 184.045 2 21 19 612 4
146.874 149.391 184.045 3 21 19 612 4
146.874 149.391 184.045 4 21 19 612 4
63.652 23.425 208.416 5 21 19 604 4
63.652 23.425 208.416 6 21 19 604 4
63.652 23.425 208.416 7 21 19 604 4
141.156 47.781 80.029 8 21 19 248 1
70.829 111.443 23.545 9 21 19 372 1
162.501 87.637 80.448 10 21 19 320 1
240.238 71.369 21.179 11 21 19 599 3
240.238 71.369 21.179 12 21 19 599 3
240.238 71.369 21.179 13 21 19 599 3
240.238 71.369 21.179 14 21 19 599 3
240.238 71.369 21.179 15 21 19 599 3
240.238 71.369 21.179 16 21 19 599 3
240.238 71.369 21.179 17 21 19 599 3
240.238 71.369 21.179 18 21 19 599 3
240.238 71.369 21.179 19 21 19 599 3
240.238 71.369 21.179 20 21 19 599 3
240.238 71.369 21.179 21 21 19 599 3
240.238 71.369 21.179 22 21 19 599 3
240.238 71.369 21.179 23 21 19 599 3
240.238 71.369 21.179 24 21 19 599 3
240.238 71.369 21.179 25 21 19 599 3
240.238 71.369 21.179 26 21 19 599 3
240.238 71.369 21.179 27 21 19 599 3
240.238 71.369 21.179 28 21 19 599 3
240.238 71.369 21.179 29 21 19 599 3
240.238 71.369 21.179 30 21 19 599 3
146.874 149.391 184.045 1 22 19 612 4
63.652 23.425 208.416 2 22 19 604 4
63.652 23.425 208.416 3 22 19 604 4
63.652 23.425 208.416 4 22 19 604 4
63.652 23.425 208.416 5 22 19 604 4
63.652 23.425 208.416 6 22 19 604 4
63.652 23.425 208.416 7 22 19 604 4
63.652 23.425 208.416 8 22 19 604 4
63.652 23.425 208.416 9 22 19 604 4
162.501 87.637 80.448 10 22 19 320 1
240.238 71.369 21.179 11 22 19 599 3
240.238 71.369 21.179 12 22 19 599 3
240.238 71.369 21.179 13 22 19 599 3
240.238 71.369 21.179 14 22 19 599 3
240.238 71.369 21.179 15 22 19 599 3
240.238 71.369 21.179 16 22 19 599 3
240.238 71.369 21.179 17 22 19 599 3
240.238 71.369 21.179 18 22 19 599 3
240.238 71.369 21.179 19 22 19 599 3
240.238 71.369 21.179 20 22 19 599 3
240.238 71.369 21.179 21 22 19 599 3
240.238 71.369 21.179 22 22 19 599 3
240.238 71.369 21.179 23 22 19 599 3
240.238 71.369 21.179 24 22 19 599 3
240.238 71.369 21.179 25 22 19 599 3
240.238 71.369 21.179 26 22 19 599 3
240.238 71.369 21.179 27 22 19 599 3
240.238 71.369 21.179 28 22 19 599 3
240.238 71.369 21.179 29 22 19 599 3
240.238 71.369 21.179 30 22 19 599 3
63.652 23.425 208.416 1 23 19 604 4
63.652 23.425 208.416 2 23 19 604 4
63.652 23.425 208.416 3 23 19 604 4
63.652 23.425 208.416 4 23 19 604 4
63.652 23.425 208.416 5 23 19 604 4
63.652 23.425 208.416 6 23 19 604 4
63.652 23.425 208.416 7 23 19 604 4
63.652 23.425 208.416 8 23 19 604 4
63.652 23.425 208.416 9 23 19 604 4
63.652 23.425 208.416 10 23 19 604 4
63.652 23.425 208.416 11 23 19 604 4
240.238 71.369 21.179 12 23 19 599 3
240.238 71.369 21.179 13 23 19 599 3
240.238 71.369 21.179 14 23 19 599 3
240.238 71.369 21.179 15 23 19 599 3
240.238 71.369 21.179 16 23 19 599 3
240.238 71.369 21.179 17 23 19 599 3
240.238 71.369 21.179 18 23 19 599 3
240.238 71.369 21.179 19 23 19 599 3
240.238 71.369 21.179 20 23 19 599 3
240.238 71.369 21.179 21 23 19 599 3
240.238 71.369 21.179 22 23 19 599 3
240.238 71.369 21.179 23 23 19 599 3
240.238 71.369 21.179 24 23 19 599 3
240.238 71.369 21.179 25 23 19 599 3
240.238 71.369 21.179 26 23 19 599 3
240.238 71.369 21.179 27 23 19 599 3
240.238 71.369 21.179 28 23 19 599 3
240.238 71.369 21.179 29 23 19 599 3
240.238 71.369 21.179 30 23 19 599 3
63.652 23.425 208.416 1 24 19 604 4
63.652 23.425 208.416 2 24 19 604 4
63.652 23.425 208.416 3 24 19 604 4
63.652 23.425 208.416 4 24 19 604 4
63.652 23.425 208.416 5 24 19 604 4
63.652 23.425 208.416 6 24 19 604 4
63.652 23.425 208.416 7 24 19 604 4
63.652 23.425 208.416 8 24 19 604 4
63.652 23.425 208.416 9 24 19 604 4
63.652 23.425 208.416 10 24 19 604 4
63.652 23.425 208.416 11 24 19 604 4
63.652 23.425 208.416 12 24 19 604 4
240.238 71.369 21.179 13 24 19 599 3
240.238 71.369 21.179 14 24 19 599 3
240.238 71.369 21.179 15 24 19 599 3
240.238 71.369 21.179 16 24 19 599 3
240.238 71.369 21.179 17 24 19 599 3
240.238 71.369 21.179 18 24 19 599 3
240.238 71.369 21.179 19 24 19 599 3
240.238 71.369 21.179 20 24 19 599 3
240.238 71.369 21.179 21 24 19 599 3
240.238 71.369 21.179 22 24 19 599 3
240.238 71.369 21.179 23 24 19 599 3
240.238 71.369 21.179 24 24 19 599 3
240.238 71.369 21.179 25 24 19 599 3
240.238 71.369 21.179 26 24 19 599 3
240.238 71.369 21.179 27 24 19 599 3
240.238 71.369 21.179 28 24 19 599 3
240.238 71.369 21.179 29 24 19 599 3
240.238 71.369 21.179 30 24 19 599 3
63.652 23.425 208.416 1 25 19 604 4
63.652 23.425 208.416 2 25 19 604 4
63.652 23.425 208.416 3 25 19 604 4
63.652 23.425 208.416 4 25 19 604 4
63.652 23.425 208.416 5 25 19 604 4
63.652 23.425 208.416 6 25 19 604 4
63.652 23.425 208.416 7 25 19 604 4
63.652 23.425 208.416 8 25 19 604 4
63.652 23.425 208.416 9 25 19 604 4
63.652 23.425 208.416 10 25 19 604 4
63.652 23.425 208.416 11 25 19 604 4
63.652 23.425 208.416 12 25 19 604 4
63.652 23.425 208.416 13 25 19 604 4
240.238 71.369 21.179 14 25 19 599 3
240.238 71.369 21.179 15 25 19 599 3
240.238 71.369 21.179 16 25 19 599 3
240.238 71.369 21.179 17 25 19 599 3
240.238 71.369 21.179 18 25 19 599 3
240.238 71.369 21.179 19 25 19 599 3
240.238 71.369 21.179 20 25 19 599 3
240.238 71.369 21.179 21 25 19 599 3
240.238 71.369 21.179 22 25 19 599 3
240.238 71.369 21.179 23 25 19 599 3
240.238 71.369 21.179 24 25 19 599 3
240.238 71.369 21.179 25 25 19 599 3
240.238 71.369 21.179 26 25 19 599 3
240.238 71.369 21.179 27 25 19 599 3
240.238 71.369 21.179 28 25 19 599 3
240.238 71.369 21.179 29 25 19 599 3
240.238 71.369 21.179 30 25 19 599 3
63.652 23.425 208.416 1 26 19 604 4
63.652 23.425 208.416 2 26 19 604 4
63.652 23.425 208.416 3 26 19 604 4
63.652 23.425 208.416 4 26 19 604 4
63.652 23.425 208.416 5 26 19 604 4
63.652 23.425 208.416 6 26 19 604 4
63.652 23.425 208.416 7 26 19 604 4
63.652 23.425 208.416 8 26 19 604 4
63.652 23.425 208.416 9 26 19 604 4
63.652 23.425 208.416 10 26 19 604 4
63.652 23.425 208.416 11 26 19 604 4
143.611 113.591 308.855 12 26 19 238 1
63.652 23.425 208.416 13 26 19 604 4
240.238 71.369 21.179 14 26 19 599 3
240.238 71.369 21.179 15 26 19 599 3
111.778 129.143 36.818 16 26 19 682 4
111.778 129.143 36.818 17 26 19 682 4
240.238 71.369 21.179 18 26 19 599 3
240.238 71.369 21.179 19 26 19 599 3
240.238 71.369 21.179 20 26 19 599 3
240.238 71.369 21.179 21 26 19 599 3
240.238 71.369 21.179 22 26 19 599 3
240.238 71.369 21.179 23 26 19 599 3
240.238 71.369 21.179 24 26 19 599 3
240.238 71.369 21.179 25 26 19 599 3
240.238 71.369 21.179 26 26 19 599 3
240.238 71.369 21.179 27 26 19 599 3
240.238 71.369 21.179 28 26 19 599 3
240.238 71.369 21.179 29 26 19 599 3
240.238 71.369 21.179 30 26 19 599 3
63.652 23.425 208.416 1 27 19 604 4
63.652 23.425 208.416 2 27 19 604 4
63.652 23.425 208.416 3 27 19 604 4
63.652 23.425 208.416 4 27 19 604 4
63.652 23.425 208.416 5 27 19 604 4
63.652 23.425 208.416 6 27 19 604 4
63.652 23.425 208.416 7 27 19 604 4
63.652 23.425 208.416 8 27 19 604 4
63.652 23.425 208.416 9 27 19 604 4
63.652 23.425 208.416 10 27 19 604 4
63.652 23.425 208.416 11 27 19 604 4
63.652 23.425 208.416 12 27 19 604 4
63.652 23.425 208.416 13 27 19 604 4
63.652 23.425 208.416 14 27 19 604 4
111.778 129.143 36.818 15 27 19 682 4
111.778 129.143 36.818 16 27 19 682 4
111.778 129.143 36.818 17 27 19 682 4
240.238 71.369 21.179 18 27 19 599 3
240.238 71.369 21.179 19 27 19 599 3
240.238 71.369 21.179 20 27 19 599 3
240.238 71.369 21.179 21 27 19 599 3
240.238 71.369 21.179 22 27 19 599 3
240.238 71.369 21.179 23 27 19 599 3
240.238 71.369 21.179 24 27 19 599 3
240.238 71.369 21.179 25 27 19 599 3
240.238 71.369 21.179 26 27 19 599 3
240.238 71.369 21.179 27 27 19 599 3
240.238 71.369 21.179 28 27 19 599 3
240.238 71.369 21.179 29 27 19 599 3
240.238 71.369 21.179 30 27 19 599 3
63.652 23.425 208.416 1 28 19 604 4
63.652 23.425 208.416 2 28 19 604 4
63.652 23.425 208.416 3 28 19 604 4
63.652 23.425 208.416 4 28 19 604 4
63.652 23.425 208.416 5 28 19 604 4
63.652 23.425 208.416 6 28 19 604 4
63.652 23.425 208.416 7 28 19 604 4
63.652 23.425 208.416 8 28 19 604 4
63.652 23.425 208.416 9 28 19 604 4
63.652 23.425 208.416 10 28 19 604 4
63.652 23.425 208.416 11 28 19 604 4
63.652 23.425 208.416 12 28 19 604 4
63.652 23.425 208.416 13 28 19 604 4
331.896 47.124 191.038 14 28 19 401 1
331.896 47.124 191.038 15 28 19 401 1
111.778 129.143 36.818 16 28 19 682 4
111.778 129.143 36.818 17 28 19 682 4
240.238 71.369 21.179 18 28 19 599 3
240.238 71.369 21.179 19 28 19 599 3
240.238 71.369 21.179 20 28 19 599 3
240.238 71.369 21.179 21 28 19 599 3
240.238 71.369 21.179 22 28 19 599 3
240.238 71.369 21.179 23 28 19 599 3
240.238 71.369 21.179 24 28 19 599 3
240.238 71.369 21.179 25 28 19 599 3
219.204 124.369 311.069 26 28 19 615 4
219.204 124.369 311.069 27 28 19 615 4
46.594 65.222 56.221 28 28 19 658 1
46.594 65.222 56.221 29 28 19 658 1
219.204 124.369 311.069 30 28 19 615 4
63.652 23.425 208.416 1 29 19 604 4
63.652 23.425 208.416 2 29 19 604 4
63.652 23.425 208.416 3 29 19 604 4
63.652 23.425 208.416 4 29 19 604 4
63.652 23.425 208.416 5 29 19 604 4
63.652 23.425 208.416 6 29 19 604 4
63.652 23.425 208.416 7 29 19 604 4
63.652 23.425 208.416 8 29 19 604 4
63.652 23.425 208.416 9 29 19 604 4
63.652 23.425 208.416 10 29 19 604 4
63.652 23.425 208.416 11 29 19 604 4
63.652 23.425 208.416 12 29 19 604 4
63.652 23.425 208.416 13 29 19 604 4
331.896 47.124 191.038 14 29 19 401 1
283.313 56.048 206.064 15 29 19 29 1
111.778 129.143 36.818 16 29 19 682 4
111.778 129.143 36.818 17 29 19 682 4
319.375 91.000 286.557 18 29 19 666 2
319.375 91.000 286.557 19 29 19 666 2
319.375 91.000 286.557 20 29 19 666 2
240.238 71.369 21.179 21 29 19 599 3
240.238 71.369 21.179 22 29 19 599 3
294.996 94.393 248.594 23 29 19 173 1
294.996 94.393 248.594 24 29 19 173 1
219.204 124.369 311.069 25 29 19 615 4
219.204 124.369 311.069 26 29 19 615 4
219.204 124.369 311.069 27 29 19 615 4
219.204 124.369 311.069 28 29 19 615 4
219.204 124.369 311.069 29 29 19 615 4
219.204 124.369 311.069 30 29 19 615 4
63.652 23.425 208.416 1 30 19 604 4
63.652 23.425 208.416 2 30 19 604 4
63.652 23.425 208.416 3 30 19 604 4
63.652 23.425 208.416 4 30 19 604 4
63.652 23.425 208.416 5 30 19 604 4
63.652 23.425 208.416 6 30 19 604 4
63.652 23.425 208.416 7 30 19 604 4
63.652 23.425 208.416 8 30 19 604 4
63.652 23.425 208.416 9 30 19 604 4
63.652 23.425 208.416 10 30 19 604 4
63.652 23.425 208.416 11 30 19 604 4
63.652 23.425 208.416 12 30 19 604 4
63.652 23.425 208.416 13 30 19 604 4
283.313 56.048 206.064 14 30 19 29 1
283.313 56.048 206.064 15 30 19 29 1
57.880 48.657 152.868 16 30 19 328 1
283.313 56.048 206.064 17 30 19 29 1
319.375 91.000 286.557 18 30 19 666 2
319.375 91.000 286.557 19 30 19 666 2
319.375 91.000 286.557 20 30 19 666 2
319.375 91.000 286.557 21 30 19 666 2
49.442 150.046 320.277 22 30 19 511 2
294.996 94.393 248.594 23 30 19 173 1
51.553 64.020 37.694 24 30 19 503 2
51.553 64.020 37.694 25 30 19 503 2
51.553 64.020 37.694 26 30 19 503 2
51.553 64.020 37.694 27 30 19 503 2
51.553 64.020 37.694 28 30 19 503 2
51.553 64.020 37.694 29 30 19 503 2
248.110 62.608 70.477 30 30 19 145 1
