84.790 58.645 138.391 1 1 11 544 2
156.361 122.157 0.389 2 1 11 303 1
171.838 72.649 333.505 3 1 11 610 4
171.838 72.649 333.505 4 1 11 610 4
171.838 72.649 333.505 5 1 11 610 4
171.838 72.649 333.505 6 1 11 610 4
171.838 72.649 333.505 7 1 11 610 4
171.838 72.649 333.505 8 1 11 610 4
171.838 72.649 333.505 9 1 11 610 4
225.627 19.340 289.109 10 1 11 192 1
184.426 66.728 289.221 11 1 11 516 2
20.233 90.663 195.216 12 1 11 527 2
20.233 90.663 195.216 13 1 11 527 2
20.233 90.663 195.216 14 1 11 527 2
20.233 90.663 195.216 15 1 11 527 2
20.233 90.663 195.216 16 1 11 527 2
13.917 77.882 150.541 17 1 11 585 2
24.257 110.349 344.264 18 1 11 622 1
24.257 110.349 344.264 19 1 11 622 1
186.833 31.154 250.013 20 1 11 569 2
152.087 34.567 215.997 21 1 11 597 3
152.087 34.567 215.997 22 1 11 597 3
152.087 34.567 215.997 23 1 11 597 3
152.087 34.567 215.997 24 1 11 597 3
152.087 34.567 215.997 25 1 11 597 3
152.087 34.567 215.997 26 1 11 597 3
152.087 34.567 215.997 27 1 11 597 3
152.087 34.567 215.997 28 1 11 597 3
152.087 34.567 215.997 29 1 11 597 3
152.087 34.567 215.997 30 1 11 597 3
156.361 122.157 0.389 1 2 11 303 1
156.361 122.157 0.389 2 2 11 303 1
171.838 72.649 333.505 3 2 11 610 4
115.839 77.786 260.007 4 2 11 431 1
283.943 70.606 123.944 5 2 11 488 2
171.838 72.649 333.505 6 2 11 610 4
171.838 72.649 333.505 7 2 11 610 4
171.838 72.649 333.505 8 2 11 610 4
171.838 72.649 333.505 9 2 11 610 4
225.627 19.340 289.109 10 2 11 192 1
184.426 66.728 289.221 11 2 11 516 2
184.426 66.728 289.221 12 2 11 516 2
20.233 90.663 195.216 13 2 11 527 2
20.233 90.663 195.216 14 2 11 527 2
20.233 90.663 195.216 15 2 11 527 2
20.233 90.663 195.216 16 2 11 527 2
20.233 90.663 195.216 17 2 11 527 2
84.982 64.180 17.519 18 2 11 71 1
186.833 31.154 250.013 19 2 11 569 2
186.833 31.154 250.013 20 2 11 569 2
186.833 31.154 250.013 21 2 11 569 2
83.552 54.607 264.520 22 2 11 221 1
83.552 54.607 264.520 23 2 11 221 1
152.087 34.567 215.997 24 2 11 597 3
152.087 34.567 215.997 25 2 11 597 3
152.087 34.567 215.997 26 2 11 597 3
152.087 34.567 215.997 27 2 11 597 3
152.087 34.567 215.997 28 2 11 597 3
152.087 34.567 215.997 29 2 11 597 3
152.087 34.567 215.997 30 2 11 597 3
171.838 72.649 333.505 1 3 11 610 4
171.838 72.649 333.505 2 3 11 610 4
171.838 72.649 333.505 3 3 11 610 4
115.839 77.786 260.007 4 3 11 431 1
171.838 72.649 333.505 5 3 11 610 4
171.838 72.649 333.505 6 3 11 610 4
171.838 72.649 333.505 7 3 11 610 4
171.838 72.649 333.505 8 3 11 610 4
171.838 72.649 333.505 9 3 11 610 4
219.770 90.945 136.565 10 3 11 329 1
184.426 66.728 289.221 11 3 11 516 2
184.426 66.728 289.221 12 3 11 516 2
20.233 90.663 195.216 13 3 11 527 2
20.233 90.663 195.216 14 3 11 527 2
20.233 90.663 195.216 15 3 11 527 2
20.233 90.663 195.216 16 3 11 527 2
20.233 90.663 195.216 17 3 11 527 2
13.917 77.882 150.541 18 3 11 585 2
186.833 31.154 250.013 19 3 11 569 2
186.833 31.154 250.013 20 3 11 569 2
186.833 31.154 250.013 21 3 11 569 2
83.552 54.607 264.520 22 3 11 221 1
83.552 54.607 264.520 23 3 11 221 1
152.087 34.567 215.997 24 3 11 597 3
152.087 34.567 215.997 25 3 11 597 3
152.087 34.567 215.997 26 3 11 597 3
152.087 34.567 215.997 27 3 11 597 3
152.087 34.567 215.997 28 3 11 597 3
152.087 34.567 215.997 29 3 11 597 3
152.087 34.567 215.997 30 3 11 597 3
146.501 11.748 10.705 1 4 11 414 1
146.501 11.748 10.705 2 4 11 414 1
171.838 72.649 333.505 3 4 11 610 4
171.838 72.649 333.505 4 4 11 610 4
171.838 72.649 333.505 5 4 11 610 4
171.838 72.649 333.505 6 4 11 610 4
171.838 72.649 333.505 7 4 11 610 4
171.838 72.649 333.505 8 4 11 610 4
219.770 90.945 136.565 9 4 11 329 1
219.770 90.945 136.565 10 4 11 329 1
219.770 90.945 136.565 11 4 11 329 1
336.726 138.290 213.871 12 4 11 621 4
336.726 138.290 213.871 13 4 11 621 4
336.726 138.290 213.871 14 4 11 621 4
336.726 138.290 213.871 15 4 11 621 4
336.726 138.290 213.871 16 4 11 621 4
336.726 138.290 213.871 17 4 11 621 4
336.726 138.290 213.871 18 4 11 621 4
186.833 31.154 250.013 19 4 11 569 2
186.833 31.154 250.013 20 4 11 569 2
186.833 31.154 250.013 21 4 11 569 2
186.833 31.154 250.013 22 4 11 569 2
83.552 54.607 264.520 23 4 11 221 1
152.087 34.567 215.997 24 4 11 597 3
152.087 34.567 215.997 25 4 11 597 3
152.087 34.567 215.997 26 4 11 597 3
152.087 34.567 215.997 27 4 11 597 3
152.087 34.567 215.997 28 4 11 597 3
152.087 34.567 215.997 29 4 11 597 3
152.087 34.567 215.997 30 4 11 597 3
171.838 72.649 333.505 1 5 11 610 4
171.838 72.649 333.505 2 5 11 610 4
171.838 72.649 333.505 3 5 11 610 4
171.838 72.649 333.505 4 5 11 610 4
171.838 72.649 333.505 5 5 11 610 4
171.838 72.649 333.505 6 5 11 610 4
171.838 72.649 333.505 7 5 11 610 4
171.838 72.649 333.505 8 5 11 610 4
264.430 65.646 191.535 9 5 11 673 2
264.430 65.646 191.535 10 5 11 673 2
336.726 138.290 213.871 11 5 11 621 4
336.726 138.290 213.871 12 5 11 621 4
336.726 138.290 213.871 13 5 11 621 4
336.726 138.290 213.871 14 5 11 621 4
336.726 138.290 213.871 15 5 11 621 4
336.726 138.290 213.871 16 5 11 621 4
336.726 138.290 213.871 17 5 11 621 4
336.726 138.290 213.871 18 5 11 621 4
186.833 31.154 250.013 19 5 11 569 2
186.833 31.154 250.013 20 5 11 569 2
186.833 31.154 250.013 21 5 11 569 2
186.833 31.154 250.013 22 5 11 569 2
83.552 54.607 264.520 23 5 11 221 1
152.087 34.567 215.997 24 5 11 597 3
152.087 34.567 215.997 25 5 11 597 3
152.087 34.567 215.997 26 5 11 597 3
152.087 34.567 215.997 27 5 11 597 3
152.087 34.567 215.997 28 5 11 597 3
152.087 34.567 215.997 29 5 11 597 3
152.087 34.567 215.997 30 5 11 597 3
171.838 72.649 333.505 1 6 11 610 4
171.838 72.649 333.505 2 6 11 610 4
171.838 72.649 333.505 3 6 11 610 4
171.838 72.649 333.505 4 6 11 610 4
171.838 72.649 333.505 5 6 11 610 4
171.838 72.649 333.505 6 6 11 610 4
171.838 72.649 333.505 7 6 11 610 4
264.430 65.646 191.535 8 6 11 673 2
264.430 65.646 191.535 9 6 11 673 2
264.430 65.646 191.535 10 6 11 673 2
242.379 147.899 281.716 11 6 11 171 1
336.726 138.290 213.871 12 6 11 621 4
336.726 138.290 213.871 13 6 11 621 4
336.726 138.290 213.871 14 6 11 621 4
336.726 138.290 213.871 15 6 11 621 4
336.726 138.290 213.871 16 6 11 621 4
336.726 138.290 213.871 17 6 11 621 4
336.726 138.290 213.871 18 6 11 621 4
186.833 31.154 250.013 19 6 11 569 2
186.833 31.154 250.013 20 6 11 569 2
186.833 31.154 250.013 21 6 11 569 2
186.833 31.154 250.013 22 6 11 569 2
186.833 31.154 250.013 23 6 11 569 2
240.238 71.369 21.179 24 6 11 599 3
152.087 34.567 215.997 25 6 11 597 3
152.087 34.567 215.997 26 6 11 597 3
152.087 34.567 215.997 27 6 11 597 3
152.087 34.567 215.997 28 6 11 597 3
152.087 34.567 215.997 29 6 11 597 3
152.087 34.567 215.997 30 6 11 597 3
171.838 72.649 333.505 1 7 11 610 4
171.838 72.649 333.505 2 7 11 610 4
171.838 72.649 333.505 3 7 11 610 4
171.838 72.649 333.505 4 7 11 610 4
171.838 72.649 333.505 5 7 11 610 4
171.838 72.649 333.505 6 7 11 610 4
171.838 72.649 333.505 7 7 11 610 4
264.430 65.646 191.535 8 7 11 673 2
264.430 65.646 191.535 9 7 11 673 2
242.379 147.899 281.716 10 7 11 171 1
242.379 147.899 281.716 11 7 11 171 1
336.726 138.290 213.871 12 7 11 621 4
336.726 138.290 213.871 13 7 11 621 4
336.726 138.290 213.871 14 7 11 621 4
336.726 138.290 213.871 15 7 11 621 4
336.726 138.290 213.871 16 7 11 621 4
336.726 138.290 213.871 17 7 11 621 4
336.726 138.290 213.871 18 7 11 621 4
240.238 71.369 21.179 19 7 11 599 3
240.238 71.369 21.179 20 7 11 599 3
240.238 71.369 21.179 21 7 11 599 3
240.238 71.369 21.179 22 7 11 599 3
240.238 71.369 21.179 23 7 11 599 3
240.238 71.369 21.179 24 7 11 599 3
240.238 71.369 21.179 25 7 11 599 3
240.238 71.369 21.179 26 7 11 599 3
152.087 34.567 215.997 27 7 11 597 3
152.087 34.567 215.997 28 7 11 597 3
152.087 34.567 215.997 29 7 11 597 3
152.087 34.567 215.997 30 7 11 597 3
171.838 72.649 333.505 1 8 11 610 4
171.838 72.649 333.505 2 8 11 610 4
171.838 72.649 333.505 3 8 11 610 4
171.838 72.649 333.505 4 8 11 610 4
171.838 72.649 333.505 5 8 11 610 4
171.838 72.649 333.505 6 8 11 610 4
171.838 72.649 333.505 7 8 11 610 4
264.430 65.646 191.535 8 8 11 673 2
264.430 65.646 191.535 9 8 11 673 2
242.379 147.899 281.716 10 8 11 171 1
242.379 147.899 281.716 11 8 11 171 1
336.726 138.290 213.871 12 8 11 621 4
336.726 138.290 213.871 13 8 11 621 4
336.726 138.290 213.871 14 8 11 621 4
336.726 138.290 213.871 15 8 11 621 4
336.726 138.290 213.871 16 8 11 621 4
240.238 71.369 21.179 17 8 11 599 3
240.238 71.369 21.179 18 8 11 599 3
240.238 71.369 21.179 19 8 11 599 3
240.238 71.369 21.179 20 8 11 599 3
240.238 71.369 21.179 21 8 11 599 3
240.238 71.369 21.179 22 8 11 599 3
240.238 71.369 21.179 23 8 11 599 3
240.238 71.369 21.179 24 8 11 599 3
240.238 71.369 21.179 25 8 11 599 3
240.238 71.369 21.179 26 8 11 599 3
240.238 71.369 21.179 27 8 11 599 3
240.238 71.369 21.179 28 8 11 599 3
152.087 34.567 215.997 29 8 11 597 3
152.087 34.567 215.997 30 8 11 597 3
171.838 72.649 333.505 1 9 11 610 4
171.838 72.649 333.505 2 9 11 610 4
171.838 72.649 333.505 3 9 11 610 4
171.838 72.649 333.505 4 9 11 610 4
171.838 72.649 333.505 5 9 11 610 4
171.838 72.649 333.505 6 9 11 610 4
171.838 72.649 333.505 7 9 11 610 4
171.838 72.649 333.505 8 9 11 610 4
171.838 72.649 333.505 9 9 11 610 4
242.379 147.899 281.716 10 9 11 171 1
242.379 147.899 281.716 11 9 11 171 1
336.726 138.290 213.871 12 9 11 621 4
336.726 138.290 213.871 13 9 11 621 4
240.238 71.369 21.179 14 9 11 599 3
240.238 71.369 21.179 15 9 11 599 3
240.238 71.369 21.179 16 9 11 599 3
240.238 71.369 21.179 17 9 11 599 3
240.238 71.369 21.179 18 9 11 599 3
240.238 71.369 21.179 19 9 11 599 3
240.238 71.369 21.179 20 9 11 599 3
240.238 71.369 21.179 21 9 11 599 3
240.238 71.369 21.179 22 9 11 599 3
240.238 71.369 21.179 23 9 11 599 3
240.238 71.369 21.179 24 9 11 599 3
240.238 71.369 21.179 25 9 11 599 3
240.238 71.369 21.179 26 9 11 599 3
240.238 71.369 21.179 27 9 11 599 3
240.238 71.369 21.179 28 9 11 599 3
240.238 71.369 21.179 29 9 11 599 3
240.238 71.369 21.179 30 9 11 599 3
146.874 149.391 184.045 1 10 11 612 4
171.838 72.649 333.505 2 10 11 610 4
171.838 72.649 333.505 3 10 11 610 4
171.838 72.649 333.505 4 10 11 610 4
171.838 72.649 333.505 5 10 11 610 4
171.838 72.649 333.505 6 10 11 610 4
171.838 72.649 333.505 7 10 11 610 4
133.050 81.008 300.219 8 10 11 41 1
133.050 81.008 300.219 9 10 11 41 1
242.379 147.899 281.716 10 10 11 171 1
240.238 71.369 21.179 11 10 11 599 3
240.238 71.369 21.179 12 10 11 599 3
240.238 71.369 21.179 13 10 11 599 3
240.238 71.369 21.179 14 10 11 599 3
240.238 71.369 21.179 15 10 11 599 3
240.238 71.369 21.179 16 10 11 599 3
240.238 71.369 21.179 17 10 11 599 3
240.238 71.369 21.179 18 10 11 599 3
240.238 71.369 21.179 19 10 11 599 3
240.238 71.369 21.179 20 10 11 599 3
240.238 71.369 21.179 21 10 11 599 3
240.238 71.369 21.179 22 10 11 599 3
240.238 71.369 21.179 23 10 11 599 3
240.238 71.369 21.179 24 10 11 599 3
240.238 71.369 21.179 25 10 11 599 3
240.238 71.369 21.179 26 10 11 599 3
240.238 71.369 21.179 27 10 11 599 3
240.238 71.369 21.179 28 10 11 599 3
240.238 71.369 21.179 29 10 11 599 3
240.238 71.369 21.179 30 10 11 599 3
146.874 149.391 184.045 1 11 11 612 4
146.874 149.391 184.045 2 11 11 612 4
171.838 72.649 333.505 3 11 11 610 4
171.838 72.649 333.505 4 11 11 610 4
171.838 72.649 333.505 5 11 11 610 4
146.874 149.391 184.045 6 11 11 612 4
146.874 149.391 184.045 7 11 11 612 4
146.874 149.391 184.045 8 11 11 612 4
103.356 36.809 100.762 9 11 11 614 4
103.356 36.809 100.762 10 11 11 614 4
240.238 71.369 21.179 11 11 11 599 3
240.238 71.369 21.179 12 11 11 599 3
240.238 71.369 21.179 13 11 11 599 3
160.331 49.611 267.395 14 11 11 539 2
240.238 71.369 21.179 15 11 11 599 3
240.238 71.369 21.179 16 11 11 599 3
240.238 71.369 21.179 17 11 11 599 3
240.238 71.369 21.179 18 11 11 599 3
240.238 71.369 21.179 19 11 11 599 3
240.238 71.369 21.179 20 11 11 599 3
240.238 71.369 21.179 21 11 11 599 3
240.238 71.369 21.179 22 11 11 599 3
240.238 71.369 21.179 23 11 11 599 3
240.238 71.369 21.179 24 11 11 599 3
240.238 71.369 21.179 25 11 11 599 3
240.238 71.369 21.179 26 11 11 599 3
240.238 71.369 21.179 27 11 11 599 3
240.238 71.369 21.179 28 11 11 599 3
240.238 71.369 21.179 29 11 11 599 3
240.238 71.369 21.179 30 11 11 599 3
146.874 149.391 184.045 1 12 11 612 4
146.874 149.391 184.045 2 12 11 612 4
146.874 149.391 184.045 3 12 11 612 4
146.874 149.391 184.045 4 12 11 612 4
146.874 149.391 184.045 5 12 11 612 4
146.874 149.391 184.045 6 12 11 612 4
103.356 36.809 100.762 7 12 11 614 4
103.356 36.809 100.762 8 12 11 614 4
103.356 36.809 100.762 9 12 11 614 4
103.356 36.809 100.762 10 12 11 614 4
103.356 36.809 100.762 11 12 11 614 4
103.356 36.809 100.762 12 12 11 614 4
160.331 49.611 267.395 13 12 11 539 2
160.331 49.611 267.395 14 12 11 539 2
240.238 71.369 21.179 15 12 11 599 3
240.238 71.369 21.179 16 12 11 599 3
240.238 71.369 21.179 17 12 11 599 3
240.238 71.369 21.179 18 12 11 599 3
240.238 71.369 21.179 19 12 11 599 3
240.238 71.369 21.179 20 12 11 599 3
240.238 71.369 21.179 21 12 11 599 3
240.238 71.369 21.179 22 12 11 599 3
240.238 71.369 21.179 23 12 11 599 3
240.238 71.369 21.179 24 12 11 599 3
240.238 71.369 21.179 25 12 11 599 3
240.238 71.369 21.179 26 12 11 599 3
240.238 71.369 21.179 27 12 11 599 3
240.238 71.369 21.179 28 12 11 599 3
240.238 71.369 21.179 29 12 11 599 3
240.238 71.369 21.179 30 12 11 599 3
146.874 149.391 184.045 1 13 11 612 4
146.874 149.391 184.045 2 13 11 612 4
146.874 149.391 184.045 3 13 11 612 4
146.874 149.391 184.045 4 13 11 612 4
146.874 149.391 184.045 5 13 11 612 4
103.356 36.809 100.762 6 13 11 614 4
103.356 36.809 100.762 7 13 11 614 4
103.356 36.809 100.762 8 13 11 614 4
103.356 36.809 100.762 9 13 11 614 4
103.356 36.809 100.762 10 13 11 614 4
103.356 36.809 100.762 11 13 11 614 4
103.356 36.809 100.762 12 13 11 614 4
103.356 36.809 100.762 13 13 11 614 4
240.238 71.369 21.179 14 13 11 599 3
240.238 71.369 21.179 15 13 11 599 3
240.238 71.369 21.179 16 13 11 599 3
240.238 71.369 21.179 17 13 11 599 3
240.238 71.369 21.179 18 13 11 599 3
240.238 71.369 21.179 19 13 11 599 3
240.238 71.369 21.179 20 13 11 599 3
240.238 71.369 21.179 21 13 11 599 3
240.238 71.369 21.179 22 13 11 599 3
240.238 71.369 21.179 23 13 11 599 3
240.238 71.369 21.179 24 13 11 599 3
240.238 71.369 21.179 25 13 11 599 3
240.238 71.369 21.179 26 13 11 599 3
240.238 71.369 21.179 27 13 11 599 3
240.238 71.369 21.179 28 13 11 599 3
240.238 71.369 21.179 29 13 11 599 3
240.238 71.369 21.179 30 13 11 599 3
146.874 149.391 184.045 1 14 11 612 4
146.874 149.391 184.045 2 14 11 612 4
103.356 36.809 100.762 3 14 11 614 4
103.356 36.809 100.762 4 14 11 614 4
103.356 36.809 100.762 5 14 11 614 4
103.356 36.809 100.762 6 14 11 614 4
103.356 36.809 100.762 7 14 11 614 4
41.940 67.265 297.119 8 14 11 335 1
103.356 36.809 100.762 9 14 11 614 4
103.356 36.809 100.762 10 14 11 614 4
103.356 36.809 100.762 11 14 11 614 4
103.356 36.809 100.762 12 14 11 614 4
103.356 36.809 100.762 13 14 11 614 4
240.238 71.369 21.179 14 14 11 599 3
240.238 71.369 21.179 15 14 11 599 3
240.238 71.369 21.179 16 14 11 599 3
240.238 71.369 21.179 17 14 11 599 3
240.238 71.369 21.179 18 14 11 599 3
240.238 71.369 21.179 19 14 11 599 3
240.238 71.369 21.179 20 14 11 599 3
240.238 71.369 21.179 21 14 11 599 3
240.238 71.369 21.179 22 14 11 599 3
240.238 71.369 21.179 23 14 11 599 3
240.238 71.369 21.179 24 14 11 599 3
240.238 71.369 21.179 25 14 11 599 3
240.238 71.369 21.179 26 14 11 599 3
240.238 71.369 21.179 27 14 11 599 3
240.238 71.369 21.179 28 14 11 599 3
240.238 71.369 21.179 29 14 11 599 3
240.238 71.369 21.179 30 14 11 599 3
103.356 36.809 100.762 1 15 11 614 4
103.356 36.809 100.762 2 15 11 614 4
103.356 36.809 100.762 3 15 11 614 4
103.356 36.809 100.762 4 15 11 614 4
103.356 36.809 100.762 5 15 11 614 4
103.356 36.809 100.762 6 15 11 614 4
103.356 36.809 100.762 7 15 11 614 4
103.356 36.809 100.762 8 15 11 614 4
103.356 36.809 100.762 9 15 11 614 4
103.356 36.809 100.762 10 15 11 614 4
103.356 36.809 100.762 11 15 11 614 4
103.356 36.809 100.762 12 15 11 614 4
240.238 71.369 21.179 13 15 11 599 3
240.238 71.369 21.179 14 15 11 599 3
240.238 71.369 21.179 15 15 11 599 3
240.238 71.369 21.179 16 15 11 599 3
240.238 71.369 21.179 17 15 11 599 3
240.238 71.369 21.179 18 15 11 599 3
240.238 71.369 21.179 19 15 11 599 3
240.238 71.369 21.179 20 15 11 599 3
240.238 71.369 21.179 21 15 11 599 3
240.238 71.369 21.179 22 15 11 599 3
240.238 71.369 21.179 23 15 11 599 3
240.238 71.369 21.179 24 15 11 599 3
240.238 71.369 21.179 25 15 11 599 3
240.238 71.369 21.179 26 15 11 599 3
240.238 71.369 21.179 27 15 11 599 3
240.238 71.369 21.179 28 15 11 599 3
240.238 71.369 21.179 29 15 11 599 3
240.238 71.369 21.179 30 15 11 599 3
103.356 36.809 100.762 1 16 11 614 4
103.356 36.809 100.762 2 16 11 614 4
103.356 36.809 100.762 3 16 11 614 4
103.356 36.809 100.762 4 16 11 614 4
103.356 36.809 100.762 5 16 11 614 4
103.356 36.809 100.762 6 16 11 614 4
103.356 36.809 100.762 7 16 11 614 4
103.356 36.809 100.762 8 16 11 614 4
103.356 36.809 100.762 9 16 11 614 4
103.356 36.809 100.762 10 16 11 614 4
103.356 36.809 100.762 11 16 11 614 4
103.356 36.809 100.762 12 16 11 614 4
240.238 71.369 21.179 13 16 11 599 3
240.238 71.369 21.179 14 16 11 599 3
240.238 71.369 21.179 15 16 11 599 3
240.238 71.369 21.179 16 16 11 599 3
240.238 71.369 21.179 17 16 11 599 3
240.238 71.369 21.179 18 16 11 599 3
240.238 71.369 21.179 19 16 11 599 3
240.238 71.369 21.179 20 16 11 599 3
240.238 71.369 21.179 21 16 11 599 3
240.238 71.369 21.179 22 16 11 599 3
240.238 71.369 21.179 23 16 11 599 3
240.238 71.369 21.179 24 16 11 599 3
240.238 71.369 21.179 25 16 11 599 3
240.238 71.369 21.179 26 16 11 599 3
240.238 71.369 21.179 27 16 11 599 3
240.238 71.369 21.179 28 16 11 599 3
240.238 71.369 21.179 29 16 11 599 3
240.238 71.369 21.179 30 16 11 599 3
103.356 36.809 100.762 1 17 11 614 4
103.356 36.809 100.762 2 17 11 614 4
103.356 36.809 100.762 3 17 11 614 4
103.356 36.809 100.762 4 17 11 614 4
103.356 36.809 100.762 5 17 11 614 4
103.356 36.809 100.762 6 17 11 614 4
103.356 36.809 100.762 7 17 11 614 4
103.356 36.809 100.762 8 17 11 614 4
103.356 36.809 100.762 9 17 11 614 4
103.356 36.809 100.762 10 17 11 614 4
103.356 36.809 100.762 11 17 11 614 4
240.238 71.369 21.179 12 17 11 599 3
240.238 71.369 21.179 13 17 11 599 3
240.238 71.369 21.179 14 17 11 599 3
240.238 71.369 21.179 15 17 11 599 3
240.238 71.369 21.179 16 17 11 599 3
240.238 71.369 21.179 17 17 11 599 3
240.238 71.369 21.179 18 17 11 599 3
240.238 71.369 21.179 19 17 11 599 3
240.238 71.369 21.179 20 17 11 599 3
240.238 71.369 21.179 21 17 11 599 3
240.238 71.369 21.179 22 17 11 599 3
240.238 71.369 21.179 23 17 11 599 3
240.238 71.369 21.179 24 17 11 599 3
240.238 71.369 21.179 25 17 11 599 3
240.238 71.369 21.179 26 17 11 599 3
240.238 71.369 21.179 27 17 11 599 3
240.238 71.369 21.179 28 17 11 599 3
240.238 71.369 21.179 29 17 11 599 3
240.238 71.369 21.179 30 17 11 599 3
103.356 36.809 100.762 1 18 11 614 4
103.356 36.809 100.762 2 18 11 614 4
103.356 36.809 100.762 3 18 11 614 4
103.356 36.809 100.762 4 18 11 614 4
103.356 36.809 100.762 5 18 11 614 4
103.356 36.809 100.762 6 18 11 614 4
103.356 36.809 100.762 7 18 11 614 4
103.356 36.809 100.762 8 18 11 614 4
103.356 36.809 100.762 9 18 11 614 4
103.356 36.809 100.762 10 18 11 614 4
240.238 71.369 21.179 11 18 11 599 3
240.238 71.369 21.179 12 18 11 599 3
240.238 71.369 21.179 13 18 11 599 3
240.238 71.369 21.179 14 18 11 599 3
240.238 71.369 21.179 15 18 11 599 3
240.238 71.369 21.179 16 18 11 599 3
240.238 71.369 21.179 17 18 11 599 3
240.238 71.369 21.179 18 18 11 599 3
240.238 71.369 21.179 19 18 11 599 3
240.238 71.369 21.179 20 18 11 599 3
240.238 71.369 21.179 21 18 11 599 3
240.238 71.369 21.179 22 18 11 599 3
240.238 71.369 21.179 23 18 11 599 3
240.238 71.369 21.179 24 18 11 599 3
240.238 71.369 21.179 25 18 11 599 3
240.238 71.369 21.179 26 18 11 599 3
240.238 71.369 21.179 27 18 11 599 3
240.238 71.369 21.179 28 18 11 599 3
240.238 71.369 21.179 29 18 11 599 3
240.238 71.369 21.179 30 18 11 599 3
103.356 36.809 100.762 1 19 11 614 4
103.356 36.809 100.762 2 19 11 614 4
103.356 36.809 100.762 3 19 11 614 4
103.356 36.809 100.762 4 19 11 614 4
103.356 36.809 100.762 5 19 11 614 4
103.356 36.809 100.762 6 19 11 614 4
103.356 36.809 100.762 7 19 11 614 4
103.356 36.809 100.762 8 19 11 614 4
103.356 36.809 100.762 9 19 11 614 4
240.238 71.369 21.179 10 19 11 599 3
240.238 71.369 21.179 11 19 11 599 3
240.238 71.369 21.179 12 19 11 599 3
240.238 71.369 21.179 13 19 11 599 3
240.238 71.369 21.179 14 19 11 599 3
240.238 71.369 21.179 15 19 11 599 3
240.238 71.369 21.179 16 19 11 599 3
240.238 71.369 21.179 17 19 11 599 3
240.238 71.369 21.179 18 19 11 599 3
240.238 71.369 21.179 19 19 11 599 3
240.238 71.369 21.179 20 19 11 599 3
240.238 71.369 21.179 21 19 11 599 3
240.238 71.369 21.179 22 19 11 599 3
240.238 71.369 21.179 23 19 11 599 3
240.238 71.369 21.179 24 19 11 599 3
240.238 71.369 21.179 25 19 11 599 3
240.238 71.369 21.179 26 19 11 599 3
240.238 71.369 21.179 27 19 11 599 3
240.238 71.369 21.179 28 19 11 599 3
240.238 71.369 21.179 29 19 11 599 3
240.238 71.369 21.179 30 19 11 599 3
103.356 36.809 100.762 1 20 11 614 4
103.356 36.809 100.762 2 20 11 614 4
103.356 36.809 100.762 3 20 11 614 4
103.356 36.809 100.762 4 20 11 614 4
103.356 36.809 100.762 5 20 11 614 4
103.356 36.809 100.762 6 20 11 614 4
103.356 36.809 100.762 7 20 11 614 4
103.356 36.809 100.762 8 20 11 614 4
240.238 71.369 21.179 9 20 11 599 3
240.238 71.369 21.179 10 20 11 599 3
240.238 71.369 21.179 11 20 11 599 3
240.238 71.369 21.179 12 20 11 599 3
240.238 71.369 21.179 13 20 11 599 3
240.238 71.369 21.179 14 20 11 599 3
240.238 71.369 21.179 15 20 11 599 3
240.238 71.369 21.179 16 20 11 599 3
240.238 71.369 21.179 17 20 11 599 3
240.238 71.369 21.179 18 20 11 599 3
240.238 71.369 21.179 19 20 11 599 3
240.238 71.369 21.179 20 20 11 599 3
240.238 71.369 21.179 21 20 11 599 3
240.238 71.369 21.179 22 20 11 599 3
240.238 71.369 21.179 23 20 11 599 3
240.238 71.369 21.179 24 20 11 599 3
240.238 71.369 21.179 25 20 11 599 3
240.238 71.369 21.179 26 20 11 599 3
240.238 71.369 21.179 27 20 11 599 3
240.238 71.369 21.179 28 20 11 599 3
240.238 71.369 21.179 29 20 11 599 3
240.238 71.369 21.179 30 20 11 599 3
103.356 36.809 100.762 1 21 11 614 4
103.356 36.809 100.762 2 21 11 614 4
103.356 36.809 100.762 3 21 11 614 4
103.356 36.809 100.762 4 21 11 614 4
103.356 36.809 100.762 5 21 11 614 4
103.356 36.809 100.762 6 21 11 614 4
103.356 36.809 100.762 7 21 11 614 4
240.238 71.369 21.179 8 21 11 599 3
240.238 71.369 21.179 9 21 11 599 3
240.238 71.369 21.179 10 21 11 599 3
240.238 71.369 21.179 11 21 11 599 3
240.238 71.369 21.179 12 21 11 599 3
240.238 71.369 21.179 13 21 11 599 3
240.238 71.369 21.179 14 21 11 599 3
240.238 71.369 21.179 15 21 11 599 3
240.238 71.369 21.179 16 21 11 599 3
240.238 71.369 21.179 17 21 11 599 3
240.238 71.369 21.179 18 21 11 599 3
240.238 71.369 21.179 19 21 11 599 3
240.238 71.369 21.179 20 21 11 599 3
240.238 71.369 21.179 21 21 11 599 3
240.238 71.369 21.179 22 21 11 599 3
240.238 71.369 21.179 23 21 11 599 3
240.238 71.369 21.179 24 21 11 599 3
240.238 71.369 21.179 25 21 11 599 3
240.238 71.369 21.179 26 21 11 599 3
240.238 71.369 21.179 27 21 11 599 3
240.238 71.369 21.179 28 21 11 599 3
240.238 71.369 21.179 29 21 11 599 3
240.238 71.369 21.179 30 21 11 599 3
103.356 36.809 100.762 1 22 11 614 4
103.356 36.809 100.762 2 22 11 614 4
103.356 36.809 100.762 3 22 11 614 4
103.356 36.809 100.762 4 22 11 614 4
27.750 152.015 47.937 5 22 11 36 1
103.356 36.809 100.762 6 22 11 614 4
103.356 36.809 100.762 7 22 11 614 4
240.238 71.369 21.179 8 22 11 599 3
240.238 71.369 21.179 9 22 11 599 3
240.238 71.369 21.179 10 22 11 599 3
240.238 71.369 21.179 11 22 11 599 3
240.238 71.369 21.179 12 22 11 599 3
240.238 71.369 21.179 13 22 11 599 3
240.238 71.369 21.179 14 22 11 599 3
240.238 71.369 21.179 15 22 11 599 3
240.238 71.369 21.179 16 22 11 599 3
240.238 71.369 21.179 17 22 11 599 3
240.238 71.369 21.179 18 22 11 599 3
240.238 71.369 21.179 19 22 11 599 3
240.238 71.369 21.179 20 22 11 599 3
240.238 71.369 21.179 21 22 11 599 3
240.238 71.369 21.179 22 22 11 599 3
240.238 71.369 21.179 23 22 11 599 3
240.238 71.369 21.179 24 22 11 599 3
240.238 71.369 21.179 25 22 11 599 3
240.238 71.369 21.179 26 22 11 599 3
240.238 71.369 21.179 27 22 11 599 3
240.238 71.369 21.179 28 22 11 599 3
240.238 71.369 21.179 29 22 11 599 3
240.238 71.369 21.179 30 22 11 599 3
103.356 36.809 100.762 1 23 11 614 4
103.356 36.809 100.762 2 23 11 614 4
103.356 36.809 100.762 3 23 11 614 4
103.356 36.809 100.762 4 23 11 614 4
103.356 36.809 100.762 5 23 11 614 4
17.778 140.242 256.915 6 23 11 427 1
17.778 140.242 256.915 7 23 11 427 1
17.778 140.242 256.915 8 23 11 427 1
17.778 140.242 256.915 9 23 11 427 1
240.238 71.369 21.179 10 23 11 599 3
240.238 71.369 21.179 11 23 11 599 3
240.238 71.369 21.179 12 23 11 599 3
240.238 71.369 21.179 13 23 11 599 3
240.238 71.369 21.179 14 23 11 599 3
240.238 71.369 21.179 15 23 11 599 3
240.238 71.369 21.179 16 23 11 599 3
240.238 71.369 21.179 17 23 11 599 3
240.238 71.369 21.179 18 23 11 599 3
240.238 71.369 21.179 19 23 11 599 3
240.238 71.369 21.179 20 23 11 599 3
240.238 71.369 21.179 21 23 11 599 3
240.238 71.369 21.179 22 23 11 599 3
240.238 71.369 21.179 23 23 11 599 3
240.238 71.369 21.179 24 23 11 599 3
240.238 71.369 21.179 25 23 11 599 3
240.238 71.369 21.179 26 23 11 599 3
240.238 71.369 21.179 27 23 11 599 3
240.238 71.369 21.179 28 23 11 599 3
240.238 71.369 21.179 29 23 11 599 3
240.238 71.369 21.179 30 23 11 599 3
103.356 36.809 100.762 1 24 11 614 4
345.603 86.441 8.436 2 24 11 573 2
103.356 36.809 100.762 3 24 11 614 4
144.179 147.872 310.128 4 24 11 417 1
17.778 140.242 256.915 5 24 11 427 1
17.778 140.242 256.915 6 24 11 427 1
17.778 140.242 256.915 7 24 11 427 1
17.778 140.242 256.915 8 24 11 427 1
17.778 140.242 256.915 9 24 11 427 1
17.778 140.242 256.915 10 24 11 427 1
240.238 71.369 21.179 11 24 11 599 3
240.238 71.369 21.179 12 24 11 599 3
240.238 71.369 21.179 13 24 11 599 3
240.238 71.369 21.179 14 24 11 599 3
240.238 71.369 21.179 15 24 11 599 3
240.238 71.369 21.179 16 24 11 599 3
240.238 71.369 21.179 17 24 11 599 3
240.238 71.369 21.179 18 24 11 599 3
240.238 71.369 21.179 19 24 11 599 3
240.238 71.369 21.179 20 24 11 599 3
240.238 71.369 21.179 21 24 11 599 3
240.238 71.369 21.179 22 24 11 599 3
240.238 71.369 21.179 23 24 11 599 3
240.238 71.369 21.179 24 24 11 599 3
240.238 71.369 21.179 25 24 11 599 3
240.238 71.369 21.179 26 24 11 599 3
240.238 71.369 21.179 27 24 11 599 3
240.238 71.369 21.179 28 24 11 599 3
240.238 71.369 21.179 29 24 11 599 3
240.238 71.369 21.179 30 24 11 599 3
103.356 36.809 100.762 1 25 11 614 4
345.603 86.441 8.436 2 25 11 573 2
103.356 36.809 100.762 3 25 11 614 4
144.179 147.872 310.128 4 25 11 417 1
144.179 147.872 310.128 5 25 11 417 1
17.778 140.242 256.915 6 25 11 427 1
17.778 140.242 256.915 7 25 11 427 1
17.778 140.242 256.915 8 25 11 427 1
17.778 140.242 256.915 9 25 11 427 1
17.778 140.242 256.915 10 25 11 427 1
240.238 71.369 21.179 11 25 11 599 3
240.238 71.369 21.179 12 25 11 599 3
240.238 71.369 21.179 13 25 11 599 3
240.238 71.369 21.179 14 25 11 599 3
55.142 87.516 269.556 15 25 11 77 1
240.238 71.369 21.179 16 25 11 599 3
240.238 71.369 21.179 17 25 11 599 3
240.238 71.369 21.179 18 25 11 599 3
240.238 71.369 21.179 19 25 11 599 3
240.238 71.369 21.179 20 25 11 599 3
240.238 71.369 21.179 21 25 11 599 3
240.238 71.369 21.179 22 25 11 599 3
240.238 71.369 21.179 23 25 11 599 3
240.238 71.369 21.179 24 25 11 599 3
240.238 71.369 21.179 25 25 11 599 3
240.238 71.369 21.179 26 25 11 599 3
240.238 71.369 21.179 27 25 11 599 3
240.238 71.369 21.179 28 25 11 599 3
240.238 71.369 21.179 29 25 11 599 3
240.238 71.369 21.179 30 25 11 599 3
103.356 36.809 100.762 1 26 11 614 4
279.893 85.858 331.839 2 26 11 560 2
279.893 85.858 331.839 3 26 11 560 2
144.179 147.872 310.128 4 26 11 417 1
144.179 147.872 310.128 5 26 11 417 1
17.778 140.242 256.915 6 26 11 427 1
17.778 140.242 256.915 7 26 11 427 1
17.778 140.242 256.915 8 26 11 427 1
17.778 140.242 256.915 9 26 11 427 1
17.778 140.242 256.915 10 26 11 427 1
38.683 34.314 174.492 11 26 11 353 1
38.683 34.314 174.492 12 26 11 353 1
240.238 71.369 21.179 13 26 11 599 3
240.238 71.369 21.179 14 26 11 599 3
240.238 71.369 21.179 15 26 11 599 3
240.238 71.369 21.179 16 26 11 599 3
240.238 71.369 21.179 17 26 11 599 3
240.238 71.369 21.179 18 26 11 599 3
240.238 71.369 21.179 19 26 11 599 3
240.238 71.369 21.179 20 26 11 599 3
240.238 71.369 21.179 21 26 11 599 3
240.238 71.369 21.179 22 26 11 599 3
240.238 71.369 21.179 23 26 11 599 3
240.238 71.369 21.179 24 26 11 599 3
240.238 71.369 21.179 25 26 11 599 3
240.238 71.369 21.179 26 26 11 599 3
148.837 14.311 16.900 27 26 11 681 4
148.837 14.311 16.900 28 26 11 681 4
148.837 14.311 16.900 29 26 11 681 4
148.837 14.311 16.900 30 26 11 681 4
107.944 108.402 204.225 1 27 11 400 1
140.644 143.483 348.012 2 27 11 334 1
140.644 143.483 348.012 3 27 11 334 1
140.644 143.483 348.012 4 27 11 334 1
326.362 150.754 329.237 5 27 11 462 1
326.362 150.754 329.237 6 27 11 462 1
268.683 135.836 309.453 7 27 11 592 2
268.683 135.836 309.453 8 27 11 592 2
268.683 135.836 309.453 9 27 11 592 2
38.683 34.314 174.492 10 27 11 353 1
38.683 34.314 174.492 11 27 11 353 1
38.683 34.314 174.492 12 27 11 353 1
38.683 34.314 174.492 13 27 11 353 1
240.238 71.369 21.179 14 27 11 599 3
240.238 71.369 21.179 15 27 11 599 3
298.259 79.901 261.726 16 27 11 603 4
298.259 79.901 261.726 17 27 11 603 4
298.259 79.901 261.726 18 27 11 603 4
298.259 79.901 261.726 19 27 11 603 4
302.956 110.867 220.807 20 27 11 547 2
302.956 110.867 220.807 21 27 11 547 2
302.956 110.867 220.807 22 27 11 547 2
302.956 110.867 220.807 23 27 11 547 2
302.956 110.867 220.807 24 27 11 547 2
148.837 14.311 16.900 25 27 11 681 4
148.837 14.311 16.900 26 27 11 681 4
148.837 14.311 16.900 27 27 11 681 4
148.837 14.311 16.900 28 27 11 681 4
148.837 14.311 16.900 29 27 11 681 4
148.837 14.311 16.900 30 27 11 681 4
140.644 143.483 348.012 1 28 11 334 1
140.644 143.483 348.012 2 28 11 334 1
140.644 143.483 348.012 3 28 11 334 1
140.644 143.483 348.012 4 28 11 334 1
326.362 150.754 329.237 5 28 11 462 1
326.362 150.754 329.237 6 28 11 462 1
268.683 135.836 309.453 7 28 11 592 2
268.683 135.836 309.453 8 28 11 592 2
268.683 135.836 309.453 9 28 11 592 2
38.683 34.314 174.492 10 28 11 353 1
38.683 34.314 174.492 11 28 11 353 1
38.683 34.314 174.492 12 28 11 353 1
298.259 79.901 261.726 13 28 11 603 4
298.259 79.901 261.726 14 28 11 603 4
298.259 79.901 261.726 15 28 11 603 4
298.259 79.901 261.726 16 28 11 603 4
298.259 79.901 261.726 17 28 11 603 4
298.259 79.901 261.726 18 28 11 603 4
298.259 79.901 261.726 19 28 11 603 4
302.956 110.867 220.807 20 28 11 547 2
302.956 110.867 220.807 21 28 11 547 2
302.956 110.867 220.807 22 28 11 547 2
319.996 56.095 119.705 23 28 11 553 2
302.956 110.867 220.807 24 28 11 547 2
148.837 14.311 16.900 25 28 11 681 4
148.837 14.311 16.900 26 28 11 681 4
148.837 14.311 16.900 27 28 11 681 4
148.837 14.311 16.900 28 28 11 681 4
148.837 14.311 16.900 29 28 11 681 4
148.837 14.311 16.900 30 28 11 681 4
140.644 143.483 348.012 1 29 11 334 1
140.644 143.483 348.012 2 29 11 334 1
140.644 143.483 348.012 3 29 11 334 1
140.644 143.483 348.012 4 29 11 334 1
65.770 61.250 83.338 5 29 11 618 4
65.770 61.250 83.338 6 29 11 618 4
65.770 61.250 83.338 7 29 11 618 4
268.683 135.836 309.453 8 29 11 592 2
268.683 135.836 309.453 9 29 11 592 2
320.738 65.733 17.369 10 29 11 169 1
276.091 60.748 65.619 11 29 11 528 2
298.259 79.901 261.726 12 29 11 603 4
298.259 79.901 261.726 13 29 11 603 4
298.259 79.901 261.726 14 29 11 603 4
298.259 79.901 261.726 15 29 11 603 4
298.259 79.901 261.726 16 29 11 603 4
298.259 79.901 261.726 17 29 11 603 4
298.259 79.901 261.726 18 29 11 603 4
298.259 79.901 261.726 19 29 11 603 4
302.956 110.867 220.807 20 29 11 547 2
302.956 110.867 220.807 21 29 11 547 2
302.956 110.867 220.807 22 29 11 547 2
302.956 110.867 220.807 23 29 11 547 2
302.956 110.867 220.807 24 29 11 547 2
148.837 14.311 16.900 25 29 11 681 4
148.837 14.311 16.900 26 29 11 681 4
148.837 14.311 16.900 27 29 11 681 4
148.837 14.311 16.900 28 29 11 681 4
148.837 14.311 16.900 29 29 11 681 4
148.837 14.311 16.900 30 29 11 681 4
313.688 45.955 63.129 1 30 11 589 2
313.688 45.955 63.129 2 30 11 589 2
313.688 45.955 63.129 3 30 11 589 2
65.770 61.250 83.338 4 30 11 618 4
65.770 61.250 83.338 5 30 11 618 4
65.770 61.250 83.338 6 30 11 618 4
65.770 61.250 83.338 7 30 11 618 4
65.770 61.250 83.338 8 30 11 618 4
23.793 45.594 121.097 9 30 11 624 1
23.793 45.594 121.097 10 30 11 624 1
65.770 61.250 83.338 11 30 11 618 4
298.259 79.901 261.726 12 30 11 603 4
298.259 79.901 261.726 13 30 11 603 4
298.259 79.901 261.726 14 30 11 603 4
298.259 79.901 261.726 15 30 11 603 4
298.259 79.901 261.726 16 30 11 603 4
298.259 79.901 261.726 17 30 11 603 4
298.259 79.901 261.726 18 30 11 603 4
298.259 79.901 261.726 19 30 11 603 4
206.330 97.832 178.915 20 30 11 206 1
302.956 110.867 220.807 21 30 11 547 2
302.956 110.867 220.807 22 30 11 547 2
302.956 110.867 220.807 23 30 11 547 2
302.956 110.867 220.807 24 30 11 547 2
148.837 14.311 16.900 25 30 11 681 4
148.837 14.311 16.900 26 30 11 681 4
148.837 14.311 16.900 27 30 11 681 4
148.837 14.311 16.900 28 30 11 681 4
148.837 14.311 16.900 29 30 11 681 4
148.837 14.311 16.900 30 30 11 681 4
