167.759 51.188 6.582 1 1 17 557 2
167.759 51.188 6.582 2 1 17 557 2
169.168 113.403 289.277 3 1 17 683 4
169.168 113.403 289.277 4 1 17 683 4
169.168 113.403 289.277 5 1 17 683 4
169.168 113.403 289.277 6 1 17 683 4
260.646 129.414 357.132 7 1 17 536 2
260.646 129.414 357.132 8 1 17 536 2
260.646 129.414 357.132 9 1 17 536 2
260.646 129.414 357.132 10 1 17 536 2
260.646 129.414 357.132 11 1 17 536 2
260.646 129.414 357.132 12 1 17 536 2
260.646 129.414 357.132 13 1 17 536 2
122.206 158.470 347.363 14 1 17 601 4
122.206 158.470 347.363 15 1 17 601 4
122.206 158.470 347.363 16 1 17 601 4
122.206 158.470 347.363 17 1 17 601 4
122.206 158.470 347.363 18 1 17 601 4
11.898 135.995 241.679 19 1 17 613 4
152.087 34.567 215.997 20 1 17 597 3
152.087 34.567 215.997 21 1 17 597 3
152.087 34.567 215.997 22 1 17 597 3
152.087 34.567 215.997 23 1 17 597 3
152.087 34.567 215.997 24 1 17 597 3
152.087 34.567 215.997 25 1 17 597 3
152.087 34.567 215.997 26 1 17 597 3
262.629 82.860 266.683 27 1 17 474 1
262.629 82.860 266.683 28 1 17 474 1
19.754 30.859 243.155 29 1 17 366 1
19.754 30.859 243.155 30 1 17 366 1
169.168 113.403 289.277 1 2 17 683 4
169.168 113.403 289.277 2 2 17 683 4
169.168 113.403 289.277 3 2 17 683 4
169.168 113.403 289.277 4 2 17 683 4
169.168 113.403 289.277 5 2 17 683 4
169.168 113.403 289.277 6 2 17 683 4
169.168 113.403 289.277 7 2 17 683 4
260.646 129.414 357.132 8 2 17 536 2
260.646 129.414 357.132 9 2 17 536 2
260.646 129.414 357.132 10 2 17 536 2
260.646 129.414 357.132 11 2 17 536 2
260.646 129.414 357.132 12 2 17 536 2
260.646 129.414 357.132 13 2 17 536 2
67.777 122.962 306.196 14 2 17 562 2
122.206 158.470 347.363 15 2 17 601 4
122.206 158.470 347.363 16 2 17 601 4
122.206 158.470 347.363 17 2 17 601 4
22.591 56.941 215.933 18 2 17 646 1
11.898 135.995 241.679 19 2 17 613 4
11.898 135.995 241.679 20 2 17 613 4
152.087 34.567 215.997 21 2 17 597 3
152.087 34.567 215.997 22 2 17 597 3
152.087 34.567 215.997 23 2 17 597 3
152.087 34.567 215.997 24 2 17 597 3
152.087 34.567 215.997 25 2 17 597 3
152.087 34.567 215.997 26 2 17 597 3
152.087 34.567 215.997 27 2 17 597 3
19.754 30.859 243.155 28 2 17 366 1
19.754 30.859 243.155 29 2 17 366 1
19.754 30.859 243.155 30 2 17 366 1
169.168 113.403 289.277 1 3 17 683 4
169.168 113.403 289.277 2 3 17 683 4
169.168 113.403 289.277 3 3 17 683 4
169.168 113.403 289.277 4 3 17 683 4
169.168 113.403 289.277 5 3 17 683 4
169.168 113.403 289.277 6 3 17 683 4
169.168 113.403 289.277 7 3 17 683 4
169.168 113.403 289.277 8 3 17 683 4
260.646 129.414 357.132 9 3 17 536 2
260.646 129.414 357.132 10 3 17 536 2
260.646 129.414 357.132 11 3 17 536 2
260.646 129.414 357.132 12 3 17 536 2
260.646 129.414 357.132 13 3 17 536 2
260.646 129.414 357.132 14 3 17 536 2
122.206 158.470 347.363 15 3 17 601 4
122.206 158.470 347.363 16 3 17 601 4
122.206 158.470 347.363 17 3 17 601 4
122.206 158.470 347.363 18 3 17 601 4
11.898 135.995 241.679 19 3 17 613 4
11.898 135.995 241.679 20 3 17 613 4
152.087 34.567 215.997 21 3 17 597 3
152.087 34.567 215.997 22 3 17 597 3
152.087 34.567 215.997 23 3 17 597 3
152.087 34.567 215.997 24 3 17 597 3
152.087 34.567 215.997 25 3 17 597 3
152.087 34.567 215.997 26 3 17 597 3
152.087 34.567 215.997 27 3 17 597 3
152.087 34.567 215.997 28 3 17 597 3
152.087 34.567 215.997 29 3 17 597 3
19.754 30.859 243.155 30 3 17 366 1
169.168 113.403 289.277 1 4 17 683 4
169.168 113.403 289.277 2 4 17 683 4
169.168 113.403 289.277 3 4 17 683 4
169.168 113.403 289.277 4 4 17 683 4
169.168 113.403 289.277 5 4 17 683 4
169.168 113.403 289.277 6 4 17 683 4
169.168 113.403 289.277 7 4 17 683 4
169.168 113.403 289.277 8 4 17 683 4
169.168 113.403 289.277 9 4 17 683 4
260.646 129.414 357.132 10 4 17 536 2
260.646 129.414 357.132 11 4 17 536 2
260.646 129.414 357.132 12 4 17 536 2
260.646 129.414 357.132 13 4 17 536 2
336.726 138.290 213.871 14 4 17 621 4
336.726 138.290 213.871 15 4 17 621 4
336.726 138.290 213.871 16 4 17 621 4
336.726 138.290 213.871 17 4 17 621 4
336.726 138.290 213.871 18 4 17 621 4
11.898 135.995 241.679 19 4 17 613 4
11.898 135.995 241.679 20 4 17 613 4
152.087 34.567 215.997 21 4 17 597 3
152.087 34.567 215.997 22 4 17 597 3
152.087 34.567 215.997 23 4 17 597 3
152.087 34.567 215.997 24 4 17 597 3
152.087 34.567 215.997 25 4 17 597 3
152.087 34.567 215.997 26 4 17 597 3
152.087 34.567 215.997 27 4 17 597 3
152.087 34.567 215.997 28 4 17 597 3
152.087 34.567 215.997 29 4 17 597 3
152.087 34.567 215.997 30 4 17 597 3
169.168 113.403 289.277 1 5 17 683 4
169.168 113.403 289.277 2 5 17 683 4
169.168 113.403 289.277 3 5 17 683 4
169.168 113.403 289.277 4 5 17 683 4
169.168 113.403 289.277 5 5 17 683 4
169.168 113.403 289.277 6 5 17 683 4
169.168 113.403 289.277 7 5 17 683 4
169.168 113.403 289.277 8 5 17 683 4
169.168 113.403 289.277 9 5 17 683 4
336.726 138.290 213.871 10 5 17 621 4
336.726 138.290 213.871 11 5 17 621 4
336.726 138.290 213.871 12 5 17 621 4
336.726 138.290 213.871 13 5 17 621 4
336.726 138.290 213.871 14 5 17 621 4
336.726 138.290 213.871 15 5 17 621 4
336.726 138.290 213.871 16 5 17 621 4
336.726 138.290 213.871 17 5 17 621 4
336.726 138.290 213.871 18 5 17 621 4
336.726 138.290 213.871 19 5 17 621 4
11.898 135.995 241.679 20 5 17 613 4
152.087 34.567 215.997 21 5 17 597 3
152.087 34.567 215.997 22 5 17 597 3
152.087 34.567 215.997 23 5 17 597 3
152.087 34.567 215.997 24 5 17 597 3
152.087 34.567 215.997 25 5 17 597 3
152.087 34.567 215.997 26 5 17 597 3
152.087 34.567 215.997 27 5 17 597 3
152.087 34.567 215.997 28 5 17 597 3
152.087 34.567 215.997 29 5 17 597 3
152.087 34.567 215.997 30 5 17 597 3
169.168 113.403 289.277 1 6 17 683 4
169.168 113.403 289.277 2 6 17 683 4
169.168 113.403 289.277 3 6 17 683 4
169.168 113.403 289.277 4 6 17 683 4
169.168 113.403 289.277 5 6 17 683 4
169.168 113.403 289.277 6 6 17 683 4
169.168 113.403 289.277 7 6 17 683 4
169.168 113.403 289.277 8 6 17 683 4
336.726 138.290 213.871 9 6 17 621 4
336.726 138.290 213.871 10 6 17 621 4
336.726 138.290 213.871 11 6 17 621 4
336.726 138.290 213.871 12 6 17 621 4
336.726 138.290 213.871 13 6 17 621 4
336.726 138.290 213.871 14 6 17 621 4
336.726 138.290 213.871 15 6 17 621 4
336.726 138.290 213.871 16 6 17 621 4
336.726 138.290 213.871 17 6 17 621 4
336.726 138.290 213.871 18 6 17 621 4
336.726 138.290 213.871 19 6 17 621 4
138.740 139.727 115.650 20 6 17 657 1
138.740 139.727 115.650 21 6 17 657 1
236.999 78.181 25.678 22 6 17 541 2
152.087 34.567 215.997 23 6 17 597 3
152.087 34.567 215.997 24 6 17 597 3
152.087 34.567 215.997 25 6 17 597 3
152.087 34.567 215.997 26 6 17 597 3
152.087 34.567 215.997 27 6 17 597 3
152.087 34.567 215.997 28 6 17 597 3
152.087 34.567 215.997 29 6 17 597 3
152.087 34.567 215.997 30 6 17 597 3
169.168 113.403 289.277 1 7 17 683 4
169.168 113.403 289.277 2 7 17 683 4
169.168 113.403 289.277 3 7 17 683 4
169.168 113.403 289.277 4 7 17 683 4
25.700 55.484 285.992 5 7 17 264 1
169.168 113.403 289.277 6 7 17 683 4
169.168 113.403 289.277 7 7 17 683 4
336.726 138.290 213.871 8 7 17 621 4
336.726 138.290 213.871 9 7 17 621 4
336.726 138.290 213.871 10 7 17 621 4
336.726 138.290 213.871 11 7 17 621 4
336.726 138.290 213.871 12 7 17 621 4
336.726 138.290 213.871 13 7 17 621 4
336.726 138.290 213.871 14 7 17 621 4
336.726 138.290 213.871 15 7 17 621 4
336.726 138.290 213.871 16 7 17 621 4
336.726 138.290 213.871 17 7 17 621 4
336.726 138.290 213.871 18 7 17 621 4
336.726 138.290 213.871 19 7 17 621 4
138.740 139.727 115.650 20 7 17 657 1
138.740 139.727 115.650 21 7 17 657 1
138.740 139.727 115.650 22 7 17 657 1
138.740 139.727 115.650 23 7 17 657 1
152.087 34.567 215.997 24 7 17 597 3
152.087 34.567 215.997 25 7 17 597 3
152.087 34.567 215.997 26 7 17 597 3
152.087 34.567 215.997 27 7 17 597 3
152.087 34.567 215.997 28 7 17 597 3
152.087 34.567 215.997 29 7 17 597 3
152.087 34.567 215.997 30 7 17 597 3
146.874 149.391 184.045 1 8 17 612 4
146.874 149.391 184.045 2 8 17 612 4
169.168 113.403 289.277 3 8 17 683 4
169.168 113.403 289.277 4 8 17 683 4
169.168 113.403 289.277 5 8 17 683 4
169.168 113.403 289.277 6 8 17 683 4
336.726 138.290 213.871 7 8 17 621 4
336.726 138.290 213.871 8 8 17 621 4
336.726 138.290 213.871 9 8 17 621 4
336.726 138.290 213.871 10 8 17 621 4
336.726 138.290 213.871 11 8 17 621 4
336.726 138.290 213.871 12 8 17 621 4
336.726 138.290 213.871 13 8 17 621 4
336.726 138.290 213.871 14 8 17 621 4
336.726 138.290 213.871 15 8 17 621 4
336.726 138.290 213.871 16 8 17 621 4
336.726 138.290 213.871 17 8 17 621 4
336.726 138.290 213.871 18 8 17 621 4
336.726 138.290 213.871 19 8 17 621 4
138.740 139.727 115.650 20 8 17 657 1
138.740 139.727 115.650 21 8 17 657 1
138.740 139.727 115.650 22 8 17 657 1
138.740 139.727 115.650 23 8 17 657 1
152.087 34.567 215.997 24 8 17 597 3
152.087 34.567 215.997 25 8 17 597 3
152.087 34.567 215.997 26 8 17 597 3
152.087 34.567 215.997 27 8 17 597 3
152.087 34.567 215.997 28 8 17 597 3
152.087 34.567 215.997 29 8 17 597 3
152.087 34.567 215.997 30 8 17 597 3
9.253 103.017 19.871 1 9 17 163 1
146.874 149.391 184.045 2 9 17 612 4
146.874 149.391 184.045 3 9 17 612 4
146.874 149.391 184.045 4 9 17 612 4
146.874 149.391 184.045 5 9 17 612 4
146.874 149.391 184.045 6 9 17 612 4
336.726 138.290 213.871 7 9 17 621 4
336.726 138.290 213.871 8 9 17 621 4
336.726 138.290 213.871 9 9 17 621 4
336.726 138.290 213.871 10 9 17 621 4
336.726 138.290 213.871 11 9 17 621 4
336.726 138.290 213.871 12 9 17 621 4
336.726 138.290 213.871 13 9 17 621 4
336.726 138.290 213.871 14 9 17 621 4
336.726 138.290 213.871 15 9 17 621 4
336.726 138.290 213.871 16 9 17 621 4
336.726 138.290 213.871 17 9 17 621 4
336.726 138.290 213.871 18 9 17 621 4
336.726 138.290 213.871 19 9 17 621 4
138.740 139.727 115.650 20 9 17 657 1
92.426 102.862 302.898 21 9 17 580 2
92.426 102.862 302.898 22 9 17 580 2
240.238 71.369 21.179 23 9 17 599 3
240.238 71.369 21.179 24 9 17 599 3
240.238 71.369 21.179 25 9 17 599 3
240.238 71.369 21.179 26 9 17 599 3
327.600 58.183 177.162 27 9 17 204 1
152.087 34.567 215.997 28 9 17 597 3
152.087 34.567 215.997 29 9 17 597 3
152.087 34.567 215.997 30 9 17 597 3
146.874 149.391 184.045 1 10 17 612 4
146.874 149.391 184.045 2 10 17 612 4
146.874 149.391 184.045 3 10 17 612 4
146.874 149.391 184.045 4 10 17 612 4
146.874 149.391 184.045 5 10 17 612 4
146.874 149.391 184.045 6 10 17 612 4
146.874 149.391 184.045 7 10 17 612 4
336.726 138.290 213.871 8 10 17 621 4
336.726 138.290 213.871 9 10 17 621 4
336.726 138.290 213.871 10 10 17 621 4
336.726 138.290 213.871 11 10 17 621 4
336.726 138.290 213.871 12 10 17 621 4
336.726 138.290 213.871 13 10 17 621 4
336.726 138.290 213.871 14 10 17 621 4
336.726 138.290 213.871 15 10 17 621 4
336.726 138.290 213.871 16 10 17 621 4
336.726 138.290 213.871 17 10 17 621 4
286.416 134.906 135.037 18 10 17 590 2
240.238 71.369 21.179 19 10 17 599 3
240.238 71.369 21.179 20 10 17 599 3
92.426 102.862 302.898 21 10 17 580 2
92.426 102.862 302.898 22 10 17 580 2
240.238 71.369 21.179 23 10 17 599 3
240.238 71.369 21.179 24 10 17 599 3
240.238 71.369 21.179 25 10 17 599 3
240.238 71.369 21.179 26 10 17 599 3
240.238 71.369 21.179 27 10 17 599 3
240.238 71.369 21.179 28 10 17 599 3
240.238 71.369 21.179 29 10 17 599 3
240.238 71.369 21.179 30 10 17 599 3
146.874 149.391 184.045 1 11 17 612 4
146.874 149.391 184.045 2 11 17 612 4
146.874 149.391 184.045 3 11 17 612 4
146.874 149.391 184.045 4 11 17 612 4
146.874 149.391 184.045 5 11 17 612 4
146.874 149.391 184.045 6 11 17 612 4
146.874 149.391 184.045 7 11 17 612 4
336.726 138.290 213.871 8 11 17 621 4
336.726 138.290 213.871 9 11 17 621 4
336.726 138.290 213.871 10 11 17 621 4
336.726 138.290 213.871 11 11 17 621 4
336.726 138.290 213.871 12 11 17 621 4
336.726 138.290 213.871 13 11 17 621 4
336.726 138.290 213.871 14 11 17 621 4
336.726 138.290 213.871 15 11 17 621 4
336.726 138.290 213.871 16 11 17 621 4
336.726 138.290 213.871 17 11 17 621 4
286.416 134.906 135.037 18 11 17 590 2
286.416 134.906 135.037 19 11 17 590 2
240.238 71.369 21.179 20 11 17 599 3
92.426 102.862 302.898 21 11 17 580 2
240.238 71.369 21.179 22 11 17 599 3
240.238 71.369 21.179 23 11 17 599 3
240.238 71.369 21.179 24 11 17 599 3
240.238 71.369 21.179 25 11 17 599 3
240.238 71.369 21.179 26 11 17 599 3
240.238 71.369 21.179 27 11 17 599 3
240.238 71.369 21.179 28 11 17 599 3
240.238 71.369 21.179 29 11 17 599 3
240.238 71.369 21.179 30 11 17 599 3
146.874 149.391 184.045 1 12 17 612 4
146.874 149.391 184.045 2 12 17 612 4
146.874 149.391 184.045 3 12 17 612 4
146.874 149.391 184.045 4 12 17 612 4
146.874 149.391 184.045 5 12 17 612 4
146.874 149.391 184.045 6 12 17 612 4
146.874 149.391 184.045 7 12 17 612 4
146.874 149.391 184.045 8 12 17 612 4
336.726 138.290 213.871 9 12 17 621 4
336.726 138.290 213.871 10 12 17 621 4
336.726 138.290 213.871 11 12 17 621 4
336.726 138.290 213.871 12 12 17 621 4
336.726 138.290 213.871 13 12 17 621 4
336.726 138.290 213.871 14 12 17 621 4
336.726 138.290 213.871 15 12 17 621 4
240.238 71.369 21.179 16 12 17 599 3
240.238 71.369 21.179 17 12 17 599 3
240.238 71.369 21.179 18 12 17 599 3
240.238 71.369 21.179 19 12 17 599 3
240.238 71.369 21.179 20 12 17 599 3
240.238 71.369 21.179 21 12 17 599 3
240.238 71.369 21.179 22 12 17 599 3
240.238 71.369 21.179 23 12 17 599 3
240.238 71.369 21.179 24 12 17 599 3
240.238 71.369 21.179 25 12 17 599 3
240.238 71.369 21.179 26 12 17 599 3
240.238 71.369 21.179 27 12 17 599 3
240.238 71.369 21.179 28 12 17 599 3
240.238 71.369 21.179 29 12 17 599 3
240.238 71.369 21.179 30 12 17 599 3
146.874 149.391 184.045 1 13 17 612 4
146.874 149.391 184.045 2 13 17 612 4
146.874 149.391 184.045 3 13 17 612 4
146.874 149.391 184.045 4 13 17 612 4
146.874 149.391 184.045 5 13 17 612 4
146.874 149.391 184.045 6 13 17 612 4
146.874 149.391 184.045 7 13 17 612 4
146.874 149.391 184.045 8 13 17 612 4
336.726 138.290 213.871 9 13 17 621 4
336.726 138.290 213.871 10 13 17 621 4
336.726 138.290 213.871 11 13 17 621 4
336.726 138.290 213.871 12 13 17 621 4
336.726 138.290 213.871 13 13 17 621 4
240.238 71.369 21.179 14 13 17 599 3
240.238 71.369 21.179 15 13 17 599 3
240.238 71.369 21.179 16 13 17 599 3
240.238 71.369 21.179 17 13 17 599 3
240.238 71.369 21.179 18 13 17 599 3
240.238 71.369 21.179 19 13 17 599 3
240.238 71.369 21.179 20 13 17 599 3
240.238 71.369 21.179 21 13 17 599 3
240.238 71.369 21.179 22 13 17 599 3
240.238 71.369 21.179 23 13 17 599 3
240.238 71.369 21.179 24 13 17 599 3
240.238 71.369 21.179 25 13 17 599 3
240.238 71.369 21.179 26 13 17 599 3
240.238 71.369 21.179 27 13 17 599 3
240.238 71.369 21.179 28 13 17 599 3
240.238 71.369 21.179 29 13 17 599 3
240.238 71.369 21.179 30 13 17 599 3
146.874 149.391 184.045 1 14 17 612 4
146.874 149.391 184.045 2 14 17 612 4
146.874 149.391 184.045 3 14 17 612 4
146.874 149.391 184.045 4 14 17 612 4
146.874 149.391 184.045 5 14 17 612 4
146.874 149.391 184.045 6 14 17 612 4
146.874 149.391 184.045 7 14 17 612 4
146.874 149.391 184.045 8 14 17 612 4
336.726 138.290 213.871 9 14 17 621 4
336.726 138.290 213.871 10 14 17 621 4
336.726 138.290 213.871 11 14 17 621 4
240.238 71.369 21.179 12 14 17 599 3
240.238 71.369 21.179 13 14 17 599 3
240.238 71.369 21.179 14 14 17 599 3
240.238 71.369 21.179 15 14 17 599 3
240.238 71.369 21.179 16 14 17 599 3
240.238 71.369 21.179 17 14 17 599 3
240.238 71.369 21.179 18 14 17 599 3
240.238 71.369 21.179 19 14 17 599 3
240.238 71.369 21.179 20 14 17 599 3
240.238 71.369 21.179 21 14 17 599 3
240.238 71.369 21.179 22 14 17 599 3
240.238 71.369 21.179 23 14 17 599 3
240.238 71.369 21.179 24 14 17 599 3
240.238 71.369 21.179 25 14 17 599 3
240.238 71.369 21.179 26 14 17 599 3
240.238 71.369 21.179 27 14 17 599 3
240.238 71.369 21.179 28 14 17 599 3
240.238 71.369 21.179 29 14 17 599 3
240.238 71.369 21.179 30 14 17 599 3
146.874 149.391 184.045 1 15 17 612 4
146.874 149.391 184.045 2 15 17 612 4
146.874 149.391 184.045 3 15 17 612 4
146.874 149.391 184.045 4 15 17 612 4
146.874 149.391 184.045 5 15 17 612 4
146.874 149.391 184.045 6 15 17 612 4
146.874 149.391 184.045 7 15 17 612 4
146.874 149.391 184.045 8 15 17 612 4
146.874 149.391 184.045 9 15 17 612 4
240.238 71.369 21.179 10 15 17 599 3
240.238 71.369 21.179 11 15 17 599 3
240.238 71.369 21.179 12 15 17 599 3
240.238 71.369 21.179 13 15 17 599 3
240.238 71.369 21.179 14 15 17 599 3
240.238 71.369 21.179 15 15 17 599 3
240.238 71.369 21.179 16 15 17 599 3
240.238 71.369 21.179 17 15 17 599 3
240.238 71.369 21.179 18 15 17 599 3
240.238 71.369 21.179 19 15 17 599 3
240.238 71.369 21.179 20 15 17 599 3
240.238 71.369 21.179 21 15 17 599 3
240.238 71.369 21.179 22 15 17 599 3
240.238 71.369 21.179 23 15 17 599 3
240.238 71.369 21.179 24 15 17 599 3
240.238 71.369 21.179 25 15 17 599 3
240.238 71.369 21.179 26 15 17 599 3
240.238 71.369 21.179 27 15 17 599 3
240.238 71.369 21.179 28 15 17 599 3
240.238 71.369 21.179 29 15 17 599 3
240.238 71.369 21.179 30 15 17 599 3
146.874 149.391 184.045 1 16 17 612 4
146.874 149.391 184.045 2 16 17 612 4
146.874 149.391 184.045 3 16 17 612 4
146.874 149.391 184.045 4 16 17 612 4
146.874 149.391 184.045 5 16 17 612 4
146.874 149.391 184.045 6 16 17 612 4
146.874 149.391 184.045 7 16 17 612 4
146.874 149.391 184.045 8 16 17 612 4
240.238 71.369 21.179 9 16 17 599 3
240.238 71.369 21.179 10 16 17 599 3
240.238 71.369 21.179 11 16 17 599 3
240.238 71.369 21.179 12 16 17 599 3
240.238 71.369 21.179 13 16 17 599 3
240.238 71.369 21.179 14 16 17 599 3
240.238 71.369 21.179 15 16 17 599 3
240.238 71.369 21.179 16 16 17 599 3
240.238 71.369 21.179 17 16 17 599 3
240.238 71.369 21.179 18 16 17 599 3
240.238 71.369 21.179 19 16 17 599 3
240.238 71.369 21.179 20 16 17 599 3
240.238 71.369 21.179 21 16 17 599 3
240.238 71.369 21.179 22 16 17 599 3
240.238 71.369 21.179 23 16 17 599 3
240.238 71.369 21.179 24 16 17 599 3
240.238 71.369 21.179 25 16 17 599 3
240.238 71.369 21.179 26 16 17 599 3
240.238 71.369 21.179 27 16 17 599 3
240.238 71.369 21.179 28 16 17 599 3
240.238 71.369 21.179 29 16 17 599 3
240.238 71.369 21.179 30 16 17 599 3
146.874 149.391 184.045 1 17 17 612 4
146.874 149.391 184.045 2 17 17 612 4
146.874 149.391 184.045 3 17 17 612 4
146.874 149.391 184.045 4 17 17 612 4
146.874 149.391 184.045 5 17 17 612 4
146.874 149.391 184.045 6 17 17 612 4
146.874 149.391 184.045 7 17 17 612 4
146.874 149.391 184.045 8 17 17 612 4
240.238 71.369 21.179 9 17 17 599 3
240.238 71.369 21.179 10 17 17 599 3
240.238 71.369 21.179 11 17 17 599 3
240.238 71.369 21.179 12 17 17 599 3
240.238 71.369 21.179 13 17 17 599 3
240.238 71.369 21.179 14 17 17 599 3
240.238 71.369 21.179 15 17 17 599 3
240.238 71.369 21.179 16 17 17 599 3
240.238 71.369 21.179 17 17 17 599 3
240.238 71.369 21.179 18 17 17 599 3
240.238 71.369 21.179 19 17 17 599 3
240.238 71.369 21.179 20 17 17 599 3
240.238 71.369 21.179 21 17 17 599 3
240.238 71.369 21.179 22 17 17 599 3
240.238 71.369 21.179 23 17 17 599 3
240.238 71.369 21.179 24 17 17 599 3
240.238 71.369 21.179 25 17 17 599 3
240.238 71.369 21.179 26 17 17 599 3
240.238 71.369 21.179 27 17 17 599 3
240.238 71.369 21.179 28 17 17 599 3
240.238 71.369 21.179 29 17 17 599 3
240.238 71.369 21.179 30 17 17 599 3
146.874 149.391 184.045 1 18 17 612 4
146.874 149.391 184.045 2 18 17 612 4
146.874 149.391 184.045 3 18 17 612 4
145.874 139.981 93.368 4 18 17 97 1
146.874 149.391 184.045 5 18 17 612 4
146.874 149.391 184.045 6 18 17 612 4
146.874 149.391 184.045 7 18 17 612 4
146.874 149.391 184.045 8 18 17 612 4
240.238 71.369 21.179 9 18 17 599 3
240.238 71.369 21.179 10 18 17 599 3
240.238 71.369 21.179 11 18 17 599 3
240.238 71.369 21.179 12 18 17 599 3
240.238 71.369 21.179 13 18 17 599 3
240.238 71.369 21.179 14 18 17 599 3
240.238 71.369 21.179 15 18 17 599 3
240.238 71.369 21.179 16 18 17 599 3
240.238 71.369 21.179 17 18 17 599 3
240.238 71.369 21.179 18 18 17 599 3
240.238 71.369 21.179 19 18 17 599 3
240.238 71.369 21.179 20 18 17 599 3
240.238 71.369 21.179 21 18 17 599 3
240.238 71.369 21.179 22 18 17 599 3
240.238 71.369 21.179 23 18 17 599 3
240.238 71.369 21.179 24 18 17 599 3
240.238 71.369 21.179 25 18 17 599 3
240.238 71.369 21.179 26 18 17 599 3
240.238 71.369 21.179 27 18 17 599 3
240.238 71.369 21.179 28 18 17 599 3
240.238 71.369 21.179 29 18 17 599 3
240.238 71.369 21.179 30 18 17 599 3
146.874 149.391 184.045 1 19 17 612 4
146.874 149.391 184.045 2 19 17 612 4
146.874 149.391 184.045 3 19 17 612 4
145.874 139.981 93.368 4 19 17 97 1
146.874 149.391 184.045 5 19 17 612 4
146.874 149.391 184.045 6 19 17 612 4
141.156 47.781 80.029 7 19 17 248 1
141.156 47.781 80.029 8 19 17 248 1
240.238 71.369 21.179 9 19 17 599 3
240.238 71.369 21.179 10 19 17 599 3
240.238 71.369 21.179 11 19 17 599 3
63.115 106.873 352.823 12 19 17 177 1
240.238 71.369 21.179 13 19 17 599 3
240.238 71.369 21.179 14 19 17 599 3
240.238 71.369 21.179 15 19 17 599 3
240.238 71.369 21.179 16 19 17 599 3
240.238 71.369 21.179 17 19 17 599 3
240.238 71.369 21.179 18 19 17 599 3
240.238 71.369 21.179 19 19 17 599 3
240.238 71.369 21.179 20 19 17 599 3
240.238 71.369 21.179 21 19 17 599 3
240.238 71.369 21.179 22 19 17 599 3
240.238 71.369 21.179 23 19 17 599 3
240.238 71.369 21.179 24 19 17 599 3
240.238 71.369 21.179 25 19 17 599 3
240.238 71.369 21.179 26 19 17 599 3
240.238 71.369 21.179 27 19 17 599 3
240.238 71.369 21.179 28 19 17 599 3
240.238 71.369 21.179 29 19 17 599 3
240.238 71.369 21.179 30 19 17 599 3
146.874 149.391 184.045 1 20 17 612 4
39.683 101.845 93.007 2 20 17 605 4
39.683 101.845 93.007 3 20 17 605 4
39.683 101.845 93.007 4 20 17 605 4
39.683 101.845 93.007 5 20 17 605 4
39.683 101.845 93.007 6 20 17 605 4
39.683 101.845 93.007 7 20 17 605 4
141.156 47.781 80.029 8 20 17 248 1
240.238 71.369 21.179 9 20 17 599 3
240.238 71.369 21.179 10 20 17 599 3
240.238 71.369 21.179 11 20 17 599 3
240.238 71.369 21.179 12 20 17 599 3
240.238 71.369 21.179 13 20 17 599 3
240.238 71.369 21.179 14 20 17 599 3
240.238 71.369 21.179 15 20 17 599 3
240.238 71.369 21.179 16 20 17 599 3
240.238 71.369 21.179 17 20 17 599 3
240.238 71.369 21.179 18 20 17 599 3
240.238 71.369 21.179 19 20 17 599 3
240.238 71.369 21.179 20 20 17 599 3
240.238 71.369 21.179 21 20 17 599 3
240.238 71.369 21.179 22 20 17 599 3
240.238 71.369 21.179 23 20 17 599 3
240.238 71.369 21.179 24 20 17 599 3
240.238 71.369 21.179 25 20 17 599 3
240.238 71.369 21.179 26 20 17 599 3
240.238 71.369 21.179 27 20 17 599 3
240.238 71.369 21.179 28 20 17 599 3
240.238 71.369 21.179 29 20 17 599 3
240.238 71.369 21.179 30 20 17 599 3
39.683 101.845 93.007 1 21 17 605 4
39.683 101.845 93.007 2 21 17 605 4
39.683 101.845 93.007 3 21 17 605 4
39.683 101.845 93.007 4 21 17 605 4
39.683 101.845 93.007 5 21 17 605 4
39.683 101.845 93.007 6 21 17 605 4
39.683 101.845 93.007 7 21 17 605 4
39.683 101.845 93.007 8 21 17 605 4
240.238 71.369 21.179 9 21 17 599 3
240.238 71.369 21.179 10 21 17 599 3
240.238 71.369 21.179 11 21 17 599 3
240.238 71.369 21.179 12 21 17 599 3
240.238 71.369 21.179 13 21 17 599 3
240.238 71.369 21.179 14 21 17 599 3
240.238 71.369 21.179 15 21 17 599 3
240.238 71.369 21.179 16 21 17 599 3
240.238 71.369 21.179 17 21 17 599 3
240.238 71.369 21.179 18 21 17 599 3
240.238 71.369 21.179 19 21 17 599 3
240.238 71.369 21.179 20 21 17 599 3
240.238 71.369 21.179 21 21 17 599 3
240.238 71.369 21.179 22 21 17 599 3
240.238 71.369 21.179 23 21 17 599 3
240.238 71.369 21.179 24 21 17 599 3
240.238 71.369 21.179 25 21 17 599 3
240.238 71.369 21.179 26 21 17 599 3
240.238 71.369 21.179 27 21 17 599 3
240.238 71.369 21.179 28 21 17 599 3
240.238 71.369 21.179 29 21 17 599 3
240.238 71.369 21.179 30 21 17 599 3
39.683 101.845 93.007 1 22 17 605 4
39.683 101.845 93.007 2 22 17 605 4
39.683 101.845 93.007 3 22 17 605 4
39.683 101.845 93.007 4 22 17 605 4
39.683 101.845 93.007 5 22 17 605 4
39.683 101.845 93.007 6 22 17 605 4
39.683 101.845 93.007 7 22 17 605 4
63.652 23.425 208.416 8 22 17 604 4
162.501 87.637 80.448 9 22 17 320 1
162.501 87.637 80.448 10 22 17 320 1
240.238 71.369 21.179 11 22 17 599 3
240.238 71.369 21.179 12 22 17 599 3
240.238 71.369 21.179 13 22 17 599 3
240.238 71.369 21.179 14 22 17 599 3
240.238 71.369 21.179 15 22 17 599 3
240.238 71.369 21.179 16 22 17 599 3
240.238 71.369 21.179 17 22 17 599 3
240.238 71.369 21.179 18 22 17 599 3
240.238 71.369 21.179 19 22 17 599 3
240.238 71.369 21.179 20 22 17 599 3
240.238 71.369 21.179 21 22 17 599 3
240.238 71.369 21.179 22 22 17 599 3
240.238 71.369 21.179 23 22 17 599 3
240.238 71.369 21.179 24 22 17 599 3
240.238 71.369 21.179 25 22 17 599 3
240.238 71.369 21.179 26 22 17 599 3
240.238 71.369 21.179 27 22 17 599 3
240.238 71.369 21.179 28 22 17 599 3
240.238 71.369 21.179 29 22 17 599 3
240.238 71.369 21.179 30 22 17 599 3
39.683 101.845 93.007 1 23 17 605 4
39.683 101.845 93.007 2 23 17 605 4
39.683 101.845 93.007 3 23 17 605 4
39.683 101.845 93.007 4 23 17 605 4
39.683 101.845 93.007 5 23 17 605 4
39.683 101.845 93.007 6 23 17 605 4
39.683 101.845 93.007 7 23 17 605 4
63.652 23.425 208.416 8 23 17 604 4
63.652 23.425 208.416 9 23 17 604 4
63.652 23.425 208.416 10 23 17 604 4
240.238 71.369 21.179 11 23 17 599 3
240.238 71.369 21.179 12 23 17 599 3
240.238 71.369 21.179 13 23 17 599 3
240.238 71.369 21.179 14 23 17 599 3
240.238 71.369 21.179 15 23 17 599 3
240.238 71.369 21.179 16 23 17 599 3
240.238 71.369 21.179 17 23 17 599 3
240.238 71.369 21.179 18 23 17 599 3
240.238 71.369 21.179 19 23 17 599 3
240.238 71.369 21.179 20 23 17 599 3
240.238 71.369 21.179 21 23 17 599 3
240.238 71.369 21.179 22 23 17 599 3
240.238 71.369 21.179 23 23 17 599 3
240.238 71.369 21.179 24 23 17 599 3
240.238 71.369 21.179 25 23 17 599 3
240.238 71.369 21.179 26 23 17 599 3
240.238 71.369 21.179 27 23 17 599 3
240.238 71.369 21.179 28 23 17 599 3
240.238 71.369 21.179 29 23 17 599 3
240.238 71.369 21.179 30 23 17 599 3
157.308 120.870 33.595 1 24 17 315 1
157.308 120.870 33.595 2 24 17 315 1
63.652 23.425 208.416 3 24 17 604 4
63.652 23.425 208.416 4 24 17 604 4
63.652 23.425 208.416 5 24 17 604 4
63.652 23.425 208.416 6 24 17 604 4
63.652 23.425 208.416 7 24 17 604 4
63.652 23.425 208.416 8 24 17 604 4
63.652 23.425 208.416 9 24 17 604 4
63.652 23.425 208.416 10 24 17 604 4
63.652 23.425 208.416 11 24 17 604 4
240.238 71.369 21.179 12 24 17 599 3
240.238 71.369 21.179 13 24 17 599 3
240.238 71.369 21.179 14 24 17 599 3
240.238 71.369 21.179 15 24 17 599 3
240.238 71.369 21.179 16 24 17 599 3
240.238 71.369 21.179 17 24 17 599 3
240.238 71.369 21.179 18 24 17 599 3
240.238 71.369 21.179 19 24 17 599 3
240.238 71.369 21.179 20 24 17 599 3
240.238 71.369 21.179 21 24 17 599 3
240.238 71.369 21.179 22 24 17 599 3
240.238 71.369 21.179 23 24 17 599 3
240.238 71.369 21.179 24 24 17 599 3
240.238 71.369 21.179 25 24 17 599 3
240.238 71.369 21.179 26 24 17 599 3
240.238 71.369 21.179 27 24 17 599 3
240.238 71.369 21.179 28 24 17 599 3
240.238 71.369 21.179 29 24 17 599 3
240.238 71.369 21.179 30 24 17 599 3
157.308 120.870 33.595 1 25 17 315 1
63.652 23.425 208.416 2 25 17 604 4
63.652 23.425 208.416 3 25 17 604 4
63.652 23.425 208.416 4 25 17 604 4
63.652 23.425 208.416 5 25 17 604 4
63.652 23.425 208.416 6 25 17 604 4
63.652 23.425 208.416 7 25 17 604 4
63.652 23.425 208.416 8 25 17 604 4
63.652 23.425 208.416 9 25 17 604 4
63.652 23.425 208.416 10 25 17 604 4
63.652 23.425 208.416 11 25 17 604 4
143.611 113.591 308.855 12 25 17 238 1
240.238 71.369 21.179 13 25 17 599 3
240.238 71.369 21.179 14 25 17 599 3
240.238 71.369 21.179 15 25 17 599 3
240.238 71.369 21.179 16 25 17 599 3
240.238 71.369 21.179 17 25 17 599 3
240.238 71.369 21.179 18 25 17 599 3
240.238 71.369 21.179 19 25 17 599 3
240.238 71.369 21.179 20 25 17 599 3
240.238 71.369 21.179 21 25 17 599 3
240.238 71.369 21.179 22 25 17 599 3
240.238 71.369 21.179 23 25 17 599 3
240.238 71.369 21.179 24 25 17 599 3
240.238 71.369 21.179 25 25 17 599 3
240.238 71.369 21.179 26 25 17 599 3
240.238 71.369 21.179 27 25 17 599 3
240.238 71.369 21.179 28 25 17 599 3
240.238 71.369 21.179 29 25 17 599 3
240.238 71.369 21.179 30 25 17 599 3
78.474 100.324 219.654 1 26 17 201 1
63.652 23.425 208.416 2 26 17 604 4
63.652 23.425 208.416 3 26 17 604 4
63.652 23.425 208.416 4 26 17 604 4
63.652 23.425 208.416 5 26 17 604 4
63.652 23.425 208.416 6 26 17 604 4
63.652 23.425 208.416 7 26 17 604 4
63.652 23.425 208.416 8 26 17 604 4
63.652 23.425 208.416 9 26 17 604 4
63.652 23.425 208.416 10 26 17 604 4
63.652 23.425 208.416 11 26 17 604 4
143.611 113.591 308.855 12 26 17 238 1
240.238 71.369 21.179 13 26 17 599 3
240.238 71.369 21.179 14 26 17 599 3
240.238 71.369 21.179 15 26 17 599 3
240.238 71.369 21.179 16 26 17 599 3
240.238 71.369 21.179 17 26 17 599 3
240.238 71.369 21.179 18 26 17 599 3
240.238 71.369 21.179 19 26 17 599 3
240.238 71.369 21.179 20 26 17 599 3
240.238 71.369 21.179 21 26 17 599 3
240.238 71.369 21.179 22 26 17 599 3
240.238 71.369 21.179 23 26 17 599 3
240.238 71.369 21.179 24 26 17 599 3
240.238 71.369 21.179 25 26 17 599 3
240.238 71.369 21.179 26 26 17 599 3
240.238 71.369 21.179 27 26 17 599 3
240.238 71.369 21.179 28 26 17 599 3
240.238 71.369 21.179 29 26 17 599 3
240.238 71.369 21.179 30 26 17 599 3
63.652 23.425 208.416 1 27 17 604 4
63.652 23.425 208.416 2 27 17 604 4
63.652 23.425 208.416 3 27 17 604 4
63.652 23.425 208.416 4 27 17 604 4
63.652 23.425 208.416 5 27 17 604 4
63.652 23.425 208.416 6 27 17 604 4
63.652 23.425 208.416 7 27 17 604 4
63.652 23.425 208.416 8 27 17 604 4
63.652 23.425 208.416 9 27 17 604 4
63.652 23.425 208.416 10 27 17 604 4
63.652 23.425 208.416 11 27 17 604 4
63.652 23.425 208.416 12 27 17 604 4
63.652 23.425 208.416 13 27 17 604 4
63.652 23.425 208.416 14 27 17 604 4
240.238 71.369 21.179 15 27 17 599 3
240.238 71.369 21.179 16 27 17 599 3
240.238 71.369 21.179 17 27 17 599 3
240.238 71.369 21.179 18 27 17 599 3
240.238 71.369 21.179 19 27 17 599 3
240.238 71.369 21.179 20 27 17 599 3
240.238 71.369 21.179 21 27 17 599 3
240.238 71.369 21.179 22 27 17 599 3
240.238 71.369 21.179 23 27 17 599 3
240.238 71.369 21.179 24 27 17 599 3
240.238 71.369 21.179 25 27 17 599 3
240.238 71.369 21.179 26 27 17 599 3
240.238 71.369 21.179 27 27 17 599 3
240.238 71.369 21.179 28 27 17 599 3
240.238 71.369 21.179 29 27 17 599 3
240.238 71.369 21.179 30 27 17 599 3
63.652 23.425 208.416 1 28 17 604 4
63.652 23.425 208.416 2 28 17 604 4
63.652 23.425 208.416 3 28 17 604 4
63.652 23.425 208.416 4 28 17 604 4
63.652 23.425 208.416 5 28 17 604 4
63.652 23.425 208.416 6 28 17 604 4
63.652 23.425 208.416 7 28 17 604 4
63.652 23.425 208.416 8 28 17 604 4
63.652 23.425 208.416 9 28 17 604 4
63.652 23.425 208.416 10 28 17 604 4
63.652 23.425 208.416 11 28 17 604 4
63.652 23.425 208.416 12 28 17 604 4
63.652 23.425 208.416 13 28 17 604 4
63.652 23.425 208.416 14 28 17 604 4
283.313 56.048 206.064 15 28 17 29 1
342.251 155.332 358.891 16 28 17 638 1
329.004 10.911 349.036 17 28 17 75 1
240.238 71.369 21.179 18 28 17 599 3
240.238 71.369 21.179 19 28 17 599 3
240.238 71.369 21.179 20 28 17 599 3
240.238 71.369 21.179 21 28 17 599 3
51.462 108.352 302.112 22 28 17 374 1
240.238 71.369 21.179 23 28 17 599 3
240.238 71.369 21.179 24 28 17 599 3
240.238 71.369 21.179 25 28 17 599 3
240.238 71.369 21.179 26 28 17 599 3
148.837 14.311 16.900 27 28 17 681 4
148.837 14.311 16.900 28 28 17 681 4
148.837 14.311 16.900 29 28 17 681 4
148.837 14.311 16.900 30 28 17 681 4
63.652 23.425 208.416 1 29 17 604 4
63.652 23.425 208.416 2 29 17 604 4
63.652 23.425 208.416 3 29 17 604 4
63.652 23.425 208.416 4 29 17 604 4
63.652 23.425 208.416 5 29 17 604 4
63.652 23.425 208.416 6 29 17 604 4
63.652 23.425 208.416 7 29 17 604 4
63.652 23.425 208.416 8 29 17 604 4
63.652 23.425 208.416 9 29 17 604 4
63.652 23.425 208.416 10 29 17 604 4
63.652 23.425 208.416 11 29 17 604 4
63.652 23.425 208.416 12 29 17 604 4
63.652 23.425 208.416 13 29 17 604 4
283.313 56.048 206.064 14 29 17 29 1
283.313 56.048 206.064 15 29 17 29 1
283.313 56.048 206.064 16 29 17 29 1
342.251 155.332 358.891 17 29 17 638 1
342.251 155.332 358.891 18 29 17 638 1
49.442 150.046 320.277 19 29 17 511 2
49.442 150.046 320.277 20 29 17 511 2
49.442 150.046 320.277 21 29 17 511 2
51.462 108.352 302.112 22 29 17 374 1
337.901 130.572 318.956 23 29 17 435 1
337.901 130.572 318.956 24 29 17 435 1
337.901 130.572 318.956 25 29 17 435 1
148.837 14.311 16.900 26 29 17 681 4
148.837 14.311 16.900 27 29 17 681 4
148.837 14.311 16.900 28 29 17 681 4
148.837 14.311 16.900 29 29 17 681 4
148.837 14.311 16.900 30 29 17 681 4
63.652 23.425 208.416 1 30 17 604 4
63.652 23.425 208.416 2 30 17 604 4
63.652 23.425 208.416 3 30 17 604 4
63.652 23.425 208.416 4 30 17 604 4
63.652 23.425 208.416 5 30 17 604 4
63.652 23.425 208.416 6 30 17 604 4
63.652 23.425 208.416 7 30 17 604 4
63.652 23.425 208.416 8 30 17 604 4
63.652 23.425 208.416 9 30 17 604 4
63.652 23.425 208.416 10 30 17 604 4
63.652 23.425 208.416 11 30 17 604 4
63.652 23.425 208.416 12 30 17 604 4
63.652 23.425 208.416 13 30 17 604 4
283.313 56.048 206.064 14 30 17 29 1
283.313 56.048 206.064 15 30 17 29 1
283.313 56.048 206.064 16 30 17 29 1
283.313 56.048 206.064 17 30 17 29 1
49.442 150.046 320.277 18 30 17 511 2
49.442 150.046 320.277 19 30 17 511 2
49.442 150.046 320.277 20 30 17 511 2
184.491 88.027 237.039 21 30 17 632 1
184.491 88.027 237.039 22 30 17 632 1
337.901 130.572 318.956 23 30 17 435 1
337.901 130.572 318.956 24 30 17 435 1
337.901 130.572 318.956 25 30 17 435 1
122.095 104.675 295.619 26 30 17 78 1
51.553 64.020 37.694 27 30 17 503 2
51.553 64.020 37.694 28 30 17 503 2
148.837 14.311 16.900 29 30 17 681 4
148.837 14.311 16.900 30 30 17 681 4
