171.838 72.649 333.505 1 1 5 610 4
171.838 72.649 333.505 2 1 5 610 4
171.838 72.649 333.505 3 1 5 610 4
171.838 72.649 333.505 4 1 5 610 4
171.838 72.649 333.505 5 1 5 610 4
171.838 72.649 333.505 6 1 5 610 4
171.838 72.649 333.505 7 1 5 610 4
171.838 72.649 333.505 8 1 5 610 4
171.838 72.649 333.505 9 1 5 610 4
171.838 72.649 333.505 10 1 5 610 4
171.838 72.649 333.505 11 1 5 610 4
312.543 116.881 338.505 12 1 5 7 1
312.543 116.881 338.505 13 1 5 7 1
312.543 116.881 338.505 14 1 5 7 1
312.543 116.881 338.505 15 1 5 7 1
312.543 116.881 338.505 16 1 5 7 1
60.353 48.193 152.148 17 1 5 608 4
60.353 48.193 152.148 18 1 5 608 4
60.353 48.193 152.148 19 1 5 608 4
60.353 48.193 152.148 20 1 5 608 4
293.628 96.686 225.949 21 1 5 578 2
293.628 96.686 225.949 22 1 5 578 2
293.628 96.686 225.949 23 1 5 578 2
293.628 96.686 225.949 24 1 5 578 2
203.168 87.210 188.550 25 1 5 596 3
203.168 87.210 188.550 26 1 5 596 3
203.168 87.210 188.550 27 1 5 596 3
203.168 87.210 188.550 28 1 5 596 3
203.168 87.210 188.550 29 1 5 596 3
152.087 34.567 215.997 30 1 5 597 3
171.838 72.649 333.505 1 2 5 610 4
171.838 72.649 333.505 2 2 5 610 4
171.838 72.649 333.505 3 2 5 610 4
171.838 72.649 333.505 4 2 5 610 4
171.838 72.649 333.505 5 2 5 610 4
171.838 72.649 333.505 6 2 5 610 4
171.838 72.649 333.505 7 2 5 610 4
171.838 72.649 333.505 8 2 5 610 4
171.838 72.649 333.505 9 2 5 610 4
171.838 72.649 333.505 10 2 5 610 4
171.838 72.649 333.505 11 2 5 610 4
312.543 116.881 338.505 12 2 5 7 1
312.543 116.881 338.505 13 2 5 7 1
312.543 116.881 338.505 14 2 5 7 1
312.543 116.881 338.505 15 2 5 7 1
312.543 116.881 338.505 16 2 5 7 1
60.353 48.193 152.148 17 2 5 608 4
60.353 48.193 152.148 18 2 5 608 4
60.353 48.193 152.148 19 2 5 608 4
60.353 48.193 152.148 20 2 5 608 4
293.628 96.686 225.949 21 2 5 578 2
293.628 96.686 225.949 22 2 5 578 2
293.628 96.686 225.949 23 2 5 578 2
293.628 96.686 225.949 24 2 5 578 2
203.168 87.210 188.550 25 2 5 596 3
203.168 87.210 188.550 26 2 5 596 3
203.168 87.210 188.550 27 2 5 596 3
203.168 87.210 188.550 28 2 5 596 3
152.087 34.567 215.997 29 2 5 597 3
152.087 34.567 215.997 30 2 5 597 3
171.838 72.649 333.505 1 3 5 610 4
171.838 72.649 333.505 2 3 5 610 4
171.838 72.649 333.505 3 3 5 610 4
171.838 72.649 333.505 4 3 5 610 4
171.838 72.649 333.505 5 3 5 610 4
171.838 72.649 333.505 6 3 5 610 4
171.838 72.649 333.505 7 3 5 610 4
171.838 72.649 333.505 8 3 5 610 4
171.838 72.649 333.505 9 3 5 610 4
171.838 72.649 333.505 10 3 5 610 4
171.838 72.649 333.505 11 3 5 610 4
5.312 124.894 150.841 12 3 5 23 1
5.312 124.894 150.841 13 3 5 23 1
312.543 116.881 338.505 14 3 5 7 1
312.543 116.881 338.505 15 3 5 7 1
20.233 90.663 195.216 16 3 5 527 2
60.353 48.193 152.148 17 3 5 608 4
60.353 48.193 152.148 18 3 5 608 4
60.353 48.193 152.148 19 3 5 608 4
60.353 48.193 152.148 20 3 5 608 4
293.628 96.686 225.949 21 3 5 578 2
293.628 96.686 225.949 22 3 5 578 2
293.628 96.686 225.949 23 3 5 578 2
293.628 96.686 225.949 24 3 5 578 2
293.628 96.686 225.949 25 3 5 578 2
203.168 87.210 188.550 26 3 5 596 3
203.168 87.210 188.550 27 3 5 596 3
152.087 34.567 215.997 28 3 5 597 3
152.087 34.567 215.997 29 3 5 597 3
152.087 34.567 215.997 30 3 5 597 3
171.838 72.649 333.505 1 4 5 610 4
171.838 72.649 333.505 2 4 5 610 4
171.838 72.649 333.505 3 4 5 610 4
171.838 72.649 333.505 4 4 5 610 4
171.838 72.649 333.505 5 4 5 610 4
171.838 72.649 333.505 6 4 5 610 4
171.838 72.649 333.505 7 4 5 610 4
171.838 72.649 333.505 8 4 5 610 4
171.838 72.649 333.505 9 4 5 610 4
42.412 102.191 167.015 10 4 5 227 1
42.412 102.191 167.015 11 4 5 227 1
5.312 124.894 150.841 12 4 5 23 1
5.312 124.894 150.841 13 4 5 23 1
20.233 90.663 195.216 14 4 5 527 2
20.233 90.663 195.216 15 4 5 527 2
20.233 90.663 195.216 16 4 5 527 2
20.233 90.663 195.216 17 4 5 527 2
60.353 48.193 152.148 18 4 5 608 4
60.353 48.193 152.148 19 4 5 608 4
293.628 96.686 225.949 20 4 5 578 2
293.628 96.686 225.949 21 4 5 578 2
293.628 96.686 225.949 22 4 5 578 2
293.628 96.686 225.949 23 4 5 578 2
293.628 96.686 225.949 24 4 5 578 2
240.238 71.369 21.179 25 4 5 599 3
240.238 71.369 21.179 26 4 5 599 3
240.238 71.369 21.179 27 4 5 599 3
152.087 34.567 215.997 28 4 5 597 3
152.087 34.567 215.997 29 4 5 597 3
152.087 34.567 215.997 30 4 5 597 3
171.838 72.649 333.505 1 5 5 610 4
171.838 72.649 333.505 2 5 5 610 4
171.838 72.649 333.505 3 5 5 610 4
171.838 72.649 333.505 4 5 5 610 4
171.838 72.649 333.505 5 5 5 610 4
171.838 72.649 333.505 6 5 5 610 4
171.838 72.649 333.505 7 5 5 610 4
171.838 72.649 333.505 8 5 5 610 4
171.838 72.649 333.505 9 5 5 610 4
42.412 102.191 167.015 10 5 5 227 1
42.412 102.191 167.015 11 5 5 227 1
42.412 102.191 167.015 12 5 5 227 1
20.233 90.663 195.216 13 5 5 527 2
20.233 90.663 195.216 14 5 5 527 2
20.233 90.663 195.216 15 5 5 527 2
20.233 90.663 195.216 16 5 5 527 2
20.233 90.663 195.216 17 5 5 527 2
240.238 71.369 21.179 18 5 5 599 3
240.238 71.369 21.179 19 5 5 599 3
293.628 96.686 225.949 20 5 5 578 2
293.628 96.686 225.949 21 5 5 578 2
293.628 96.686 225.949 22 5 5 578 2
293.628 96.686 225.949 23 5 5 578 2
240.238 71.369 21.179 24 5 5 599 3
240.238 71.369 21.179 25 5 5 599 3
240.238 71.369 21.179 26 5 5 599 3
240.238 71.369 21.179 27 5 5 599 3
240.238 71.369 21.179 28 5 5 599 3
240.238 71.369 21.179 29 5 5 599 3
152.087 34.567 215.997 30 5 5 597 3
171.838 72.649 333.505 1 6 5 610 4
171.838 72.649 333.505 2 6 5 610 4
171.838 72.649 333.505 3 6 5 610 4
171.838 72.649 333.505 4 6 5 610 4
171.838 72.649 333.505 5 6 5 610 4
171.838 72.649 333.505 6 6 5 610 4
171.838 72.649 333.505 7 6 5 610 4
171.838 72.649 333.505 8 6 5 610 4
171.838 72.649 333.505 9 6 5 610 4
42.412 102.191 167.015 10 6 5 227 1
42.412 102.191 167.015 11 6 5 227 1
42.412 102.191 167.015 12 6 5 227 1
20.233 90.663 195.216 13 6 5 527 2
20.233 90.663 195.216 14 6 5 527 2
20.233 90.663 195.216 15 6 5 527 2
20.233 90.663 195.216 16 6 5 527 2
240.238 71.369 21.179 17 6 5 599 3
240.238 71.369 21.179 18 6 5 599 3
240.238 71.369 21.179 19 6 5 599 3
240.238 71.369 21.179 20 6 5 599 3
240.238 71.369 21.179 21 6 5 599 3
293.628 96.686 225.949 22 6 5 578 2
240.238 71.369 21.179 23 6 5 599 3
240.238 71.369 21.179 24 6 5 599 3
240.238 71.369 21.179 25 6 5 599 3
240.238 71.369 21.179 26 6 5 599 3
240.238 71.369 21.179 27 6 5 599 3
240.238 71.369 21.179 28 6 5 599 3
240.238 71.369 21.179 29 6 5 599 3
240.238 71.369 21.179 30 6 5 599 3
171.838 72.649 333.505 1 7 5 610 4
171.838 72.649 333.505 2 7 5 610 4
171.838 72.649 333.505 3 7 5 610 4
151.296 138.434 196.824 4 7 5 667 2
171.838 72.649 333.505 5 7 5 610 4
171.838 72.649 333.505 6 7 5 610 4
171.838 72.649 333.505 7 7 5 610 4
171.838 72.649 333.505 8 7 5 610 4
171.838 72.649 333.505 9 7 5 610 4
42.412 102.191 167.015 10 7 5 227 1
42.412 102.191 167.015 11 7 5 227 1
240.238 71.369 21.179 12 7 5 599 3
240.238 71.369 21.179 13 7 5 599 3
240.238 71.369 21.179 14 7 5 599 3
20.233 90.663 195.216 15 7 5 527 2
20.233 90.663 195.216 16 7 5 527 2
240.238 71.369 21.179 17 7 5 599 3
240.238 71.369 21.179 18 7 5 599 3
240.238 71.369 21.179 19 7 5 599 3
240.238 71.369 21.179 20 7 5 599 3
240.238 71.369 21.179 21 7 5 599 3
240.238 71.369 21.179 22 7 5 599 3
240.238 71.369 21.179 23 7 5 599 3
240.238 71.369 21.179 24 7 5 599 3
240.238 71.369 21.179 25 7 5 599 3
240.238 71.369 21.179 26 7 5 599 3
240.238 71.369 21.179 27 7 5 599 3
240.238 71.369 21.179 28 7 5 599 3
240.238 71.369 21.179 29 7 5 599 3
240.238 71.369 21.179 30 7 5 599 3
171.838 72.649 333.505 1 8 5 610 4
171.838 72.649 333.505 2 8 5 610 4
171.838 72.649 333.505 3 8 5 610 4
171.838 72.649 333.505 4 8 5 610 4
171.838 72.649 333.505 5 8 5 610 4
171.838 72.649 333.505 6 8 5 610 4
171.838 72.649 333.505 7 8 5 610 4
171.838 72.649 333.505 8 8 5 610 4
171.838 72.649 333.505 9 8 5 610 4
42.412 102.191 167.015 10 8 5 227 1
240.238 71.369 21.179 11 8 5 599 3
240.238 71.369 21.179 12 8 5 599 3
240.238 71.369 21.179 13 8 5 599 3
240.238 71.369 21.179 14 8 5 599 3
240.238 71.369 21.179 15 8 5 599 3
240.238 71.369 21.179 16 8 5 599 3
240.238 71.369 21.179 17 8 5 599 3
240.238 71.369 21.179 18 8 5 599 3
240.238 71.369 21.179 19 8 5 599 3
240.238 71.369 21.179 20 8 5 599 3
240.238 71.369 21.179 21 8 5 599 3
240.238 71.369 21.179 22 8 5 599 3
240.238 71.369 21.179 23 8 5 599 3
240.238 71.369 21.179 24 8 5 599 3
240.238 71.369 21.179 25 8 5 599 3
240.238 71.369 21.179 26 8 5 599 3
240.238 71.369 21.179 27 8 5 599 3
240.238 71.369 21.179 28 8 5 599 3
240.238 71.369 21.179 29 8 5 599 3
240.238 71.369 21.179 30 8 5 599 3
171.838 72.649 333.505 1 9 5 610 4
171.838 72.649 333.505 2 9 5 610 4
171.838 72.649 333.505 3 9 5 610 4
171.838 72.649 333.505 4 9 5 610 4
171.838 72.649 333.505 5 9 5 610 4
269.246 163.841 282.774 6 9 5 531 2
171.838 72.649 333.505 7 9 5 610 4
171.838 72.649 333.505 8 9 5 610 4
240.238 71.369 21.179 9 9 5 599 3
240.238 71.369 21.179 10 9 5 599 3
240.238 71.369 21.179 11 9 5 599 3
240.238 71.369 21.179 12 9 5 599 3
240.238 71.369 21.179 13 9 5 599 3
240.238 71.369 21.179 14 9 5 599 3
240.238 71.369 21.179 15 9 5 599 3
240.238 71.369 21.179 16 9 5 599 3
240.238 71.369 21.179 17 9 5 599 3
240.238 71.369 21.179 18 9 5 599 3
240.238 71.369 21.179 19 9 5 599 3
240.238 71.369 21.179 20 9 5 599 3
240.238 71.369 21.179 21 9 5 599 3
240.238 71.369 21.179 22 9 5 599 3
240.238 71.369 21.179 23 9 5 599 3
240.238 71.369 21.179 24 9 5 599 3
240.238 71.369 21.179 25 9 5 599 3
240.238 71.369 21.179 26 9 5 599 3
240.238 71.369 21.179 27 9 5 599 3
240.238 71.369 21.179 28 9 5 599 3
240.238 71.369 21.179 29 9 5 599 3
240.238 71.369 21.179 30 9 5 599 3
171.838 72.649 333.505 1 10 5 610 4
171.838 72.649 333.505 2 10 5 610 4
171.838 72.649 333.505 3 10 5 610 4
171.838 72.649 333.505 4 10 5 610 4
269.246 163.841 282.774 5 10 5 531 2
269.246 163.841 282.774 6 10 5 531 2
269.246 163.841 282.774 7 10 5 531 2
240.238 71.369 21.179 8 10 5 599 3
240.238 71.369 21.179 9 10 5 599 3
240.238 71.369 21.179 10 10 5 599 3
240.238 71.369 21.179 11 10 5 599 3
240.238 71.369 21.179 12 10 5 599 3
240.238 71.369 21.179 13 10 5 599 3
240.238 71.369 21.179 14 10 5 599 3
240.238 71.369 21.179 15 10 5 599 3
240.238 71.369 21.179 16 10 5 599 3
240.238 71.369 21.179 17 10 5 599 3
240.238 71.369 21.179 18 10 5 599 3
240.238 71.369 21.179 19 10 5 599 3
240.238 71.369 21.179 20 10 5 599 3
240.238 71.369 21.179 21 10 5 599 3
240.238 71.369 21.179 22 10 5 599 3
240.238 71.369 21.179 23 10 5 599 3
240.238 71.369 21.179 24 10 5 599 3
240.238 71.369 21.179 25 10 5 599 3
240.238 71.369 21.179 26 10 5 599 3
240.238 71.369 21.179 27 10 5 599 3
240.238 71.369 21.179 28 10 5 599 3
240.238 71.369 21.179 29 10 5 599 3
240.238 71.369 21.179 30 10 5 599 3
171.838 72.649 333.505 1 11 5 610 4
171.838 72.649 333.505 2 11 5 610 4
171.838 72.649 333.505 3 11 5 610 4
171.838 72.649 333.505 4 11 5 610 4
269.246 163.841 282.774 5 11 5 531 2
269.246 163.841 282.774 6 11 5 531 2
269.246 163.841 282.774 7 11 5 531 2
240.238 71.369 21.179 8 11 5 599 3
240.238 71.369 21.179 9 11 5 599 3
240.238 71.369 21.179 10 11 5 599 3
240.238 71.369 21.179 11 11 5 599 3
240.238 71.369 21.179 12 11 5 599 3
240.238 71.369 21.179 13 11 5 599 3
240.238 71.369 21.179 14 11 5 599 3
240.238 71.369 21.179 15 11 5 599 3
240.238 71.369 21.179 16 11 5 599 3
240.238 71.369 21.179 17 11 5 599 3
240.238 71.369 21.179 18 11 5 599 3
240.238 71.369 21.179 19 11 5 599 3
240.238 71.369 21.179 20 11 5 599 3
240.238 71.369 21.179 21 11 5 599 3
240.238 71.369 21.179 22 11 5 599 3
240.238 71.369 21.179 23 11 5 599 3
240.238 71.369 21.179 24 11 5 599 3
240.238 71.369 21.179 25 11 5 599 3
240.238 71.369 21.179 26 11 5 599 3
240.238 71.369 21.179 27 11 5 599 3
240.238 71.369 21.179 28 11 5 599 3
240.238 71.369 21.179 29 11 5 599 3
240.238 71.369 21.179 30 11 5 599 3
83.243 121.801 182.388 1 12 5 591 2
83.243 121.801 182.388 2 12 5 591 2
171.838 72.649 333.505 3 12 5 610 4
171.838 72.649 333.505 4 12 5 610 4
269.246 163.841 282.774 5 12 5 531 2
269.246 163.841 282.774 6 12 5 531 2
240.238 71.369 21.179 7 12 5 599 3
240.238 71.369 21.179 8 12 5 599 3
240.238 71.369 21.179 9 12 5 599 3
240.238 71.369 21.179 10 12 5 599 3
240.238 71.369 21.179 11 12 5 599 3
240.238 71.369 21.179 12 12 5 599 3
240.238 71.369 21.179 13 12 5 599 3
240.238 71.369 21.179 14 12 5 599 3
240.238 71.369 21.179 15 12 5 599 3
240.238 71.369 21.179 16 12 5 599 3
240.238 71.369 21.179 17 12 5 599 3
240.238 71.369 21.179 18 12 5 599 3
240.238 71.369 21.179 19 12 5 599 3
240.238 71.369 21.179 20 12 5 599 3
240.238 71.369 21.179 21 12 5 599 3
240.238 71.369 21.179 22 12 5 599 3
240.238 71.369 21.179 23 12 5 599 3
240.238 71.369 21.179 24 12 5 599 3
240.238 71.369 21.179 25 12 5 599 3
240.238 71.369 21.179 26 12 5 599 3
240.238 71.369 21.179 27 12 5 599 3
240.238 71.369 21.179 28 12 5 599 3
240.238 71.369 21.179 29 12 5 599 3
240.238 71.369 21.179 30 12 5 599 3
83.243 121.801 182.388 1 13 5 591 2
304.891 128.549 25.116 2 13 5 554 2
304.891 128.549 25.116 3 13 5 554 2
304.891 128.549 25.116 4 13 5 554 2
226.708 145.592 161.676 5 13 5 490 2
240.238 71.369 21.179 6 13 5 599 3
240.238 71.369 21.179 7 13 5 599 3
240.238 71.369 21.179 8 13 5 599 3
240.238 71.369 21.179 9 13 5 599 3
240.238 71.369 21.179 10 13 5 599 3
240.238 71.369 21.179 11 13 5 599 3
240.238 71.369 21.179 12 13 5 599 3
240.238 71.369 21.179 13 13 5 599 3
240.238 71.369 21.179 14 13 5 599 3
240.238 71.369 21.179 15 13 5 599 3
240.238 71.369 21.179 16 13 5 599 3
240.238 71.369 21.179 17 13 5 599 3
240.238 71.369 21.179 18 13 5 599 3
240.238 71.369 21.179 19 13 5 599 3
240.238 71.369 21.179 20 13 5 599 3
240.238 71.369 21.179 21 13 5 599 3
240.238 71.369 21.179 22 13 5 599 3
240.238 71.369 21.179 23 13 5 599 3
240.238 71.369 21.179 24 13 5 599 3
240.238 71.369 21.179 25 13 5 599 3
240.238 71.369 21.179 26 13 5 599 3
240.238 71.369 21.179 27 13 5 599 3
240.238 71.369 21.179 28 13 5 599 3
240.238 71.369 21.179 29 13 5 599 3
240.238 71.369 21.179 30 13 5 599 3
209.751 56.531 13.860 1 14 5 656 1
209.751 56.531 13.860 2 14 5 656 1
304.891 128.549 25.116 3 14 5 554 2
304.891 128.549 25.116 4 14 5 554 2
240.238 71.369 21.179 5 14 5 599 3
240.238 71.369 21.179 6 14 5 599 3
240.238 71.369 21.179 7 14 5 599 3
240.238 71.369 21.179 8 14 5 599 3
240.238 71.369 21.179 9 14 5 599 3
240.238 71.369 21.179 10 14 5 599 3
240.238 71.369 21.179 11 14 5 599 3
240.238 71.369 21.179 12 14 5 599 3
240.238 71.369 21.179 13 14 5 599 3
240.238 71.369 21.179 14 14 5 599 3
240.238 71.369 21.179 15 14 5 599 3
240.238 71.369 21.179 16 14 5 599 3
240.238 71.369 21.179 17 14 5 599 3
240.238 71.369 21.179 18 14 5 599 3
240.238 71.369 21.179 19 14 5 599 3
240.238 71.369 21.179 20 14 5 599 3
240.238 71.369 21.179 21 14 5 599 3
240.238 71.369 21.179 22 14 5 599 3
240.238 71.369 21.179 23 14 5 599 3
240.238 71.369 21.179 24 14 5 599 3
240.238 71.369 21.179 25 14 5 599 3
240.238 71.369 21.179 26 14 5 599 3
240.238 71.369 21.179 27 14 5 599 3
240.238 71.369 21.179 28 14 5 599 3
240.238 71.369 21.179 29 14 5 599 3
240.238 71.369 21.179 30 14 5 599 3
209.751 56.531 13.860 1 15 5 656 1
209.751 56.531 13.860 2 15 5 656 1
209.751 56.531 13.860 3 15 5 656 1
228.538 167.974 278.522 4 15 5 452 1
240.238 71.369 21.179 5 15 5 599 3
240.238 71.369 21.179 6 15 5 599 3
240.238 71.369 21.179 7 15 5 599 3
240.238 71.369 21.179 8 15 5 599 3
240.238 71.369 21.179 9 15 5 599 3
240.238 71.369 21.179 10 15 5 599 3
240.238 71.369 21.179 11 15 5 599 3
240.238 71.369 21.179 12 15 5 599 3
240.238 71.369 21.179 13 15 5 599 3
240.238 71.369 21.179 14 15 5 599 3
240.238 71.369 21.179 15 15 5 599 3
240.238 71.369 21.179 16 15 5 599 3
240.238 71.369 21.179 17 15 5 599 3
240.238 71.369 21.179 18 15 5 599 3
240.238 71.369 21.179 19 15 5 599 3
240.238 71.369 21.179 20 15 5 599 3
240.238 71.369 21.179 21 15 5 599 3
240.238 71.369 21.179 22 15 5 599 3
240.238 71.369 21.179 23 15 5 599 3
240.238 71.369 21.179 24 15 5 599 3
240.238 71.369 21.179 25 15 5 599 3
240.238 71.369 21.179 26 15 5 599 3
240.238 71.369 21.179 27 15 5 599 3
240.238 71.369 21.179 28 15 5 599 3
240.238 71.369 21.179 29 15 5 599 3
240.238 71.369 21.179 30 15 5 599 3
209.751 56.531 13.860 1 16 5 656 1
209.751 56.531 13.860 2 16 5 656 1
209.751 56.531 13.860 3 16 5 656 1
228.538 167.974 278.522 4 16 5 452 1
12.769 117.104 293.715 5 16 5 253 1
103.356 36.809 100.762 6 16 5 614 4
240.238 71.369 21.179 7 16 5 599 3
240.238 71.369 21.179 8 16 5 599 3
240.238 71.369 21.179 9 16 5 599 3
240.238 71.369 21.179 10 16 5 599 3
240.238 71.369 21.179 11 16 5 599 3
240.238 71.369 21.179 12 16 5 599 3
240.238 71.369 21.179 13 16 5 599 3
240.238 71.369 21.179 14 16 5 599 3
240.238 71.369 21.179 15 16 5 599 3
240.238 71.369 21.179 16 16 5 599 3
240.238 71.369 21.179 17 16 5 599 3
240.238 71.369 21.179 18 16 5 599 3
240.238 71.369 21.179 19 16 5 599 3
240.238 71.369 21.179 20 16 5 599 3
240.238 71.369 21.179 21 16 5 599 3
240.238 71.369 21.179 22 16 5 599 3
240.238 71.369 21.179 23 16 5 599 3
240.238 71.369 21.179 24 16 5 599 3
240.238 71.369 21.179 25 16 5 599 3
240.238 71.369 21.179 26 16 5 599 3
240.238 71.369 21.179 27 16 5 599 3
240.238 71.369 21.179 28 16 5 599 3
240.238 71.369 21.179 29 16 5 599 3
240.238 71.369 21.179 30 16 5 599 3
103.356 36.809 100.762 1 17 5 614 4
103.356 36.809 100.762 2 17 5 614 4
103.356 36.809 100.762 3 17 5 614 4
103.356 36.809 100.762 4 17 5 614 4
103.356 36.809 100.762 5 17 5 614 4
103.356 36.809 100.762 6 17 5 614 4
103.356 36.809 100.762 7 17 5 614 4
240.238 71.369 21.179 8 17 5 599 3
240.238 71.369 21.179 9 17 5 599 3
240.238 71.369 21.179 10 17 5 599 3
240.238 71.369 21.179 11 17 5 599 3
240.238 71.369 21.179 12 17 5 599 3
240.238 71.369 21.179 13 17 5 599 3
240.238 71.369 21.179 14 17 5 599 3
240.238 71.369 21.179 15 17 5 599 3
240.238 71.369 21.179 16 17 5 599 3
240.238 71.369 21.179 17 17 5 599 3
240.238 71.369 21.179 18 17 5 599 3
240.238 71.369 21.179 19 17 5 599 3
240.238 71.369 21.179 20 17 5 599 3
240.238 71.369 21.179 21 17 5 599 3
240.238 71.369 21.179 22 17 5 599 3
240.238 71.369 21.179 23 17 5 599 3
240.238 71.369 21.179 24 17 5 599 3
240.238 71.369 21.179 25 17 5 599 3
240.238 71.369 21.179 26 17 5 599 3
240.238 71.369 21.179 27 17 5 599 3
240.238 71.369 21.179 28 17 5 599 3
240.238 71.369 21.179 29 17 5 599 3
240.238 71.369 21.179 30 17 5 599 3
103.356 36.809 100.762 1 18 5 614 4
103.356 36.809 100.762 2 18 5 614 4
103.356 36.809 100.762 3 18 5 614 4
103.356 36.809 100.762 4 18 5 614 4
103.356 36.809 100.762 5 18 5 614 4
103.356 36.809 100.762 6 18 5 614 4
103.356 36.809 100.762 7 18 5 614 4
103.356 36.809 100.762 8 18 5 614 4
240.238 71.369 21.179 9 18 5 599 3
240.238 71.369 21.179 10 18 5 599 3
240.238 71.369 21.179 11 18 5 599 3
240.238 71.369 21.179 12 18 5 599 3
240.238 71.369 21.179 13 18 5 599 3
240.238 71.369 21.179 14 18 5 599 3
240.238 71.369 21.179 15 18 5 599 3
240.238 71.369 21.179 16 18 5 599 3
240.238 71.369 21.179 17 18 5 599 3
240.238 71.369 21.179 18 18 5 599 3
240.238 71.369 21.179 19 18 5 599 3
240.238 71.369 21.179 20 18 5 599 3
240.238 71.369 21.179 21 18 5 599 3
240.238 71.369 21.179 22 18 5 599 3
240.238 71.369 21.179 23 18 5 599 3
240.238 71.369 21.179 24 18 5 599 3
240.238 71.369 21.179 25 18 5 599 3
240.238 71.369 21.179 26 18 5 599 3
240.238 71.369 21.179 27 18 5 599 3
240.238 71.369 21.179 28 18 5 599 3
240.238 71.369 21.179 29 18 5 599 3
240.238 71.369 21.179 30 18 5 599 3
103.356 36.809 100.762 1 19 5 614 4
103.356 36.809 100.762 2 19 5 614 4
111.895 10.663 272.664 3 19 5 308 1
89.088 140.768 275.314 4 19 5 588 2
103.356 36.809 100.762 5 19 5 614 4
103.356 36.809 100.762 6 19 5 614 4
103.356 36.809 100.762 7 19 5 614 4
103.356 36.809 100.762 8 19 5 614 4
240.238 71.369 21.179 9 19 5 599 3
240.238 71.369 21.179 10 19 5 599 3
240.238 71.369 21.179 11 19 5 599 3
240.238 71.369 21.179 12 19 5 599 3
240.238 71.369 21.179 13 19 5 599 3
240.238 71.369 21.179 14 19 5 599 3
240.238 71.369 21.179 15 19 5 599 3
240.238 71.369 21.179 16 19 5 599 3
240.238 71.369 21.179 17 19 5 599 3
240.238 71.369 21.179 18 19 5 599 3
240.238 71.369 21.179 19 19 5 599 3
240.238 71.369 21.179 20 19 5 599 3
240.238 71.369 21.179 21 19 5 599 3
240.238 71.369 21.179 22 19 5 599 3
240.238 71.369 21.179 23 19 5 599 3
240.238 71.369 21.179 24 19 5 599 3
240.238 71.369 21.179 25 19 5 599 3
240.238 71.369 21.179 26 19 5 599 3
240.238 71.369 21.179 27 19 5 599 3
240.238 71.369 21.179 28 19 5 599 3
240.238 71.369 21.179 29 19 5 599 3
240.238 71.369 21.179 30 19 5 599 3
103.356 36.809 100.762 1 20 5 614 4
103.356 36.809 100.762 2 20 5 614 4
103.356 36.809 100.762 3 20 5 614 4
103.356 36.809 100.762 4 20 5 614 4
103.356 36.809 100.762 5 20 5 614 4
103.356 36.809 100.762 6 20 5 614 4
103.356 36.809 100.762 7 20 5 614 4
240.238 71.369 21.179 8 20 5 599 3
240.238 71.369 21.179 9 20 5 599 3
240.238 71.369 21.179 10 20 5 599 3
240.238 71.369 21.179 11 20 5 599 3
240.238 71.369 21.179 12 20 5 599 3
240.238 71.369 21.179 13 20 5 599 3
240.238 71.369 21.179 14 20 5 599 3
240.238 71.369 21.179 15 20 5 599 3
240.238 71.369 21.179 16 20 5 599 3
240.238 71.369 21.179 17 20 5 599 3
240.238 71.369 21.179 18 20 5 599 3
240.238 71.369 21.179 19 20 5 599 3
240.238 71.369 21.179 20 20 5 599 3
240.238 71.369 21.179 21 20 5 599 3
240.238 71.369 21.179 22 20 5 599 3
240.238 71.369 21.179 23 20 5 599 3
240.238 71.369 21.179 24 20 5 599 3
240.238 71.369 21.179 25 20 5 599 3
240.238 71.369 21.179 26 20 5 599 3
240.238 71.369 21.179 27 20 5 599 3
240.238 71.369 21.179 28 20 5 599 3
240.238 71.369 21.179 29 20 5 599 3
240.238 71.369 21.179 30 20 5 599 3
103.356 36.809 100.762 1 21 5 614 4
103.356 36.809 100.762 2 21 5 614 4
201.980 58.083 225.908 3 21 5 175 1
307.796 72.953 94.315 4 21 5 162 1
103.356 36.809 100.762 5 21 5 614 4
103.356 36.809 100.762 6 21 5 614 4
65.770 61.250 83.338 7 21 5 618 4
65.770 61.250 83.338 8 21 5 618 4
240.238 71.369 21.179 9 21 5 599 3
240.238 71.369 21.179 10 21 5 599 3
240.238 71.369 21.179 11 21 5 599 3
240.238 71.369 21.179 12 21 5 599 3
240.238 71.369 21.179 13 21 5 599 3
240.238 71.369 21.179 14 21 5 599 3
240.238 71.369 21.179 15 21 5 599 3
240.238 71.369 21.179 16 21 5 599 3
240.238 71.369 21.179 17 21 5 599 3
240.238 71.369 21.179 18 21 5 599 3
240.238 71.369 21.179 19 21 5 599 3
240.238 71.369 21.179 20 21 5 599 3
240.238 71.369 21.179 21 21 5 599 3
240.238 71.369 21.179 22 21 5 599 3
240.238 71.369 21.179 23 21 5 599 3
240.238 71.369 21.179 24 21 5 599 3
240.238 71.369 21.179 25 21 5 599 3
240.238 71.369 21.179 26 21 5 599 3
240.238 71.369 21.179 27 21 5 599 3
240.238 71.369 21.179 28 21 5 599 3
240.238 71.369 21.179 29 21 5 599 3
240.238 71.369 21.179 30 21 5 599 3
103.356 36.809 100.762 1 22 5 614 4
103.356 36.809 100.762 2 22 5 614 4
103.356 36.809 100.762 3 22 5 614 4
307.796 72.953 94.315 4 22 5 162 1
103.356 36.809 100.762 5 22 5 614 4
68.655 83.228 351.553 6 22 5 95 1
65.770 61.250 83.338 7 22 5 618 4
65.770 61.250 83.338 8 22 5 618 4
65.770 61.250 83.338 9 22 5 618 4
65.770 61.250 83.338 10 22 5 618 4
240.238 71.369 21.179 11 22 5 599 3
240.238 71.369 21.179 12 22 5 599 3
240.238 71.369 21.179 13 22 5 599 3
240.238 71.369 21.179 14 22 5 599 3
240.238 71.369 21.179 15 22 5 599 3
240.238 71.369 21.179 16 22 5 599 3
240.238 71.369 21.179 17 22 5 599 3
240.238 71.369 21.179 18 22 5 599 3
240.238 71.369 21.179 19 22 5 599 3
240.238 71.369 21.179 20 22 5 599 3
240.238 71.369 21.179 21 22 5 599 3
240.238 71.369 21.179 22 22 5 599 3
240.238 71.369 21.179 23 22 5 599 3
240.238 71.369 21.179 24 22 5 599 3
240.238 71.369 21.179 25 22 5 599 3
240.238 71.369 21.179 26 22 5 599 3
240.238 71.369 21.179 27 22 5 599 3
240.238 71.369 21.179 28 22 5 599 3
240.238 71.369 21.179 29 22 5 599 3
240.238 71.369 21.179 30 22 5 599 3
103.356 36.809 100.762 1 23 5 614 4
103.356 36.809 100.762 2 23 5 614 4
103.356 36.809 100.762 3 23 5 614 4
307.796 72.953 94.315 4 23 5 162 1
65.770 61.250 83.338 5 23 5 618 4
65.770 61.250 83.338 6 23 5 618 4
65.770 61.250 83.338 7 23 5 618 4
65.770 61.250 83.338 8 23 5 618 4
65.770 61.250 83.338 9 23 5 618 4
65.770 61.250 83.338 10 23 5 618 4
65.770 61.250 83.338 11 23 5 618 4
65.770 61.250 83.338 12 23 5 618 4
240.238 71.369 21.179 13 23 5 599 3
240.238 71.369 21.179 14 23 5 599 3
240.238 71.369 21.179 15 23 5 599 3
240.238 71.369 21.179 16 23 5 599 3
240.238 71.369 21.179 17 23 5 599 3
240.238 71.369 21.179 18 23 5 599 3
240.238 71.369 21.179 19 23 5 599 3
240.238 71.369 21.179 20 23 5 599 3
240.238 71.369 21.179 21 23 5 599 3
240.238 71.369 21.179 22 23 5 599 3
240.238 71.369 21.179 23 23 5 599 3
240.238 71.369 21.179 24 23 5 599 3
240.238 71.369 21.179 25 23 5 599 3
240.238 71.369 21.179 26 23 5 599 3
240.238 71.369 21.179 27 23 5 599 3
240.238 71.369 21.179 28 23 5 599 3
240.238 71.369 21.179 29 23 5 599 3
240.238 71.369 21.179 30 23 5 599 3
103.356 36.809 100.762 1 24 5 614 4
103.356 36.809 100.762 2 24 5 614 4
65.770 61.250 83.338 3 24 5 618 4
65.770 61.250 83.338 4 24 5 618 4
65.770 61.250 83.338 5 24 5 618 4
65.770 61.250 83.338 6 24 5 618 4
65.770 61.250 83.338 7 24 5 618 4
65.770 61.250 83.338 8 24 5 618 4
65.770 61.250 83.338 9 24 5 618 4
65.770 61.250 83.338 10 24 5 618 4
65.770 61.250 83.338 11 24 5 618 4
65.770 61.250 83.338 12 24 5 618 4
65.770 61.250 83.338 13 24 5 618 4
240.238 71.369 21.179 14 24 5 599 3
240.238 71.369 21.179 15 24 5 599 3
240.238 71.369 21.179 16 24 5 599 3
240.238 71.369 21.179 17 24 5 599 3
240.238 71.369 21.179 18 24 5 599 3
240.238 71.369 21.179 19 24 5 599 3
240.238 71.369 21.179 20 24 5 599 3
240.238 71.369 21.179 21 24 5 599 3
240.238 71.369 21.179 22 24 5 599 3
240.238 71.369 21.179 23 24 5 599 3
240.238 71.369 21.179 24 24 5 599 3
240.238 71.369 21.179 25 24 5 599 3
240.238 71.369 21.179 26 24 5 599 3
293.792 106.787 206.495 27 24 5 617 4
293.792 106.787 206.495 28 24 5 617 4
293.792 106.787 206.495 29 24 5 617 4
293.792 106.787 206.495 30 24 5 617 4
103.356 36.809 100.762 1 25 5 614 4
103.356 36.809 100.762 2 25 5 614 4
65.770 61.250 83.338 3 25 5 618 4
65.770 61.250 83.338 4 25 5 618 4
65.770 61.250 83.338 5 25 5 618 4
65.770 61.250 83.338 6 25 5 618 4
65.770 61.250 83.338 7 25 5 618 4
65.770 61.250 83.338 8 25 5 618 4
65.770 61.250 83.338 9 25 5 618 4
65.770 61.250 83.338 10 25 5 618 4
65.770 61.250 83.338 11 25 5 618 4
65.770 61.250 83.338 12 25 5 618 4
65.770 61.250 83.338 13 25 5 618 4
65.770 61.250 83.338 14 25 5 618 4
240.238 71.369 21.179 15 25 5 599 3
240.238 71.369 21.179 16 25 5 599 3
240.238 71.369 21.179 17 25 5 599 3
240.238 71.369 21.179 18 25 5 599 3
240.238 71.369 21.179 19 25 5 599 3
240.238 71.369 21.179 20 25 5 599 3
240.238 71.369 21.179 21 25 5 599 3
240.238 71.369 21.179 22 25 5 599 3
240.238 71.369 21.179 23 25 5 599 3
240.238 71.369 21.179 24 25 5 599 3
293.792 106.787 206.495 25 25 5 617 4
293.792 106.787 206.495 26 25 5 617 4
293.792 106.787 206.495 27 25 5 617 4
293.792 106.787 206.495 28 25 5 617 4
293.792 106.787 206.495 29 25 5 617 4
293.792 106.787 206.495 30 25 5 617 4
103.356 36.809 100.762 1 26 5 614 4
65.770 61.250 83.338 2 26 5 618 4
65.770 61.250 83.338 3 26 5 618 4
65.770 61.250 83.338 4 26 5 618 4
65.770 61.250 83.338 5 26 5 618 4
65.770 61.250 83.338 6 26 5 618 4
65.770 61.250 83.338 7 26 5 618 4
65.770 61.250 83.338 8 26 5 618 4
65.770 61.250 83.338 9 26 5 618 4
65.770 61.250 83.338 10 26 5 618 4
65.770 61.250 83.338 11 26 5 618 4
65.770 61.250 83.338 12 26 5 618 4
65.770 61.250 83.338 13 26 5 618 4
65.770 61.250 83.338 14 26 5 618 4
65.770 61.250 83.338 15 26 5 618 4
240.238 71.369 21.179 16 26 5 599 3
240.238 71.369 21.179 17 26 5 599 3
240.238 71.369 21.179 18 26 5 599 3
240.238 71.369 21.179 19 26 5 599 3
240.238 71.369 21.179 20 26 5 599 3
240.238 71.369 21.179 21 26 5 599 3
240.238 71.369 21.179 22 26 5 599 3
240.238 71.369 21.179 23 26 5 599 3
240.238 71.369 21.179 24 26 5 599 3
293.792 106.787 206.495 25 26 5 617 4
293.792 106.787 206.495 26 26 5 617 4
293.792 106.787 206.495 27 26 5 617 4
293.792 106.787 206.495 28 26 5 617 4
293.792 106.787 206.495 29 26 5 617 4
293.792 106.787 206.495 30 26 5 617 4
65.770 61.250 83.338 1 27 5 618 4
65.770 61.250 83.338 2 27 5 618 4
65.770 61.250 83.338 3 27 5 618 4
65.770 61.250 83.338 4 27 5 618 4
65.770 61.250 83.338 5 27 5 618 4
65.770 61.250 83.338 6 27 5 618 4
65.770 61.250 83.338 7 27 5 618 4
65.770 61.250 83.338 8 27 5 618 4
65.770 61.250 83.338 9 27 5 618 4
65.770 61.250 83.338 10 27 5 618 4
65.770 61.250 83.338 11 27 5 618 4
65.770 61.250 83.338 12 27 5 618 4
65.770 61.250 83.338 13 27 5 618 4
65.770 61.250 83.338 14 27 5 618 4
65.770 61.250 83.338 15 27 5 618 4
65.770 61.250 83.338 16 27 5 618 4
140.715 96.261 310.071 17 27 5 448 1
140.715 96.261 310.071 18 27 5 448 1
140.715 96.261 310.071 19 27 5 448 1
77.618 111.330 96.793 20 27 5 158 1
77.618 111.330 96.793 21 27 5 158 1
137.427 168.493 320.326 22 27 5 274 1
137.427 168.493 320.326 23 27 5 274 1
293.792 106.787 206.495 24 27 5 617 4
293.792 106.787 206.495 25 27 5 617 4
293.792 106.787 206.495 26 27 5 617 4
293.792 106.787 206.495 27 27 5 617 4
293.792 106.787 206.495 28 27 5 617 4
293.792 106.787 206.495 29 27 5 617 4
293.792 106.787 206.495 30 27 5 617 4
1.635 69.452 170.466 1 28 5 626 1
65.770 61.250 83.338 2 28 5 618 4
65.770 61.250 83.338 3 28 5 618 4
65.770 61.250 83.338 4 28 5 618 4
65.770 61.250 83.338 5 28 5 618 4
65.770 61.250 83.338 6 28 5 618 4
65.770 61.250 83.338 7 28 5 618 4
65.770 61.250 83.338 8 28 5 618 4
65.770 61.250 83.338 9 28 5 618 4
65.770 61.250 83.338 10 28 5 618 4
65.770 61.250 83.338 11 28 5 618 4
65.770 61.250 83.338 12 28 5 618 4
65.770 61.250 83.338 13 28 5 618 4
65.770 61.250 83.338 14 28 5 618 4
65.770 61.250 83.338 15 28 5 618 4
65.770 61.250 83.338 16 28 5 618 4
140.715 96.261 310.071 17 28 5 448 1
140.715 96.261 310.071 18 28 5 448 1
140.715 96.261 310.071 19 28 5 448 1
77.618 111.330 96.793 20 28 5 158 1
77.618 111.330 96.793 21 28 5 158 1
137.427 168.493 320.326 22 28 5 274 1
137.427 168.493 320.326 23 28 5 274 1
293.792 106.787 206.495 24 28 5 617 4
293.792 106.787 206.495 25 28 5 617 4
129.216 64.090 85.734 26 28 5 125 1
293.792 106.787 206.495 27 28 5 617 4
293.792 106.787 206.495 28 28 5 617 4
293.792 106.787 206.495 29 28 5 617 4
293.792 106.787 206.495 30 28 5 617 4
65.770 61.250 83.338 1 29 5 618 4
65.770 61.250 83.338 2 29 5 618 4
311.654 70.965 177.459 3 29 5 305 1
65.770 61.250 83.338 4 29 5 618 4
65.770 61.250 83.338 5 29 5 618 4
65.770 61.250 83.338 6 29 5 618 4
65.770 61.250 83.338 7 29 5 618 4
65.770 61.250 83.338 8 29 5 618 4
65.770 61.250 83.338 9 29 5 618 4
65.770 61.250 83.338 10 29 5 618 4
65.770 61.250 83.338 11 29 5 618 4
65.770 61.250 83.338 12 29 5 618 4
65.770 61.250 83.338 13 29 5 618 4
65.770 61.250 83.338 14 29 5 618 4
65.770 61.250 83.338 15 29 5 618 4
65.770 61.250 83.338 16 29 5 618 4
140.715 96.261 310.071 17 29 5 448 1
140.715 96.261 310.071 18 29 5 448 1
140.715 96.261 310.071 19 29 5 448 1
77.618 111.330 96.793 20 29 5 158 1
137.427 168.493 320.326 21 29 5 274 1
137.427 168.493 320.326 22 29 5 274 1
137.427 168.493 320.326 23 29 5 274 1
293.792 106.787 206.495 24 29 5 617 4
293.792 106.787 206.495 25 29 5 617 4
293.792 106.787 206.495 26 29 5 617 4
293.792 106.787 206.495 27 29 5 617 4
293.792 106.787 206.495 28 29 5 617 4
293.792 106.787 206.495 29 29 5 617 4
293.792 106.787 206.495 30 29 5 617 4
65.770 61.250 83.338 1 30 5 618 4
65.770 61.250 83.338 2 30 5 618 4
65.770 61.250 83.338 3 30 5 618 4
65.770 61.250 83.338 4 30 5 618 4
65.770 61.250 83.338 5 30 5 618 4
65.770 61.250 83.338 6 30 5 618 4
65.770 61.250 83.338 7 30 5 618 4
65.770 61.250 83.338 8 30 5 618 4
65.770 61.250 83.338 9 30 5 618 4
65.770 61.250 83.338 10 30 5 618 4
65.770 61.250 83.338 11 30 5 618 4
65.770 61.250 83.338 12 30 5 618 4
65.770 61.250 83.338 13 30 5 618 4
84.553 103.765 350.679 14 30 5 640 1
84.553 103.765 350.679 15 30 5 640 1
84.553 103.765 350.679 16 30 5 640 1
140.715 96.261 310.071 17 30 5 448 1
140.715 96.261 310.071 18 30 5 448 1
140.715 96.261 310.071 19 30 5 448 1
77.618 111.330 96.793 20 30 5 158 1
137.427 168.493 320.326 21 30 5 274 1
137.427 168.493 320.326 22 30 5 274 1
137.427 168.493 320.326 23 30 5 274 1
293.792 106.787 206.495 24 30 5 617 4
293.792 106.787 206.495 25 30 5 617 4
293.792 106.787 206.495 26 30 5 617 4
24.518 113.038 206.990 27 30 5 73 1
293.792 106.787 206.495 28 30 5 617 4
293.792 106.787 206.495 29 30 5 617 4
293.792 106.787 206.495 30 30 5 617 4
