169.168 113.403 289.277 1 1 21 683 4
169.168 113.403 289.277 2 1 21 683 4
169.168 113.403 289.277 3 1 21 683 4
169.168 113.403 289.277 4 1 21 683 4
169.168 113.403 289.277 5 1 21 683 4
169.168 113.403 289.277 6 1 21 683 4
61.083 148.533 153.948 7 1 21 520 2
61.083 148.533 153.948 8 1 21 520 2
61.083 148.533 153.948 9 1 21 520 2
110.283 102.706 210.614 10 1 21 506 2
87.050 80.864 90.285 11 1 21 112 1
87.050 80.864 90.285 12 1 21 112 1
87.050 80.864 90.285 13 1 21 112 1
59.291 53.470 125.946 14 1 21 568 2
59.291 53.470 125.946 15 1 21 568 2
59.291 53.470 125.946 16 1 21 568 2
25.318 133.507 294.832 17 1 21 499 2
25.318 133.507 294.832 18 1 21 499 2
25.318 133.507 294.832 19 1 21 499 2
11.898 135.995 241.679 20 1 21 613 4
11.898 135.995 241.679 21 1 21 613 4
190.269 81.492 273.494 22 1 21 220 1
190.269 81.492 273.494 23 1 21 220 1
190.269 81.492 273.494 24 1 21 220 1
190.269 81.492 273.494 25 1 21 220 1
190.269 81.492 273.494 26 1 21 220 1
262.629 82.860 266.683 27 1 21 474 1
262.629 82.860 266.683 28 1 21 474 1
332.384 37.784 245.177 29 1 21 677 2
332.384 37.784 245.177 30 1 21 677 2
169.168 113.403 289.277 1 2 21 683 4
169.168 113.403 289.277 2 2 21 683 4
169.168 113.403 289.277 3 2 21 683 4
169.168 113.403 289.277 4 2 21 683 4
169.168 113.403 289.277 5 2 21 683 4
169.168 113.403 289.277 6 2 21 683 4
169.168 113.403 289.277 7 2 21 683 4
61.083 148.533 153.948 8 2 21 520 2
61.083 148.533 153.948 9 2 21 520 2
110.283 102.706 210.614 10 2 21 506 2
87.050 80.864 90.285 11 2 21 112 1
87.050 80.864 90.285 12 2 21 112 1
87.050 80.864 90.285 13 2 21 112 1
59.291 53.470 125.946 14 2 21 568 2
59.291 53.470 125.946 15 2 21 568 2
59.291 53.470 125.946 16 2 21 568 2
25.318 133.507 294.832 17 2 21 499 2
25.318 133.507 294.832 18 2 21 499 2
25.318 133.507 294.832 19 2 21 499 2
11.898 135.995 241.679 20 2 21 613 4
11.898 135.995 241.679 21 2 21 613 4
11.898 135.995 241.679 22 2 21 613 4
190.269 81.492 273.494 23 2 21 220 1
190.269 81.492 273.494 24 2 21 220 1
190.269 81.492 273.494 25 2 21 220 1
190.269 81.492 273.494 26 2 21 220 1
262.629 82.860 266.683 27 2 21 474 1
262.629 82.860 266.683 28 2 21 474 1
332.384 37.784 245.177 29 2 21 677 2
332.384 37.784 245.177 30 2 21 677 2
169.168 113.403 289.277 1 3 21 683 4
169.168 113.403 289.277 2 3 21 683 4
169.168 113.403 289.277 3 3 21 683 4
169.168 113.403 289.277 4 3 21 683 4
169.168 113.403 289.277 5 3 21 683 4
169.168 113.403 289.277 6 3 21 683 4
169.168 113.403 289.277 7 3 21 683 4
169.168 113.403 289.277 8 3 21 683 4
147.325 72.613 50.489 9 3 21 396 1
147.325 72.613 50.489 10 3 21 396 1
87.050 80.864 90.285 11 3 21 112 1
87.050 80.864 90.285 12 3 21 112 1
87.050 80.864 90.285 13 3 21 112 1
59.291 53.470 125.946 14 3 21 568 2
59.291 53.470 125.946 15 3 21 568 2
122.206 158.470 347.363 16 3 21 601 4
317.890 134.660 11.519 17 3 21 196 1
25.318 133.507 294.832 18 3 21 499 2
25.318 133.507 294.832 19 3 21 499 2
11.898 135.995 241.679 20 3 21 613 4
11.898 135.995 241.679 21 3 21 613 4
11.898 135.995 241.679 22 3 21 613 4
190.269 81.492 273.494 23 3 21 220 1
190.269 81.492 273.494 24 3 21 220 1
190.269 81.492 273.494 25 3 21 220 1
190.269 81.492 273.494 26 3 21 220 1
262.629 82.860 266.683 27 3 21 474 1
262.629 82.860 266.683 28 3 21 474 1
262.629 82.860 266.683 29 3 21 474 1
332.384 37.784 245.177 30 3 21 677 2
169.168 113.403 289.277 1 4 21 683 4
169.168 113.403 289.277 2 4 21 683 4
169.168 113.403 289.277 3 4 21 683 4
169.168 113.403 289.277 4 4 21 683 4
169.168 113.403 289.277 5 4 21 683 4
169.168 113.403 289.277 6 4 21 683 4
169.168 113.403 289.277 7 4 21 683 4
169.168 113.403 289.277 8 4 21 683 4
147.325 72.613 50.489 9 4 21 396 1
87.050 80.864 90.285 10 4 21 112 1
87.050 80.864 90.285 11 4 21 112 1
87.050 80.864 90.285 12 4 21 112 1
87.050 80.864 90.285 13 4 21 112 1
87.050 80.864 90.285 14 4 21 112 1
113.870 45.135 105.826 15 4 21 190 1
113.870 45.135 105.826 16 4 21 190 1
317.890 134.660 11.519 17 4 21 196 1
317.890 134.660 11.519 18 4 21 196 1
70.219 113.748 106.324 19 4 21 513 2
70.219 113.748 106.324 20 4 21 513 2
70.219 113.748 106.324 21 4 21 513 2
70.219 113.748 106.324 22 4 21 513 2
70.219 113.748 106.324 23 4 21 513 2
190.269 81.492 273.494 24 4 21 220 1
190.269 81.492 273.494 25 4 21 220 1
116.391 75.938 315.837 26 4 21 83 1
116.391 75.938 315.837 27 4 21 83 1
262.629 82.860 266.683 28 4 21 474 1
210.798 88.623 37.614 29 4 21 600 4
332.384 37.784 245.177 30 4 21 677 2
169.168 113.403 289.277 1 5 21 683 4
169.168 113.403 289.277 2 5 21 683 4
169.168 113.403 289.277 3 5 21 683 4
169.168 113.403 289.277 4 5 21 683 4
169.168 113.403 289.277 5 5 21 683 4
169.168 113.403 289.277 6 5 21 683 4
169.168 113.403 289.277 7 5 21 683 4
169.168 113.403 289.277 8 5 21 683 4
169.168 113.403 289.277 9 5 21 683 4
87.050 80.864 90.285 10 5 21 112 1
87.050 80.864 90.285 11 5 21 112 1
87.050 80.864 90.285 12 5 21 112 1
87.050 80.864 90.285 13 5 21 112 1
336.726 138.290 213.871 14 5 21 621 4
336.726 138.290 213.871 15 5 21 621 4
174.680 61.784 157.509 16 5 21 217 1
310.958 82.598 196.824 17 5 21 620 4
70.219 113.748 106.324 18 5 21 513 2
70.219 113.748 106.324 19 5 21 513 2
70.219 113.748 106.324 20 5 21 513 2
70.219 113.748 106.324 21 5 21 513 2
70.219 113.748 106.324 22 5 21 513 2
70.219 113.748 106.324 23 5 21 513 2
70.219 113.748 106.324 24 5 21 513 2
152.087 34.567 215.997 25 5 21 597 3
116.391 75.938 315.837 26 5 21 83 1
116.391 75.938 315.837 27 5 21 83 1
210.798 88.623 37.614 28 5 21 600 4
210.798 88.623 37.614 29 5 21 600 4
210.798 88.623 37.614 30 5 21 600 4
169.168 113.403 289.277 1 6 21 683 4
169.168 113.403 289.277 2 6 21 683 4
169.168 113.403 289.277 3 6 21 683 4
169.168 113.403 289.277 4 6 21 683 4
169.168 113.403 289.277 5 6 21 683 4
169.168 113.403 289.277 6 6 21 683 4
169.168 113.403 289.277 7 6 21 683 4
169.168 113.403 289.277 8 6 21 683 4
336.726 138.290 213.871 9 6 21 621 4
336.726 138.290 213.871 10 6 21 621 4
336.726 138.290 213.871 11 6 21 621 4
336.726 138.290 213.871 12 6 21 621 4
336.726 138.290 213.871 13 6 21 621 4
336.726 138.290 213.871 14 6 21 621 4
336.726 138.290 213.871 15 6 21 621 4
336.726 138.290 213.871 16 6 21 621 4
336.726 138.290 213.871 17 6 21 621 4
70.219 113.748 106.324 18 6 21 513 2
70.219 113.748 106.324 19 6 21 513 2
70.219 113.748 106.324 20 6 21 513 2
70.219 113.748 106.324 21 6 21 513 2
70.219 113.748 106.324 22 6 21 513 2
70.219 113.748 106.324 23 6 21 513 2
70.219 113.748 106.324 24 6 21 513 2
199.238 89.564 184.969 25 6 21 123 1
199.238 89.564 184.969 26 6 21 123 1
199.238 89.564 184.969 27 6 21 123 1
210.798 88.623 37.614 28 6 21 600 4
210.798 88.623 37.614 29 6 21 600 4
210.798 88.623 37.614 30 6 21 600 4
169.168 113.403 289.277 1 7 21 683 4
169.168 113.403 289.277 2 7 21 683 4
169.168 113.403 289.277 3 7 21 683 4
169.168 113.403 289.277 4 7 21 683 4
169.168 113.403 289.277 5 7 21 683 4
169.168 113.403 289.277 6 7 21 683 4
169.168 113.403 289.277 7 7 21 683 4
336.726 138.290 213.871 8 7 21 621 4
336.726 138.290 213.871 9 7 21 621 4
336.726 138.290 213.871 10 7 21 621 4
336.726 138.290 213.871 11 7 21 621 4
336.726 138.290 213.871 12 7 21 621 4
336.726 138.290 213.871 13 7 21 621 4
336.726 138.290 213.871 14 7 21 621 4
336.726 138.290 213.871 15 7 21 621 4
336.726 138.290 213.871 16 7 21 621 4
70.219 113.748 106.324 17 7 21 513 2
70.219 113.748 106.324 18 7 21 513 2
70.219 113.748 106.324 19 7 21 513 2
70.219 113.748 106.324 20 7 21 513 2
70.219 113.748 106.324 21 7 21 513 2
70.219 113.748 106.324 22 7 21 513 2
70.219 113.748 106.324 23 7 21 513 2
70.219 113.748 106.324 24 7 21 513 2
199.238 89.564 184.969 25 7 21 123 1
199.238 89.564 184.969 26 7 21 123 1
199.238 89.564 184.969 27 7 21 123 1
210.798 88.623 37.614 28 7 21 600 4
210.798 88.623 37.614 29 7 21 600 4
210.798 88.623 37.614 30 7 21 600 4
169.168 113.403 289.277 1 8 21 683 4
169.168 113.403 289.277 2 8 21 683 4
169.168 113.403 289.277 3 8 21 683 4
169.168 113.403 289.277 4 8 21 683 4
188.008 59.528 58.686 5 8 21 391 1
188.008 59.528 58.686 6 8 21 391 1
336.726 138.290 213.871 7 8 21 621 4
336.726 138.290 213.871 8 8 21 621 4
336.726 138.290 213.871 9 8 21 621 4
336.726 138.290 213.871 10 8 21 621 4
336.726 138.290 213.871 11 8 21 621 4
336.726 138.290 213.871 12 8 21 621 4
336.726 138.290 213.871 13 8 21 621 4
336.726 138.290 213.871 14 8 21 621 4
336.726 138.290 213.871 15 8 21 621 4
336.726 138.290 213.871 16 8 21 621 4
336.726 138.290 213.871 17 8 21 621 4
70.219 113.748 106.324 18 8 21 513 2
70.219 113.748 106.324 19 8 21 513 2
70.219 113.748 106.324 20 8 21 513 2
70.219 113.748 106.324 21 8 21 513 2
70.219 113.748 106.324 22 8 21 513 2
14.085 139.127 219.553 23 8 21 587 2
14.085 139.127 219.553 24 8 21 587 2
199.238 89.564 184.969 25 8 21 123 1
199.238 89.564 184.969 26 8 21 123 1
132.200 117.732 315.083 27 8 21 669 2
210.798 88.623 37.614 28 8 21 600 4
210.798 88.623 37.614 29 8 21 600 4
210.798 88.623 37.614 30 8 21 600 4
146.874 149.391 184.045 1 9 21 612 4
146.874 149.391 184.045 2 9 21 612 4
146.874 149.391 184.045 3 9 21 612 4
146.874 149.391 184.045 4 9 21 612 4
188.008 59.528 58.686 5 9 21 391 1
188.008 59.528 58.686 6 9 21 391 1
336.726 138.290 213.871 7 9 21 621 4
336.726 138.290 213.871 8 9 21 621 4
336.726 138.290 213.871 9 9 21 621 4
336.726 138.290 213.871 10 9 21 621 4
336.726 138.290 213.871 11 9 21 621 4
336.726 138.290 213.871 12 9 21 621 4
336.726 138.290 213.871 13 9 21 621 4
336.726 138.290 213.871 14 9 21 621 4
336.726 138.290 213.871 15 9 21 621 4
336.726 138.290 213.871 16 9 21 621 4
336.726 138.290 213.871 17 9 21 621 4
70.219 113.748 106.324 18 9 21 513 2
222.507 60.111 226.663 19 9 21 577 2
222.507 60.111 226.663 20 9 21 577 2
222.507 60.111 226.663 21 9 21 577 2
14.085 139.127 219.553 22 9 21 587 2
14.085 139.127 219.553 23 9 21 587 2
14.085 139.127 219.553 24 9 21 587 2
14.085 139.127 219.553 25 9 21 587 2
132.200 117.732 315.083 26 9 21 669 2
132.200 117.732 315.083 27 9 21 669 2
129.012 107.981 73.981 28 9 21 149 1
210.798 88.623 37.614 29 9 21 600 4
210.798 88.623 37.614 30 9 21 600 4
146.874 149.391 184.045 1 10 21 612 4
146.874 149.391 184.045 2 10 21 612 4
146.874 149.391 184.045 3 10 21 612 4
146.874 149.391 184.045 4 10 21 612 4
80.894 93.660 304.503 5 10 21 636 1
80.894 93.660 304.503 6 10 21 636 1
80.894 93.660 304.503 7 10 21 636 1
336.726 138.290 213.871 8 10 21 621 4
336.726 138.290 213.871 9 10 21 621 4
336.726 138.290 213.871 10 10 21 621 4
336.726 138.290 213.871 11 10 21 621 4
336.726 138.290 213.871 12 10 21 621 4
336.726 138.290 213.871 13 10 21 621 4
336.726 138.290 213.871 14 10 21 621 4
336.726 138.290 213.871 15 10 21 621 4
336.726 138.290 213.871 16 10 21 621 4
336.726 138.290 213.871 17 10 21 621 4
336.726 138.290 213.871 18 10 21 621 4
222.507 60.111 226.663 19 10 21 577 2
222.507 60.111 226.663 20 10 21 577 2
222.507 60.111 226.663 21 10 21 577 2
14.085 139.127 219.553 22 10 21 587 2
14.085 139.127 219.553 23 10 21 587 2
14.085 139.127 219.553 24 10 21 587 2
14.085 139.127 219.553 25 10 21 587 2
129.012 107.981 73.981 26 10 21 149 1
129.012 107.981 73.981 27 10 21 149 1
129.012 107.981 73.981 28 10 21 149 1
129.012 107.981 73.981 29 10 21 149 1
210.798 88.623 37.614 30 10 21 600 4
146.874 149.391 184.045 1 11 21 612 4
146.874 149.391 184.045 2 11 21 612 4
146.874 149.391 184.045 3 11 21 612 4
146.874 149.391 184.045 4 11 21 612 4
146.874 149.391 184.045 5 11 21 612 4
336.726 138.290 213.871 6 11 21 621 4
336.726 138.290 213.871 7 11 21 621 4
336.726 138.290 213.871 8 11 21 621 4
336.726 138.290 213.871 9 11 21 621 4
336.726 138.290 213.871 10 11 21 621 4
336.726 138.290 213.871 11 11 21 621 4
336.726 138.290 213.871 12 11 21 621 4
336.726 138.290 213.871 13 11 21 621 4
336.726 138.290 213.871 14 11 21 621 4
336.726 138.290 213.871 15 11 21 621 4
135.242 64.907 289.109 16 11 21 647 1
135.242 64.907 289.109 17 11 21 647 1
135.242 64.907 289.109 18 11 21 647 1
222.507 60.111 226.663 19 11 21 577 2
222.507 60.111 226.663 20 11 21 577 2
222.507 60.111 226.663 21 11 21 577 2
111.880 60.905 179.185 22 11 21 185 1
240.238 71.369 21.179 23 11 21 599 3
240.238 71.369 21.179 24 11 21 599 3
240.238 71.369 21.179 25 11 21 599 3
157.191 142.673 146.495 26 11 21 352 1
129.012 107.981 73.981 27 11 21 149 1
129.012 107.981 73.981 28 11 21 149 1
129.012 107.981 73.981 29 11 21 149 1
240.238 71.369 21.179 30 11 21 599 3
146.874 149.391 184.045 1 12 21 612 4
282.694 25.295 233.050 2 12 21 4 1
146.874 149.391 184.045 3 12 21 612 4
146.874 149.391 184.045 4 12 21 612 4
146.874 149.391 184.045 5 12 21 612 4
146.874 149.391 184.045 6 12 21 612 4
336.726 138.290 213.871 7 12 21 621 4
336.726 138.290 213.871 8 12 21 621 4
336.726 138.290 213.871 9 12 21 621 4
336.726 138.290 213.871 10 12 21 621 4
336.726 138.290 213.871 11 12 21 621 4
336.726 138.290 213.871 12 12 21 621 4
336.726 138.290 213.871 13 12 21 621 4
336.726 138.290 213.871 14 12 21 621 4
135.242 64.907 289.109 15 12 21 647 1
135.242 64.907 289.109 16 12 21 647 1
135.242 64.907 289.109 17 12 21 647 1
135.242 64.907 289.109 18 12 21 647 1
240.238 71.369 21.179 19 12 21 599 3
240.238 71.369 21.179 20 12 21 599 3
240.238 71.369 21.179 21 12 21 599 3
111.880 60.905 179.185 22 12 21 185 1
240.238 71.369 21.179 23 12 21 599 3
240.238 71.369 21.179 24 12 21 599 3
157.191 142.673 146.495 25 12 21 352 1
157.191 142.673 146.495 26 12 21 352 1
240.238 71.369 21.179 27 12 21 599 3
240.238 71.369 21.179 28 12 21 599 3
240.238 71.369 21.179 29 12 21 599 3
240.238 71.369 21.179 30 12 21 599 3
146.874 149.391 184.045 1 13 21 612 4
282.694 25.295 233.050 2 13 21 4 1
146.874 149.391 184.045 3 13 21 612 4
146.874 149.391 184.045 4 13 21 612 4
146.874 149.391 184.045 5 13 21 612 4
146.874 149.391 184.045 6 13 21 612 4
336.726 138.290 213.871 7 13 21 621 4
336.726 138.290 213.871 8 13 21 621 4
336.726 138.290 213.871 9 13 21 621 4
336.726 138.290 213.871 10 13 21 621 4
336.726 138.290 213.871 11 13 21 621 4
336.726 138.290 213.871 12 13 21 621 4
336.726 138.290 213.871 13 13 21 621 4
336.726 138.290 213.871 14 13 21 621 4
135.242 64.907 289.109 15 13 21 647 1
135.242 64.907 289.109 16 13 21 647 1
135.242 64.907 289.109 17 13 21 647 1
240.238 71.369 21.179 18 13 21 599 3
240.238 71.369 21.179 19 13 21 599 3
240.238 71.369 21.179 20 13 21 599 3
240.238 71.369 21.179 21 13 21 599 3
240.238 71.369 21.179 22 13 21 599 3
240.238 71.369 21.179 23 13 21 599 3
240.238 71.369 21.179 24 13 21 599 3
240.238 71.369 21.179 25 13 21 599 3
240.238 71.369 21.179 26 13 21 599 3
240.238 71.369 21.179 27 13 21 599 3
240.238 71.369 21.179 28 13 21 599 3
240.238 71.369 21.179 29 13 21 599 3
240.238 71.369 21.179 30 13 21 599 3
146.874 149.391 184.045 1 14 21 612 4
146.874 149.391 184.045 2 14 21 612 4
146.874 149.391 184.045 3 14 21 612 4
146.874 149.391 184.045 4 14 21 612 4
146.874 149.391 184.045 5 14 21 612 4
146.874 149.391 184.045 6 14 21 612 4
146.874 149.391 184.045 7 14 21 612 4
336.726 138.290 213.871 8 14 21 621 4
336.726 138.290 213.871 9 14 21 621 4
336.726 138.290 213.871 10 14 21 621 4
336.726 138.290 213.871 11 14 21 621 4
336.726 138.290 213.871 12 14 21 621 4
336.726 138.290 213.871 13 14 21 621 4
336.726 138.290 213.871 14 14 21 621 4
240.238 71.369 21.179 15 14 21 599 3
240.238 71.369 21.179 16 14 21 599 3
240.238 71.369 21.179 17 14 21 599 3
240.238 71.369 21.179 18 14 21 599 3
240.238 71.369 21.179 19 14 21 599 3
240.238 71.369 21.179 20 14 21 599 3
240.238 71.369 21.179 21 14 21 599 3
240.238 71.369 21.179 22 14 21 599 3
240.238 71.369 21.179 23 14 21 599 3
240.238 71.369 21.179 24 14 21 599 3
240.238 71.369 21.179 25 14 21 599 3
240.238 71.369 21.179 26 14 21 599 3
240.238 71.369 21.179 27 14 21 599 3
240.238 71.369 21.179 28 14 21 599 3
240.238 71.369 21.179 29 14 21 599 3
240.238 71.369 21.179 30 14 21 599 3
146.874 149.391 184.045 1 15 21 612 4
146.874 149.391 184.045 2 15 21 612 4
146.874 149.391 184.045 3 15 21 612 4
146.874 149.391 184.045 4 15 21 612 4
146.874 149.391 184.045 5 15 21 612 4
146.874 149.391 184.045 6 15 21 612 4
146.874 149.391 184.045 7 15 21 612 4
146.874 149.391 184.045 8 15 21 612 4
336.726 138.290 213.871 9 15 21 621 4
336.726 138.290 213.871 10 15 21 621 4
336.726 138.290 213.871 11 15 21 621 4
336.726 138.290 213.871 12 15 21 621 4
240.238 71.369 21.179 13 15 21 599 3
240.238 71.369 21.179 14 15 21 599 3
240.238 71.369 21.179 15 15 21 599 3
240.238 71.369 21.179 16 15 21 599 3
240.238 71.369 21.179 17 15 21 599 3
240.238 71.369 21.179 18 15 21 599 3
240.238 71.369 21.179 19 15 21 599 3
240.238 71.369 21.179 20 15 21 599 3
240.238 71.369 21.179 21 15 21 599 3
240.238 71.369 21.179 22 15 21 599 3
240.238 71.369 21.179 23 15 21 599 3
240.238 71.369 21.179 24 15 21 599 3
240.238 71.369 21.179 25 15 21 599 3
240.238 71.369 21.179 26 15 21 599 3
240.238 71.369 21.179 27 15 21 599 3
240.238 71.369 21.179 28 15 21 599 3
240.238 71.369 21.179 29 15 21 599 3
240.238 71.369 21.179 30 15 21 599 3
146.874 149.391 184.045 1 16 21 612 4
146.874 149.391 184.045 2 16 21 612 4
146.874 149.391 184.045 3 16 21 612 4
146.874 149.391 184.045 4 16 21 612 4
146.874 149.391 184.045 5 16 21 612 4
146.874 149.391 184.045 6 16 21 612 4
146.874 149.391 184.045 7 16 21 612 4
146.874 149.391 184.045 8 16 21 612 4
146.874 149.391 184.045 9 16 21 612 4
97.144 93.107 0.503 10 16 21 483 2
97.144 93.107 0.503 11 16 21 483 2
97.144 93.107 0.503 12 16 21 483 2
240.238 71.369 21.179 13 16 21 599 3
240.238 71.369 21.179 14 16 21 599 3
240.238 71.369 21.179 15 16 21 599 3
240.238 71.369 21.179 16 16 21 599 3
240.238 71.369 21.179 17 16 21 599 3
240.238 71.369 21.179 18 16 21 599 3
240.238 71.369 21.179 19 16 21 599 3
240.238 71.369 21.179 20 16 21 599 3
240.238 71.369 21.179 21 16 21 599 3
240.238 71.369 21.179 22 16 21 599 3
240.238 71.369 21.179 23 16 21 599 3
240.238 71.369 21.179 24 16 21 599 3
240.238 71.369 21.179 25 16 21 599 3
240.238 71.369 21.179 26 16 21 599 3
240.238 71.369 21.179 27 16 21 599 3
240.238 71.369 21.179 28 16 21 599 3
240.238 71.369 21.179 29 16 21 599 3
240.238 71.369 21.179 30 16 21 599 3
146.874 149.391 184.045 1 17 21 612 4
146.874 149.391 184.045 2 17 21 612 4
146.874 149.391 184.045 3 17 21 612 4
146.874 149.391 184.045 4 17 21 612 4
146.874 149.391 184.045 5 17 21 612 4
146.874 149.391 184.045 6 17 21 612 4
146.874 149.391 184.045 7 17 21 612 4
146.874 149.391 184.045 8 17 21 612 4
243.897 35.773 227.205 9 17 21 494 2
97.144 93.107 0.503 10 17 21 483 2
97.144 93.107 0.503 11 17 21 483 2
97.144 93.107 0.503 12 17 21 483 2
240.238 71.369 21.179 13 17 21 599 3
240.238 71.369 21.179 14 17 21 599 3
240.238 71.369 21.179 15 17 21 599 3
240.238 71.369 21.179 16 17 21 599 3
240.238 71.369 21.179 17 17 21 599 3
240.238 71.369 21.179 18 17 21 599 3
240.238 71.369 21.179 19 17 21 599 3
240.238 71.369 21.179 20 17 21 599 3
240.238 71.369 21.179 21 17 21 599 3
240.238 71.369 21.179 22 17 21 599 3
240.238 71.369 21.179 23 17 21 599 3
240.238 71.369 21.179 24 17 21 599 3
240.238 71.369 21.179 25 17 21 599 3
240.238 71.369 21.179 26 17 21 599 3
240.238 71.369 21.179 27 17 21 599 3
240.238 71.369 21.179 28 17 21 599 3
240.238 71.369 21.179 29 17 21 599 3
240.238 71.369 21.179 30 17 21 599 3
146.874 149.391 184.045 1 18 21 612 4
146.874 149.391 184.045 2 18 21 612 4
146.874 149.391 184.045 3 18 21 612 4
146.874 149.391 184.045 4 18 21 612 4
146.874 149.391 184.045 5 18 21 612 4
146.874 149.391 184.045 6 18 21 612 4
146.874 149.391 184.045 7 18 21 612 4
146.874 149.391 184.045 8 18 21 612 4
243.897 35.773 227.205 9 18 21 494 2
243.897 35.773 227.205 10 18 21 494 2
97.144 93.107 0.503 11 18 21 483 2
97.144 93.107 0.503 12 18 21 483 2
240.238 71.369 21.179 13 18 21 599 3
240.238 71.369 21.179 14 18 21 599 3
240.238 71.369 21.179 15 18 21 599 3
240.238 71.369 21.179 16 18 21 599 3
240.238 71.369 21.179 17 18 21 599 3
240.238 71.369 21.179 18 18 21 599 3
240.238 71.369 21.179 19 18 21 599 3
240.238 71.369 21.179 20 18 21 599 3
240.238 71.369 21.179 21 18 21 599 3
240.238 71.369 21.179 22 18 21 599 3
240.238 71.369 21.179 23 18 21 599 3
240.238 71.369 21.179 24 18 21 599 3
240.238 71.369 21.179 25 18 21 599 3
240.238 71.369 21.179 26 18 21 599 3
240.238 71.369 21.179 27 18 21 599 3
240.238 71.369 21.179 28 18 21 599 3
240.238 71.369 21.179 29 18 21 599 3
240.238 71.369 21.179 30 18 21 599 3
146.874 149.391 184.045 1 19 21 612 4
146.874 149.391 184.045 2 19 21 612 4
146.874 149.391 184.045 3 19 21 612 4
146.874 149.391 184.045 4 19 21 612 4
146.874 149.391 184.045 5 19 21 612 4
146.874 149.391 184.045 6 19 21 612 4
146.874 149.391 184.045 7 19 21 612 4
285.185 105.908 200.146 8 19 21 521 2
285.185 105.908 200.146 9 19 21 521 2
285.185 105.908 200.146 10 19 21 521 2
97.144 93.107 0.503 11 19 21 483 2
240.238 71.369 21.179 12 19 21 599 3
240.238 71.369 21.179 13 19 21 599 3
240.238 71.369 21.179 14 19 21 599 3
240.238 71.369 21.179 15 19 21 599 3
240.238 71.369 21.179 16 19 21 599 3
240.238 71.369 21.179 17 19 21 599 3
240.238 71.369 21.179 18 19 21 599 3
240.238 71.369 21.179 19 19 21 599 3
240.238 71.369 21.179 20 19 21 599 3
240.238 71.369 21.179 21 19 21 599 3
240.238 71.369 21.179 22 19 21 599 3
240.238 71.369 21.179 23 19 21 599 3
240.238 71.369 21.179 24 19 21 599 3
240.238 71.369 21.179 25 19 21 599 3
240.238 71.369 21.179 26 19 21 599 3
240.238 71.369 21.179 27 19 21 599 3
240.238 71.369 21.179 28 19 21 599 3
240.238 71.369 21.179 29 19 21 599 3
240.238 71.369 21.179 30 19 21 599 3
146.874 149.391 184.045 1 20 21 612 4
146.874 149.391 184.045 2 20 21 612 4
146.874 149.391 184.045 3 20 21 612 4
146.874 149.391 184.045 4 20 21 612 4
146.874 149.391 184.045 5 20 21 612 4
146.874 149.391 184.045 6 20 21 612 4
136.174 163.178 1.167 7 20 21 84 1
285.185 105.908 200.146 8 20 21 521 2
285.185 105.908 200.146 9 20 21 521 2
285.185 105.908 200.146 10 20 21 521 2
240.238 71.369 21.179 11 20 21 599 3
240.238 71.369 21.179 12 20 21 599 3
240.238 71.369 21.179 13 20 21 599 3
240.238 71.369 21.179 14 20 21 599 3
240.238 71.369 21.179 15 20 21 599 3
240.238 71.369 21.179 16 20 21 599 3
240.238 71.369 21.179 17 20 21 599 3
240.238 71.369 21.179 18 20 21 599 3
240.238 71.369 21.179 19 20 21 599 3
240.238 71.369 21.179 20 20 21 599 3
240.238 71.369 21.179 21 20 21 599 3
240.238 71.369 21.179 22 20 21 599 3
240.238 71.369 21.179 23 20 21 599 3
240.238 71.369 21.179 24 20 21 599 3
240.238 71.369 21.179 25 20 21 599 3
240.238 71.369 21.179 26 20 21 599 3
240.238 71.369 21.179 27 20 21 599 3
240.238 71.369 21.179 28 20 21 599 3
240.238 71.369 21.179 29 20 21 599 3
240.238 71.369 21.179 30 20 21 599 3
146.874 149.391 184.045 1 21 21 612 4
155.923 136.782 304.552 2 21 21 188 1
146.874 149.391 184.045 3 21 21 612 4
146.874 149.391 184.045 4 21 21 612 4
63.652 23.425 208.416 5 21 21 604 4
63.652 23.425 208.416 6 21 21 604 4
63.652 23.425 208.416 7 21 21 604 4
285.185 105.908 200.146 8 21 21 521 2
234.812 85.424 22.039 9 21 21 107 1
63.652 23.425 208.416 10 21 21 604 4
240.238 71.369 21.179 11 21 21 599 3
240.238 71.369 21.179 12 21 21 599 3
240.238 71.369 21.179 13 21 21 599 3
240.238 71.369 21.179 14 21 21 599 3
240.238 71.369 21.179 15 21 21 599 3
240.238 71.369 21.179 16 21 21 599 3
240.238 71.369 21.179 17 21 21 599 3
240.238 71.369 21.179 18 21 21 599 3
240.238 71.369 21.179 19 21 21 599 3
240.238 71.369 21.179 20 21 21 599 3
240.238 71.369 21.179 21 21 21 599 3
240.238 71.369 21.179 22 21 21 599 3
240.238 71.369 21.179 23 21 21 599 3
240.238 71.369 21.179 24 21 21 599 3
240.238 71.369 21.179 25 21 21 599 3
240.238 71.369 21.179 26 21 21 599 3
240.238 71.369 21.179 27 21 21 599 3
240.238 71.369 21.179 28 21 21 599 3
240.238 71.369 21.179 29 21 21 599 3
240.238 71.369 21.179 30 21 21 599 3
146.874 149.391 184.045 1 22 21 612 4
63.652 23.425 208.416 2 22 21 604 4
124.332 85.528 256.160 3 22 21 648 1
63.652 23.425 208.416 4 22 21 604 4
63.652 23.425 208.416 5 22 21 604 4
63.652 23.425 208.416 6 22 21 604 4
63.652 23.425 208.416 7 22 21 604 4
63.652 23.425 208.416 8 22 21 604 4
63.652 23.425 208.416 9 22 21 604 4
63.652 23.425 208.416 10 22 21 604 4
63.652 23.425 208.416 11 22 21 604 4
240.238 71.369 21.179 12 22 21 599 3
240.238 71.369 21.179 13 22 21 599 3
240.238 71.369 21.179 14 22 21 599 3
240.238 71.369 21.179 15 22 21 599 3
240.238 71.369 21.179 16 22 21 599 3
240.238 71.369 21.179 17 22 21 599 3
240.238 71.369 21.179 18 22 21 599 3
240.238 71.369 21.179 19 22 21 599 3
240.238 71.369 21.179 20 22 21 599 3
240.238 71.369 21.179 21 22 21 599 3
240.238 71.369 21.179 22 22 21 599 3
240.238 71.369 21.179 23 22 21 599 3
240.238 71.369 21.179 24 22 21 599 3
240.238 71.369 21.179 25 22 21 599 3
240.238 71.369 21.179 26 22 21 599 3
240.238 71.369 21.179 27 22 21 599 3
240.238 71.369 21.179 28 22 21 599 3
240.238 71.369 21.179 29 22 21 599 3
240.238 71.369 21.179 30 22 21 599 3
63.652 23.425 208.416 1 23 21 604 4
63.652 23.425 208.416 2 23 21 604 4
63.652 23.425 208.416 3 23 21 604 4
63.652 23.425 208.416 4 23 21 604 4
63.652 23.425 208.416 5 23 21 604 4
63.652 23.425 208.416 6 23 21 604 4
63.652 23.425 208.416 7 23 21 604 4
63.652 23.425 208.416 8 23 21 604 4
63.652 23.425 208.416 9 23 21 604 4
63.652 23.425 208.416 10 23 21 604 4
63.652 23.425 208.416 11 23 21 604 4
63.652 23.425 208.416 12 23 21 604 4
240.238 71.369 21.179 13 23 21 599 3
240.238 71.369 21.179 14 23 21 599 3
240.238 71.369 21.179 15 23 21 599 3
240.238 71.369 21.179 16 23 21 599 3
240.238 71.369 21.179 17 23 21 599 3
240.238 71.369 21.179 18 23 21 599 3
240.238 71.369 21.179 19 23 21 599 3
240.238 71.369 21.179 20 23 21 599 3
240.238 71.369 21.179 21 23 21 599 3
240.238 71.369 21.179 22 23 21 599 3
240.238 71.369 21.179 23 23 21 599 3
240.238 71.369 21.179 24 23 21 599 3
240.238 71.369 21.179 25 23 21 599 3
240.238 71.369 21.179 26 23 21 599 3
240.238 71.369 21.179 27 23 21 599 3
240.238 71.369 21.179 28 23 21 599 3
240.238 71.369 21.179 29 23 21 599 3
240.238 71.369 21.179 30 23 21 599 3
63.652 23.425 208.416 1 24 21 604 4
63.652 23.425 208.416 2 24 21 604 4
63.652 23.425 208.416 3 24 21 604 4
63.652 23.425 208.416 4 24 21 604 4
63.652 23.425 208.416 5 24 21 604 4
63.652 23.425 208.416 6 24 21 604 4
63.652 23.425 208.416 7 24 21 604 4
63.652 23.425 208.416 8 24 21 604 4
63.652 23.425 208.416 9 24 21 604 4
63.652 23.425 208.416 10 24 21 604 4
63.652 23.425 208.416 11 24 21 604 4
63.652 23.425 208.416 12 24 21 604 4
63.652 23.425 208.416 13 24 21 604 4
240.238 71.369 21.179 14 24 21 599 3
240.238 71.369 21.179 15 24 21 599 3
240.238 71.369 21.179 16 24 21 599 3
240.238 71.369 21.179 17 24 21 599 3
240.238 71.369 21.179 18 24 21 599 3
240.238 71.369 21.179 19 24 21 599 3
240.238 71.369 21.179 20 24 21 599 3
240.238 71.369 21.179 21 24 21 599 3
240.238 71.369 21.179 22 24 21 599 3
240.238 71.369 21.179 23 24 21 599 3
240.238 71.369 21.179 24 24 21 599 3
240.238 71.369 21.179 25 24 21 599 3
240.238 71.369 21.179 26 24 21 599 3
240.238 71.369 21.179 27 24 21 599 3
240.238 71.369 21.179 28 24 21 599 3
240.238 71.369 21.179 29 24 21 599 3
240.238 71.369 21.179 30 24 21 599 3
63.652 23.425 208.416 1 25 21 604 4
63.652 23.425 208.416 2 25 21 604 4
63.652 23.425 208.416 3 25 21 604 4
63.652 23.425 208.416 4 25 21 604 4
63.652 23.425 208.416 5 25 21 604 4
63.652 23.425 208.416 6 25 21 604 4
63.652 23.425 208.416 7 25 21 604 4
63.652 23.425 208.416 8 25 21 604 4
63.652 23.425 208.416 9 25 21 604 4
63.652 23.425 208.416 10 25 21 604 4
63.652 23.425 208.416 11 25 21 604 4
63.652 23.425 208.416 12 25 21 604 4
63.652 23.425 208.416 13 25 21 604 4
240.238 71.369 21.179 14 25 21 599 3
240.238 71.369 21.179 15 25 21 599 3
73.018 116.966 190.828 16 25 21 302 1
111.778 129.143 36.818 17 25 21 682 4
111.778 129.143 36.818 18 25 21 682 4
240.238 71.369 21.179 19 25 21 599 3
240.238 71.369 21.179 20 25 21 599 3
240.238 71.369 21.179 21 25 21 599 3
240.238 71.369 21.179 22 25 21 599 3
240.238 71.369 21.179 23 25 21 599 3
240.238 71.369 21.179 24 25 21 599 3
240.238 71.369 21.179 25 25 21 599 3
240.238 71.369 21.179 26 25 21 599 3
240.238 71.369 21.179 27 25 21 599 3
240.238 71.369 21.179 28 25 21 599 3
240.238 71.369 21.179 29 25 21 599 3
240.238 71.369 21.179 30 25 21 599 3
63.652 23.425 208.416 1 26 21 604 4
63.652 23.425 208.416 2 26 21 604 4
63.652 23.425 208.416 3 26 21 604 4
63.652 23.425 208.416 4 26 21 604 4
63.652 23.425 208.416 5 26 21 604 4
63.652 23.425 208.416 6 26 21 604 4
63.652 23.425 208.416 7 26 21 604 4
63.652 23.425 208.416 8 26 21 604 4
63.652 23.425 208.416 9 26 21 604 4
63.652 23.425 208.416 10 26 21 604 4
63.652 23.425 208.416 11 26 21 604 4
63.652 23.425 208.416 12 26 21 604 4
63.652 23.425 208.416 13 26 21 604 4
111.778 129.143 36.818 14 26 21 682 4
111.778 129.143 36.818 15 26 21 682 4
111.778 129.143 36.818 16 26 21 682 4
111.778 129.143 36.818 17 26 21 682 4
111.778 129.143 36.818 18 26 21 682 4
111.778 129.143 36.818 19 26 21 682 4
240.238 71.369 21.179 20 26 21 599 3
240.238 71.369 21.179 21 26 21 599 3
240.238 71.369 21.179 22 26 21 599 3
240.238 71.369 21.179 23 26 21 599 3
240.238 71.369 21.179 24 26 21 599 3
240.238 71.369 21.179 25 26 21 599 3
240.238 71.369 21.179 26 26 21 599 3
240.238 71.369 21.179 27 26 21 599 3
240.238 71.369 21.179 28 26 21 599 3
240.238 71.369 21.179 29 26 21 599 3
240.238 71.369 21.179 30 26 21 599 3
63.652 23.425 208.416 1 27 21 604 4
63.652 23.425 208.416 2 27 21 604 4
63.652 23.425 208.416 3 27 21 604 4
63.652 23.425 208.416 4 27 21 604 4
63.652 23.425 208.416 5 27 21 604 4
63.652 23.425 208.416 6 27 21 604 4
63.652 23.425 208.416 7 27 21 604 4
63.652 23.425 208.416 8 27 21 604 4
63.652 23.425 208.416 9 27 21 604 4
63.652 23.425 208.416 10 27 21 604 4
63.652 23.425 208.416 11 27 21 604 4
63.652 23.425 208.416 12 27 21 604 4
63.652 23.425 208.416 13 27 21 604 4
111.778 129.143 36.818 14 27 21 682 4
111.778 129.143 36.818 15 27 21 682 4
111.778 129.143 36.818 16 27 21 682 4
111.778 129.143 36.818 17 27 21 682 4
111.778 129.143 36.818 18 27 21 682 4
111.778 129.143 36.818 19 27 21 682 4
240.238 71.369 21.179 20 27 21 599 3
240.238 71.369 21.179 21 27 21 599 3
215.358 107.894 166.857 22 27 21 571 2
215.358 107.894 166.857 23 27 21 571 2
240.238 71.369 21.179 24 27 21 599 3
240.238 71.369 21.179 25 27 21 599 3
240.238 71.369 21.179 26 27 21 599 3
219.204 124.369 311.069 27 27 21 615 4
219.204 124.369 311.069 28 27 21 615 4
219.204 124.369 311.069 29 27 21 615 4
240.238 71.369 21.179 30 27 21 599 3
63.652 23.425 208.416 1 28 21 604 4
63.652 23.425 208.416 2 28 21 604 4
63.652 23.425 208.416 3 28 21 604 4
63.652 23.425 208.416 4 28 21 604 4
63.652 23.425 208.416 5 28 21 604 4
63.652 23.425 208.416 6 28 21 604 4
63.652 23.425 208.416 7 28 21 604 4
63.652 23.425 208.416 8 28 21 604 4
63.652 23.425 208.416 9 28 21 604 4
63.652 23.425 208.416 10 28 21 604 4
63.652 23.425 208.416 11 28 21 604 4
63.652 23.425 208.416 12 28 21 604 4
63.652 23.425 208.416 13 28 21 604 4
331.896 47.124 191.038 14 28 21 401 1
111.778 129.143 36.818 15 28 21 682 4
111.778 129.143 36.818 16 28 21 682 4
111.778 129.143 36.818 17 28 21 682 4
111.778 129.143 36.818 18 28 21 682 4
141.728 71.270 328.298 19 28 21 256 1
141.728 71.270 328.298 20 28 21 256 1
240.238 71.369 21.179 21 28 21 599 3
9.093 85.475 331.977 22 28 21 143 1
215.358 107.894 166.857 23 28 21 571 2
240.238 71.369 21.179 24 28 21 599 3
240.238 71.369 21.179 25 28 21 599 3
219.204 124.369 311.069 26 28 21 615 4
219.204 124.369 311.069 27 28 21 615 4
219.204 124.369 311.069 28 28 21 615 4
219.204 124.369 311.069 29 28 21 615 4
219.204 124.369 311.069 30 28 21 615 4
63.652 23.425 208.416 1 29 21 604 4
63.652 23.425 208.416 2 29 21 604 4
63.652 23.425 208.416 3 29 21 604 4
63.652 23.425 208.416 4 29 21 604 4
63.652 23.425 208.416 5 29 21 604 4
63.652 23.425 208.416 6 29 21 604 4
63.652 23.425 208.416 7 29 21 604 4
63.652 23.425 208.416 8 29 21 604 4
63.652 23.425 208.416 9 29 21 604 4
63.652 23.425 208.416 10 29 21 604 4
63.652 23.425 208.416 11 29 21 604 4
63.652 23.425 208.416 12 29 21 604 4
63.652 23.425 208.416 13 29 21 604 4
111.778 129.143 36.818 14 29 21 682 4
111.778 129.143 36.818 15 29 21 682 4
111.778 129.143 36.818 16 29 21 682 4
111.778 129.143 36.818 17 29 21 682 4
111.778 129.143 36.818 18 29 21 682 4
141.728 71.270 328.298 19 29 21 256 1
141.728 71.270 328.298 20 29 21 256 1
240.238 71.369 21.179 21 29 21 599 3
294.996 94.393 248.594 22 29 21 173 1
294.996 94.393 248.594 23 29 21 173 1
294.996 94.393 248.594 24 29 21 173 1
51.553 64.020 37.694 25 29 21 503 2
51.553 64.020 37.694 26 29 21 503 2
51.553 64.020 37.694 27 29 21 503 2
219.204 124.369 311.069 28 29 21 615 4
219.204 124.369 311.069 29 29 21 615 4
219.204 124.369 311.069 30 29 21 615 4
63.652 23.425 208.416 1 30 21 604 4
63.652 23.425 208.416 2 30 21 604 4
63.652 23.425 208.416 3 30 21 604 4
63.652 23.425 208.416 4 30 21 604 4
63.652 23.425 208.416 5 30 21 604 4
63.652 23.425 208.416 6 30 21 604 4
63.652 23.425 208.416 7 30 21 604 4
63.652 23.425 208.416 8 30 21 604 4
63.652 23.425 208.416 9 30 21 604 4
63.652 23.425 208.416 10 30 21 604 4
63.652 23.425 208.416 11 30 21 604 4
63.652 23.425 208.416 12 30 21 604 4
111.778 129.143 36.818 13 30 21 682 4
111.778 129.143 36.818 14 30 21 682 4
111.778 129.143 36.818 15 30 21 682 4
111.778 129.143 36.818 16 30 21 682 4
111.778 129.143 36.818 17 30 21 682 4
111.778 129.143 36.818 18 30 21 682 4
319.375 91.000 286.557 19 30 21 666 2
53.169 104.009 46.907 20 30 21 42 1
53.169 104.009 46.907 21 30 21 42 1
294.996 94.393 248.594 22 30 21 173 1
294.996 94.393 248.594 23 30 21 173 1
51.553 64.020 37.694 24 30 21 503 2
51.553 64.020 37.694 25 30 21 503 2
51.553 64.020 37.694 26 30 21 503 2
51.553 64.020 37.694 27 30 21 503 2
51.553 64.020 37.694 28 30 21 503 2
51.553 64.020 37.694 29 30 21 503 2
51.553 64.020 37.694 30 30 21 503 2
