169.168 113.403 289.277 1 1 24 683 4
310.050 88.962 337.878 2 1 24 58 1
310.050 88.962 337.878 3 1 24 58 1
310.050 88.962 337.878 4 1 24 58 1
310.050 88.962 337.878 5 1 24 58 1
61.083 148.533 153.948 6 1 24 520 2
61.083 148.533 153.948 7 1 24 520 2
61.083 148.533 153.948 8 1 24 520 2
61.083 148.533 153.948 9 1 24 520 2
5.350 18.455 278.228 10 1 24 662 2
5.350 18.455 278.228 11 1 24 662 2
5.350 18.455 278.228 12 1 24 662 2
5.350 18.455 278.228 13 1 24 662 2
42.553 114.298 125.670 14 1 24 133 1
42.553 114.298 125.670 15 1 24 133 1
42.553 114.298 125.670 16 1 24 133 1
42.553 114.298 125.670 17 1 24 133 1
317.890 134.660 11.519 18 1 24 196 1
25.318 133.507 294.832 19 1 24 499 2
25.318 133.507 294.832 20 1 24 499 2
25.318 133.507 294.832 21 1 24 499 2
190.269 81.492 273.494 22 1 24 220 1
190.269 81.492 273.494 23 1 24 220 1
190.269 81.492 273.494 24 1 24 220 1
216.389 83.316 68.622 25 1 24 160 1
216.389 83.316 68.622 26 1 24 160 1
216.389 83.316 68.622 27 1 24 160 1
210.798 88.623 37.614 28 1 24 600 4
210.798 88.623 37.614 29 1 24 600 4
210.798 88.623 37.614 30 1 24 600 4
169.168 113.403 289.277 1 2 24 683 4
169.168 113.403 289.277 2 2 24 683 4
310.050 88.962 337.878 3 2 24 58 1
310.050 88.962 337.878 4 2 24 58 1
310.050 88.962 337.878 5 2 24 58 1
61.083 148.533 153.948 6 2 24 520 2
61.083 148.533 153.948 7 2 24 520 2
61.083 148.533 153.948 8 2 24 520 2
61.083 148.533 153.948 9 2 24 520 2
61.083 148.533 153.948 10 2 24 520 2
5.350 18.455 278.228 11 2 24 662 2
5.350 18.455 278.228 12 2 24 662 2
5.350 18.455 278.228 13 2 24 662 2
42.553 114.298 125.670 14 2 24 133 1
42.553 114.298 125.670 15 2 24 133 1
42.553 114.298 125.670 16 2 24 133 1
42.553 114.298 125.670 17 2 24 133 1
317.890 134.660 11.519 18 2 24 196 1
317.890 134.660 11.519 19 2 24 196 1
25.318 133.507 294.832 20 2 24 499 2
25.318 133.507 294.832 21 2 24 499 2
25.318 133.507 294.832 22 2 24 499 2
190.269 81.492 273.494 23 2 24 220 1
190.269 81.492 273.494 24 2 24 220 1
190.269 81.492 273.494 25 2 24 220 1
216.389 83.316 68.622 26 2 24 160 1
216.389 83.316 68.622 27 2 24 160 1
210.798 88.623 37.614 28 2 24 600 4
210.798 88.623 37.614 29 2 24 600 4
210.798 88.623 37.614 30 2 24 600 4
169.168 113.403 289.277 1 3 24 683 4
169.168 113.403 289.277 2 3 24 683 4
169.168 113.403 289.277 3 3 24 683 4
310.050 88.962 337.878 4 3 24 58 1
169.168 113.403 289.277 5 3 24 683 4
140.085 128.635 275.528 6 3 24 606 4
140.085 128.635 275.528 7 3 24 606 4
61.083 148.533 153.948 8 3 24 520 2
61.083 148.533 153.948 9 3 24 520 2
147.325 72.613 50.489 10 3 24 396 1
5.350 18.455 278.228 11 3 24 662 2
147.325 72.613 50.489 12 3 24 396 1
147.325 72.613 50.489 13 3 24 396 1
42.553 114.298 125.670 14 3 24 133 1
42.553 114.298 125.670 15 3 24 133 1
42.553 114.298 125.670 16 3 24 133 1
42.553 114.298 125.670 17 3 24 133 1
317.890 134.660 11.519 18 3 24 196 1
317.890 134.660 11.519 19 3 24 196 1
25.318 133.507 294.832 20 3 24 499 2
25.318 133.507 294.832 21 3 24 499 2
25.318 133.507 294.832 22 3 24 499 2
190.269 81.492 273.494 23 3 24 220 1
190.269 81.492 273.494 24 3 24 220 1
190.269 81.492 273.494 25 3 24 220 1
190.269 81.492 273.494 26 3 24 220 1
216.389 83.316 68.622 27 3 24 160 1
210.798 88.623 37.614 28 3 24 600 4
210.798 88.623 37.614 29 3 24 600 4
210.798 88.623 37.614 30 3 24 600 4
169.168 113.403 289.277 1 4 24 683 4
169.168 113.403 289.277 2 4 24 683 4
169.168 113.403 289.277 3 4 24 683 4
169.168 113.403 289.277 4 4 24 683 4
169.168 113.403 289.277 5 4 24 683 4
140.085 128.635 275.528 6 4 24 606 4
140.085 128.635 275.528 7 4 24 606 4
140.085 128.635 275.528 8 4 24 606 4
140.085 128.635 275.528 9 4 24 606 4
193.791 87.397 196.607 10 4 24 460 1
5.350 18.455 278.228 11 4 24 662 2
147.325 72.613 50.489 12 4 24 396 1
156.609 117.081 117.522 13 4 24 674 2
156.609 117.081 117.522 14 4 24 674 2
310.958 82.598 196.824 15 4 24 620 4
310.958 82.598 196.824 16 4 24 620 4
310.958 82.598 196.824 17 4 24 620 4
185.814 114.668 24.887 18 4 24 651 1
185.814 114.668 24.887 19 4 24 651 1
25.318 133.507 294.832 20 4 24 499 2
70.219 113.748 106.324 21 4 24 513 2
191.814 134.346 48.060 22 4 24 321 1
190.269 81.492 273.494 23 4 24 220 1
190.269 81.492 273.494 24 4 24 220 1
190.269 81.492 273.494 25 4 24 220 1
190.269 81.492 273.494 26 4 24 220 1
190.269 81.492 273.494 27 4 24 220 1
210.798 88.623 37.614 28 4 24 600 4
210.798 88.623 37.614 29 4 24 600 4
210.798 88.623 37.614 30 4 24 600 4
169.168 113.403 289.277 1 5 24 683 4
169.168 113.403 289.277 2 5 24 683 4
169.168 113.403 289.277 3 5 24 683 4
169.168 113.403 289.277 4 5 24 683 4
169.168 113.403 289.277 5 5 24 683 4
140.085 128.635 275.528 6 5 24 606 4
140.085 128.635 275.528 7 5 24 606 4
140.085 128.635 275.528 8 5 24 606 4
140.085 128.635 275.528 9 5 24 606 4
140.085 128.635 275.528 10 5 24 606 4
140.085 128.635 275.528 11 5 24 606 4
140.085 128.635 275.528 12 5 24 606 4
156.609 117.081 117.522 13 5 24 674 2
310.958 82.598 196.824 14 5 24 620 4
310.958 82.598 196.824 15 5 24 620 4
310.958 82.598 196.824 16 5 24 620 4
310.958 82.598 196.824 17 5 24 620 4
310.958 82.598 196.824 18 5 24 620 4
310.958 82.598 196.824 19 5 24 620 4
310.958 82.598 196.824 20 5 24 620 4
70.219 113.748 106.324 21 5 24 513 2
70.219 113.748 106.324 22 5 24 513 2
70.219 113.748 106.324 23 5 24 513 2
190.269 81.492 273.494 24 5 24 220 1
190.269 81.492 273.494 25 5 24 220 1
190.269 81.492 273.494 26 5 24 220 1
210.798 88.623 37.614 27 5 24 600 4
210.798 88.623 37.614 28 5 24 600 4
210.798 88.623 37.614 29 5 24 600 4
210.798 88.623 37.614 30 5 24 600 4
169.168 113.403 289.277 1 6 24 683 4
169.168 113.403 289.277 2 6 24 683 4
122.270 62.356 133.060 3 6 24 421 1
298.728 87.950 332.841 4 6 24 619 4
298.728 87.950 332.841 5 6 24 619 4
140.085 128.635 275.528 6 6 24 606 4
140.085 128.635 275.528 7 6 24 606 4
140.085 128.635 275.528 8 6 24 606 4
140.085 128.635 275.528 9 6 24 606 4
140.085 128.635 275.528 10 6 24 606 4
140.085 128.635 275.528 11 6 24 606 4
140.085 128.635 275.528 12 6 24 606 4
140.085 128.635 275.528 13 6 24 606 4
310.958 82.598 196.824 14 6 24 620 4
310.958 82.598 196.824 15 6 24 620 4
310.958 82.598 196.824 16 6 24 620 4
310.958 82.598 196.824 17 6 24 620 4
310.958 82.598 196.824 18 6 24 620 4
310.958 82.598 196.824 19 6 24 620 4
310.958 82.598 196.824 20 6 24 620 4
88.682 71.055 328.521 21 6 24 265 1
88.682 71.055 328.521 22 6 24 265 1
70.219 113.748 106.324 23 6 24 513 2
229.387 64.701 186.007 24 6 24 480 1
229.387 64.701 186.007 25 6 24 480 1
264.374 95.876 89.648 26 6 24 199 1
210.798 88.623 37.614 27 6 24 600 4
210.798 88.623 37.614 28 6 24 600 4
210.798 88.623 37.614 29 6 24 600 4
210.798 88.623 37.614 30 6 24 600 4
169.168 113.403 289.277 1 7 24 683 4
298.728 87.950 332.841 2 7 24 619 4
298.728 87.950 332.841 3 7 24 619 4
298.728 87.950 332.841 4 7 24 619 4
298.728 87.950 332.841 5 7 24 619 4
168.090 24.977 232.890 6 7 24 629 1
140.085 128.635 275.528 7 7 24 606 4
140.085 128.635 275.528 8 7 24 606 4
140.085 128.635 275.528 9 7 24 606 4
140.085 128.635 275.528 10 7 24 606 4
140.085 128.635 275.528 11 7 24 606 4
140.085 128.635 275.528 12 7 24 606 4
336.726 138.290 213.871 13 7 24 621 4
310.958 82.598 196.824 14 7 24 620 4
310.958 82.598 196.824 15 7 24 620 4
310.958 82.598 196.824 16 7 24 620 4
310.958 82.598 196.824 17 7 24 620 4
310.958 82.598 196.824 18 7 24 620 4
88.682 71.055 328.521 19 7 24 265 1
88.682 71.055 328.521 20 7 24 265 1
88.682 71.055 328.521 21 7 24 265 1
88.682 71.055 328.521 22 7 24 265 1
0.128 134.307 28.119 23 7 24 458 1
359.008 114.480 74.133 24 7 24 189 1
229.387 64.701 186.007 25 7 24 480 1
229.387 64.701 186.007 26 7 24 480 1
210.798 88.623 37.614 27 7 24 600 4
210.798 88.623 37.614 28 7 24 600 4
210.798 88.623 37.614 29 7 24 600 4
210.798 88.623 37.614 30 7 24 600 4
336.896 68.463 141.717 1 8 24 121 1
336.896 68.463 141.717 2 8 24 121 1
298.728 87.950 332.841 3 8 24 619 4
98.400 92.675 183.486 4 8 24 13 1
298.728 87.950 332.841 5 8 24 619 4
298.728 87.950 332.841 6 8 24 619 4
140.085 128.635 275.528 7 8 24 606 4
140.085 128.635 275.528 8 8 24 606 4
140.085 128.635 275.528 9 8 24 606 4
140.085 128.635 275.528 10 8 24 606 4
140.085 128.635 275.528 11 8 24 606 4
336.726 138.290 213.871 12 8 24 621 4
336.726 138.290 213.871 13 8 24 621 4
336.726 138.290 213.871 14 8 24 621 4
310.958 82.598 196.824 15 8 24 620 4
310.958 82.598 196.824 16 8 24 620 4
310.958 82.598 196.824 17 8 24 620 4
310.958 82.598 196.824 18 8 24 620 4
88.682 71.055 328.521 19 8 24 265 1
88.682 71.055 328.521 20 8 24 265 1
88.682 71.055 328.521 21 8 24 265 1
88.682 71.055 328.521 22 8 24 265 1
0.128 134.307 28.119 23 8 24 458 1
0.128 134.307 28.119 24 8 24 458 1
229.387 64.701 186.007 25 8 24 480 1
229.387 64.701 186.007 26 8 24 480 1
210.798 88.623 37.614 27 8 24 600 4
210.798 88.623 37.614 28 8 24 600 4
210.798 88.623 37.614 29 8 24 600 4
210.798 88.623 37.614 30 8 24 600 4
298.728 87.950 332.841 1 9 24 619 4
298.728 87.950 332.841 2 9 24 619 4
298.728 87.950 332.841 3 9 24 619 4
298.728 87.950 332.841 4 9 24 619 4
298.728 87.950 332.841 5 9 24 619 4
298.728 87.950 332.841 6 9 24 619 4
298.728 87.950 332.841 7 9 24 619 4
336.726 138.290 213.871 8 9 24 621 4
336.726 138.290 213.871 9 9 24 621 4
336.726 138.290 213.871 10 9 24 621 4
336.726 138.290 213.871 11 9 24 621 4
336.726 138.290 213.871 12 9 24 621 4
336.726 138.290 213.871 13 9 24 621 4
336.726 138.290 213.871 14 9 24 621 4
336.726 138.290 213.871 15 9 24 621 4
310.958 82.598 196.824 16 9 24 620 4
310.958 82.598 196.824 17 9 24 620 4
310.958 82.598 196.824 18 9 24 620 4
88.682 71.055 328.521 19 9 24 265 1
88.682 71.055 328.521 20 9 24 265 1
88.682 71.055 328.521 21 9 24 265 1
88.682 71.055 328.521 22 9 24 265 1
0.128 134.307 28.119 23 9 24 458 1
0.128 134.307 28.119 24 9 24 458 1
0.128 134.307 28.119 25 9 24 458 1
210.798 88.623 37.614 26 9 24 600 4
210.798 88.623 37.614 27 9 24 600 4
210.798 88.623 37.614 28 9 24 600 4
210.798 88.623 37.614 29 9 24 600 4
210.798 88.623 37.614 30 9 24 600 4
298.728 87.950 332.841 1 10 24 619 4
154.964 146.924 287.385 2 10 24 15 1
298.728 87.950 332.841 3 10 24 619 4
298.728 87.950 332.841 4 10 24 619 4
298.728 87.950 332.841 5 10 24 619 4
182.790 63.715 28.951 6 10 24 272 1
34.085 133.093 8.633 7 10 24 467 1
2.437 29.335 163.244 8 10 24 504 2
336.726 138.290 213.871 9 10 24 621 4
336.726 138.290 213.871 10 10 24 621 4
336.726 138.290 213.871 11 10 24 621 4
142.706 133.649 159.422 12 10 24 243 1
142.706 133.649 159.422 13 10 24 243 1
336.726 138.290 213.871 14 10 24 621 4
336.726 138.290 213.871 15 10 24 621 4
336.726 138.290 213.871 16 10 24 621 4
135.242 64.907 289.109 17 10 24 647 1
222.507 60.111 226.663 18 10 24 577 2
222.507 60.111 226.663 19 10 24 577 2
311.490 96.674 110.819 20 10 24 115 1
222.507 60.111 226.663 21 10 24 577 2
0.128 134.307 28.119 22 10 24 458 1
0.128 134.307 28.119 23 10 24 458 1
42.565 126.495 350.477 24 10 24 55 1
0.128 134.307 28.119 25 10 24 458 1
210.798 88.623 37.614 26 10 24 600 4
210.798 88.623 37.614 27 10 24 600 4
210.798 88.623 37.614 28 10 24 600 4
210.798 88.623 37.614 29 10 24 600 4
210.798 88.623 37.614 30 10 24 600 4
298.728 87.950 332.841 1 11 24 619 4
298.728 87.950 332.841 2 11 24 619 4
298.728 87.950 332.841 3 11 24 619 4
298.728 87.950 332.841 4 11 24 619 4
298.728 87.950 332.841 5 11 24 619 4
147.710 45.410 96.118 6 11 24 348 1
34.085 133.093 8.633 7 11 24 467 1
2.437 29.335 163.244 8 11 24 504 2
336.726 138.290 213.871 9 11 24 621 4
336.726 138.290 213.871 10 11 24 621 4
336.726 138.290 213.871 11 11 24 621 4
142.706 133.649 159.422 12 11 24 243 1
142.706 133.649 159.422 13 11 24 243 1
336.726 138.290 213.871 14 11 24 621 4
336.726 138.290 213.871 15 11 24 621 4
135.242 64.907 289.109 16 11 24 647 1
135.242 64.907 289.109 17 11 24 647 1
135.242 64.907 289.109 18 11 24 647 1
222.507 60.111 226.663 19 11 24 577 2
222.507 60.111 226.663 20 11 24 577 2
222.507 60.111 226.663 21 11 24 577 2
222.507 60.111 226.663 22 11 24 577 2
0.128 134.307 28.119 23 11 24 458 1
288.917 142.551 243.628 24 11 24 254 1
288.917 142.551 243.628 25 11 24 254 1
288.917 142.551 243.628 26 11 24 254 1
210.798 88.623 37.614 27 11 24 600 4
210.798 88.623 37.614 28 11 24 600 4
210.798 88.623 37.614 29 11 24 600 4
210.798 88.623 37.614 30 11 24 600 4
298.728 87.950 332.841 1 12 24 619 4
298.728 87.950 332.841 2 12 24 619 4
298.728 87.950 332.841 3 12 24 619 4
298.728 87.950 332.841 4 12 24 619 4
147.710 45.410 96.118 5 12 24 348 1
147.710 45.410 96.118 6 12 24 348 1
34.085 133.093 8.633 7 12 24 467 1
34.085 133.093 8.633 8 12 24 467 1
60.167 121.446 148.519 9 12 24 283 1
336.726 138.290 213.871 10 12 24 621 4
336.726 138.290 213.871 11 12 24 621 4
142.706 133.649 159.422 12 12 24 243 1
142.706 133.649 159.422 13 12 24 243 1
336.726 138.290 213.871 14 12 24 621 4
135.242 64.907 289.109 15 12 24 647 1
135.242 64.907 289.109 16 12 24 647 1
135.242 64.907 289.109 17 12 24 647 1
135.242 64.907 289.109 18 12 24 647 1
222.507 60.111 226.663 19 12 24 577 2
222.507 60.111 226.663 20 12 24 577 2
222.507 60.111 226.663 21 12 24 577 2
9.312 72.440 340.586 22 12 24 282 1
288.917 142.551 243.628 23 12 24 254 1
288.917 142.551 243.628 24 12 24 254 1
288.917 142.551 243.628 25 12 24 254 1
238.062 74.728 138.389 26 12 24 293 1
210.798 88.623 37.614 27 12 24 600 4
210.798 88.623 37.614 28 12 24 600 4
210.798 88.623 37.614 29 12 24 600 4
210.798 88.623 37.614 30 12 24 600 4
298.728 87.950 332.841 1 13 24 619 4
298.728 87.950 332.841 2 13 24 619 4
298.728 87.950 332.841 3 13 24 619 4
298.728 87.950 332.841 4 13 24 619 4
147.710 45.410 96.118 5 13 24 348 1
147.710 45.410 96.118 6 13 24 348 1
34.085 133.093 8.633 7 13 24 467 1
34.085 133.093 8.633 8 13 24 467 1
336.726 138.290 213.871 9 13 24 621 4
336.726 138.290 213.871 10 13 24 621 4
336.726 138.290 213.871 11 13 24 621 4
142.706 133.649 159.422 12 13 24 243 1
142.706 133.649 159.422 13 13 24 243 1
142.706 133.649 159.422 14 13 24 243 1
135.242 64.907 289.109 15 13 24 647 1
135.242 64.907 289.109 16 13 24 647 1
135.242 64.907 289.109 17 13 24 647 1
135.242 64.907 289.109 18 13 24 647 1
157.963 159.040 125.695 19 13 24 659 1
157.963 159.040 125.695 20 13 24 659 1
157.963 159.040 125.695 21 13 24 659 1
288.917 142.551 243.628 22 13 24 254 1
288.917 142.551 243.628 23 13 24 254 1
288.917 142.551 243.628 24 13 24 254 1
240.238 71.369 21.179 25 13 24 599 3
238.062 74.728 138.389 26 13 24 293 1
240.238 71.369 21.179 27 13 24 599 3
210.798 88.623 37.614 28 13 24 600 4
210.798 88.623 37.614 29 13 24 600 4
210.798 88.623 37.614 30 13 24 600 4
146.874 149.391 184.045 1 14 24 612 4
146.874 149.391 184.045 2 14 24 612 4
146.874 149.391 184.045 3 14 24 612 4
45.496 105.750 98.455 4 14 24 138 1
146.170 60.213 313.798 5 14 24 633 1
166.681 96.454 66.400 6 14 24 90 1
34.085 133.093 8.633 7 14 24 467 1
336.726 138.290 213.871 8 14 24 621 4
336.726 138.290 213.871 9 14 24 621 4
336.726 138.290 213.871 10 14 24 621 4
336.726 138.290 213.871 11 14 24 621 4
142.706 133.649 159.422 12 14 24 243 1
142.706 133.649 159.422 13 14 24 243 1
67.344 141.855 238.502 14 14 24 526 2
135.242 64.907 289.109 15 14 24 647 1
135.242 64.907 289.109 16 14 24 647 1
135.242 64.907 289.109 17 14 24 647 1
135.242 64.907 289.109 18 14 24 647 1
211.689 10.071 183.631 19 14 24 148 1
211.689 10.071 183.631 20 14 24 148 1
240.238 71.369 21.179 21 14 24 599 3
240.238 71.369 21.179 22 14 24 599 3
240.238 71.369 21.179 23 14 24 599 3
240.238 71.369 21.179 24 14 24 599 3
240.238 71.369 21.179 25 14 24 599 3
238.062 74.728 138.389 26 14 24 293 1
240.238 71.369 21.179 27 14 24 599 3
240.238 71.369 21.179 28 14 24 599 3
210.798 88.623 37.614 29 14 24 600 4
210.798 88.623 37.614 30 14 24 600 4
146.874 149.391 184.045 1 15 24 612 4
146.874 149.391 184.045 2 15 24 612 4
146.874 149.391 184.045 3 15 24 612 4
146.874 149.391 184.045 4 15 24 612 4
146.874 149.391 184.045 5 15 24 612 4
146.874 149.391 184.045 6 15 24 612 4
67.344 141.855 238.502 7 15 24 526 2
67.344 141.855 238.502 8 15 24 526 2
67.344 141.855 238.502 9 15 24 526 2
67.344 141.855 238.502 10 15 24 526 2
67.344 141.855 238.502 11 15 24 526 2
67.344 141.855 238.502 12 15 24 526 2
67.344 141.855 238.502 13 15 24 526 2
67.344 141.855 238.502 14 15 24 526 2
67.344 141.855 238.502 15 15 24 526 2
135.242 64.907 289.109 16 15 24 647 1
135.242 64.907 289.109 17 15 24 647 1
240.238 71.369 21.179 18 15 24 599 3
240.238 71.369 21.179 19 15 24 599 3
240.238 71.369 21.179 20 15 24 599 3
240.238 71.369 21.179 21 15 24 599 3
240.238 71.369 21.179 22 15 24 599 3
240.238 71.369 21.179 23 15 24 599 3
240.238 71.369 21.179 24 15 24 599 3
240.238 71.369 21.179 25 15 24 599 3
238.062 74.728 138.389 26 15 24 293 1
240.238 71.369 21.179 27 15 24 599 3
240.238 71.369 21.179 28 15 24 599 3
72.525 41.383 156.172 29 15 24 595 2
72.525 41.383 156.172 30 15 24 595 2
146.874 149.391 184.045 1 16 24 612 4
146.874 149.391 184.045 2 16 24 612 4
146.874 149.391 184.045 3 16 24 612 4
146.874 149.391 184.045 4 16 24 612 4
146.874 149.391 184.045 5 16 24 612 4
67.344 141.855 238.502 6 16 24 526 2
67.344 141.855 238.502 7 16 24 526 2
67.344 141.855 238.502 8 16 24 526 2
67.344 141.855 238.502 9 16 24 526 2
219.579 131.002 319.802 10 16 24 644 1
67.344 141.855 238.502 11 16 24 526 2
67.344 141.855 238.502 12 16 24 526 2
67.344 141.855 238.502 13 16 24 526 2
67.344 141.855 238.502 14 16 24 526 2
67.344 141.855 238.502 15 16 24 526 2
240.238 71.369 21.179 16 16 24 599 3
240.238 71.369 21.179 17 16 24 599 3
240.238 71.369 21.179 18 16 24 599 3
240.238 71.369 21.179 19 16 24 599 3
240.238 71.369 21.179 20 16 24 599 3
284.706 154.889 314.202 21 16 24 64 1
240.238 71.369 21.179 22 16 24 599 3
240.238 71.369 21.179 23 16 24 599 3
240.238 71.369 21.179 24 16 24 599 3
240.238 71.369 21.179 25 16 24 599 3
240.238 71.369 21.179 26 16 24 599 3
240.238 71.369 21.179 27 16 24 599 3
240.238 71.369 21.179 28 16 24 599 3
240.238 71.369 21.179 29 16 24 599 3
240.238 71.369 21.179 30 16 24 599 3
146.874 149.391 184.045 1 17 24 612 4
146.874 149.391 184.045 2 17 24 612 4
146.874 149.391 184.045 3 17 24 612 4
146.874 149.391 184.045 4 17 24 612 4
67.344 141.855 238.502 5 17 24 526 2
67.344 141.855 238.502 6 17 24 526 2
67.344 141.855 238.502 7 17 24 526 2
67.344 141.855 238.502 8 17 24 526 2
67.344 141.855 238.502 9 17 24 526 2
67.344 141.855 238.502 10 17 24 526 2
67.344 141.855 238.502 11 17 24 526 2
67.344 141.855 238.502 12 17 24 526 2
67.344 141.855 238.502 13 17 24 526 2
67.344 141.855 238.502 14 17 24 526 2
67.344 141.855 238.502 15 17 24 526 2
240.238 71.369 21.179 16 17 24 599 3
240.238 71.369 21.179 17 17 24 599 3
240.238 71.369 21.179 18 17 24 599 3
240.238 71.369 21.179 19 17 24 599 3
240.238 71.369 21.179 20 17 24 599 3
240.238 71.369 21.179 21 17 24 599 3
240.238 71.369 21.179 22 17 24 599 3
240.238 71.369 21.179 23 17 24 599 3
240.238 71.369 21.179 24 17 24 599 3
240.238 71.369 21.179 25 17 24 599 3
240.238 71.369 21.179 26 17 24 599 3
240.238 71.369 21.179 27 17 24 599 3
240.238 71.369 21.179 28 17 24 599 3
240.238 71.369 21.179 29 17 24 599 3
240.238 71.369 21.179 30 17 24 599 3
146.874 149.391 184.045 1 18 24 612 4
146.874 149.391 184.045 2 18 24 612 4
146.874 149.391 184.045 3 18 24 612 4
146.874 149.391 184.045 4 18 24 612 4
67.344 141.855 238.502 5 18 24 526 2
67.344 141.855 238.502 6 18 24 526 2
67.344 141.855 238.502 7 18 24 526 2
67.344 141.855 238.502 8 18 24 526 2
67.344 141.855 238.502 9 18 24 526 2
67.344 141.855 238.502 10 18 24 526 2
67.344 141.855 238.502 11 18 24 526 2
67.344 141.855 238.502 12 18 24 526 2
67.344 141.855 238.502 13 18 24 526 2
67.344 141.855 238.502 14 18 24 526 2
240.238 71.369 21.179 15 18 24 599 3
240.238 71.369 21.179 16 18 24 599 3
240.238 71.369 21.179 17 18 24 599 3
240.238 71.369 21.179 18 18 24 599 3
240.238 71.369 21.179 19 18 24 599 3
240.238 71.369 21.179 20 18 24 599 3
240.238 71.369 21.179 21 18 24 599 3
240.238 71.369 21.179 22 18 24 599 3
240.238 71.369 21.179 23 18 24 599 3
240.238 71.369 21.179 24 18 24 599 3
240.238 71.369 21.179 25 18 24 599 3
240.238 71.369 21.179 26 18 24 599 3
240.238 71.369 21.179 27 18 24 599 3
240.238 71.369 21.179 28 18 24 599 3
240.238 71.369 21.179 29 18 24 599 3
240.238 71.369 21.179 30 18 24 599 3
146.874 149.391 184.045 1 19 24 612 4
146.874 149.391 184.045 2 19 24 612 4
146.874 149.391 184.045 3 19 24 612 4
146.874 149.391 184.045 4 19 24 612 4
67.344 141.855 238.502 5 19 24 526 2
67.344 141.855 238.502 6 19 24 526 2
67.344 141.855 238.502 7 19 24 526 2
67.344 141.855 238.502 8 19 24 526 2
67.344 141.855 238.502 9 19 24 526 2
67.344 141.855 238.502 10 19 24 526 2
67.344 141.855 238.502 11 19 24 526 2
67.344 141.855 238.502 12 19 24 526 2
67.344 141.855 238.502 13 19 24 526 2
240.238 71.369 21.179 14 19 24 599 3
240.238 71.369 21.179 15 19 24 599 3
240.238 71.369 21.179 16 19 24 599 3
240.238 71.369 21.179 17 19 24 599 3
240.238 71.369 21.179 18 19 24 599 3
240.238 71.369 21.179 19 19 24 599 3
240.238 71.369 21.179 20 19 24 599 3
240.238 71.369 21.179 21 19 24 599 3
240.238 71.369 21.179 22 19 24 599 3
240.238 71.369 21.179 23 19 24 599 3
240.238 71.369 21.179 24 19 24 599 3
240.238 71.369 21.179 25 19 24 599 3
240.238 71.369 21.179 26 19 24 599 3
240.238 71.369 21.179 27 19 24 599 3
240.238 71.369 21.179 28 19 24 599 3
240.238 71.369 21.179 29 19 24 599 3
240.238 71.369 21.179 30 19 24 599 3
146.874 149.391 184.045 1 20 24 612 4
356.909 18.481 109.368 2 20 24 459 1
146.874 149.391 184.045 3 20 24 612 4
149.230 58.211 238.901 4 20 24 96 1
146.874 149.391 184.045 5 20 24 612 4
67.344 141.855 238.502 6 20 24 526 2
67.344 141.855 238.502 7 20 24 526 2
67.344 141.855 238.502 8 20 24 526 2
67.344 141.855 238.502 9 20 24 526 2
67.344 141.855 238.502 10 20 24 526 2
67.344 141.855 238.502 11 20 24 526 2
32.484 139.839 227.651 12 20 24 464 1
240.238 71.369 21.179 13 20 24 599 3
240.238 71.369 21.179 14 20 24 599 3
240.238 71.369 21.179 15 20 24 599 3
240.238 71.369 21.179 16 20 24 599 3
240.238 71.369 21.179 17 20 24 599 3
240.238 71.369 21.179 18 20 24 599 3
240.238 71.369 21.179 19 20 24 599 3
240.238 71.369 21.179 20 20 24 599 3
240.238 71.369 21.179 21 20 24 599 3
240.238 71.369 21.179 22 20 24 599 3
240.238 71.369 21.179 23 20 24 599 3
240.238 71.369 21.179 24 20 24 599 3
240.238 71.369 21.179 25 20 24 599 3
240.238 71.369 21.179 26 20 24 599 3
240.238 71.369 21.179 27 20 24 599 3
240.238 71.369 21.179 28 20 24 599 3
240.238 71.369 21.179 29 20 24 599 3
240.238 71.369 21.179 30 20 24 599 3
146.874 149.391 184.045 1 21 24 612 4
146.874 149.391 184.045 2 21 24 612 4
146.874 149.391 184.045 3 21 24 612 4
63.652 23.425 208.416 4 21 24 604 4
63.652 23.425 208.416 5 21 24 604 4
63.652 23.425 208.416 6 21 24 604 4
63.652 23.425 208.416 7 21 24 604 4
63.652 23.425 208.416 8 21 24 604 4
63.652 23.425 208.416 9 21 24 604 4
63.652 23.425 208.416 10 21 24 604 4
63.652 23.425 208.416 11 21 24 604 4
63.652 23.425 208.416 12 21 24 604 4
240.238 71.369 21.179 13 21 24 599 3
240.238 71.369 21.179 14 21 24 599 3
240.238 71.369 21.179 15 21 24 599 3
240.238 71.369 21.179 16 21 24 599 3
240.238 71.369 21.179 17 21 24 599 3
240.238 71.369 21.179 18 21 24 599 3
240.238 71.369 21.179 19 21 24 599 3
240.238 71.369 21.179 20 21 24 599 3
240.238 71.369 21.179 21 21 24 599 3
240.238 71.369 21.179 22 21 24 599 3
240.238 71.369 21.179 23 21 24 599 3
240.238 71.369 21.179 24 21 24 599 3
240.238 71.369 21.179 25 21 24 599 3
240.238 71.369 21.179 26 21 24 599 3
240.238 71.369 21.179 27 21 24 599 3
240.238 71.369 21.179 28 21 24 599 3
240.238 71.369 21.179 29 21 24 599 3
240.238 71.369 21.179 30 21 24 599 3
146.874 149.391 184.045 1 22 24 612 4
63.652 23.425 208.416 2 22 24 604 4
63.652 23.425 208.416 3 22 24 604 4
63.652 23.425 208.416 4 22 24 604 4
63.652 23.425 208.416 5 22 24 604 4
63.652 23.425 208.416 6 22 24 604 4
63.652 23.425 208.416 7 22 24 604 4
63.652 23.425 208.416 8 22 24 604 4
63.652 23.425 208.416 9 22 24 604 4
63.652 23.425 208.416 10 22 24 604 4
63.652 23.425 208.416 11 22 24 604 4
63.652 23.425 208.416 12 22 24 604 4
240.238 71.369 21.179 13 22 24 599 3
240.238 71.369 21.179 14 22 24 599 3
240.238 71.369 21.179 15 22 24 599 3
240.238 71.369 21.179 16 22 24 599 3
240.238 71.369 21.179 17 22 24 599 3
240.238 71.369 21.179 18 22 24 599 3
240.238 71.369 21.179 19 22 24 599 3
240.238 71.369 21.179 20 22 24 599 3
240.238 71.369 21.179 21 22 24 599 3
240.238 71.369 21.179 22 22 24 599 3
240.238 71.369 21.179 23 22 24 599 3
240.238 71.369 21.179 24 22 24 599 3
240.238 71.369 21.179 25 22 24 599 3
240.238 71.369 21.179 26 22 24 599 3
240.238 71.369 21.179 27 22 24 599 3
240.238 71.369 21.179 28 22 24 599 3
240.238 71.369 21.179 29 22 24 599 3
240.238 71.369 21.179 30 22 24 599 3
63.652 23.425 208.416 1 23 24 604 4
63.652 23.425 208.416 2 23 24 604 4
63.652 23.425 208.416 3 23 24 604 4
63.652 23.425 208.416 4 23 24 604 4
63.652 23.425 208.416 5 23 24 604 4
63.652 23.425 208.416 6 23 24 604 4
63.652 23.425 208.416 7 23 24 604 4
63.652 23.425 208.416 8 23 24 604 4
63.652 23.425 208.416 9 23 24 604 4
63.652 23.425 208.416 10 23 24 604 4
63.652 23.425 208.416 11 23 24 604 4
63.652 23.425 208.416 12 23 24 604 4
63.652 23.425 208.416 13 23 24 604 4
240.238 71.369 21.179 14 23 24 599 3
240.238 71.369 21.179 15 23 24 599 3
240.238 71.369 21.179 16 23 24 599 3
240.238 71.369 21.179 17 23 24 599 3
240.238 71.369 21.179 18 23 24 599 3
240.238 71.369 21.179 19 23 24 599 3
240.238 71.369 21.179 20 23 24 599 3
240.238 71.369 21.179 21 23 24 599 3
240.238 71.369 21.179 22 23 24 599 3
240.238 71.369 21.179 23 23 24 599 3
240.238 71.369 21.179 24 23 24 599 3
240.238 71.369 21.179 25 23 24 599 3
240.238 71.369 21.179 26 23 24 599 3
240.238 71.369 21.179 27 23 24 599 3
240.238 71.369 21.179 28 23 24 599 3
240.238 71.369 21.179 29 23 24 599 3
240.238 71.369 21.179 30 23 24 599 3
63.652 23.425 208.416 1 24 24 604 4
63.652 23.425 208.416 2 24 24 604 4
63.652 23.425 208.416 3 24 24 604 4
63.652 23.425 208.416 4 24 24 604 4
63.652 23.425 208.416 5 24 24 604 4
63.652 23.425 208.416 6 24 24 604 4
63.652 23.425 208.416 7 24 24 604 4
63.652 23.425 208.416 8 24 24 604 4
63.652 23.425 208.416 9 24 24 604 4
63.652 23.425 208.416 10 24 24 604 4
63.652 23.425 208.416 11 24 24 604 4
116.347 101.818 105.316 12 24 24 477 1
116.347 101.818 105.316 13 24 24 477 1
240.238 71.369 21.179 14 24 24 599 3
240.238 71.369 21.179 15 24 24 599 3
240.238 71.369 21.179 16 24 24 599 3
240.238 71.369 21.179 17 24 24 599 3
240.238 71.369 21.179 18 24 24 599 3
240.238 71.369 21.179 19 24 24 599 3
240.238 71.369 21.179 20 24 24 599 3
240.238 71.369 21.179 21 24 24 599 3
240.238 71.369 21.179 22 24 24 599 3
240.238 71.369 21.179 23 24 24 599 3
240.238 71.369 21.179 24 24 24 599 3
240.238 71.369 21.179 25 24 24 599 3
240.238 71.369 21.179 26 24 24 599 3
240.238 71.369 21.179 27 24 24 599 3
240.238 71.369 21.179 28 24 24 599 3
240.238 71.369 21.179 29 24 24 599 3
240.238 71.369 21.179 30 24 24 599 3
63.652 23.425 208.416 1 25 24 604 4
63.652 23.425 208.416 2 25 24 604 4
63.652 23.425 208.416 3 25 24 604 4
63.652 23.425 208.416 4 25 24 604 4
63.652 23.425 208.416 5 25 24 604 4
63.652 23.425 208.416 6 25 24 604 4
63.652 23.425 208.416 7 25 24 604 4
63.652 23.425 208.416 8 25 24 604 4
63.652 23.425 208.416 9 25 24 604 4
63.652 23.425 208.416 10 25 24 604 4
63.652 23.425 208.416 11 25 24 604 4
63.652 23.425 208.416 12 25 24 604 4
63.652 23.425 208.416 13 25 24 604 4
63.652 23.425 208.416 14 25 24 604 4
240.238 71.369 21.179 15 25 24 599 3
240.238 71.369 21.179 16 25 24 599 3
240.238 71.369 21.179 17 25 24 599 3
240.238 71.369 21.179 18 25 24 599 3
240.238 71.369 21.179 19 25 24 599 3
240.238 71.369 21.179 20 25 24 599 3
240.238 71.369 21.179 21 25 24 599 3
240.238 71.369 21.179 22 25 24 599 3
240.238 71.369 21.179 23 25 24 599 3
240.238 71.369 21.179 24 25 24 599 3
240.238 71.369 21.179 25 25 24 599 3
240.238 71.369 21.179 26 25 24 599 3
240.238 71.369 21.179 27 25 24 599 3
240.238 71.369 21.179 28 25 24 599 3
240.238 71.369 21.179 29 25 24 599 3
240.238 71.369 21.179 30 25 24 599 3
63.652 23.425 208.416 1 26 24 604 4
63.652 23.425 208.416 2 26 24 604 4
63.652 23.425 208.416 3 26 24 604 4
63.652 23.425 208.416 4 26 24 604 4
63.652 23.425 208.416 5 26 24 604 4
63.652 23.425 208.416 6 26 24 604 4
63.652 23.425 208.416 7 26 24 604 4
63.652 23.425 208.416 8 26 24 604 4
63.652 23.425 208.416 9 26 24 604 4
63.652 23.425 208.416 10 26 24 604 4
63.652 23.425 208.416 11 26 24 604 4
63.652 23.425 208.416 12 26 24 604 4
63.652 23.425 208.416 13 26 24 604 4
63.652 23.425 208.416 14 26 24 604 4
111.778 129.143 36.818 15 26 24 682 4
252.082 101.724 220.048 16 26 24 440 1
111.778 129.143 36.818 17 26 24 682 4
111.778 129.143 36.818 18 26 24 682 4
111.778 129.143 36.818 19 26 24 682 4
240.238 71.369 21.179 20 26 24 599 3
240.238 71.369 21.179 21 26 24 599 3
240.238 71.369 21.179 22 26 24 599 3
240.238 71.369 21.179 23 26 24 599 3
240.238 71.369 21.179 24 26 24 599 3
240.238 71.369 21.179 25 26 24 599 3
240.238 71.369 21.179 26 26 24 599 3
240.238 71.369 21.179 27 26 24 599 3
240.238 71.369 21.179 28 26 24 599 3
240.238 71.369 21.179 29 26 24 599 3
240.238 71.369 21.179 30 26 24 599 3
63.652 23.425 208.416 1 27 24 604 4
63.652 23.425 208.416 2 27 24 604 4
63.652 23.425 208.416 3 27 24 604 4
63.652 23.425 208.416 4 27 24 604 4
63.652 23.425 208.416 5 27 24 604 4
63.652 23.425 208.416 6 27 24 604 4
63.652 23.425 208.416 7 27 24 604 4
63.652 23.425 208.416 8 27 24 604 4
63.652 23.425 208.416 9 27 24 604 4
63.652 23.425 208.416 10 27 24 604 4
63.652 23.425 208.416 11 27 24 604 4
63.652 23.425 208.416 12 27 24 604 4
63.652 23.425 208.416 13 27 24 604 4
111.778 129.143 36.818 14 27 24 682 4
111.778 129.143 36.818 15 27 24 682 4
111.778 129.143 36.818 16 27 24 682 4
111.778 129.143 36.818 17 27 24 682 4
111.778 129.143 36.818 18 27 24 682 4
111.778 129.143 36.818 19 27 24 682 4
111.778 129.143 36.818 20 27 24 682 4
240.238 71.369 21.179 21 27 24 599 3
240.238 71.369 21.179 22 27 24 599 3
215.358 107.894 166.857 23 27 24 571 2
240.238 71.369 21.179 24 27 24 599 3
240.238 71.369 21.179 25 27 24 599 3
240.238 71.369 21.179 26 27 24 599 3
219.204 124.369 311.069 27 27 24 615 4
219.204 124.369 311.069 28 27 24 615 4
240.238 71.369 21.179 29 27 24 599 3
124.544 133.943 339.417 30 27 24 381 1
63.652 23.425 208.416 1 28 24 604 4
63.652 23.425 208.416 2 28 24 604 4
63.652 23.425 208.416 3 28 24 604 4
63.652 23.425 208.416 4 28 24 604 4
63.652 23.425 208.416 5 28 24 604 4
63.652 23.425 208.416 6 28 24 604 4
63.652 23.425 208.416 7 28 24 604 4
237.605 64.895 244.870 8 28 24 179 1
63.652 23.425 208.416 9 28 24 604 4
175.343 27.407 270.540 10 28 24 81 1
63.652 23.425 208.416 11 28 24 604 4
63.652 23.425 208.416 12 28 24 604 4
63.652 23.425 208.416 13 28 24 604 4
111.778 129.143 36.818 14 28 24 682 4
111.778 129.143 36.818 15 28 24 682 4
111.778 129.143 36.818 16 28 24 682 4
111.778 129.143 36.818 17 28 24 682 4
173.154 81.785 276.797 18 28 24 394 1
111.778 129.143 36.818 19 28 24 682 4
111.778 129.143 36.818 20 28 24 682 4
240.238 71.369 21.179 21 28 24 599 3
240.238 71.369 21.179 22 28 24 599 3
215.358 107.894 166.857 23 28 24 571 2
240.238 71.369 21.179 24 28 24 599 3
240.238 71.369 21.179 25 28 24 599 3
51.553 64.020 37.694 26 28 24 503 2
219.204 124.369 311.069 27 28 24 615 4
338.501 66.214 345.833 28 28 24 92 1
6.394 144.897 7.248 29 28 24 386 1
6.394 144.897 7.248 30 28 24 386 1
63.652 23.425 208.416 1 29 24 604 4
63.652 23.425 208.416 2 29 24 604 4
63.652 23.425 208.416 3 29 24 604 4
63.652 23.425 208.416 4 29 24 604 4
63.652 23.425 208.416 5 29 24 604 4
63.652 23.425 208.416 6 29 24 604 4
63.652 23.425 208.416 7 29 24 604 4
63.652 23.425 208.416 8 29 24 604 4
63.652 23.425 208.416 9 29 24 604 4
63.652 23.425 208.416 10 29 24 604 4
63.652 23.425 208.416 11 29 24 604 4
63.652 23.425 208.416 12 29 24 604 4
111.778 129.143 36.818 13 29 24 682 4
111.778 129.143 36.818 14 29 24 682 4
111.778 129.143 36.818 15 29 24 682 4
111.778 129.143 36.818 16 29 24 682 4
111.778 129.143 36.818 17 29 24 682 4
111.778 129.143 36.818 18 29 24 682 4
111.778 129.143 36.818 19 29 24 682 4
111.778 129.143 36.818 20 29 24 682 4
111.778 129.143 36.818 21 29 24 682 4
210.660 33.567 191.415 22 29 24 552 2
210.660 33.567 191.415 23 29 24 552 2
210.660 33.567 191.415 24 29 24 552 2
210.660 33.567 191.415 25 29 24 552 2
51.553 64.020 37.694 26 29 24 503 2
51.553 64.020 37.694 27 29 24 503 2
6.394 144.897 7.248 28 29 24 386 1
6.394 144.897 7.248 29 29 24 386 1
6.394 144.897 7.248 30 29 24 386 1
63.652 23.425 208.416 1 30 24 604 4
63.652 23.425 208.416 2 30 24 604 4
63.652 23.425 208.416 3 30 24 604 4
167.455 45.290 302.783 4 30 24 35 1
63.652 23.425 208.416 5 30 24 604 4
63.652 23.425 208.416 6 30 24 604 4
63.652 23.425 208.416 7 30 24 604 4
63.652 23.425 208.416 8 30 24 604 4
63.652 23.425 208.416 9 30 24 604 4
63.652 23.425 208.416 10 30 24 604 4
63.652 23.425 208.416 11 30 24 604 4
63.652 23.425 208.416 12 30 24 604 4
111.778 129.143 36.818 13 30 24 682 4
306.992 96.058 256.461 14 30 24 664 2
111.778 129.143 36.818 15 30 24 682 4
111.778 129.143 36.818 16 30 24 682 4
111.778 129.143 36.818 17 30 24 682 4
111.778 129.143 36.818 18 30 24 682 4
111.778 129.143 36.818 19 30 24 682 4
111.778 129.143 36.818 20 30 24 682 4
111.778 129.143 36.818 21 30 24 682 4
210.660 33.567 191.415 22 30 24 552 2
210.660 33.567 191.415 23 30 24 552 2
210.660 33.567 191.415 24 30 24 552 2
210.660 33.567 191.415 25 30 24 552 2
51.553 64.020 37.694 26 30 24 503 2
51.553 64.020 37.694 27 30 24 503 2
51.553 64.020 37.694 28 30 24 503 2
51.553 64.020 37.694 29 30 24 503 2
51.553 64.020 37.694 30 30 24 503 2
