167.759 51.188 6.582 1 1 15 557 2
167.759 51.188 6.582 2 1 15 557 2
167.759 51.188 6.582 3 1 15 557 2
225.858 123.051 117.847 4 1 15 18 1
225.858 123.051 117.847 5 1 15 18 1
260.646 129.414 357.132 6 1 15 536 2
260.646 129.414 357.132 7 1 15 536 2
260.646 129.414 357.132 8 1 15 536 2
260.646 129.414 357.132 9 1 15 536 2
260.646 129.414 357.132 10 1 15 536 2
260.646 129.414 357.132 11 1 15 536 2
260.646 129.414 357.132 12 1 15 536 2
260.646 129.414 357.132 13 1 15 536 2
67.777 122.962 306.196 14 1 15 562 2
67.777 122.962 306.196 15 1 15 562 2
122.206 158.470 347.363 16 1 15 601 4
53.308 41.477 151.152 17 1 15 468 1
127.078 70.929 356.467 18 1 15 472 1
127.078 70.929 356.467 19 1 15 472 1
152.087 34.567 215.997 20 1 15 597 3
152.087 34.567 215.997 21 1 15 597 3
152.087 34.567 215.997 22 1 15 597 3
152.087 34.567 215.997 23 1 15 597 3
152.087 34.567 215.997 24 1 15 597 3
152.087 34.567 215.997 25 1 15 597 3
152.087 34.567 215.997 26 1 15 597 3
152.087 34.567 215.997 27 1 15 597 3
152.087 34.567 215.997 28 1 15 597 3
152.087 34.567 215.997 29 1 15 597 3
152.087 34.567 215.997 30 1 15 597 3
167.759 51.188 6.582 1 2 15 557 2
167.759 51.188 6.582 2 2 15 557 2
225.858 123.051 117.847 3 2 15 18 1
225.858 123.051 117.847 4 2 15 18 1
225.858 123.051 117.847 5 2 15 18 1
169.168 113.403 289.277 6 2 15 683 4
260.646 129.414 357.132 7 2 15 536 2
260.646 129.414 357.132 8 2 15 536 2
260.646 129.414 357.132 9 2 15 536 2
260.646 129.414 357.132 10 2 15 536 2
260.646 129.414 357.132 11 2 15 536 2
260.646 129.414 357.132 12 2 15 536 2
67.777 122.962 306.196 13 2 15 562 2
67.777 122.962 306.196 14 2 15 562 2
67.777 122.962 306.196 15 2 15 562 2
67.777 122.962 306.196 16 2 15 562 2
53.308 41.477 151.152 17 2 15 468 1
53.308 41.477 151.152 18 2 15 468 1
53.308 41.477 151.152 19 2 15 468 1
127.078 70.929 356.467 20 2 15 472 1
152.087 34.567 215.997 21 2 15 597 3
152.087 34.567 215.997 22 2 15 597 3
152.087 34.567 215.997 23 2 15 597 3
152.087 34.567 215.997 24 2 15 597 3
152.087 34.567 215.997 25 2 15 597 3
152.087 34.567 215.997 26 2 15 597 3
152.087 34.567 215.997 27 2 15 597 3
152.087 34.567 215.997 28 2 15 597 3
152.087 34.567 215.997 29 2 15 597 3
152.087 34.567 215.997 30 2 15 597 3
187.309 57.279 317.204 1 3 15 147 1
225.858 123.051 117.847 2 3 15 18 1
225.858 123.051 117.847 3 3 15 18 1
225.858 123.051 117.847 4 3 15 18 1
169.168 113.403 289.277 5 3 15 683 4
169.168 113.403 289.277 6 3 15 683 4
169.168 113.403 289.277 7 3 15 683 4
169.168 113.403 289.277 8 3 15 683 4
260.646 129.414 357.132 9 3 15 536 2
260.646 129.414 357.132 10 3 15 536 2
260.646 129.414 357.132 11 3 15 536 2
260.646 129.414 357.132 12 3 15 536 2
336.726 138.290 213.871 13 3 15 621 4
336.726 138.290 213.871 14 3 15 621 4
336.726 138.290 213.871 15 3 15 621 4
336.726 138.290 213.871 16 3 15 621 4
53.308 41.477 151.152 17 3 15 468 1
53.308 41.477 151.152 18 3 15 468 1
53.308 41.477 151.152 19 3 15 468 1
127.078 70.929 356.467 20 3 15 472 1
152.087 34.567 215.997 21 3 15 597 3
152.087 34.567 215.997 22 3 15 597 3
152.087 34.567 215.997 23 3 15 597 3
152.087 34.567 215.997 24 3 15 597 3
152.087 34.567 215.997 25 3 15 597 3
152.087 34.567 215.997 26 3 15 597 3
152.087 34.567 215.997 27 3 15 597 3
152.087 34.567 215.997 28 3 15 597 3
152.087 34.567 215.997 29 3 15 597 3
152.087 34.567 215.997 30 3 15 597 3
187.309 57.279 317.204 1 4 15 147 1
169.168 113.403 289.277 2 4 15 683 4
225.858 123.051 117.847 3 4 15 18 1
199.352 14.420 47.701 4 4 15 336 1
169.168 113.403 289.277 5 4 15 683 4
169.168 113.403 289.277 6 4 15 683 4
169.168 113.403 289.277 7 4 15 683 4
169.168 113.403 289.277 8 4 15 683 4
169.168 113.403 289.277 9 4 15 683 4
260.646 129.414 357.132 10 4 15 536 2
260.646 129.414 357.132 11 4 15 536 2
336.726 138.290 213.871 12 4 15 621 4
336.726 138.290 213.871 13 4 15 621 4
336.726 138.290 213.871 14 4 15 621 4
336.726 138.290 213.871 15 4 15 621 4
336.726 138.290 213.871 16 4 15 621 4
336.726 138.290 213.871 17 4 15 621 4
336.726 138.290 213.871 18 4 15 621 4
336.726 138.290 213.871 19 4 15 621 4
47.111 101.823 197.020 20 4 15 583 2
47.111 101.823 197.020 21 4 15 583 2
47.111 101.823 197.020 22 4 15 583 2
152.087 34.567 215.997 23 4 15 597 3
152.087 34.567 215.997 24 4 15 597 3
152.087 34.567 215.997 25 4 15 597 3
152.087 34.567 215.997 26 4 15 597 3
152.087 34.567 215.997 27 4 15 597 3
152.087 34.567 215.997 28 4 15 597 3
152.087 34.567 215.997 29 4 15 597 3
152.087 34.567 215.997 30 4 15 597 3
169.168 113.403 289.277 1 5 15 683 4
169.168 113.403 289.277 2 5 15 683 4
169.168 113.403 289.277 3 5 15 683 4
169.168 113.403 289.277 4 5 15 683 4
169.168 113.403 289.277 5 5 15 683 4
169.168 113.403 289.277 6 5 15 683 4
169.168 113.403 289.277 7 5 15 683 4
62.155 122.913 242.910 8 5 15 8 1
169.168 113.403 289.277 9 5 15 683 4
336.726 138.290 213.871 10 5 15 621 4
336.726 138.290 213.871 11 5 15 621 4
336.726 138.290 213.871 12 5 15 621 4
336.726 138.290 213.871 13 5 15 621 4
336.726 138.290 213.871 14 5 15 621 4
336.726 138.290 213.871 15 5 15 621 4
336.726 138.290 213.871 16 5 15 621 4
336.726 138.290 213.871 17 5 15 621 4
89.881 44.905 317.870 18 5 15 643 1
89.881 44.905 317.870 19 5 15 643 1
89.881 44.905 317.870 20 5 15 643 1
47.111 101.823 197.020 21 5 15 583 2
47.111 101.823 197.020 22 5 15 583 2
152.087 34.567 215.997 23 5 15 597 3
152.087 34.567 215.997 24 5 15 597 3
152.087 34.567 215.997 25 5 15 597 3
152.087 34.567 215.997 26 5 15 597 3
152.087 34.567 215.997 27 5 15 597 3
152.087 34.567 215.997 28 5 15 597 3
152.087 34.567 215.997 29 5 15 597 3
152.087 34.567 215.997 30 5 15 597 3
228.631 122.159 285.448 1 6 15 453 1
169.168 113.403 289.277 2 6 15 683 4
169.168 113.403 289.277 3 6 15 683 4
169.168 113.403 289.277 4 6 15 683 4
169.168 113.403 289.277 5 6 15 683 4
169.168 113.403 289.277 6 6 15 683 4
169.168 113.403 289.277 7 6 15 683 4
169.168 113.403 289.277 8 6 15 683 4
336.726 138.290 213.871 9 6 15 621 4
336.726 138.290 213.871 10 6 15 621 4
336.726 138.290 213.871 11 6 15 621 4
336.726 138.290 213.871 12 6 15 621 4
336.726 138.290 213.871 13 6 15 621 4
131.889 89.036 44.538 14 6 15 280 1
131.889 89.036 44.538 15 6 15 280 1
336.726 138.290 213.871 16 6 15 621 4
336.726 138.290 213.871 17 6 15 621 4
336.726 138.290 213.871 18 6 15 621 4
89.881 44.905 317.870 19 6 15 643 1
138.740 139.727 115.650 20 6 15 657 1
47.111 101.823 197.020 21 6 15 583 2
47.111 101.823 197.020 22 6 15 583 2
152.087 34.567 215.997 23 6 15 597 3
152.087 34.567 215.997 24 6 15 597 3
152.087 34.567 215.997 25 6 15 597 3
152.087 34.567 215.997 26 6 15 597 3
152.087 34.567 215.997 27 6 15 597 3
152.087 34.567 215.997 28 6 15 597 3
152.087 34.567 215.997 29 6 15 597 3
152.087 34.567 215.997 30 6 15 597 3
169.168 113.403 289.277 1 7 15 683 4
169.168 113.403 289.277 2 7 15 683 4
169.168 113.403 289.277 3 7 15 683 4
169.168 113.403 289.277 4 7 15 683 4
169.168 113.403 289.277 5 7 15 683 4
169.168 113.403 289.277 6 7 15 683 4
169.168 113.403 289.277 7 7 15 683 4
169.168 113.403 289.277 8 7 15 683 4
336.726 138.290 213.871 9 7 15 621 4
336.726 138.290 213.871 10 7 15 621 4
336.726 138.290 213.871 11 7 15 621 4
336.726 138.290 213.871 12 7 15 621 4
336.726 138.290 213.871 13 7 15 621 4
336.726 138.290 213.871 14 7 15 621 4
336.726 138.290 213.871 15 7 15 621 4
336.726 138.290 213.871 16 7 15 621 4
336.726 138.290 213.871 17 7 15 621 4
336.726 138.290 213.871 18 7 15 621 4
336.726 138.290 213.871 19 7 15 621 4
138.740 139.727 115.650 20 7 15 657 1
138.740 139.727 115.650 21 7 15 657 1
138.740 139.727 115.650 22 7 15 657 1
138.740 139.727 115.650 23 7 15 657 1
152.087 34.567 215.997 24 7 15 597 3
152.087 34.567 215.997 25 7 15 597 3
152.087 34.567 215.997 26 7 15 597 3
152.087 34.567 215.997 27 7 15 597 3
152.087 34.567 215.997 28 7 15 597 3
152.087 34.567 215.997 29 7 15 597 3
152.087 34.567 215.997 30 7 15 597 3
146.874 149.391 184.045 1 8 15 612 4
307.743 57.269 216.406 2 8 15 478 1
146.874 149.391 184.045 3 8 15 612 4
146.874 149.391 184.045 4 8 15 612 4
146.874 149.391 184.045 5 8 15 612 4
93.717 100.692 277.114 6 8 15 333 1
169.168 113.403 289.277 7 8 15 683 4
336.726 138.290 213.871 8 8 15 621 4
336.726 138.290 213.871 9 8 15 621 4
336.726 138.290 213.871 10 8 15 621 4
336.726 138.290 213.871 11 8 15 621 4
336.726 138.290 213.871 12 8 15 621 4
336.726 138.290 213.871 13 8 15 621 4
336.726 138.290 213.871 14 8 15 621 4
336.726 138.290 213.871 15 8 15 621 4
336.726 138.290 213.871 16 8 15 621 4
336.726 138.290 213.871 17 8 15 621 4
336.726 138.290 213.871 18 8 15 621 4
336.726 138.290 213.871 19 8 15 621 4
138.740 139.727 115.650 20 8 15 657 1
138.740 139.727 115.650 21 8 15 657 1
138.740 139.727 115.650 22 8 15 657 1
240.238 71.369 21.179 23 8 15 599 3
240.238 71.369 21.179 24 8 15 599 3
152.087 34.567 215.997 25 8 15 597 3
152.087 34.567 215.997 26 8 15 597 3
152.087 34.567 215.997 27 8 15 597 3
152.087 34.567 215.997 28 8 15 597 3
152.087 34.567 215.997 29 8 15 597 3
152.087 34.567 215.997 30 8 15 597 3
146.874 149.391 184.045 1 9 15 612 4
146.874 149.391 184.045 2 9 15 612 4
146.874 149.391 184.045 3 9 15 612 4
146.874 149.391 184.045 4 9 15 612 4
146.874 149.391 184.045 5 9 15 612 4
146.874 149.391 184.045 6 9 15 612 4
146.874 149.391 184.045 7 9 15 612 4
336.726 138.290 213.871 8 9 15 621 4
336.726 138.290 213.871 9 9 15 621 4
336.726 138.290 213.871 10 9 15 621 4
336.726 138.290 213.871 11 9 15 621 4
336.726 138.290 213.871 12 9 15 621 4
336.726 138.290 213.871 13 9 15 621 4
336.726 138.290 213.871 14 9 15 621 4
336.726 138.290 213.871 15 9 15 621 4
336.726 138.290 213.871 16 9 15 621 4
336.726 138.290 213.871 17 9 15 621 4
336.726 138.290 213.871 18 9 15 621 4
336.726 138.290 213.871 19 9 15 621 4
138.740 139.727 115.650 20 9 15 657 1
138.740 139.727 115.650 21 9 15 657 1
240.238 71.369 21.179 22 9 15 599 3
240.238 71.369 21.179 23 9 15 599 3
240.238 71.369 21.179 24 9 15 599 3
240.238 71.369 21.179 25 9 15 599 3
240.238 71.369 21.179 26 9 15 599 3
240.238 71.369 21.179 27 9 15 599 3
152.087 34.567 215.997 28 9 15 597 3
152.087 34.567 215.997 29 9 15 597 3
152.087 34.567 215.997 30 9 15 597 3
146.874 149.391 184.045 1 10 15 612 4
146.874 149.391 184.045 2 10 15 612 4
146.874 149.391 184.045 3 10 15 612 4
146.874 149.391 184.045 4 10 15 612 4
146.874 149.391 184.045 5 10 15 612 4
146.874 149.391 184.045 6 10 15 612 4
146.874 149.391 184.045 7 10 15 612 4
146.874 149.391 184.045 8 10 15 612 4
336.726 138.290 213.871 9 10 15 621 4
336.726 138.290 213.871 10 10 15 621 4
336.726 138.290 213.871 11 10 15 621 4
336.726 138.290 213.871 12 10 15 621 4
336.726 138.290 213.871 13 10 15 621 4
336.726 138.290 213.871 14 10 15 621 4
336.726 138.290 213.871 15 10 15 621 4
336.726 138.290 213.871 16 10 15 621 4
336.726 138.290 213.871 17 10 15 621 4
240.238 71.369 21.179 18 10 15 599 3
240.238 71.369 21.179 19 10 15 599 3
240.238 71.369 21.179 20 10 15 599 3
240.238 71.369 21.179 21 10 15 599 3
240.238 71.369 21.179 22 10 15 599 3
240.238 71.369 21.179 23 10 15 599 3
240.238 71.369 21.179 24 10 15 599 3
240.238 71.369 21.179 25 10 15 599 3
240.238 71.369 21.179 26 10 15 599 3
240.238 71.369 21.179 27 10 15 599 3
240.238 71.369 21.179 28 10 15 599 3
240.238 71.369 21.179 29 10 15 599 3
240.238 71.369 21.179 30 10 15 599 3
146.874 149.391 184.045 1 11 15 612 4
146.874 149.391 184.045 2 11 15 612 4
146.874 149.391 184.045 3 11 15 612 4
146.874 149.391 184.045 4 11 15 612 4
146.874 149.391 184.045 5 11 15 612 4
146.874 149.391 184.045 6 11 15 612 4
146.874 149.391 184.045 7 11 15 612 4
146.874 149.391 184.045 8 11 15 612 4
336.726 138.290 213.871 9 11 15 621 4
336.726 138.290 213.871 10 11 15 621 4
336.726 138.290 213.871 11 11 15 621 4
336.726 138.290 213.871 12 11 15 621 4
336.726 138.290 213.871 13 11 15 621 4
336.726 138.290 213.871 14 11 15 621 4
336.726 138.290 213.871 15 11 15 621 4
240.238 71.369 21.179 16 11 15 599 3
240.238 71.369 21.179 17 11 15 599 3
240.238 71.369 21.179 18 11 15 599 3
240.238 71.369 21.179 19 11 15 599 3
240.238 71.369 21.179 20 11 15 599 3
240.238 71.369 21.179 21 11 15 599 3
240.238 71.369 21.179 22 11 15 599 3
240.238 71.369 21.179 23 11 15 599 3
240.238 71.369 21.179 24 11 15 599 3
240.238 71.369 21.179 25 11 15 599 3
240.238 71.369 21.179 26 11 15 599 3
240.238 71.369 21.179 27 11 15 599 3
240.238 71.369 21.179 28 11 15 599 3
240.238 71.369 21.179 29 11 15 599 3
240.238 71.369 21.179 30 11 15 599 3
146.874 149.391 184.045 1 12 15 612 4
146.874 149.391 184.045 2 12 15 612 4
146.874 149.391 184.045 3 12 15 612 4
146.874 149.391 184.045 4 12 15 612 4
146.874 149.391 184.045 5 12 15 612 4
146.874 149.391 184.045 6 12 15 612 4
146.874 149.391 184.045 7 12 15 612 4
146.874 149.391 184.045 8 12 15 612 4
336.726 138.290 213.871 9 12 15 621 4
336.726 138.290 213.871 10 12 15 621 4
336.726 138.290 213.871 11 12 15 621 4
336.726 138.290 213.871 12 12 15 621 4
336.726 138.290 213.871 13 12 15 621 4
240.238 71.369 21.179 14 12 15 599 3
240.238 71.369 21.179 15 12 15 599 3
240.238 71.369 21.179 16 12 15 599 3
240.238 71.369 21.179 17 12 15 599 3
240.238 71.369 21.179 18 12 15 599 3
240.238 71.369 21.179 19 12 15 599 3
240.238 71.369 21.179 20 12 15 599 3
240.238 71.369 21.179 21 12 15 599 3
240.238 71.369 21.179 22 12 15 599 3
240.238 71.369 21.179 23 12 15 599 3
240.238 71.369 21.179 24 12 15 599 3
240.238 71.369 21.179 25 12 15 599 3
240.238 71.369 21.179 26 12 15 599 3
240.238 71.369 21.179 27 12 15 599 3
240.238 71.369 21.179 28 12 15 599 3
240.238 71.369 21.179 29 12 15 599 3
240.238 71.369 21.179 30 12 15 599 3
146.874 149.391 184.045 1 13 15 612 4
146.874 149.391 184.045 2 13 15 612 4
146.874 149.391 184.045 3 13 15 612 4
146.874 149.391 184.045 4 13 15 612 4
146.874 149.391 184.045 5 13 15 612 4
146.874 149.391 184.045 6 13 15 612 4
144.273 137.396 19.836 7 13 15 456 1
146.874 149.391 184.045 8 13 15 612 4
146.874 149.391 184.045 9 13 15 612 4
240.238 71.369 21.179 10 13 15 599 3
240.238 71.369 21.179 11 13 15 599 3
240.238 71.369 21.179 12 13 15 599 3
240.238 71.369 21.179 13 13 15 599 3
240.238 71.369 21.179 14 13 15 599 3
240.238 71.369 21.179 15 13 15 599 3
240.238 71.369 21.179 16 13 15 599 3
240.238 71.369 21.179 17 13 15 599 3
240.238 71.369 21.179 18 13 15 599 3
240.238 71.369 21.179 19 13 15 599 3
240.238 71.369 21.179 20 13 15 599 3
240.238 71.369 21.179 21 13 15 599 3
240.238 71.369 21.179 22 13 15 599 3
240.238 71.369 21.179 23 13 15 599 3
240.238 71.369 21.179 24 13 15 599 3
240.238 71.369 21.179 25 13 15 599 3
240.238 71.369 21.179 26 13 15 599 3
240.238 71.369 21.179 27 13 15 599 3
240.238 71.369 21.179 28 13 15 599 3
240.238 71.369 21.179 29 13 15 599 3
240.238 71.369 21.179 30 13 15 599 3
146.874 149.391 184.045 1 14 15 612 4
146.874 149.391 184.045 2 14 15 612 4
146.874 149.391 184.045 3 14 15 612 4
146.874 149.391 184.045 4 14 15 612 4
146.874 149.391 184.045 5 14 15 612 4
146.874 149.391 184.045 6 14 15 612 4
146.874 149.391 184.045 7 14 15 612 4
292.444 70.693 89.129 8 14 15 446 1
292.444 70.693 89.129 9 14 15 446 1
240.238 71.369 21.179 10 14 15 599 3
240.238 71.369 21.179 11 14 15 599 3
240.238 71.369 21.179 12 14 15 599 3
240.238 71.369 21.179 13 14 15 599 3
240.238 71.369 21.179 14 14 15 599 3
240.238 71.369 21.179 15 14 15 599 3
240.238 71.369 21.179 16 14 15 599 3
240.238 71.369 21.179 17 14 15 599 3
240.238 71.369 21.179 18 14 15 599 3
240.238 71.369 21.179 19 14 15 599 3
240.238 71.369 21.179 20 14 15 599 3
240.238 71.369 21.179 21 14 15 599 3
240.238 71.369 21.179 22 14 15 599 3
240.238 71.369 21.179 23 14 15 599 3
240.238 71.369 21.179 24 14 15 599 3
240.238 71.369 21.179 25 14 15 599 3
240.238 71.369 21.179 26 14 15 599 3
240.238 71.369 21.179 27 14 15 599 3
240.238 71.369 21.179 28 14 15 599 3
240.238 71.369 21.179 29 14 15 599 3
240.238 71.369 21.179 30 14 15 599 3
146.874 149.391 184.045 1 15 15 612 4
146.874 149.391 184.045 2 15 15 612 4
146.874 149.391 184.045 3 15 15 612 4
146.874 149.391 184.045 4 15 15 612 4
146.874 149.391 184.045 5 15 15 612 4
146.874 149.391 184.045 6 15 15 612 4
146.874 149.391 184.045 7 15 15 612 4
146.874 149.391 184.045 8 15 15 612 4
240.238 71.369 21.179 9 15 15 599 3
240.238 71.369 21.179 10 15 15 599 3
240.238 71.369 21.179 11 15 15 599 3
240.238 71.369 21.179 12 15 15 599 3
240.238 71.369 21.179 13 15 15 599 3
240.238 71.369 21.179 14 15 15 599 3
240.238 71.369 21.179 15 15 15 599 3
240.238 71.369 21.179 16 15 15 599 3
240.238 71.369 21.179 17 15 15 599 3
240.238 71.369 21.179 18 15 15 599 3
240.238 71.369 21.179 19 15 15 599 3
240.238 71.369 21.179 20 15 15 599 3
240.238 71.369 21.179 21 15 15 599 3
240.238 71.369 21.179 22 15 15 599 3
240.238 71.369 21.179 23 15 15 599 3
240.238 71.369 21.179 24 15 15 599 3
240.238 71.369 21.179 25 15 15 599 3
240.238 71.369 21.179 26 15 15 599 3
240.238 71.369 21.179 27 15 15 599 3
240.238 71.369 21.179 28 15 15 599 3
240.238 71.369 21.179 29 15 15 599 3
240.238 71.369 21.179 30 15 15 599 3
146.874 149.391 184.045 1 16 15 612 4
146.874 149.391 184.045 2 16 15 612 4
146.874 149.391 184.045 3 16 15 612 4
146.874 149.391 184.045 4 16 15 612 4
146.874 149.391 184.045 5 16 15 612 4
146.874 149.391 184.045 6 16 15 612 4
146.874 149.391 184.045 7 16 15 612 4
146.874 149.391 184.045 8 16 15 612 4
240.238 71.369 21.179 9 16 15 599 3
240.238 71.369 21.179 10 16 15 599 3
240.238 71.369 21.179 11 16 15 599 3
240.238 71.369 21.179 12 16 15 599 3
240.238 71.369 21.179 13 16 15 599 3
240.238 71.369 21.179 14 16 15 599 3
240.238 71.369 21.179 15 16 15 599 3
240.238 71.369 21.179 16 16 15 599 3
240.238 71.369 21.179 17 16 15 599 3
240.238 71.369 21.179 18 16 15 599 3
240.238 71.369 21.179 19 16 15 599 3
240.238 71.369 21.179 20 16 15 599 3
240.238 71.369 21.179 21 16 15 599 3
240.238 71.369 21.179 22 16 15 599 3
240.238 71.369 21.179 23 16 15 599 3
240.238 71.369 21.179 24 16 15 599 3
240.238 71.369 21.179 25 16 15 599 3
240.238 71.369 21.179 26 16 15 599 3
240.238 71.369 21.179 27 16 15 599 3
240.238 71.369 21.179 28 16 15 599 3
240.238 71.369 21.179 29 16 15 599 3
240.238 71.369 21.179 30 16 15 599 3
146.874 149.391 184.045 1 17 15 612 4
146.874 149.391 184.045 2 17 15 612 4
146.874 149.391 184.045 3 17 15 612 4
146.874 149.391 184.045 4 17 15 612 4
146.874 149.391 184.045 5 17 15 612 4
146.874 149.391 184.045 6 17 15 612 4
146.874 149.391 184.045 7 17 15 612 4
240.238 71.369 21.179 8 17 15 599 3
240.238 71.369 21.179 9 17 15 599 3
240.238 71.369 21.179 10 17 15 599 3
240.238 71.369 21.179 11 17 15 599 3
240.238 71.369 21.179 12 17 15 599 3
240.238 71.369 21.179 13 17 15 599 3
240.238 71.369 21.179 14 17 15 599 3
240.238 71.369 21.179 15 17 15 599 3
240.238 71.369 21.179 16 17 15 599 3
240.238 71.369 21.179 17 17 15 599 3
240.238 71.369 21.179 18 17 15 599 3
240.238 71.369 21.179 19 17 15 599 3
240.238 71.369 21.179 20 17 15 599 3
240.238 71.369 21.179 21 17 15 599 3
240.238 71.369 21.179 22 17 15 599 3
240.238 71.369 21.179 23 17 15 599 3
240.238 71.369 21.179 24 17 15 599 3
240.238 71.369 21.179 25 17 15 599 3
240.238 71.369 21.179 26 17 15 599 3
240.238 71.369 21.179 27 17 15 599 3
240.238 71.369 21.179 28 17 15 599 3
240.238 71.369 21.179 29 17 15 599 3
240.238 71.369 21.179 30 17 15 599 3
146.874 149.391 184.045 1 18 15 612 4
146.874 149.391 184.045 2 18 15 612 4
146.874 149.391 184.045 3 18 15 612 4
146.874 149.391 184.045 4 18 15 612 4
146.874 149.391 184.045 5 18 15 612 4
39.683 101.845 93.007 6 18 15 605 4
39.683 101.845 93.007 7 18 15 605 4
240.238 71.369 21.179 8 18 15 599 3
240.238 71.369 21.179 9 18 15 599 3
240.238 71.369 21.179 10 18 15 599 3
240.238 71.369 21.179 11 18 15 599 3
240.238 71.369 21.179 12 18 15 599 3
240.238 71.369 21.179 13 18 15 599 3
240.238 71.369 21.179 14 18 15 599 3
240.238 71.369 21.179 15 18 15 599 3
240.238 71.369 21.179 16 18 15 599 3
240.238 71.369 21.179 17 18 15 599 3
240.238 71.369 21.179 18 18 15 599 3
240.238 71.369 21.179 19 18 15 599 3
240.238 71.369 21.179 20 18 15 599 3
240.238 71.369 21.179 21 18 15 599 3
240.238 71.369 21.179 22 18 15 599 3
240.238 71.369 21.179 23 18 15 599 3
240.238 71.369 21.179 24 18 15 599 3
240.238 71.369 21.179 25 18 15 599 3
240.238 71.369 21.179 26 18 15 599 3
240.238 71.369 21.179 27 18 15 599 3
240.238 71.369 21.179 28 18 15 599 3
240.238 71.369 21.179 29 18 15 599 3
240.238 71.369 21.179 30 18 15 599 3
39.683 101.845 93.007 1 19 15 605 4
39.683 101.845 93.007 2 19 15 605 4
39.683 101.845 93.007 3 19 15 605 4
39.683 101.845 93.007 4 19 15 605 4
39.683 101.845 93.007 5 19 15 605 4
39.683 101.845 93.007 6 19 15 605 4
39.683 101.845 93.007 7 19 15 605 4
240.238 71.369 21.179 8 19 15 599 3
240.238 71.369 21.179 9 19 15 599 3
240.238 71.369 21.179 10 19 15 599 3
240.238 71.369 21.179 11 19 15 599 3
240.238 71.369 21.179 12 19 15 599 3
240.238 71.369 21.179 13 19 15 599 3
240.238 71.369 21.179 14 19 15 599 3
240.238 71.369 21.179 15 19 15 599 3
240.238 71.369 21.179 16 19 15 599 3
240.238 71.369 21.179 17 19 15 599 3
240.238 71.369 21.179 18 19 15 599 3
240.238 71.369 21.179 19 19 15 599 3
240.238 71.369 21.179 20 19 15 599 3
240.238 71.369 21.179 21 19 15 599 3
240.238 71.369 21.179 22 19 15 599 3
240.238 71.369 21.179 23 19 15 599 3
240.238 71.369 21.179 24 19 15 599 3
240.238 71.369 21.179 25 19 15 599 3
240.238 71.369 21.179 26 19 15 599 3
240.238 71.369 21.179 27 19 15 599 3
240.238 71.369 21.179 28 19 15 599 3
240.238 71.369 21.179 29 19 15 599 3
240.238 71.369 21.179 30 19 15 599 3
39.683 101.845 93.007 1 20 15 605 4
39.683 101.845 93.007 2 20 15 605 4
39.683 101.845 93.007 3 20 15 605 4
39.683 101.845 93.007 4 20 15 605 4
39.683 101.845 93.007 5 20 15 605 4
39.683 101.845 93.007 6 20 15 605 4
39.683 101.845 93.007 7 20 15 605 4
39.683 101.845 93.007 8 20 15 605 4
240.238 71.369 21.179 9 20 15 599 3
240.238 71.369 21.179 10 20 15 599 3
240.238 71.369 21.179 11 20 15 599 3
240.238 71.369 21.179 12 20 15 599 3
240.238 71.369 21.179 13 20 15 599 3
240.238 71.369 21.179 14 20 15 599 3
240.238 71.369 21.179 15 20 15 599 3
240.238 71.369 21.179 16 20 15 599 3
240.238 71.369 21.179 17 20 15 599 3
240.238 71.369 21.179 18 20 15 599 3
240.238 71.369 21.179 19 20 15 599 3
240.238 71.369 21.179 20 20 15 599 3
240.238 71.369 21.179 21 20 15 599 3
240.238 71.369 21.179 22 20 15 599 3
240.238 71.369 21.179 23 20 15 599 3
240.238 71.369 21.179 24 20 15 599 3
240.238 71.369 21.179 25 20 15 599 3
240.238 71.369 21.179 26 20 15 599 3
240.238 71.369 21.179 27 20 15 599 3
240.238 71.369 21.179 28 20 15 599 3
240.238 71.369 21.179 29 20 15 599 3
240.238 71.369 21.179 30 20 15 599 3
39.683 101.845 93.007 1 21 15 605 4
39.683 101.845 93.007 2 21 15 605 4
39.683 101.845 93.007 3 21 15 605 4
39.683 101.845 93.007 4 21 15 605 4
39.683 101.845 93.007 5 21 15 605 4
39.683 101.845 93.007 6 21 15 605 4
39.683 101.845 93.007 7 21 15 605 4
39.683 101.845 93.007 8 21 15 605 4
240.238 71.369 21.179 9 21 15 599 3
240.238 71.369 21.179 10 21 15 599 3
240.238 71.369 21.179 11 21 15 599 3
240.238 71.369 21.179 12 21 15 599 3
240.238 71.369 21.179 13 21 15 599 3
240.238 71.369 21.179 14 21 15 599 3
240.238 71.369 21.179 15 21 15 599 3
240.238 71.369 21.179 16 21 15 599 3
240.238 71.369 21.179 17 21 15 599 3
240.238 71.369 21.179 18 21 15 599 3
240.238 71.369 21.179 19 21 15 599 3
240.238 71.369 21.179 20 21 15 599 3
240.238 71.369 21.179 21 21 15 599 3
240.238 71.369 21.179 22 21 15 599 3
240.238 71.369 21.179 23 21 15 599 3
240.238 71.369 21.179 24 21 15 599 3
240.238 71.369 21.179 25 21 15 599 3
240.238 71.369 21.179 26 21 15 599 3
240.238 71.369 21.179 27 21 15 599 3
240.238 71.369 21.179 28 21 15 599 3
240.238 71.369 21.179 29 21 15 599 3
240.238 71.369 21.179 30 21 15 599 3
39.683 101.845 93.007 1 22 15 605 4
39.683 101.845 93.007 2 22 15 605 4
39.683 101.845 93.007 3 22 15 605 4
39.683 101.845 93.007 4 22 15 605 4
39.683 101.845 93.007 5 22 15 605 4
39.683 101.845 93.007 6 22 15 605 4
39.683 101.845 93.007 7 22 15 605 4
39.683 101.845 93.007 8 22 15 605 4
240.238 71.369 21.179 9 22 15 599 3
240.238 71.369 21.179 10 22 15 599 3
240.238 71.369 21.179 11 22 15 599 3
240.238 71.369 21.179 12 22 15 599 3
240.238 71.369 21.179 13 22 15 599 3
240.238 71.369 21.179 14 22 15 599 3
240.238 71.369 21.179 15 22 15 599 3
240.238 71.369 21.179 16 22 15 599 3
240.238 71.369 21.179 17 22 15 599 3
240.238 71.369 21.179 18 22 15 599 3
240.238 71.369 21.179 19 22 15 599 3
240.238 71.369 21.179 20 22 15 599 3
240.238 71.369 21.179 21 22 15 599 3
240.238 71.369 21.179 22 22 15 599 3
240.238 71.369 21.179 23 22 15 599 3
240.238 71.369 21.179 24 22 15 599 3
240.238 71.369 21.179 25 22 15 599 3
240.238 71.369 21.179 26 22 15 599 3
240.238 71.369 21.179 27 22 15 599 3
240.238 71.369 21.179 28 22 15 599 3
240.238 71.369 21.179 29 22 15 599 3
240.238 71.369 21.179 30 22 15 599 3
39.683 101.845 93.007 1 23 15 605 4
39.683 101.845 93.007 2 23 15 605 4
39.683 101.845 93.007 3 23 15 605 4
39.683 101.845 93.007 4 23 15 605 4
39.683 101.845 93.007 5 23 15 605 4
39.683 101.845 93.007 6 23 15 605 4
39.683 101.845 93.007 7 23 15 605 4
39.683 101.845 93.007 8 23 15 605 4
240.238 71.369 21.179 9 23 15 599 3
240.238 71.369 21.179 10 23 15 599 3
240.238 71.369 21.179 11 23 15 599 3
240.238 71.369 21.179 12 23 15 599 3
240.238 71.369 21.179 13 23 15 599 3
240.238 71.369 21.179 14 23 15 599 3
240.238 71.369 21.179 15 23 15 599 3
240.238 71.369 21.179 16 23 15 599 3
240.238 71.369 21.179 17 23 15 599 3
240.238 71.369 21.179 18 23 15 599 3
240.238 71.369 21.179 19 23 15 599 3
240.238 71.369 21.179 20 23 15 599 3
240.238 71.369 21.179 21 23 15 599 3
240.238 71.369 21.179 22 23 15 599 3
240.238 71.369 21.179 23 23 15 599 3
240.238 71.369 21.179 24 23 15 599 3
240.238 71.369 21.179 25 23 15 599 3
240.238 71.369 21.179 26 23 15 599 3
240.238 71.369 21.179 27 23 15 599 3
240.238 71.369 21.179 28 23 15 599 3
240.238 71.369 21.179 29 23 15 599 3
240.238 71.369 21.179 30 23 15 599 3
166.390 61.614 219.685 1 24 15 57 1
166.390 61.614 219.685 2 24 15 57 1
39.683 101.845 93.007 3 24 15 605 4
39.683 101.845 93.007 4 24 15 605 4
63.652 23.425 208.416 5 24 15 604 4
63.652 23.425 208.416 6 24 15 604 4
63.652 23.425 208.416 7 24 15 604 4
63.652 23.425 208.416 8 24 15 604 4
149.555 137.427 303.208 9 24 15 457 1
149.555 137.427 303.208 10 24 15 457 1
240.238 71.369 21.179 11 24 15 599 3
240.238 71.369 21.179 12 24 15 599 3
240.238 71.369 21.179 13 24 15 599 3
240.238 71.369 21.179 14 24 15 599 3
240.238 71.369 21.179 15 24 15 599 3
240.238 71.369 21.179 16 24 15 599 3
240.238 71.369 21.179 17 24 15 599 3
240.238 71.369 21.179 18 24 15 599 3
240.238 71.369 21.179 19 24 15 599 3
240.238 71.369 21.179 20 24 15 599 3
240.238 71.369 21.179 21 24 15 599 3
240.238 71.369 21.179 22 24 15 599 3
240.238 71.369 21.179 23 24 15 599 3
240.238 71.369 21.179 24 24 15 599 3
240.238 71.369 21.179 25 24 15 599 3
240.238 71.369 21.179 26 24 15 599 3
240.238 71.369 21.179 27 24 15 599 3
240.238 71.369 21.179 28 24 15 599 3
240.238 71.369 21.179 29 24 15 599 3
240.238 71.369 21.179 30 24 15 599 3
224.761 86.647 223.475 1 25 15 306 1
224.761 86.647 223.475 2 25 15 306 1
63.652 23.425 208.416 3 25 15 604 4
63.652 23.425 208.416 4 25 15 604 4
63.652 23.425 208.416 5 25 15 604 4
63.652 23.425 208.416 6 25 15 604 4
63.652 23.425 208.416 7 25 15 604 4
63.652 23.425 208.416 8 25 15 604 4
63.652 23.425 208.416 9 25 15 604 4
63.652 23.425 208.416 10 25 15 604 4
240.238 71.369 21.179 11 25 15 599 3
240.238 71.369 21.179 12 25 15 599 3
240.238 71.369 21.179 13 25 15 599 3
240.238 71.369 21.179 14 25 15 599 3
240.238 71.369 21.179 15 25 15 599 3
240.238 71.369 21.179 16 25 15 599 3
240.238 71.369 21.179 17 25 15 599 3
240.238 71.369 21.179 18 25 15 599 3
240.238 71.369 21.179 19 25 15 599 3
240.238 71.369 21.179 20 25 15 599 3
240.238 71.369 21.179 21 25 15 599 3
240.238 71.369 21.179 22 25 15 599 3
240.238 71.369 21.179 23 25 15 599 3
240.238 71.369 21.179 24 25 15 599 3
240.238 71.369 21.179 25 25 15 599 3
240.238 71.369 21.179 26 25 15 599 3
240.238 71.369 21.179 27 25 15 599 3
240.238 71.369 21.179 28 25 15 599 3
240.238 71.369 21.179 29 25 15 599 3
240.238 71.369 21.179 30 25 15 599 3
224.761 86.647 223.475 1 26 15 306 1
224.761 86.647 223.475 2 26 15 306 1
63.652 23.425 208.416 3 26 15 604 4
63.652 23.425 208.416 4 26 15 604 4
63.652 23.425 208.416 5 26 15 604 4
63.652 23.425 208.416 6 26 15 604 4
63.652 23.425 208.416 7 26 15 604 4
63.652 23.425 208.416 8 26 15 604 4
63.652 23.425 208.416 9 26 15 604 4
63.652 23.425 208.416 10 26 15 604 4
63.652 23.425 208.416 11 26 15 604 4
63.652 23.425 208.416 12 26 15 604 4
240.238 71.369 21.179 13 26 15 599 3
240.238 71.369 21.179 14 26 15 599 3
240.238 71.369 21.179 15 26 15 599 3
240.238 71.369 21.179 16 26 15 599 3
240.238 71.369 21.179 17 26 15 599 3
240.238 71.369 21.179 18 26 15 599 3
240.238 71.369 21.179 19 26 15 599 3
240.238 71.369 21.179 20 26 15 599 3
240.238 71.369 21.179 21 26 15 599 3
240.238 71.369 21.179 22 26 15 599 3
240.238 71.369 21.179 23 26 15 599 3
240.238 71.369 21.179 24 26 15 599 3
240.238 71.369 21.179 25 26 15 599 3
240.238 71.369 21.179 26 26 15 599 3
240.238 71.369 21.179 27 26 15 599 3
240.238 71.369 21.179 28 26 15 599 3
240.238 71.369 21.179 29 26 15 599 3
240.238 71.369 21.179 30 26 15 599 3
224.761 86.647 223.475 1 27 15 306 1
63.652 23.425 208.416 2 27 15 604 4
63.652 23.425 208.416 3 27 15 604 4
63.652 23.425 208.416 4 27 15 604 4
63.652 23.425 208.416 5 27 15 604 4
63.652 23.425 208.416 6 27 15 604 4
63.652 23.425 208.416 7 27 15 604 4
63.652 23.425 208.416 8 27 15 604 4
63.652 23.425 208.416 9 27 15 604 4
63.652 23.425 208.416 10 27 15 604 4
63.652 23.425 208.416 11 27 15 604 4
63.652 23.425 208.416 12 27 15 604 4
298.259 79.901 261.726 13 27 15 603 4
355.441 91.410 60.873 14 27 15 50 1
298.259 79.901 261.726 15 27 15 603 4
342.251 155.332 358.891 16 27 15 638 1
298.259 79.901 261.726 17 27 15 603 4
298.259 79.901 261.726 18 27 15 603 4
298.259 79.901 261.726 19 27 15 603 4
240.238 71.369 21.179 20 27 15 599 3
240.238 71.369 21.179 21 27 15 599 3
240.238 71.369 21.179 22 27 15 599 3
240.238 71.369 21.179 23 27 15 599 3
240.238 71.369 21.179 24 27 15 599 3
240.238 71.369 21.179 25 27 15 599 3
148.837 14.311 16.900 26 27 15 681 4
148.837 14.311 16.900 27 27 15 681 4
148.837 14.311 16.900 28 27 15 681 4
148.837 14.311 16.900 29 27 15 681 4
148.837 14.311 16.900 30 27 15 681 4
63.652 23.425 208.416 1 28 15 604 4
63.652 23.425 208.416 2 28 15 604 4
63.652 23.425 208.416 3 28 15 604 4
63.652 23.425 208.416 4 28 15 604 4
63.652 23.425 208.416 5 28 15 604 4
63.652 23.425 208.416 6 28 15 604 4
63.652 23.425 208.416 7 28 15 604 4
63.652 23.425 208.416 8 28 15 604 4
63.652 23.425 208.416 9 28 15 604 4
63.652 23.425 208.416 10 28 15 604 4
63.652 23.425 208.416 11 28 15 604 4
63.652 23.425 208.416 12 28 15 604 4
298.259 79.901 261.726 13 28 15 603 4
355.441 91.410 60.873 14 28 15 50 1
298.259 79.901 261.726 15 28 15 603 4
298.259 79.901 261.726 16 28 15 603 4
342.251 155.332 358.891 17 28 15 638 1
298.259 79.901 261.726 18 28 15 603 4
298.259 79.901 261.726 19 28 15 603 4
298.259 79.901 261.726 20 28 15 603 4
240.238 71.369 21.179 21 28 15 599 3
240.238 71.369 21.179 22 28 15 599 3
240.238 71.369 21.179 23 28 15 599 3
76.532 160.422 13.478 24 28 15 299 1
148.837 14.311 16.900 25 28 15 681 4
148.837 14.311 16.900 26 28 15 681 4
148.837 14.311 16.900 27 28 15 681 4
148.837 14.311 16.900 28 28 15 681 4
148.837 14.311 16.900 29 28 15 681 4
148.837 14.311 16.900 30 28 15 681 4
63.652 23.425 208.416 1 29 15 604 4
63.652 23.425 208.416 2 29 15 604 4
63.652 23.425 208.416 3 29 15 604 4
63.652 23.425 208.416 4 29 15 604 4
63.652 23.425 208.416 5 29 15 604 4
63.652 23.425 208.416 6 29 15 604 4
63.652 23.425 208.416 7 29 15 604 4
63.652 23.425 208.416 8 29 15 604 4
63.652 23.425 208.416 9 29 15 604 4
63.652 23.425 208.416 10 29 15 604 4
63.652 23.425 208.416 11 29 15 604 4
298.259 79.901 261.726 12 29 15 603 4
298.259 79.901 261.726 13 29 15 603 4
298.259 79.901 261.726 14 29 15 603 4
298.259 79.901 261.726 15 29 15 603 4
298.259 79.901 261.726 16 29 15 603 4
283.313 56.048 206.064 17 29 15 29 1
298.259 79.901 261.726 18 29 15 603 4
298.259 79.901 261.726 19 29 15 603 4
184.491 88.027 237.039 20 29 15 632 1
184.491 88.027 237.039 21 29 15 632 1
184.491 88.027 237.039 22 29 15 632 1
337.901 130.572 318.956 23 29 15 435 1
337.901 130.572 318.956 24 29 15 435 1
148.837 14.311 16.900 25 29 15 681 4
148.837 14.311 16.900 26 29 15 681 4
148.837 14.311 16.900 27 29 15 681 4
148.837 14.311 16.900 28 29 15 681 4
148.837 14.311 16.900 29 29 15 681 4
148.837 14.311 16.900 30 29 15 681 4
63.652 23.425 208.416 1 30 15 604 4
63.652 23.425 208.416 2 30 15 604 4
63.652 23.425 208.416 3 30 15 604 4
63.652 23.425 208.416 4 30 15 604 4
63.652 23.425 208.416 5 30 15 604 4
63.652 23.425 208.416 6 30 15 604 4
63.652 23.425 208.416 7 30 15 604 4
63.652 23.425 208.416 8 30 15 604 4
63.652 23.425 208.416 9 30 15 604 4
63.652 23.425 208.416 10 30 15 604 4
63.652 23.425 208.416 11 30 15 604 4
298.259 79.901 261.726 12 30 15 603 4
298.259 79.901 261.726 13 30 15 603 4
298.259 79.901 261.726 14 30 15 603 4
283.313 56.048 206.064 15 30 15 29 1
283.313 56.048 206.064 16 30 15 29 1
49.442 150.046 320.277 17 30 15 511 2
49.442 150.046 320.277 18 30 15 511 2
184.491 88.027 237.039 19 30 15 632 1
184.491 88.027 237.039 20 30 15 632 1
184.491 88.027 237.039 21 30 15 632 1
184.491 88.027 237.039 22 30 15 632 1
337.901 130.572 318.956 23 30 15 435 1
337.901 130.572 318.956 24 30 15 435 1
337.901 130.572 318.956 25 30 15 435 1
148.837 14.311 16.900 26 30 15 681 4
148.837 14.311 16.900 27 30 15 681 4
148.837 14.311 16.900 28 30 15 681 4
148.837 14.311 16.900 29 30 15 681 4
148.837 14.311 16.900 30 30 15 681 4
