84.790 58.645 138.391 1 1 14 544 2
84.790 58.645 138.391 2 1 14 544 2
225.858 123.051 117.847 3 1 14 18 1
225.858 123.051 117.847 4 1 14 18 1
225.858 123.051 117.847 5 1 14 18 1
153.550 140.975 295.738 6 1 14 142 1
260.646 129.414 357.132 7 1 14 536 2
260.646 129.414 357.132 8 1 14 536 2
260.646 129.414 357.132 9 1 14 536 2
260.646 129.414 357.132 10 1 14 536 2
260.646 129.414 357.132 11 1 14 536 2
166.289 99.467 118.618 12 1 14 437 1
166.289 99.467 118.618 13 1 14 437 1
20.233 90.663 195.216 14 1 14 527 2
20.233 90.663 195.216 15 1 14 527 2
53.308 41.477 151.152 16 1 14 468 1
53.308 41.477 151.152 17 1 14 468 1
13.917 77.882 150.541 18 1 14 585 2
53.308 41.477 151.152 19 1 14 468 1
152.087 34.567 215.997 20 1 14 597 3
152.087 34.567 215.997 21 1 14 597 3
152.087 34.567 215.997 22 1 14 597 3
152.087 34.567 215.997 23 1 14 597 3
152.087 34.567 215.997 24 1 14 597 3
152.087 34.567 215.997 25 1 14 597 3
152.087 34.567 215.997 26 1 14 597 3
152.087 34.567 215.997 27 1 14 597 3
152.087 34.567 215.997 28 1 14 597 3
152.087 34.567 215.997 29 1 14 597 3
152.087 34.567 215.997 30 1 14 597 3
84.790 58.645 138.391 1 2 14 544 2
225.858 123.051 117.847 2 2 14 18 1
225.858 123.051 117.847 3 2 14 18 1
225.858 123.051 117.847 4 2 14 18 1
225.858 123.051 117.847 5 2 14 18 1
153.550 140.975 295.738 6 2 14 142 1
260.646 129.414 357.132 7 2 14 536 2
260.646 129.414 357.132 8 2 14 536 2
260.646 129.414 357.132 9 2 14 536 2
260.646 129.414 357.132 10 2 14 536 2
260.646 129.414 357.132 11 2 14 536 2
166.289 99.467 118.618 12 2 14 437 1
166.289 99.467 118.618 13 2 14 437 1
336.726 138.290 213.871 14 2 14 621 4
336.726 138.290 213.871 15 2 14 621 4
53.308 41.477 151.152 16 2 14 468 1
53.308 41.477 151.152 17 2 14 468 1
53.308 41.477 151.152 18 2 14 468 1
53.308 41.477 151.152 19 2 14 468 1
152.087 34.567 215.997 20 2 14 597 3
152.087 34.567 215.997 21 2 14 597 3
152.087 34.567 215.997 22 2 14 597 3
152.087 34.567 215.997 23 2 14 597 3
152.087 34.567 215.997 24 2 14 597 3
152.087 34.567 215.997 25 2 14 597 3
152.087 34.567 215.997 26 2 14 597 3
152.087 34.567 215.997 27 2 14 597 3
152.087 34.567 215.997 28 2 14 597 3
152.087 34.567 215.997 29 2 14 597 3
152.087 34.567 215.997 30 2 14 597 3
84.790 58.645 138.391 1 3 14 544 2
225.858 123.051 117.847 2 3 14 18 1
225.858 123.051 117.847 3 3 14 18 1
225.858 123.051 117.847 4 3 14 18 1
169.168 113.403 289.277 5 3 14 683 4
153.550 140.975 295.738 6 3 14 142 1
169.168 113.403 289.277 7 3 14 683 4
169.168 113.403 289.277 8 3 14 683 4
260.646 129.414 357.132 9 3 14 536 2
260.646 129.414 357.132 10 3 14 536 2
260.646 129.414 357.132 11 3 14 536 2
235.033 66.107 102.372 12 3 14 639 1
336.726 138.290 213.871 13 3 14 621 4
336.726 138.290 213.871 14 3 14 621 4
336.726 138.290 213.871 15 3 14 621 4
336.726 138.290 213.871 16 3 14 621 4
336.726 138.290 213.871 17 3 14 621 4
336.726 138.290 213.871 18 3 14 621 4
336.726 138.290 213.871 19 3 14 621 4
152.087 34.567 215.997 20 3 14 597 3
152.087 34.567 215.997 21 3 14 597 3
152.087 34.567 215.997 22 3 14 597 3
152.087 34.567 215.997 23 3 14 597 3
152.087 34.567 215.997 24 3 14 597 3
152.087 34.567 215.997 25 3 14 597 3
152.087 34.567 215.997 26 3 14 597 3
152.087 34.567 215.997 27 3 14 597 3
152.087 34.567 215.997 28 3 14 597 3
152.087 34.567 215.997 29 3 14 597 3
152.087 34.567 215.997 30 3 14 597 3
187.309 57.279 317.204 1 4 14 147 1
169.168 113.403 289.277 2 4 14 683 4
225.858 123.051 117.847 3 4 14 18 1
169.168 113.403 289.277 4 4 14 683 4
169.168 113.403 289.277 5 4 14 683 4
230.112 96.087 280.708 6 4 14 316 1
169.168 113.403 289.277 7 4 14 683 4
169.168 113.403 289.277 8 4 14 683 4
169.168 113.403 289.277 9 4 14 683 4
336.726 138.290 213.871 10 4 14 621 4
336.726 138.290 213.871 11 4 14 621 4
235.033 66.107 102.372 12 4 14 639 1
336.726 138.290 213.871 13 4 14 621 4
336.726 138.290 213.871 14 4 14 621 4
336.726 138.290 213.871 15 4 14 621 4
336.726 138.290 213.871 16 4 14 621 4
336.726 138.290 213.871 17 4 14 621 4
336.726 138.290 213.871 18 4 14 621 4
336.726 138.290 213.871 19 4 14 621 4
336.726 138.290 213.871 20 4 14 621 4
47.111 101.823 197.020 21 4 14 583 2
47.111 101.823 197.020 22 4 14 583 2
152.087 34.567 215.997 23 4 14 597 3
152.087 34.567 215.997 24 4 14 597 3
152.087 34.567 215.997 25 4 14 597 3
152.087 34.567 215.997 26 4 14 597 3
152.087 34.567 215.997 27 4 14 597 3
152.087 34.567 215.997 28 4 14 597 3
152.087 34.567 215.997 29 4 14 597 3
152.087 34.567 215.997 30 4 14 597 3
169.168 113.403 289.277 1 5 14 683 4
169.168 113.403 289.277 2 5 14 683 4
169.168 113.403 289.277 3 5 14 683 4
169.168 113.403 289.277 4 5 14 683 4
169.168 113.403 289.277 5 5 14 683 4
169.168 113.403 289.277 6 5 14 683 4
169.168 113.403 289.277 7 5 14 683 4
169.168 113.403 289.277 8 5 14 683 4
169.168 113.403 289.277 9 5 14 683 4
235.836 55.939 145.727 10 5 14 247 1
336.726 138.290 213.871 11 5 14 621 4
336.726 138.290 213.871 12 5 14 621 4
50.601 46.954 142.662 13 5 14 210 1
336.726 138.290 213.871 14 5 14 621 4
336.726 138.290 213.871 15 5 14 621 4
336.726 138.290 213.871 16 5 14 621 4
336.726 138.290 213.871 17 5 14 621 4
336.726 138.290 213.871 18 5 14 621 4
336.726 138.290 213.871 19 5 14 621 4
186.833 31.154 250.013 20 5 14 569 2
47.111 101.823 197.020 21 5 14 583 2
47.111 101.823 197.020 22 5 14 583 2
152.087 34.567 215.997 23 5 14 597 3
152.087 34.567 215.997 24 5 14 597 3
152.087 34.567 215.997 25 5 14 597 3
294.718 82.811 114.589 26 5 14 22 1
152.087 34.567 215.997 27 5 14 597 3
152.087 34.567 215.997 28 5 14 597 3
152.087 34.567 215.997 29 5 14 597 3
152.087 34.567 215.997 30 5 14 597 3
228.631 122.159 285.448 1 6 14 453 1
169.168 113.403 289.277 2 6 14 683 4
169.168 113.403 289.277 3 6 14 683 4
169.168 113.403 289.277 4 6 14 683 4
169.168 113.403 289.277 5 6 14 683 4
62.155 122.913 242.910 6 6 14 8 1
169.168 113.403 289.277 7 6 14 683 4
169.168 113.403 289.277 8 6 14 683 4
169.168 113.403 289.277 9 6 14 683 4
235.836 55.939 145.727 10 6 14 247 1
336.726 138.290 213.871 11 6 14 621 4
336.726 138.290 213.871 12 6 14 621 4
336.726 138.290 213.871 13 6 14 621 4
336.726 138.290 213.871 14 6 14 621 4
336.726 138.290 213.871 15 6 14 621 4
127.143 121.052 56.871 16 6 14 286 1
336.726 138.290 213.871 17 6 14 621 4
336.726 138.290 213.871 18 6 14 621 4
336.726 138.290 213.871 19 6 14 621 4
89.881 44.905 317.870 20 6 14 643 1
47.111 101.823 197.020 21 6 14 583 2
47.111 101.823 197.020 22 6 14 583 2
152.087 34.567 215.997 23 6 14 597 3
152.087 34.567 215.997 24 6 14 597 3
152.087 34.567 215.997 25 6 14 597 3
152.087 34.567 215.997 26 6 14 597 3
152.087 34.567 215.997 27 6 14 597 3
152.087 34.567 215.997 28 6 14 597 3
152.087 34.567 215.997 29 6 14 597 3
152.087 34.567 215.997 30 6 14 597 3
228.631 122.159 285.448 1 7 14 453 1
307.743 57.269 216.406 2 7 14 478 1
169.168 113.403 289.277 3 7 14 683 4
169.168 113.403 289.277 4 7 14 683 4
62.155 122.913 242.910 5 7 14 8 1
169.168 113.403 289.277 6 7 14 683 4
169.168 113.403 289.277 7 7 14 683 4
169.168 113.403 289.277 8 7 14 683 4
336.726 138.290 213.871 9 7 14 621 4
336.726 138.290 213.871 10 7 14 621 4
315.972 107.016 186.295 11 7 14 665 2
336.726 138.290 213.871 12 7 14 621 4
336.726 138.290 213.871 13 7 14 621 4
336.726 138.290 213.871 14 7 14 621 4
336.726 138.290 213.871 15 7 14 621 4
336.726 138.290 213.871 16 7 14 621 4
336.726 138.290 213.871 17 7 14 621 4
336.726 138.290 213.871 18 7 14 621 4
336.726 138.290 213.871 19 7 14 621 4
89.881 44.905 317.870 20 7 14 643 1
186.833 31.154 250.013 21 7 14 569 2
186.833 31.154 250.013 22 7 14 569 2
240.238 71.369 21.179 23 7 14 599 3
152.087 34.567 215.997 24 7 14 597 3
152.087 34.567 215.997 25 7 14 597 3
152.087 34.567 215.997 26 7 14 597 3
152.087 34.567 215.997 27 7 14 597 3
152.087 34.567 215.997 28 7 14 597 3
152.087 34.567 215.997 29 7 14 597 3
152.087 34.567 215.997 30 7 14 597 3
146.874 149.391 184.045 1 8 14 612 4
307.743 57.269 216.406 2 8 14 478 1
146.874 149.391 184.045 3 8 14 612 4
146.874 149.391 184.045 4 8 14 612 4
146.874 149.391 184.045 5 8 14 612 4
93.717 100.692 277.114 6 8 14 333 1
169.168 113.403 289.277 7 8 14 683 4
336.726 138.290 213.871 8 8 14 621 4
336.726 138.290 213.871 9 8 14 621 4
336.726 138.290 213.871 10 8 14 621 4
336.726 138.290 213.871 11 8 14 621 4
336.726 138.290 213.871 12 8 14 621 4
336.726 138.290 213.871 13 8 14 621 4
336.726 138.290 213.871 14 8 14 621 4
336.726 138.290 213.871 15 8 14 621 4
336.726 138.290 213.871 16 8 14 621 4
336.726 138.290 213.871 17 8 14 621 4
336.726 138.290 213.871 18 8 14 621 4
336.726 138.290 213.871 19 8 14 621 4
240.238 71.369 21.179 20 8 14 599 3
240.238 71.369 21.179 21 8 14 599 3
240.238 71.369 21.179 22 8 14 599 3
240.238 71.369 21.179 23 8 14 599 3
240.238 71.369 21.179 24 8 14 599 3
240.238 71.369 21.179 25 8 14 599 3
240.238 71.369 21.179 26 8 14 599 3
152.087 34.567 215.997 27 8 14 597 3
152.087 34.567 215.997 28 8 14 597 3
152.087 34.567 215.997 29 8 14 597 3
152.087 34.567 215.997 30 8 14 597 3
146.874 149.391 184.045 1 9 14 612 4
146.874 149.391 184.045 2 9 14 612 4
146.874 149.391 184.045 3 9 14 612 4
146.874 149.391 184.045 4 9 14 612 4
146.874 149.391 184.045 5 9 14 612 4
146.874 149.391 184.045 6 9 14 612 4
146.874 149.391 184.045 7 9 14 612 4
146.874 149.391 184.045 8 9 14 612 4
336.726 138.290 213.871 9 9 14 621 4
336.726 138.290 213.871 10 9 14 621 4
336.726 138.290 213.871 11 9 14 621 4
336.726 138.290 213.871 12 9 14 621 4
336.726 138.290 213.871 13 9 14 621 4
336.726 138.290 213.871 14 9 14 621 4
336.726 138.290 213.871 15 9 14 621 4
336.726 138.290 213.871 16 9 14 621 4
336.726 138.290 213.871 17 9 14 621 4
336.726 138.290 213.871 18 9 14 621 4
240.238 71.369 21.179 19 9 14 599 3
240.238 71.369 21.179 20 9 14 599 3
240.238 71.369 21.179 21 9 14 599 3
240.238 71.369 21.179 22 9 14 599 3
240.238 71.369 21.179 23 9 14 599 3
240.238 71.369 21.179 24 9 14 599 3
240.238 71.369 21.179 25 9 14 599 3
240.238 71.369 21.179 26 9 14 599 3
240.238 71.369 21.179 27 9 14 599 3
240.238 71.369 21.179 28 9 14 599 3
152.087 34.567 215.997 29 9 14 597 3
152.087 34.567 215.997 30 9 14 597 3
146.874 149.391 184.045 1 10 14 612 4
146.874 149.391 184.045 2 10 14 612 4
146.874 149.391 184.045 3 10 14 612 4
146.874 149.391 184.045 4 10 14 612 4
146.874 149.391 184.045 5 10 14 612 4
146.874 149.391 184.045 6 10 14 612 4
146.874 149.391 184.045 7 10 14 612 4
146.874 149.391 184.045 8 10 14 612 4
336.726 138.290 213.871 9 10 14 621 4
336.726 138.290 213.871 10 10 14 621 4
336.726 138.290 213.871 11 10 14 621 4
336.726 138.290 213.871 12 10 14 621 4
336.726 138.290 213.871 13 10 14 621 4
336.726 138.290 213.871 14 10 14 621 4
336.726 138.290 213.871 15 10 14 621 4
336.726 138.290 213.871 16 10 14 621 4
240.238 71.369 21.179 17 10 14 599 3
240.238 71.369 21.179 18 10 14 599 3
240.238 71.369 21.179 19 10 14 599 3
240.238 71.369 21.179 20 10 14 599 3
240.238 71.369 21.179 21 10 14 599 3
240.238 71.369 21.179 22 10 14 599 3
240.238 71.369 21.179 23 10 14 599 3
240.238 71.369 21.179 24 10 14 599 3
240.238 71.369 21.179 25 10 14 599 3
240.238 71.369 21.179 26 10 14 599 3
240.238 71.369 21.179 27 10 14 599 3
240.238 71.369 21.179 28 10 14 599 3
240.238 71.369 21.179 29 10 14 599 3
240.238 71.369 21.179 30 10 14 599 3
146.874 149.391 184.045 1 11 14 612 4
146.874 149.391 184.045 2 11 14 612 4
146.874 149.391 184.045 3 11 14 612 4
146.874 149.391 184.045 4 11 14 612 4
146.874 149.391 184.045 5 11 14 612 4
146.874 149.391 184.045 6 11 14 612 4
146.874 149.391 184.045 7 11 14 612 4
146.874 149.391 184.045 8 11 14 612 4
336.726 138.290 213.871 9 11 14 621 4
336.726 138.290 213.871 10 11 14 621 4
336.726 138.290 213.871 11 11 14 621 4
336.726 138.290 213.871 12 11 14 621 4
336.726 138.290 213.871 13 11 14 621 4
336.726 138.290 213.871 14 11 14 621 4
240.238 71.369 21.179 15 11 14 599 3
240.238 71.369 21.179 16 11 14 599 3
240.238 71.369 21.179 17 11 14 599 3
240.238 71.369 21.179 18 11 14 599 3
240.238 71.369 21.179 19 11 14 599 3
240.238 71.369 21.179 20 11 14 599 3
240.238 71.369 21.179 21 11 14 599 3
240.238 71.369 21.179 22 11 14 599 3
240.238 71.369 21.179 23 11 14 599 3
240.238 71.369 21.179 24 11 14 599 3
240.238 71.369 21.179 25 11 14 599 3
240.238 71.369 21.179 26 11 14 599 3
240.238 71.369 21.179 27 11 14 599 3
240.238 71.369 21.179 28 11 14 599 3
240.238 71.369 21.179 29 11 14 599 3
240.238 71.369 21.179 30 11 14 599 3
146.874 149.391 184.045 1 12 14 612 4
146.874 149.391 184.045 2 12 14 612 4
146.874 149.391 184.045 3 12 14 612 4
146.874 149.391 184.045 4 12 14 612 4
146.874 149.391 184.045 5 12 14 612 4
146.874 149.391 184.045 6 12 14 612 4
146.874 149.391 184.045 7 12 14 612 4
146.874 149.391 184.045 8 12 14 612 4
146.874 149.391 184.045 9 12 14 612 4
336.726 138.290 213.871 10 12 14 621 4
336.726 138.290 213.871 11 12 14 621 4
240.238 71.369 21.179 12 12 14 599 3
240.238 71.369 21.179 13 12 14 599 3
240.238 71.369 21.179 14 12 14 599 3
240.238 71.369 21.179 15 12 14 599 3
240.238 71.369 21.179 16 12 14 599 3
240.238 71.369 21.179 17 12 14 599 3
240.238 71.369 21.179 18 12 14 599 3
240.238 71.369 21.179 19 12 14 599 3
240.238 71.369 21.179 20 12 14 599 3
240.238 71.369 21.179 21 12 14 599 3
240.238 71.369 21.179 22 12 14 599 3
240.238 71.369 21.179 23 12 14 599 3
240.238 71.369 21.179 24 12 14 599 3
240.238 71.369 21.179 25 12 14 599 3
240.238 71.369 21.179 26 12 14 599 3
240.238 71.369 21.179 27 12 14 599 3
240.238 71.369 21.179 28 12 14 599 3
240.238 71.369 21.179 29 12 14 599 3
240.238 71.369 21.179 30 12 14 599 3
146.874 149.391 184.045 1 13 14 612 4
146.874 149.391 184.045 2 13 14 612 4
146.874 149.391 184.045 3 13 14 612 4
146.874 149.391 184.045 4 13 14 612 4
146.874 149.391 184.045 5 13 14 612 4
146.874 149.391 184.045 6 13 14 612 4
146.874 149.391 184.045 7 13 14 612 4
146.874 149.391 184.045 8 13 14 612 4
146.874 149.391 184.045 9 13 14 612 4
240.238 71.369 21.179 10 13 14 599 3
240.238 71.369 21.179 11 13 14 599 3
240.238 71.369 21.179 12 13 14 599 3
240.238 71.369 21.179 13 13 14 599 3
240.238 71.369 21.179 14 13 14 599 3
240.238 71.369 21.179 15 13 14 599 3
240.238 71.369 21.179 16 13 14 599 3
240.238 71.369 21.179 17 13 14 599 3
240.238 71.369 21.179 18 13 14 599 3
240.238 71.369 21.179 19 13 14 599 3
240.238 71.369 21.179 20 13 14 599 3
240.238 71.369 21.179 21 13 14 599 3
240.238 71.369 21.179 22 13 14 599 3
240.238 71.369 21.179 23 13 14 599 3
240.238 71.369 21.179 24 13 14 599 3
240.238 71.369 21.179 25 13 14 599 3
240.238 71.369 21.179 26 13 14 599 3
240.238 71.369 21.179 27 13 14 599 3
240.238 71.369 21.179 28 13 14 599 3
240.238 71.369 21.179 29 13 14 599 3
240.238 71.369 21.179 30 13 14 599 3
146.874 149.391 184.045 1 14 14 612 4
146.874 149.391 184.045 2 14 14 612 4
146.874 149.391 184.045 3 14 14 612 4
146.874 149.391 184.045 4 14 14 612 4
146.874 149.391 184.045 5 14 14 612 4
146.874 149.391 184.045 6 14 14 612 4
146.874 149.391 184.045 7 14 14 612 4
152.977 86.090 116.482 8 14 14 197 1
103.356 36.809 100.762 9 14 14 614 4
240.238 71.369 21.179 10 14 14 599 3
240.238 71.369 21.179 11 14 14 599 3
240.238 71.369 21.179 12 14 14 599 3
240.238 71.369 21.179 13 14 14 599 3
240.238 71.369 21.179 14 14 14 599 3
240.238 71.369 21.179 15 14 14 599 3
240.238 71.369 21.179 16 14 14 599 3
240.238 71.369 21.179 17 14 14 599 3
240.238 71.369 21.179 18 14 14 599 3
240.238 71.369 21.179 19 14 14 599 3
240.238 71.369 21.179 20 14 14 599 3
240.238 71.369 21.179 21 14 14 599 3
240.238 71.369 21.179 22 14 14 599 3
240.238 71.369 21.179 23 14 14 599 3
240.238 71.369 21.179 24 14 14 599 3
240.238 71.369 21.179 25 14 14 599 3
240.238 71.369 21.179 26 14 14 599 3
240.238 71.369 21.179 27 14 14 599 3
240.238 71.369 21.179 28 14 14 599 3
240.238 71.369 21.179 29 14 14 599 3
240.238 71.369 21.179 30 14 14 599 3
146.874 149.391 184.045 1 15 14 612 4
146.874 149.391 184.045 2 15 14 612 4
146.874 149.391 184.045 3 15 14 612 4
146.874 149.391 184.045 4 15 14 612 4
146.874 149.391 184.045 5 15 14 612 4
146.874 149.391 184.045 6 15 14 612 4
146.874 149.391 184.045 7 15 14 612 4
103.356 36.809 100.762 8 15 14 614 4
240.238 71.369 21.179 9 15 14 599 3
240.238 71.369 21.179 10 15 14 599 3
240.238 71.369 21.179 11 15 14 599 3
240.238 71.369 21.179 12 15 14 599 3
240.238 71.369 21.179 13 15 14 599 3
240.238 71.369 21.179 14 15 14 599 3
240.238 71.369 21.179 15 15 14 599 3
240.238 71.369 21.179 16 15 14 599 3
240.238 71.369 21.179 17 15 14 599 3
240.238 71.369 21.179 18 15 14 599 3
240.238 71.369 21.179 19 15 14 599 3
240.238 71.369 21.179 20 15 14 599 3
240.238 71.369 21.179 21 15 14 599 3
240.238 71.369 21.179 22 15 14 599 3
240.238 71.369 21.179 23 15 14 599 3
240.238 71.369 21.179 24 15 14 599 3
240.238 71.369 21.179 25 15 14 599 3
240.238 71.369 21.179 26 15 14 599 3
240.238 71.369 21.179 27 15 14 599 3
240.238 71.369 21.179 28 15 14 599 3
240.238 71.369 21.179 29 15 14 599 3
240.238 71.369 21.179 30 15 14 599 3
146.874 149.391 184.045 1 16 14 612 4
322.912 116.493 176.166 2 16 14 233 1
146.874 149.391 184.045 3 16 14 612 4
146.874 149.391 184.045 4 16 14 612 4
146.874 149.391 184.045 5 16 14 612 4
146.874 149.391 184.045 6 16 14 612 4
103.356 36.809 100.762 7 16 14 614 4
103.356 36.809 100.762 8 16 14 614 4
240.238 71.369 21.179 9 16 14 599 3
240.238 71.369 21.179 10 16 14 599 3
240.238 71.369 21.179 11 16 14 599 3
240.238 71.369 21.179 12 16 14 599 3
240.238 71.369 21.179 13 16 14 599 3
240.238 71.369 21.179 14 16 14 599 3
240.238 71.369 21.179 15 16 14 599 3
240.238 71.369 21.179 16 16 14 599 3
240.238 71.369 21.179 17 16 14 599 3
240.238 71.369 21.179 18 16 14 599 3
240.238 71.369 21.179 19 16 14 599 3
240.238 71.369 21.179 20 16 14 599 3
240.238 71.369 21.179 21 16 14 599 3
240.238 71.369 21.179 22 16 14 599 3
240.238 71.369 21.179 23 16 14 599 3
240.238 71.369 21.179 24 16 14 599 3
240.238 71.369 21.179 25 16 14 599 3
240.238 71.369 21.179 26 16 14 599 3
240.238 71.369 21.179 27 16 14 599 3
240.238 71.369 21.179 28 16 14 599 3
240.238 71.369 21.179 29 16 14 599 3
240.238 71.369 21.179 30 16 14 599 3
146.874 149.391 184.045 1 17 14 612 4
322.912 116.493 176.166 2 17 14 233 1
146.874 149.391 184.045 3 17 14 612 4
146.874 149.391 184.045 4 17 14 612 4
146.874 149.391 184.045 5 17 14 612 4
103.356 36.809 100.762 6 17 14 614 4
103.356 36.809 100.762 7 17 14 614 4
103.356 36.809 100.762 8 17 14 614 4
240.238 71.369 21.179 9 17 14 599 3
240.238 71.369 21.179 10 17 14 599 3
240.238 71.369 21.179 11 17 14 599 3
240.238 71.369 21.179 12 17 14 599 3
240.238 71.369 21.179 13 17 14 599 3
240.238 71.369 21.179 14 17 14 599 3
240.238 71.369 21.179 15 17 14 599 3
240.238 71.369 21.179 16 17 14 599 3
240.238 71.369 21.179 17 17 14 599 3
240.238 71.369 21.179 18 17 14 599 3
240.238 71.369 21.179 19 17 14 599 3
240.238 71.369 21.179 20 17 14 599 3
240.238 71.369 21.179 21 17 14 599 3
240.238 71.369 21.179 22 17 14 599 3
240.238 71.369 21.179 23 17 14 599 3
240.238 71.369 21.179 24 17 14 599 3
240.238 71.369 21.179 25 17 14 599 3
240.238 71.369 21.179 26 17 14 599 3
240.238 71.369 21.179 27 17 14 599 3
240.238 71.369 21.179 28 17 14 599 3
240.238 71.369 21.179 29 17 14 599 3
240.238 71.369 21.179 30 17 14 599 3
103.356 36.809 100.762 1 18 14 614 4
103.356 36.809 100.762 2 18 14 614 4
103.356 36.809 100.762 3 18 14 614 4
103.356 36.809 100.762 4 18 14 614 4
103.356 36.809 100.762 5 18 14 614 4
103.356 36.809 100.762 6 18 14 614 4
103.356 36.809 100.762 7 18 14 614 4
240.238 71.369 21.179 8 18 14 599 3
240.238 71.369 21.179 9 18 14 599 3
240.238 71.369 21.179 10 18 14 599 3
240.238 71.369 21.179 11 18 14 599 3
240.238 71.369 21.179 12 18 14 599 3
240.238 71.369 21.179 13 18 14 599 3
240.238 71.369 21.179 14 18 14 599 3
240.238 71.369 21.179 15 18 14 599 3
240.238 71.369 21.179 16 18 14 599 3
240.238 71.369 21.179 17 18 14 599 3
240.238 71.369 21.179 18 18 14 599 3
240.238 71.369 21.179 19 18 14 599 3
240.238 71.369 21.179 20 18 14 599 3
240.238 71.369 21.179 21 18 14 599 3
240.238 71.369 21.179 22 18 14 599 3
240.238 71.369 21.179 23 18 14 599 3
240.238 71.369 21.179 24 18 14 599 3
240.238 71.369 21.179 25 18 14 599 3
240.238 71.369 21.179 26 18 14 599 3
240.238 71.369 21.179 27 18 14 599 3
240.238 71.369 21.179 28 18 14 599 3
240.238 71.369 21.179 29 18 14 599 3
240.238 71.369 21.179 30 18 14 599 3
103.356 36.809 100.762 1 19 14 614 4
39.683 101.845 93.007 2 19 14 605 4
39.683 101.845 93.007 3 19 14 605 4
39.683 101.845 93.007 4 19 14 605 4
39.683 101.845 93.007 5 19 14 605 4
39.683 101.845 93.007 6 19 14 605 4
103.356 36.809 100.762 7 19 14 614 4
240.238 71.369 21.179 8 19 14 599 3
240.238 71.369 21.179 9 19 14 599 3
240.238 71.369 21.179 10 19 14 599 3
240.238 71.369 21.179 11 19 14 599 3
240.238 71.369 21.179 12 19 14 599 3
240.238 71.369 21.179 13 19 14 599 3
240.238 71.369 21.179 14 19 14 599 3
240.238 71.369 21.179 15 19 14 599 3
240.238 71.369 21.179 16 19 14 599 3
240.238 71.369 21.179 17 19 14 599 3
240.238 71.369 21.179 18 19 14 599 3
240.238 71.369 21.179 19 19 14 599 3
240.238 71.369 21.179 20 19 14 599 3
240.238 71.369 21.179 21 19 14 599 3
240.238 71.369 21.179 22 19 14 599 3
240.238 71.369 21.179 23 19 14 599 3
240.238 71.369 21.179 24 19 14 599 3
240.238 71.369 21.179 25 19 14 599 3
240.238 71.369 21.179 26 19 14 599 3
240.238 71.369 21.179 27 19 14 599 3
240.238 71.369 21.179 28 19 14 599 3
240.238 71.369 21.179 29 19 14 599 3
240.238 71.369 21.179 30 19 14 599 3
103.356 36.809 100.762 1 20 14 614 4
39.683 101.845 93.007 2 20 14 605 4
39.683 101.845 93.007 3 20 14 605 4
39.683 101.845 93.007 4 20 14 605 4
39.683 101.845 93.007 5 20 14 605 4
39.683 101.845 93.007 6 20 14 605 4
39.683 101.845 93.007 7 20 14 605 4
240.238 71.369 21.179 8 20 14 599 3
240.238 71.369 21.179 9 20 14 599 3
240.238 71.369 21.179 10 20 14 599 3
240.238 71.369 21.179 11 20 14 599 3
240.238 71.369 21.179 12 20 14 599 3
240.238 71.369 21.179 13 20 14 599 3
240.238 71.369 21.179 14 20 14 599 3
240.238 71.369 21.179 15 20 14 599 3
240.238 71.369 21.179 16 20 14 599 3
240.238 71.369 21.179 17 20 14 599 3
240.238 71.369 21.179 18 20 14 599 3
240.238 71.369 21.179 19 20 14 599 3
240.238 71.369 21.179 20 20 14 599 3
240.238 71.369 21.179 21 20 14 599 3
240.238 71.369 21.179 22 20 14 599 3
240.238 71.369 21.179 23 20 14 599 3
240.238 71.369 21.179 24 20 14 599 3
240.238 71.369 21.179 25 20 14 599 3
240.238 71.369 21.179 26 20 14 599 3
240.238 71.369 21.179 27 20 14 599 3
240.238 71.369 21.179 28 20 14 599 3
240.238 71.369 21.179 29 20 14 599 3
240.238 71.369 21.179 30 20 14 599 3
39.683 101.845 93.007 1 21 14 605 4
39.683 101.845 93.007 2 21 14 605 4
39.683 101.845 93.007 3 21 14 605 4
39.683 101.845 93.007 4 21 14 605 4
39.683 101.845 93.007 5 21 14 605 4
39.683 101.845 93.007 6 21 14 605 4
39.683 101.845 93.007 7 21 14 605 4
240.238 71.369 21.179 8 21 14 599 3
240.238 71.369 21.179 9 21 14 599 3
240.238 71.369 21.179 10 21 14 599 3
240.238 71.369 21.179 11 21 14 599 3
240.238 71.369 21.179 12 21 14 599 3
240.238 71.369 21.179 13 21 14 599 3
240.238 71.369 21.179 14 21 14 599 3
240.238 71.369 21.179 15 21 14 599 3
240.238 71.369 21.179 16 21 14 599 3
240.238 71.369 21.179 17 21 14 599 3
240.238 71.369 21.179 18 21 14 599 3
240.238 71.369 21.179 19 21 14 599 3
240.238 71.369 21.179 20 21 14 599 3
240.238 71.369 21.179 21 21 14 599 3
240.238 71.369 21.179 22 21 14 599 3
240.238 71.369 21.179 23 21 14 599 3
240.238 71.369 21.179 24 21 14 599 3
240.238 71.369 21.179 25 21 14 599 3
240.238 71.369 21.179 26 21 14 599 3
240.238 71.369 21.179 27 21 14 599 3
240.238 71.369 21.179 28 21 14 599 3
240.238 71.369 21.179 29 21 14 599 3
240.238 71.369 21.179 30 21 14 599 3
39.683 101.845 93.007 1 22 14 605 4
39.683 101.845 93.007 2 22 14 605 4
39.683 101.845 93.007 3 22 14 605 4
39.683 101.845 93.007 4 22 14 605 4
39.683 101.845 93.007 5 22 14 605 4
39.683 101.845 93.007 6 22 14 605 4
39.683 101.845 93.007 7 22 14 605 4
240.238 71.369 21.179 8 22 14 599 3
240.238 71.369 21.179 9 22 14 599 3
240.238 71.369 21.179 10 22 14 599 3
240.238 71.369 21.179 11 22 14 599 3
240.238 71.369 21.179 12 22 14 599 3
240.238 71.369 21.179 13 22 14 599 3
240.238 71.369 21.179 14 22 14 599 3
240.238 71.369 21.179 15 22 14 599 3
240.238 71.369 21.179 16 22 14 599 3
240.238 71.369 21.179 17 22 14 599 3
240.238 71.369 21.179 18 22 14 599 3
240.238 71.369 21.179 19 22 14 599 3
240.238 71.369 21.179 20 22 14 599 3
240.238 71.369 21.179 21 22 14 599 3
240.238 71.369 21.179 22 22 14 599 3
240.238 71.369 21.179 23 22 14 599 3
240.238 71.369 21.179 24 22 14 599 3
240.238 71.369 21.179 25 22 14 599 3
240.238 71.369 21.179 26 22 14 599 3
240.238 71.369 21.179 27 22 14 599 3
240.238 71.369 21.179 28 22 14 599 3
240.238 71.369 21.179 29 22 14 599 3
240.238 71.369 21.179 30 22 14 599 3
103.356 36.809 100.762 1 23 14 614 4
39.683 101.845 93.007 2 23 14 605 4
39.683 101.845 93.007 3 23 14 605 4
39.683 101.845 93.007 4 23 14 605 4
39.683 101.845 93.007 5 23 14 605 4
39.683 101.845 93.007 6 23 14 605 4
39.683 101.845 93.007 7 23 14 605 4
240.238 71.369 21.179 8 23 14 599 3
240.238 71.369 21.179 9 23 14 599 3
240.238 71.369 21.179 10 23 14 599 3
240.238 71.369 21.179 11 23 14 599 3
240.238 71.369 21.179 12 23 14 599 3
240.238 71.369 21.179 13 23 14 599 3
240.238 71.369 21.179 14 23 14 599 3
240.238 71.369 21.179 15 23 14 599 3
240.238 71.369 21.179 16 23 14 599 3
240.238 71.369 21.179 17 23 14 599 3
240.238 71.369 21.179 18 23 14 599 3
240.238 71.369 21.179 19 23 14 599 3
240.238 71.369 21.179 20 23 14 599 3
240.238 71.369 21.179 21 23 14 599 3
240.238 71.369 21.179 22 23 14 599 3
240.238 71.369 21.179 23 23 14 599 3
240.238 71.369 21.179 24 23 14 599 3
240.238 71.369 21.179 25 23 14 599 3
240.238 71.369 21.179 26 23 14 599 3
240.238 71.369 21.179 27 23 14 599 3
240.238 71.369 21.179 28 23 14 599 3
240.238 71.369 21.179 29 23 14 599 3
240.238 71.369 21.179 30 23 14 599 3
345.603 86.441 8.436 1 24 14 573 2
345.603 86.441 8.436 2 24 14 573 2
39.683 101.845 93.007 3 24 14 605 4
39.683 101.845 93.007 4 24 14 605 4
63.652 23.425 208.416 5 24 14 604 4
63.652 23.425 208.416 6 24 14 604 4
63.652 23.425 208.416 7 24 14 604 4
149.555 137.427 303.208 8 24 14 457 1
149.555 137.427 303.208 9 24 14 457 1
149.555 137.427 303.208 10 24 14 457 1
149.555 137.427 303.208 11 24 14 457 1
240.238 71.369 21.179 12 24 14 599 3
240.238 71.369 21.179 13 24 14 599 3
240.238 71.369 21.179 14 24 14 599 3
240.238 71.369 21.179 15 24 14 599 3
240.238 71.369 21.179 16 24 14 599 3
240.238 71.369 21.179 17 24 14 599 3
240.238 71.369 21.179 18 24 14 599 3
240.238 71.369 21.179 19 24 14 599 3
240.238 71.369 21.179 20 24 14 599 3
240.238 71.369 21.179 21 24 14 599 3
240.238 71.369 21.179 22 24 14 599 3
240.238 71.369 21.179 23 24 14 599 3
240.238 71.369 21.179 24 24 14 599 3
240.238 71.369 21.179 25 24 14 599 3
240.238 71.369 21.179 26 24 14 599 3
240.238 71.369 21.179 27 24 14 599 3
240.238 71.369 21.179 28 24 14 599 3
240.238 71.369 21.179 29 24 14 599 3
240.238 71.369 21.179 30 24 14 599 3
279.893 85.858 331.839 1 25 14 560 2
279.893 85.858 331.839 2 25 14 560 2
63.652 23.425 208.416 3 25 14 604 4
63.652 23.425 208.416 4 25 14 604 4
63.652 23.425 208.416 5 25 14 604 4
63.652 23.425 208.416 6 25 14 604 4
63.652 23.425 208.416 7 25 14 604 4
63.652 23.425 208.416 8 25 14 604 4
149.555 137.427 303.208 9 25 14 457 1
149.555 137.427 303.208 10 25 14 457 1
149.555 137.427 303.208 11 25 14 457 1
240.238 71.369 21.179 12 25 14 599 3
240.238 71.369 21.179 13 25 14 599 3
240.238 71.369 21.179 14 25 14 599 3
240.238 71.369 21.179 15 25 14 599 3
240.238 71.369 21.179 16 25 14 599 3
240.238 71.369 21.179 17 25 14 599 3
240.238 71.369 21.179 18 25 14 599 3
240.238 71.369 21.179 19 25 14 599 3
240.238 71.369 21.179 20 25 14 599 3
240.238 71.369 21.179 21 25 14 599 3
240.238 71.369 21.179 22 25 14 599 3
240.238 71.369 21.179 23 25 14 599 3
240.238 71.369 21.179 24 25 14 599 3
240.238 71.369 21.179 25 25 14 599 3
240.238 71.369 21.179 26 25 14 599 3
240.238 71.369 21.179 27 25 14 599 3
240.238 71.369 21.179 28 25 14 599 3
240.238 71.369 21.179 29 25 14 599 3
240.238 71.369 21.179 30 25 14 599 3
279.893 85.858 331.839 1 26 14 560 2
279.893 85.858 331.839 2 26 14 560 2
63.652 23.425 208.416 3 26 14 604 4
63.652 23.425 208.416 4 26 14 604 4
63.652 23.425 208.416 5 26 14 604 4
63.652 23.425 208.416 6 26 14 604 4
63.652 23.425 208.416 7 26 14 604 4
63.652 23.425 208.416 8 26 14 604 4
63.652 23.425 208.416 9 26 14 604 4
63.652 23.425 208.416 10 26 14 604 4
63.652 23.425 208.416 11 26 14 604 4
240.238 71.369 21.179 12 26 14 599 3
240.238 71.369 21.179 13 26 14 599 3
240.238 71.369 21.179 14 26 14 599 3
240.238 71.369 21.179 15 26 14 599 3
240.238 71.369 21.179 16 26 14 599 3
298.259 79.901 261.726 17 26 14 603 4
298.259 79.901 261.726 18 26 14 603 4
298.259 79.901 261.726 19 26 14 603 4
298.259 79.901 261.726 20 26 14 603 4
240.238 71.369 21.179 21 26 14 599 3
240.238 71.369 21.179 22 26 14 599 3
240.238 71.369 21.179 23 26 14 599 3
240.238 71.369 21.179 24 26 14 599 3
240.238 71.369 21.179 25 26 14 599 3
240.238 71.369 21.179 26 26 14 599 3
240.238 71.369 21.179 27 26 14 599 3
240.238 71.369 21.179 28 26 14 599 3
240.238 71.369 21.179 29 26 14 599 3
240.238 71.369 21.179 30 26 14 599 3
224.761 86.647 223.475 1 27 14 306 1
224.761 86.647 223.475 2 27 14 306 1
63.652 23.425 208.416 3 27 14 604 4
63.652 23.425 208.416 4 27 14 604 4
63.652 23.425 208.416 5 27 14 604 4
63.652 23.425 208.416 6 27 14 604 4
63.652 23.425 208.416 7 27 14 604 4
63.652 23.425 208.416 8 27 14 604 4
63.652 23.425 208.416 9 27 14 604 4
63.652 23.425 208.416 10 27 14 604 4
63.652 23.425 208.416 11 27 14 604 4
298.259 79.901 261.726 12 27 14 603 4
298.259 79.901 261.726 13 27 14 603 4
298.259 79.901 261.726 14 27 14 603 4
298.259 79.901 261.726 15 27 14 603 4
298.259 79.901 261.726 16 27 14 603 4
298.259 79.901 261.726 17 27 14 603 4
298.259 79.901 261.726 18 27 14 603 4
298.259 79.901 261.726 19 27 14 603 4
298.259 79.901 261.726 20 27 14 603 4
298.259 79.901 261.726 21 27 14 603 4
240.238 71.369 21.179 22 27 14 599 3
240.238 71.369 21.179 23 27 14 599 3
240.238 71.369 21.179 24 27 14 599 3
240.238 71.369 21.179 25 27 14 599 3
148.837 14.311 16.900 26 27 14 681 4
148.837 14.311 16.900 27 27 14 681 4
148.837 14.311 16.900 28 27 14 681 4
148.837 14.311 16.900 29 27 14 681 4
148.837 14.311 16.900 30 27 14 681 4
224.761 86.647 223.475 1 28 14 306 1
63.652 23.425 208.416 2 28 14 604 4
63.652 23.425 208.416 3 28 14 604 4
63.652 23.425 208.416 4 28 14 604 4
63.652 23.425 208.416 5 28 14 604 4
63.652 23.425 208.416 6 28 14 604 4
63.652 23.425 208.416 7 28 14 604 4
63.652 23.425 208.416 8 28 14 604 4
63.652 23.425 208.416 9 28 14 604 4
63.652 23.425 208.416 10 28 14 604 4
63.652 23.425 208.416 11 28 14 604 4
298.259 79.901 261.726 12 28 14 603 4
298.259 79.901 261.726 13 28 14 603 4
48.535 58.337 132.272 14 28 14 32 1
298.259 79.901 261.726 15 28 14 603 4
298.259 79.901 261.726 16 28 14 603 4
298.259 79.901 261.726 17 28 14 603 4
298.259 79.901 261.726 18 28 14 603 4
298.259 79.901 261.726 19 28 14 603 4
298.259 79.901 261.726 20 28 14 603 4
298.259 79.901 261.726 21 28 14 603 4
302.956 110.867 220.807 22 28 14 547 2
240.238 71.369 21.179 23 28 14 599 3
76.532 160.422 13.478 24 28 14 299 1
148.837 14.311 16.900 25 28 14 681 4
148.837 14.311 16.900 26 28 14 681 4
148.837 14.311 16.900 27 28 14 681 4
148.837 14.311 16.900 28 28 14 681 4
148.837 14.311 16.900 29 28 14 681 4
148.837 14.311 16.900 30 28 14 681 4
63.652 23.425 208.416 1 29 14 604 4
63.652 23.425 208.416 2 29 14 604 4
63.652 23.425 208.416 3 29 14 604 4
63.652 23.425 208.416 4 29 14 604 4
63.652 23.425 208.416 5 29 14 604 4
63.652 23.425 208.416 6 29 14 604 4
63.652 23.425 208.416 7 29 14 604 4
63.652 23.425 208.416 8 29 14 604 4
127.013 127.865 6.492 9 29 14 379 1
127.013 127.865 6.492 10 29 14 379 1
298.259 79.901 261.726 11 29 14 603 4
298.259 79.901 261.726 12 29 14 603 4
298.259 79.901 261.726 13 29 14 603 4
298.259 79.901 261.726 14 29 14 603 4
298.259 79.901 261.726 15 29 14 603 4
298.259 79.901 261.726 16 29 14 603 4
298.259 79.901 261.726 17 29 14 603 4
298.259 79.901 261.726 18 29 14 603 4
298.259 79.901 261.726 19 29 14 603 4
184.491 88.027 237.039 20 29 14 632 1
184.491 88.027 237.039 21 29 14 632 1
184.491 88.027 237.039 22 29 14 632 1
240.238 71.369 21.179 23 29 14 599 3
76.532 160.422 13.478 24 29 14 299 1
148.837 14.311 16.900 25 29 14 681 4
148.837 14.311 16.900 26 29 14 681 4
148.837 14.311 16.900 27 29 14 681 4
148.837 14.311 16.900 28 29 14 681 4
148.837 14.311 16.900 29 29 14 681 4
148.837 14.311 16.900 30 29 14 681 4
63.652 23.425 208.416 1 30 14 604 4
63.652 23.425 208.416 2 30 14 604 4
63.652 23.425 208.416 3 30 14 604 4
194.622 71.213 354.948 4 30 14 86 1
63.652 23.425 208.416 5 30 14 604 4
63.652 23.425 208.416 6 30 14 604 4
63.652 23.425 208.416 7 30 14 604 4
63.652 23.425 208.416 8 30 14 604 4
63.652 23.425 208.416 9 30 14 604 4
63.652 23.425 208.416 10 30 14 604 4
298.259 79.901 261.726 11 30 14 603 4
298.259 79.901 261.726 12 30 14 603 4
298.259 79.901 261.726 13 30 14 603 4
298.259 79.901 261.726 14 30 14 603 4
298.259 79.901 261.726 15 30 14 603 4
298.259 79.901 261.726 16 30 14 603 4
298.259 79.901 261.726 17 30 14 603 4
298.259 79.901 261.726 18 30 14 603 4
184.491 88.027 237.039 19 30 14 632 1
282.666 72.145 128.705 20 30 14 47 1
184.491 88.027 237.039 21 30 14 632 1
184.491 88.027 237.039 22 30 14 632 1
337.901 130.572 318.956 23 30 14 435 1
337.901 130.572 318.956 24 30 14 435 1
148.837 14.311 16.900 25 30 14 681 4
148.837 14.311 16.900 26 30 14 681 4
148.837 14.311 16.900 27 30 14 681 4
148.837 14.311 16.900 28 30 14 681 4
148.837 14.311 16.900 29 30 14 681 4
148.837 14.311 16.900 30 30 14 681 4
