169.168 113.403 289.277 1 1 18 683 4
169.168 113.403 289.277 2 1 18 683 4
127.668 136.992 52.862 3 1 18 237 1
169.168 113.403 289.277 4 1 18 683 4
169.168 113.403 289.277 5 1 18 683 4
169.168 113.403 289.277 6 1 18 683 4
169.168 113.403 289.277 7 1 18 683 4
260.646 129.414 357.132 8 1 18 536 2
260.646 129.414 357.132 9 1 18 536 2
260.646 129.414 357.132 10 1 18 536 2
260.646 129.414 357.132 11 1 18 536 2
260.646 129.414 357.132 12 1 18 536 2
260.646 129.414 357.132 13 1 18 536 2
122.206 158.470 347.363 14 1 18 601 4
122.206 158.470 347.363 15 1 18 601 4
122.206 158.470 347.363 16 1 18 601 4
122.206 158.470 347.363 17 1 18 601 4
122.206 158.470 347.363 18 1 18 601 4
11.898 135.995 241.679 19 1 18 613 4
11.898 135.995 241.679 20 1 18 613 4
152.087 34.567 215.997 21 1 18 597 3
152.087 34.567 215.997 22 1 18 597 3
152.087 34.567 215.997 23 1 18 597 3
152.087 34.567 215.997 24 1 18 597 3
152.087 34.567 215.997 25 1 18 597 3
262.629 82.860 266.683 26 1 18 474 1
262.629 82.860 266.683 27 1 18 474 1
262.629 82.860 266.683 28 1 18 474 1
19.754 30.859 243.155 29 1 18 366 1
19.754 30.859 243.155 30 1 18 366 1
169.168 113.403 289.277 1 2 18 683 4
169.168 113.403 289.277 2 2 18 683 4
127.668 136.992 52.862 3 2 18 237 1
169.168 113.403 289.277 4 2 18 683 4
169.168 113.403 289.277 5 2 18 683 4
169.168 113.403 289.277 6 2 18 683 4
169.168 113.403 289.277 7 2 18 683 4
169.168 113.403 289.277 8 2 18 683 4
260.646 129.414 357.132 9 2 18 536 2
260.646 129.414 357.132 10 2 18 536 2
260.646 129.414 357.132 11 2 18 536 2
260.646 129.414 357.132 12 2 18 536 2
260.646 129.414 357.132 13 2 18 536 2
260.646 129.414 357.132 14 2 18 536 2
122.206 158.470 347.363 15 2 18 601 4
122.206 158.470 347.363 16 2 18 601 4
122.206 158.470 347.363 17 2 18 601 4
122.206 158.470 347.363 18 2 18 601 4
11.898 135.995 241.679 19 2 18 613 4
11.898 135.995 241.679 20 2 18 613 4
11.898 135.995 241.679 21 2 18 613 4
152.087 34.567 215.997 22 2 18 597 3
152.087 34.567 215.997 23 2 18 597 3
152.087 34.567 215.997 24 2 18 597 3
152.087 34.567 215.997 25 2 18 597 3
152.087 34.567 215.997 26 2 18 597 3
262.629 82.860 266.683 27 2 18 474 1
262.629 82.860 266.683 28 2 18 474 1
262.629 82.860 266.683 29 2 18 474 1
19.754 30.859 243.155 30 2 18 366 1
169.168 113.403 289.277 1 3 18 683 4
169.168 113.403 289.277 2 3 18 683 4
127.668 136.992 52.862 3 3 18 237 1
169.168 113.403 289.277 4 3 18 683 4
169.168 113.403 289.277 5 3 18 683 4
169.168 113.403 289.277 6 3 18 683 4
169.168 113.403 289.277 7 3 18 683 4
169.168 113.403 289.277 8 3 18 683 4
260.646 129.414 357.132 9 3 18 536 2
260.646 129.414 357.132 10 3 18 536 2
260.646 129.414 357.132 11 3 18 536 2
260.646 129.414 357.132 12 3 18 536 2
260.646 129.414 357.132 13 3 18 536 2
260.646 129.414 357.132 14 3 18 536 2
122.206 158.470 347.363 15 3 18 601 4
122.206 158.470 347.363 16 3 18 601 4
122.206 158.470 347.363 17 3 18 601 4
122.206 158.470 347.363 18 3 18 601 4
11.898 135.995 241.679 19 3 18 613 4
11.898 135.995 241.679 20 3 18 613 4
11.898 135.995 241.679 21 3 18 613 4
152.087 34.567 215.997 22 3 18 597 3
152.087 34.567 215.997 23 3 18 597 3
152.087 34.567 215.997 24 3 18 597 3
152.087 34.567 215.997 25 3 18 597 3
152.087 34.567 215.997 26 3 18 597 3
152.087 34.567 215.997 27 3 18 597 3
262.629 82.860 266.683 28 3 18 474 1
262.629 82.860 266.683 29 3 18 474 1
19.754 30.859 243.155 30 3 18 366 1
169.168 113.403 289.277 1 4 18 683 4
169.168 113.403 289.277 2 4 18 683 4
169.168 113.403 289.277 3 4 18 683 4
169.168 113.403 289.277 4 4 18 683 4
169.168 113.403 289.277 5 4 18 683 4
169.168 113.403 289.277 6 4 18 683 4
169.168 113.403 289.277 7 4 18 683 4
169.168 113.403 289.277 8 4 18 683 4
169.168 113.403 289.277 9 4 18 683 4
260.646 129.414 357.132 10 4 18 536 2
260.646 129.414 357.132 11 4 18 536 2
260.646 129.414 357.132 12 4 18 536 2
260.646 129.414 357.132 13 4 18 536 2
336.726 138.290 213.871 14 4 18 621 4
336.726 138.290 213.871 15 4 18 621 4
122.206 158.470 347.363 16 4 18 601 4
122.206 158.470 347.363 17 4 18 601 4
122.206 158.470 347.363 18 4 18 601 4
11.898 135.995 241.679 19 4 18 613 4
11.898 135.995 241.679 20 4 18 613 4
11.898 135.995 241.679 21 4 18 613 4
152.087 34.567 215.997 22 4 18 597 3
152.087 34.567 215.997 23 4 18 597 3
152.087 34.567 215.997 24 4 18 597 3
152.087 34.567 215.997 25 4 18 597 3
152.087 34.567 215.997 26 4 18 597 3
152.087 34.567 215.997 27 4 18 597 3
152.087 34.567 215.997 28 4 18 597 3
152.087 34.567 215.997 29 4 18 597 3
19.754 30.859 243.155 30 4 18 366 1
169.168 113.403 289.277 1 5 18 683 4
169.168 113.403 289.277 2 5 18 683 4
169.168 113.403 289.277 3 5 18 683 4
169.168 113.403 289.277 4 5 18 683 4
169.168 113.403 289.277 5 5 18 683 4
169.168 113.403 289.277 6 5 18 683 4
169.168 113.403 289.277 7 5 18 683 4
169.168 113.403 289.277 8 5 18 683 4
169.168 113.403 289.277 9 5 18 683 4
336.726 138.290 213.871 10 5 18 621 4
336.726 138.290 213.871 11 5 18 621 4
336.726 138.290 213.871 12 5 18 621 4
336.726 138.290 213.871 13 5 18 621 4
336.726 138.290 213.871 14 5 18 621 4
336.726 138.290 213.871 15 5 18 621 4
336.726 138.290 213.871 16 5 18 621 4
336.726 138.290 213.871 17 5 18 621 4
336.726 138.290 213.871 18 5 18 621 4
11.898 135.995 241.679 19 5 18 613 4
11.898 135.995 241.679 20 5 18 613 4
11.898 135.995 241.679 21 5 18 613 4
152.087 34.567 215.997 22 5 18 597 3
152.087 34.567 215.997 23 5 18 597 3
152.087 34.567 215.997 24 5 18 597 3
152.087 34.567 215.997 25 5 18 597 3
152.087 34.567 215.997 26 5 18 597 3
152.087 34.567 215.997 27 5 18 597 3
152.087 34.567 215.997 28 5 18 597 3
152.087 34.567 215.997 29 5 18 597 3
152.087 34.567 215.997 30 5 18 597 3
169.168 113.403 289.277 1 6 18 683 4
169.168 113.403 289.277 2 6 18 683 4
169.168 113.403 289.277 3 6 18 683 4
48.335 143.077 37.213 4 6 18 439 1
169.168 113.403 289.277 5 6 18 683 4
169.168 113.403 289.277 6 6 18 683 4
169.168 113.403 289.277 7 6 18 683 4
169.168 113.403 289.277 8 6 18 683 4
336.726 138.290 213.871 9 6 18 621 4
336.726 138.290 213.871 10 6 18 621 4
336.726 138.290 213.871 11 6 18 621 4
336.726 138.290 213.871 12 6 18 621 4
336.726 138.290 213.871 13 6 18 621 4
336.726 138.290 213.871 14 6 18 621 4
336.726 138.290 213.871 15 6 18 621 4
336.726 138.290 213.871 16 6 18 621 4
336.726 138.290 213.871 17 6 18 621 4
336.726 138.290 213.871 18 6 18 621 4
336.726 138.290 213.871 19 6 18 621 4
138.740 139.727 115.650 20 6 18 657 1
138.740 139.727 115.650 21 6 18 657 1
236.999 78.181 25.678 22 6 18 541 2
152.087 34.567 215.997 23 6 18 597 3
152.087 34.567 215.997 24 6 18 597 3
152.087 34.567 215.997 25 6 18 597 3
152.087 34.567 215.997 26 6 18 597 3
152.087 34.567 215.997 27 6 18 597 3
152.087 34.567 215.997 28 6 18 597 3
152.087 34.567 215.997 29 6 18 597 3
152.087 34.567 215.997 30 6 18 597 3
169.168 113.403 289.277 1 7 18 683 4
169.168 113.403 289.277 2 7 18 683 4
169.168 113.403 289.277 3 7 18 683 4
169.168 113.403 289.277 4 7 18 683 4
169.168 113.403 289.277 5 7 18 683 4
169.168 113.403 289.277 6 7 18 683 4
169.168 113.403 289.277 7 7 18 683 4
336.726 138.290 213.871 8 7 18 621 4
336.726 138.290 213.871 9 7 18 621 4
336.726 138.290 213.871 10 7 18 621 4
336.726 138.290 213.871 11 7 18 621 4
336.726 138.290 213.871 12 7 18 621 4
336.726 138.290 213.871 13 7 18 621 4
336.726 138.290 213.871 14 7 18 621 4
336.726 138.290 213.871 15 7 18 621 4
336.726 138.290 213.871 16 7 18 621 4
336.726 138.290 213.871 17 7 18 621 4
336.726 138.290 213.871 18 7 18 621 4
336.726 138.290 213.871 19 7 18 621 4
138.740 139.727 115.650 20 7 18 657 1
138.740 139.727 115.650 21 7 18 657 1
138.740 139.727 115.650 22 7 18 657 1
152.087 34.567 215.997 23 7 18 597 3
152.087 34.567 215.997 24 7 18 597 3
152.087 34.567 215.997 25 7 18 597 3
152.087 34.567 215.997 26 7 18 597 3
152.087 34.567 215.997 27 7 18 597 3
152.087 34.567 215.997 28 7 18 597 3
152.087 34.567 215.997 29 7 18 597 3
152.087 34.567 215.997 30 7 18 597 3
169.168 113.403 289.277 1 8 18 683 4
169.168 113.403 289.277 2 8 18 683 4
169.168 113.403 289.277 3 8 18 683 4
169.168 113.403 289.277 4 8 18 683 4
169.168 113.403 289.277 5 8 18 683 4
169.168 113.403 289.277 6 8 18 683 4
336.726 138.290 213.871 7 8 18 621 4
336.726 138.290 213.871 8 8 18 621 4
336.726 138.290 213.871 9 8 18 621 4
336.726 138.290 213.871 10 8 18 621 4
336.726 138.290 213.871 11 8 18 621 4
336.726 138.290 213.871 12 8 18 621 4
336.726 138.290 213.871 13 8 18 621 4
336.726 138.290 213.871 14 8 18 621 4
336.726 138.290 213.871 15 8 18 621 4
336.726 138.290 213.871 16 8 18 621 4
336.726 138.290 213.871 17 8 18 621 4
336.726 138.290 213.871 18 8 18 621 4
336.726 138.290 213.871 19 8 18 621 4
145.326 44.269 71.271 20 8 18 370 1
138.740 139.727 115.650 21 8 18 657 1
92.426 102.862 302.898 22 8 18 580 2
319.668 132.414 289.067 23 8 18 105 1
152.087 34.567 215.997 24 8 18 597 3
152.087 34.567 215.997 25 8 18 597 3
152.087 34.567 215.997 26 8 18 597 3
327.600 58.183 177.162 27 8 18 204 1
152.087 34.567 215.997 28 8 18 597 3
152.087 34.567 215.997 29 8 18 597 3
152.087 34.567 215.997 30 8 18 597 3
146.874 149.391 184.045 1 9 18 612 4
146.874 149.391 184.045 2 9 18 612 4
146.874 149.391 184.045 3 9 18 612 4
146.874 149.391 184.045 4 9 18 612 4
146.874 149.391 184.045 5 9 18 612 4
146.874 149.391 184.045 6 9 18 612 4
336.726 138.290 213.871 7 9 18 621 4
336.726 138.290 213.871 8 9 18 621 4
336.726 138.290 213.871 9 9 18 621 4
336.726 138.290 213.871 10 9 18 621 4
336.726 138.290 213.871 11 9 18 621 4
336.726 138.290 213.871 12 9 18 621 4
336.726 138.290 213.871 13 9 18 621 4
336.726 138.290 213.871 14 9 18 621 4
336.726 138.290 213.871 15 9 18 621 4
336.726 138.290 213.871 16 9 18 621 4
336.726 138.290 213.871 17 9 18 621 4
355.975 19.486 188.350 18 9 18 324 1
355.975 19.486 188.350 19 9 18 324 1
138.740 139.727 115.650 20 9 18 657 1
92.426 102.862 302.898 21 9 18 580 2
92.426 102.862 302.898 22 9 18 580 2
319.668 132.414 289.067 23 9 18 105 1
319.668 132.414 289.067 24 9 18 105 1
240.238 71.369 21.179 25 9 18 599 3
327.600 58.183 177.162 26 9 18 204 1
327.600 58.183 177.162 27 9 18 204 1
327.600 58.183 177.162 28 9 18 204 1
152.087 34.567 215.997 29 9 18 597 3
152.087 34.567 215.997 30 9 18 597 3
146.874 149.391 184.045 1 10 18 612 4
146.874 149.391 184.045 2 10 18 612 4
146.874 149.391 184.045 3 10 18 612 4
146.874 149.391 184.045 4 10 18 612 4
146.874 149.391 184.045 5 10 18 612 4
146.874 149.391 184.045 6 10 18 612 4
336.726 138.290 213.871 7 10 18 621 4
336.726 138.290 213.871 8 10 18 621 4
336.726 138.290 213.871 9 10 18 621 4
336.726 138.290 213.871 10 10 18 621 4
336.726 138.290 213.871 11 10 18 621 4
336.726 138.290 213.871 12 10 18 621 4
336.726 138.290 213.871 13 10 18 621 4
336.726 138.290 213.871 14 10 18 621 4
336.726 138.290 213.871 15 10 18 621 4
336.726 138.290 213.871 16 10 18 621 4
336.726 138.290 213.871 17 10 18 621 4
336.726 138.290 213.871 18 10 18 621 4
336.726 138.290 213.871 19 10 18 621 4
240.238 71.369 21.179 20 10 18 599 3
92.426 102.862 302.898 21 10 18 580 2
92.426 102.862 302.898 22 10 18 580 2
240.238 71.369 21.179 23 10 18 599 3
240.238 71.369 21.179 24 10 18 599 3
240.238 71.369 21.179 25 10 18 599 3
240.238 71.369 21.179 26 10 18 599 3
327.600 58.183 177.162 27 10 18 204 1
256.964 101.957 97.281 28 10 18 51 1
240.238 71.369 21.179 29 10 18 599 3
280.387 93.504 354.251 30 10 18 582 2
146.874 149.391 184.045 1 11 18 612 4
146.874 149.391 184.045 2 11 18 612 4
146.874 149.391 184.045 3 11 18 612 4
146.874 149.391 184.045 4 11 18 612 4
146.874 149.391 184.045 5 11 18 612 4
146.874 149.391 184.045 6 11 18 612 4
146.874 149.391 184.045 7 11 18 612 4
336.726 138.290 213.871 8 11 18 621 4
336.726 138.290 213.871 9 11 18 621 4
336.726 138.290 213.871 10 11 18 621 4
336.726 138.290 213.871 11 11 18 621 4
336.726 138.290 213.871 12 11 18 621 4
336.726 138.290 213.871 13 11 18 621 4
336.726 138.290 213.871 14 11 18 621 4
336.726 138.290 213.871 15 11 18 621 4
336.726 138.290 213.871 16 11 18 621 4
336.726 138.290 213.871 17 11 18 621 4
286.416 134.906 135.037 18 11 18 590 2
240.238 71.369 21.179 19 11 18 599 3
240.238 71.369 21.179 20 11 18 599 3
240.238 71.369 21.179 21 11 18 599 3
240.238 71.369 21.179 22 11 18 599 3
240.238 71.369 21.179 23 11 18 599 3
240.238 71.369 21.179 24 11 18 599 3
240.238 71.369 21.179 25 11 18 599 3
240.238 71.369 21.179 26 11 18 599 3
240.238 71.369 21.179 27 11 18 599 3
240.238 71.369 21.179 28 11 18 599 3
240.238 71.369 21.179 29 11 18 599 3
240.238 71.369 21.179 30 11 18 599 3
146.874 149.391 184.045 1 12 18 612 4
146.874 149.391 184.045 2 12 18 612 4
146.874 149.391 184.045 3 12 18 612 4
146.874 149.391 184.045 4 12 18 612 4
146.874 149.391 184.045 5 12 18 612 4
146.874 149.391 184.045 6 12 18 612 4
146.874 149.391 184.045 7 12 18 612 4
336.726 138.290 213.871 8 12 18 621 4
336.726 138.290 213.871 9 12 18 621 4
336.726 138.290 213.871 10 12 18 621 4
336.726 138.290 213.871 11 12 18 621 4
336.726 138.290 213.871 12 12 18 621 4
336.726 138.290 213.871 13 12 18 621 4
336.726 138.290 213.871 14 12 18 621 4
336.726 138.290 213.871 15 12 18 621 4
57.285 159.389 73.715 16 12 18 273 1
240.238 71.369 21.179 17 12 18 599 3
286.416 134.906 135.037 18 12 18 590 2
240.238 71.369 21.179 19 12 18 599 3
240.238 71.369 21.179 20 12 18 599 3
240.238 71.369 21.179 21 12 18 599 3
240.238 71.369 21.179 22 12 18 599 3
240.238 71.369 21.179 23 12 18 599 3
240.238 71.369 21.179 24 12 18 599 3
240.238 71.369 21.179 25 12 18 599 3
240.238 71.369 21.179 26 12 18 599 3
240.238 71.369 21.179 27 12 18 599 3
240.238 71.369 21.179 28 12 18 599 3
240.238 71.369 21.179 29 12 18 599 3
240.238 71.369 21.179 30 12 18 599 3
146.874 149.391 184.045 1 13 18 612 4
146.874 149.391 184.045 2 13 18 612 4
146.874 149.391 184.045 3 13 18 612 4
146.874 149.391 184.045 4 13 18 612 4
146.874 149.391 184.045 5 13 18 612 4
146.874 149.391 184.045 6 13 18 612 4
146.874 149.391 184.045 7 13 18 612 4
146.874 149.391 184.045 8 13 18 612 4
336.726 138.290 213.871 9 13 18 621 4
336.726 138.290 213.871 10 13 18 621 4
336.726 138.290 213.871 11 13 18 621 4
336.726 138.290 213.871 12 13 18 621 4
336.726 138.290 213.871 13 13 18 621 4
336.726 138.290 213.871 14 13 18 621 4
240.238 71.369 21.179 15 13 18 599 3
240.238 71.369 21.179 16 13 18 599 3
240.238 71.369 21.179 17 13 18 599 3
240.238 71.369 21.179 18 13 18 599 3
240.238 71.369 21.179 19 13 18 599 3
240.238 71.369 21.179 20 13 18 599 3
240.238 71.369 21.179 21 13 18 599 3
240.238 71.369 21.179 22 13 18 599 3
240.238 71.369 21.179 23 13 18 599 3
240.238 71.369 21.179 24 13 18 599 3
240.238 71.369 21.179 25 13 18 599 3
240.238 71.369 21.179 26 13 18 599 3
240.238 71.369 21.179 27 13 18 599 3
240.238 71.369 21.179 28 13 18 599 3
240.238 71.369 21.179 29 13 18 599 3
240.238 71.369 21.179 30 13 18 599 3
146.874 149.391 184.045 1 14 18 612 4
146.874 149.391 184.045 2 14 18 612 4
146.874 149.391 184.045 3 14 18 612 4
146.874 149.391 184.045 4 14 18 612 4
146.874 149.391 184.045 5 14 18 612 4
120.197 157.809 216.259 6 14 18 498 2
146.874 149.391 184.045 7 14 18 612 4
146.874 149.391 184.045 8 14 18 612 4
336.726 138.290 213.871 9 14 18 621 4
336.726 138.290 213.871 10 14 18 621 4
336.726 138.290 213.871 11 14 18 621 4
240.238 71.369 21.179 12 14 18 599 3
240.238 71.369 21.179 13 14 18 599 3
240.238 71.369 21.179 14 14 18 599 3
240.238 71.369 21.179 15 14 18 599 3
240.238 71.369 21.179 16 14 18 599 3
240.238 71.369 21.179 17 14 18 599 3
240.238 71.369 21.179 18 14 18 599 3
240.238 71.369 21.179 19 14 18 599 3
240.238 71.369 21.179 20 14 18 599 3
240.238 71.369 21.179 21 14 18 599 3
240.238 71.369 21.179 22 14 18 599 3
240.238 71.369 21.179 23 14 18 599 3
240.238 71.369 21.179 24 14 18 599 3
240.238 71.369 21.179 25 14 18 599 3
240.238 71.369 21.179 26 14 18 599 3
240.238 71.369 21.179 27 14 18 599 3
240.238 71.369 21.179 28 14 18 599 3
240.238 71.369 21.179 29 14 18 599 3
240.238 71.369 21.179 30 14 18 599 3
146.874 149.391 184.045 1 15 18 612 4
146.874 149.391 184.045 2 15 18 612 4
146.874 149.391 184.045 3 15 18 612 4
146.874 149.391 184.045 4 15 18 612 4
146.874 149.391 184.045 5 15 18 612 4
146.874 149.391 184.045 6 15 18 612 4
146.874 149.391 184.045 7 15 18 612 4
146.874 149.391 184.045 8 15 18 612 4
146.874 149.391 184.045 9 15 18 612 4
336.726 138.290 213.871 10 15 18 621 4
240.238 71.369 21.179 11 15 18 599 3
240.238 71.369 21.179 12 15 18 599 3
240.238 71.369 21.179 13 15 18 599 3
240.238 71.369 21.179 14 15 18 599 3
240.238 71.369 21.179 15 15 18 599 3
240.238 71.369 21.179 16 15 18 599 3
240.238 71.369 21.179 17 15 18 599 3
240.238 71.369 21.179 18 15 18 599 3
240.238 71.369 21.179 19 15 18 599 3
240.238 71.369 21.179 20 15 18 599 3
240.238 71.369 21.179 21 15 18 599 3
240.238 71.369 21.179 22 15 18 599 3
240.238 71.369 21.179 23 15 18 599 3
240.238 71.369 21.179 24 15 18 599 3
240.238 71.369 21.179 25 15 18 599 3
240.238 71.369 21.179 26 15 18 599 3
240.238 71.369 21.179 27 15 18 599 3
240.238 71.369 21.179 28 15 18 599 3
240.238 71.369 21.179 29 15 18 599 3
240.238 71.369 21.179 30 15 18 599 3
146.874 149.391 184.045 1 16 18 612 4
146.874 149.391 184.045 2 16 18 612 4
146.874 149.391 184.045 3 16 18 612 4
146.874 149.391 184.045 4 16 18 612 4
146.874 149.391 184.045 5 16 18 612 4
146.874 149.391 184.045 6 16 18 612 4
146.874 149.391 184.045 7 16 18 612 4
146.874 149.391 184.045 8 16 18 612 4
146.874 149.391 184.045 9 16 18 612 4
240.238 71.369 21.179 10 16 18 599 3
240.238 71.369 21.179 11 16 18 599 3
240.238 71.369 21.179 12 16 18 599 3
240.238 71.369 21.179 13 16 18 599 3
240.238 71.369 21.179 14 16 18 599 3
240.238 71.369 21.179 15 16 18 599 3
240.238 71.369 21.179 16 16 18 599 3
240.238 71.369 21.179 17 16 18 599 3
240.238 71.369 21.179 18 16 18 599 3
240.238 71.369 21.179 19 16 18 599 3
240.238 71.369 21.179 20 16 18 599 3
240.238 71.369 21.179 21 16 18 599 3
240.238 71.369 21.179 22 16 18 599 3
240.238 71.369 21.179 23 16 18 599 3
240.238 71.369 21.179 24 16 18 599 3
240.238 71.369 21.179 25 16 18 599 3
240.238 71.369 21.179 26 16 18 599 3
240.238 71.369 21.179 27 16 18 599 3
240.238 71.369 21.179 28 16 18 599 3
240.238 71.369 21.179 29 16 18 599 3
240.238 71.369 21.179 30 16 18 599 3
146.874 149.391 184.045 1 17 18 612 4
146.874 149.391 184.045 2 17 18 612 4
146.874 149.391 184.045 3 17 18 612 4
145.874 139.981 93.368 4 17 18 97 1
146.874 149.391 184.045 5 17 18 612 4
146.874 149.391 184.045 6 17 18 612 4
146.874 149.391 184.045 7 17 18 612 4
146.874 149.391 184.045 8 17 18 612 4
146.874 149.391 184.045 9 17 18 612 4
240.238 71.369 21.179 10 17 18 599 3
240.238 71.369 21.179 11 17 18 599 3
97.144 93.107 0.503 12 17 18 483 2
240.238 71.369 21.179 13 17 18 599 3
240.238 71.369 21.179 14 17 18 599 3
240.238 71.369 21.179 15 17 18 599 3
240.238 71.369 21.179 16 17 18 599 3
240.238 71.369 21.179 17 17 18 599 3
240.238 71.369 21.179 18 17 18 599 3
240.238 71.369 21.179 19 17 18 599 3
240.238 71.369 21.179 20 17 18 599 3
240.238 71.369 21.179 21 17 18 599 3
240.238 71.369 21.179 22 17 18 599 3
240.238 71.369 21.179 23 17 18 599 3
240.238 71.369 21.179 24 17 18 599 3
240.238 71.369 21.179 25 17 18 599 3
240.238 71.369 21.179 26 17 18 599 3
240.238 71.369 21.179 27 17 18 599 3
240.238 71.369 21.179 28 17 18 599 3
240.238 71.369 21.179 29 17 18 599 3
240.238 71.369 21.179 30 17 18 599 3
146.874 149.391 184.045 1 18 18 612 4
146.874 149.391 184.045 2 18 18 612 4
146.874 149.391 184.045 3 18 18 612 4
145.874 139.981 93.368 4 18 18 97 1
146.874 149.391 184.045 5 18 18 612 4
146.874 149.391 184.045 6 18 18 612 4
146.874 149.391 184.045 7 18 18 612 4
141.156 47.781 80.029 8 18 18 248 1
240.238 71.369 21.179 9 18 18 599 3
240.238 71.369 21.179 10 18 18 599 3
240.238 71.369 21.179 11 18 18 599 3
97.144 93.107 0.503 12 18 18 483 2
240.238 71.369 21.179 13 18 18 599 3
240.238 71.369 21.179 14 18 18 599 3
240.238 71.369 21.179 15 18 18 599 3
240.238 71.369 21.179 16 18 18 599 3
240.238 71.369 21.179 17 18 18 599 3
240.238 71.369 21.179 18 18 18 599 3
240.238 71.369 21.179 19 18 18 599 3
240.238 71.369 21.179 20 18 18 599 3
240.238 71.369 21.179 21 18 18 599 3
240.238 71.369 21.179 22 18 18 599 3
240.238 71.369 21.179 23 18 18 599 3
240.238 71.369 21.179 24 18 18 599 3
240.238 71.369 21.179 25 18 18 599 3
240.238 71.369 21.179 26 18 18 599 3
240.238 71.369 21.179 27 18 18 599 3
240.238 71.369 21.179 28 18 18 599 3
240.238 71.369 21.179 29 18 18 599 3
240.238 71.369 21.179 30 18 18 599 3
146.874 149.391 184.045 1 19 18 612 4
146.874 149.391 184.045 2 19 18 612 4
146.874 149.391 184.045 3 19 18 612 4
145.874 139.981 93.368 4 19 18 97 1
146.874 149.391 184.045 5 19 18 612 4
146.874 149.391 184.045 6 19 18 612 4
141.156 47.781 80.029 7 19 18 248 1
141.156 47.781 80.029 8 19 18 248 1
141.156 47.781 80.029 9 19 18 248 1
240.238 71.369 21.179 10 19 18 599 3
240.238 71.369 21.179 11 19 18 599 3
97.144 93.107 0.503 12 19 18 483 2
240.238 71.369 21.179 13 19 18 599 3
240.238 71.369 21.179 14 19 18 599 3
240.238 71.369 21.179 15 19 18 599 3
240.238 71.369 21.179 16 19 18 599 3
240.238 71.369 21.179 17 19 18 599 3
240.238 71.369 21.179 18 19 18 599 3
240.238 71.369 21.179 19 19 18 599 3
240.238 71.369 21.179 20 19 18 599 3
240.238 71.369 21.179 21 19 18 599 3
240.238 71.369 21.179 22 19 18 599 3
240.238 71.369 21.179 23 19 18 599 3
240.238 71.369 21.179 24 19 18 599 3
240.238 71.369 21.179 25 19 18 599 3
240.238 71.369 21.179 26 19 18 599 3
240.238 71.369 21.179 27 19 18 599 3
240.238 71.369 21.179 28 19 18 599 3
240.238 71.369 21.179 29 19 18 599 3
240.238 71.369 21.179 30 19 18 599 3
146.874 149.391 184.045 1 20 18 612 4
146.874 149.391 184.045 2 20 18 612 4
146.874 149.391 184.045 3 20 18 612 4
39.683 101.845 93.007 4 20 18 605 4
39.683 101.845 93.007 5 20 18 605 4
39.683 101.845 93.007 6 20 18 605 4
141.156 47.781 80.029 7 20 18 248 1
141.156 47.781 80.029 8 20 18 248 1
141.156 47.781 80.029 9 20 18 248 1
240.238 71.369 21.179 10 20 18 599 3
240.238 71.369 21.179 11 20 18 599 3
240.238 71.369 21.179 12 20 18 599 3
240.238 71.369 21.179 13 20 18 599 3
240.238 71.369 21.179 14 20 18 599 3
240.238 71.369 21.179 15 20 18 599 3
240.238 71.369 21.179 16 20 18 599 3
240.238 71.369 21.179 17 20 18 599 3
240.238 71.369 21.179 18 20 18 599 3
240.238 71.369 21.179 19 20 18 599 3
240.238 71.369 21.179 20 20 18 599 3
240.238 71.369 21.179 21 20 18 599 3
240.238 71.369 21.179 22 20 18 599 3
240.238 71.369 21.179 23 20 18 599 3
240.238 71.369 21.179 24 20 18 599 3
240.238 71.369 21.179 25 20 18 599 3
240.238 71.369 21.179 26 20 18 599 3
240.238 71.369 21.179 27 20 18 599 3
240.238 71.369 21.179 28 20 18 599 3
240.238 71.369 21.179 29 20 18 599 3
240.238 71.369 21.179 30 20 18 599 3
146.874 149.391 184.045 1 21 18 612 4
39.683 101.845 93.007 2 21 18 605 4
39.683 101.845 93.007 3 21 18 605 4
39.683 101.845 93.007 4 21 18 605 4
39.683 101.845 93.007 5 21 18 605 4
39.683 101.845 93.007 6 21 18 605 4
39.683 101.845 93.007 7 21 18 605 4
141.156 47.781 80.029 8 21 18 248 1
70.829 111.443 23.545 9 21 18 372 1
162.501 87.637 80.448 10 21 18 320 1
240.238 71.369 21.179 11 21 18 599 3
240.238 71.369 21.179 12 21 18 599 3
240.238 71.369 21.179 13 21 18 599 3
240.238 71.369 21.179 14 21 18 599 3
240.238 71.369 21.179 15 21 18 599 3
240.238 71.369 21.179 16 21 18 599 3
240.238 71.369 21.179 17 21 18 599 3
240.238 71.369 21.179 18 21 18 599 3
240.238 71.369 21.179 19 21 18 599 3
240.238 71.369 21.179 20 21 18 599 3
240.238 71.369 21.179 21 21 18 599 3
240.238 71.369 21.179 22 21 18 599 3
240.238 71.369 21.179 23 21 18 599 3
240.238 71.369 21.179 24 21 18 599 3
240.238 71.369 21.179 25 21 18 599 3
240.238 71.369 21.179 26 21 18 599 3
240.238 71.369 21.179 27 21 18 599 3
240.238 71.369 21.179 28 21 18 599 3
240.238 71.369 21.179 29 21 18 599 3
240.238 71.369 21.179 30 21 18 599 3
39.683 101.845 93.007 1 22 18 605 4
39.683 101.845 93.007 2 22 18 605 4
39.683 101.845 93.007 3 22 18 605 4
39.683 101.845 93.007 4 22 18 605 4
63.652 23.425 208.416 5 22 18 604 4
63.652 23.425 208.416 6 22 18 604 4
63.652 23.425 208.416 7 22 18 604 4
63.652 23.425 208.416 8 22 18 604 4
162.501 87.637 80.448 9 22 18 320 1
162.501 87.637 80.448 10 22 18 320 1
162.501 87.637 80.448 11 22 18 320 1
240.238 71.369 21.179 12 22 18 599 3
240.238 71.369 21.179 13 22 18 599 3
240.238 71.369 21.179 14 22 18 599 3
240.238 71.369 21.179 15 22 18 599 3
240.238 71.369 21.179 16 22 18 599 3
240.238 71.369 21.179 17 22 18 599 3
240.238 71.369 21.179 18 22 18 599 3
240.238 71.369 21.179 19 22 18 599 3
240.238 71.369 21.179 20 22 18 599 3
240.238 71.369 21.179 21 22 18 599 3
240.238 71.369 21.179 22 22 18 599 3
240.238 71.369 21.179 23 22 18 599 3
240.238 71.369 21.179 24 22 18 599 3
240.238 71.369 21.179 25 22 18 599 3
240.238 71.369 21.179 26 22 18 599 3
240.238 71.369 21.179 27 22 18 599 3
240.238 71.369 21.179 28 22 18 599 3
240.238 71.369 21.179 29 22 18 599 3
240.238 71.369 21.179 30 22 18 599 3
63.652 23.425 208.416 1 23 18 604 4
63.652 23.425 208.416 2 23 18 604 4
63.652 23.425 208.416 3 23 18 604 4
63.652 23.425 208.416 4 23 18 604 4
63.652 23.425 208.416 5 23 18 604 4
63.652 23.425 208.416 6 23 18 604 4
63.652 23.425 208.416 7 23 18 604 4
63.652 23.425 208.416 8 23 18 604 4
63.652 23.425 208.416 9 23 18 604 4
162.501 87.637 80.448 10 23 18 320 1
240.238 71.369 21.179 11 23 18 599 3
240.238 71.369 21.179 12 23 18 599 3
240.238 71.369 21.179 13 23 18 599 3
240.238 71.369 21.179 14 23 18 599 3
240.238 71.369 21.179 15 23 18 599 3
240.238 71.369 21.179 16 23 18 599 3
240.238 71.369 21.179 17 23 18 599 3
240.238 71.369 21.179 18 23 18 599 3
240.238 71.369 21.179 19 23 18 599 3
240.238 71.369 21.179 20 23 18 599 3
240.238 71.369 21.179 21 23 18 599 3
240.238 71.369 21.179 22 23 18 599 3
240.238 71.369 21.179 23 23 18 599 3
240.238 71.369 21.179 24 23 18 599 3
240.238 71.369 21.179 25 23 18 599 3
240.238 71.369 21.179 26 23 18 599 3
240.238 71.369 21.179 27 23 18 599 3
240.238 71.369 21.179 28 23 18 599 3
240.238 71.369 21.179 29 23 18 599 3
240.238 71.369 21.179 30 23 18 599 3
63.652 23.425 208.416 1 24 18 604 4
63.652 23.425 208.416 2 24 18 604 4
63.652 23.425 208.416 3 24 18 604 4
63.652 23.425 208.416 4 24 18 604 4
63.652 23.425 208.416 5 24 18 604 4
63.652 23.425 208.416 6 24 18 604 4
63.652 23.425 208.416 7 24 18 604 4
63.652 23.425 208.416 8 24 18 604 4
63.652 23.425 208.416 9 24 18 604 4
63.652 23.425 208.416 10 24 18 604 4
63.652 23.425 208.416 11 24 18 604 4
63.652 23.425 208.416 12 24 18 604 4
240.238 71.369 21.179 13 24 18 599 3
240.238 71.369 21.179 14 24 18 599 3
240.238 71.369 21.179 15 24 18 599 3
240.238 71.369 21.179 16 24 18 599 3
240.238 71.369 21.179 17 24 18 599 3
240.238 71.369 21.179 18 24 18 599 3
240.238 71.369 21.179 19 24 18 599 3
240.238 71.369 21.179 20 24 18 599 3
240.238 71.369 21.179 21 24 18 599 3
240.238 71.369 21.179 22 24 18 599 3
240.238 71.369 21.179 23 24 18 599 3
240.238 71.369 21.179 24 24 18 599 3
240.238 71.369 21.179 25 24 18 599 3
240.238 71.369 21.179 26 24 18 599 3
240.238 71.369 21.179 27 24 18 599 3
240.238 71.369 21.179 28 24 18 599 3
240.238 71.369 21.179 29 24 18 599 3
240.238 71.369 21.179 30 24 18 599 3
63.652 23.425 208.416 1 25 18 604 4
63.652 23.425 208.416 2 25 18 604 4
63.652 23.425 208.416 3 25 18 604 4
63.652 23.425 208.416 4 25 18 604 4
63.652 23.425 208.416 5 25 18 604 4
63.652 23.425 208.416 6 25 18 604 4
63.652 23.425 208.416 7 25 18 604 4
63.652 23.425 208.416 8 25 18 604 4
63.652 23.425 208.416 9 25 18 604 4
63.652 23.425 208.416 10 25 18 604 4
63.652 23.425 208.416 11 25 18 604 4
63.652 23.425 208.416 12 25 18 604 4
240.238 71.369 21.179 13 25 18 599 3
240.238 71.369 21.179 14 25 18 599 3
240.238 71.369 21.179 15 25 18 599 3
240.238 71.369 21.179 16 25 18 599 3
240.238 71.369 21.179 17 25 18 599 3
240.238 71.369 21.179 18 25 18 599 3
240.238 71.369 21.179 19 25 18 599 3
240.238 71.369 21.179 20 25 18 599 3
240.238 71.369 21.179 21 25 18 599 3
240.238 71.369 21.179 22 25 18 599 3
240.238 71.369 21.179 23 25 18 599 3
240.238 71.369 21.179 24 25 18 599 3
240.238 71.369 21.179 25 25 18 599 3
240.238 71.369 21.179 26 25 18 599 3
240.238 71.369 21.179 27 25 18 599 3
240.238 71.369 21.179 28 25 18 599 3
240.238 71.369 21.179 29 25 18 599 3
240.238 71.369 21.179 30 25 18 599 3
63.652 23.425 208.416 1 26 18 604 4
63.652 23.425 208.416 2 26 18 604 4
63.652 23.425 208.416 3 26 18 604 4
63.652 23.425 208.416 4 26 18 604 4
63.652 23.425 208.416 5 26 18 604 4
209.194 99.147 13.314 6 26 18 236 1
63.652 23.425 208.416 7 26 18 604 4
63.652 23.425 208.416 8 26 18 604 4
63.652 23.425 208.416 9 26 18 604 4
63.652 23.425 208.416 10 26 18 604 4
63.652 23.425 208.416 11 26 18 604 4
143.611 113.591 308.855 12 26 18 238 1
63.652 23.425 208.416 13 26 18 604 4
240.238 71.369 21.179 14 26 18 599 3
240.238 71.369 21.179 15 26 18 599 3
240.238 71.369 21.179 16 26 18 599 3
240.238 71.369 21.179 17 26 18 599 3
240.238 71.369 21.179 18 26 18 599 3
240.238 71.369 21.179 19 26 18 599 3
240.238 71.369 21.179 20 26 18 599 3
240.238 71.369 21.179 21 26 18 599 3
240.238 71.369 21.179 22 26 18 599 3
240.238 71.369 21.179 23 26 18 599 3
240.238 71.369 21.179 24 26 18 599 3
240.238 71.369 21.179 25 26 18 599 3
240.238 71.369 21.179 26 26 18 599 3
240.238 71.369 21.179 27 26 18 599 3
240.238 71.369 21.179 28 26 18 599 3
240.238 71.369 21.179 29 26 18 599 3
240.238 71.369 21.179 30 26 18 599 3
63.652 23.425 208.416 1 27 18 604 4
63.652 23.425 208.416 2 27 18 604 4
63.652 23.425 208.416 3 27 18 604 4
63.652 23.425 208.416 4 27 18 604 4
63.652 23.425 208.416 5 27 18 604 4
63.652 23.425 208.416 6 27 18 604 4
63.652 23.425 208.416 7 27 18 604 4
63.652 23.425 208.416 8 27 18 604 4
63.652 23.425 208.416 9 27 18 604 4
63.652 23.425 208.416 10 27 18 604 4
63.652 23.425 208.416 11 27 18 604 4
63.652 23.425 208.416 12 27 18 604 4
63.652 23.425 208.416 13 27 18 604 4
63.652 23.425 208.416 14 27 18 604 4
240.238 71.369 21.179 15 27 18 599 3
240.238 71.369 21.179 16 27 18 599 3
240.238 71.369 21.179 17 27 18 599 3
240.238 71.369 21.179 18 27 18 599 3
240.238 71.369 21.179 19 27 18 599 3
240.238 71.369 21.179 20 27 18 599 3
240.238 71.369 21.179 21 27 18 599 3
240.238 71.369 21.179 22 27 18 599 3
240.238 71.369 21.179 23 27 18 599 3
240.238 71.369 21.179 24 27 18 599 3
240.238 71.369 21.179 25 27 18 599 3
240.238 71.369 21.179 26 27 18 599 3
240.238 71.369 21.179 27 27 18 599 3
240.238 71.369 21.179 28 27 18 599 3
240.238 71.369 21.179 29 27 18 599 3
240.238 71.369 21.179 30 27 18 599 3
63.652 23.425 208.416 1 28 18 604 4
63.652 23.425 208.416 2 28 18 604 4
63.652 23.425 208.416 3 28 18 604 4
63.652 23.425 208.416 4 28 18 604 4
63.652 23.425 208.416 5 28 18 604 4
63.652 23.425 208.416 6 28 18 604 4
63.652 23.425 208.416 7 28 18 604 4
63.652 23.425 208.416 8 28 18 604 4
63.652 23.425 208.416 9 28 18 604 4
63.652 23.425 208.416 10 28 18 604 4
63.652 23.425 208.416 11 28 18 604 4
63.652 23.425 208.416 12 28 18 604 4
63.652 23.425 208.416 13 28 18 604 4
63.652 23.425 208.416 14 28 18 604 4
283.313 56.048 206.064 15 28 18 29 1
283.313 56.048 206.064 16 28 18 29 1
329.004 10.911 349.036 17 28 18 75 1
240.238 71.369 21.179 18 28 18 599 3
240.238 71.369 21.179 19 28 18 599 3
240.238 71.369 21.179 20 28 18 599 3
240.238 71.369 21.179 21 28 18 599 3
240.238 71.369 21.179 22 28 18 599 3
240.238 71.369 21.179 23 28 18 599 3
240.238 71.369 21.179 24 28 18 599 3
240.238 71.369 21.179 25 28 18 599 3
240.238 71.369 21.179 26 28 18 599 3
219.204 124.369 311.069 27 28 18 615 4
46.594 65.222 56.221 28 28 18 658 1
46.594 65.222 56.221 29 28 18 658 1
46.594 65.222 56.221 30 28 18 658 1
63.652 23.425 208.416 1 29 18 604 4
63.652 23.425 208.416 2 29 18 604 4
63.652 23.425 208.416 3 29 18 604 4
63.652 23.425 208.416 4 29 18 604 4
63.652 23.425 208.416 5 29 18 604 4
63.652 23.425 208.416 6 29 18 604 4
63.652 23.425 208.416 7 29 18 604 4
63.652 23.425 208.416 8 29 18 604 4
63.652 23.425 208.416 9 29 18 604 4
63.652 23.425 208.416 10 29 18 604 4
63.652 23.425 208.416 11 29 18 604 4
63.652 23.425 208.416 12 29 18 604 4
63.652 23.425 208.416 13 29 18 604 4
283.313 56.048 206.064 14 29 18 29 1
283.313 56.048 206.064 15 29 18 29 1
283.313 56.048 206.064 16 29 18 29 1
283.313 56.048 206.064 17 29 18 29 1
342.251 155.332 358.891 18 29 18 638 1
49.442 150.046 320.277 19 29 18 511 2
49.442 150.046 320.277 20 29 18 511 2
49.442 150.046 320.277 21 29 18 511 2
240.238 71.369 21.179 22 29 18 599 3
240.238 71.369 21.179 23 29 18 599 3
337.901 130.572 318.956 24 29 18 435 1
219.204 124.369 311.069 25 29 18 615 4
219.204 124.369 311.069 26 29 18 615 4
219.204 124.369 311.069 27 29 18 615 4
219.204 124.369 311.069 28 29 18 615 4
219.204 124.369 311.069 29 29 18 615 4
219.204 124.369 311.069 30 29 18 615 4
63.652 23.425 208.416 1 30 18 604 4
186.220 128.056 287.506 2 30 18 157 1
63.652 23.425 208.416 3 30 18 604 4
63.652 23.425 208.416 4 30 18 604 4
63.652 23.425 208.416 5 30 18 604 4
63.652 23.425 208.416 6 30 18 604 4
63.652 23.425 208.416 7 30 18 604 4
63.652 23.425 208.416 8 30 18 604 4
63.652 23.425 208.416 9 30 18 604 4
63.652 23.425 208.416 10 30 18 604 4
63.652 23.425 208.416 11 30 18 604 4
63.652 23.425 208.416 12 30 18 604 4
63.652 23.425 208.416 13 30 18 604 4
283.313 56.048 206.064 14 30 18 29 1
283.313 56.048 206.064 15 30 18 29 1
283.313 56.048 206.064 16 30 18 29 1
283.313 56.048 206.064 17 30 18 29 1
319.375 91.000 286.557 18 30 18 666 2
319.375 91.000 286.557 19 30 18 666 2
49.442 150.046 320.277 20 30 18 511 2
49.442 150.046 320.277 21 30 18 511 2
49.442 150.046 320.277 22 30 18 511 2
337.901 130.572 318.956 23 30 18 435 1
337.901 130.572 318.956 24 30 18 435 1
295.452 171.611 153.490 25 30 18 30 1
295.452 171.611 153.490 26 30 18 30 1
51.553 64.020 37.694 27 30 18 503 2
51.553 64.020 37.694 28 30 18 503 2
219.204 124.369 311.069 29 30 18 615 4
248.110 62.608 70.477 30 30 18 145 1
