169.168 113.403 289.277 1 1 23 683 4
169.168 113.403 289.277 2 1 23 683 4
310.050 88.962 337.878 3 1 23 58 1
310.050 88.962 337.878 4 1 23 58 1
310.050 88.962 337.878 5 1 23 58 1
61.083 148.533 153.948 6 1 23 520 2
61.083 148.533 153.948 7 1 23 520 2
61.083 148.533 153.948 8 1 23 520 2
61.083 148.533 153.948 9 1 23 520 2
5.350 18.455 278.228 10 1 23 662 2
5.350 18.455 278.228 11 1 23 662 2
5.350 18.455 278.228 12 1 23 662 2
5.350 18.455 278.228 13 1 23 662 2
42.553 114.298 125.670 14 1 23 133 1
42.553 114.298 125.670 15 1 23 133 1
42.553 114.298 125.670 16 1 23 133 1
42.553 114.298 125.670 17 1 23 133 1
317.890 134.660 11.519 18 1 23 196 1
25.318 133.507 294.832 19 1 23 499 2
25.318 133.507 294.832 20 1 23 499 2
25.318 133.507 294.832 21 1 23 499 2
190.269 81.492 273.494 22 1 23 220 1
190.269 81.492 273.494 23 1 23 220 1
190.269 81.492 273.494 24 1 23 220 1
190.269 81.492 273.494 25 1 23 220 1
216.389 83.316 68.622 26 1 23 160 1
216.389 83.316 68.622 27 1 23 160 1
332.384 37.784 245.177 28 1 23 677 2
332.384 37.784 245.177 29 1 23 677 2
332.384 37.784 245.177 30 1 23 677 2
169.168 113.403 289.277 1 2 23 683 4
169.168 113.403 289.277 2 2 23 683 4
352.168 46.991 231.759 3 2 23 471 1
182.712 69.927 30.424 4 2 23 174 1
169.168 113.403 289.277 5 2 23 683 4
61.083 148.533 153.948 6 2 23 520 2
61.083 148.533 153.948 7 2 23 520 2
61.083 148.533 153.948 8 2 23 520 2
61.083 148.533 153.948 9 2 23 520 2
110.283 102.706 210.614 10 2 23 506 2
5.350 18.455 278.228 11 2 23 662 2
5.350 18.455 278.228 12 2 23 662 2
5.350 18.455 278.228 13 2 23 662 2
42.553 114.298 125.670 14 2 23 133 1
42.553 114.298 125.670 15 2 23 133 1
42.553 114.298 125.670 16 2 23 133 1
317.890 134.660 11.519 17 2 23 196 1
317.890 134.660 11.519 18 2 23 196 1
317.890 134.660 11.519 19 2 23 196 1
25.318 133.507 294.832 20 2 23 499 2
25.318 133.507 294.832 21 2 23 499 2
25.318 133.507 294.832 22 2 23 499 2
190.269 81.492 273.494 23 2 23 220 1
190.269 81.492 273.494 24 2 23 220 1
190.269 81.492 273.494 25 2 23 220 1
216.389 83.316 68.622 26 2 23 160 1
216.389 83.316 68.622 27 2 23 160 1
216.389 83.316 68.622 28 2 23 160 1
210.798 88.623 37.614 29 2 23 600 4
210.798 88.623 37.614 30 2 23 600 4
169.168 113.403 289.277 1 3 23 683 4
169.168 113.403 289.277 2 3 23 683 4
352.168 46.991 231.759 3 3 23 471 1
169.168 113.403 289.277 4 3 23 683 4
169.168 113.403 289.277 5 3 23 683 4
169.168 113.403 289.277 6 3 23 683 4
140.085 128.635 275.528 7 3 23 606 4
61.083 148.533 153.948 8 3 23 520 2
147.325 72.613 50.489 9 3 23 396 1
147.325 72.613 50.489 10 3 23 396 1
147.325 72.613 50.489 11 3 23 396 1
5.350 18.455 278.228 12 3 23 662 2
5.350 18.455 278.228 13 3 23 662 2
59.291 53.470 125.946 14 3 23 568 2
317.890 134.660 11.519 15 3 23 196 1
317.890 134.660 11.519 16 3 23 196 1
317.890 134.660 11.519 17 3 23 196 1
317.890 134.660 11.519 18 3 23 196 1
317.890 134.660 11.519 19 3 23 196 1
25.318 133.507 294.832 20 3 23 499 2
25.318 133.507 294.832 21 3 23 499 2
25.318 133.507 294.832 22 3 23 499 2
190.269 81.492 273.494 23 3 23 220 1
190.269 81.492 273.494 24 3 23 220 1
190.269 81.492 273.494 25 3 23 220 1
190.269 81.492 273.494 26 3 23 220 1
216.389 83.316 68.622 27 3 23 160 1
216.389 83.316 68.622 28 3 23 160 1
210.798 88.623 37.614 29 3 23 600 4
210.798 88.623 37.614 30 3 23 600 4
169.168 113.403 289.277 1 4 23 683 4
169.168 113.403 289.277 2 4 23 683 4
169.168 113.403 289.277 3 4 23 683 4
169.168 113.403 289.277 4 4 23 683 4
169.168 113.403 289.277 5 4 23 683 4
169.168 113.403 289.277 6 4 23 683 4
140.085 128.635 275.528 7 4 23 606 4
140.085 128.635 275.528 8 4 23 606 4
147.325 72.613 50.489 9 4 23 396 1
147.325 72.613 50.489 10 4 23 396 1
147.325 72.613 50.489 11 4 23 396 1
5.350 18.455 278.228 12 4 23 662 2
5.350 18.455 278.228 13 4 23 662 2
317.890 134.660 11.519 14 4 23 196 1
317.890 134.660 11.519 15 4 23 196 1
317.890 134.660 11.519 16 4 23 196 1
317.890 134.660 11.519 17 4 23 196 1
317.890 134.660 11.519 18 4 23 196 1
317.890 134.660 11.519 19 4 23 196 1
25.318 133.507 294.832 20 4 23 499 2
70.219 113.748 106.324 21 4 23 513 2
191.814 134.346 48.060 22 4 23 321 1
70.219 113.748 106.324 23 4 23 513 2
190.269 81.492 273.494 24 4 23 220 1
190.269 81.492 273.494 25 4 23 220 1
190.269 81.492 273.494 26 4 23 220 1
210.798 88.623 37.614 27 4 23 600 4
210.798 88.623 37.614 28 4 23 600 4
210.798 88.623 37.614 29 4 23 600 4
210.798 88.623 37.614 30 4 23 600 4
169.168 113.403 289.277 1 5 23 683 4
169.168 113.403 289.277 2 5 23 683 4
169.168 113.403 289.277 3 5 23 683 4
169.168 113.403 289.277 4 5 23 683 4
169.168 113.403 289.277 5 5 23 683 4
169.168 113.403 289.277 6 5 23 683 4
140.085 128.635 275.528 7 5 23 606 4
140.085 128.635 275.528 8 5 23 606 4
140.085 128.635 275.528 9 5 23 606 4
140.085 128.635 275.528 10 5 23 606 4
147.325 72.613 50.489 11 5 23 396 1
87.050 80.864 90.285 12 5 23 112 1
87.050 80.864 90.285 13 5 23 112 1
310.958 82.598 196.824 14 5 23 620 4
310.958 82.598 196.824 15 5 23 620 4
310.958 82.598 196.824 16 5 23 620 4
310.958 82.598 196.824 17 5 23 620 4
310.958 82.598 196.824 18 5 23 620 4
310.958 82.598 196.824 19 5 23 620 4
70.219 113.748 106.324 20 5 23 513 2
70.219 113.748 106.324 21 5 23 513 2
70.219 113.748 106.324 22 5 23 513 2
70.219 113.748 106.324 23 5 23 513 2
229.387 64.701 186.007 24 5 23 480 1
190.269 81.492 273.494 25 5 23 220 1
264.374 95.876 89.648 26 5 23 199 1
210.798 88.623 37.614 27 5 23 600 4
210.798 88.623 37.614 28 5 23 600 4
210.798 88.623 37.614 29 5 23 600 4
210.798 88.623 37.614 30 5 23 600 4
169.168 113.403 289.277 1 6 23 683 4
169.168 113.403 289.277 2 6 23 683 4
169.168 113.403 289.277 3 6 23 683 4
169.168 113.403 289.277 4 6 23 683 4
169.168 113.403 289.277 5 6 23 683 4
140.085 128.635 275.528 6 6 23 606 4
140.085 128.635 275.528 7 6 23 606 4
140.085 128.635 275.528 8 6 23 606 4
140.085 128.635 275.528 9 6 23 606 4
140.085 128.635 275.528 10 6 23 606 4
140.085 128.635 275.528 11 6 23 606 4
336.726 138.290 213.871 12 6 23 621 4
336.726 138.290 213.871 13 6 23 621 4
336.726 138.290 213.871 14 6 23 621 4
310.958 82.598 196.824 15 6 23 620 4
310.958 82.598 196.824 16 6 23 620 4
310.958 82.598 196.824 17 6 23 620 4
310.958 82.598 196.824 18 6 23 620 4
310.958 82.598 196.824 19 6 23 620 4
70.219 113.748 106.324 20 6 23 513 2
70.219 113.748 106.324 21 6 23 513 2
70.219 113.748 106.324 22 6 23 513 2
70.219 113.748 106.324 23 6 23 513 2
229.387 64.701 186.007 24 6 23 480 1
229.387 64.701 186.007 25 6 23 480 1
264.374 95.876 89.648 26 6 23 199 1
210.798 88.623 37.614 27 6 23 600 4
210.798 88.623 37.614 28 6 23 600 4
210.798 88.623 37.614 29 6 23 600 4
210.798 88.623 37.614 30 6 23 600 4
169.168 113.403 289.277 1 7 23 683 4
169.168 113.403 289.277 2 7 23 683 4
298.728 87.950 332.841 3 7 23 619 4
298.728 87.950 332.841 4 7 23 619 4
298.728 87.950 332.841 5 7 23 619 4
298.728 87.950 332.841 6 7 23 619 4
140.085 128.635 275.528 7 7 23 606 4
140.085 128.635 275.528 8 7 23 606 4
140.085 128.635 275.528 9 7 23 606 4
140.085 128.635 275.528 10 7 23 606 4
336.726 138.290 213.871 11 7 23 621 4
336.726 138.290 213.871 12 7 23 621 4
336.726 138.290 213.871 13 7 23 621 4
336.726 138.290 213.871 14 7 23 621 4
336.726 138.290 213.871 15 7 23 621 4
310.958 82.598 196.824 16 7 23 620 4
310.958 82.598 196.824 17 7 23 620 4
88.682 71.055 328.521 18 7 23 265 1
88.682 71.055 328.521 19 7 23 265 1
88.682 71.055 328.521 20 7 23 265 1
88.682 71.055 328.521 21 7 23 265 1
70.219 113.748 106.324 22 7 23 513 2
0.128 134.307 28.119 23 7 23 458 1
359.008 114.480 74.133 24 7 23 189 1
229.387 64.701 186.007 25 7 23 480 1
229.387 64.701 186.007 26 7 23 480 1
210.798 88.623 37.614 27 7 23 600 4
210.798 88.623 37.614 28 7 23 600 4
210.798 88.623 37.614 29 7 23 600 4
210.798 88.623 37.614 30 7 23 600 4
298.728 87.950 332.841 1 8 23 619 4
298.728 87.950 332.841 2 8 23 619 4
298.728 87.950 332.841 3 8 23 619 4
298.728 87.950 332.841 4 8 23 619 4
298.728 87.950 332.841 5 8 23 619 4
298.728 87.950 332.841 6 8 23 619 4
336.726 138.290 213.871 7 8 23 621 4
336.726 138.290 213.871 8 8 23 621 4
336.726 138.290 213.871 9 8 23 621 4
336.726 138.290 213.871 10 8 23 621 4
336.726 138.290 213.871 11 8 23 621 4
336.726 138.290 213.871 12 8 23 621 4
336.726 138.290 213.871 13 8 23 621 4
336.726 138.290 213.871 14 8 23 621 4
336.726 138.290 213.871 15 8 23 621 4
310.958 82.598 196.824 16 8 23 620 4
310.958 82.598 196.824 17 8 23 620 4
88.682 71.055 328.521 18 8 23 265 1
88.682 71.055 328.521 19 8 23 265 1
88.682 71.055 328.521 20 8 23 265 1
88.682 71.055 328.521 21 8 23 265 1
0.128 134.307 28.119 22 8 23 458 1
0.128 134.307 28.119 23 8 23 458 1
0.128 134.307 28.119 24 8 23 458 1
229.387 64.701 186.007 25 8 23 480 1
229.387 64.701 186.007 26 8 23 480 1
210.798 88.623 37.614 27 8 23 600 4
210.798 88.623 37.614 28 8 23 600 4
210.798 88.623 37.614 29 8 23 600 4
210.798 88.623 37.614 30 8 23 600 4
298.728 87.950 332.841 1 9 23 619 4
298.728 87.950 332.841 2 9 23 619 4
298.728 87.950 332.841 3 9 23 619 4
298.728 87.950 332.841 4 9 23 619 4
298.728 87.950 332.841 5 9 23 619 4
298.728 87.950 332.841 6 9 23 619 4
336.726 138.290 213.871 7 9 23 621 4
336.726 138.290 213.871 8 9 23 621 4
336.726 138.290 213.871 9 9 23 621 4
336.726 138.290 213.871 10 9 23 621 4
336.726 138.290 213.871 11 9 23 621 4
336.726 138.290 213.871 12 9 23 621 4
336.726 138.290 213.871 13 9 23 621 4
336.726 138.290 213.871 14 9 23 621 4
336.726 138.290 213.871 15 9 23 621 4
336.726 138.290 213.871 16 9 23 621 4
336.726 138.290 213.871 17 9 23 621 4
222.507 60.111 226.663 18 9 23 577 2
222.507 60.111 226.663 19 9 23 577 2
222.507 60.111 226.663 20 9 23 577 2
222.507 60.111 226.663 21 9 23 577 2
14.085 139.127 219.553 22 9 23 587 2
14.085 139.127 219.553 23 9 23 587 2
0.128 134.307 28.119 24 9 23 458 1
0.128 134.307 28.119 25 9 23 458 1
229.387 64.701 186.007 26 9 23 480 1
210.798 88.623 37.614 27 9 23 600 4
210.798 88.623 37.614 28 9 23 600 4
210.798 88.623 37.614 29 9 23 600 4
210.798 88.623 37.614 30 9 23 600 4
298.728 87.950 332.841 1 10 23 619 4
298.728 87.950 332.841 2 10 23 619 4
298.728 87.950 332.841 3 10 23 619 4
298.728 87.950 332.841 4 10 23 619 4
298.728 87.950 332.841 5 10 23 619 4
34.085 133.093 8.633 6 10 23 467 1
34.085 133.093 8.633 7 10 23 467 1
336.726 138.290 213.871 8 10 23 621 4
336.726 138.290 213.871 9 10 23 621 4
336.726 138.290 213.871 10 10 23 621 4
336.726 138.290 213.871 11 10 23 621 4
336.726 138.290 213.871 12 10 23 621 4
336.726 138.290 213.871 13 10 23 621 4
336.726 138.290 213.871 14 10 23 621 4
336.726 138.290 213.871 15 10 23 621 4
336.726 138.290 213.871 16 10 23 621 4
135.242 64.907 289.109 17 10 23 647 1
222.507 60.111 226.663 18 10 23 577 2
222.507 60.111 226.663 19 10 23 577 2
222.507 60.111 226.663 20 10 23 577 2
222.507 60.111 226.663 21 10 23 577 2
222.507 60.111 226.663 22 10 23 577 2
14.085 139.127 219.553 23 10 23 587 2
0.128 134.307 28.119 24 10 23 458 1
0.128 134.307 28.119 25 10 23 458 1
0.128 134.307 28.119 26 10 23 458 1
210.798 88.623 37.614 27 10 23 600 4
210.798 88.623 37.614 28 10 23 600 4
210.798 88.623 37.614 29 10 23 600 4
210.798 88.623 37.614 30 10 23 600 4
298.728 87.950 332.841 1 11 23 619 4
298.728 87.950 332.841 2 11 23 619 4
298.728 87.950 332.841 3 11 23 619 4
298.728 87.950 332.841 4 11 23 619 4
298.728 87.950 332.841 5 11 23 619 4
34.085 133.093 8.633 6 11 23 467 1
34.085 133.093 8.633 7 11 23 467 1
34.085 133.093 8.633 8 11 23 467 1
336.726 138.290 213.871 9 11 23 621 4
336.726 138.290 213.871 10 11 23 621 4
336.726 138.290 213.871 11 11 23 621 4
336.726 138.290 213.871 12 11 23 621 4
142.706 133.649 159.422 13 11 23 243 1
336.726 138.290 213.871 14 11 23 621 4
336.726 138.290 213.871 15 11 23 621 4
135.242 64.907 289.109 16 11 23 647 1
135.242 64.907 289.109 17 11 23 647 1
135.242 64.907 289.109 18 11 23 647 1
222.507 60.111 226.663 19 11 23 577 2
222.507 60.111 226.663 20 11 23 577 2
222.507 60.111 226.663 21 11 23 577 2
222.507 60.111 226.663 22 11 23 577 2
14.085 139.127 219.553 23 11 23 587 2
288.917 142.551 243.628 24 11 23 254 1
0.128 134.307 28.119 25 11 23 458 1
157.191 142.673 146.495 26 11 23 352 1
210.798 88.623 37.614 27 11 23 600 4
210.798 88.623 37.614 28 11 23 600 4
210.798 88.623 37.614 29 11 23 600 4
210.798 88.623 37.614 30 11 23 600 4
146.874 149.391 184.045 1 12 23 612 4
298.728 87.950 332.841 2 12 23 619 4
298.728 87.950 332.841 3 12 23 619 4
298.728 87.950 332.841 4 12 23 619 4
147.710 45.410 96.118 5 12 23 348 1
147.710 45.410 96.118 6 12 23 348 1
34.085 133.093 8.633 7 12 23 467 1
34.085 133.093 8.633 8 12 23 467 1
336.726 138.290 213.871 9 12 23 621 4
336.726 138.290 213.871 10 12 23 621 4
336.726 138.290 213.871 11 12 23 621 4
336.726 138.290 213.871 12 12 23 621 4
142.706 133.649 159.422 13 12 23 243 1
336.726 138.290 213.871 14 12 23 621 4
135.242 64.907 289.109 15 12 23 647 1
135.242 64.907 289.109 16 12 23 647 1
135.242 64.907 289.109 17 12 23 647 1
135.242 64.907 289.109 18 12 23 647 1
222.507 60.111 226.663 19 12 23 577 2
222.507 60.111 226.663 20 12 23 577 2
222.507 60.111 226.663 21 12 23 577 2
222.507 60.111 226.663 22 12 23 577 2
240.238 71.369 21.179 23 12 23 599 3
240.238 71.369 21.179 24 12 23 599 3
157.191 142.673 146.495 25 12 23 352 1
157.191 142.673 146.495 26 12 23 352 1
157.191 142.673 146.495 27 12 23 352 1
210.798 88.623 37.614 28 12 23 600 4
210.798 88.623 37.614 29 12 23 600 4
210.798 88.623 37.614 30 12 23 600 4
146.874 149.391 184.045 1 13 23 612 4
146.874 149.391 184.045 2 13 23 612 4
146.874 149.391 184.045 3 13 23 612 4
146.874 149.391 184.045 4 13 23 612 4
146.874 149.391 184.045 5 13 23 612 4
147.710 45.410 96.118 6 13 23 348 1
34.085 133.093 8.633 7 13 23 467 1
34.085 133.093 8.633 8 13 23 467 1
336.726 138.290 213.871 9 13 23 621 4
336.726 138.290 213.871 10 13 23 621 4
336.726 138.290 213.871 11 13 23 621 4
336.726 138.290 213.871 12 13 23 621 4
336.726 138.290 213.871 13 13 23 621 4
336.726 138.290 213.871 14 13 23 621 4
135.242 64.907 289.109 15 13 23 647 1
135.242 64.907 289.109 16 13 23 647 1
135.242 64.907 289.109 17 13 23 647 1
135.242 64.907 289.109 18 13 23 647 1
157.963 159.040 125.695 19 13 23 659 1
157.963 159.040 125.695 20 13 23 659 1
157.963 159.040 125.695 21 13 23 659 1
240.238 71.369 21.179 22 13 23 599 3
240.238 71.369 21.179 23 13 23 599 3
240.238 71.369 21.179 24 13 23 599 3
240.238 71.369 21.179 25 13 23 599 3
240.238 71.369 21.179 26 13 23 599 3
240.238 71.369 21.179 27 13 23 599 3
210.798 88.623 37.614 28 13 23 600 4
210.798 88.623 37.614 29 13 23 600 4
210.798 88.623 37.614 30 13 23 600 4
146.874 149.391 184.045 1 14 23 612 4
146.874 149.391 184.045 2 14 23 612 4
146.874 149.391 184.045 3 14 23 612 4
45.496 105.750 98.455 4 14 23 138 1
45.496 105.750 98.455 5 14 23 138 1
146.874 149.391 184.045 6 14 23 612 4
34.085 133.093 8.633 7 14 23 467 1
336.726 138.290 213.871 8 14 23 621 4
336.726 138.290 213.871 9 14 23 621 4
336.726 138.290 213.871 10 14 23 621 4
336.726 138.290 213.871 11 14 23 621 4
336.726 138.290 213.871 12 14 23 621 4
336.726 138.290 213.871 13 14 23 621 4
67.344 141.855 238.502 14 14 23 526 2
135.242 64.907 289.109 15 14 23 647 1
135.242 64.907 289.109 16 14 23 647 1
135.242 64.907 289.109 17 14 23 647 1
240.238 71.369 21.179 18 14 23 599 3
240.238 71.369 21.179 19 14 23 599 3
157.963 159.040 125.695 20 14 23 659 1
157.963 159.040 125.695 21 14 23 659 1
240.238 71.369 21.179 22 14 23 599 3
240.238 71.369 21.179 23 14 23 599 3
240.238 71.369 21.179 24 14 23 599 3
240.238 71.369 21.179 25 14 23 599 3
240.238 71.369 21.179 26 14 23 599 3
240.238 71.369 21.179 27 14 23 599 3
240.238 71.369 21.179 28 14 23 599 3
240.238 71.369 21.179 29 14 23 599 3
240.238 71.369 21.179 30 14 23 599 3
146.874 149.391 184.045 1 15 23 612 4
146.874 149.391 184.045 2 15 23 612 4
146.874 149.391 184.045 3 15 23 612 4
45.496 105.750 98.455 4 15 23 138 1
146.874 149.391 184.045 5 15 23 612 4
146.874 149.391 184.045 6 15 23 612 4
146.874 149.391 184.045 7 15 23 612 4
67.344 141.855 238.502 8 15 23 526 2
336.726 138.290 213.871 9 15 23 621 4
67.344 141.855 238.502 10 15 23 526 2
67.344 141.855 238.502 11 15 23 526 2
67.344 141.855 238.502 12 15 23 526 2
67.344 141.855 238.502 13 15 23 526 2
67.344 141.855 238.502 14 15 23 526 2
67.344 141.855 238.502 15 15 23 526 2
240.238 71.369 21.179 16 15 23 599 3
240.238 71.369 21.179 17 15 23 599 3
240.238 71.369 21.179 18 15 23 599 3
240.238 71.369 21.179 19 15 23 599 3
240.238 71.369 21.179 20 15 23 599 3
240.238 71.369 21.179 21 15 23 599 3
240.238 71.369 21.179 22 15 23 599 3
240.238 71.369 21.179 23 15 23 599 3
240.238 71.369 21.179 24 15 23 599 3
240.238 71.369 21.179 25 15 23 599 3
240.238 71.369 21.179 26 15 23 599 3
240.238 71.369 21.179 27 15 23 599 3
240.238 71.369 21.179 28 15 23 599 3
240.238 71.369 21.179 29 15 23 599 3
240.238 71.369 21.179 30 15 23 599 3
146.874 149.391 184.045 1 16 23 612 4
146.874 149.391 184.045 2 16 23 612 4
146.874 149.391 184.045 3 16 23 612 4
146.874 149.391 184.045 4 16 23 612 4
146.874 149.391 184.045 5 16 23 612 4
146.874 149.391 184.045 6 16 23 612 4
67.344 141.855 238.502 7 16 23 526 2
67.344 141.855 238.502 8 16 23 526 2
219.579 131.002 319.802 9 16 23 644 1
67.344 141.855 238.502 10 16 23 526 2
67.344 141.855 238.502 11 16 23 526 2
67.344 141.855 238.502 12 16 23 526 2
67.344 141.855 238.502 13 16 23 526 2
67.344 141.855 238.502 14 16 23 526 2
67.344 141.855 238.502 15 16 23 526 2
240.238 71.369 21.179 16 16 23 599 3
240.238 71.369 21.179 17 16 23 599 3
240.238 71.369 21.179 18 16 23 599 3
240.238 71.369 21.179 19 16 23 599 3
240.238 71.369 21.179 20 16 23 599 3
240.238 71.369 21.179 21 16 23 599 3
240.238 71.369 21.179 22 16 23 599 3
240.238 71.369 21.179 23 16 23 599 3
240.238 71.369 21.179 24 16 23 599 3
240.238 71.369 21.179 25 16 23 599 3
240.238 71.369 21.179 26 16 23 599 3
240.238 71.369 21.179 27 16 23 599 3
240.238 71.369 21.179 28 16 23 599 3
240.238 71.369 21.179 29 16 23 599 3
240.238 71.369 21.179 30 16 23 599 3
146.874 149.391 184.045 1 17 23 612 4
146.874 149.391 184.045 2 17 23 612 4
146.874 149.391 184.045 3 17 23 612 4
146.874 149.391 184.045 4 17 23 612 4
146.874 149.391 184.045 5 17 23 612 4
146.874 149.391 184.045 6 17 23 612 4
67.344 141.855 238.502 7 17 23 526 2
67.344 141.855 238.502 8 17 23 526 2
67.344 141.855 238.502 9 17 23 526 2
67.344 141.855 238.502 10 17 23 526 2
67.344 141.855 238.502 11 17 23 526 2
67.344 141.855 238.502 12 17 23 526 2
67.344 141.855 238.502 13 17 23 526 2
67.344 141.855 238.502 14 17 23 526 2
240.238 71.369 21.179 15 17 23 599 3
240.238 71.369 21.179 16 17 23 599 3
240.238 71.369 21.179 17 17 23 599 3
240.238 71.369 21.179 18 17 23 599 3
240.238 71.369 21.179 19 17 23 599 3
240.238 71.369 21.179 20 17 23 599 3
240.238 71.369 21.179 21 17 23 599 3
240.238 71.369 21.179 22 17 23 599 3
240.238 71.369 21.179 23 17 23 599 3
240.238 71.369 21.179 24 17 23 599 3
240.238 71.369 21.179 25 17 23 599 3
240.238 71.369 21.179 26 17 23 599 3
240.238 71.369 21.179 27 17 23 599 3
240.238 71.369 21.179 28 17 23 599 3
240.238 71.369 21.179 29 17 23 599 3
240.238 71.369 21.179 30 17 23 599 3
146.874 149.391 184.045 1 18 23 612 4
146.874 149.391 184.045 2 18 23 612 4
146.874 149.391 184.045 3 18 23 612 4
146.874 149.391 184.045 4 18 23 612 4
146.874 149.391 184.045 5 18 23 612 4
67.344 141.855 238.502 6 18 23 526 2
67.344 141.855 238.502 7 18 23 526 2
67.344 141.855 238.502 8 18 23 526 2
67.344 141.855 238.502 9 18 23 526 2
67.344 141.855 238.502 10 18 23 526 2
67.344 141.855 238.502 11 18 23 526 2
67.344 141.855 238.502 12 18 23 526 2
67.344 141.855 238.502 13 18 23 526 2
240.238 71.369 21.179 14 18 23 599 3
240.238 71.369 21.179 15 18 23 599 3
240.238 71.369 21.179 16 18 23 599 3
240.238 71.369 21.179 17 18 23 599 3
240.238 71.369 21.179 18 18 23 599 3
240.238 71.369 21.179 19 18 23 599 3
240.238 71.369 21.179 20 18 23 599 3
240.238 71.369 21.179 21 18 23 599 3
240.238 71.369 21.179 22 18 23 599 3
240.238 71.369 21.179 23 18 23 599 3
240.238 71.369 21.179 24 18 23 599 3
240.238 71.369 21.179 25 18 23 599 3
240.238 71.369 21.179 26 18 23 599 3
240.238 71.369 21.179 27 18 23 599 3
240.238 71.369 21.179 28 18 23 599 3
240.238 71.369 21.179 29 18 23 599 3
240.238 71.369 21.179 30 18 23 599 3
146.874 149.391 184.045 1 19 23 612 4
146.874 149.391 184.045 2 19 23 612 4
146.874 149.391 184.045 3 19 23 612 4
146.874 149.391 184.045 4 19 23 612 4
146.874 149.391 184.045 5 19 23 612 4
146.874 149.391 184.045 6 19 23 612 4
67.344 141.855 238.502 7 19 23 526 2
67.344 141.855 238.502 8 19 23 526 2
67.344 141.855 238.502 9 19 23 526 2
67.344 141.855 238.502 10 19 23 526 2
67.344 141.855 238.502 11 19 23 526 2
67.344 141.855 238.502 12 19 23 526 2
240.238 71.369 21.179 13 19 23 599 3
240.238 71.369 21.179 14 19 23 599 3
240.238 71.369 21.179 15 19 23 599 3
240.238 71.369 21.179 16 19 23 599 3
240.238 71.369 21.179 17 19 23 599 3
240.238 71.369 21.179 18 19 23 599 3
240.238 71.369 21.179 19 19 23 599 3
240.238 71.369 21.179 20 19 23 599 3
240.238 71.369 21.179 21 19 23 599 3
240.238 71.369 21.179 22 19 23 599 3
240.238 71.369 21.179 23 19 23 599 3
240.238 71.369 21.179 24 19 23 599 3
240.238 71.369 21.179 25 19 23 599 3
240.238 71.369 21.179 26 19 23 599 3
240.238 71.369 21.179 27 19 23 599 3
240.238 71.369 21.179 28 19 23 599 3
240.238 71.369 21.179 29 19 23 599 3
240.238 71.369 21.179 30 19 23 599 3
146.874 149.391 184.045 1 20 23 612 4
146.874 149.391 184.045 2 20 23 612 4
146.874 149.391 184.045 3 20 23 612 4
146.874 149.391 184.045 4 20 23 612 4
146.874 149.391 184.045 5 20 23 612 4
146.874 149.391 184.045 6 20 23 612 4
67.344 141.855 238.502 7 20 23 526 2
285.185 105.908 200.146 8 20 23 521 2
285.185 105.908 200.146 9 20 23 521 2
67.344 141.855 238.502 10 20 23 526 2
32.484 139.839 227.651 11 20 23 464 1
32.484 139.839 227.651 12 20 23 464 1
240.238 71.369 21.179 13 20 23 599 3
240.238 71.369 21.179 14 20 23 599 3
240.238 71.369 21.179 15 20 23 599 3
240.238 71.369 21.179 16 20 23 599 3
240.238 71.369 21.179 17 20 23 599 3
240.238 71.369 21.179 18 20 23 599 3
240.238 71.369 21.179 19 20 23 599 3
240.238 71.369 21.179 20 20 23 599 3
240.238 71.369 21.179 21 20 23 599 3
240.238 71.369 21.179 22 20 23 599 3
240.238 71.369 21.179 23 20 23 599 3
240.238 71.369 21.179 24 20 23 599 3
240.238 71.369 21.179 25 20 23 599 3
240.238 71.369 21.179 26 20 23 599 3
240.238 71.369 21.179 27 20 23 599 3
240.238 71.369 21.179 28 20 23 599 3
240.238 71.369 21.179 29 20 23 599 3
240.238 71.369 21.179 30 20 23 599 3
146.874 149.391 184.045 1 21 23 612 4
146.874 149.391 184.045 2 21 23 612 4
146.874 149.391 184.045 3 21 23 612 4
146.874 149.391 184.045 4 21 23 612 4
63.652 23.425 208.416 5 21 23 604 4
63.652 23.425 208.416 6 21 23 604 4
63.652 23.425 208.416 7 21 23 604 4
63.652 23.425 208.416 8 21 23 604 4
63.652 23.425 208.416 9 21 23 604 4
63.652 23.425 208.416 10 21 23 604 4
63.652 23.425 208.416 11 21 23 604 4
63.652 23.425 208.416 12 21 23 604 4
240.238 71.369 21.179 13 21 23 599 3
240.238 71.369 21.179 14 21 23 599 3
240.238 71.369 21.179 15 21 23 599 3
240.238 71.369 21.179 16 21 23 599 3
240.238 71.369 21.179 17 21 23 599 3
240.238 71.369 21.179 18 21 23 599 3
240.238 71.369 21.179 19 21 23 599 3
240.238 71.369 21.179 20 21 23 599 3
240.238 71.369 21.179 21 21 23 599 3
240.238 71.369 21.179 22 21 23 599 3
240.238 71.369 21.179 23 21 23 599 3
240.238 71.369 21.179 24 21 23 599 3
240.238 71.369 21.179 25 21 23 599 3
240.238 71.369 21.179 26 21 23 599 3
240.238 71.369 21.179 27 21 23 599 3
240.238 71.369 21.179 28 21 23 599 3
240.238 71.369 21.179 29 21 23 599 3
240.238 71.369 21.179 30 21 23 599 3
146.874 149.391 184.045 1 22 23 612 4
63.652 23.425 208.416 2 22 23 604 4
63.652 23.425 208.416 3 22 23 604 4
63.652 23.425 208.416 4 22 23 604 4
63.652 23.425 208.416 5 22 23 604 4
63.652 23.425 208.416 6 22 23 604 4
63.652 23.425 208.416 7 22 23 604 4
63.652 23.425 208.416 8 22 23 604 4
63.652 23.425 208.416 9 22 23 604 4
63.652 23.425 208.416 10 22 23 604 4
63.652 23.425 208.416 11 22 23 604 4
63.652 23.425 208.416 12 22 23 604 4
240.238 71.369 21.179 13 22 23 599 3
240.238 71.369 21.179 14 22 23 599 3
240.238 71.369 21.179 15 22 23 599 3
240.238 71.369 21.179 16 22 23 599 3
240.238 71.369 21.179 17 22 23 599 3
240.238 71.369 21.179 18 22 23 599 3
240.238 71.369 21.179 19 22 23 599 3
240.238 71.369 21.179 20 22 23 599 3
240.238 71.369 21.179 21 22 23 599 3
240.238 71.369 21.179 22 22 23 599 3
240.238 71.369 21.179 23 22 23 599 3
240.238 71.369 21.179 24 22 23 599 3
240.238 71.369 21.179 25 22 23 599 3
240.238 71.369 21.179 26 22 23 599 3
240.238 71.369 21.179 27 22 23 599 3
240.238 71.369 21.179 28 22 23 599 3
240.238 71.369 21.179 29 22 23 599 3
240.238 71.369 21.179 30 22 23 599 3
63.652 23.425 208.416 1 23 23 604 4
63.652 23.425 208.416 2 23 23 604 4
63.652 23.425 208.416 3 23 23 604 4
63.652 23.425 208.416 4 23 23 604 4
63.652 23.425 208.416 5 23 23 604 4
63.652 23.425 208.416 6 23 23 604 4
63.652 23.425 208.416 7 23 23 604 4
63.652 23.425 208.416 8 23 23 604 4
63.652 23.425 208.416 9 23 23 604 4
63.652 23.425 208.416 10 23 23 604 4
63.652 23.425 208.416 11 23 23 604 4
63.652 23.425 208.416 12 23 23 604 4
63.652 23.425 208.416 13 23 23 604 4
240.238 71.369 21.179 14 23 23 599 3
240.238 71.369 21.179 15 23 23 599 3
240.238 71.369 21.179 16 23 23 599 3
240.238 71.369 21.179 17 23 23 599 3
240.238 71.369 21.179 18 23 23 599 3
240.238 71.369 21.179 19 23 23 599 3
240.238 71.369 21.179 20 23 23 599 3
240.238 71.369 21.179 21 23 23 599 3
240.238 71.369 21.179 22 23 23 599 3
240.238 71.369 21.179 23 23 23 599 3
240.238 71.369 21.179 24 23 23 599 3
240.238 71.369 21.179 25 23 23 599 3
240.238 71.369 21.179 26 23 23 599 3
240.238 71.369 21.179 27 23 23 599 3
240.238 71.369 21.179 28 23 23 599 3
240.238 71.369 21.179 29 23 23 599 3
240.238 71.369 21.179 30 23 23 599 3
63.652 23.425 208.416 1 24 23 604 4
63.652 23.425 208.416 2 24 23 604 4
63.652 23.425 208.416 3 24 23 604 4
63.652 23.425 208.416 4 24 23 604 4
63.652 23.425 208.416 5 24 23 604 4
63.652 23.425 208.416 6 24 23 604 4
63.652 23.425 208.416 7 24 23 604 4
63.652 23.425 208.416 8 24 23 604 4
63.652 23.425 208.416 9 24 23 604 4
63.652 23.425 208.416 10 24 23 604 4
63.652 23.425 208.416 11 24 23 604 4
116.347 101.818 105.316 12 24 23 477 1
63.652 23.425 208.416 13 24 23 604 4
240.238 71.369 21.179 14 24 23 599 3
240.238 71.369 21.179 15 24 23 599 3
240.238 71.369 21.179 16 24 23 599 3
240.238 71.369 21.179 17 24 23 599 3
240.238 71.369 21.179 18 24 23 599 3
240.238 71.369 21.179 19 24 23 599 3
240.238 71.369 21.179 20 24 23 599 3
240.238 71.369 21.179 21 24 23 599 3
240.238 71.369 21.179 22 24 23 599 3
240.238 71.369 21.179 23 24 23 599 3
240.238 71.369 21.179 24 24 23 599 3
240.238 71.369 21.179 25 24 23 599 3
240.238 71.369 21.179 26 24 23 599 3
240.238 71.369 21.179 27 24 23 599 3
240.238 71.369 21.179 28 24 23 599 3
240.238 71.369 21.179 29 24 23 599 3
240.238 71.369 21.179 30 24 23 599 3
63.652 23.425 208.416 1 25 23 604 4
63.652 23.425 208.416 2 25 23 604 4
63.652 23.425 208.416 3 25 23 604 4
63.652 23.425 208.416 4 25 23 604 4
63.652 23.425 208.416 5 25 23 604 4
63.652 23.425 208.416 6 25 23 604 4
63.652 23.425 208.416 7 25 23 604 4
63.652 23.425 208.416 8 25 23 604 4
63.652 23.425 208.416 9 25 23 604 4
63.652 23.425 208.416 10 25 23 604 4
63.652 23.425 208.416 11 25 23 604 4
63.652 23.425 208.416 12 25 23 604 4
63.652 23.425 208.416 13 25 23 604 4
240.238 71.369 21.179 14 25 23 599 3
240.238 71.369 21.179 15 25 23 599 3
240.238 71.369 21.179 16 25 23 599 3
111.778 129.143 36.818 17 25 23 682 4
111.778 129.143 36.818 18 25 23 682 4
240.238 71.369 21.179 19 25 23 599 3
240.238 71.369 21.179 20 25 23 599 3
240.238 71.369 21.179 21 25 23 599 3
240.238 71.369 21.179 22 25 23 599 3
240.238 71.369 21.179 23 25 23 599 3
240.238 71.369 21.179 24 25 23 599 3
240.238 71.369 21.179 25 25 23 599 3
240.238 71.369 21.179 26 25 23 599 3
240.238 71.369 21.179 27 25 23 599 3
240.238 71.369 21.179 28 25 23 599 3
240.238 71.369 21.179 29 25 23 599 3
240.238 71.369 21.179 30 25 23 599 3
63.652 23.425 208.416 1 26 23 604 4
63.652 23.425 208.416 2 26 23 604 4
63.652 23.425 208.416 3 26 23 604 4
63.652 23.425 208.416 4 26 23 604 4
63.652 23.425 208.416 5 26 23 604 4
63.652 23.425 208.416 6 26 23 604 4
63.652 23.425 208.416 7 26 23 604 4
63.652 23.425 208.416 8 26 23 604 4
63.652 23.425 208.416 9 26 23 604 4
63.652 23.425 208.416 10 26 23 604 4
63.652 23.425 208.416 11 26 23 604 4
63.652 23.425 208.416 12 26 23 604 4
63.652 23.425 208.416 13 26 23 604 4
111.778 129.143 36.818 14 26 23 682 4
111.778 129.143 36.818 15 26 23 682 4
111.778 129.143 36.818 16 26 23 682 4
111.778 129.143 36.818 17 26 23 682 4
111.778 129.143 36.818 18 26 23 682 4
111.778 129.143 36.818 19 26 23 682 4
240.238 71.369 21.179 20 26 23 599 3
240.238 71.369 21.179 21 26 23 599 3
240.238 71.369 21.179 22 26 23 599 3
215.358 107.894 166.857 23 26 23 571 2
240.238 71.369 21.179 24 26 23 599 3
240.238 71.369 21.179 25 26 23 599 3
240.238 71.369 21.179 26 26 23 599 3
240.238 71.369 21.179 27 26 23 599 3
240.238 71.369 21.179 28 26 23 599 3
240.238 71.369 21.179 29 26 23 599 3
240.238 71.369 21.179 30 26 23 599 3
63.652 23.425 208.416 1 27 23 604 4
63.652 23.425 208.416 2 27 23 604 4
63.652 23.425 208.416 3 27 23 604 4
63.652 23.425 208.416 4 27 23 604 4
63.652 23.425 208.416 5 27 23 604 4
63.652 23.425 208.416 6 27 23 604 4
63.652 23.425 208.416 7 27 23 604 4
63.652 23.425 208.416 8 27 23 604 4
63.652 23.425 208.416 9 27 23 604 4
63.652 23.425 208.416 10 27 23 604 4
63.652 23.425 208.416 11 27 23 604 4
63.652 23.425 208.416 12 27 23 604 4
63.652 23.425 208.416 13 27 23 604 4
111.778 129.143 36.818 14 27 23 682 4
111.778 129.143 36.818 15 27 23 682 4
111.778 129.143 36.818 16 27 23 682 4
111.778 129.143 36.818 17 27 23 682 4
111.778 129.143 36.818 18 27 23 682 4
111.778 129.143 36.818 19 27 23 682 4
111.778 129.143 36.818 20 27 23 682 4
240.238 71.369 21.179 21 27 23 599 3
215.358 107.894 166.857 22 27 23 571 2
215.358 107.894 166.857 23 27 23 571 2
240.238 71.369 21.179 24 27 23 599 3
240.238 71.369 21.179 25 27 23 599 3
240.238 71.369 21.179 26 27 23 599 3
219.204 124.369 311.069 27 27 23 615 4
219.204 124.369 311.069 28 27 23 615 4
219.204 124.369 311.069 29 27 23 615 4
124.544 133.943 339.417 30 27 23 381 1
63.652 23.425 208.416 1 28 23 604 4
63.652 23.425 208.416 2 28 23 604 4
63.652 23.425 208.416 3 28 23 604 4
63.652 23.425 208.416 4 28 23 604 4
63.652 23.425 208.416 5 28 23 604 4
63.652 23.425 208.416 6 28 23 604 4
63.652 23.425 208.416 7 28 23 604 4
63.652 23.425 208.416 8 28 23 604 4
63.652 23.425 208.416 9 28 23 604 4
63.652 23.425 208.416 10 28 23 604 4
63.652 23.425 208.416 11 28 23 604 4
63.652 23.425 208.416 12 28 23 604 4
63.652 23.425 208.416 13 28 23 604 4
111.778 129.143 36.818 14 28 23 682 4
111.778 129.143 36.818 15 28 23 682 4
111.778 129.143 36.818 16 28 23 682 4
111.778 129.143 36.818 17 28 23 682 4
111.778 129.143 36.818 18 28 23 682 4
111.778 129.143 36.818 19 28 23 682 4
111.778 129.143 36.818 20 28 23 682 4
240.238 71.369 21.179 21 28 23 599 3
215.358 107.894 166.857 22 28 23 571 2
215.358 107.894 166.857 23 28 23 571 2
240.238 71.369 21.179 24 28 23 599 3
240.238 71.369 21.179 25 28 23 599 3
240.238 71.369 21.179 26 28 23 599 3
219.204 124.369 311.069 27 28 23 615 4
219.204 124.369 311.069 28 28 23 615 4
219.204 124.369 311.069 29 28 23 615 4
78.315 61.056 20.396 30 28 23 56 1
63.652 23.425 208.416 1 29 23 604 4
63.652 23.425 208.416 2 29 23 604 4
63.652 23.425 208.416 3 29 23 604 4
63.652 23.425 208.416 4 29 23 604 4
63.652 23.425 208.416 5 29 23 604 4
63.652 23.425 208.416 6 29 23 604 4
63.652 23.425 208.416 7 29 23 604 4
63.652 23.425 208.416 8 29 23 604 4
63.652 23.425 208.416 9 29 23 604 4
63.652 23.425 208.416 10 29 23 604 4
63.652 23.425 208.416 11 29 23 604 4
63.652 23.425 208.416 12 29 23 604 4
111.778 129.143 36.818 13 29 23 682 4
111.778 129.143 36.818 14 29 23 682 4
111.778 129.143 36.818 15 29 23 682 4
111.778 129.143 36.818 16 29 23 682 4
111.778 129.143 36.818 17 29 23 682 4
111.778 129.143 36.818 18 29 23 682 4
111.778 129.143 36.818 19 29 23 682 4
111.778 129.143 36.818 20 29 23 682 4
111.778 129.143 36.818 21 29 23 682 4
210.660 33.567 191.415 22 29 23 552 2
210.660 33.567 191.415 23 29 23 552 2
210.660 33.567 191.415 24 29 23 552 2
210.660 33.567 191.415 25 29 23 552 2
51.553 64.020 37.694 26 29 23 503 2
51.553 64.020 37.694 27 29 23 503 2
51.553 64.020 37.694 28 29 23 503 2
51.553 64.020 37.694 29 29 23 503 2
51.553 64.020 37.694 30 29 23 503 2
63.652 23.425 208.416 1 30 23 604 4
63.652 23.425 208.416 2 30 23 604 4
63.652 23.425 208.416 3 30 23 604 4
63.652 23.425 208.416 4 30 23 604 4
63.652 23.425 208.416 5 30 23 604 4
63.652 23.425 208.416 6 30 23 604 4
63.652 23.425 208.416 7 30 23 604 4
63.652 23.425 208.416 8 30 23 604 4
63.652 23.425 208.416 9 30 23 604 4
63.652 23.425 208.416 10 30 23 604 4
63.652 23.425 208.416 11 30 23 604 4
63.652 23.425 208.416 12 30 23 604 4
111.778 129.143 36.818 13 30 23 682 4
111.778 129.143 36.818 14 30 23 682 4
111.778 129.143 36.818 15 30 23 682 4
111.778 129.143 36.818 16 30 23 682 4
111.778 129.143 36.818 17 30 23 682 4
111.778 129.143 36.818 18 30 23 682 4
111.778 129.143 36.818 19 30 23 682 4
111.778 129.143 36.818 20 30 23 682 4
210.660 33.567 191.415 21 30 23 552 2
210.660 33.567 191.415 22 30 23 552 2
210.660 33.567 191.415 23 30 23 552 2
210.660 33.567 191.415 24 30 23 552 2
210.660 33.567 191.415 25 30 23 552 2
51.553 64.020 37.694 26 30 23 503 2
51.553 64.020 37.694 27 30 23 503 2
51.553 64.020 37.694 28 30 23 503 2
51.553 64.020 37.694 29 30 23 503 2
51.553 64.020 37.694 30 30 23 503 2
