84.790 58.645 138.391 1 1 12 544 2
156.361 122.157 0.389 2 1 12 303 1
156.361 122.157 0.389 3 1 12 303 1
242.453 44.784 343.107 4 1 12 101 1
283.943 70.606 123.944 5 1 12 488 2
171.838 72.649 333.505 6 1 12 610 4
171.838 72.649 333.505 7 1 12 610 4
171.838 72.649 333.505 8 1 12 610 4
225.627 19.340 289.109 9 1 12 192 1
225.627 19.340 289.109 10 1 12 192 1
225.627 19.340 289.109 11 1 12 192 1
20.233 90.663 195.216 12 1 12 527 2
20.233 90.663 195.216 13 1 12 527 2
20.233 90.663 195.216 14 1 12 527 2
20.233 90.663 195.216 15 1 12 527 2
20.233 90.663 195.216 16 1 12 527 2
13.917 77.882 150.541 17 1 12 585 2
13.917 77.882 150.541 18 1 12 585 2
13.917 77.882 150.541 19 1 12 585 2
152.087 34.567 215.997 20 1 12 597 3
152.087 34.567 215.997 21 1 12 597 3
152.087 34.567 215.997 22 1 12 597 3
152.087 34.567 215.997 23 1 12 597 3
152.087 34.567 215.997 24 1 12 597 3
152.087 34.567 215.997 25 1 12 597 3
152.087 34.567 215.997 26 1 12 597 3
152.087 34.567 215.997 27 1 12 597 3
152.087 34.567 215.997 28 1 12 597 3
152.087 34.567 215.997 29 1 12 597 3
152.087 34.567 215.997 30 1 12 597 3
156.361 122.157 0.389 1 2 12 303 1
156.361 122.157 0.389 2 2 12 303 1
156.361 122.157 0.389 3 2 12 303 1
242.453 44.784 343.107 4 2 12 101 1
283.943 70.606 123.944 5 2 12 488 2
171.838 72.649 333.505 6 2 12 610 4
171.838 72.649 333.505 7 2 12 610 4
171.838 72.649 333.505 8 2 12 610 4
225.627 19.340 289.109 9 2 12 192 1
225.627 19.340 289.109 10 2 12 192 1
225.627 19.340 289.109 11 2 12 192 1
184.426 66.728 289.221 12 2 12 516 2
20.233 90.663 195.216 13 2 12 527 2
20.233 90.663 195.216 14 2 12 527 2
20.233 90.663 195.216 15 2 12 527 2
20.233 90.663 195.216 16 2 12 527 2
13.917 77.882 150.541 17 2 12 585 2
84.982 64.180 17.519 18 2 12 71 1
13.917 77.882 150.541 19 2 12 585 2
186.833 31.154 250.013 20 2 12 569 2
152.087 34.567 215.997 21 2 12 597 3
152.087 34.567 215.997 22 2 12 597 3
152.087 34.567 215.997 23 2 12 597 3
152.087 34.567 215.997 24 2 12 597 3
152.087 34.567 215.997 25 2 12 597 3
152.087 34.567 215.997 26 2 12 597 3
152.087 34.567 215.997 27 2 12 597 3
152.087 34.567 215.997 28 2 12 597 3
152.087 34.567 215.997 29 2 12 597 3
152.087 34.567 215.997 30 2 12 597 3
146.501 11.748 10.705 1 3 12 414 1
146.501 11.748 10.705 2 3 12 414 1
146.501 11.748 10.705 3 3 12 414 1
115.839 77.786 260.007 4 3 12 431 1
153.550 140.975 295.738 5 3 12 142 1
153.550 140.975 295.738 6 3 12 142 1
171.838 72.649 333.505 7 3 12 610 4
171.838 72.649 333.505 8 3 12 610 4
225.627 19.340 289.109 9 3 12 192 1
225.627 19.340 289.109 10 3 12 192 1
225.627 19.340 289.109 11 3 12 192 1
336.726 138.290 213.871 12 3 12 621 4
336.726 138.290 213.871 13 3 12 621 4
336.726 138.290 213.871 14 3 12 621 4
336.726 138.290 213.871 15 3 12 621 4
336.726 138.290 213.871 16 3 12 621 4
336.726 138.290 213.871 17 3 12 621 4
13.917 77.882 150.541 18 3 12 585 2
13.917 77.882 150.541 19 3 12 585 2
186.833 31.154 250.013 20 3 12 569 2
186.833 31.154 250.013 21 3 12 569 2
83.552 54.607 264.520 22 3 12 221 1
83.552 54.607 264.520 23 3 12 221 1
152.087 34.567 215.997 24 3 12 597 3
152.087 34.567 215.997 25 3 12 597 3
152.087 34.567 215.997 26 3 12 597 3
152.087 34.567 215.997 27 3 12 597 3
152.087 34.567 215.997 28 3 12 597 3
152.087 34.567 215.997 29 3 12 597 3
152.087 34.567 215.997 30 3 12 597 3
268.259 86.909 149.747 1 4 12 67 1
268.259 86.909 149.747 2 4 12 67 1
171.838 72.649 333.505 3 4 12 610 4
171.838 72.649 333.505 4 4 12 610 4
171.838 72.649 333.505 5 4 12 610 4
92.536 112.519 167.650 6 4 12 11 1
169.168 113.403 289.277 7 4 12 683 4
171.838 72.649 333.505 8 4 12 610 4
219.770 90.945 136.565 9 4 12 329 1
219.770 90.945 136.565 10 4 12 329 1
336.726 138.290 213.871 11 4 12 621 4
336.726 138.290 213.871 12 4 12 621 4
336.726 138.290 213.871 13 4 12 621 4
336.726 138.290 213.871 14 4 12 621 4
336.726 138.290 213.871 15 4 12 621 4
336.726 138.290 213.871 16 4 12 621 4
336.726 138.290 213.871 17 4 12 621 4
336.726 138.290 213.871 18 4 12 621 4
13.917 77.882 150.541 19 4 12 585 2
215.624 110.019 230.995 20 4 12 144 1
186.833 31.154 250.013 21 4 12 569 2
83.552 54.607 264.520 22 4 12 221 1
83.552 54.607 264.520 23 4 12 221 1
152.087 34.567 215.997 24 4 12 597 3
152.087 34.567 215.997 25 4 12 597 3
152.087 34.567 215.997 26 4 12 597 3
152.087 34.567 215.997 27 4 12 597 3
152.087 34.567 215.997 28 4 12 597 3
152.087 34.567 215.997 29 4 12 597 3
152.087 34.567 215.997 30 4 12 597 3
146.501 11.748 10.705 1 5 12 414 1
146.501 11.748 10.705 2 5 12 414 1
171.838 72.649 333.505 3 5 12 610 4
171.838 72.649 333.505 4 5 12 610 4
171.838 72.649 333.505 5 5 12 610 4
92.536 112.519 167.650 6 5 12 11 1
169.168 113.403 289.277 7 5 12 683 4
169.168 113.403 289.277 8 5 12 683 4
264.430 65.646 191.535 9 5 12 673 2
336.726 138.290 213.871 10 5 12 621 4
336.726 138.290 213.871 11 5 12 621 4
336.726 138.290 213.871 12 5 12 621 4
336.726 138.290 213.871 13 5 12 621 4
336.726 138.290 213.871 14 5 12 621 4
336.726 138.290 213.871 15 5 12 621 4
336.726 138.290 213.871 16 5 12 621 4
336.726 138.290 213.871 17 5 12 621 4
336.726 138.290 213.871 18 5 12 621 4
336.726 138.290 213.871 19 5 12 621 4
186.833 31.154 250.013 20 5 12 569 2
186.833 31.154 250.013 21 5 12 569 2
186.833 31.154 250.013 22 5 12 569 2
83.552 54.607 264.520 23 5 12 221 1
152.087 34.567 215.997 24 5 12 597 3
152.087 34.567 215.997 25 5 12 597 3
152.087 34.567 215.997 26 5 12 597 3
152.087 34.567 215.997 27 5 12 597 3
152.087 34.567 215.997 28 5 12 597 3
152.087 34.567 215.997 29 5 12 597 3
152.087 34.567 215.997 30 5 12 597 3
146.501 11.748 10.705 1 6 12 414 1
171.838 72.649 333.505 2 6 12 610 4
171.838 72.649 333.505 3 6 12 610 4
171.838 72.649 333.505 4 6 12 610 4
171.838 72.649 333.505 5 6 12 610 4
169.168 113.403 289.277 6 6 12 683 4
169.168 113.403 289.277 7 6 12 683 4
169.168 113.403 289.277 8 6 12 683 4
264.430 65.646 191.535 9 6 12 673 2
336.726 138.290 213.871 10 6 12 621 4
336.726 138.290 213.871 11 6 12 621 4
336.726 138.290 213.871 12 6 12 621 4
336.726 138.290 213.871 13 6 12 621 4
336.726 138.290 213.871 14 6 12 621 4
336.726 138.290 213.871 15 6 12 621 4
336.726 138.290 213.871 16 6 12 621 4
336.726 138.290 213.871 17 6 12 621 4
336.726 138.290 213.871 18 6 12 621 4
336.726 138.290 213.871 19 6 12 621 4
186.833 31.154 250.013 20 6 12 569 2
186.833 31.154 250.013 21 6 12 569 2
315.306 122.327 129.210 22 6 12 150 1
315.306 122.327 129.210 23 6 12 150 1
273.076 67.609 98.314 24 6 12 351 1
42.534 84.573 212.546 25 6 12 376 1
42.534 84.573 212.546 26 6 12 376 1
152.087 34.567 215.997 27 6 12 597 3
152.087 34.567 215.997 28 6 12 597 3
152.087 34.567 215.997 29 6 12 597 3
152.087 34.567 215.997 30 6 12 597 3
171.838 72.649 333.505 1 7 12 610 4
171.838 72.649 333.505 2 7 12 610 4
171.838 72.649 333.505 3 7 12 610 4
171.838 72.649 333.505 4 7 12 610 4
171.838 72.649 333.505 5 7 12 610 4
171.838 72.649 333.505 6 7 12 610 4
169.168 113.403 289.277 7 7 12 683 4
169.168 113.403 289.277 8 7 12 683 4
264.430 65.646 191.535 9 7 12 673 2
336.726 138.290 213.871 10 7 12 621 4
336.726 138.290 213.871 11 7 12 621 4
336.726 138.290 213.871 12 7 12 621 4
336.726 138.290 213.871 13 7 12 621 4
336.726 138.290 213.871 14 7 12 621 4
336.726 138.290 213.871 15 7 12 621 4
336.726 138.290 213.871 16 7 12 621 4
336.726 138.290 213.871 17 7 12 621 4
336.726 138.290 213.871 18 7 12 621 4
336.726 138.290 213.871 19 7 12 621 4
186.833 31.154 250.013 20 7 12 569 2
186.833 31.154 250.013 21 7 12 569 2
186.833 31.154 250.013 22 7 12 569 2
240.238 71.369 21.179 23 7 12 599 3
357.487 26.385 63.367 24 7 12 72 1
42.534 84.573 212.546 25 7 12 376 1
42.534 84.573 212.546 26 7 12 376 1
152.087 34.567 215.997 27 7 12 597 3
152.087 34.567 215.997 28 7 12 597 3
152.087 34.567 215.997 29 7 12 597 3
152.087 34.567 215.997 30 7 12 597 3
146.874 149.391 184.045 1 8 12 612 4
146.874 149.391 184.045 2 8 12 612 4
146.874 149.391 184.045 3 8 12 612 4
171.838 72.649 333.505 4 8 12 610 4
171.838 72.649 333.505 5 8 12 610 4
171.838 72.649 333.505 6 8 12 610 4
171.838 72.649 333.505 7 8 12 610 4
264.430 65.646 191.535 8 8 12 673 2
264.430 65.646 191.535 9 8 12 673 2
336.726 138.290 213.871 10 8 12 621 4
336.726 138.290 213.871 11 8 12 621 4
336.726 138.290 213.871 12 8 12 621 4
336.726 138.290 213.871 13 8 12 621 4
336.726 138.290 213.871 14 8 12 621 4
336.726 138.290 213.871 15 8 12 621 4
336.726 138.290 213.871 16 8 12 621 4
336.726 138.290 213.871 17 8 12 621 4
240.238 71.369 21.179 18 8 12 599 3
240.238 71.369 21.179 19 8 12 599 3
240.238 71.369 21.179 20 8 12 599 3
240.238 71.369 21.179 21 8 12 599 3
240.238 71.369 21.179 22 8 12 599 3
240.238 71.369 21.179 23 8 12 599 3
357.487 26.385 63.367 24 8 12 72 1
42.534 84.573 212.546 25 8 12 376 1
42.534 84.573 212.546 26 8 12 376 1
240.238 71.369 21.179 27 8 12 599 3
152.087 34.567 215.997 28 8 12 597 3
152.087 34.567 215.997 29 8 12 597 3
152.087 34.567 215.997 30 8 12 597 3
146.874 149.391 184.045 1 9 12 612 4
146.874 149.391 184.045 2 9 12 612 4
146.874 149.391 184.045 3 9 12 612 4
146.874 149.391 184.045 4 9 12 612 4
146.874 149.391 184.045 5 9 12 612 4
146.874 149.391 184.045 6 9 12 612 4
146.874 149.391 184.045 7 9 12 612 4
146.874 149.391 184.045 8 9 12 612 4
336.726 138.290 213.871 9 9 12 621 4
336.726 138.290 213.871 10 9 12 621 4
336.726 138.290 213.871 11 9 12 621 4
336.726 138.290 213.871 12 9 12 621 4
336.726 138.290 213.871 13 9 12 621 4
336.726 138.290 213.871 14 9 12 621 4
336.726 138.290 213.871 15 9 12 621 4
240.238 71.369 21.179 16 9 12 599 3
240.238 71.369 21.179 17 9 12 599 3
240.238 71.369 21.179 18 9 12 599 3
240.238 71.369 21.179 19 9 12 599 3
240.238 71.369 21.179 20 9 12 599 3
240.238 71.369 21.179 21 9 12 599 3
240.238 71.369 21.179 22 9 12 599 3
240.238 71.369 21.179 23 9 12 599 3
240.238 71.369 21.179 24 9 12 599 3
240.238 71.369 21.179 25 9 12 599 3
240.238 71.369 21.179 26 9 12 599 3
240.238 71.369 21.179 27 9 12 599 3
240.238 71.369 21.179 28 9 12 599 3
240.238 71.369 21.179 29 9 12 599 3
152.087 34.567 215.997 30 9 12 597 3
146.874 149.391 184.045 1 10 12 612 4
146.874 149.391 184.045 2 10 12 612 4
146.874 149.391 184.045 3 10 12 612 4
146.874 149.391 184.045 4 10 12 612 4
146.874 149.391 184.045 5 10 12 612 4
146.874 149.391 184.045 6 10 12 612 4
146.874 149.391 184.045 7 10 12 612 4
133.050 81.008 300.219 8 10 12 41 1
133.050 81.008 300.219 9 10 12 41 1
336.726 138.290 213.871 10 10 12 621 4
336.726 138.290 213.871 11 10 12 621 4
336.726 138.290 213.871 12 10 12 621 4
240.238 71.369 21.179 13 10 12 599 3
240.238 71.369 21.179 14 10 12 599 3
240.238 71.369 21.179 15 10 12 599 3
240.238 71.369 21.179 16 10 12 599 3
240.238 71.369 21.179 17 10 12 599 3
240.238 71.369 21.179 18 10 12 599 3
240.238 71.369 21.179 19 10 12 599 3
240.238 71.369 21.179 20 10 12 599 3
240.238 71.369 21.179 21 10 12 599 3
240.238 71.369 21.179 22 10 12 599 3
240.238 71.369 21.179 23 10 12 599 3
240.238 71.369 21.179 24 10 12 599 3
240.238 71.369 21.179 25 10 12 599 3
240.238 71.369 21.179 26 10 12 599 3
240.238 71.369 21.179 27 10 12 599 3
240.238 71.369 21.179 28 10 12 599 3
240.238 71.369 21.179 29 10 12 599 3
240.238 71.369 21.179 30 10 12 599 3
146.874 149.391 184.045 1 11 12 612 4
146.874 149.391 184.045 2 11 12 612 4
146.874 149.391 184.045 3 11 12 612 4
146.874 149.391 184.045 4 11 12 612 4
146.874 149.391 184.045 5 11 12 612 4
146.874 149.391 184.045 6 11 12 612 4
146.874 149.391 184.045 7 11 12 612 4
146.874 149.391 184.045 8 11 12 612 4
273.041 148.681 327.007 9 11 12 676 2
273.041 148.681 327.007 10 11 12 676 2
240.238 71.369 21.179 11 11 12 599 3
240.238 71.369 21.179 12 11 12 599 3
240.238 71.369 21.179 13 11 12 599 3
240.238 71.369 21.179 14 11 12 599 3
240.238 71.369 21.179 15 11 12 599 3
240.238 71.369 21.179 16 11 12 599 3
240.238 71.369 21.179 17 11 12 599 3
240.238 71.369 21.179 18 11 12 599 3
240.238 71.369 21.179 19 11 12 599 3
240.238 71.369 21.179 20 11 12 599 3
240.238 71.369 21.179 21 11 12 599 3
240.238 71.369 21.179 22 11 12 599 3
240.238 71.369 21.179 23 11 12 599 3
240.238 71.369 21.179 24 11 12 599 3
240.238 71.369 21.179 25 11 12 599 3
240.238 71.369 21.179 26 11 12 599 3
240.238 71.369 21.179 27 11 12 599 3
240.238 71.369 21.179 28 11 12 599 3
240.238 71.369 21.179 29 11 12 599 3
240.238 71.369 21.179 30 11 12 599 3
146.874 149.391 184.045 1 12 12 612 4
146.874 149.391 184.045 2 12 12 612 4
146.874 149.391 184.045 3 12 12 612 4
146.874 149.391 184.045 4 12 12 612 4
146.874 149.391 184.045 5 12 12 612 4
350.528 99.502 213.155 6 12 12 655 1
146.874 149.391 184.045 7 12 12 612 4
146.874 149.391 184.045 8 12 12 612 4
273.041 148.681 327.007 9 12 12 676 2
273.041 148.681 327.007 10 12 12 676 2
273.041 148.681 327.007 11 12 12 676 2
145.058 134.666 106.697 12 12 12 39 1
240.238 71.369 21.179 13 12 12 599 3
240.238 71.369 21.179 14 12 12 599 3
240.238 71.369 21.179 15 12 12 599 3
240.238 71.369 21.179 16 12 12 599 3
240.238 71.369 21.179 17 12 12 599 3
240.238 71.369 21.179 18 12 12 599 3
240.238 71.369 21.179 19 12 12 599 3
240.238 71.369 21.179 20 12 12 599 3
240.238 71.369 21.179 21 12 12 599 3
240.238 71.369 21.179 22 12 12 599 3
240.238 71.369 21.179 23 12 12 599 3
240.238 71.369 21.179 24 12 12 599 3
240.238 71.369 21.179 25 12 12 599 3
240.238 71.369 21.179 26 12 12 599 3
240.238 71.369 21.179 27 12 12 599 3
240.238 71.369 21.179 28 12 12 599 3
240.238 71.369 21.179 29 12 12 599 3
240.238 71.369 21.179 30 12 12 599 3
146.874 149.391 184.045 1 13 12 612 4
146.874 149.391 184.045 2 13 12 612 4
146.874 149.391 184.045 3 13 12 612 4
146.874 149.391 184.045 4 13 12 612 4
146.874 149.391 184.045 5 13 12 612 4
146.874 149.391 184.045 6 13 12 612 4
103.356 36.809 100.762 7 13 12 614 4
103.356 36.809 100.762 8 13 12 614 4
103.356 36.809 100.762 9 13 12 614 4
103.356 36.809 100.762 10 13 12 614 4
103.356 36.809 100.762 11 13 12 614 4
103.356 36.809 100.762 12 13 12 614 4
240.238 71.369 21.179 13 13 12 599 3
240.238 71.369 21.179 14 13 12 599 3
240.238 71.369 21.179 15 13 12 599 3
240.238 71.369 21.179 16 13 12 599 3
240.238 71.369 21.179 17 13 12 599 3
240.238 71.369 21.179 18 13 12 599 3
240.238 71.369 21.179 19 13 12 599 3
240.238 71.369 21.179 20 13 12 599 3
240.238 71.369 21.179 21 13 12 599 3
240.238 71.369 21.179 22 13 12 599 3
240.238 71.369 21.179 23 13 12 599 3
240.238 71.369 21.179 24 13 12 599 3
240.238 71.369 21.179 25 13 12 599 3
240.238 71.369 21.179 26 13 12 599 3
240.238 71.369 21.179 27 13 12 599 3
240.238 71.369 21.179 28 13 12 599 3
240.238 71.369 21.179 29 13 12 599 3
240.238 71.369 21.179 30 13 12 599 3
146.874 149.391 184.045 1 14 12 612 4
146.874 149.391 184.045 2 14 12 612 4
146.874 149.391 184.045 3 14 12 612 4
146.874 149.391 184.045 4 14 12 612 4
103.356 36.809 100.762 5 14 12 614 4
103.356 36.809 100.762 6 14 12 614 4
103.356 36.809 100.762 7 14 12 614 4
103.356 36.809 100.762 8 14 12 614 4
103.356 36.809 100.762 9 14 12 614 4
103.356 36.809 100.762 10 14 12 614 4
103.356 36.809 100.762 11 14 12 614 4
103.356 36.809 100.762 12 14 12 614 4
240.238 71.369 21.179 13 14 12 599 3
240.238 71.369 21.179 14 14 12 599 3
240.238 71.369 21.179 15 14 12 599 3
240.238 71.369 21.179 16 14 12 599 3
240.238 71.369 21.179 17 14 12 599 3
240.238 71.369 21.179 18 14 12 599 3
240.238 71.369 21.179 19 14 12 599 3
240.238 71.369 21.179 20 14 12 599 3
240.238 71.369 21.179 21 14 12 599 3
240.238 71.369 21.179 22 14 12 599 3
240.238 71.369 21.179 23 14 12 599 3
240.238 71.369 21.179 24 14 12 599 3
240.238 71.369 21.179 25 14 12 599 3
240.238 71.369 21.179 26 14 12 599 3
240.238 71.369 21.179 27 14 12 599 3
240.238 71.369 21.179 28 14 12 599 3
240.238 71.369 21.179 29 14 12 599 3
240.238 71.369 21.179 30 14 12 599 3
146.874 149.391 184.045 1 15 12 612 4
146.874 149.391 184.045 2 15 12 612 4
103.356 36.809 100.762 3 15 12 614 4
103.356 36.809 100.762 4 15 12 614 4
103.356 36.809 100.762 5 15 12 614 4
103.356 36.809 100.762 6 15 12 614 4
103.356 36.809 100.762 7 15 12 614 4
103.356 36.809 100.762 8 15 12 614 4
103.356 36.809 100.762 9 15 12 614 4
103.356 36.809 100.762 10 15 12 614 4
103.356 36.809 100.762 11 15 12 614 4
240.238 71.369 21.179 12 15 12 599 3
240.238 71.369 21.179 13 15 12 599 3
240.238 71.369 21.179 14 15 12 599 3
240.238 71.369 21.179 15 15 12 599 3
240.238 71.369 21.179 16 15 12 599 3
240.238 71.369 21.179 17 15 12 599 3
240.238 71.369 21.179 18 15 12 599 3
240.238 71.369 21.179 19 15 12 599 3
240.238 71.369 21.179 20 15 12 599 3
240.238 71.369 21.179 21 15 12 599 3
240.238 71.369 21.179 22 15 12 599 3
240.238 71.369 21.179 23 15 12 599 3
240.238 71.369 21.179 24 15 12 599 3
240.238 71.369 21.179 25 15 12 599 3
240.238 71.369 21.179 26 15 12 599 3
240.238 71.369 21.179 27 15 12 599 3
240.238 71.369 21.179 28 15 12 599 3
240.238 71.369 21.179 29 15 12 599 3
240.238 71.369 21.179 30 15 12 599 3
103.356 36.809 100.762 1 16 12 614 4
103.356 36.809 100.762 2 16 12 614 4
103.356 36.809 100.762 3 16 12 614 4
103.356 36.809 100.762 4 16 12 614 4
103.356 36.809 100.762 5 16 12 614 4
103.356 36.809 100.762 6 16 12 614 4
103.356 36.809 100.762 7 16 12 614 4
103.356 36.809 100.762 8 16 12 614 4
103.356 36.809 100.762 9 16 12 614 4
103.356 36.809 100.762 10 16 12 614 4
103.356 36.809 100.762 11 16 12 614 4
240.238 71.369 21.179 12 16 12 599 3
240.238 71.369 21.179 13 16 12 599 3
240.238 71.369 21.179 14 16 12 599 3
240.238 71.369 21.179 15 16 12 599 3
240.238 71.369 21.179 16 16 12 599 3
240.238 71.369 21.179 17 16 12 599 3
240.238 71.369 21.179 18 16 12 599 3
240.238 71.369 21.179 19 16 12 599 3
240.238 71.369 21.179 20 16 12 599 3
240.238 71.369 21.179 21 16 12 599 3
240.238 71.369 21.179 22 16 12 599 3
240.238 71.369 21.179 23 16 12 599 3
240.238 71.369 21.179 24 16 12 599 3
240.238 71.369 21.179 25 16 12 599 3
240.238 71.369 21.179 26 16 12 599 3
240.238 71.369 21.179 27 16 12 599 3
240.238 71.369 21.179 28 16 12 599 3
240.238 71.369 21.179 29 16 12 599 3
240.238 71.369 21.179 30 16 12 599 3
103.356 36.809 100.762 1 17 12 614 4
103.356 36.809 100.762 2 17 12 614 4
103.356 36.809 100.762 3 17 12 614 4
103.356 36.809 100.762 4 17 12 614 4
103.356 36.809 100.762 5 17 12 614 4
103.356 36.809 100.762 6 17 12 614 4
103.356 36.809 100.762 7 17 12 614 4
103.356 36.809 100.762 8 17 12 614 4
103.356 36.809 100.762 9 17 12 614 4
103.356 36.809 100.762 10 17 12 614 4
240.238 71.369 21.179 11 17 12 599 3
240.238 71.369 21.179 12 17 12 599 3
240.238 71.369 21.179 13 17 12 599 3
240.238 71.369 21.179 14 17 12 599 3
240.238 71.369 21.179 15 17 12 599 3
240.238 71.369 21.179 16 17 12 599 3
240.238 71.369 21.179 17 17 12 599 3
240.238 71.369 21.179 18 17 12 599 3
240.238 71.369 21.179 19 17 12 599 3
240.238 71.369 21.179 20 17 12 599 3
240.238 71.369 21.179 21 17 12 599 3
240.238 71.369 21.179 22 17 12 599 3
240.238 71.369 21.179 23 17 12 599 3
240.238 71.369 21.179 24 17 12 599 3
240.238 71.369 21.179 25 17 12 599 3
240.238 71.369 21.179 26 17 12 599 3
240.238 71.369 21.179 27 17 12 599 3
240.238 71.369 21.179 28 17 12 599 3
240.238 71.369 21.179 29 17 12 599 3
240.238 71.369 21.179 30 17 12 599 3
103.356 36.809 100.762 1 18 12 614 4
103.356 36.809 100.762 2 18 12 614 4
103.356 36.809 100.762 3 18 12 614 4
288.833 93.491 88.615 4 18 12 266 1
103.356 36.809 100.762 5 18 12 614 4
103.356 36.809 100.762 6 18 12 614 4
103.356 36.809 100.762 7 18 12 614 4
103.356 36.809 100.762 8 18 12 614 4
103.356 36.809 100.762 9 18 12 614 4
240.238 71.369 21.179 10 18 12 599 3
240.238 71.369 21.179 11 18 12 599 3
240.238 71.369 21.179 12 18 12 599 3
240.238 71.369 21.179 13 18 12 599 3
240.238 71.369 21.179 14 18 12 599 3
240.238 71.369 21.179 15 18 12 599 3
240.238 71.369 21.179 16 18 12 599 3
240.238 71.369 21.179 17 18 12 599 3
240.238 71.369 21.179 18 18 12 599 3
240.238 71.369 21.179 19 18 12 599 3
240.238 71.369 21.179 20 18 12 599 3
240.238 71.369 21.179 21 18 12 599 3
240.238 71.369 21.179 22 18 12 599 3
240.238 71.369 21.179 23 18 12 599 3
240.238 71.369 21.179 24 18 12 599 3
240.238 71.369 21.179 25 18 12 599 3
240.238 71.369 21.179 26 18 12 599 3
240.238 71.369 21.179 27 18 12 599 3
240.238 71.369 21.179 28 18 12 599 3
240.238 71.369 21.179 29 18 12 599 3
240.238 71.369 21.179 30 18 12 599 3
103.356 36.809 100.762 1 19 12 614 4
103.356 36.809 100.762 2 19 12 614 4
103.356 36.809 100.762 3 19 12 614 4
103.356 36.809 100.762 4 19 12 614 4
103.356 36.809 100.762 5 19 12 614 4
103.356 36.809 100.762 6 19 12 614 4
103.356 36.809 100.762 7 19 12 614 4
103.356 36.809 100.762 8 19 12 614 4
240.238 71.369 21.179 9 19 12 599 3
240.238 71.369 21.179 10 19 12 599 3
240.238 71.369 21.179 11 19 12 599 3
240.238 71.369 21.179 12 19 12 599 3
240.238 71.369 21.179 13 19 12 599 3
240.238 71.369 21.179 14 19 12 599 3
240.238 71.369 21.179 15 19 12 599 3
240.238 71.369 21.179 16 19 12 599 3
240.238 71.369 21.179 17 19 12 599 3
240.238 71.369 21.179 18 19 12 599 3
240.238 71.369 21.179 19 19 12 599 3
240.238 71.369 21.179 20 19 12 599 3
240.238 71.369 21.179 21 19 12 599 3
240.238 71.369 21.179 22 19 12 599 3
240.238 71.369 21.179 23 19 12 599 3
240.238 71.369 21.179 24 19 12 599 3
240.238 71.369 21.179 25 19 12 599 3
240.238 71.369 21.179 26 19 12 599 3
240.238 71.369 21.179 27 19 12 599 3
240.238 71.369 21.179 28 19 12 599 3
240.238 71.369 21.179 29 19 12 599 3
240.238 71.369 21.179 30 19 12 599 3
103.356 36.809 100.762 1 20 12 614 4
103.356 36.809 100.762 2 20 12 614 4
103.356 36.809 100.762 3 20 12 614 4
61.883 47.373 83.417 4 20 12 80 1
103.356 36.809 100.762 5 20 12 614 4
103.356 36.809 100.762 6 20 12 614 4
103.356 36.809 100.762 7 20 12 614 4
240.238 71.369 21.179 8 20 12 599 3
240.238 71.369 21.179 9 20 12 599 3
240.238 71.369 21.179 10 20 12 599 3
240.238 71.369 21.179 11 20 12 599 3
240.238 71.369 21.179 12 20 12 599 3
240.238 71.369 21.179 13 20 12 599 3
240.238 71.369 21.179 14 20 12 599 3
240.238 71.369 21.179 15 20 12 599 3
240.238 71.369 21.179 16 20 12 599 3
240.238 71.369 21.179 17 20 12 599 3
240.238 71.369 21.179 18 20 12 599 3
240.238 71.369 21.179 19 20 12 599 3
240.238 71.369 21.179 20 20 12 599 3
240.238 71.369 21.179 21 20 12 599 3
240.238 71.369 21.179 22 20 12 599 3
240.238 71.369 21.179 23 20 12 599 3
240.238 71.369 21.179 24 20 12 599 3
240.238 71.369 21.179 25 20 12 599 3
240.238 71.369 21.179 26 20 12 599 3
240.238 71.369 21.179 27 20 12 599 3
240.238 71.369 21.179 28 20 12 599 3
240.238 71.369 21.179 29 20 12 599 3
240.238 71.369 21.179 30 20 12 599 3
103.356 36.809 100.762 1 21 12 614 4
103.356 36.809 100.762 2 21 12 614 4
103.356 36.809 100.762 3 21 12 614 4
103.356 36.809 100.762 4 21 12 614 4
103.356 36.809 100.762 5 21 12 614 4
103.356 36.809 100.762 6 21 12 614 4
103.356 36.809 100.762 7 21 12 614 4
240.238 71.369 21.179 8 21 12 599 3
240.238 71.369 21.179 9 21 12 599 3
240.238 71.369 21.179 10 21 12 599 3
240.238 71.369 21.179 11 21 12 599 3
240.238 71.369 21.179 12 21 12 599 3
240.238 71.369 21.179 13 21 12 599 3
240.238 71.369 21.179 14 21 12 599 3
240.238 71.369 21.179 15 21 12 599 3
240.238 71.369 21.179 16 21 12 599 3
240.238 71.369 21.179 17 21 12 599 3
240.238 71.369 21.179 18 21 12 599 3
240.238 71.369 21.179 19 21 12 599 3
240.238 71.369 21.179 20 21 12 599 3
240.238 71.369 21.179 21 21 12 599 3
240.238 71.369 21.179 22 21 12 599 3
240.238 71.369 21.179 23 21 12 599 3
240.238 71.369 21.179 24 21 12 599 3
240.238 71.369 21.179 25 21 12 599 3
240.238 71.369 21.179 26 21 12 599 3
240.238 71.369 21.179 27 21 12 599 3
240.238 71.369 21.179 28 21 12 599 3
240.238 71.369 21.179 29 21 12 599 3
240.238 71.369 21.179 30 21 12 599 3
103.356 36.809 100.762 1 22 12 614 4
103.356 36.809 100.762 2 22 12 614 4
103.356 36.809 100.762 3 22 12 614 4
103.356 36.809 100.762 4 22 12 614 4
103.356 36.809 100.762 5 22 12 614 4
103.356 36.809 100.762 6 22 12 614 4
103.356 36.809 100.762 7 22 12 614 4
240.238 71.369 21.179 8 22 12 599 3
240.238 71.369 21.179 9 22 12 599 3
240.238 71.369 21.179 10 22 12 599 3
240.238 71.369 21.179 11 22 12 599 3
240.238 71.369 21.179 12 22 12 599 3
240.238 71.369 21.179 13 22 12 599 3
240.238 71.369 21.179 14 22 12 599 3
240.238 71.369 21.179 15 22 12 599 3
240.238 71.369 21.179 16 22 12 599 3
240.238 71.369 21.179 17 22 12 599 3
240.238 71.369 21.179 18 22 12 599 3
240.238 71.369 21.179 19 22 12 599 3
240.238 71.369 21.179 20 22 12 599 3
240.238 71.369 21.179 21 22 12 599 3
240.238 71.369 21.179 22 22 12 599 3
240.238 71.369 21.179 23 22 12 599 3
240.238 71.369 21.179 24 22 12 599 3
240.238 71.369 21.179 25 22 12 599 3
240.238 71.369 21.179 26 22 12 599 3
240.238 71.369 21.179 27 22 12 599 3
240.238 71.369 21.179 28 22 12 599 3
240.238 71.369 21.179 29 22 12 599 3
240.238 71.369 21.179 30 22 12 599 3
103.356 36.809 100.762 1 23 12 614 4
103.356 36.809 100.762 2 23 12 614 4
234.642 68.255 47.160 3 23 12 428 1
103.356 36.809 100.762 4 23 12 614 4
103.356 36.809 100.762 5 23 12 614 4
17.778 140.242 256.915 6 23 12 427 1
17.778 140.242 256.915 7 23 12 427 1
17.778 140.242 256.915 8 23 12 427 1
240.238 71.369 21.179 9 23 12 599 3
240.238 71.369 21.179 10 23 12 599 3
240.238 71.369 21.179 11 23 12 599 3
240.238 71.369 21.179 12 23 12 599 3
240.238 71.369 21.179 13 23 12 599 3
240.238 71.369 21.179 14 23 12 599 3
240.238 71.369 21.179 15 23 12 599 3
240.238 71.369 21.179 16 23 12 599 3
240.238 71.369 21.179 17 23 12 599 3
240.238 71.369 21.179 18 23 12 599 3
240.238 71.369 21.179 19 23 12 599 3
240.238 71.369 21.179 20 23 12 599 3
240.238 71.369 21.179 21 23 12 599 3
240.238 71.369 21.179 22 23 12 599 3
240.238 71.369 21.179 23 23 12 599 3
240.238 71.369 21.179 24 23 12 599 3
240.238 71.369 21.179 25 23 12 599 3
240.238 71.369 21.179 26 23 12 599 3
240.238 71.369 21.179 27 23 12 599 3
240.238 71.369 21.179 28 23 12 599 3
240.238 71.369 21.179 29 23 12 599 3
240.238 71.369 21.179 30 23 12 599 3
103.356 36.809 100.762 1 24 12 614 4
345.603 86.441 8.436 2 24 12 573 2
234.642 68.255 47.160 3 24 12 428 1
144.179 147.872 310.128 4 24 12 417 1
17.778 140.242 256.915 5 24 12 427 1
17.778 140.242 256.915 6 24 12 427 1
17.778 140.242 256.915 7 24 12 427 1
17.778 140.242 256.915 8 24 12 427 1
17.778 140.242 256.915 9 24 12 427 1
240.238 71.369 21.179 10 24 12 599 3
240.238 71.369 21.179 11 24 12 599 3
240.238 71.369 21.179 12 24 12 599 3
240.238 71.369 21.179 13 24 12 599 3
240.238 71.369 21.179 14 24 12 599 3
240.238 71.369 21.179 15 24 12 599 3
240.238 71.369 21.179 16 24 12 599 3
240.238 71.369 21.179 17 24 12 599 3
240.238 71.369 21.179 18 24 12 599 3
240.238 71.369 21.179 19 24 12 599 3
240.238 71.369 21.179 20 24 12 599 3
240.238 71.369 21.179 21 24 12 599 3
240.238 71.369 21.179 22 24 12 599 3
240.238 71.369 21.179 23 24 12 599 3
240.238 71.369 21.179 24 24 12 599 3
240.238 71.369 21.179 25 24 12 599 3
240.238 71.369 21.179 26 24 12 599 3
240.238 71.369 21.179 27 24 12 599 3
240.238 71.369 21.179 28 24 12 599 3
240.238 71.369 21.179 29 24 12 599 3
240.238 71.369 21.179 30 24 12 599 3
103.356 36.809 100.762 1 25 12 614 4
345.603 86.441 8.436 2 25 12 573 2
234.642 68.255 47.160 3 25 12 428 1
144.179 147.872 310.128 4 25 12 417 1
144.179 147.872 310.128 5 25 12 417 1
17.778 140.242 256.915 6 25 12 427 1
17.778 140.242 256.915 7 25 12 427 1
17.778 140.242 256.915 8 25 12 427 1
17.778 140.242 256.915 9 25 12 427 1
17.778 140.242 256.915 10 25 12 427 1
240.238 71.369 21.179 11 25 12 599 3
240.238 71.369 21.179 12 25 12 599 3
240.238 71.369 21.179 13 25 12 599 3
240.238 71.369 21.179 14 25 12 599 3
240.238 71.369 21.179 15 25 12 599 3
240.238 71.369 21.179 16 25 12 599 3
240.238 71.369 21.179 17 25 12 599 3
240.238 71.369 21.179 18 25 12 599 3
240.238 71.369 21.179 19 25 12 599 3
240.238 71.369 21.179 20 25 12 599 3
240.238 71.369 21.179 21 25 12 599 3
240.238 71.369 21.179 22 25 12 599 3
240.238 71.369 21.179 23 25 12 599 3
240.238 71.369 21.179 24 25 12 599 3
240.238 71.369 21.179 25 25 12 599 3
240.238 71.369 21.179 26 25 12 599 3
240.238 71.369 21.179 27 25 12 599 3
240.238 71.369 21.179 28 25 12 599 3
240.238 71.369 21.179 29 25 12 599 3
240.238 71.369 21.179 30 25 12 599 3
279.893 85.858 331.839 1 26 12 560 2
279.893 85.858 331.839 2 26 12 560 2
279.893 85.858 331.839 3 26 12 560 2
279.893 85.858 331.839 4 26 12 560 2
63.652 23.425 208.416 5 26 12 604 4
268.683 135.836 309.453 6 26 12 592 2
268.683 135.836 309.453 7 26 12 592 2
268.683 135.836 309.453 8 26 12 592 2
268.683 135.836 309.453 9 26 12 592 2
268.683 135.836 309.453 10 26 12 592 2
171.237 91.602 249.621 11 26 12 342 1
171.237 91.602 249.621 12 26 12 342 1
240.238 71.369 21.179 13 26 12 599 3
240.238 71.369 21.179 14 26 12 599 3
240.238 71.369 21.179 15 26 12 599 3
240.238 71.369 21.179 16 26 12 599 3
240.238 71.369 21.179 17 26 12 599 3
240.238 71.369 21.179 18 26 12 599 3
240.238 71.369 21.179 19 26 12 599 3
240.238 71.369 21.179 20 26 12 599 3
240.238 71.369 21.179 21 26 12 599 3
240.238 71.369 21.179 22 26 12 599 3
240.238 71.369 21.179 23 26 12 599 3
240.238 71.369 21.179 24 26 12 599 3
240.238 71.369 21.179 25 26 12 599 3
240.238 71.369 21.179 26 26 12 599 3
148.837 14.311 16.900 27 26 12 681 4
148.837 14.311 16.900 28 26 12 681 4
148.837 14.311 16.900 29 26 12 681 4
61.803 87.139 229.619 30 26 12 70 1
107.944 108.402 204.225 1 27 12 400 1
107.944 108.402 204.225 2 27 12 400 1
107.944 108.402 204.225 3 27 12 400 1
348.016 134.579 306.930 4 27 12 141 1
348.016 134.579 306.930 5 27 12 141 1
268.683 135.836 309.453 6 27 12 592 2
268.683 135.836 309.453 7 27 12 592 2
268.683 135.836 309.453 8 27 12 592 2
268.683 135.836 309.453 9 27 12 592 2
268.683 135.836 309.453 10 27 12 592 2
38.683 34.314 174.492 11 27 12 353 1
38.683 34.314 174.492 12 27 12 353 1
298.259 79.901 261.726 13 27 12 603 4
298.259 79.901 261.726 14 27 12 603 4
298.259 79.901 261.726 15 27 12 603 4
298.259 79.901 261.726 16 27 12 603 4
298.259 79.901 261.726 17 27 12 603 4
298.259 79.901 261.726 18 27 12 603 4
298.259 79.901 261.726 19 27 12 603 4
298.259 79.901 261.726 20 27 12 603 4
302.956 110.867 220.807 21 27 12 547 2
302.956 110.867 220.807 22 27 12 547 2
302.956 110.867 220.807 23 27 12 547 2
240.238 71.369 21.179 24 27 12 599 3
148.837 14.311 16.900 25 27 12 681 4
148.837 14.311 16.900 26 27 12 681 4
148.837 14.311 16.900 27 27 12 681 4
148.837 14.311 16.900 28 27 12 681 4
148.837 14.311 16.900 29 27 12 681 4
148.837 14.311 16.900 30 27 12 681 4
107.944 108.402 204.225 1 28 12 400 1
107.944 108.402 204.225 2 28 12 400 1
140.644 143.483 348.012 3 28 12 334 1
348.016 134.579 306.930 4 28 12 141 1
348.016 134.579 306.930 5 28 12 141 1
268.683 135.836 309.453 6 28 12 592 2
268.683 135.836 309.453 7 28 12 592 2
268.683 135.836 309.453 8 28 12 592 2
268.683 135.836 309.453 9 28 12 592 2
272.208 105.151 21.864 10 28 12 284 1
272.208 105.151 21.864 11 28 12 284 1
298.259 79.901 261.726 12 28 12 603 4
298.259 79.901 261.726 13 28 12 603 4
298.259 79.901 261.726 14 28 12 603 4
298.259 79.901 261.726 15 28 12 603 4
298.259 79.901 261.726 16 28 12 603 4
298.259 79.901 261.726 17 28 12 603 4
292.026 11.325 51.230 18 28 12 345 1
298.259 79.901 261.726 19 28 12 603 4
298.259 79.901 261.726 20 28 12 603 4
302.956 110.867 220.807 21 28 12 547 2
302.956 110.867 220.807 22 28 12 547 2
302.956 110.867 220.807 23 28 12 547 2
302.956 110.867 220.807 24 28 12 547 2
148.837 14.311 16.900 25 28 12 681 4
89.412 65.546 148.045 26 28 12 108 1
148.837 14.311 16.900 27 28 12 681 4
148.837 14.311 16.900 28 28 12 681 4
148.837 14.311 16.900 29 28 12 681 4
148.837 14.311 16.900 30 28 12 681 4
107.944 108.402 204.225 1 29 12 400 1
140.644 143.483 348.012 2 29 12 334 1
63.652 23.425 208.416 3 29 12 604 4
348.016 134.579 306.930 4 29 12 141 1
63.652 23.425 208.416 5 29 12 604 4
268.683 135.836 309.453 6 29 12 592 2
268.683 135.836 309.453 7 29 12 592 2
268.683 135.836 309.453 8 29 12 592 2
268.683 135.836 309.453 9 29 12 592 2
272.208 105.151 21.864 10 29 12 284 1
298.259 79.901 261.726 11 29 12 603 4
298.259 79.901 261.726 12 29 12 603 4
298.259 79.901 261.726 13 29 12 603 4
298.259 79.901 261.726 14 29 12 603 4
298.259 79.901 261.726 15 29 12 603 4
298.259 79.901 261.726 16 29 12 603 4
298.259 79.901 261.726 17 29 12 603 4
298.259 79.901 261.726 18 29 12 603 4
298.259 79.901 261.726 19 29 12 603 4
298.259 79.901 261.726 20 29 12 603 4
184.491 88.027 237.039 21 29 12 632 1
302.956 110.867 220.807 22 29 12 547 2
302.956 110.867 220.807 23 29 12 547 2
148.837 14.311 16.900 24 29 12 681 4
148.837 14.311 16.900 25 29 12 681 4
148.837 14.311 16.900 26 29 12 681 4
148.837 14.311 16.900 27 29 12 681 4
148.837 14.311 16.900 28 29 12 681 4
148.837 14.311 16.900 29 29 12 681 4
148.837 14.311 16.900 30 29 12 681 4
63.652 23.425 208.416 1 30 12 604 4
63.652 23.425 208.416 2 30 12 604 4
63.652 23.425 208.416 3 30 12 604 4
63.652 23.425 208.416 4 30 12 604 4
63.652 23.425 208.416 5 30 12 604 4
63.652 23.425 208.416 6 30 12 604 4
268.683 135.836 309.453 7 30 12 592 2
81.443 87.768 308.388 8 30 12 212 1
23.793 45.594 121.097 9 30 12 624 1
328.268 105.738 354.124 10 30 12 484 2
298.259 79.901 261.726 11 30 12 603 4
298.259 79.901 261.726 12 30 12 603 4
298.259 79.901 261.726 13 30 12 603 4
130.944 126.611 300.855 14 30 12 347 1
298.259 79.901 261.726 15 30 12 603 4
298.259 79.901 261.726 16 30 12 603 4
298.259 79.901 261.726 17 30 12 603 4
298.259 79.901 261.726 18 30 12 603 4
298.259 79.901 261.726 19 30 12 603 4
206.330 97.832 178.915 20 30 12 206 1
184.491 88.027 237.039 21 30 12 632 1
302.956 110.867 220.807 22 30 12 547 2
220.317 96.686 319.254 23 30 12 652 1
220.317 96.686 319.254 24 30 12 652 1
148.837 14.311 16.900 25 30 12 681 4
148.837 14.311 16.900 26 30 12 681 4
148.837 14.311 16.900 27 30 12 681 4
148.837 14.311 16.900 28 30 12 681 4
148.837 14.311 16.900 29 30 12 681 4
148.837 14.311 16.900 30 30 12 681 4
