-0.944857 -1.388967 -0.788524
2.934500 0.679585 0.702105
-0.232191 -0.147143 0.240982
1.569984 -1.295143 2.737675
3.593419 0.308638 -2.909195
-75.945567 -44.542641 -107.437931
-0.168438 -0.095201 1.132638
-0.960803 -1.962366 -1.033912
0.757384 -0.859129 -3.393079
1.002512 -0.916846 -0.514987
0.036723 3.066907 -4.044536
2.249796 3.447304 -0.269024
-0.061734 -0.232060 0.086357
-7.632486 -1.953786 -10.843298
3.966366 0.900980 0.457313
-1.483185 -0.463670 0.127237
-0.214141 -0.185928 0.166637
8.114930 1.694639 1.742305
4.211081 -0.211207 -2.800292
-2.177559 -2.200322 2.766824
2.874249 4.083311 -0.192719
0.347850 -1.749075 0.239122
2.873355 -0.073525 -1.994118
0.555171 -0.009054 0.259999
-0.951477 -0.097970 2.439384
0.529342 1.267398 1.316634
8.318434 3.274868 1.202258
3.233351 0.826817 -2.139949
0.466106 0.436618 -0.417106
0.729743 1.332604 1.446014
-0.167120 0.675596 0.118444
0.260137 0.836439 1.069240
-1.121882 0.556326 -0.845536
26.522589 6.948333 4.253289
-1.040871 0.301154 -0.757817
-0.617048 0.267713 1.592025
0.633730 1.639249 1.537495
2.157337 -2.010567 3.033758
-1.315933 -0.626534 -0.109336
0.485521 -0.880115 -3.966895
-0.410211 -0.190058 1.241535
2.089380 3.297243 -0.299575
1.180189 -1.048107 -0.293107
0.423896 1.095286 1.275392
-1.957248 -2.510050 2.361127
18.220152 5.766093 3.707988
18.865620 -14.891190 8.043186
-1.391908 -0.664297 0.112334
-0.230893 -0.055940 1.237045
0.525477 1.128245 1.059309
0.067509 -0.212166 -0.651518
0.222489 0.924104 1.028558
0.175892 -0.566914 -3.108519
-0.170787 -0.142989 0.309752
-0.138563 -1.809287 0.646358
-0.299330 0.877502 -0.021996
-5.208356 -6.076471 5.128366
-0.952329 3.980166 -1.005105
0.521845 0.542794 -0.516108
-1.253504 -0.328490 0.080011
0.112210 -1.389536 0.475991
5.332379 -0.468834 -3.536899
-0.298076 0.550703 0.055078
1.218567 -0.996891 -3.396866
1.272500 -1.368942 2.375122
-0.645870 0.038133 1.763967
-0.405951 0.008412 1.767764
2.171665 3.319923 0.085907
-0.009923 -0.319119 -0.703220
-0.493077 1.901294 -3.159453
4.111427 21.075895 -21.969621
0.111287 -0.199306 -0.615958
5.646451 -15.046798 -15.039682
4.408980 -8.329623 -7.230881
0.181811 -1.908730 0.586432
0.602272 0.528242 -0.271630
-1.169791 -2.126838 -1.118034
-0.497406 -0.150708 1.685191
0.965433 -0.667594 1.705007
0.025194 -1.091392 0.304421
0.877407 -1.246642 -5.483814
0.916344 -0.857195 -0.190149
-0.992073 0.327371 -0.843014
-35.809625 22.218044 -12.095317
-0.026550 -0.155552 0.197954
0.502491 1.376015 1.426685
1.489870 2.361188 -0.180515
-0.829716 -1.680326 -1.112335
6.266672 1.311695 0.578513
-2.820434 -2.786529 2.474030
-1.132598 -0.223233 0.183952
2.002007 3.611209 -0.089782
7.411063 15.966522 -0.853181
-1.648724 1.074528 0.832525
1.008018 -0.442742 -5.377372
-1.534124 -0.374414 0.034475
-1.481418 0.925867 1.108583
2.706396 4.742181 -0.209356
-0.281799 0.754118 0.001614
1.852036 0.058652 -1.455593
