207.023 73.990 8.950 1 1 5 137 4
207.023 73.990 8.950 2 1 5 137 4
207.023 73.990 8.950 3 1 5 137 4
207.023 73.990 8.950 4 1 5 137 4
207.023 73.990 8.950 5 1 5 137 4
308.281 159.999 74.809 6 1 5 95 1
308.281 159.999 74.809 7 1 5 95 1
152.280 148.142 11.357 8 1 5 111 2
13.330 116.373 284.623 9 1 5 82 1
120.052 29.144 198.188 10 1 5 125 2
120.052 29.144 198.188 11 1 5 125 2
120.052 29.144 198.188 12 1 5 125 2
278.990 101.986 133.133 13 1 5 138 4
278.990 101.986 133.133 14 1 5 138 4
278.990 101.986 133.133 15 1 5 138 4
278.990 101.986 133.133 16 1 5 138 4
278.990 101.986 133.133 17 1 5 138 4
207.301 148.184 173.544 18 1 5 112 2
253.016 82.102 340.517 19 1 5 68 1
253.016 82.102 340.517 20 1 5 68 1
207.023 73.990 8.950 1 2 5 137 4
207.023 73.990 8.950 2 2 5 137 4
207.023 73.990 8.950 3 2 5 137 4
193.526 129.320 134.539 4 2 5 130 2
193.526 129.320 134.539 5 2 5 130 2
193.526 129.320 134.539 6 2 5 130 2
193.526 129.320 134.539 7 2 5 130 2
152.280 148.142 11.357 8 2 5 111 2
120.052 29.144 198.188 9 2 5 125 2
120.052 29.144 198.188 10 2 5 125 2
220.948 133.710 267.729 11 2 5 52 1
220.948 133.710 267.729 12 2 5 52 1
278.990 101.986 133.133 13 2 5 138 4
278.990 101.986 133.133 14 2 5 138 4
278.990 101.986 133.133 15 2 5 138 4
278.990 101.986 133.133 16 2 5 138 4
233.260 48.436 68.980 17 2 5 151 1
207.301 148.184 173.544 18 2 5 112 2
207.301 148.184 173.544 19 2 5 112 2
253.016 82.102 340.517 20 2 5 68 1
207.023 73.990 8.950 1 3 5 137 4
207.023 73.990 8.950 2 3 5 137 4
207.023 73.990 8.950 3 3 5 137 4
193.526 129.320 134.539 4 3 5 130 2
193.526 129.320 134.539 5 3 5 130 2
193.526 129.320 134.539 6 3 5 130 2
193.526 129.320 134.539 7 3 5 130 2
193.526 129.320 134.539 8 3 5 130 2
120.052 29.144 198.188 9 3 5 125 2
120.052 29.144 198.188 10 3 5 125 2
220.948 133.710 267.729 11 3 5 52 1
220.948 133.710 267.729 12 3 5 52 1
278.990 101.986 133.133 13 3 5 138 4
278.990 101.986 133.133 14 3 5 138 4
278.990 101.986 133.133 15 3 5 138 4
278.990 101.986 133.133 16 3 5 138 4
278.990 101.986 133.133 17 3 5 138 4
207.301 148.184 173.544 18 3 5 112 2
207.301 148.184 173.544 19 3 5 112 2
253.016 82.102 340.517 20 3 5 68 1
207.023 73.990 8.950 1 4 5 137 4
207.023 73.990 8.950 2 4 5 137 4
207.023 73.990 8.950 3 4 5 137 4
193.526 129.320 134.539 4 4 5 130 2
193.526 129.320 134.539 5 4 5 130 2
193.526 129.320 134.539 6 4 5 130 2
193.526 129.320 134.539 7 4 5 130 2
171.287 87.624 101.033 8 4 5 133 3
171.287 87.624 101.033 9 4 5 133 3
171.287 87.624 101.033 10 4 5 133 3
171.287 87.624 101.033 11 4 5 133 3
171.287 87.624 101.033 12 4 5 133 3
278.990 101.986 133.133 13 4 5 138 4
278.990 101.986 133.133 14 4 5 138 4
278.990 101.986 133.133 15 4 5 138 4
278.990 101.986 133.133 16 4 5 138 4
278.990 101.986 133.133 17 4 5 138 4
185.967 107.010 302.377 18 4 5 126 2
207.301 148.184 173.544 19 4 5 112 2
253.016 82.102 340.517 20 4 5 68 1
207.023 73.990 8.950 1 5 5 137 4
207.023 73.990 8.950 2 5 5 137 4
207.023 73.990 8.950 3 5 5 137 4
207.023 73.990 8.950 4 5 5 137 4
193.526 129.320 134.539 5 5 5 130 2
171.287 87.624 101.033 6 5 5 133 3
171.287 87.624 101.033 7 5 5 133 3
171.287 87.624 101.033 8 5 5 133 3
171.287 87.624 101.033 9 5 5 133 3
171.287 87.624 101.033 10 5 5 133 3
171.287 87.624 101.033 11 5 5 133 3
171.287 87.624 101.033 12 5 5 133 3
278.990 101.986 133.133 13 5 5 138 4
278.990 101.986 133.133 14 5 5 138 4
278.990 101.986 133.133 15 5 5 138 4
278.990 101.986 133.133 16 5 5 138 4
278.990 101.986 133.133 17 5 5 138 4
185.967 107.010 302.377 18 5 5 126 2
207.301 148.184 173.544 19 5 5 112 2
207.301 148.184 173.544 20 5 5 112 2
207.023 73.990 8.950 1 6 5 137 4
207.023 73.990 8.950 2 6 5 137 4
207.023 73.990 8.950 3 6 5 137 4
171.287 87.624 101.033 4 6 5 133 3
171.287 87.624 101.033 5 6 5 133 3
171.287 87.624 101.033 6 6 5 133 3
171.287 87.624 101.033 7 6 5 133 3
171.287 87.624 101.033 8 6 5 133 3
171.287 87.624 101.033 9 6 5 133 3
171.287 87.624 101.033 10 6 5 133 3
171.287 87.624 101.033 11 6 5 133 3
171.287 87.624 101.033 12 6 5 133 3
278.990 101.986 133.133 13 6 5 138 4
278.990 101.986 133.133 14 6 5 138 4
278.990 101.986 133.133 15 6 5 138 4
278.990 101.986 133.133 16 6 5 138 4
136.237 129.778 54.914 17 6 5 139 4
136.237 129.778 54.914 18 6 5 139 4
136.237 129.778 54.914 19 6 5 139 4
136.237 129.778 54.914 20 6 5 139 4
207.023 73.990 8.950 1 7 5 137 4
207.023 73.990 8.950 2 7 5 137 4
171.287 87.624 101.033 3 7 5 133 3
171.287 87.624 101.033 4 7 5 133 3
171.287 87.624 101.033 5 7 5 133 3
171.287 87.624 101.033 6 7 5 133 3
171.287 87.624 101.033 7 7 5 133 3
171.287 87.624 101.033 8 7 5 133 3
171.287 87.624 101.033 9 7 5 133 3
171.287 87.624 101.033 10 7 5 133 3
171.287 87.624 101.033 11 7 5 133 3
171.287 87.624 101.033 12 7 5 133 3
278.990 101.986 133.133 13 7 5 138 4
278.990 101.986 133.133 14 7 5 138 4
278.990 101.986 133.133 15 7 5 138 4
171.287 87.624 101.033 16 7 5 133 3
136.237 129.778 54.914 17 7 5 139 4
136.237 129.778 54.914 18 7 5 139 4
136.237 129.778 54.914 19 7 5 139 4
136.237 129.778 54.914 20 7 5 139 4
322.827 28.449 261.452 1 8 5 134 4
322.827 28.449 261.452 2 8 5 134 4
171.287 87.624 101.033 3 8 5 133 3
171.287 87.624 101.033 4 8 5 133 3
171.287 87.624 101.033 5 8 5 133 3
171.287 87.624 101.033 6 8 5 133 3
171.287 87.624 101.033 7 8 5 133 3
171.287 87.624 101.033 8 8 5 133 3
171.287 87.624 101.033 9 8 5 133 3
171.287 87.624 101.033 10 8 5 133 3
171.287 87.624 101.033 11 8 5 133 3
171.287 87.624 101.033 12 8 5 133 3
278.990 101.986 133.133 13 8 5 138 4
278.990 101.986 133.133 14 8 5 138 4
278.990 101.986 133.133 15 8 5 138 4
136.237 129.778 54.914 16 8 5 139 4
136.237 129.778 54.914 17 8 5 139 4
136.237 129.778 54.914 18 8 5 139 4
136.237 129.778 54.914 19 8 5 139 4
136.237 129.778 54.914 20 8 5 139 4
322.827 28.449 261.452 1 9 5 134 4
322.827 28.449 261.452 2 9 5 134 4
322.827 28.449 261.452 3 9 5 134 4
171.287 87.624 101.033 4 9 5 133 3
171.287 87.624 101.033 5 9 5 133 3
171.287 87.624 101.033 6 9 5 133 3
171.287 87.624 101.033 7 9 5 133 3
171.287 87.624 101.033 8 9 5 133 3
171.287 87.624 101.033 9 9 5 133 3
171.287 87.624 101.033 10 9 5 133 3
171.287 87.624 101.033 11 9 5 133 3
171.287 87.624 101.033 12 9 5 133 3
171.287 87.624 101.033 13 9 5 133 3
278.990 101.986 133.133 14 9 5 138 4
171.287 87.624 101.033 15 9 5 133 3
136.237 129.778 54.914 16 9 5 139 4
136.237 129.778 54.914 17 9 5 139 4
136.237 129.778 54.914 18 9 5 139 4
136.237 129.778 54.914 19 9 5 139 4
136.237 129.778 54.914 20 9 5 139 4
322.827 28.449 261.452 1 10 5 134 4
322.827 28.449 261.452 2 10 5 134 4
322.827 28.449 261.452 3 10 5 134 4
322.827 28.449 261.452 4 10 5 134 4
171.287 87.624 101.033 5 10 5 133 3
171.287 87.624 101.033 6 10 5 133 3
171.287 87.624 101.033 7 10 5 133 3
171.287 87.624 101.033 8 10 5 133 3
171.287 87.624 101.033 9 10 5 133 3
171.287 87.624 101.033 10 10 5 133 3
171.287 87.624 101.033 11 10 5 133 3
171.287 87.624 101.033 12 10 5 133 3
278.990 101.986 133.133 13 10 5 138 4
278.990 101.986 133.133 14 10 5 138 4
136.237 129.778 54.914 15 10 5 139 4
136.237 129.778 54.914 16 10 5 139 4
136.237 129.778 54.914 17 10 5 139 4
136.237 129.778 54.914 18 10 5 139 4
136.237 129.778 54.914 19 10 5 139 4
136.237 129.778 54.914 20 10 5 139 4
322.827 28.449 261.452 1 11 5 134 4
322.827 28.449 261.452 2 11 5 134 4
322.827 28.449 261.452 3 11 5 134 4
322.827 28.449 261.452 4 11 5 134 4
171.287 87.624 101.033 5 11 5 133 3
171.287 87.624 101.033 6 11 5 133 3
171.287 87.624 101.033 7 11 5 133 3
171.287 87.624 101.033 8 11 5 133 3
171.287 87.624 101.033 9 11 5 133 3
171.287 87.624 101.033 10 11 5 133 3
171.287 87.624 101.033 11 11 5 133 3
171.287 87.624 101.033 12 11 5 133 3
278.990 101.986 133.133 13 11 5 138 4
136.237 129.778 54.914 14 11 5 139 4
136.237 129.778 54.914 15 11 5 139 4
136.237 129.778 54.914 16 11 5 139 4
136.237 129.778 54.914 17 11 5 139 4
136.237 129.778 54.914 18 11 5 139 4
136.237 129.778 54.914 19 11 5 139 4
136.237 129.778 54.914 20 11 5 139 4
322.827 28.449 261.452 1 12 5 134 4
322.827 28.449 261.452 2 12 5 134 4
322.827 28.449 261.452 3 12 5 134 4
322.827 28.449 261.452 4 12 5 134 4
322.827 28.449 261.452 5 12 5 134 4
322.827 28.449 261.452 6 12 5 134 4
171.287 87.624 101.033 7 12 5 133 3
171.287 87.624 101.033 8 12 5 133 3
171.287 87.624 101.033 9 12 5 133 3
171.287 87.624 101.033 10 12 5 133 3
171.287 87.624 101.033 11 12 5 133 3
278.990 101.986 133.133 12 12 5 138 4
278.990 101.986 133.133 13 12 5 138 4
136.237 129.778 54.914 14 12 5 139 4
136.237 129.778 54.914 15 12 5 139 4
136.237 129.778 54.914 16 12 5 139 4
136.237 129.778 54.914 17 12 5 139 4
136.237 129.778 54.914 18 12 5 139 4
136.237 129.778 54.914 19 12 5 139 4
136.237 129.778 54.914 20 12 5 139 4
322.827 28.449 261.452 1 13 5 134 4
322.827 28.449 261.452 2 13 5 134 4
322.827 28.449 261.452 3 13 5 134 4
322.827 28.449 261.452 4 13 5 134 4
322.827 28.449 261.452 5 13 5 134 4
322.827 28.449 261.452 6 13 5 134 4
40.181 123.564 221.854 7 13 5 157 1
40.181 123.564 221.854 8 13 5 157 1
171.287 87.624 101.033 9 13 5 133 3
297.097 106.929 3.357 10 13 5 102 2
297.097 106.929 3.357 11 13 5 102 2
297.097 106.929 3.357 12 13 5 102 2
278.990 101.986 133.133 13 13 5 138 4
136.237 129.778 54.914 14 13 5 139 4
136.237 129.778 54.914 15 13 5 139 4
136.237 129.778 54.914 16 13 5 139 4
136.237 129.778 54.914 17 13 5 139 4
136.237 129.778 54.914 18 13 5 139 4
136.237 129.778 54.914 19 13 5 139 4
136.237 129.778 54.914 20 13 5 139 4
322.827 28.449 261.452 1 14 5 134 4
322.827 28.449 261.452 2 14 5 134 4
322.827 28.449 261.452 3 14 5 134 4
322.827 28.449 261.452 4 14 5 134 4
322.827 28.449 261.452 5 14 5 134 4
322.827 28.449 261.452 6 14 5 134 4
297.097 106.929 3.357 7 14 5 102 2
297.097 106.929 3.357 8 14 5 102 2
297.097 106.929 3.357 9 14 5 102 2
297.097 106.929 3.357 10 14 5 102 2
297.097 106.929 3.357 11 14 5 102 2
297.097 106.929 3.357 12 14 5 102 2
136.237 129.778 54.914 13 14 5 139 4
136.237 129.778 54.914 14 14 5 139 4
136.237 129.778 54.914 15 14 5 139 4
136.237 129.778 54.914 16 14 5 139 4
136.237 129.778 54.914 17 14 5 139 4
136.237 129.778 54.914 18 14 5 139 4
136.237 129.778 54.914 19 14 5 139 4
136.237 129.778 54.914 20 14 5 139 4
322.827 28.449 261.452 1 15 5 134 4
322.827 28.449 261.452 2 15 5 134 4
322.827 28.449 261.452 3 15 5 134 4
322.827 28.449 261.452 4 15 5 134 4
322.827 28.449 261.452 5 15 5 134 4
203.774 58.792 23.945 6 15 5 156 1
297.097 106.929 3.357 7 15 5 102 2
297.097 106.929 3.357 8 15 5 102 2
297.097 106.929 3.357 9 15 5 102 2
297.097 106.929 3.357 10 15 5 102 2
297.097 106.929 3.357 11 15 5 102 2
297.097 106.929 3.357 12 15 5 102 2
136.237 129.778 54.914 13 15 5 139 4
136.237 129.778 54.914 14 15 5 139 4
136.237 129.778 54.914 15 15 5 139 4
136.237 129.778 54.914 16 15 5 139 4
136.237 129.778 54.914 17 15 5 139 4
136.237 129.778 54.914 18 15 5 139 4
136.237 129.778 54.914 19 15 5 139 4
136.237 129.778 54.914 20 15 5 139 4
322.827 28.449 261.452 1 16 5 134 4
322.827 28.449 261.452 2 16 5 134 4
322.827 28.449 261.452 3 16 5 134 4
322.827 28.449 261.452 4 16 5 134 4
322.827 28.449 261.452 5 16 5 134 4
203.774 58.792 23.945 6 16 5 156 1
297.097 106.929 3.357 7 16 5 102 2
297.097 106.929 3.357 8 16 5 102 2
297.097 106.929 3.357 9 16 5 102 2
297.097 106.929 3.357 10 16 5 102 2
297.097 106.929 3.357 11 16 5 102 2
332.987 78.512 318.603 12 16 5 56 1
136.237 129.778 54.914 13 16 5 139 4
136.237 129.778 54.914 14 16 5 139 4
136.237 129.778 54.914 15 16 5 139 4
136.237 129.778 54.914 16 16 5 139 4
136.237 129.778 54.914 17 16 5 139 4
136.237 129.778 54.914 18 16 5 139 4
136.237 129.778 54.914 19 16 5 139 4
136.237 129.778 54.914 20 16 5 139 4
322.827 28.449 261.452 1 17 5 134 4
322.827 28.449 261.452 2 17 5 134 4
322.827 28.449 261.452 3 17 5 134 4
119.423 22.729 105.171 4 17 5 33 1
203.774 58.792 23.945 5 17 5 156 1
203.774 58.792 23.945 6 17 5 156 1
308.154 9.737 264.914 7 17 5 127 2
308.154 9.737 264.914 8 17 5 127 2
308.154 9.737 264.914 9 17 5 127 2
41.684 107.571 156.197 10 17 5 168 4
41.684 107.571 156.197 11 17 5 168 4
41.684 107.571 156.197 12 17 5 168 4
41.684 107.571 156.197 13 17 5 168 4
41.684 107.571 156.197 14 17 5 168 4
41.684 107.571 156.197 15 17 5 168 4
41.684 107.571 156.197 16 17 5 168 4
136.237 129.778 54.914 17 17 5 139 4
136.237 129.778 54.914 18 17 5 139 4
136.237 129.778 54.914 19 17 5 139 4
136.237 129.778 54.914 20 17 5 139 4
322.827 28.449 261.452 1 18 5 134 4
217.133 95.781 309.260 2 18 5 114 2
217.133 95.781 309.260 3 18 5 114 2
119.423 22.729 105.171 4 18 5 33 1
119.423 22.729 105.171 5 18 5 33 1
308.154 9.737 264.914 6 18 5 127 2
308.154 9.737 264.914 7 18 5 127 2
308.154 9.737 264.914 8 18 5 127 2
308.154 9.737 264.914 9 18 5 127 2
41.684 107.571 156.197 10 18 5 168 4
41.684 107.571 156.197 11 18 5 168 4
41.684 107.571 156.197 12 18 5 168 4
41.684 107.571 156.197 13 18 5 168 4
41.684 107.571 156.197 14 18 5 168 4
41.684 107.571 156.197 15 18 5 168 4
41.684 107.571 156.197 16 18 5 168 4
41.684 107.571 156.197 17 18 5 168 4
136.237 129.778 54.914 18 18 5 139 4
136.237 129.778 54.914 19 18 5 139 4
339.703 141.868 143.657 20 18 5 118 2
217.133 95.781 309.260 1 19 5 114 2
217.133 95.781 309.260 2 19 5 114 2
217.133 95.781 309.260 3 19 5 114 2
119.423 22.729 105.171 4 19 5 33 1
119.423 22.729 105.171 5 19 5 33 1
197.770 98.697 95.352 6 19 5 109 2
197.770 98.697 95.352 7 19 5 109 2
197.770 98.697 95.352 8 19 5 109 2
197.770 98.697 95.352 9 19 5 109 2
41.684 107.571 156.197 10 19 5 168 4
41.684 107.571 156.197 11 19 5 168 4
41.684 107.571 156.197 12 19 5 168 4
41.684 107.571 156.197 13 19 5 168 4
41.684 107.571 156.197 14 19 5 168 4
41.684 107.571 156.197 15 19 5 168 4
41.684 107.571 156.197 16 19 5 168 4
41.684 107.571 156.197 17 19 5 168 4
41.684 107.571 156.197 18 19 5 168 4
136.237 129.778 54.914 19 19 5 139 4
136.237 129.778 54.914 20 19 5 139 4
217.133 95.781 309.260 1 20 5 114 2
217.133 95.781 309.260 2 20 5 114 2
217.133 95.781 309.260 3 20 5 114 2
119.423 22.729 105.171 4 20 5 33 1
119.423 22.729 105.171 5 20 5 33 1
197.770 98.697 95.352 6 20 5 109 2
197.770 98.697 95.352 7 20 5 109 2
197.770 98.697 95.352 8 20 5 109 2
197.770 98.697 95.352 9 20 5 109 2
41.684 107.571 156.197 10 20 5 168 4
41.684 107.571 156.197 11 20 5 168 4
41.684 107.571 156.197 12 20 5 168 4
41.684 107.571 156.197 13 20 5 168 4
41.684 107.571 156.197 14 20 5 168 4
41.684 107.571 156.197 15 20 5 168 4
41.684 107.571 156.197 16 20 5 168 4
41.684 107.571 156.197 17 20 5 168 4
41.684 107.571 156.197 18 20 5 168 4
136.237 129.778 54.914 19 20 5 139 4
136.237 129.778 54.914 20 20 5 139 4
