114.752 71.835 334.816 1 1 17 132 3
114.752 71.835 334.816 2 1 17 132 3
114.752 71.835 334.816 3 1 17 132 3
114.752 71.835 334.816 4 1 17 132 3
114.752 71.835 334.816 5 1 17 132 3
114.752 71.835 334.816 6 1 17 132 3
114.752 71.835 334.816 7 1 17 132 3
114.752 71.835 334.816 8 1 17 132 3
114.752 71.835 334.816 9 1 17 132 3
114.752 71.835 334.816 10 1 17 132 3
114.752 71.835 334.816 11 1 17 132 3
114.752 71.835 334.816 12 1 17 132 3
78.615 90.804 314.132 13 1 17 53 1
218.463 96.321 84.559 14 1 17 35 1
175.647 50.113 261.750 15 1 17 136 4
175.647 50.113 261.750 16 1 17 136 4
175.647 50.113 261.750 17 1 17 136 4
175.647 50.113 261.750 18 1 17 136 4
175.647 50.113 261.750 19 1 17 136 4
175.647 50.113 261.750 20 1 17 136 4
114.752 71.835 334.816 1 2 17 132 3
114.752 71.835 334.816 2 2 17 132 3
114.752 71.835 334.816 3 2 17 132 3
114.752 71.835 334.816 4 2 17 132 3
114.752 71.835 334.816 5 2 17 132 3
114.752 71.835 334.816 6 2 17 132 3
114.752 71.835 334.816 7 2 17 132 3
114.752 71.835 334.816 8 2 17 132 3
114.752 71.835 334.816 9 2 17 132 3
114.752 71.835 334.816 10 2 17 132 3
114.752 71.835 334.816 11 2 17 132 3
114.752 71.835 334.816 12 2 17 132 3
78.615 90.804 314.132 13 2 17 53 1
218.463 96.321 84.559 14 2 17 35 1
175.647 50.113 261.750 15 2 17 136 4
175.647 50.113 261.750 16 2 17 136 4
175.647 50.113 261.750 17 2 17 136 4
175.647 50.113 261.750 18 2 17 136 4
175.647 50.113 261.750 19 2 17 136 4
175.647 50.113 261.750 20 2 17 136 4
114.752 71.835 334.816 1 3 17 132 3
114.752 71.835 334.816 2 3 17 132 3
114.752 71.835 334.816 3 3 17 132 3
114.752 71.835 334.816 4 3 17 132 3
114.752 71.835 334.816 5 3 17 132 3
114.752 71.835 334.816 6 3 17 132 3
114.752 71.835 334.816 7 3 17 132 3
114.752 71.835 334.816 8 3 17 132 3
114.752 71.835 334.816 9 3 17 132 3
114.752 71.835 334.816 10 3 17 132 3
114.752 71.835 334.816 11 3 17 132 3
114.752 71.835 334.816 12 3 17 132 3
114.752 71.835 334.816 13 3 17 132 3
114.752 71.835 334.816 14 3 17 132 3
175.647 50.113 261.750 15 3 17 136 4
175.647 50.113 261.750 16 3 17 136 4
175.647 50.113 261.750 17 3 17 136 4
175.647 50.113 261.750 18 3 17 136 4
175.647 50.113 261.750 19 3 17 136 4
175.647 50.113 261.750 20 3 17 136 4
114.752 71.835 334.816 1 4 17 132 3
114.752 71.835 334.816 2 4 17 132 3
114.752 71.835 334.816 3 4 17 132 3
114.752 71.835 334.816 4 4 17 132 3
114.752 71.835 334.816 5 4 17 132 3
114.752 71.835 334.816 6 4 17 132 3
114.752 71.835 334.816 7 4 17 132 3
114.752 71.835 334.816 8 4 17 132 3
114.752 71.835 334.816 9 4 17 132 3
114.752 71.835 334.816 10 4 17 132 3
114.752 71.835 334.816 11 4 17 132 3
114.752 71.835 334.816 12 4 17 132 3
114.752 71.835 334.816 13 4 17 132 3
114.752 71.835 334.816 14 4 17 132 3
175.647 50.113 261.750 15 4 17 136 4
175.647 50.113 261.750 16 4 17 136 4
175.647 50.113 261.750 17 4 17 136 4
175.647 50.113 261.750 18 4 17 136 4
175.647 50.113 261.750 19 4 17 136 4
175.647 50.113 261.750 20 4 17 136 4
114.752 71.835 334.816 1 5 17 132 3
114.752 71.835 334.816 2 5 17 132 3
114.752 71.835 334.816 3 5 17 132 3
114.752 71.835 334.816 4 5 17 132 3
114.752 71.835 334.816 5 5 17 132 3
114.752 71.835 334.816 6 5 17 132 3
114.752 71.835 334.816 7 5 17 132 3
114.752 71.835 334.816 8 5 17 132 3
114.752 71.835 334.816 9 5 17 132 3
114.752 71.835 334.816 10 5 17 132 3
114.752 71.835 334.816 11 5 17 132 3
114.752 71.835 334.816 12 5 17 132 3
114.752 71.835 334.816 13 5 17 132 3
114.752 71.835 334.816 14 5 17 132 3
175.647 50.113 261.750 15 5 17 136 4
175.647 50.113 261.750 16 5 17 136 4
175.647 50.113 261.750 17 5 17 136 4
175.647 50.113 261.750 18 5 17 136 4
175.647 50.113 261.750 19 5 17 136 4
175.647 50.113 261.750 20 5 17 136 4
114.752 71.835 334.816 1 6 17 132 3
114.752 71.835 334.816 2 6 17 132 3
114.752 71.835 334.816 3 6 17 132 3
114.752 71.835 334.816 4 6 17 132 3
114.752 71.835 334.816 5 6 17 132 3
114.752 71.835 334.816 6 6 17 132 3
114.752 71.835 334.816 7 6 17 132 3
114.752 71.835 334.816 8 6 17 132 3
114.752 71.835 334.816 9 6 17 132 3
114.752 71.835 334.816 10 6 17 132 3
114.752 71.835 334.816 11 6 17 132 3
114.752 71.835 334.816 12 6 17 132 3
114.752 71.835 334.816 13 6 17 132 3
114.752 71.835 334.816 14 6 17 132 3
175.647 50.113 261.750 15 6 17 136 4
175.647 50.113 261.750 16 6 17 136 4
175.647 50.113 261.750 17 6 17 136 4
175.647 50.113 261.750 18 6 17 136 4
175.647 50.113 261.750 19 6 17 136 4
175.647 50.113 261.750 20 6 17 136 4
114.752 71.835 334.816 1 7 17 132 3
114.752 71.835 334.816 2 7 17 132 3
114.752 71.835 334.816 3 7 17 132 3
114.752 71.835 334.816 4 7 17 132 3
114.752 71.835 334.816 5 7 17 132 3
114.752 71.835 334.816 6 7 17 132 3
114.752 71.835 334.816 7 7 17 132 3
114.752 71.835 334.816 8 7 17 132 3
114.752 71.835 334.816 9 7 17 132 3
114.752 71.835 334.816 10 7 17 132 3
114.752 71.835 334.816 11 7 17 132 3
114.752 71.835 334.816 12 7 17 132 3
114.752 71.835 334.816 13 7 17 132 3
333.726 133.808 338.180 14 7 17 54 1
333.726 133.808 338.180 15 7 17 54 1
175.647 50.113 261.750 16 7 17 136 4
175.647 50.113 261.750 17 7 17 136 4
175.647 50.113 261.750 18 7 17 136 4
175.647 50.113 261.750 19 7 17 136 4
175.647 50.113 261.750 20 7 17 136 4
323.363 82.020 329.638 1 8 17 104 2
323.363 82.020 329.638 2 8 17 104 2
323.363 82.020 329.638 3 8 17 104 2
114.752 71.835 334.816 4 8 17 132 3
114.752 71.835 334.816 5 8 17 132 3
114.752 71.835 334.816 6 8 17 132 3
114.752 71.835 334.816 7 8 17 132 3
114.752 71.835 334.816 8 8 17 132 3
114.752 71.835 334.816 9 8 17 132 3
114.752 71.835 334.816 10 8 17 132 3
114.752 71.835 334.816 11 8 17 132 3
114.752 71.835 334.816 12 8 17 132 3
114.752 71.835 334.816 13 8 17 132 3
114.752 71.835 334.816 14 8 17 132 3
333.726 133.808 338.180 15 8 17 54 1
175.647 50.113 261.750 16 8 17 136 4
175.647 50.113 261.750 17 8 17 136 4
175.647 50.113 261.750 18 8 17 136 4
175.647 50.113 261.750 19 8 17 136 4
175.647 50.113 261.750 20 8 17 136 4
114.752 71.835 334.816 1 9 17 132 3
114.752 71.835 334.816 2 9 17 132 3
114.752 71.835 334.816 3 9 17 132 3
114.752 71.835 334.816 4 9 17 132 3
114.752 71.835 334.816 5 9 17 132 3
114.752 71.835 334.816 6 9 17 132 3
114.752 71.835 334.816 7 9 17 132 3
114.752 71.835 334.816 8 9 17 132 3
114.752 71.835 334.816 9 9 17 132 3
114.752 71.835 334.816 10 9 17 132 3
114.752 71.835 334.816 11 9 17 132 3
114.752 71.835 334.816 12 9 17 132 3
114.752 71.835 334.816 13 9 17 132 3
114.752 71.835 334.816 14 9 17 132 3
175.647 50.113 261.750 15 9 17 136 4
175.647 50.113 261.750 16 9 17 136 4
175.647 50.113 261.750 17 9 17 136 4
175.647 50.113 261.750 18 9 17 136 4
175.647 50.113 261.750 19 9 17 136 4
175.647 50.113 261.750 20 9 17 136 4
114.752 71.835 334.816 1 10 17 132 3
114.752 71.835 334.816 2 10 17 132 3
114.752 71.835 334.816 3 10 17 132 3
114.752 71.835 334.816 4 10 17 132 3
114.752 71.835 334.816 5 10 17 132 3
114.752 71.835 334.816 6 10 17 132 3
38.134 76.298 315.576 7 10 17 110 2
38.134 76.298 315.576 8 10 17 110 2
38.134 76.298 315.576 9 10 17 110 2
114.752 71.835 334.816 10 10 17 132 3
114.752 71.835 334.816 11 10 17 132 3
114.752 71.835 334.816 12 10 17 132 3
40.437 90.542 158.050 13 10 17 116 2
40.437 90.542 158.050 14 10 17 116 2
40.437 90.542 158.050 15 10 17 116 2
175.647 50.113 261.750 16 10 17 136 4
175.647 50.113 261.750 17 10 17 136 4
175.647 50.113 261.750 18 10 17 136 4
175.647 50.113 261.750 19 10 17 136 4
175.647 50.113 261.750 20 10 17 136 4
189.554 38.091 303.380 1 11 17 131 3
189.554 38.091 303.380 2 11 17 131 3
114.752 71.835 334.816 3 11 17 132 3
114.752 71.835 334.816 4 11 17 132 3
347.332 164.020 290.997 5 11 17 101 2
347.332 164.020 290.997 6 11 17 101 2
38.134 76.298 315.576 7 11 17 110 2
38.134 76.298 315.576 8 11 17 110 2
38.134 76.298 315.576 9 11 17 110 2
114.752 71.835 334.816 10 11 17 132 3
114.752 71.835 334.816 11 11 17 132 3
114.752 71.835 334.816 12 11 17 132 3
40.437 90.542 158.050 13 11 17 116 2
40.437 90.542 158.050 14 11 17 116 2
40.437 90.542 158.050 15 11 17 116 2
175.647 50.113 261.750 16 11 17 136 4
175.647 50.113 261.750 17 11 17 136 4
175.647 50.113 261.750 18 11 17 136 4
175.647 50.113 261.750 19 11 17 136 4
175.647 50.113 261.750 20 11 17 136 4
189.554 38.091 303.380 1 12 17 131 3
189.554 38.091 303.380 2 12 17 131 3
189.554 38.091 303.380 3 12 17 131 3
189.554 38.091 303.380 4 12 17 131 3
347.332 164.020 290.997 5 12 17 101 2
347.332 164.020 290.997 6 12 17 101 2
347.332 164.020 290.997 7 12 17 101 2
38.134 76.298 315.576 8 12 17 110 2
38.134 76.298 315.576 9 12 17 110 2
114.752 71.835 334.816 10 12 17 132 3
114.752 71.835 334.816 11 12 17 132 3
44.820 154.927 85.662 12 12 17 90 1
44.820 154.927 85.662 13 12 17 90 1
191.949 128.926 12.073 14 12 17 81 1
175.647 50.113 261.750 15 12 17 136 4
175.647 50.113 261.750 16 12 17 136 4
175.647 50.113 261.750 17 12 17 136 4
175.647 50.113 261.750 18 12 17 136 4
175.647 50.113 261.750 19 12 17 136 4
175.647 50.113 261.750 20 12 17 136 4
189.554 38.091 303.380 1 13 17 131 3
189.554 38.091 303.380 2 13 17 131 3
189.554 38.091 303.380 3 13 17 131 3
189.554 38.091 303.380 4 13 17 131 3
189.554 38.091 303.380 5 13 17 131 3
347.332 164.020 290.997 6 13 17 101 2
347.332 164.020 290.997 7 13 17 101 2
38.134 76.298 315.576 8 13 17 110 2
38.134 76.298 315.576 9 13 17 110 2
72.499 136.573 45.190 10 13 17 135 4
36.276 119.489 249.875 11 13 17 123 2
36.276 119.489 249.875 12 13 17 123 2
36.276 119.489 249.875 13 13 17 123 2
191.949 128.926 12.073 14 13 17 81 1
315.740 111.318 238.505 15 13 17 129 2
315.740 111.318 238.505 16 13 17 129 2
175.647 50.113 261.750 17 13 17 136 4
175.647 50.113 261.750 18 13 17 136 4
175.647 50.113 261.750 19 13 17 136 4
175.647 50.113 261.750 20 13 17 136 4
189.554 38.091 303.380 1 14 17 131 3
189.554 38.091 303.380 2 14 17 131 3
189.554 38.091 303.380 3 14 17 131 3
189.554 38.091 303.380 4 14 17 131 3
189.554 38.091 303.380 5 14 17 131 3
189.554 38.091 303.380 6 14 17 131 3
189.554 38.091 303.380 7 14 17 131 3
189.554 38.091 303.380 8 14 17 131 3
189.554 38.091 303.380 9 14 17 131 3
36.276 119.489 249.875 10 14 17 123 2
36.276 119.489 249.875 11 14 17 123 2
36.276 119.489 249.875 12 14 17 123 2
36.276 119.489 249.875 13 14 17 123 2
36.276 119.489 249.875 14 14 17 123 2
315.740 111.318 238.505 15 14 17 129 2
264.821 50.576 236.410 16 14 17 25 1
175.647 50.113 261.750 17 14 17 136 4
175.647 50.113 261.750 18 14 17 136 4
175.647 50.113 261.750 19 14 17 136 4
175.647 50.113 261.750 20 14 17 136 4
189.554 38.091 303.380 1 15 17 131 3
189.554 38.091 303.380 2 15 17 131 3
189.554 38.091 303.380 3 15 17 131 3
189.554 38.091 303.380 4 15 17 131 3
189.554 38.091 303.380 5 15 17 131 3
189.554 38.091 303.380 6 15 17 131 3
189.554 38.091 303.380 7 15 17 131 3
189.554 38.091 303.380 8 15 17 131 3
189.554 38.091 303.380 9 15 17 131 3
189.554 38.091 303.380 10 15 17 131 3
339.700 58.153 254.910 11 15 17 92 1
339.700 58.153 254.910 12 15 17 92 1
92.315 100.393 215.126 13 15 17 36 1
250.400 91.189 258.083 14 15 17 77 1
250.400 91.189 258.083 15 15 17 77 1
142.495 52.778 216.633 16 15 17 1 1
142.495 52.778 216.633 17 15 17 1 1
175.647 50.113 261.750 18 15 17 136 4
175.647 50.113 261.750 19 15 17 136 4
175.647 50.113 261.750 20 15 17 136 4
189.554 38.091 303.380 1 16 17 131 3
189.554 38.091 303.380 2 16 17 131 3
189.554 38.091 303.380 3 16 17 131 3
189.554 38.091 303.380 4 16 17 131 3
189.554 38.091 303.380 5 16 17 131 3
189.554 38.091 303.380 6 16 17 131 3
189.554 38.091 303.380 7 16 17 131 3
189.554 38.091 303.380 8 16 17 131 3
189.554 38.091 303.380 9 16 17 131 3
189.554 38.091 303.380 10 16 17 131 3
339.700 58.153 254.910 11 16 17 92 1
339.700 58.153 254.910 12 16 17 92 1
92.315 100.393 215.126 13 16 17 36 1
250.400 91.189 258.083 14 16 17 77 1
250.400 91.189 258.083 15 16 17 77 1
250.400 91.189 258.083 16 16 17 77 1
142.495 52.778 216.633 17 16 17 1 1
142.495 52.778 216.633 18 16 17 1 1
175.647 50.113 261.750 19 16 17 136 4
175.647 50.113 261.750 20 16 17 136 4
318.713 64.793 172.371 1 17 17 100 2
189.554 38.091 303.380 2 17 17 131 3
189.554 38.091 303.380 3 17 17 131 3
189.554 38.091 303.380 4 17 17 131 3
189.554 38.091 303.380 5 17 17 131 3
189.554 38.091 303.380 6 17 17 131 3
189.554 38.091 303.380 7 17 17 131 3
189.554 38.091 303.380 8 17 17 131 3
189.554 38.091 303.380 9 17 17 131 3
189.554 38.091 303.380 10 17 17 131 3
339.700 58.153 254.910 11 17 17 92 1
339.700 58.153 254.910 12 17 17 92 1
250.400 91.189 258.083 13 17 17 77 1
250.400 91.189 258.083 14 17 17 77 1
250.400 91.189 258.083 15 17 17 77 1
41.684 107.571 156.197 16 17 17 168 4
142.495 52.778 216.633 17 17 17 1 1
41.684 107.571 156.197 18 17 17 168 4
41.684 107.571 156.197 19 17 17 168 4
175.647 50.113 261.750 20 17 17 136 4
318.713 64.793 172.371 1 18 17 100 2
318.713 64.793 172.371 2 18 17 100 2
189.554 38.091 303.380 3 18 17 131 3
189.554 38.091 303.380 4 18 17 131 3
189.554 38.091 303.380 5 18 17 131 3
189.554 38.091 303.380 6 18 17 131 3
189.554 38.091 303.380 7 18 17 131 3
189.554 38.091 303.380 8 18 17 131 3
189.554 38.091 303.380 9 18 17 131 3
229.538 85.106 32.050 10 18 17 106 2
229.538 85.106 32.050 11 18 17 106 2
41.684 107.571 156.197 12 18 17 168 4
41.684 107.571 156.197 13 18 17 168 4
41.684 107.571 156.197 14 18 17 168 4
41.684 107.571 156.197 15 18 17 168 4
41.684 107.571 156.197 16 18 17 168 4
41.684 107.571 156.197 17 18 17 168 4
41.684 107.571 156.197 18 18 17 168 4
41.684 107.571 156.197 19 18 17 168 4
41.684 107.571 156.197 20 18 17 168 4
318.713 64.793 172.371 1 19 17 100 2
318.713 64.793 172.371 2 19 17 100 2
318.713 64.793 172.371 3 19 17 100 2
139.517 65.372 261.644 4 19 17 22 1
189.554 38.091 303.380 5 19 17 131 3
189.554 38.091 303.380 6 19 17 131 3
189.554 38.091 303.380 7 19 17 131 3
189.554 38.091 303.380 8 19 17 131 3
189.554 38.091 303.380 9 19 17 131 3
189.403 100.053 84.139 10 19 17 91 1
41.684 107.571 156.197 11 19 17 168 4
41.684 107.571 156.197 12 19 17 168 4
41.684 107.571 156.197 13 19 17 168 4
41.684 107.571 156.197 14 19 17 168 4
41.684 107.571 156.197 15 19 17 168 4
41.684 107.571 156.197 16 19 17 168 4
41.684 107.571 156.197 17 19 17 168 4
41.684 107.571 156.197 18 19 17 168 4
41.684 107.571 156.197 19 19 17 168 4
41.684 107.571 156.197 20 19 17 168 4
318.713 64.793 172.371 1 20 17 100 2
318.713 64.793 172.371 2 20 17 100 2
318.713 64.793 172.371 3 20 17 100 2
139.517 65.372 261.644 4 20 17 22 1
139.517 65.372 261.644 5 20 17 22 1
139.517 65.372 261.644 6 20 17 22 1
139.517 65.372 261.644 7 20 17 22 1
189.554 38.091 303.380 8 20 17 131 3
189.403 100.053 84.139 9 20 17 91 1
189.403 100.053 84.139 10 20 17 91 1
123.700 100.606 314.907 11 20 17 70 1
41.684 107.571 156.197 12 20 17 168 4
41.684 107.571 156.197 13 20 17 168 4
41.684 107.571 156.197 14 20 17 168 4
41.684 107.571 156.197 15 20 17 168 4
41.684 107.571 156.197 16 20 17 168 4
41.684 107.571 156.197 17 20 17 168 4
41.684 107.571 156.197 18 20 17 168 4
41.684 107.571 156.197 19 20 17 168 4
41.684 107.571 156.197 20 20 17 168 4
