207.023 73.990 8.950 1 1 13 137 4
207.023 73.990 8.950 2 1 13 137 4
207.023 73.990 8.950 3 1 13 137 4
207.023 73.990 8.950 4 1 13 137 4
207.023 73.990 8.950 5 1 13 137 4
207.023 73.990 8.950 6 1 13 137 4
207.023 73.990 8.950 7 1 13 137 4
207.023 73.990 8.950 8 1 13 137 4
207.023 73.990 8.950 9 1 13 137 4
302.127 92.659 69.090 10 1 13 108 2
302.127 92.659 69.090 11 1 13 108 2
77.556 111.482 68.876 12 1 13 38 1
77.556 111.482 68.876 13 1 13 38 1
55.839 89.550 131.044 14 1 13 47 1
55.839 89.550 131.044 15 1 13 47 1
184.400 106.313 287.899 16 1 13 11 1
184.400 106.313 287.899 17 1 13 11 1
175.647 50.113 261.750 18 1 13 136 4
175.647 50.113 261.750 19 1 13 136 4
93.763 148.373 350.622 20 1 13 153 1
345.480 32.838 40.717 1 2 13 5 1
345.480 32.838 40.717 2 2 13 5 1
207.023 73.990 8.950 3 2 13 137 4
207.023 73.990 8.950 4 2 13 137 4
207.023 73.990 8.950 5 2 13 137 4
207.023 73.990 8.950 6 2 13 137 4
207.023 73.990 8.950 7 2 13 137 4
207.023 73.990 8.950 8 2 13 137 4
302.127 92.659 69.090 9 2 13 108 2
302.127 92.659 69.090 10 2 13 108 2
302.127 92.659 69.090 11 2 13 108 2
77.556 111.482 68.876 12 2 13 38 1
313.567 149.752 217.053 13 2 13 167 1
55.839 89.550 131.044 14 2 13 47 1
322.166 141.990 9.548 15 2 13 66 1
184.400 106.313 287.899 16 2 13 11 1
184.400 106.313 287.899 17 2 13 11 1
175.647 50.113 261.750 18 2 13 136 4
175.647 50.113 261.750 19 2 13 136 4
175.647 50.113 261.750 20 2 13 136 4
345.480 32.838 40.717 1 3 13 5 1
345.480 32.838 40.717 2 3 13 5 1
207.023 73.990 8.950 3 3 13 137 4
207.023 73.990 8.950 4 3 13 137 4
207.023 73.990 8.950 5 3 13 137 4
207.023 73.990 8.950 6 3 13 137 4
207.023 73.990 8.950 7 3 13 137 4
207.023 73.990 8.950 8 3 13 137 4
302.127 92.659 69.090 9 3 13 108 2
302.127 92.659 69.090 10 3 13 108 2
302.127 92.659 69.090 11 3 13 108 2
77.556 111.482 68.876 12 3 13 38 1
313.567 149.752 217.053 13 3 13 167 1
231.840 12.115 197.066 14 3 13 76 1
140.637 137.359 282.487 15 3 13 44 1
140.637 137.359 282.487 16 3 13 44 1
140.637 137.359 282.487 17 3 13 44 1
175.647 50.113 261.750 18 3 13 136 4
175.647 50.113 261.750 19 3 13 136 4
175.647 50.113 261.750 20 3 13 136 4
114.752 71.835 334.816 1 4 13 132 3
114.752 71.835 334.816 2 4 13 132 3
114.752 71.835 334.816 3 4 13 132 3
114.752 71.835 334.816 4 4 13 132 3
207.023 73.990 8.950 5 4 13 137 4
207.023 73.990 8.950 6 4 13 137 4
114.752 71.835 334.816 7 4 13 132 3
171.287 87.624 101.033 8 4 13 133 3
171.287 87.624 101.033 9 4 13 133 3
171.287 87.624 101.033 10 4 13 133 3
171.287 87.624 101.033 11 4 13 133 3
171.287 87.624 101.033 12 4 13 133 3
171.287 87.624 101.033 13 4 13 133 3
171.287 87.624 101.033 14 4 13 133 3
140.637 137.359 282.487 15 4 13 44 1
140.637 137.359 282.487 16 4 13 44 1
140.637 137.359 282.487 17 4 13 44 1
175.647 50.113 261.750 18 4 13 136 4
175.647 50.113 261.750 19 4 13 136 4
175.647 50.113 261.750 20 4 13 136 4
114.752 71.835 334.816 1 5 13 132 3
114.752 71.835 334.816 2 5 13 132 3
114.752 71.835 334.816 3 5 13 132 3
114.752 71.835 334.816 4 5 13 132 3
114.752 71.835 334.816 5 5 13 132 3
114.752 71.835 334.816 6 5 13 132 3
114.752 71.835 334.816 7 5 13 132 3
171.287 87.624 101.033 8 5 13 133 3
171.287 87.624 101.033 9 5 13 133 3
171.287 87.624 101.033 10 5 13 133 3
171.287 87.624 101.033 11 5 13 133 3
171.287 87.624 101.033 12 5 13 133 3
171.287 87.624 101.033 13 5 13 133 3
171.287 87.624 101.033 14 5 13 133 3
171.287 87.624 101.033 15 5 13 133 3
140.637 137.359 282.487 16 5 13 44 1
140.637 137.359 282.487 17 5 13 44 1
175.647 50.113 261.750 18 5 13 136 4
175.647 50.113 261.750 19 5 13 136 4
175.647 50.113 261.750 20 5 13 136 4
114.752 71.835 334.816 1 6 13 132 3
114.752 71.835 334.816 2 6 13 132 3
114.752 71.835 334.816 3 6 13 132 3
114.752 71.835 334.816 4 6 13 132 3
114.752 71.835 334.816 5 6 13 132 3
114.752 71.835 334.816 6 6 13 132 3
171.287 87.624 101.033 7 6 13 133 3
171.287 87.624 101.033 8 6 13 133 3
171.287 87.624 101.033 9 6 13 133 3
171.287 87.624 101.033 10 6 13 133 3
171.287 87.624 101.033 11 6 13 133 3
171.287 87.624 101.033 12 6 13 133 3
171.287 87.624 101.033 13 6 13 133 3
171.287 87.624 101.033 14 6 13 133 3
171.287 87.624 101.033 15 6 13 133 3
171.287 87.624 101.033 16 6 13 133 3
175.647 50.113 261.750 17 6 13 136 4
175.647 50.113 261.750 18 6 13 136 4
175.647 50.113 261.750 19 6 13 136 4
175.647 50.113 261.750 20 6 13 136 4
114.752 71.835 334.816 1 7 13 132 3
114.752 71.835 334.816 2 7 13 132 3
114.752 71.835 334.816 3 7 13 132 3
114.752 71.835 334.816 4 7 13 132 3
114.752 71.835 334.816 5 7 13 132 3
114.752 71.835 334.816 6 7 13 132 3
171.287 87.624 101.033 7 7 13 133 3
171.287 87.624 101.033 8 7 13 133 3
171.287 87.624 101.033 9 7 13 133 3
171.287 87.624 101.033 10 7 13 133 3
171.287 87.624 101.033 11 7 13 133 3
171.287 87.624 101.033 12 7 13 133 3
171.287 87.624 101.033 13 7 13 133 3
171.287 87.624 101.033 14 7 13 133 3
171.287 87.624 101.033 15 7 13 133 3
171.287 87.624 101.033 16 7 13 133 3
175.647 50.113 261.750 17 7 13 136 4
175.647 50.113 261.750 18 7 13 136 4
175.647 50.113 261.750 19 7 13 136 4
175.647 50.113 261.750 20 7 13 136 4
114.752 71.835 334.816 1 8 13 132 3
114.752 71.835 334.816 2 8 13 132 3
114.752 71.835 334.816 3 8 13 132 3
114.752 71.835 334.816 4 8 13 132 3
114.752 71.835 334.816 5 8 13 132 3
114.752 71.835 334.816 6 8 13 132 3
171.287 87.624 101.033 7 8 13 133 3
171.287 87.624 101.033 8 8 13 133 3
171.287 87.624 101.033 9 8 13 133 3
171.287 87.624 101.033 10 8 13 133 3
171.287 87.624 101.033 11 8 13 133 3
171.287 87.624 101.033 12 8 13 133 3
171.287 87.624 101.033 13 8 13 133 3
171.287 87.624 101.033 14 8 13 133 3
171.287 87.624 101.033 15 8 13 133 3
171.287 87.624 101.033 16 8 13 133 3
175.647 50.113 261.750 17 8 13 136 4
175.647 50.113 261.750 18 8 13 136 4
175.647 50.113 261.750 19 8 13 136 4
175.647 50.113 261.750 20 8 13 136 4
111.354 68.366 276.897 1 9 13 141 1
111.354 68.366 276.897 2 9 13 141 1
114.752 71.835 334.816 3 9 13 132 3
283.845 73.176 43.676 4 9 13 113 2
283.845 73.176 43.676 5 9 13 113 2
333.213 165.857 164.241 6 9 13 18 1
333.213 165.857 164.241 7 9 13 18 1
171.287 87.624 101.033 8 9 13 133 3
171.287 87.624 101.033 9 9 13 133 3
171.287 87.624 101.033 10 9 13 133 3
171.287 87.624 101.033 11 9 13 133 3
171.287 87.624 101.033 12 9 13 133 3
171.287 87.624 101.033 13 9 13 133 3
171.287 87.624 101.033 14 9 13 133 3
171.287 87.624 101.033 15 9 13 133 3
171.287 87.624 101.033 16 9 13 133 3
175.647 50.113 261.750 17 9 13 136 4
175.647 50.113 261.750 18 9 13 136 4
175.647 50.113 261.750 19 9 13 136 4
175.647 50.113 261.750 20 9 13 136 4
189.554 38.091 303.380 1 10 13 131 3
111.354 68.366 276.897 2 10 13 141 1
283.845 73.176 43.676 3 10 13 113 2
283.845 73.176 43.676 4 10 13 113 2
283.845 73.176 43.676 5 10 13 113 2
100.025 108.830 261.947 6 10 13 60 1
333.213 165.857 164.241 7 10 13 18 1
171.287 87.624 101.033 8 10 13 133 3
171.287 87.624 101.033 9 10 13 133 3
171.287 87.624 101.033 10 10 13 133 3
171.287 87.624 101.033 11 10 13 133 3
171.287 87.624 101.033 12 10 13 133 3
171.287 87.624 101.033 13 10 13 133 3
171.287 87.624 101.033 14 10 13 133 3
171.287 87.624 101.033 15 10 13 133 3
171.287 87.624 101.033 16 10 13 133 3
175.647 50.113 261.750 17 10 13 136 4
175.647 50.113 261.750 18 10 13 136 4
175.647 50.113 261.750 19 10 13 136 4
175.647 50.113 261.750 20 10 13 136 4
189.554 38.091 303.380 1 11 13 131 3
111.354 68.366 276.897 2 11 13 141 1
111.354 68.366 276.897 3 11 13 141 1
283.845 73.176 43.676 4 11 13 113 2
283.845 73.176 43.676 5 11 13 113 2
283.845 73.176 43.676 6 11 13 113 2
273.942 103.853 358.735 7 11 13 37 1
273.942 103.853 358.735 8 11 13 37 1
72.499 136.573 45.190 9 11 13 135 4
72.499 136.573 45.190 10 11 13 135 4
72.499 136.573 45.190 11 11 13 135 4
72.499 136.573 45.190 12 11 13 135 4
72.499 136.573 45.190 13 11 13 135 4
171.287 87.624 101.033 14 11 13 133 3
171.287 87.624 101.033 15 11 13 133 3
175.647 50.113 261.750 16 11 13 136 4
175.647 50.113 261.750 17 11 13 136 4
175.647 50.113 261.750 18 11 13 136 4
175.647 50.113 261.750 19 11 13 136 4
175.647 50.113 261.750 20 11 13 136 4
189.554 38.091 303.380 1 12 13 131 3
189.554 38.091 303.380 2 12 13 131 3
189.554 38.091 303.380 3 12 13 131 3
189.554 38.091 303.380 4 12 13 131 3
189.554 38.091 303.380 5 12 13 131 3
189.554 38.091 303.380 6 12 13 131 3
189.554 38.091 303.380 7 12 13 131 3
72.499 136.573 45.190 8 12 13 135 4
72.499 136.573 45.190 9 12 13 135 4
72.499 136.573 45.190 10 12 13 135 4
72.499 136.573 45.190 11 12 13 135 4
72.499 136.573 45.190 12 12 13 135 4
72.499 136.573 45.190 13 12 13 135 4
72.499 136.573 45.190 14 12 13 135 4
72.499 136.573 45.190 15 12 13 135 4
175.647 50.113 261.750 16 12 13 136 4
175.647 50.113 261.750 17 12 13 136 4
175.647 50.113 261.750 18 12 13 136 4
175.647 50.113 261.750 19 12 13 136 4
175.647 50.113 261.750 20 12 13 136 4
189.554 38.091 303.380 1 13 13 131 3
189.554 38.091 303.380 2 13 13 131 3
189.554 38.091 303.380 3 13 13 131 3
189.554 38.091 303.380 4 13 13 131 3
189.554 38.091 303.380 5 13 13 131 3
189.554 38.091 303.380 6 13 13 131 3
189.554 38.091 303.380 7 13 13 131 3
54.327 87.284 46.197 8 13 13 105 2
54.327 87.284 46.197 9 13 13 105 2
72.499 136.573 45.190 10 13 13 135 4
72.499 136.573 45.190 11 13 13 135 4
72.499 136.573 45.190 12 13 13 135 4
72.499 136.573 45.190 13 13 13 135 4
72.499 136.573 45.190 14 13 13 135 4
250.400 91.189 258.083 15 13 13 77 1
250.400 91.189 258.083 16 13 13 77 1
175.647 50.113 261.750 17 13 13 136 4
175.647 50.113 261.750 18 13 13 136 4
175.647 50.113 261.750 19 13 13 136 4
175.647 50.113 261.750 20 13 13 136 4
189.554 38.091 303.380 1 14 13 131 3
189.554 38.091 303.380 2 14 13 131 3
189.554 38.091 303.380 3 14 13 131 3
189.554 38.091 303.380 4 14 13 131 3
189.554 38.091 303.380 5 14 13 131 3
189.554 38.091 303.380 6 14 13 131 3
189.554 38.091 303.380 7 14 13 131 3
54.327 87.284 46.197 8 14 13 105 2
54.327 87.284 46.197 9 14 13 105 2
54.327 87.284 46.197 10 14 13 105 2
54.327 87.284 46.197 11 14 13 105 2
72.499 136.573 45.190 12 14 13 135 4
72.499 136.573 45.190 13 14 13 135 4
250.400 91.189 258.083 14 14 13 77 1
250.400 91.189 258.083 15 14 13 77 1
250.400 91.189 258.083 16 14 13 77 1
250.400 91.189 258.083 17 14 13 77 1
118.174 160.717 75.271 18 14 13 119 2
118.174 160.717 75.271 19 14 13 119 2
175.647 50.113 261.750 20 14 13 136 4
189.554 38.091 303.380 1 15 13 131 3
189.554 38.091 303.380 2 15 13 131 3
189.554 38.091 303.380 3 15 13 131 3
189.554 38.091 303.380 4 15 13 131 3
189.554 38.091 303.380 5 15 13 131 3
189.554 38.091 303.380 6 15 13 131 3
189.554 38.091 303.380 7 15 13 131 3
189.554 38.091 303.380 8 15 13 131 3
54.327 87.284 46.197 9 15 13 105 2
54.327 87.284 46.197 10 15 13 105 2
54.327 87.284 46.197 11 15 13 105 2
72.499 136.573 45.190 12 15 13 135 4
250.400 91.189 258.083 13 15 13 77 1
250.400 91.189 258.083 14 15 13 77 1
250.400 91.189 258.083 15 15 13 77 1
250.400 91.189 258.083 16 15 13 77 1
41.684 107.571 156.197 17 15 13 168 4
118.174 160.717 75.271 18 15 13 119 2
118.174 160.717 75.271 19 15 13 119 2
175.647 50.113 261.750 20 15 13 136 4
189.554 38.091 303.380 1 16 13 131 3
189.554 38.091 303.380 2 16 13 131 3
189.554 38.091 303.380 3 16 13 131 3
189.554 38.091 303.380 4 16 13 131 3
189.554 38.091 303.380 5 16 13 131 3
189.554 38.091 303.380 6 16 13 131 3
189.554 38.091 303.380 7 16 13 131 3
189.554 38.091 303.380 8 16 13 131 3
54.327 87.284 46.197 9 16 13 105 2
54.327 87.284 46.197 10 16 13 105 2
92.315 100.393 215.126 11 16 13 36 1
92.315 100.393 215.126 12 16 13 36 1
250.400 91.189 258.083 13 16 13 77 1
250.400 91.189 258.083 14 16 13 77 1
250.400 91.189 258.083 15 16 13 77 1
250.400 91.189 258.083 16 16 13 77 1
41.684 107.571 156.197 17 16 13 168 4
41.684 107.571 156.197 18 16 13 168 4
41.684 107.571 156.197 19 16 13 168 4
175.647 50.113 261.750 20 16 13 136 4
189.554 38.091 303.380 1 17 13 131 3
189.554 38.091 303.380 2 17 13 131 3
189.554 38.091 303.380 3 17 13 131 3
189.554 38.091 303.380 4 17 13 131 3
189.554 38.091 303.380 5 17 13 131 3
189.554 38.091 303.380 6 17 13 131 3
189.554 38.091 303.380 7 17 13 131 3
189.554 38.091 303.380 8 17 13 131 3
189.554 38.091 303.380 9 17 13 131 3
189.554 38.091 303.380 10 17 13 131 3
344.510 25.404 274.346 11 17 13 63 1
344.510 25.404 274.346 12 17 13 63 1
41.684 107.571 156.197 13 17 13 168 4
250.400 91.189 258.083 14 17 13 77 1
250.400 91.189 258.083 15 17 13 77 1
41.684 107.571 156.197 16 17 13 168 4
41.684 107.571 156.197 17 17 13 168 4
41.684 107.571 156.197 18 17 13 168 4
41.684 107.571 156.197 19 17 13 168 4
41.684 107.571 156.197 20 17 13 168 4
189.554 38.091 303.380 1 18 13 131 3
189.554 38.091 303.380 2 18 13 131 3
189.554 38.091 303.380 3 18 13 131 3
189.554 38.091 303.380 4 18 13 131 3
189.554 38.091 303.380 5 18 13 131 3
189.554 38.091 303.380 6 18 13 131 3
189.554 38.091 303.380 7 18 13 131 3
189.554 38.091 303.380 8 18 13 131 3
189.554 38.091 303.380 9 18 13 131 3
189.554 38.091 303.380 10 18 13 131 3
41.684 107.571 156.197 11 18 13 168 4
41.684 107.571 156.197 12 18 13 168 4
41.684 107.571 156.197 13 18 13 168 4
41.684 107.571 156.197 14 18 13 168 4
41.684 107.571 156.197 15 18 13 168 4
41.684 107.571 156.197 16 18 13 168 4
41.684 107.571 156.197 17 18 13 168 4
41.684 107.571 156.197 18 18 13 168 4
41.684 107.571 156.197 19 18 13 168 4
41.684 107.571 156.197 20 18 13 168 4
189.554 38.091 303.380 1 19 13 131 3
189.554 38.091 303.380 2 19 13 131 3
189.554 38.091 303.380 3 19 13 131 3
189.554 38.091 303.380 4 19 13 131 3
189.554 38.091 303.380 5 19 13 131 3
189.554 38.091 303.380 6 19 13 131 3
189.554 38.091 303.380 7 19 13 131 3
189.554 38.091 303.380 8 19 13 131 3
189.554 38.091 303.380 9 19 13 131 3
59.326 104.419 252.660 10 19 13 29 1
59.326 104.419 252.660 11 19 13 29 1
41.684 107.571 156.197 12 19 13 168 4
41.684 107.571 156.197 13 19 13 168 4
41.684 107.571 156.197 14 19 13 168 4
41.684 107.571 156.197 15 19 13 168 4
41.684 107.571 156.197 16 19 13 168 4
41.684 107.571 156.197 17 19 13 168 4
41.684 107.571 156.197 18 19 13 168 4
41.684 107.571 156.197 19 19 13 168 4
41.684 107.571 156.197 20 19 13 168 4
189.554 38.091 303.380 1 20 13 131 3
189.554 38.091 303.380 2 20 13 131 3
189.554 38.091 303.380 3 20 13 131 3
189.554 38.091 303.380 4 20 13 131 3
189.554 38.091 303.380 5 20 13 131 3
189.554 38.091 303.380 6 20 13 131 3
189.554 38.091 303.380 7 20 13 131 3
189.554 38.091 303.380 8 20 13 131 3
189.554 38.091 303.380 9 20 13 131 3
59.326 104.419 252.660 10 20 13 29 1
59.326 104.419 252.660 11 20 13 29 1
41.684 107.571 156.197 12 20 13 168 4
41.684 107.571 156.197 13 20 13 168 4
41.684 107.571 156.197 14 20 13 168 4
41.684 107.571 156.197 15 20 13 168 4
41.684 107.571 156.197 16 20 13 168 4
41.684 107.571 156.197 17 20 13 168 4
41.684 107.571 156.197 18 20 13 168 4
41.684 107.571 156.197 19 20 13 168 4
41.684 107.571 156.197 20 20 13 168 4
