207.023 73.990 8.950 1 1 11 137 4
207.023 73.990 8.950 2 1 11 137 4
207.023 73.990 8.950 3 1 11 137 4
207.023 73.990 8.950 4 1 11 137 4
207.023 73.990 8.950 5 1 11 137 4
207.023 73.990 8.950 6 1 11 137 4
207.023 73.990 8.950 7 1 11 137 4
207.023 73.990 8.950 8 1 11 137 4
207.023 73.990 8.950 9 1 11 137 4
302.127 92.659 69.090 10 1 11 108 2
302.127 92.659 69.090 11 1 11 108 2
302.127 92.659 69.090 12 1 11 108 2
313.567 149.752 217.053 13 1 11 167 1
313.567 149.752 217.053 14 1 11 167 1
184.400 106.313 287.899 15 1 11 11 1
184.400 106.313 287.899 16 1 11 11 1
184.400 106.313 287.899 17 1 11 11 1
65.109 93.336 288.928 18 1 11 12 1
65.109 93.336 288.928 19 1 11 12 1
65.109 93.336 288.928 20 1 11 12 1
207.023 73.990 8.950 1 2 11 137 4
207.023 73.990 8.950 2 2 11 137 4
207.023 73.990 8.950 3 2 11 137 4
207.023 73.990 8.950 4 2 11 137 4
207.023 73.990 8.950 5 2 11 137 4
207.023 73.990 8.950 6 2 11 137 4
207.023 73.990 8.950 7 2 11 137 4
207.023 73.990 8.950 8 2 11 137 4
302.127 92.659 69.090 9 2 11 108 2
302.127 92.659 69.090 10 2 11 108 2
302.127 92.659 69.090 11 2 11 108 2
302.127 92.659 69.090 12 2 11 108 2
313.567 149.752 217.053 13 2 11 167 1
313.567 149.752 217.053 14 2 11 167 1
184.400 106.313 287.899 15 2 11 11 1
184.400 106.313 287.899 16 2 11 11 1
184.400 106.313 287.899 17 2 11 11 1
65.109 93.336 288.928 18 2 11 12 1
65.109 93.336 288.928 19 2 11 12 1
65.109 93.336 288.928 20 2 11 12 1
207.023 73.990 8.950 1 3 11 137 4
207.023 73.990 8.950 2 3 11 137 4
207.023 73.990 8.950 3 3 11 137 4
207.023 73.990 8.950 4 3 11 137 4
207.023 73.990 8.950 5 3 11 137 4
207.023 73.990 8.950 6 3 11 137 4
207.023 73.990 8.950 7 3 11 137 4
207.023 73.990 8.950 8 3 11 137 4
302.127 92.659 69.090 9 3 11 108 2
302.127 92.659 69.090 10 3 11 108 2
302.127 92.659 69.090 11 3 11 108 2
313.567 149.752 217.053 12 3 11 167 1
313.567 149.752 217.053 13 3 11 167 1
231.840 12.115 197.066 14 3 11 76 1
184.400 106.313 287.899 15 3 11 11 1
184.400 106.313 287.899 16 3 11 11 1
184.400 106.313 287.899 17 3 11 11 1
65.109 93.336 288.928 18 3 11 12 1
234.140 41.424 240.281 19 3 11 79 1
327.387 56.677 8.112 20 3 11 40 1
207.023 73.990 8.950 1 4 11 137 4
207.023 73.990 8.950 2 4 11 137 4
207.023 73.990 8.950 3 4 11 137 4
207.023 73.990 8.950 4 4 11 137 4
207.023 73.990 8.950 5 4 11 137 4
207.023 73.990 8.950 6 4 11 137 4
207.023 73.990 8.950 7 4 11 137 4
171.287 87.624 101.033 8 4 11 133 3
171.287 87.624 101.033 9 4 11 133 3
171.287 87.624 101.033 10 4 11 133 3
171.287 87.624 101.033 11 4 11 133 3
171.287 87.624 101.033 12 4 11 133 3
313.567 149.752 217.053 13 4 11 167 1
313.567 149.752 217.053 14 4 11 167 1
140.637 137.359 282.487 15 4 11 44 1
140.637 137.359 282.487 16 4 11 44 1
184.400 106.313 287.899 17 4 11 11 1
234.140 41.424 240.281 18 4 11 79 1
234.140 41.424 240.281 19 4 11 79 1
327.387 56.677 8.112 20 4 11 40 1
207.023 73.990 8.950 1 5 11 137 4
207.023 73.990 8.950 2 5 11 137 4
207.023 73.990 8.950 3 5 11 137 4
207.023 73.990 8.950 4 5 11 137 4
207.023 73.990 8.950 5 5 11 137 4
207.023 73.990 8.950 6 5 11 137 4
171.287 87.624 101.033 7 5 11 133 3
171.287 87.624 101.033 8 5 11 133 3
326.808 85.847 37.902 9 5 11 15 1
326.808 85.847 37.902 10 5 11 15 1
171.287 87.624 101.033 11 5 11 133 3
171.287 87.624 101.033 12 5 11 133 3
171.287 87.624 101.033 13 5 11 133 3
171.287 87.624 101.033 14 5 11 133 3
171.287 87.624 101.033 15 5 11 133 3
140.637 137.359 282.487 16 5 11 44 1
140.637 137.359 282.487 17 5 11 44 1
234.140 41.424 240.281 18 5 11 79 1
234.140 41.424 240.281 19 5 11 79 1
327.387 56.677 8.112 20 5 11 40 1
207.023 73.990 8.950 1 6 11 137 4
207.023 73.990 8.950 2 6 11 137 4
207.023 73.990 8.950 3 6 11 137 4
207.023 73.990 8.950 4 6 11 137 4
171.287 87.624 101.033 5 6 11 133 3
171.287 87.624 101.033 6 6 11 133 3
171.287 87.624 101.033 7 6 11 133 3
171.287 87.624 101.033 8 6 11 133 3
326.808 85.847 37.902 9 6 11 15 1
326.808 85.847 37.902 10 6 11 15 1
171.287 87.624 101.033 11 6 11 133 3
171.287 87.624 101.033 12 6 11 133 3
171.287 87.624 101.033 13 6 11 133 3
171.287 87.624 101.033 14 6 11 133 3
171.287 87.624 101.033 15 6 11 133 3
171.287 87.624 101.033 16 6 11 133 3
171.287 87.624 101.033 17 6 11 133 3
234.140 41.424 240.281 18 6 11 79 1
234.140 41.424 240.281 19 6 11 79 1
322.411 38.803 212.999 20 6 11 10 1
207.023 73.990 8.950 1 7 11 137 4
207.023 73.990 8.950 2 7 11 137 4
207.023 73.990 8.950 3 7 11 137 4
171.287 87.624 101.033 4 7 11 133 3
171.287 87.624 101.033 5 7 11 133 3
171.287 87.624 101.033 6 7 11 133 3
171.287 87.624 101.033 7 7 11 133 3
171.287 87.624 101.033 8 7 11 133 3
171.287 87.624 101.033 9 7 11 133 3
171.287 87.624 101.033 10 7 11 133 3
171.287 87.624 101.033 11 7 11 133 3
171.287 87.624 101.033 12 7 11 133 3
171.287 87.624 101.033 13 7 11 133 3
171.287 87.624 101.033 14 7 11 133 3
171.287 87.624 101.033 15 7 11 133 3
171.287 87.624 101.033 16 7 11 133 3
171.287 87.624 101.033 17 7 11 133 3
136.237 129.778 54.914 18 7 11 139 4
136.237 129.778 54.914 19 7 11 139 4
136.237 129.778 54.914 20 7 11 139 4
114.752 71.835 334.816 1 8 11 132 3
114.752 71.835 334.816 2 8 11 132 3
114.752 71.835 334.816 3 8 11 132 3
171.287 87.624 101.033 4 8 11 133 3
171.287 87.624 101.033 5 8 11 133 3
171.287 87.624 101.033 6 8 11 133 3
171.287 87.624 101.033 7 8 11 133 3
171.287 87.624 101.033 8 8 11 133 3
171.287 87.624 101.033 9 8 11 133 3
171.287 87.624 101.033 10 8 11 133 3
171.287 87.624 101.033 11 8 11 133 3
171.287 87.624 101.033 12 8 11 133 3
171.287 87.624 101.033 13 8 11 133 3
171.287 87.624 101.033 14 8 11 133 3
171.287 87.624 101.033 15 8 11 133 3
171.287 87.624 101.033 16 8 11 133 3
171.287 87.624 101.033 17 8 11 133 3
136.237 129.778 54.914 18 8 11 139 4
136.237 129.778 54.914 19 8 11 139 4
136.237 129.778 54.914 20 8 11 139 4
189.554 38.091 303.380 1 9 11 131 3
18.798 146.187 133.143 2 9 11 140 1
309.776 110.816 344.146 3 9 11 121 2
309.776 110.816 344.146 4 9 11 121 2
309.776 110.816 344.146 5 9 11 121 2
171.287 87.624 101.033 6 9 11 133 3
171.287 87.624 101.033 7 9 11 133 3
171.287 87.624 101.033 8 9 11 133 3
171.287 87.624 101.033 9 9 11 133 3
171.287 87.624 101.033 10 9 11 133 3
171.287 87.624 101.033 11 9 11 133 3
171.287 87.624 101.033 12 9 11 133 3
171.287 87.624 101.033 13 9 11 133 3
171.287 87.624 101.033 14 9 11 133 3
171.287 87.624 101.033 15 9 11 133 3
171.287 87.624 101.033 16 9 11 133 3
171.287 87.624 101.033 17 9 11 133 3
136.237 129.778 54.914 18 9 11 139 4
136.237 129.778 54.914 19 9 11 139 4
136.237 129.778 54.914 20 9 11 139 4
189.554 38.091 303.380 1 10 11 131 3
18.798 146.187 133.143 2 10 11 140 1
309.776 110.816 344.146 3 10 11 121 2
309.776 110.816 344.146 4 10 11 121 2
309.776 110.816 344.146 5 10 11 121 2
100.025 108.830 261.947 6 10 11 60 1
273.942 103.853 358.735 7 10 11 37 1
273.942 103.853 358.735 8 10 11 37 1
171.287 87.624 101.033 9 10 11 133 3
171.287 87.624 101.033 10 10 11 133 3
171.287 87.624 101.033 11 10 11 133 3
171.287 87.624 101.033 12 10 11 133 3
171.287 87.624 101.033 13 10 11 133 3
171.287 87.624 101.033 14 10 11 133 3
171.287 87.624 101.033 15 10 11 133 3
171.287 87.624 101.033 16 10 11 133 3
136.237 129.778 54.914 17 10 11 139 4
136.237 129.778 54.914 18 10 11 139 4
136.237 129.778 54.914 19 10 11 139 4
136.237 129.778 54.914 20 10 11 139 4
189.554 38.091 303.380 1 11 11 131 3
189.554 38.091 303.380 2 11 11 131 3
189.554 38.091 303.380 3 11 11 131 3
309.776 110.816 344.146 4 11 11 121 2
309.776 110.816 344.146 5 11 11 121 2
273.942 103.853 358.735 6 11 11 37 1
273.942 103.853 358.735 7 11 11 37 1
273.942 103.853 358.735 8 11 11 37 1
171.287 87.624 101.033 9 11 11 133 3
171.287 87.624 101.033 10 11 11 133 3
171.287 87.624 101.033 11 11 11 133 3
171.287 87.624 101.033 12 11 11 133 3
171.287 87.624 101.033 13 11 11 133 3
171.287 87.624 101.033 14 11 11 133 3
171.287 87.624 101.033 15 11 11 133 3
171.287 87.624 101.033 16 11 11 133 3
136.237 129.778 54.914 17 11 11 139 4
136.237 129.778 54.914 18 11 11 139 4
136.237 129.778 54.914 19 11 11 139 4
136.237 129.778 54.914 20 11 11 139 4
189.554 38.091 303.380 1 12 11 131 3
189.554 38.091 303.380 2 12 11 131 3
189.554 38.091 303.380 3 12 11 131 3
189.554 38.091 303.380 4 12 11 131 3
189.554 38.091 303.380 5 12 11 131 3
273.942 103.853 358.735 6 12 11 37 1
273.942 103.853 358.735 7 12 11 37 1
273.942 103.853 358.735 8 12 11 37 1
54.327 87.284 46.197 9 12 11 105 2
54.327 87.284 46.197 10 12 11 105 2
54.327 87.284 46.197 11 12 11 105 2
72.499 136.573 45.190 12 12 11 135 4
72.499 136.573 45.190 13 12 11 135 4
72.499 136.573 45.190 14 12 11 135 4
72.499 136.573 45.190 15 12 11 135 4
136.237 129.778 54.914 16 12 11 139 4
136.237 129.778 54.914 17 12 11 139 4
136.237 129.778 54.914 18 12 11 139 4
136.237 129.778 54.914 19 12 11 139 4
136.237 129.778 54.914 20 12 11 139 4
189.554 38.091 303.380 1 13 11 131 3
189.554 38.091 303.380 2 13 11 131 3
189.554 38.091 303.380 3 13 11 131 3
189.554 38.091 303.380 4 13 11 131 3
189.554 38.091 303.380 5 13 11 131 3
189.554 38.091 303.380 6 13 11 131 3
54.327 87.284 46.197 7 13 11 105 2
54.327 87.284 46.197 8 13 11 105 2
54.327 87.284 46.197 9 13 11 105 2
54.327 87.284 46.197 10 13 11 105 2
54.327 87.284 46.197 11 13 11 105 2
72.499 136.573 45.190 12 13 11 135 4
72.499 136.573 45.190 13 13 11 135 4
72.499 136.573 45.190 14 13 11 135 4
250.400 91.189 258.083 15 13 11 77 1
250.400 91.189 258.083 16 13 11 77 1
136.237 129.778 54.914 17 13 11 139 4
136.237 129.778 54.914 18 13 11 139 4
136.237 129.778 54.914 19 13 11 139 4
136.237 129.778 54.914 20 13 11 139 4
189.554 38.091 303.380 1 14 11 131 3
189.554 38.091 303.380 2 14 11 131 3
278.864 137.808 74.082 3 14 11 165 1
189.554 38.091 303.380 4 14 11 131 3
189.554 38.091 303.380 5 14 11 131 3
189.554 38.091 303.380 6 14 11 131 3
189.554 38.091 303.380 7 14 11 131 3
54.327 87.284 46.197 8 14 11 105 2
54.327 87.284 46.197 9 14 11 105 2
54.327 87.284 46.197 10 14 11 105 2
54.327 87.284 46.197 11 14 11 105 2
54.327 87.284 46.197 12 14 11 105 2
250.400 91.189 258.083 13 14 11 77 1
250.400 91.189 258.083 14 14 11 77 1
250.400 91.189 258.083 15 14 11 77 1
250.400 91.189 258.083 16 14 11 77 1
250.400 91.189 258.083 17 14 11 77 1
118.174 160.717 75.271 18 14 11 119 2
118.174 160.717 75.271 19 14 11 119 2
118.174 160.717 75.271 20 14 11 119 2
189.554 38.091 303.380 1 15 11 131 3
189.554 38.091 303.380 2 15 11 131 3
189.554 38.091 303.380 3 15 11 131 3
189.554 38.091 303.380 4 15 11 131 3
189.554 38.091 303.380 5 15 11 131 3
189.554 38.091 303.380 6 15 11 131 3
189.554 38.091 303.380 7 15 11 131 3
54.327 87.284 46.197 8 15 11 105 2
54.327 87.284 46.197 9 15 11 105 2
54.327 87.284 46.197 10 15 11 105 2
54.327 87.284 46.197 11 15 11 105 2
54.327 87.284 46.197 12 15 11 105 2
250.400 91.189 258.083 13 15 11 77 1
250.400 91.189 258.083 14 15 11 77 1
250.400 91.189 258.083 15 15 11 77 1
250.400 91.189 258.083 16 15 11 77 1
41.684 107.571 156.197 17 15 11 168 4
118.174 160.717 75.271 18 15 11 119 2
118.174 160.717 75.271 19 15 11 119 2
118.174 160.717 75.271 20 15 11 119 2
189.554 38.091 303.380 1 16 11 131 3
189.554 38.091 303.380 2 16 11 131 3
189.554 38.091 303.380 3 16 11 131 3
189.554 38.091 303.380 4 16 11 131 3
189.554 38.091 303.380 5 16 11 131 3
189.554 38.091 303.380 6 16 11 131 3
189.554 38.091 303.380 7 16 11 131 3
54.327 87.284 46.197 8 16 11 105 2
54.327 87.284 46.197 9 16 11 105 2
54.327 87.284 46.197 10 16 11 105 2
54.327 87.284 46.197 11 16 11 105 2
54.327 87.284 46.197 12 16 11 105 2
250.400 91.189 258.083 13 16 11 77 1
250.400 91.189 258.083 14 16 11 77 1
250.400 91.189 258.083 15 16 11 77 1
41.684 107.571 156.197 16 16 11 168 4
41.684 107.571 156.197 17 16 11 168 4
41.684 107.571 156.197 18 16 11 168 4
118.174 160.717 75.271 19 16 11 119 2
118.174 160.717 75.271 20 16 11 119 2
189.554 38.091 303.380 1 17 11 131 3
189.554 38.091 303.380 2 17 11 131 3
189.554 38.091 303.380 3 17 11 131 3
189.554 38.091 303.380 4 17 11 131 3
189.554 38.091 303.380 5 17 11 131 3
189.554 38.091 303.380 6 17 11 131 3
189.554 38.091 303.380 7 17 11 131 3
189.554 38.091 303.380 8 17 11 131 3
54.327 87.284 46.197 9 17 11 105 2
54.327 87.284 46.197 10 17 11 105 2
54.327 87.284 46.197 11 17 11 105 2
41.684 107.571 156.197 12 17 11 168 4
41.684 107.571 156.197 13 17 11 168 4
41.684 107.571 156.197 14 17 11 168 4
41.684 107.571 156.197 15 17 11 168 4
41.684 107.571 156.197 16 17 11 168 4
41.684 107.571 156.197 17 17 11 168 4
41.684 107.571 156.197 18 17 11 168 4
41.684 107.571 156.197 19 17 11 168 4
41.684 107.571 156.197 20 17 11 168 4
189.554 38.091 303.380 1 18 11 131 3
189.554 38.091 303.380 2 18 11 131 3
189.554 38.091 303.380 3 18 11 131 3
189.554 38.091 303.380 4 18 11 131 3
189.554 38.091 303.380 5 18 11 131 3
189.554 38.091 303.380 6 18 11 131 3
189.554 38.091 303.380 7 18 11 131 3
189.554 38.091 303.380 8 18 11 131 3
58.475 106.527 132.825 9 18 11 107 2
58.475 106.527 132.825 10 18 11 107 2
41.684 107.571 156.197 11 18 11 168 4
41.684 107.571 156.197 12 18 11 168 4
41.684 107.571 156.197 13 18 11 168 4
27.247 116.196 228.862 14 18 11 30 1
41.684 107.571 156.197 15 18 11 168 4
41.684 107.571 156.197 16 18 11 168 4
41.684 107.571 156.197 17 18 11 168 4
41.684 107.571 156.197 18 18 11 168 4
41.684 107.571 156.197 19 18 11 168 4
41.684 107.571 156.197 20 18 11 168 4
189.554 38.091 303.380 1 19 11 131 3
189.554 38.091 303.380 2 19 11 131 3
189.554 38.091 303.380 3 19 11 131 3
189.554 38.091 303.380 4 19 11 131 3
189.554 38.091 303.380 5 19 11 131 3
189.554 38.091 303.380 6 19 11 131 3
189.554 38.091 303.380 7 19 11 131 3
189.554 38.091 303.380 8 19 11 131 3
189.554 38.091 303.380 9 19 11 131 3
41.684 107.571 156.197 10 19 11 168 4
41.684 107.571 156.197 11 19 11 168 4
41.684 107.571 156.197 12 19 11 168 4
41.684 107.571 156.197 13 19 11 168 4
41.684 107.571 156.197 14 19 11 168 4
41.684 107.571 156.197 15 19 11 168 4
41.684 107.571 156.197 16 19 11 168 4
41.684 107.571 156.197 17 19 11 168 4
41.684 107.571 156.197 18 19 11 168 4
41.684 107.571 156.197 19 19 11 168 4
41.684 107.571 156.197 20 19 11 168 4
189.554 38.091 303.380 1 20 11 131 3
189.554 38.091 303.380 2 20 11 131 3
189.554 38.091 303.380 3 20 11 131 3
189.554 38.091 303.380 4 20 11 131 3
189.554 38.091 303.380 5 20 11 131 3
189.554 38.091 303.380 6 20 11 131 3
189.554 38.091 303.380 7 20 11 131 3
189.554 38.091 303.380 8 20 11 131 3
189.554 38.091 303.380 9 20 11 131 3
59.326 104.419 252.660 10 20 11 29 1
59.326 104.419 252.660 11 20 11 29 1
41.684 107.571 156.197 12 20 11 168 4
41.684 107.571 156.197 13 20 11 168 4
41.684 107.571 156.197 14 20 11 168 4
41.684 107.571 156.197 15 20 11 168 4
41.684 107.571 156.197 16 20 11 168 4
41.684 107.571 156.197 17 20 11 168 4
41.684 107.571 156.197 18 20 11 168 4
41.684 107.571 156.197 19 20 11 168 4
41.684 107.571 156.197 20 20 11 168 4
