193.526 129.320 134.539 1 1 1 130 2
193.526 129.320 134.539 2 1 1 130 2
193.526 129.320 134.539 3 1 1 130 2
193.526 129.320 134.539 4 1 1 130 2
193.526 129.320 134.539 5 1 1 130 2
193.526 129.320 134.539 6 1 1 130 2
193.526 129.320 134.539 7 1 1 130 2
193.526 129.320 134.539 8 1 1 130 2
118.657 109.757 51.199 9 1 1 85 1
118.657 109.757 51.199 10 1 1 85 1
118.657 109.757 51.199 11 1 1 85 1
118.657 109.757 51.199 12 1 1 85 1
145.130 109.919 330.308 13 1 1 97 2
10.889 80.967 104.240 14 1 1 122 2
10.889 80.967 104.240 15 1 1 122 2
146.946 31.392 3.895 16 1 1 154 1
146.946 31.392 3.895 17 1 1 154 1
146.946 31.392 3.895 18 1 1 154 1
146.946 31.392 3.895 19 1 1 154 1
146.946 31.392 3.895 20 1 1 154 1
193.526 129.320 134.539 1 2 1 130 2
193.526 129.320 134.539 2 2 1 130 2
193.526 129.320 134.539 3 2 1 130 2
193.526 129.320 134.539 4 2 1 130 2
193.526 129.320 134.539 5 2 1 130 2
193.526 129.320 134.539 6 2 1 130 2
193.526 129.320 134.539 7 2 1 130 2
193.526 129.320 134.539 8 2 1 130 2
118.657 109.757 51.199 9 2 1 85 1
118.657 109.757 51.199 10 2 1 85 1
341.244 49.425 213.001 11 2 1 32 1
341.244 49.425 213.001 12 2 1 32 1
145.130 109.919 330.308 13 2 1 97 2
10.889 80.967 104.240 14 2 1 122 2
10.889 80.967 104.240 15 2 1 122 2
146.946 31.392 3.895 16 2 1 154 1
146.946 31.392 3.895 17 2 1 154 1
146.946 31.392 3.895 18 2 1 154 1
146.946 31.392 3.895 19 2 1 154 1
146.946 31.392 3.895 20 2 1 154 1
193.526 129.320 134.539 1 3 1 130 2
193.526 129.320 134.539 2 3 1 130 2
193.526 129.320 134.539 3 3 1 130 2
193.526 129.320 134.539 4 3 1 130 2
193.526 129.320 134.539 5 3 1 130 2
193.526 129.320 134.539 6 3 1 130 2
193.526 129.320 134.539 7 3 1 130 2
193.526 129.320 134.539 8 3 1 130 2
193.526 129.320 134.539 9 3 1 130 2
341.244 49.425 213.001 10 3 1 32 1
341.244 49.425 213.001 11 3 1 32 1
341.244 49.425 213.001 12 3 1 32 1
145.130 109.919 330.308 13 3 1 97 2
332.208 96.546 109.207 14 3 1 21 1
10.889 80.967 104.240 15 3 1 122 2
10.889 80.967 104.240 16 3 1 122 2
146.946 31.392 3.895 17 3 1 154 1
146.946 31.392 3.895 18 3 1 154 1
146.946 31.392 3.895 19 3 1 154 1
146.946 31.392 3.895 20 3 1 154 1
193.526 129.320 134.539 1 4 1 130 2
193.526 129.320 134.539 2 4 1 130 2
193.526 129.320 134.539 3 4 1 130 2
193.526 129.320 134.539 4 4 1 130 2
193.526 129.320 134.539 5 4 1 130 2
193.526 129.320 134.539 6 4 1 130 2
193.526 129.320 134.539 7 4 1 130 2
193.526 129.320 134.539 8 4 1 130 2
193.526 129.320 134.539 9 4 1 130 2
171.287 87.624 101.033 10 4 1 133 3
341.244 49.425 213.001 11 4 1 32 1
298.810 49.355 69.533 12 4 1 23 1
298.810 49.355 69.533 13 4 1 23 1
332.208 96.546 109.207 14 4 1 21 1
10.889 80.967 104.240 15 4 1 122 2
80.051 85.958 270.336 16 4 1 155 1
146.946 31.392 3.895 17 4 1 154 1
146.946 31.392 3.895 18 4 1 154 1
146.946 31.392 3.895 19 4 1 154 1
146.946 31.392 3.895 20 4 1 154 1
171.287 87.624 101.033 1 5 1 133 3
171.287 87.624 101.033 2 5 1 133 3
171.287 87.624 101.033 3 5 1 133 3
193.526 129.320 134.539 4 5 1 130 2
193.526 129.320 134.539 5 5 1 130 2
193.526 129.320 134.539 6 5 1 130 2
193.526 129.320 134.539 7 5 1 130 2
193.526 129.320 134.539 8 5 1 130 2
171.287 87.624 101.033 9 5 1 133 3
171.287 87.624 101.033 10 5 1 133 3
171.287 87.624 101.033 11 5 1 133 3
298.810 49.355 69.533 12 5 1 23 1
298.810 49.355 69.533 13 5 1 23 1
298.810 49.355 69.533 14 5 1 23 1
298.810 49.355 69.533 15 5 1 23 1
80.051 85.958 270.336 16 5 1 155 1
146.946 31.392 3.895 17 5 1 154 1
146.946 31.392 3.895 18 5 1 154 1
146.946 31.392 3.895 19 5 1 154 1
146.946 31.392 3.895 20 5 1 154 1
171.287 87.624 101.033 1 6 1 133 3
171.287 87.624 101.033 2 6 1 133 3
171.287 87.624 101.033 3 6 1 133 3
171.287 87.624 101.033 4 6 1 133 3
171.287 87.624 101.033 5 6 1 133 3
171.287 87.624 101.033 6 6 1 133 3
171.287 87.624 101.033 7 6 1 133 3
171.287 87.624 101.033 8 6 1 133 3
171.287 87.624 101.033 9 6 1 133 3
171.287 87.624 101.033 10 6 1 133 3
171.287 87.624 101.033 11 6 1 133 3
171.287 87.624 101.033 12 6 1 133 3
171.287 87.624 101.033 13 6 1 133 3
149.338 89.736 73.973 14 6 1 45 1
149.338 89.736 73.973 15 6 1 45 1
41.680 122.146 347.397 16 6 1 164 1
41.680 122.146 347.397 17 6 1 164 1
136.237 129.778 54.914 18 6 1 139 4
136.237 129.778 54.914 19 6 1 139 4
136.237 129.778 54.914 20 6 1 139 4
171.287 87.624 101.033 1 7 1 133 3
171.287 87.624 101.033 2 7 1 133 3
171.287 87.624 101.033 3 7 1 133 3
171.287 87.624 101.033 4 7 1 133 3
171.287 87.624 101.033 5 7 1 133 3
171.287 87.624 101.033 6 7 1 133 3
171.287 87.624 101.033 7 7 1 133 3
171.287 87.624 101.033 8 7 1 133 3
171.287 87.624 101.033 9 7 1 133 3
171.287 87.624 101.033 10 7 1 133 3
171.287 87.624 101.033 11 7 1 133 3
171.287 87.624 101.033 12 7 1 133 3
171.287 87.624 101.033 13 7 1 133 3
171.287 87.624 101.033 14 7 1 133 3
171.287 87.624 101.033 15 7 1 133 3
136.237 129.778 54.914 16 7 1 139 4
136.237 129.778 54.914 17 7 1 139 4
136.237 129.778 54.914 18 7 1 139 4
136.237 129.778 54.914 19 7 1 139 4
136.237 129.778 54.914 20 7 1 139 4
171.287 87.624 101.033 1 8 1 133 3
171.287 87.624 101.033 2 8 1 133 3
171.287 87.624 101.033 3 8 1 133 3
171.287 87.624 101.033 4 8 1 133 3
171.287 87.624 101.033 5 8 1 133 3
171.287 87.624 101.033 6 8 1 133 3
171.287 87.624 101.033 7 8 1 133 3
171.287 87.624 101.033 8 8 1 133 3
171.287 87.624 101.033 9 8 1 133 3
171.287 87.624 101.033 10 8 1 133 3
171.287 87.624 101.033 11 8 1 133 3
171.287 87.624 101.033 12 8 1 133 3
171.287 87.624 101.033 13 8 1 133 3
171.287 87.624 101.033 14 8 1 133 3
171.287 87.624 101.033 15 8 1 133 3
136.237 129.778 54.914 16 8 1 139 4
136.237 129.778 54.914 17 8 1 139 4
136.237 129.778 54.914 18 8 1 139 4
136.237 129.778 54.914 19 8 1 139 4
136.237 129.778 54.914 20 8 1 139 4
171.287 87.624 101.033 1 9 1 133 3
171.287 87.624 101.033 2 9 1 133 3
171.287 87.624 101.033 3 9 1 133 3
171.287 87.624 101.033 4 9 1 133 3
171.287 87.624 101.033 5 9 1 133 3
171.287 87.624 101.033 6 9 1 133 3
171.287 87.624 101.033 7 9 1 133 3
171.287 87.624 101.033 8 9 1 133 3
171.287 87.624 101.033 9 9 1 133 3
171.287 87.624 101.033 10 9 1 133 3
171.287 87.624 101.033 11 9 1 133 3
171.287 87.624 101.033 12 9 1 133 3
171.287 87.624 101.033 13 9 1 133 3
171.287 87.624 101.033 14 9 1 133 3
171.287 87.624 101.033 15 9 1 133 3
136.237 129.778 54.914 16 9 1 139 4
136.237 129.778 54.914 17 9 1 139 4
136.237 129.778 54.914 18 9 1 139 4
136.237 129.778 54.914 19 9 1 139 4
136.237 129.778 54.914 20 9 1 139 4
322.827 28.449 261.452 1 10 1 134 4
322.827 28.449 261.452 2 10 1 134 4
322.827 28.449 261.452 3 10 1 134 4
322.827 28.449 261.452 4 10 1 134 4
322.827 28.449 261.452 5 10 1 134 4
171.287 87.624 101.033 6 10 1 133 3
171.287 87.624 101.033 7 10 1 133 3
171.287 87.624 101.033 8 10 1 133 3
171.287 87.624 101.033 9 10 1 133 3
171.287 87.624 101.033 10 10 1 133 3
171.287 87.624 101.033 11 10 1 133 3
171.287 87.624 101.033 12 10 1 133 3
171.287 87.624 101.033 13 10 1 133 3
171.287 87.624 101.033 14 10 1 133 3
136.237 129.778 54.914 15 10 1 139 4
136.237 129.778 54.914 16 10 1 139 4
136.237 129.778 54.914 17 10 1 139 4
136.237 129.778 54.914 18 10 1 139 4
136.237 129.778 54.914 19 10 1 139 4
136.237 129.778 54.914 20 10 1 139 4
322.827 28.449 261.452 1 11 1 134 4
322.827 28.449 261.452 2 11 1 134 4
322.827 28.449 261.452 3 11 1 134 4
322.827 28.449 261.452 4 11 1 134 4
322.827 28.449 261.452 5 11 1 134 4
322.827 28.449 261.452 6 11 1 134 4
322.827 28.449 261.452 7 11 1 134 4
322.827 28.449 261.452 8 11 1 134 4
171.287 87.624 101.033 9 11 1 133 3
171.287 87.624 101.033 10 11 1 133 3
171.287 87.624 101.033 11 11 1 133 3
171.287 87.624 101.033 12 11 1 133 3
171.287 87.624 101.033 13 11 1 133 3
136.237 129.778 54.914 14 11 1 139 4
136.237 129.778 54.914 15 11 1 139 4
136.237 129.778 54.914 16 11 1 139 4
136.237 129.778 54.914 17 11 1 139 4
136.237 129.778 54.914 18 11 1 139 4
136.237 129.778 54.914 19 11 1 139 4
136.237 129.778 54.914 20 11 1 139 4
322.827 28.449 261.452 1 12 1 134 4
322.827 28.449 261.452 2 12 1 134 4
322.827 28.449 261.452 3 12 1 134 4
322.827 28.449 261.452 4 12 1 134 4
322.827 28.449 261.452 5 12 1 134 4
322.827 28.449 261.452 6 12 1 134 4
322.827 28.449 261.452 7 12 1 134 4
322.827 28.449 261.452 8 12 1 134 4
322.827 28.449 261.452 9 12 1 134 4
171.287 87.624 101.033 10 12 1 133 3
171.287 87.624 101.033 11 12 1 133 3
171.287 87.624 101.033 12 12 1 133 3
136.237 129.778 54.914 13 12 1 139 4
136.237 129.778 54.914 14 12 1 139 4
136.237 129.778 54.914 15 12 1 139 4
136.237 129.778 54.914 16 12 1 139 4
136.237 129.778 54.914 17 12 1 139 4
136.237 129.778 54.914 18 12 1 139 4
136.237 129.778 54.914 19 12 1 139 4
136.237 129.778 54.914 20 12 1 139 4
322.827 28.449 261.452 1 13 1 134 4
322.827 28.449 261.452 2 13 1 134 4
322.827 28.449 261.452 3 13 1 134 4
322.827 28.449 261.452 4 13 1 134 4
322.827 28.449 261.452 5 13 1 134 4
322.827 28.449 261.452 6 13 1 134 4
322.827 28.449 261.452 7 13 1 134 4
322.827 28.449 261.452 8 13 1 134 4
322.827 28.449 261.452 9 13 1 134 4
171.287 87.624 101.033 10 13 1 133 3
171.287 87.624 101.033 11 13 1 133 3
136.237 129.778 54.914 12 13 1 139 4
136.237 129.778 54.914 13 13 1 139 4
136.237 129.778 54.914 14 13 1 139 4
136.237 129.778 54.914 15 13 1 139 4
136.237 129.778 54.914 16 13 1 139 4
136.237 129.778 54.914 17 13 1 139 4
136.237 129.778 54.914 18 13 1 139 4
136.237 129.778 54.914 19 13 1 139 4
136.237 129.778 54.914 20 13 1 139 4
322.827 28.449 261.452 1 14 1 134 4
322.827 28.449 261.452 2 14 1 134 4
322.827 28.449 261.452 3 14 1 134 4
322.827 28.449 261.452 4 14 1 134 4
322.827 28.449 261.452 5 14 1 134 4
322.827 28.449 261.452 6 14 1 134 4
322.827 28.449 261.452 7 14 1 134 4
322.827 28.449 261.452 8 14 1 134 4
322.827 28.449 261.452 9 14 1 134 4
171.287 87.624 101.033 10 14 1 133 3
171.287 87.624 101.033 11 14 1 133 3
136.237 129.778 54.914 12 14 1 139 4
136.237 129.778 54.914 13 14 1 139 4
136.237 129.778 54.914 14 14 1 139 4
136.237 129.778 54.914 15 14 1 139 4
136.237 129.778 54.914 16 14 1 139 4
136.237 129.778 54.914 17 14 1 139 4
136.237 129.778 54.914 18 14 1 139 4
136.237 129.778 54.914 19 14 1 139 4
136.237 129.778 54.914 20 14 1 139 4
322.827 28.449 261.452 1 15 1 134 4
322.827 28.449 261.452 2 15 1 134 4
322.827 28.449 261.452 3 15 1 134 4
322.827 28.449 261.452 4 15 1 134 4
322.827 28.449 261.452 5 15 1 134 4
322.827 28.449 261.452 6 15 1 134 4
322.827 28.449 261.452 7 15 1 134 4
322.827 28.449 261.452 8 15 1 134 4
322.827 28.449 261.452 9 15 1 134 4
297.097 106.929 3.357 10 15 1 102 2
213.376 113.539 318.437 11 15 1 26 1
136.237 129.778 54.914 12 15 1 139 4
136.237 129.778 54.914 13 15 1 139 4
136.237 129.778 54.914 14 15 1 139 4
136.237 129.778 54.914 15 15 1 139 4
136.237 129.778 54.914 16 15 1 139 4
136.237 129.778 54.914 17 15 1 139 4
136.237 129.778 54.914 18 15 1 139 4
136.237 129.778 54.914 19 15 1 139 4
136.237 129.778 54.914 20 15 1 139 4
322.827 28.449 261.452 1 16 1 134 4
322.827 28.449 261.452 2 16 1 134 4
322.827 28.449 261.452 3 16 1 134 4
322.827 28.449 261.452 4 16 1 134 4
322.827 28.449 261.452 5 16 1 134 4
322.827 28.449 261.452 6 16 1 134 4
322.827 28.449 261.452 7 16 1 134 4
322.827 28.449 261.452 8 16 1 134 4
322.827 28.449 261.452 9 16 1 134 4
213.376 113.539 318.437 10 16 1 26 1
213.376 113.539 318.437 11 16 1 26 1
136.237 129.778 54.914 12 16 1 139 4
136.237 129.778 54.914 13 16 1 139 4
136.237 129.778 54.914 14 16 1 139 4
136.237 129.778 54.914 15 16 1 139 4
136.237 129.778 54.914 16 16 1 139 4
136.237 129.778 54.914 17 16 1 139 4
136.237 129.778 54.914 18 16 1 139 4
136.237 129.778 54.914 19 16 1 139 4
136.237 129.778 54.914 20 16 1 139 4
322.827 28.449 261.452 1 17 1 134 4
322.827 28.449 261.452 2 17 1 134 4
322.827 28.449 261.452 3 17 1 134 4
322.827 28.449 261.452 4 17 1 134 4
322.827 28.449 261.452 5 17 1 134 4
322.827 28.449 261.452 6 17 1 134 4
322.827 28.449 261.452 7 17 1 134 4
322.827 28.449 261.452 8 17 1 134 4
322.827 28.449 261.452 9 17 1 134 4
213.376 113.539 318.437 10 17 1 26 1
213.376 113.539 318.437 11 17 1 26 1
136.237 129.778 54.914 12 17 1 139 4
136.237 129.778 54.914 13 17 1 139 4
136.237 129.778 54.914 14 17 1 139 4
136.237 129.778 54.914 15 17 1 139 4
136.237 129.778 54.914 16 17 1 139 4
136.237 129.778 54.914 17 17 1 139 4
136.237 129.778 54.914 18 17 1 139 4
136.237 129.778 54.914 19 17 1 139 4
136.237 129.778 54.914 20 17 1 139 4
322.827 28.449 261.452 1 18 1 134 4
322.827 28.449 261.452 2 18 1 134 4
322.827 28.449 261.452 3 18 1 134 4
322.827 28.449 261.452 4 18 1 134 4
322.827 28.449 261.452 5 18 1 134 4
322.827 28.449 261.452 6 18 1 134 4
322.827 28.449 261.452 7 18 1 134 4
308.154 9.737 264.914 8 18 1 127 2
308.154 9.737 264.914 9 18 1 127 2
322.122 154.696 275.836 10 18 1 159 1
322.122 154.696 275.836 11 18 1 159 1
168.023 11.806 165.787 12 18 1 31 1
41.684 107.571 156.197 13 18 1 168 4
136.237 129.778 54.914 14 18 1 139 4
136.237 129.778 54.914 15 18 1 139 4
136.237 129.778 54.914 16 18 1 139 4
136.237 129.778 54.914 17 18 1 139 4
136.237 129.778 54.914 18 18 1 139 4
136.237 129.778 54.914 19 18 1 139 4
136.237 129.778 54.914 20 18 1 139 4
322.827 28.449 261.452 1 19 1 134 4
322.827 28.449 261.452 2 19 1 134 4
322.827 28.449 261.452 3 19 1 134 4
322.827 28.449 261.452 4 19 1 134 4
322.827 28.449 261.452 5 19 1 134 4
322.827 28.449 261.452 6 19 1 134 4
322.827 28.449 261.452 7 19 1 134 4
308.154 9.737 264.914 8 19 1 127 2
41.684 107.571 156.197 9 19 1 168 4
41.684 107.571 156.197 10 19 1 168 4
41.684 107.571 156.197 11 19 1 168 4
168.023 11.806 165.787 12 19 1 31 1
41.684 107.571 156.197 13 19 1 168 4
41.684 107.571 156.197 14 19 1 168 4
136.237 129.778 54.914 15 19 1 139 4
136.237 129.778 54.914 16 19 1 139 4
136.237 129.778 54.914 17 19 1 139 4
136.237 129.778 54.914 18 19 1 139 4
136.237 129.778 54.914 19 19 1 139 4
136.237 129.778 54.914 20 19 1 139 4
322.827 28.449 261.452 1 20 1 134 4
322.827 28.449 261.452 2 20 1 134 4
322.827 28.449 261.452 3 20 1 134 4
322.827 28.449 261.452 4 20 1 134 4
350.038 27.156 135.875 5 20 1 147 1
350.038 27.156 135.875 6 20 1 147 1
350.038 27.156 135.875 7 20 1 147 1
350.038 27.156 135.875 8 20 1 147 1
41.684 107.571 156.197 9 20 1 168 4
41.684 107.571 156.197 10 20 1 168 4
41.684 107.571 156.197 11 20 1 168 4
168.023 11.806 165.787 12 20 1 31 1
41.684 107.571 156.197 13 20 1 168 4
315.382 86.684 344.683 14 20 1 61 1
136.237 129.778 54.914 15 20 1 139 4
136.237 129.778 54.914 16 20 1 139 4
136.237 129.778 54.914 17 20 1 139 4
136.237 129.778 54.914 18 20 1 139 4
136.237 129.778 54.914 19 20 1 139 4
136.237 129.778 54.914 20 20 1 139 4
