207.023 73.990 8.950 1 1 9 137 4
207.023 73.990 8.950 2 1 9 137 4
207.023 73.990 8.950 3 1 9 137 4
207.023 73.990 8.950 4 1 9 137 4
207.023 73.990 8.950 5 1 9 137 4
207.023 73.990 8.950 6 1 9 137 4
207.023 73.990 8.950 7 1 9 137 4
207.023 73.990 8.950 8 1 9 137 4
302.127 92.659 69.090 9 1 9 108 2
302.127 92.659 69.090 10 1 9 108 2
302.127 92.659 69.090 11 1 9 108 2
302.127 92.659 69.090 12 1 9 108 2
256.752 45.214 284.297 13 1 9 115 2
313.567 149.752 217.053 14 1 9 167 1
184.400 106.313 287.899 15 1 9 11 1
184.400 106.313 287.899 16 1 9 11 1
184.400 106.313 287.899 17 1 9 11 1
184.400 106.313 287.899 18 1 9 11 1
253.016 82.102 340.517 19 1 9 68 1
253.016 82.102 340.517 20 1 9 68 1
207.023 73.990 8.950 1 2 9 137 4
207.023 73.990 8.950 2 2 9 137 4
207.023 73.990 8.950 3 2 9 137 4
207.023 73.990 8.950 4 2 9 137 4
207.023 73.990 8.950 5 2 9 137 4
207.023 73.990 8.950 6 2 9 137 4
207.023 73.990 8.950 7 2 9 137 4
207.023 73.990 8.950 8 2 9 137 4
302.127 92.659 69.090 9 2 9 108 2
302.127 92.659 69.090 10 2 9 108 2
302.127 92.659 69.090 11 2 9 108 2
302.127 92.659 69.090 12 2 9 108 2
313.567 149.752 217.053 13 2 9 167 1
313.567 149.752 217.053 14 2 9 167 1
184.400 106.313 287.899 15 2 9 11 1
184.400 106.313 287.899 16 2 9 11 1
184.400 106.313 287.899 17 2 9 11 1
65.109 93.336 288.928 18 2 9 12 1
253.016 82.102 340.517 19 2 9 68 1
253.016 82.102 340.517 20 2 9 68 1
207.023 73.990 8.950 1 3 9 137 4
207.023 73.990 8.950 2 3 9 137 4
207.023 73.990 8.950 3 3 9 137 4
207.023 73.990 8.950 4 3 9 137 4
207.023 73.990 8.950 5 3 9 137 4
207.023 73.990 8.950 6 3 9 137 4
207.023 73.990 8.950 7 3 9 137 4
207.023 73.990 8.950 8 3 9 137 4
302.127 92.659 69.090 9 3 9 108 2
302.127 92.659 69.090 10 3 9 108 2
302.127 92.659 69.090 11 3 9 108 2
313.567 149.752 217.053 12 3 9 167 1
313.567 149.752 217.053 13 3 9 167 1
313.567 149.752 217.053 14 3 9 167 1
278.990 101.986 133.133 15 3 9 138 4
184.400 106.313 287.899 16 3 9 11 1
184.400 106.313 287.899 17 3 9 11 1
207.301 148.184 173.544 18 3 9 112 2
207.301 148.184 173.544 19 3 9 112 2
253.016 82.102 340.517 20 3 9 68 1
207.023 73.990 8.950 1 4 9 137 4
207.023 73.990 8.950 2 4 9 137 4
207.023 73.990 8.950 3 4 9 137 4
207.023 73.990 8.950 4 4 9 137 4
207.023 73.990 8.950 5 4 9 137 4
207.023 73.990 8.950 6 4 9 137 4
207.023 73.990 8.950 7 4 9 137 4
171.287 87.624 101.033 8 4 9 133 3
171.287 87.624 101.033 9 4 9 133 3
171.287 87.624 101.033 10 4 9 133 3
171.287 87.624 101.033 11 4 9 133 3
171.287 87.624 101.033 12 4 9 133 3
313.567 149.752 217.053 13 4 9 167 1
313.567 149.752 217.053 14 4 9 167 1
278.990 101.986 133.133 15 4 9 138 4
278.990 101.986 133.133 16 4 9 138 4
207.301 148.184 173.544 17 4 9 112 2
207.301 148.184 173.544 18 4 9 112 2
207.301 148.184 173.544 19 4 9 112 2
327.387 56.677 8.112 20 4 9 40 1
207.023 73.990 8.950 1 5 9 137 4
207.023 73.990 8.950 2 5 9 137 4
207.023 73.990 8.950 3 5 9 137 4
207.023 73.990 8.950 4 5 9 137 4
207.023 73.990 8.950 5 5 9 137 4
171.287 87.624 101.033 6 5 9 133 3
171.287 87.624 101.033 7 5 9 133 3
171.287 87.624 101.033 8 5 9 133 3
171.287 87.624 101.033 9 5 9 133 3
171.287 87.624 101.033 10 5 9 133 3
171.287 87.624 101.033 11 5 9 133 3
171.287 87.624 101.033 12 5 9 133 3
171.287 87.624 101.033 13 5 9 133 3
171.287 87.624 101.033 14 5 9 133 3
171.287 87.624 101.033 15 5 9 133 3
171.287 87.624 101.033 16 5 9 133 3
207.301 148.184 173.544 17 5 9 112 2
207.301 148.184 173.544 18 5 9 112 2
207.301 148.184 173.544 19 5 9 112 2
207.301 148.184 173.544 20 5 9 112 2
207.023 73.990 8.950 1 6 9 137 4
207.023 73.990 8.950 2 6 9 137 4
207.023 73.990 8.950 3 6 9 137 4
207.023 73.990 8.950 4 6 9 137 4
171.287 87.624 101.033 5 6 9 133 3
171.287 87.624 101.033 6 6 9 133 3
171.287 87.624 101.033 7 6 9 133 3
171.287 87.624 101.033 8 6 9 133 3
171.287 87.624 101.033 9 6 9 133 3
171.287 87.624 101.033 10 6 9 133 3
171.287 87.624 101.033 11 6 9 133 3
39.236 69.344 128.586 12 6 9 19 1
171.287 87.624 101.033 13 6 9 133 3
171.287 87.624 101.033 14 6 9 133 3
171.287 87.624 101.033 15 6 9 133 3
171.287 87.624 101.033 16 6 9 133 3
136.237 129.778 54.914 17 6 9 139 4
136.237 129.778 54.914 18 6 9 139 4
207.301 148.184 173.544 19 6 9 112 2
136.237 129.778 54.914 20 6 9 139 4
207.023 73.990 8.950 1 7 9 137 4
207.023 73.990 8.950 2 7 9 137 4
207.023 73.990 8.950 3 7 9 137 4
171.287 87.624 101.033 4 7 9 133 3
171.287 87.624 101.033 5 7 9 133 3
171.287 87.624 101.033 6 7 9 133 3
171.287 87.624 101.033 7 7 9 133 3
171.287 87.624 101.033 8 7 9 133 3
171.287 87.624 101.033 9 7 9 133 3
171.287 87.624 101.033 10 7 9 133 3
171.287 87.624 101.033 11 7 9 133 3
171.287 87.624 101.033 12 7 9 133 3
171.287 87.624 101.033 13 7 9 133 3
171.287 87.624 101.033 14 7 9 133 3
171.287 87.624 101.033 15 7 9 133 3
171.287 87.624 101.033 16 7 9 133 3
136.237 129.778 54.914 17 7 9 139 4
136.237 129.778 54.914 18 7 9 139 4
136.237 129.778 54.914 19 7 9 139 4
136.237 129.778 54.914 20 7 9 139 4
207.023 73.990 8.950 1 8 9 137 4
207.023 73.990 8.950 2 8 9 137 4
171.287 87.624 101.033 3 8 9 133 3
171.287 87.624 101.033 4 8 9 133 3
171.287 87.624 101.033 5 8 9 133 3
171.287 87.624 101.033 6 8 9 133 3
171.287 87.624 101.033 7 8 9 133 3
171.287 87.624 101.033 8 8 9 133 3
171.287 87.624 101.033 9 8 9 133 3
171.287 87.624 101.033 10 8 9 133 3
171.287 87.624 101.033 11 8 9 133 3
171.287 87.624 101.033 12 8 9 133 3
171.287 87.624 101.033 13 8 9 133 3
171.287 87.624 101.033 14 8 9 133 3
171.287 87.624 101.033 15 8 9 133 3
171.287 87.624 101.033 16 8 9 133 3
136.237 129.778 54.914 17 8 9 139 4
136.237 129.778 54.914 18 8 9 139 4
136.237 129.778 54.914 19 8 9 139 4
136.237 129.778 54.914 20 8 9 139 4
18.798 146.187 133.143 1 9 9 140 1
18.798 146.187 133.143 2 9 9 140 1
309.776 110.816 344.146 3 9 9 121 2
309.776 110.816 344.146 4 9 9 121 2
171.287 87.624 101.033 5 9 9 133 3
171.287 87.624 101.033 6 9 9 133 3
171.287 87.624 101.033 7 9 9 133 3
171.287 87.624 101.033 8 9 9 133 3
171.287 87.624 101.033 9 9 9 133 3
171.287 87.624 101.033 10 9 9 133 3
171.287 87.624 101.033 11 9 9 133 3
171.287 87.624 101.033 12 9 9 133 3
171.287 87.624 101.033 13 9 9 133 3
171.287 87.624 101.033 14 9 9 133 3
171.287 87.624 101.033 15 9 9 133 3
171.287 87.624 101.033 16 9 9 133 3
136.237 129.778 54.914 17 9 9 139 4
136.237 129.778 54.914 18 9 9 139 4
136.237 129.778 54.914 19 9 9 139 4
136.237 129.778 54.914 20 9 9 139 4
18.798 146.187 133.143 1 10 9 140 1
18.798 146.187 133.143 2 10 9 140 1
309.776 110.816 344.146 3 10 9 121 2
309.776 110.816 344.146 4 10 9 121 2
171.287 87.624 101.033 5 10 9 133 3
171.287 87.624 101.033 6 10 9 133 3
171.287 87.624 101.033 7 10 9 133 3
273.942 103.853 358.735 8 10 9 37 1
171.287 87.624 101.033 9 10 9 133 3
171.287 87.624 101.033 10 10 9 133 3
171.287 87.624 101.033 11 10 9 133 3
171.287 87.624 101.033 12 10 9 133 3
171.287 87.624 101.033 13 10 9 133 3
171.287 87.624 101.033 14 10 9 133 3
171.287 87.624 101.033 15 10 9 133 3
136.237 129.778 54.914 16 10 9 139 4
136.237 129.778 54.914 17 10 9 139 4
136.237 129.778 54.914 18 10 9 139 4
136.237 129.778 54.914 19 10 9 139 4
136.237 129.778 54.914 20 10 9 139 4
189.554 38.091 303.380 1 11 9 131 3
189.554 38.091 303.380 2 11 9 131 3
309.776 110.816 344.146 3 11 9 121 2
309.776 110.816 344.146 4 11 9 121 2
32.028 138.749 79.662 5 11 9 87 1
32.028 138.749 79.662 6 11 9 87 1
273.942 103.853 358.735 7 11 9 37 1
273.942 103.853 358.735 8 11 9 37 1
171.287 87.624 101.033 9 11 9 133 3
171.287 87.624 101.033 10 11 9 133 3
171.287 87.624 101.033 11 11 9 133 3
171.287 87.624 101.033 12 11 9 133 3
171.287 87.624 101.033 13 11 9 133 3
171.287 87.624 101.033 14 11 9 133 3
136.237 129.778 54.914 15 11 9 139 4
136.237 129.778 54.914 16 11 9 139 4
136.237 129.778 54.914 17 11 9 139 4
136.237 129.778 54.914 18 11 9 139 4
136.237 129.778 54.914 19 11 9 139 4
136.237 129.778 54.914 20 11 9 139 4
189.554 38.091 303.380 1 12 9 131 3
189.554 38.091 303.380 2 12 9 131 3
189.554 38.091 303.380 3 12 9 131 3
189.554 38.091 303.380 4 12 9 131 3
32.028 138.749 79.662 5 12 9 87 1
319.280 107.435 144.963 6 12 9 46 1
319.280 107.435 144.963 7 12 9 46 1
54.327 87.284 46.197 8 12 9 105 2
54.327 87.284 46.197 9 12 9 105 2
54.327 87.284 46.197 10 12 9 105 2
54.327 87.284 46.197 11 12 9 105 2
278.990 101.986 133.133 12 12 9 138 4
278.990 101.986 133.133 13 12 9 138 4
278.990 101.986 133.133 14 12 9 138 4
136.237 129.778 54.914 15 12 9 139 4
136.237 129.778 54.914 16 12 9 139 4
136.237 129.778 54.914 17 12 9 139 4
136.237 129.778 54.914 18 12 9 139 4
136.237 129.778 54.914 19 12 9 139 4
136.237 129.778 54.914 20 12 9 139 4
189.554 38.091 303.380 1 13 9 131 3
189.554 38.091 303.380 2 13 9 131 3
189.554 38.091 303.380 3 13 9 131 3
189.554 38.091 303.380 4 13 9 131 3
319.280 107.435 144.963 5 13 9 46 1
319.280 107.435 144.963 6 13 9 46 1
319.280 107.435 144.963 7 13 9 46 1
54.327 87.284 46.197 8 13 9 105 2
54.327 87.284 46.197 9 13 9 105 2
54.327 87.284 46.197 10 13 9 105 2
54.327 87.284 46.197 11 13 9 105 2
54.327 87.284 46.197 12 13 9 105 2
278.990 101.986 133.133 13 13 9 138 4
136.237 129.778 54.914 14 13 9 139 4
136.237 129.778 54.914 15 13 9 139 4
136.237 129.778 54.914 16 13 9 139 4
136.237 129.778 54.914 17 13 9 139 4
136.237 129.778 54.914 18 13 9 139 4
136.237 129.778 54.914 19 13 9 139 4
136.237 129.778 54.914 20 13 9 139 4
189.554 38.091 303.380 1 14 9 131 3
189.554 38.091 303.380 2 14 9 131 3
189.554 38.091 303.380 3 14 9 131 3
189.554 38.091 303.380 4 14 9 131 3
189.554 38.091 303.380 5 14 9 131 3
319.280 107.435 144.963 6 14 9 46 1
54.327 87.284 46.197 7 14 9 105 2
54.327 87.284 46.197 8 14 9 105 2
54.327 87.284 46.197 9 14 9 105 2
54.327 87.284 46.197 10 14 9 105 2
54.327 87.284 46.197 11 14 9 105 2
54.327 87.284 46.197 12 14 9 105 2
250.400 91.189 258.083 13 14 9 77 1
250.400 91.189 258.083 14 14 9 77 1
250.400 91.189 258.083 15 14 9 77 1
136.237 129.778 54.914 16 14 9 139 4
136.237 129.778 54.914 17 14 9 139 4
136.237 129.778 54.914 18 14 9 139 4
136.237 129.778 54.914 19 14 9 139 4
136.237 129.778 54.914 20 14 9 139 4
189.554 38.091 303.380 1 15 9 131 3
189.554 38.091 303.380 2 15 9 131 3
189.554 38.091 303.380 3 15 9 131 3
309.996 167.510 320.664 4 15 9 86 1
189.554 38.091 303.380 5 15 9 131 3
189.554 38.091 303.380 6 15 9 131 3
54.327 87.284 46.197 7 15 9 105 2
54.327 87.284 46.197 8 15 9 105 2
54.327 87.284 46.197 9 15 9 105 2
54.327 87.284 46.197 10 15 9 105 2
54.327 87.284 46.197 11 15 9 105 2
54.327 87.284 46.197 12 15 9 105 2
41.684 107.571 156.197 13 15 9 168 4
41.684 107.571 156.197 14 15 9 168 4
250.400 91.189 258.083 15 15 9 77 1
41.684 107.571 156.197 16 15 9 168 4
41.684 107.571 156.197 17 15 9 168 4
136.237 129.778 54.914 18 15 9 139 4
118.174 160.717 75.271 19 15 9 119 2
118.174 160.717 75.271 20 15 9 119 2
189.554 38.091 303.380 1 16 9 131 3
189.554 38.091 303.380 2 16 9 131 3
189.554 38.091 303.380 3 16 9 131 3
189.554 38.091 303.380 4 16 9 131 3
189.554 38.091 303.380 5 16 9 131 3
189.554 38.091 303.380 6 16 9 131 3
189.554 38.091 303.380 7 16 9 131 3
54.327 87.284 46.197 8 16 9 105 2
54.327 87.284 46.197 9 16 9 105 2
54.327 87.284 46.197 10 16 9 105 2
54.327 87.284 46.197 11 16 9 105 2
41.684 107.571 156.197 12 16 9 168 4
41.684 107.571 156.197 13 16 9 168 4
41.684 107.571 156.197 14 16 9 168 4
41.684 107.571 156.197 15 16 9 168 4
41.684 107.571 156.197 16 16 9 168 4
41.684 107.571 156.197 17 16 9 168 4
41.684 107.571 156.197 18 16 9 168 4
118.174 160.717 75.271 19 16 9 119 2
118.174 160.717 75.271 20 16 9 119 2
189.554 38.091 303.380 1 17 9 131 3
189.554 38.091 303.380 2 17 9 131 3
189.554 38.091 303.380 3 17 9 131 3
189.554 38.091 303.380 4 17 9 131 3
189.554 38.091 303.380 5 17 9 131 3
189.554 38.091 303.380 6 17 9 131 3
268.734 53.773 235.815 7 17 9 84 1
268.734 53.773 235.815 8 17 9 84 1
294.480 73.954 245.311 9 17 9 62 1
54.327 87.284 46.197 10 17 9 105 2
41.684 107.571 156.197 11 17 9 168 4
41.684 107.571 156.197 12 17 9 168 4
41.684 107.571 156.197 13 17 9 168 4
41.684 107.571 156.197 14 17 9 168 4
41.684 107.571 156.197 15 17 9 168 4
41.684 107.571 156.197 16 17 9 168 4
41.684 107.571 156.197 17 17 9 168 4
41.684 107.571 156.197 18 17 9 168 4
41.684 107.571 156.197 19 17 9 168 4
118.174 160.717 75.271 20 17 9 119 2
189.554 38.091 303.380 1 18 9 131 3
189.554 38.091 303.380 2 18 9 131 3
189.554 38.091 303.380 3 18 9 131 3
189.554 38.091 303.380 4 18 9 131 3
344.968 45.389 94.873 5 18 9 55 1
268.734 53.773 235.815 6 18 9 84 1
268.734 53.773 235.815 7 18 9 84 1
268.734 53.773 235.815 8 18 9 84 1
294.480 73.954 245.311 9 18 9 62 1
58.475 106.527 132.825 10 18 9 107 2
41.684 107.571 156.197 11 18 9 168 4
41.684 107.571 156.197 12 18 9 168 4
41.684 107.571 156.197 13 18 9 168 4
27.247 116.196 228.862 14 18 9 30 1
41.684 107.571 156.197 15 18 9 168 4
41.684 107.571 156.197 16 18 9 168 4
41.684 107.571 156.197 17 18 9 168 4
41.684 107.571 156.197 18 18 9 168 4
41.684 107.571 156.197 19 18 9 168 4
41.684 107.571 156.197 20 18 9 168 4
189.554 38.091 303.380 1 19 9 131 3
189.554 38.091 303.380 2 19 9 131 3
189.554 38.091 303.380 3 19 9 131 3
189.554 38.091 303.380 4 19 9 131 3
189.554 38.091 303.380 5 19 9 131 3
189.554 38.091 303.380 6 19 9 131 3
189.554 38.091 303.380 7 19 9 131 3
189.554 38.091 303.380 8 19 9 131 3
41.684 107.571 156.197 9 19 9 168 4
41.684 107.571 156.197 10 19 9 168 4
41.684 107.571 156.197 11 19 9 168 4
41.684 107.571 156.197 12 19 9 168 4
41.684 107.571 156.197 13 19 9 168 4
41.684 107.571 156.197 14 19 9 168 4
41.684 107.571 156.197 15 19 9 168 4
41.684 107.571 156.197 16 19 9 168 4
41.684 107.571 156.197 17 19 9 168 4
41.684 107.571 156.197 18 19 9 168 4
41.684 107.571 156.197 19 19 9 168 4
41.684 107.571 156.197 20 19 9 168 4
189.554 38.091 303.380 1 20 9 131 3
189.554 38.091 303.380 2 20 9 131 3
189.554 38.091 303.380 3 20 9 131 3
189.554 38.091 303.380 4 20 9 131 3
189.554 38.091 303.380 5 20 9 131 3
189.554 38.091 303.380 6 20 9 131 3
189.554 38.091 303.380 7 20 9 131 3
189.554 38.091 303.380 8 20 9 131 3
41.684 107.571 156.197 9 20 9 168 4
41.684 107.571 156.197 10 20 9 168 4
41.684 107.571 156.197 11 20 9 168 4
41.684 107.571 156.197 12 20 9 168 4
41.684 107.571 156.197 13 20 9 168 4
41.684 107.571 156.197 14 20 9 168 4
41.684 107.571 156.197 15 20 9 168 4
41.684 107.571 156.197 16 20 9 168 4
41.684 107.571 156.197 17 20 9 168 4
41.684 107.571 156.197 18 20 9 168 4
41.684 107.571 156.197 19 20 9 168 4
41.684 107.571 156.197 20 20 9 168 4
