161.568 73.418 45.590 1 1 20 51 1
161.568 73.418 45.590 2 1 20 51 1
161.568 73.418 45.590 3 1 20 51 1
114.752 71.835 334.816 4 1 20 132 3
114.752 71.835 334.816 5 1 20 132 3
114.752 71.835 334.816 6 1 20 132 3
114.752 71.835 334.816 7 1 20 132 3
114.752 71.835 334.816 8 1 20 132 3
114.752 71.835 334.816 9 1 20 132 3
114.752 71.835 334.816 10 1 20 132 3
114.752 71.835 334.816 11 1 20 132 3
114.752 71.835 334.816 12 1 20 132 3
114.752 71.835 334.816 13 1 20 132 3
114.752 71.835 334.816 14 1 20 132 3
114.752 71.835 334.816 15 1 20 132 3
175.647 50.113 261.750 16 1 20 136 4
175.647 50.113 261.750 17 1 20 136 4
175.647 50.113 261.750 18 1 20 136 4
175.647 50.113 261.750 19 1 20 136 4
175.647 50.113 261.750 20 1 20 136 4
161.568 73.418 45.590 1 2 20 51 1
161.568 73.418 45.590 2 2 20 51 1
161.568 73.418 45.590 3 2 20 51 1
114.752 71.835 334.816 4 2 20 132 3
114.752 71.835 334.816 5 2 20 132 3
114.752 71.835 334.816 6 2 20 132 3
114.752 71.835 334.816 7 2 20 132 3
114.752 71.835 334.816 8 2 20 132 3
114.752 71.835 334.816 9 2 20 132 3
114.752 71.835 334.816 10 2 20 132 3
114.752 71.835 334.816 11 2 20 132 3
114.752 71.835 334.816 12 2 20 132 3
114.752 71.835 334.816 13 2 20 132 3
114.752 71.835 334.816 14 2 20 132 3
114.752 71.835 334.816 15 2 20 132 3
114.752 71.835 334.816 16 2 20 132 3
175.647 50.113 261.750 17 2 20 136 4
175.647 50.113 261.750 18 2 20 136 4
175.647 50.113 261.750 19 2 20 136 4
175.647 50.113 261.750 20 2 20 136 4
161.568 73.418 45.590 1 3 20 51 1
161.568 73.418 45.590 2 3 20 51 1
161.568 73.418 45.590 3 3 20 51 1
114.752 71.835 334.816 4 3 20 132 3
114.752 71.835 334.816 5 3 20 132 3
114.752 71.835 334.816 6 3 20 132 3
114.752 71.835 334.816 7 3 20 132 3
114.752 71.835 334.816 8 3 20 132 3
114.752 71.835 334.816 9 3 20 132 3
114.752 71.835 334.816 10 3 20 132 3
114.752 71.835 334.816 11 3 20 132 3
114.752 71.835 334.816 12 3 20 132 3
114.752 71.835 334.816 13 3 20 132 3
114.752 71.835 334.816 14 3 20 132 3
114.752 71.835 334.816 15 3 20 132 3
114.752 71.835 334.816 16 3 20 132 3
175.647 50.113 261.750 17 3 20 136 4
175.647 50.113 261.750 18 3 20 136 4
175.647 50.113 261.750 19 3 20 136 4
175.647 50.113 261.750 20 3 20 136 4
161.568 73.418 45.590 1 4 20 51 1
161.568 73.418 45.590 2 4 20 51 1
114.752 71.835 334.816 3 4 20 132 3
114.752 71.835 334.816 4 4 20 132 3
323.834 69.283 44.808 5 4 20 64 1
114.752 71.835 334.816 6 4 20 132 3
114.752 71.835 334.816 7 4 20 132 3
114.752 71.835 334.816 8 4 20 132 3
114.752 71.835 334.816 9 4 20 132 3
200.034 144.450 90.749 10 4 20 80 1
114.752 71.835 334.816 11 4 20 132 3
114.752 71.835 334.816 12 4 20 132 3
114.752 71.835 334.816 13 4 20 132 3
114.752 71.835 334.816 14 4 20 132 3
114.752 71.835 334.816 15 4 20 132 3
114.752 71.835 334.816 16 4 20 132 3
175.647 50.113 261.750 17 4 20 136 4
175.647 50.113 261.750 18 4 20 136 4
175.647 50.113 261.750 19 4 20 136 4
175.647 50.113 261.750 20 4 20 136 4
114.752 71.835 334.816 1 5 20 132 3
114.752 71.835 334.816 2 5 20 132 3
114.752 71.835 334.816 3 5 20 132 3
114.752 71.835 334.816 4 5 20 132 3
323.834 69.283 44.808 5 5 20 64 1
323.834 69.283 44.808 6 5 20 64 1
114.752 71.835 334.816 7 5 20 132 3
114.752 71.835 334.816 8 5 20 132 3
114.752 71.835 334.816 9 5 20 132 3
114.752 71.835 334.816 10 5 20 132 3
114.752 71.835 334.816 11 5 20 132 3
114.752 71.835 334.816 12 5 20 132 3
114.752 71.835 334.816 13 5 20 132 3
114.752 71.835 334.816 14 5 20 132 3
114.752 71.835 334.816 15 5 20 132 3
114.752 71.835 334.816 16 5 20 132 3
175.647 50.113 261.750 17 5 20 136 4
175.647 50.113 261.750 18 5 20 136 4
175.647 50.113 261.750 19 5 20 136 4
175.647 50.113 261.750 20 5 20 136 4
323.363 82.020 329.638 1 6 20 104 2
114.752 71.835 334.816 2 6 20 132 3
114.752 71.835 334.816 3 6 20 132 3
114.752 71.835 334.816 4 6 20 132 3
323.834 69.283 44.808 5 6 20 64 1
323.834 69.283 44.808 6 6 20 64 1
114.752 71.835 334.816 7 6 20 132 3
114.752 71.835 334.816 8 6 20 132 3
114.752 71.835 334.816 9 6 20 132 3
114.752 71.835 334.816 10 6 20 132 3
114.752 71.835 334.816 11 6 20 132 3
114.752 71.835 334.816 12 6 20 132 3
114.752 71.835 334.816 13 6 20 132 3
114.752 71.835 334.816 14 6 20 132 3
114.752 71.835 334.816 15 6 20 132 3
193.884 103.363 167.119 16 6 20 99 2
175.647 50.113 261.750 17 6 20 136 4
175.647 50.113 261.750 18 6 20 136 4
175.647 50.113 261.750 19 6 20 136 4
175.647 50.113 261.750 20 6 20 136 4
323.363 82.020 329.638 1 7 20 104 2
323.363 82.020 329.638 2 7 20 104 2
114.752 71.835 334.816 3 7 20 132 3
114.752 71.835 334.816 4 7 20 132 3
323.834 69.283 44.808 5 7 20 64 1
323.834 69.283 44.808 6 7 20 64 1
323.834 69.283 44.808 7 7 20 64 1
114.752 71.835 334.816 8 7 20 132 3
114.752 71.835 334.816 9 7 20 132 3
114.752 71.835 334.816 10 7 20 132 3
114.752 71.835 334.816 11 7 20 132 3
114.752 71.835 334.816 12 7 20 132 3
114.752 71.835 334.816 13 7 20 132 3
114.752 71.835 334.816 14 7 20 132 3
114.752 71.835 334.816 15 7 20 132 3
114.752 71.835 334.816 16 7 20 132 3
175.647 50.113 261.750 17 7 20 136 4
175.647 50.113 261.750 18 7 20 136 4
175.647 50.113 261.750 19 7 20 136 4
175.647 50.113 261.750 20 7 20 136 4
323.363 82.020 329.638 1 8 20 104 2
323.363 82.020 329.638 2 8 20 104 2
323.363 82.020 329.638 3 8 20 104 2
114.752 71.835 334.816 4 8 20 132 3
114.752 71.835 334.816 5 8 20 132 3
323.834 69.283 44.808 6 8 20 64 1
323.834 69.283 44.808 7 8 20 64 1
38.134 76.298 315.576 8 8 20 110 2
114.752 71.835 334.816 9 8 20 132 3
114.752 71.835 334.816 10 8 20 132 3
34.544 119.336 142.975 11 8 20 24 1
262.641 72.419 204.059 12 8 20 39 1
114.752 71.835 334.816 13 8 20 132 3
114.752 71.835 334.816 14 8 20 132 3
114.752 71.835 334.816 15 8 20 132 3
114.752 71.835 334.816 16 8 20 132 3
175.647 50.113 261.750 17 8 20 136 4
175.647 50.113 261.750 18 8 20 136 4
175.647 50.113 261.750 19 8 20 136 4
175.647 50.113 261.750 20 8 20 136 4
323.363 82.020 329.638 1 9 20 104 2
323.363 82.020 329.638 2 9 20 104 2
323.363 82.020 329.638 3 9 20 104 2
114.752 71.835 334.816 4 9 20 132 3
114.752 71.835 334.816 5 9 20 132 3
114.752 71.835 334.816 6 9 20 132 3
38.134 76.298 315.576 7 9 20 110 2
38.134 76.298 315.576 8 9 20 110 2
114.752 71.835 334.816 9 9 20 132 3
114.752 71.835 334.816 10 9 20 132 3
34.544 119.336 142.975 11 9 20 24 1
34.544 119.336 142.975 12 9 20 24 1
114.752 71.835 334.816 13 9 20 132 3
114.752 71.835 334.816 14 9 20 132 3
114.752 71.835 334.816 15 9 20 132 3
114.752 71.835 334.816 16 9 20 132 3
175.647 50.113 261.750 17 9 20 136 4
175.647 50.113 261.750 18 9 20 136 4
175.647 50.113 261.750 19 9 20 136 4
123.617 95.912 260.257 20 9 20 75 1
323.113 36.440 294.921 1 10 20 78 1
323.113 36.440 294.921 2 10 20 78 1
323.113 36.440 294.921 3 10 20 78 1
347.332 164.020 290.997 4 10 20 101 2
347.332 164.020 290.997 5 10 20 101 2
114.752 71.835 334.816 6 10 20 132 3
38.134 76.298 315.576 7 10 20 110 2
38.134 76.298 315.576 8 10 20 110 2
114.752 71.835 334.816 9 10 20 132 3
114.752 71.835 334.816 10 10 20 132 3
114.752 71.835 334.816 11 10 20 132 3
114.752 71.835 334.816 12 10 20 132 3
114.752 71.835 334.816 13 10 20 132 3
114.752 71.835 334.816 14 10 20 132 3
114.752 71.835 334.816 15 10 20 132 3
114.752 71.835 334.816 16 10 20 132 3
175.647 50.113 261.750 17 10 20 136 4
175.647 50.113 261.750 18 10 20 136 4
175.647 50.113 261.750 19 10 20 136 4
175.647 50.113 261.750 20 10 20 136 4
323.113 36.440 294.921 1 11 20 78 1
323.113 36.440 294.921 2 11 20 78 1
323.113 36.440 294.921 3 11 20 78 1
347.332 164.020 290.997 4 11 20 101 2
347.332 164.020 290.997 5 11 20 101 2
347.332 164.020 290.997 6 11 20 101 2
38.134 76.298 315.576 7 11 20 110 2
38.134 76.298 315.576 8 11 20 110 2
114.752 71.835 334.816 9 11 20 132 3
114.752 71.835 334.816 10 11 20 132 3
114.752 71.835 334.816 11 11 20 132 3
114.752 71.835 334.816 12 11 20 132 3
114.752 71.835 334.816 13 11 20 132 3
114.752 71.835 334.816 14 11 20 132 3
114.752 71.835 334.816 15 11 20 132 3
114.752 71.835 334.816 16 11 20 132 3
175.647 50.113 261.750 17 11 20 136 4
175.647 50.113 261.750 18 11 20 136 4
175.647 50.113 261.750 19 11 20 136 4
175.647 50.113 261.750 20 11 20 136 4
323.113 36.440 294.921 1 12 20 78 1
323.113 36.440 294.921 2 12 20 78 1
190.445 8.402 129.762 3 12 20 83 1
190.445 8.402 129.762 4 12 20 83 1
347.332 164.020 290.997 5 12 20 101 2
347.332 164.020 290.997 6 12 20 101 2
347.332 164.020 290.997 7 12 20 101 2
38.134 76.298 315.576 8 12 20 110 2
114.752 71.835 334.816 9 12 20 132 3
114.752 71.835 334.816 10 12 20 132 3
114.752 71.835 334.816 11 12 20 132 3
114.752 71.835 334.816 12 12 20 132 3
114.752 71.835 334.816 13 12 20 132 3
114.752 71.835 334.816 14 12 20 132 3
114.752 71.835 334.816 15 12 20 132 3
175.647 50.113 261.750 16 12 20 136 4
175.647 50.113 261.750 17 12 20 136 4
175.647 50.113 261.750 18 12 20 136 4
175.647 50.113 261.750 19 12 20 136 4
175.647 50.113 261.750 20 12 20 136 4
190.445 8.402 129.762 1 13 20 83 1
190.445 8.402 129.762 2 13 20 83 1
190.445 8.402 129.762 3 13 20 83 1
190.445 8.402 129.762 4 13 20 83 1
347.332 164.020 290.997 5 13 20 101 2
347.332 164.020 290.997 6 13 20 101 2
347.332 164.020 290.997 7 13 20 101 2
347.332 164.020 290.997 8 13 20 101 2
114.752 71.835 334.816 9 13 20 132 3
114.752 71.835 334.816 10 13 20 132 3
114.752 71.835 334.816 11 13 20 132 3
114.752 71.835 334.816 12 13 20 132 3
114.752 71.835 334.816 13 13 20 132 3
142.495 52.778 216.633 14 13 20 1 1
142.495 52.778 216.633 15 13 20 1 1
175.647 50.113 261.750 16 13 20 136 4
175.647 50.113 261.750 17 13 20 136 4
175.647 50.113 261.750 18 13 20 136 4
175.647 50.113 261.750 19 13 20 136 4
175.647 50.113 261.750 20 13 20 136 4
145.521 145.891 112.931 1 14 20 128 2
145.521 145.891 112.931 2 14 20 128 2
190.445 8.402 129.762 3 14 20 83 1
190.445 8.402 129.762 4 14 20 83 1
347.332 164.020 290.997 5 14 20 101 2
347.332 164.020 290.997 6 14 20 101 2
347.332 164.020 290.997 7 14 20 101 2
347.332 164.020 290.997 8 14 20 101 2
332.887 49.004 275.016 9 14 20 88 1
332.887 49.004 275.016 10 14 20 88 1
36.276 119.489 249.875 11 14 20 123 2
36.276 119.489 249.875 12 14 20 123 2
142.495 52.778 216.633 13 14 20 1 1
142.495 52.778 216.633 14 14 20 1 1
142.495 52.778 216.633 15 14 20 1 1
142.495 52.778 216.633 16 14 20 1 1
175.647 50.113 261.750 17 14 20 136 4
175.647 50.113 261.750 18 14 20 136 4
175.647 50.113 261.750 19 14 20 136 4
175.647 50.113 261.750 20 14 20 136 4
145.521 145.891 112.931 1 15 20 128 2
145.521 145.891 112.931 2 15 20 128 2
145.521 145.891 112.931 3 15 20 128 2
190.445 8.402 129.762 4 15 20 83 1
347.332 164.020 290.997 5 15 20 101 2
37.995 138.362 229.508 6 15 20 117 2
37.995 138.362 229.508 7 15 20 117 2
332.887 49.004 275.016 8 15 20 88 1
332.887 49.004 275.016 9 15 20 88 1
332.887 49.004 275.016 10 15 20 88 1
332.887 49.004 275.016 11 15 20 88 1
142.495 52.778 216.633 12 15 20 1 1
142.495 52.778 216.633 13 15 20 1 1
142.495 52.778 216.633 14 15 20 1 1
142.495 52.778 216.633 15 15 20 1 1
142.495 52.778 216.633 16 15 20 1 1
142.495 52.778 216.633 17 15 20 1 1
175.647 50.113 261.750 18 15 20 136 4
175.647 50.113 261.750 19 15 20 136 4
175.647 50.113 261.750 20 15 20 136 4
145.521 145.891 112.931 1 16 20 128 2
145.521 145.891 112.931 2 16 20 128 2
145.521 145.891 112.931 3 16 20 128 2
220.960 138.023 346.083 4 16 20 124 2
220.960 138.023 346.083 5 16 20 124 2
220.960 138.023 346.083 6 16 20 124 2
220.960 138.023 346.083 7 16 20 124 2
332.887 49.004 275.016 8 16 20 88 1
332.887 49.004 275.016 9 16 20 88 1
332.887 49.004 275.016 10 16 20 88 1
332.887 49.004 275.016 11 16 20 88 1
332.887 49.004 275.016 12 16 20 88 1
142.495 52.778 216.633 13 16 20 1 1
142.495 52.778 216.633 14 16 20 1 1
142.495 52.778 216.633 15 16 20 1 1
243.901 52.102 229.074 16 16 20 150 1
243.901 52.102 229.074 17 16 20 150 1
41.684 107.571 156.197 18 16 20 168 4
175.647 50.113 261.750 19 16 20 136 4
175.647 50.113 261.750 20 16 20 136 4
145.521 145.891 112.931 1 17 20 128 2
145.521 145.891 112.931 2 17 20 128 2
220.960 138.023 346.083 3 17 20 124 2
220.960 138.023 346.083 4 17 20 124 2
220.960 138.023 346.083 5 17 20 124 2
220.960 138.023 346.083 6 17 20 124 2
220.960 138.023 346.083 7 17 20 124 2
110.709 113.083 138.904 8 17 20 17 1
110.709 113.083 138.904 9 17 20 17 1
110.709 113.083 138.904 10 17 20 17 1
110.709 113.083 138.904 11 17 20 17 1
110.709 113.083 138.904 12 17 20 17 1
142.495 52.778 216.633 13 17 20 1 1
142.495 52.778 216.633 14 17 20 1 1
142.495 52.778 216.633 15 17 20 1 1
243.901 52.102 229.074 16 17 20 150 1
243.901 52.102 229.074 17 17 20 150 1
41.684 107.571 156.197 18 17 20 168 4
41.684 107.571 156.197 19 17 20 168 4
175.647 50.113 261.750 20 17 20 136 4
139.517 65.372 261.644 1 18 20 22 1
318.713 64.793 172.371 2 18 20 100 2
220.960 138.023 346.083 3 18 20 124 2
220.960 138.023 346.083 4 18 20 124 2
220.960 138.023 346.083 5 18 20 124 2
220.960 138.023 346.083 6 18 20 124 2
220.960 138.023 346.083 7 18 20 124 2
110.709 113.083 138.904 8 18 20 17 1
110.709 113.083 138.904 9 18 20 17 1
110.709 113.083 138.904 10 18 20 17 1
110.709 113.083 138.904 11 18 20 17 1
110.709 113.083 138.904 12 18 20 17 1
110.709 113.083 138.904 13 18 20 17 1
275.144 74.943 24.901 14 18 20 152 1
275.144 74.943 24.901 15 18 20 152 1
324.985 130.120 40.205 16 18 20 28 1
275.144 74.943 24.901 17 18 20 152 1
275.144 74.943 24.901 18 18 20 152 1
275.144 74.943 24.901 19 18 20 152 1
275.144 74.943 24.901 20 18 20 152 1
139.517 65.372 261.644 1 19 20 22 1
318.713 64.793 172.371 2 19 20 100 2
139.517 65.372 261.644 3 19 20 22 1
139.517 65.372 261.644 4 19 20 22 1
139.517 65.372 261.644 5 19 20 22 1
139.517 65.372 261.644 6 19 20 22 1
139.517 65.372 261.644 7 19 20 22 1
139.517 65.372 261.644 8 19 20 22 1
139.517 65.372 261.644 9 19 20 22 1
110.709 113.083 138.904 10 19 20 17 1
110.709 113.083 138.904 11 19 20 17 1
136.521 83.353 33.397 12 19 20 67 1
41.684 107.571 156.197 13 19 20 168 4
41.684 107.571 156.197 14 19 20 168 4
41.684 107.571 156.197 15 19 20 168 4
243.901 52.102 229.074 16 19 20 150 1
41.684 107.571 156.197 17 19 20 168 4
41.684 107.571 156.197 18 19 20 168 4
41.684 107.571 156.197 19 19 20 168 4
41.684 107.571 156.197 20 19 20 168 4
139.517 65.372 261.644 1 20 20 22 1
63.480 143.831 201.884 2 20 20 89 1
139.517 65.372 261.644 3 20 20 22 1
139.517 65.372 261.644 4 20 20 22 1
139.517 65.372 261.644 5 20 20 22 1
59.296 115.922 348.680 6 20 20 145 1
139.517 65.372 261.644 7 20 20 22 1
235.042 35.382 79.961 8 20 20 49 1
104.788 131.028 225.130 9 20 20 43 1
110.709 113.083 138.904 10 20 20 17 1
136.521 83.353 33.397 11 20 20 67 1
136.521 83.353 33.397 12 20 20 67 1
41.684 107.571 156.197 13 20 20 168 4
41.684 107.571 156.197 14 20 20 168 4
41.684 107.571 156.197 15 20 20 168 4
5.030 162.237 254.956 16 20 20 65 1
41.684 107.571 156.197 17 20 20 168 4
41.684 107.571 156.197 18 20 20 168 4
41.684 107.571 156.197 19 20 20 168 4
41.684 107.571 156.197 20 20 20 168 4
