114.752 71.835 334.816 1 1 16 132 3
114.752 71.835 334.816 2 1 16 132 3
114.752 71.835 334.816 3 1 16 132 3
114.752 71.835 334.816 4 1 16 132 3
114.752 71.835 334.816 5 1 16 132 3
114.752 71.835 334.816 6 1 16 132 3
114.752 71.835 334.816 7 1 16 132 3
114.752 71.835 334.816 8 1 16 132 3
114.752 71.835 334.816 9 1 16 132 3
114.752 71.835 334.816 10 1 16 132 3
114.752 71.835 334.816 11 1 16 132 3
131.883 139.175 276.216 12 1 16 120 2
131.883 139.175 276.216 13 1 16 120 2
218.463 96.321 84.559 14 1 16 35 1
322.166 141.990 9.548 15 1 16 66 1
175.647 50.113 261.750 16 1 16 136 4
175.647 50.113 261.750 17 1 16 136 4
175.647 50.113 261.750 18 1 16 136 4
175.647 50.113 261.750 19 1 16 136 4
175.647 50.113 261.750 20 1 16 136 4
114.752 71.835 334.816 1 2 16 132 3
114.752 71.835 334.816 2 2 16 132 3
114.752 71.835 334.816 3 2 16 132 3
114.752 71.835 334.816 4 2 16 132 3
114.752 71.835 334.816 5 2 16 132 3
114.752 71.835 334.816 6 2 16 132 3
114.752 71.835 334.816 7 2 16 132 3
114.752 71.835 334.816 8 2 16 132 3
114.752 71.835 334.816 9 2 16 132 3
114.752 71.835 334.816 10 2 16 132 3
114.752 71.835 334.816 11 2 16 132 3
131.883 139.175 276.216 12 2 16 120 2
131.883 139.175 276.216 13 2 16 120 2
218.463 96.321 84.559 14 2 16 35 1
322.166 141.990 9.548 15 2 16 66 1
175.647 50.113 261.750 16 2 16 136 4
175.647 50.113 261.750 17 2 16 136 4
175.647 50.113 261.750 18 2 16 136 4
175.647 50.113 261.750 19 2 16 136 4
175.647 50.113 261.750 20 2 16 136 4
114.752 71.835 334.816 1 3 16 132 3
114.752 71.835 334.816 2 3 16 132 3
114.752 71.835 334.816 3 3 16 132 3
114.752 71.835 334.816 4 3 16 132 3
114.752 71.835 334.816 5 3 16 132 3
114.752 71.835 334.816 6 3 16 132 3
114.752 71.835 334.816 7 3 16 132 3
114.752 71.835 334.816 8 3 16 132 3
114.752 71.835 334.816 9 3 16 132 3
114.752 71.835 334.816 10 3 16 132 3
114.752 71.835 334.816 11 3 16 132 3
114.752 71.835 334.816 12 3 16 132 3
114.752 71.835 334.816 13 3 16 132 3
218.463 96.321 84.559 14 3 16 35 1
175.647 50.113 261.750 15 3 16 136 4
175.647 50.113 261.750 16 3 16 136 4
175.647 50.113 261.750 17 3 16 136 4
175.647 50.113 261.750 18 3 16 136 4
175.647 50.113 261.750 19 3 16 136 4
175.647 50.113 261.750 20 3 16 136 4
114.752 71.835 334.816 1 4 16 132 3
114.752 71.835 334.816 2 4 16 132 3
114.752 71.835 334.816 3 4 16 132 3
114.752 71.835 334.816 4 4 16 132 3
114.752 71.835 334.816 5 4 16 132 3
114.752 71.835 334.816 6 4 16 132 3
114.752 71.835 334.816 7 4 16 132 3
114.752 71.835 334.816 8 4 16 132 3
114.752 71.835 334.816 9 4 16 132 3
114.752 71.835 334.816 10 4 16 132 3
114.752 71.835 334.816 11 4 16 132 3
114.752 71.835 334.816 12 4 16 132 3
114.752 71.835 334.816 13 4 16 132 3
57.676 134.014 181.367 14 4 16 59 1
57.676 134.014 181.367 15 4 16 59 1
175.647 50.113 261.750 16 4 16 136 4
175.647 50.113 261.750 17 4 16 136 4
175.647 50.113 261.750 18 4 16 136 4
175.647 50.113 261.750 19 4 16 136 4
175.647 50.113 261.750 20 4 16 136 4
114.752 71.835 334.816 1 5 16 132 3
114.752 71.835 334.816 2 5 16 132 3
114.752 71.835 334.816 3 5 16 132 3
114.752 71.835 334.816 4 5 16 132 3
114.752 71.835 334.816 5 5 16 132 3
114.752 71.835 334.816 6 5 16 132 3
114.752 71.835 334.816 7 5 16 132 3
114.752 71.835 334.816 8 5 16 132 3
114.752 71.835 334.816 9 5 16 132 3
114.752 71.835 334.816 10 5 16 132 3
123.189 50.975 99.012 11 5 16 42 1
123.189 50.975 99.012 12 5 16 42 1
123.189 50.975 99.012 13 5 16 42 1
57.676 134.014 181.367 14 5 16 59 1
175.647 50.113 261.750 15 5 16 136 4
175.647 50.113 261.750 16 5 16 136 4
175.647 50.113 261.750 17 5 16 136 4
175.647 50.113 261.750 18 5 16 136 4
175.647 50.113 261.750 19 5 16 136 4
175.647 50.113 261.750 20 5 16 136 4
114.752 71.835 334.816 1 6 16 132 3
114.752 71.835 334.816 2 6 16 132 3
114.752 71.835 334.816 3 6 16 132 3
114.752 71.835 334.816 4 6 16 132 3
114.752 71.835 334.816 5 6 16 132 3
114.752 71.835 334.816 6 6 16 132 3
114.752 71.835 334.816 7 6 16 132 3
114.752 71.835 334.816 8 6 16 132 3
114.752 71.835 334.816 9 6 16 132 3
114.752 71.835 334.816 10 6 16 132 3
114.752 71.835 334.816 11 6 16 132 3
123.189 50.975 99.012 12 6 16 42 1
171.287 87.624 101.033 13 6 16 133 3
171.287 87.624 101.033 14 6 16 133 3
171.287 87.624 101.033 15 6 16 133 3
175.647 50.113 261.750 16 6 16 136 4
175.647 50.113 261.750 17 6 16 136 4
175.647 50.113 261.750 18 6 16 136 4
175.647 50.113 261.750 19 6 16 136 4
175.647 50.113 261.750 20 6 16 136 4
114.752 71.835 334.816 1 7 16 132 3
114.752 71.835 334.816 2 7 16 132 3
114.752 71.835 334.816 3 7 16 132 3
114.752 71.835 334.816 4 7 16 132 3
114.752 71.835 334.816 5 7 16 132 3
114.752 71.835 334.816 6 7 16 132 3
114.752 71.835 334.816 7 7 16 132 3
114.752 71.835 334.816 8 7 16 132 3
114.752 71.835 334.816 9 7 16 132 3
114.752 71.835 334.816 10 7 16 132 3
114.752 71.835 334.816 11 7 16 132 3
114.752 71.835 334.816 12 7 16 132 3
171.287 87.624 101.033 13 7 16 133 3
171.287 87.624 101.033 14 7 16 133 3
171.287 87.624 101.033 15 7 16 133 3
175.647 50.113 261.750 16 7 16 136 4
175.647 50.113 261.750 17 7 16 136 4
175.647 50.113 261.750 18 7 16 136 4
175.647 50.113 261.750 19 7 16 136 4
175.647 50.113 261.750 20 7 16 136 4
114.752 71.835 334.816 1 8 16 132 3
114.752 71.835 334.816 2 8 16 132 3
114.752 71.835 334.816 3 8 16 132 3
114.752 71.835 334.816 4 8 16 132 3
114.752 71.835 334.816 5 8 16 132 3
114.752 71.835 334.816 6 8 16 132 3
114.752 71.835 334.816 7 8 16 132 3
114.752 71.835 334.816 8 8 16 132 3
114.752 71.835 334.816 9 8 16 132 3
114.752 71.835 334.816 10 8 16 132 3
114.752 71.835 334.816 11 8 16 132 3
115.350 110.932 123.667 12 8 16 162 1
171.287 87.624 101.033 13 8 16 133 3
171.287 87.624 101.033 14 8 16 133 3
171.287 87.624 101.033 15 8 16 133 3
175.647 50.113 261.750 16 8 16 136 4
175.647 50.113 261.750 17 8 16 136 4
175.647 50.113 261.750 18 8 16 136 4
175.647 50.113 261.750 19 8 16 136 4
175.647 50.113 261.750 20 8 16 136 4
114.752 71.835 334.816 1 9 16 132 3
114.752 71.835 334.816 2 9 16 132 3
114.752 71.835 334.816 3 9 16 132 3
114.752 71.835 334.816 4 9 16 132 3
114.752 71.835 334.816 5 9 16 132 3
114.752 71.835 334.816 6 9 16 132 3
114.752 71.835 334.816 7 9 16 132 3
114.752 71.835 334.816 8 9 16 132 3
114.752 71.835 334.816 9 9 16 132 3
114.752 71.835 334.816 10 9 16 132 3
114.752 71.835 334.816 11 9 16 132 3
114.752 71.835 334.816 12 9 16 132 3
171.287 87.624 101.033 13 9 16 133 3
171.287 87.624 101.033 14 9 16 133 3
175.647 50.113 261.750 15 9 16 136 4
175.647 50.113 261.750 16 9 16 136 4
175.647 50.113 261.750 17 9 16 136 4
175.647 50.113 261.750 18 9 16 136 4
175.647 50.113 261.750 19 9 16 136 4
175.647 50.113 261.750 20 9 16 136 4
114.752 71.835 334.816 1 10 16 132 3
114.752 71.835 334.816 2 10 16 132 3
114.752 71.835 334.816 3 10 16 132 3
114.752 71.835 334.816 4 10 16 132 3
114.752 71.835 334.816 5 10 16 132 3
114.752 71.835 334.816 6 10 16 132 3
114.752 71.835 334.816 7 10 16 132 3
114.752 71.835 334.816 8 10 16 132 3
114.752 71.835 334.816 9 10 16 132 3
114.752 71.835 334.816 10 10 16 132 3
114.752 71.835 334.816 11 10 16 132 3
114.752 71.835 334.816 12 10 16 132 3
34.961 106.975 65.203 13 10 16 57 1
8.236 78.638 265.558 14 10 16 98 2
8.236 78.638 265.558 15 10 16 98 2
175.647 50.113 261.750 16 10 16 136 4
175.647 50.113 261.750 17 10 16 136 4
175.647 50.113 261.750 18 10 16 136 4
175.647 50.113 261.750 19 10 16 136 4
175.647 50.113 261.750 20 10 16 136 4
189.554 38.091 303.380 1 11 16 131 3
189.554 38.091 303.380 2 11 16 131 3
189.554 38.091 303.380 3 11 16 131 3
114.752 71.835 334.816 4 11 16 132 3
114.752 71.835 334.816 5 11 16 132 3
347.332 164.020 290.997 6 11 16 101 2
38.134 76.298 315.576 7 11 16 110 2
38.134 76.298 315.576 8 11 16 110 2
114.752 71.835 334.816 9 11 16 132 3
114.752 71.835 334.816 10 11 16 132 3
114.752 71.835 334.816 11 11 16 132 3
44.820 154.927 85.662 12 11 16 90 1
34.961 106.975 65.203 13 11 16 57 1
8.236 78.638 265.558 14 11 16 98 2
175.647 50.113 261.750 15 11 16 136 4
175.647 50.113 261.750 16 11 16 136 4
175.647 50.113 261.750 17 11 16 136 4
175.647 50.113 261.750 18 11 16 136 4
175.647 50.113 261.750 19 11 16 136 4
175.647 50.113 261.750 20 11 16 136 4
189.554 38.091 303.380 1 12 16 131 3
189.554 38.091 303.380 2 12 16 131 3
189.554 38.091 303.380 3 12 16 131 3
189.554 38.091 303.380 4 12 16 131 3
189.554 38.091 303.380 5 12 16 131 3
347.332 164.020 290.997 6 12 16 101 2
347.332 164.020 290.997 7 12 16 101 2
38.134 76.298 315.576 8 12 16 110 2
38.134 76.298 315.576 9 12 16 110 2
72.499 136.573 45.190 10 12 16 135 4
72.499 136.573 45.190 11 12 16 135 4
44.820 154.927 85.662 12 12 16 90 1
44.820 154.927 85.662 13 12 16 90 1
8.236 78.638 265.558 14 12 16 98 2
175.647 50.113 261.750 15 12 16 136 4
175.647 50.113 261.750 16 12 16 136 4
175.647 50.113 261.750 17 12 16 136 4
175.647 50.113 261.750 18 12 16 136 4
175.647 50.113 261.750 19 12 16 136 4
175.647 50.113 261.750 20 12 16 136 4
189.554 38.091 303.380 1 13 16 131 3
189.554 38.091 303.380 2 13 16 131 3
189.554 38.091 303.380 3 13 16 131 3
189.554 38.091 303.380 4 13 16 131 3
189.554 38.091 303.380 5 13 16 131 3
189.554 38.091 303.380 6 13 16 131 3
347.332 164.020 290.997 7 13 16 101 2
38.134 76.298 315.576 8 13 16 110 2
38.134 76.298 315.576 9 13 16 110 2
72.499 136.573 45.190 10 13 16 135 4
72.499 136.573 45.190 11 13 16 135 4
72.499 136.573 45.190 12 13 16 135 4
72.499 136.573 45.190 13 13 16 135 4
315.740 111.318 238.505 14 13 16 129 2
315.740 111.318 238.505 15 13 16 129 2
315.740 111.318 238.505 16 13 16 129 2
175.647 50.113 261.750 17 13 16 136 4
175.647 50.113 261.750 18 13 16 136 4
175.647 50.113 261.750 19 13 16 136 4
175.647 50.113 261.750 20 13 16 136 4
189.554 38.091 303.380 1 14 16 131 3
189.554 38.091 303.380 2 14 16 131 3
189.554 38.091 303.380 3 14 16 131 3
189.554 38.091 303.380 4 14 16 131 3
189.554 38.091 303.380 5 14 16 131 3
189.554 38.091 303.380 6 14 16 131 3
189.554 38.091 303.380 7 14 16 131 3
189.554 38.091 303.380 8 14 16 131 3
219.788 68.615 153.946 9 14 16 148 1
72.499 136.573 45.190 10 14 16 135 4
72.499 136.573 45.190 11 14 16 135 4
72.499 136.573 45.190 12 14 16 135 4
72.499 136.573 45.190 13 14 16 135 4
250.400 91.189 258.083 14 14 16 77 1
315.740 111.318 238.505 15 14 16 129 2
264.821 50.576 236.410 16 14 16 25 1
175.647 50.113 261.750 17 14 16 136 4
175.647 50.113 261.750 18 14 16 136 4
175.647 50.113 261.750 19 14 16 136 4
175.647 50.113 261.750 20 14 16 136 4
189.554 38.091 303.380 1 15 16 131 3
189.554 38.091 303.380 2 15 16 131 3
189.554 38.091 303.380 3 15 16 131 3
189.554 38.091 303.380 4 15 16 131 3
189.554 38.091 303.380 5 15 16 131 3
189.554 38.091 303.380 6 15 16 131 3
189.554 38.091 303.380 7 15 16 131 3
189.554 38.091 303.380 8 15 16 131 3
219.788 68.615 153.946 9 15 16 148 1
219.788 68.615 153.946 10 15 16 148 1
339.700 58.153 254.910 11 15 16 92 1
339.700 58.153 254.910 12 15 16 92 1
92.315 100.393 215.126 13 15 16 36 1
250.400 91.189 258.083 14 15 16 77 1
250.400 91.189 258.083 15 15 16 77 1
250.400 91.189 258.083 16 15 16 77 1
175.647 50.113 261.750 17 15 16 136 4
175.647 50.113 261.750 18 15 16 136 4
175.647 50.113 261.750 19 15 16 136 4
175.647 50.113 261.750 20 15 16 136 4
189.554 38.091 303.380 1 16 16 131 3
189.554 38.091 303.380 2 16 16 131 3
189.554 38.091 303.380 3 16 16 131 3
189.554 38.091 303.380 4 16 16 131 3
189.554 38.091 303.380 5 16 16 131 3
189.554 38.091 303.380 6 16 16 131 3
189.554 38.091 303.380 7 16 16 131 3
189.554 38.091 303.380 8 16 16 131 3
189.554 38.091 303.380 9 16 16 131 3
189.554 38.091 303.380 10 16 16 131 3
339.700 58.153 254.910 11 16 16 92 1
339.700 58.153 254.910 12 16 16 92 1
92.315 100.393 215.126 13 16 16 36 1
250.400 91.189 258.083 14 16 16 77 1
250.400 91.189 258.083 15 16 16 77 1
250.400 91.189 258.083 16 16 16 77 1
41.684 107.571 156.197 17 16 16 168 4
142.495 52.778 216.633 18 16 16 1 1
175.647 50.113 261.750 19 16 16 136 4
175.647 50.113 261.750 20 16 16 136 4
189.554 38.091 303.380 1 17 16 131 3
189.554 38.091 303.380 2 17 16 131 3
189.554 38.091 303.380 3 17 16 131 3
189.554 38.091 303.380 4 17 16 131 3
189.554 38.091 303.380 5 17 16 131 3
189.554 38.091 303.380 6 17 16 131 3
189.554 38.091 303.380 7 17 16 131 3
189.554 38.091 303.380 8 17 16 131 3
189.554 38.091 303.380 9 17 16 131 3
189.554 38.091 303.380 10 17 16 131 3
339.700 58.153 254.910 11 17 16 92 1
339.700 58.153 254.910 12 17 16 92 1
250.400 91.189 258.083 13 17 16 77 1
250.400 91.189 258.083 14 17 16 77 1
250.400 91.189 258.083 15 17 16 77 1
41.684 107.571 156.197 16 17 16 168 4
41.684 107.571 156.197 17 17 16 168 4
142.495 52.778 216.633 18 17 16 1 1
41.684 107.571 156.197 19 17 16 168 4
175.647 50.113 261.750 20 17 16 136 4
318.713 64.793 172.371 1 18 16 100 2
189.554 38.091 303.380 2 18 16 131 3
189.554 38.091 303.380 3 18 16 131 3
189.554 38.091 303.380 4 18 16 131 3
189.554 38.091 303.380 5 18 16 131 3
189.554 38.091 303.380 6 18 16 131 3
189.554 38.091 303.380 7 18 16 131 3
189.554 38.091 303.380 8 18 16 131 3
189.554 38.091 303.380 9 18 16 131 3
189.554 38.091 303.380 10 18 16 131 3
189.554 38.091 303.380 11 18 16 131 3
41.684 107.571 156.197 12 18 16 168 4
41.684 107.571 156.197 13 18 16 168 4
41.684 107.571 156.197 14 18 16 168 4
41.684 107.571 156.197 15 18 16 168 4
41.684 107.571 156.197 16 18 16 168 4
41.684 107.571 156.197 17 18 16 168 4
41.684 107.571 156.197 18 18 16 168 4
41.684 107.571 156.197 19 18 16 168 4
41.684 107.571 156.197 20 18 16 168 4
318.713 64.793 172.371 1 19 16 100 2
318.713 64.793 172.371 2 19 16 100 2
189.554 38.091 303.380 3 19 16 131 3
189.554 38.091 303.380 4 19 16 131 3
189.554 38.091 303.380 5 19 16 131 3
189.554 38.091 303.380 6 19 16 131 3
189.554 38.091 303.380 7 19 16 131 3
189.554 38.091 303.380 8 19 16 131 3
189.554 38.091 303.380 9 19 16 131 3
189.403 100.053 84.139 10 19 16 91 1
41.684 107.571 156.197 11 19 16 168 4
41.684 107.571 156.197 12 19 16 168 4
102.143 145.480 106.254 13 19 16 144 1
41.684 107.571 156.197 14 19 16 168 4
41.684 107.571 156.197 15 19 16 168 4
41.684 107.571 156.197 16 19 16 168 4
41.684 107.571 156.197 17 19 16 168 4
41.684 107.571 156.197 18 19 16 168 4
41.684 107.571 156.197 19 19 16 168 4
41.684 107.571 156.197 20 19 16 168 4
318.713 64.793 172.371 1 20 16 100 2
318.713 64.793 172.371 2 20 16 100 2
318.713 64.793 172.371 3 20 16 100 2
139.517 65.372 261.644 4 20 16 22 1
189.554 38.091 303.380 5 20 16 131 3
189.554 38.091 303.380 6 20 16 131 3
189.554 38.091 303.380 7 20 16 131 3
189.554 38.091 303.380 8 20 16 131 3
189.403 100.053 84.139 9 20 16 91 1
189.403 100.053 84.139 10 20 16 91 1
123.700 100.606 314.907 11 20 16 70 1
123.700 100.606 314.907 12 20 16 70 1
41.684 107.571 156.197 13 20 16 168 4
41.684 107.571 156.197 14 20 16 168 4
41.684 107.571 156.197 15 20 16 168 4
41.684 107.571 156.197 16 20 16 168 4
41.684 107.571 156.197 17 20 16 168 4
41.684 107.571 156.197 18 20 16 168 4
41.684 107.571 156.197 19 20 16 168 4
41.684 107.571 156.197 20 20 16 168 4
