207.023 73.990 8.950 1 1 6 137 4
207.023 73.990 8.950 2 1 6 137 4
207.023 73.990 8.950 3 1 6 137 4
207.023 73.990 8.950 4 1 6 137 4
207.023 73.990 8.950 5 1 6 137 4
308.281 159.999 74.809 6 1 6 95 1
308.281 159.999 74.809 7 1 6 95 1
152.280 148.142 11.357 8 1 6 111 2
120.052 29.144 198.188 9 1 6 125 2
120.052 29.144 198.188 10 1 6 125 2
120.052 29.144 198.188 11 1 6 125 2
120.052 29.144 198.188 12 1 6 125 2
278.990 101.986 133.133 13 1 6 138 4
278.990 101.986 133.133 14 1 6 138 4
278.990 101.986 133.133 15 1 6 138 4
278.990 101.986 133.133 16 1 6 138 4
278.990 101.986 133.133 17 1 6 138 4
207.301 148.184 173.544 18 1 6 112 2
253.016 82.102 340.517 19 1 6 68 1
253.016 82.102 340.517 20 1 6 68 1
207.023 73.990 8.950 1 2 6 137 4
207.023 73.990 8.950 2 2 6 137 4
207.023 73.990 8.950 3 2 6 137 4
207.023 73.990 8.950 4 2 6 137 4
207.023 73.990 8.950 5 2 6 137 4
308.281 159.999 74.809 6 2 6 95 1
308.281 159.999 74.809 7 2 6 95 1
152.280 148.142 11.357 8 2 6 111 2
120.052 29.144 198.188 9 2 6 125 2
120.052 29.144 198.188 10 2 6 125 2
120.052 29.144 198.188 11 2 6 125 2
309.719 158.965 335.608 12 2 6 163 1
278.990 101.986 133.133 13 2 6 138 4
278.990 101.986 133.133 14 2 6 138 4
278.990 101.986 133.133 15 2 6 138 4
278.990 101.986 133.133 16 2 6 138 4
278.990 101.986 133.133 17 2 6 138 4
207.301 148.184 173.544 18 2 6 112 2
253.016 82.102 340.517 19 2 6 68 1
80.063 68.113 267.606 20 2 6 3 1
207.023 73.990 8.950 1 3 6 137 4
207.023 73.990 8.950 2 3 6 137 4
207.023 73.990 8.950 3 3 6 137 4
207.023 73.990 8.950 4 3 6 137 4
207.023 73.990 8.950 5 3 6 137 4
207.023 73.990 8.950 6 3 6 137 4
193.526 129.320 134.539 7 3 6 130 2
152.280 148.142 11.357 8 3 6 111 2
120.052 29.144 198.188 9 3 6 125 2
120.052 29.144 198.188 10 3 6 125 2
120.052 29.144 198.188 11 3 6 125 2
220.948 133.710 267.729 12 3 6 52 1
278.990 101.986 133.133 13 3 6 138 4
278.990 101.986 133.133 14 3 6 138 4
278.990 101.986 133.133 15 3 6 138 4
278.990 101.986 133.133 16 3 6 138 4
278.990 101.986 133.133 17 3 6 138 4
207.301 148.184 173.544 18 3 6 112 2
207.301 148.184 173.544 19 3 6 112 2
253.016 82.102 340.517 20 3 6 68 1
207.023 73.990 8.950 1 4 6 137 4
207.023 73.990 8.950 2 4 6 137 4
207.023 73.990 8.950 3 4 6 137 4
207.023 73.990 8.950 4 4 6 137 4
207.023 73.990 8.950 5 4 6 137 4
171.287 87.624 101.033 6 4 6 133 3
171.287 87.624 101.033 7 4 6 133 3
171.287 87.624 101.033 8 4 6 133 3
171.287 87.624 101.033 9 4 6 133 3
171.287 87.624 101.033 10 4 6 133 3
39.236 69.344 128.586 11 4 6 19 1
171.287 87.624 101.033 12 4 6 133 3
278.990 101.986 133.133 13 4 6 138 4
278.990 101.986 133.133 14 4 6 138 4
278.990 101.986 133.133 15 4 6 138 4
278.990 101.986 133.133 16 4 6 138 4
278.990 101.986 133.133 17 4 6 138 4
207.301 148.184 173.544 18 4 6 112 2
207.301 148.184 173.544 19 4 6 112 2
253.016 82.102 340.517 20 4 6 68 1
207.023 73.990 8.950 1 5 6 137 4
207.023 73.990 8.950 2 5 6 137 4
207.023 73.990 8.950 3 5 6 137 4
207.023 73.990 8.950 4 5 6 137 4
171.287 87.624 101.033 5 5 6 133 3
171.287 87.624 101.033 6 5 6 133 3
171.287 87.624 101.033 7 5 6 133 3
171.287 87.624 101.033 8 5 6 133 3
171.287 87.624 101.033 9 5 6 133 3
171.287 87.624 101.033 10 5 6 133 3
171.287 87.624 101.033 11 5 6 133 3
171.287 87.624 101.033 12 5 6 133 3
278.990 101.986 133.133 13 5 6 138 4
278.990 101.986 133.133 14 5 6 138 4
278.990 101.986 133.133 15 5 6 138 4
278.990 101.986 133.133 16 5 6 138 4
278.990 101.986 133.133 17 5 6 138 4
207.301 148.184 173.544 18 5 6 112 2
207.301 148.184 173.544 19 5 6 112 2
207.301 148.184 173.544 20 5 6 112 2
207.023 73.990 8.950 1 6 6 137 4
207.023 73.990 8.950 2 6 6 137 4
207.023 73.990 8.950 3 6 6 137 4
171.287 87.624 101.033 4 6 6 133 3
171.287 87.624 101.033 5 6 6 133 3
171.287 87.624 101.033 6 6 6 133 3
171.287 87.624 101.033 7 6 6 133 3
171.287 87.624 101.033 8 6 6 133 3
171.287 87.624 101.033 9 6 6 133 3
171.287 87.624 101.033 10 6 6 133 3
171.287 87.624 101.033 11 6 6 133 3
171.287 87.624 101.033 12 6 6 133 3
278.990 101.986 133.133 13 6 6 138 4
278.990 101.986 133.133 14 6 6 138 4
278.990 101.986 133.133 15 6 6 138 4
278.990 101.986 133.133 16 6 6 138 4
136.237 129.778 54.914 17 6 6 139 4
136.237 129.778 54.914 18 6 6 139 4
207.301 148.184 173.544 19 6 6 112 2
136.237 129.778 54.914 20 6 6 139 4
207.023 73.990 8.950 1 7 6 137 4
207.023 73.990 8.950 2 7 6 137 4
171.287 87.624 101.033 3 7 6 133 3
171.287 87.624 101.033 4 7 6 133 3
171.287 87.624 101.033 5 7 6 133 3
171.287 87.624 101.033 6 7 6 133 3
171.287 87.624 101.033 7 7 6 133 3
171.287 87.624 101.033 8 7 6 133 3
171.287 87.624 101.033 9 7 6 133 3
171.287 87.624 101.033 10 7 6 133 3
171.287 87.624 101.033 11 7 6 133 3
171.287 87.624 101.033 12 7 6 133 3
278.990 101.986 133.133 13 7 6 138 4
278.990 101.986 133.133 14 7 6 138 4
278.990 101.986 133.133 15 7 6 138 4
171.287 87.624 101.033 16 7 6 133 3
136.237 129.778 54.914 17 7 6 139 4
136.237 129.778 54.914 18 7 6 139 4
136.237 129.778 54.914 19 7 6 139 4
136.237 129.778 54.914 20 7 6 139 4
322.827 28.449 261.452 1 8 6 134 4
322.827 28.449 261.452 2 8 6 134 4
171.287 87.624 101.033 3 8 6 133 3
171.287 87.624 101.033 4 8 6 133 3
171.287 87.624 101.033 5 8 6 133 3
171.287 87.624 101.033 6 8 6 133 3
171.287 87.624 101.033 7 8 6 133 3
171.287 87.624 101.033 8 8 6 133 3
171.287 87.624 101.033 9 8 6 133 3
171.287 87.624 101.033 10 8 6 133 3
171.287 87.624 101.033 11 8 6 133 3
171.287 87.624 101.033 12 8 6 133 3
278.990 101.986 133.133 13 8 6 138 4
278.990 101.986 133.133 14 8 6 138 4
278.990 101.986 133.133 15 8 6 138 4
136.237 129.778 54.914 16 8 6 139 4
136.237 129.778 54.914 17 8 6 139 4
136.237 129.778 54.914 18 8 6 139 4
136.237 129.778 54.914 19 8 6 139 4
136.237 129.778 54.914 20 8 6 139 4
322.827 28.449 261.452 1 9 6 134 4
322.827 28.449 261.452 2 9 6 134 4
171.287 87.624 101.033 3 9 6 133 3
171.287 87.624 101.033 4 9 6 133 3
171.287 87.624 101.033 5 9 6 133 3
171.287 87.624 101.033 6 9 6 133 3
171.287 87.624 101.033 7 9 6 133 3
171.287 87.624 101.033 8 9 6 133 3
171.287 87.624 101.033 9 9 6 133 3
171.287 87.624 101.033 10 9 6 133 3
171.287 87.624 101.033 11 9 6 133 3
171.287 87.624 101.033 12 9 6 133 3
278.990 101.986 133.133 13 9 6 138 4
278.990 101.986 133.133 14 9 6 138 4
171.287 87.624 101.033 15 9 6 133 3
136.237 129.778 54.914 16 9 6 139 4
136.237 129.778 54.914 17 9 6 139 4
136.237 129.778 54.914 18 9 6 139 4
136.237 129.778 54.914 19 9 6 139 4
136.237 129.778 54.914 20 9 6 139 4
322.827 28.449 261.452 1 10 6 134 4
322.827 28.449 261.452 2 10 6 134 4
322.827 28.449 261.452 3 10 6 134 4
171.287 87.624 101.033 4 10 6 133 3
171.287 87.624 101.033 5 10 6 133 3
171.287 87.624 101.033 6 10 6 133 3
171.287 87.624 101.033 7 10 6 133 3
171.287 87.624 101.033 8 10 6 133 3
171.287 87.624 101.033 9 10 6 133 3
171.287 87.624 101.033 10 10 6 133 3
171.287 87.624 101.033 11 10 6 133 3
171.287 87.624 101.033 12 10 6 133 3
278.990 101.986 133.133 13 10 6 138 4
278.990 101.986 133.133 14 10 6 138 4
136.237 129.778 54.914 15 10 6 139 4
136.237 129.778 54.914 16 10 6 139 4
136.237 129.778 54.914 17 10 6 139 4
136.237 129.778 54.914 18 10 6 139 4
136.237 129.778 54.914 19 10 6 139 4
136.237 129.778 54.914 20 10 6 139 4
322.827 28.449 261.452 1 11 6 134 4
322.827 28.449 261.452 2 11 6 134 4
322.827 28.449 261.452 3 11 6 134 4
322.827 28.449 261.452 4 11 6 134 4
171.287 87.624 101.033 5 11 6 133 3
171.287 87.624 101.033 6 11 6 133 3
171.287 87.624 101.033 7 11 6 133 3
171.287 87.624 101.033 8 11 6 133 3
171.287 87.624 101.033 9 11 6 133 3
171.287 87.624 101.033 10 11 6 133 3
171.287 87.624 101.033 11 11 6 133 3
278.990 101.986 133.133 12 11 6 138 4
278.990 101.986 133.133 13 11 6 138 4
278.990 101.986 133.133 14 11 6 138 4
136.237 129.778 54.914 15 11 6 139 4
136.237 129.778 54.914 16 11 6 139 4
136.237 129.778 54.914 17 11 6 139 4
136.237 129.778 54.914 18 11 6 139 4
136.237 129.778 54.914 19 11 6 139 4
136.237 129.778 54.914 20 11 6 139 4
322.827 28.449 261.452 1 12 6 134 4
322.827 28.449 261.452 2 12 6 134 4
322.827 28.449 261.452 3 12 6 134 4
322.827 28.449 261.452 4 12 6 134 4
322.827 28.449 261.452 5 12 6 134 4
171.287 87.624 101.033 6 12 6 133 3
171.287 87.624 101.033 7 12 6 133 3
171.287 87.624 101.033 8 12 6 133 3
171.287 87.624 101.033 9 12 6 133 3
171.287 87.624 101.033 10 12 6 133 3
171.287 87.624 101.033 11 12 6 133 3
278.990 101.986 133.133 12 12 6 138 4
278.990 101.986 133.133 13 12 6 138 4
136.237 129.778 54.914 14 12 6 139 4
136.237 129.778 54.914 15 12 6 139 4
136.237 129.778 54.914 16 12 6 139 4
136.237 129.778 54.914 17 12 6 139 4
136.237 129.778 54.914 18 12 6 139 4
136.237 129.778 54.914 19 12 6 139 4
136.237 129.778 54.914 20 12 6 139 4
322.827 28.449 261.452 1 13 6 134 4
322.827 28.449 261.452 2 13 6 134 4
322.827 28.449 261.452 3 13 6 134 4
322.827 28.449 261.452 4 13 6 134 4
322.827 28.449 261.452 5 13 6 134 4
203.774 58.792 23.945 6 13 6 156 1
40.181 123.564 221.854 7 13 6 157 1
40.181 123.564 221.854 8 13 6 157 1
297.097 106.929 3.357 9 13 6 102 2
297.097 106.929 3.357 10 13 6 102 2
297.097 106.929 3.357 11 13 6 102 2
278.990 101.986 133.133 12 13 6 138 4
278.990 101.986 133.133 13 13 6 138 4
136.237 129.778 54.914 14 13 6 139 4
136.237 129.778 54.914 15 13 6 139 4
136.237 129.778 54.914 16 13 6 139 4
136.237 129.778 54.914 17 13 6 139 4
136.237 129.778 54.914 18 13 6 139 4
136.237 129.778 54.914 19 13 6 139 4
136.237 129.778 54.914 20 13 6 139 4
322.827 28.449 261.452 1 14 6 134 4
322.827 28.449 261.452 2 14 6 134 4
322.827 28.449 261.452 3 14 6 134 4
322.827 28.449 261.452 4 14 6 134 4
203.774 58.792 23.945 5 14 6 156 1
203.774 58.792 23.945 6 14 6 156 1
40.181 123.564 221.854 7 14 6 157 1
40.181 123.564 221.854 8 14 6 157 1
297.097 106.929 3.357 9 14 6 102 2
265.208 150.974 234.843 10 14 6 8 1
297.097 106.929 3.357 11 14 6 102 2
297.097 106.929 3.357 12 14 6 102 2
136.237 129.778 54.914 13 14 6 139 4
136.237 129.778 54.914 14 14 6 139 4
136.237 129.778 54.914 15 14 6 139 4
136.237 129.778 54.914 16 14 6 139 4
136.237 129.778 54.914 17 14 6 139 4
136.237 129.778 54.914 18 14 6 139 4
136.237 129.778 54.914 19 14 6 139 4
136.237 129.778 54.914 20 14 6 139 4
322.827 28.449 261.452 1 15 6 134 4
322.827 28.449 261.452 2 15 6 134 4
322.827 28.449 261.452 3 15 6 134 4
322.827 28.449 261.452 4 15 6 134 4
203.774 58.792 23.945 5 15 6 156 1
203.774 58.792 23.945 6 15 6 156 1
40.181 123.564 221.854 7 15 6 157 1
40.181 123.564 221.854 8 15 6 157 1
297.097 106.929 3.357 9 15 6 102 2
297.097 106.929 3.357 10 15 6 102 2
297.097 106.929 3.357 11 15 6 102 2
297.097 106.929 3.357 12 15 6 102 2
136.237 129.778 54.914 13 15 6 139 4
136.237 129.778 54.914 14 15 6 139 4
136.237 129.778 54.914 15 15 6 139 4
136.237 129.778 54.914 16 15 6 139 4
136.237 129.778 54.914 17 15 6 139 4
136.237 129.778 54.914 18 15 6 139 4
136.237 129.778 54.914 19 15 6 139 4
136.237 129.778 54.914 20 15 6 139 4
322.827 28.449 261.452 1 16 6 134 4
189.554 38.091 303.380 2 16 6 131 3
189.554 38.091 303.380 3 16 6 131 3
189.554 38.091 303.380 4 16 6 131 3
203.774 58.792 23.945 5 16 6 156 1
203.774 58.792 23.945 6 16 6 156 1
40.181 123.564 221.854 7 16 6 157 1
40.181 123.564 221.854 8 16 6 157 1
297.097 106.929 3.357 9 16 6 102 2
297.097 106.929 3.357 10 16 6 102 2
297.097 106.929 3.357 11 16 6 102 2
41.684 107.571 156.197 12 16 6 168 4
41.684 107.571 156.197 13 16 6 168 4
41.684 107.571 156.197 14 16 6 168 4
41.684 107.571 156.197 15 16 6 168 4
136.237 129.778 54.914 16 16 6 139 4
136.237 129.778 54.914 17 16 6 139 4
136.237 129.778 54.914 18 16 6 139 4
136.237 129.778 54.914 19 16 6 139 4
136.237 129.778 54.914 20 16 6 139 4
189.554 38.091 303.380 1 17 6 131 3
217.133 95.781 309.260 2 17 6 114 2
217.133 95.781 309.260 3 17 6 114 2
217.133 95.781 309.260 4 17 6 114 2
203.774 58.792 23.945 5 17 6 156 1
203.774 58.792 23.945 6 17 6 156 1
203.774 58.792 23.945 7 17 6 156 1
308.154 9.737 264.914 8 17 6 127 2
294.480 73.954 245.311 9 17 6 62 1
191.360 47.116 137.870 10 17 6 4 1
41.684 107.571 156.197 11 17 6 168 4
41.684 107.571 156.197 12 17 6 168 4
41.684 107.571 156.197 13 17 6 168 4
41.684 107.571 156.197 14 17 6 168 4
41.684 107.571 156.197 15 17 6 168 4
41.684 107.571 156.197 16 17 6 168 4
41.684 107.571 156.197 17 17 6 168 4
136.237 129.778 54.914 18 17 6 139 4
136.237 129.778 54.914 19 17 6 139 4
136.237 129.778 54.914 20 17 6 139 4
217.133 95.781 309.260 1 18 6 114 2
217.133 95.781 309.260 2 18 6 114 2
217.133 95.781 309.260 3 18 6 114 2
217.133 95.781 309.260 4 18 6 114 2
217.133 95.781 309.260 5 18 6 114 2
344.968 45.389 94.873 6 18 6 55 1
308.154 9.737 264.914 7 18 6 127 2
308.154 9.737 264.914 8 18 6 127 2
294.480 73.954 245.311 9 18 6 62 1
191.360 47.116 137.870 10 18 6 4 1
41.684 107.571 156.197 11 18 6 168 4
41.684 107.571 156.197 12 18 6 168 4
41.684 107.571 156.197 13 18 6 168 4
41.684 107.571 156.197 14 18 6 168 4
41.684 107.571 156.197 15 18 6 168 4
41.684 107.571 156.197 16 18 6 168 4
41.684 107.571 156.197 17 18 6 168 4
41.684 107.571 156.197 18 18 6 168 4
136.237 129.778 54.914 19 18 6 139 4
136.237 129.778 54.914 20 18 6 139 4
217.133 95.781 309.260 1 19 6 114 2
217.133 95.781 309.260 2 19 6 114 2
217.133 95.781 309.260 3 19 6 114 2
217.133 95.781 309.260 4 19 6 114 2
217.133 95.781 309.260 5 19 6 114 2
217.133 95.781 309.260 6 19 6 114 2
197.770 98.697 95.352 7 19 6 109 2
197.770 98.697 95.352 8 19 6 109 2
41.684 107.571 156.197 9 19 6 168 4
41.684 107.571 156.197 10 19 6 168 4
41.684 107.571 156.197 11 19 6 168 4
41.684 107.571 156.197 12 19 6 168 4
41.684 107.571 156.197 13 19 6 168 4
41.684 107.571 156.197 14 19 6 168 4
41.684 107.571 156.197 15 19 6 168 4
41.684 107.571 156.197 16 19 6 168 4
41.684 107.571 156.197 17 19 6 168 4
41.684 107.571 156.197 18 19 6 168 4
136.237 129.778 54.914 19 19 6 139 4
136.237 129.778 54.914 20 19 6 139 4
217.133 95.781 309.260 1 20 6 114 2
217.133 95.781 309.260 2 20 6 114 2
217.133 95.781 309.260 3 20 6 114 2
119.423 22.729 105.171 4 20 6 33 1
217.133 95.781 309.260 5 20 6 114 2
217.133 95.781 309.260 6 20 6 114 2
197.770 98.697 95.352 7 20 6 109 2
197.770 98.697 95.352 8 20 6 109 2
41.684 107.571 156.197 9 20 6 168 4
41.684 107.571 156.197 10 20 6 168 4
41.684 107.571 156.197 11 20 6 168 4
41.684 107.571 156.197 12 20 6 168 4
41.684 107.571 156.197 13 20 6 168 4
41.684 107.571 156.197 14 20 6 168 4
41.684 107.571 156.197 15 20 6 168 4
41.684 107.571 156.197 16 20 6 168 4
41.684 107.571 156.197 17 20 6 168 4
41.684 107.571 156.197 18 20 6 168 4
41.684 107.571 156.197 19 20 6 168 4
41.684 107.571 156.197 20 20 6 168 4
