207.023 73.990 8.950 1 1 10 137 4
207.023 73.990 8.950 2 1 10 137 4
207.023 73.990 8.950 3 1 10 137 4
207.023 73.990 8.950 4 1 10 137 4
207.023 73.990 8.950 5 1 10 137 4
207.023 73.990 8.950 6 1 10 137 4
207.023 73.990 8.950 7 1 10 137 4
207.023 73.990 8.950 8 1 10 137 4
302.127 92.659 69.090 9 1 10 108 2
302.127 92.659 69.090 10 1 10 108 2
302.127 92.659 69.090 11 1 10 108 2
302.127 92.659 69.090 12 1 10 108 2
313.567 149.752 217.053 13 1 10 167 1
313.567 149.752 217.053 14 1 10 167 1
184.400 106.313 287.899 15 1 10 11 1
184.400 106.313 287.899 16 1 10 11 1
184.400 106.313 287.899 17 1 10 11 1
65.109 93.336 288.928 18 1 10 12 1
65.109 93.336 288.928 19 1 10 12 1
253.016 82.102 340.517 20 1 10 68 1
207.023 73.990 8.950 1 2 10 137 4
207.023 73.990 8.950 2 2 10 137 4
207.023 73.990 8.950 3 2 10 137 4
207.023 73.990 8.950 4 2 10 137 4
207.023 73.990 8.950 5 2 10 137 4
207.023 73.990 8.950 6 2 10 137 4
207.023 73.990 8.950 7 2 10 137 4
17.704 42.667 355.892 8 2 10 69 1
302.127 92.659 69.090 9 2 10 108 2
302.127 92.659 69.090 10 2 10 108 2
302.127 92.659 69.090 11 2 10 108 2
302.127 92.659 69.090 12 2 10 108 2
313.567 149.752 217.053 13 2 10 167 1
256.752 45.214 284.297 14 2 10 115 2
184.400 106.313 287.899 15 2 10 11 1
184.400 106.313 287.899 16 2 10 11 1
184.400 106.313 287.899 17 2 10 11 1
65.109 93.336 288.928 18 2 10 12 1
65.109 93.336 288.928 19 2 10 12 1
253.016 82.102 340.517 20 2 10 68 1
207.023 73.990 8.950 1 3 10 137 4
207.023 73.990 8.950 2 3 10 137 4
207.023 73.990 8.950 3 3 10 137 4
207.023 73.990 8.950 4 3 10 137 4
207.023 73.990 8.950 5 3 10 137 4
207.023 73.990 8.950 6 3 10 137 4
207.023 73.990 8.950 7 3 10 137 4
17.704 42.667 355.892 8 3 10 69 1
302.127 92.659 69.090 9 3 10 108 2
302.127 92.659 69.090 10 3 10 108 2
302.127 92.659 69.090 11 3 10 108 2
313.567 149.752 217.053 12 3 10 167 1
313.567 149.752 217.053 13 3 10 167 1
313.567 149.752 217.053 14 3 10 167 1
184.400 106.313 287.899 15 3 10 11 1
184.400 106.313 287.899 16 3 10 11 1
184.400 106.313 287.899 17 3 10 11 1
65.109 93.336 288.928 18 3 10 12 1
65.109 93.336 288.928 19 3 10 12 1
327.387 56.677 8.112 20 3 10 40 1
207.023 73.990 8.950 1 4 10 137 4
207.023 73.990 8.950 2 4 10 137 4
207.023 73.990 8.950 3 4 10 137 4
207.023 73.990 8.950 4 4 10 137 4
207.023 73.990 8.950 5 4 10 137 4
207.023 73.990 8.950 6 4 10 137 4
207.023 73.990 8.950 7 4 10 137 4
171.287 87.624 101.033 8 4 10 133 3
171.287 87.624 101.033 9 4 10 133 3
171.287 87.624 101.033 10 4 10 133 3
171.287 87.624 101.033 11 4 10 133 3
171.287 87.624 101.033 12 4 10 133 3
313.567 149.752 217.053 13 4 10 167 1
313.567 149.752 217.053 14 4 10 167 1
140.637 137.359 282.487 15 4 10 44 1
140.637 137.359 282.487 16 4 10 44 1
140.637 137.359 282.487 17 4 10 44 1
234.140 41.424 240.281 18 4 10 79 1
207.301 148.184 173.544 19 4 10 112 2
327.387 56.677 8.112 20 4 10 40 1
207.023 73.990 8.950 1 5 10 137 4
207.023 73.990 8.950 2 5 10 137 4
207.023 73.990 8.950 3 5 10 137 4
207.023 73.990 8.950 4 5 10 137 4
207.023 73.990 8.950 5 5 10 137 4
207.023 73.990 8.950 6 5 10 137 4
171.287 87.624 101.033 7 5 10 133 3
171.287 87.624 101.033 8 5 10 133 3
326.808 85.847 37.902 9 5 10 15 1
171.287 87.624 101.033 10 5 10 133 3
171.287 87.624 101.033 11 5 10 133 3
171.287 87.624 101.033 12 5 10 133 3
171.287 87.624 101.033 13 5 10 133 3
171.287 87.624 101.033 14 5 10 133 3
171.287 87.624 101.033 15 5 10 133 3
140.637 137.359 282.487 16 5 10 44 1
140.637 137.359 282.487 17 5 10 44 1
234.140 41.424 240.281 18 5 10 79 1
207.301 148.184 173.544 19 5 10 112 2
327.387 56.677 8.112 20 5 10 40 1
207.023 73.990 8.950 1 6 10 137 4
207.023 73.990 8.950 2 6 10 137 4
207.023 73.990 8.950 3 6 10 137 4
207.023 73.990 8.950 4 6 10 137 4
171.287 87.624 101.033 5 6 10 133 3
171.287 87.624 101.033 6 6 10 133 3
171.287 87.624 101.033 7 6 10 133 3
171.287 87.624 101.033 8 6 10 133 3
171.287 87.624 101.033 9 6 10 133 3
171.287 87.624 101.033 10 6 10 133 3
171.287 87.624 101.033 11 6 10 133 3
171.287 87.624 101.033 12 6 10 133 3
171.287 87.624 101.033 13 6 10 133 3
171.287 87.624 101.033 14 6 10 133 3
171.287 87.624 101.033 15 6 10 133 3
171.287 87.624 101.033 16 6 10 133 3
171.287 87.624 101.033 17 6 10 133 3
136.237 129.778 54.914 18 6 10 139 4
207.301 148.184 173.544 19 6 10 112 2
136.237 129.778 54.914 20 6 10 139 4
207.023 73.990 8.950 1 7 10 137 4
207.023 73.990 8.950 2 7 10 137 4
207.023 73.990 8.950 3 7 10 137 4
171.287 87.624 101.033 4 7 10 133 3
171.287 87.624 101.033 5 7 10 133 3
171.287 87.624 101.033 6 7 10 133 3
171.287 87.624 101.033 7 7 10 133 3
171.287 87.624 101.033 8 7 10 133 3
171.287 87.624 101.033 9 7 10 133 3
171.287 87.624 101.033 10 7 10 133 3
171.287 87.624 101.033 11 7 10 133 3
171.287 87.624 101.033 12 7 10 133 3
171.287 87.624 101.033 13 7 10 133 3
171.287 87.624 101.033 14 7 10 133 3
171.287 87.624 101.033 15 7 10 133 3
171.287 87.624 101.033 16 7 10 133 3
171.287 87.624 101.033 17 7 10 133 3
136.237 129.778 54.914 18 7 10 139 4
136.237 129.778 54.914 19 7 10 139 4
136.237 129.778 54.914 20 7 10 139 4
207.023 73.990 8.950 1 8 10 137 4
207.023 73.990 8.950 2 8 10 137 4
171.287 87.624 101.033 3 8 10 133 3
171.287 87.624 101.033 4 8 10 133 3
171.287 87.624 101.033 5 8 10 133 3
171.287 87.624 101.033 6 8 10 133 3
171.287 87.624 101.033 7 8 10 133 3
171.287 87.624 101.033 8 8 10 133 3
171.287 87.624 101.033 9 8 10 133 3
171.287 87.624 101.033 10 8 10 133 3
171.287 87.624 101.033 11 8 10 133 3
171.287 87.624 101.033 12 8 10 133 3
171.287 87.624 101.033 13 8 10 133 3
171.287 87.624 101.033 14 8 10 133 3
171.287 87.624 101.033 15 8 10 133 3
171.287 87.624 101.033 16 8 10 133 3
171.287 87.624 101.033 17 8 10 133 3
136.237 129.778 54.914 18 8 10 139 4
136.237 129.778 54.914 19 8 10 139 4
136.237 129.778 54.914 20 8 10 139 4
18.798 146.187 133.143 1 9 10 140 1
18.798 146.187 133.143 2 9 10 140 1
309.776 110.816 344.146 3 9 10 121 2
309.776 110.816 344.146 4 9 10 121 2
309.776 110.816 344.146 5 9 10 121 2
171.287 87.624 101.033 6 9 10 133 3
171.287 87.624 101.033 7 9 10 133 3
171.287 87.624 101.033 8 9 10 133 3
171.287 87.624 101.033 9 9 10 133 3
171.287 87.624 101.033 10 9 10 133 3
171.287 87.624 101.033 11 9 10 133 3
171.287 87.624 101.033 12 9 10 133 3
171.287 87.624 101.033 13 9 10 133 3
171.287 87.624 101.033 14 9 10 133 3
171.287 87.624 101.033 15 9 10 133 3
171.287 87.624 101.033 16 9 10 133 3
136.237 129.778 54.914 17 9 10 139 4
136.237 129.778 54.914 18 9 10 139 4
136.237 129.778 54.914 19 9 10 139 4
136.237 129.778 54.914 20 9 10 139 4
18.798 146.187 133.143 1 10 10 140 1
18.798 146.187 133.143 2 10 10 140 1
309.776 110.816 344.146 3 10 10 121 2
309.776 110.816 344.146 4 10 10 121 2
309.776 110.816 344.146 5 10 10 121 2
171.287 87.624 101.033 6 10 10 133 3
273.942 103.853 358.735 7 10 10 37 1
273.942 103.853 358.735 8 10 10 37 1
171.287 87.624 101.033 9 10 10 133 3
171.287 87.624 101.033 10 10 10 133 3
171.287 87.624 101.033 11 10 10 133 3
171.287 87.624 101.033 12 10 10 133 3
171.287 87.624 101.033 13 10 10 133 3
171.287 87.624 101.033 14 10 10 133 3
171.287 87.624 101.033 15 10 10 133 3
171.287 87.624 101.033 16 10 10 133 3
136.237 129.778 54.914 17 10 10 139 4
136.237 129.778 54.914 18 10 10 139 4
136.237 129.778 54.914 19 10 10 139 4
136.237 129.778 54.914 20 10 10 139 4
189.554 38.091 303.380 1 11 10 131 3
189.554 38.091 303.380 2 11 10 131 3
309.776 110.816 344.146 3 11 10 121 2
309.776 110.816 344.146 4 11 10 121 2
309.776 110.816 344.146 5 11 10 121 2
273.942 103.853 358.735 6 11 10 37 1
273.942 103.853 358.735 7 11 10 37 1
273.942 103.853 358.735 8 11 10 37 1
171.287 87.624 101.033 9 11 10 133 3
171.287 87.624 101.033 10 11 10 133 3
171.287 87.624 101.033 11 11 10 133 3
171.287 87.624 101.033 12 11 10 133 3
171.287 87.624 101.033 13 11 10 133 3
171.287 87.624 101.033 14 11 10 133 3
171.287 87.624 101.033 15 11 10 133 3
136.237 129.778 54.914 16 11 10 139 4
136.237 129.778 54.914 17 11 10 139 4
136.237 129.778 54.914 18 11 10 139 4
136.237 129.778 54.914 19 11 10 139 4
136.237 129.778 54.914 20 11 10 139 4
189.554 38.091 303.380 1 12 10 131 3
189.554 38.091 303.380 2 12 10 131 3
189.554 38.091 303.380 3 12 10 131 3
189.554 38.091 303.380 4 12 10 131 3
189.554 38.091 303.380 5 12 10 131 3
273.942 103.853 358.735 6 12 10 37 1
273.942 103.853 358.735 7 12 10 37 1
273.942 103.853 358.735 8 12 10 37 1
54.327 87.284 46.197 9 12 10 105 2
54.327 87.284 46.197 10 12 10 105 2
54.327 87.284 46.197 11 12 10 105 2
171.287 87.624 101.033 12 12 10 133 3
72.499 136.573 45.190 13 12 10 135 4
72.499 136.573 45.190 14 12 10 135 4
250.400 91.189 258.083 15 12 10 77 1
136.237 129.778 54.914 16 12 10 139 4
136.237 129.778 54.914 17 12 10 139 4
136.237 129.778 54.914 18 12 10 139 4
136.237 129.778 54.914 19 12 10 139 4
136.237 129.778 54.914 20 12 10 139 4
189.554 38.091 303.380 1 13 10 131 3
189.554 38.091 303.380 2 13 10 131 3
189.554 38.091 303.380 3 13 10 131 3
189.554 38.091 303.380 4 13 10 131 3
189.554 38.091 303.380 5 13 10 131 3
319.280 107.435 144.963 6 13 10 46 1
54.327 87.284 46.197 7 13 10 105 2
54.327 87.284 46.197 8 13 10 105 2
54.327 87.284 46.197 9 13 10 105 2
54.327 87.284 46.197 10 13 10 105 2
54.327 87.284 46.197 11 13 10 105 2
54.327 87.284 46.197 12 13 10 105 2
72.499 136.573 45.190 13 13 10 135 4
250.400 91.189 258.083 14 13 10 77 1
250.400 91.189 258.083 15 13 10 77 1
250.400 91.189 258.083 16 13 10 77 1
136.237 129.778 54.914 17 13 10 139 4
136.237 129.778 54.914 18 13 10 139 4
136.237 129.778 54.914 19 13 10 139 4
136.237 129.778 54.914 20 13 10 139 4
189.554 38.091 303.380 1 14 10 131 3
189.554 38.091 303.380 2 14 10 131 3
189.554 38.091 303.380 3 14 10 131 3
189.554 38.091 303.380 4 14 10 131 3
309.996 167.510 320.664 5 14 10 86 1
189.554 38.091 303.380 6 14 10 131 3
54.327 87.284 46.197 7 14 10 105 2
54.327 87.284 46.197 8 14 10 105 2
54.327 87.284 46.197 9 14 10 105 2
54.327 87.284 46.197 10 14 10 105 2
54.327 87.284 46.197 11 14 10 105 2
54.327 87.284 46.197 12 14 10 105 2
250.400 91.189 258.083 13 14 10 77 1
250.400 91.189 258.083 14 14 10 77 1
250.400 91.189 258.083 15 14 10 77 1
250.400 91.189 258.083 16 14 10 77 1
136.237 129.778 54.914 17 14 10 139 4
118.174 160.717 75.271 18 14 10 119 2
118.174 160.717 75.271 19 14 10 119 2
118.174 160.717 75.271 20 14 10 119 2
189.554 38.091 303.380 1 15 10 131 3
189.554 38.091 303.380 2 15 10 131 3
189.554 38.091 303.380 3 15 10 131 3
189.554 38.091 303.380 4 15 10 131 3
309.996 167.510 320.664 5 15 10 86 1
189.554 38.091 303.380 6 15 10 131 3
189.554 38.091 303.380 7 15 10 131 3
54.327 87.284 46.197 8 15 10 105 2
54.327 87.284 46.197 9 15 10 105 2
54.327 87.284 46.197 10 15 10 105 2
54.327 87.284 46.197 11 15 10 105 2
54.327 87.284 46.197 12 15 10 105 2
250.400 91.189 258.083 13 15 10 77 1
250.400 91.189 258.083 14 15 10 77 1
250.400 91.189 258.083 15 15 10 77 1
250.400 91.189 258.083 16 15 10 77 1
41.684 107.571 156.197 17 15 10 168 4
118.174 160.717 75.271 18 15 10 119 2
118.174 160.717 75.271 19 15 10 119 2
118.174 160.717 75.271 20 15 10 119 2
189.554 38.091 303.380 1 16 10 131 3
189.554 38.091 303.380 2 16 10 131 3
189.554 38.091 303.380 3 16 10 131 3
189.554 38.091 303.380 4 16 10 131 3
189.554 38.091 303.380 5 16 10 131 3
189.554 38.091 303.380 6 16 10 131 3
189.554 38.091 303.380 7 16 10 131 3
54.327 87.284 46.197 8 16 10 105 2
54.327 87.284 46.197 9 16 10 105 2
54.327 87.284 46.197 10 16 10 105 2
54.327 87.284 46.197 11 16 10 105 2
54.327 87.284 46.197 12 16 10 105 2
41.684 107.571 156.197 13 16 10 168 4
41.684 107.571 156.197 14 16 10 168 4
41.684 107.571 156.197 15 16 10 168 4
41.684 107.571 156.197 16 16 10 168 4
41.684 107.571 156.197 17 16 10 168 4
41.684 107.571 156.197 18 16 10 168 4
118.174 160.717 75.271 19 16 10 119 2
118.174 160.717 75.271 20 16 10 119 2
189.554 38.091 303.380 1 17 10 131 3
189.554 38.091 303.380 2 17 10 131 3
189.554 38.091 303.380 3 17 10 131 3
189.554 38.091 303.380 4 17 10 131 3
189.554 38.091 303.380 5 17 10 131 3
189.554 38.091 303.380 6 17 10 131 3
189.554 38.091 303.380 7 17 10 131 3
189.554 38.091 303.380 8 17 10 131 3
54.327 87.284 46.197 9 17 10 105 2
54.327 87.284 46.197 10 17 10 105 2
54.327 87.284 46.197 11 17 10 105 2
41.684 107.571 156.197 12 17 10 168 4
41.684 107.571 156.197 13 17 10 168 4
41.684 107.571 156.197 14 17 10 168 4
41.684 107.571 156.197 15 17 10 168 4
41.684 107.571 156.197 16 17 10 168 4
41.684 107.571 156.197 17 17 10 168 4
41.684 107.571 156.197 18 17 10 168 4
41.684 107.571 156.197 19 17 10 168 4
41.684 107.571 156.197 20 17 10 168 4
189.554 38.091 303.380 1 18 10 131 3
189.554 38.091 303.380 2 18 10 131 3
189.554 38.091 303.380 3 18 10 131 3
189.554 38.091 303.380 4 18 10 131 3
189.554 38.091 303.380 5 18 10 131 3
189.554 38.091 303.380 6 18 10 131 3
189.554 38.091 303.380 7 18 10 131 3
189.554 38.091 303.380 8 18 10 131 3
58.475 106.527 132.825 9 18 10 107 2
58.475 106.527 132.825 10 18 10 107 2
41.684 107.571 156.197 11 18 10 168 4
41.684 107.571 156.197 12 18 10 168 4
41.684 107.571 156.197 13 18 10 168 4
27.247 116.196 228.862 14 18 10 30 1
41.684 107.571 156.197 15 18 10 168 4
41.684 107.571 156.197 16 18 10 168 4
41.684 107.571 156.197 17 18 10 168 4
41.684 107.571 156.197 18 18 10 168 4
41.684 107.571 156.197 19 18 10 168 4
41.684 107.571 156.197 20 18 10 168 4
189.554 38.091 303.380 1 19 10 131 3
189.554 38.091 303.380 2 19 10 131 3
189.554 38.091 303.380 3 19 10 131 3
189.554 38.091 303.380 4 19 10 131 3
189.554 38.091 303.380 5 19 10 131 3
189.554 38.091 303.380 6 19 10 131 3
189.554 38.091 303.380 7 19 10 131 3
189.554 38.091 303.380 8 19 10 131 3
41.684 107.571 156.197 9 19 10 168 4
41.684 107.571 156.197 10 19 10 168 4
41.684 107.571 156.197 11 19 10 168 4
41.684 107.571 156.197 12 19 10 168 4
41.684 107.571 156.197 13 19 10 168 4
41.684 107.571 156.197 14 19 10 168 4
41.684 107.571 156.197 15 19 10 168 4
41.684 107.571 156.197 16 19 10 168 4
41.684 107.571 156.197 17 19 10 168 4
41.684 107.571 156.197 18 19 10 168 4
41.684 107.571 156.197 19 19 10 168 4
41.684 107.571 156.197 20 19 10 168 4
189.554 38.091 303.380 1 20 10 131 3
189.554 38.091 303.380 2 20 10 131 3
189.554 38.091 303.380 3 20 10 131 3
189.554 38.091 303.380 4 20 10 131 3
189.554 38.091 303.380 5 20 10 131 3
189.554 38.091 303.380 6 20 10 131 3
189.554 38.091 303.380 7 20 10 131 3
101.940 123.248 73.100 8 20 10 34 1
41.684 107.571 156.197 9 20 10 168 4
41.684 107.571 156.197 10 20 10 168 4
41.684 107.571 156.197 11 20 10 168 4
41.684 107.571 156.197 12 20 10 168 4
41.684 107.571 156.197 13 20 10 168 4
41.684 107.571 156.197 14 20 10 168 4
41.684 107.571 156.197 15 20 10 168 4
41.684 107.571 156.197 16 20 10 168 4
41.684 107.571 156.197 17 20 10 168 4
41.684 107.571 156.197 18 20 10 168 4
41.684 107.571 156.197 19 20 10 168 4
41.684 107.571 156.197 20 20 10 168 4
