161.568 73.418 45.590 1 1 19 51 1
161.568 73.418 45.590 2 1 19 51 1
114.752 71.835 334.816 3 1 19 132 3
114.752 71.835 334.816 4 1 19 132 3
114.752 71.835 334.816 5 1 19 132 3
114.752 71.835 334.816 6 1 19 132 3
114.752 71.835 334.816 7 1 19 132 3
114.752 71.835 334.816 8 1 19 132 3
114.752 71.835 334.816 9 1 19 132 3
114.752 71.835 334.816 10 1 19 132 3
114.752 71.835 334.816 11 1 19 132 3
114.752 71.835 334.816 12 1 19 132 3
114.752 71.835 334.816 13 1 19 132 3
114.752 71.835 334.816 14 1 19 132 3
114.752 71.835 334.816 15 1 19 132 3
175.647 50.113 261.750 16 1 19 136 4
175.647 50.113 261.750 17 1 19 136 4
175.647 50.113 261.750 18 1 19 136 4
175.647 50.113 261.750 19 1 19 136 4
175.647 50.113 261.750 20 1 19 136 4
161.568 73.418 45.590 1 2 19 51 1
161.568 73.418 45.590 2 2 19 51 1
114.752 71.835 334.816 3 2 19 132 3
114.752 71.835 334.816 4 2 19 132 3
114.752 71.835 334.816 5 2 19 132 3
114.752 71.835 334.816 6 2 19 132 3
114.752 71.835 334.816 7 2 19 132 3
114.752 71.835 334.816 8 2 19 132 3
114.752 71.835 334.816 9 2 19 132 3
114.752 71.835 334.816 10 2 19 132 3
114.752 71.835 334.816 11 2 19 132 3
114.752 71.835 334.816 12 2 19 132 3
114.752 71.835 334.816 13 2 19 132 3
114.752 71.835 334.816 14 2 19 132 3
114.752 71.835 334.816 15 2 19 132 3
175.647 50.113 261.750 16 2 19 136 4
175.647 50.113 261.750 17 2 19 136 4
175.647 50.113 261.750 18 2 19 136 4
175.647 50.113 261.750 19 2 19 136 4
175.647 50.113 261.750 20 2 19 136 4
114.752 71.835 334.816 1 3 19 132 3
114.752 71.835 334.816 2 3 19 132 3
114.752 71.835 334.816 3 3 19 132 3
114.752 71.835 334.816 4 3 19 132 3
114.752 71.835 334.816 5 3 19 132 3
114.752 71.835 334.816 6 3 19 132 3
114.752 71.835 334.816 7 3 19 132 3
114.752 71.835 334.816 8 3 19 132 3
114.752 71.835 334.816 9 3 19 132 3
114.752 71.835 334.816 10 3 19 132 3
114.752 71.835 334.816 11 3 19 132 3
114.752 71.835 334.816 12 3 19 132 3
114.752 71.835 334.816 13 3 19 132 3
114.752 71.835 334.816 14 3 19 132 3
114.752 71.835 334.816 15 3 19 132 3
175.647 50.113 261.750 16 3 19 136 4
175.647 50.113 261.750 17 3 19 136 4
175.647 50.113 261.750 18 3 19 136 4
175.647 50.113 261.750 19 3 19 136 4
175.647 50.113 261.750 20 3 19 136 4
114.752 71.835 334.816 1 4 19 132 3
114.752 71.835 334.816 2 4 19 132 3
114.752 71.835 334.816 3 4 19 132 3
114.752 71.835 334.816 4 4 19 132 3
114.752 71.835 334.816 5 4 19 132 3
114.752 71.835 334.816 6 4 19 132 3
114.752 71.835 334.816 7 4 19 132 3
114.752 71.835 334.816 8 4 19 132 3
114.752 71.835 334.816 9 4 19 132 3
114.752 71.835 334.816 10 4 19 132 3
114.752 71.835 334.816 11 4 19 132 3
114.752 71.835 334.816 12 4 19 132 3
114.752 71.835 334.816 13 4 19 132 3
114.752 71.835 334.816 14 4 19 132 3
114.752 71.835 334.816 15 4 19 132 3
175.647 50.113 261.750 16 4 19 136 4
175.647 50.113 261.750 17 4 19 136 4
175.647 50.113 261.750 18 4 19 136 4
175.647 50.113 261.750 19 4 19 136 4
175.647 50.113 261.750 20 4 19 136 4
114.752 71.835 334.816 1 5 19 132 3
114.752 71.835 334.816 2 5 19 132 3
114.752 71.835 334.816 3 5 19 132 3
114.752 71.835 334.816 4 5 19 132 3
114.752 71.835 334.816 5 5 19 132 3
114.752 71.835 334.816 6 5 19 132 3
114.752 71.835 334.816 7 5 19 132 3
114.752 71.835 334.816 8 5 19 132 3
114.752 71.835 334.816 9 5 19 132 3
114.752 71.835 334.816 10 5 19 132 3
114.752 71.835 334.816 11 5 19 132 3
114.752 71.835 334.816 12 5 19 132 3
114.752 71.835 334.816 13 5 19 132 3
114.752 71.835 334.816 14 5 19 132 3
114.752 71.835 334.816 15 5 19 132 3
175.647 50.113 261.750 16 5 19 136 4
175.647 50.113 261.750 17 5 19 136 4
175.647 50.113 261.750 18 5 19 136 4
175.647 50.113 261.750 19 5 19 136 4
175.647 50.113 261.750 20 5 19 136 4
323.363 82.020 329.638 1 6 19 104 2
114.752 71.835 334.816 2 6 19 132 3
114.752 71.835 334.816 3 6 19 132 3
114.752 71.835 334.816 4 6 19 132 3
114.752 71.835 334.816 5 6 19 132 3
323.834 69.283 44.808 6 6 19 64 1
114.752 71.835 334.816 7 6 19 132 3
114.752 71.835 334.816 8 6 19 132 3
114.752 71.835 334.816 9 6 19 132 3
114.752 71.835 334.816 10 6 19 132 3
114.752 71.835 334.816 11 6 19 132 3
114.752 71.835 334.816 12 6 19 132 3
114.752 71.835 334.816 13 6 19 132 3
114.752 71.835 334.816 14 6 19 132 3
114.752 71.835 334.816 15 6 19 132 3
193.884 103.363 167.119 16 6 19 99 2
175.647 50.113 261.750 17 6 19 136 4
175.647 50.113 261.750 18 6 19 136 4
175.647 50.113 261.750 19 6 19 136 4
175.647 50.113 261.750 20 6 19 136 4
323.363 82.020 329.638 1 7 19 104 2
323.363 82.020 329.638 2 7 19 104 2
114.752 71.835 334.816 3 7 19 132 3
114.752 71.835 334.816 4 7 19 132 3
114.752 71.835 334.816 5 7 19 132 3
323.834 69.283 44.808 6 7 19 64 1
114.752 71.835 334.816 7 7 19 132 3
114.752 71.835 334.816 8 7 19 132 3
114.752 71.835 334.816 9 7 19 132 3
114.752 71.835 334.816 10 7 19 132 3
114.752 71.835 334.816 11 7 19 132 3
114.752 71.835 334.816 12 7 19 132 3
114.752 71.835 334.816 13 7 19 132 3
114.752 71.835 334.816 14 7 19 132 3
114.752 71.835 334.816 15 7 19 132 3
175.647 50.113 261.750 16 7 19 136 4
175.647 50.113 261.750 17 7 19 136 4
175.647 50.113 261.750 18 7 19 136 4
175.647 50.113 261.750 19 7 19 136 4
175.647 50.113 261.750 20 7 19 136 4
323.363 82.020 329.638 1 8 19 104 2
323.363 82.020 329.638 2 8 19 104 2
323.363 82.020 329.638 3 8 19 104 2
114.752 71.835 334.816 4 8 19 132 3
114.752 71.835 334.816 5 8 19 132 3
114.752 71.835 334.816 6 8 19 132 3
114.752 71.835 334.816 7 8 19 132 3
114.752 71.835 334.816 8 8 19 132 3
114.752 71.835 334.816 9 8 19 132 3
114.752 71.835 334.816 10 8 19 132 3
114.752 71.835 334.816 11 8 19 132 3
114.752 71.835 334.816 12 8 19 132 3
114.752 71.835 334.816 13 8 19 132 3
114.752 71.835 334.816 14 8 19 132 3
114.752 71.835 334.816 15 8 19 132 3
175.647 50.113 261.750 16 8 19 136 4
175.647 50.113 261.750 17 8 19 136 4
175.647 50.113 261.750 18 8 19 136 4
175.647 50.113 261.750 19 8 19 136 4
175.647 50.113 261.750 20 8 19 136 4
323.363 82.020 329.638 1 9 19 104 2
323.363 82.020 329.638 2 9 19 104 2
323.363 82.020 329.638 3 9 19 104 2
114.752 71.835 334.816 4 9 19 132 3
114.752 71.835 334.816 5 9 19 132 3
114.752 71.835 334.816 6 9 19 132 3
38.134 76.298 315.576 7 9 19 110 2
38.134 76.298 315.576 8 9 19 110 2
38.134 76.298 315.576 9 9 19 110 2
114.752 71.835 334.816 10 9 19 132 3
114.752 71.835 334.816 11 9 19 132 3
114.752 71.835 334.816 12 9 19 132 3
114.752 71.835 334.816 13 9 19 132 3
114.752 71.835 334.816 14 9 19 132 3
114.752 71.835 334.816 15 9 19 132 3
175.647 50.113 261.750 16 9 19 136 4
175.647 50.113 261.750 17 9 19 136 4
175.647 50.113 261.750 18 9 19 136 4
175.647 50.113 261.750 19 9 19 136 4
175.647 50.113 261.750 20 9 19 136 4
323.113 36.440 294.921 1 10 19 78 1
323.113 36.440 294.921 2 10 19 78 1
323.113 36.440 294.921 3 10 19 78 1
114.752 71.835 334.816 4 10 19 132 3
114.752 71.835 334.816 5 10 19 132 3
114.752 71.835 334.816 6 10 19 132 3
38.134 76.298 315.576 7 10 19 110 2
38.134 76.298 315.576 8 10 19 110 2
38.134 76.298 315.576 9 10 19 110 2
114.752 71.835 334.816 10 10 19 132 3
114.752 71.835 334.816 11 10 19 132 3
114.752 71.835 334.816 12 10 19 132 3
40.437 90.542 158.050 13 10 19 116 2
191.949 128.926 12.073 14 10 19 81 1
40.437 90.542 158.050 15 10 19 116 2
175.647 50.113 261.750 16 10 19 136 4
175.647 50.113 261.750 17 10 19 136 4
175.647 50.113 261.750 18 10 19 136 4
175.647 50.113 261.750 19 10 19 136 4
175.647 50.113 261.750 20 10 19 136 4
323.113 36.440 294.921 1 11 19 78 1
323.113 36.440 294.921 2 11 19 78 1
323.113 36.440 294.921 3 11 19 78 1
347.332 164.020 290.997 4 11 19 101 2
347.332 164.020 290.997 5 11 19 101 2
347.332 164.020 290.997 6 11 19 101 2
38.134 76.298 315.576 7 11 19 110 2
38.134 76.298 315.576 8 11 19 110 2
114.752 71.835 334.816 9 11 19 132 3
114.752 71.835 334.816 10 11 19 132 3
114.752 71.835 334.816 11 11 19 132 3
114.752 71.835 334.816 12 11 19 132 3
114.752 71.835 334.816 13 11 19 132 3
191.949 128.926 12.073 14 11 19 81 1
40.437 90.542 158.050 15 11 19 116 2
175.647 50.113 261.750 16 11 19 136 4
175.647 50.113 261.750 17 11 19 136 4
175.647 50.113 261.750 18 11 19 136 4
175.647 50.113 261.750 19 11 19 136 4
175.647 50.113 261.750 20 11 19 136 4
323.113 36.440 294.921 1 12 19 78 1
323.113 36.440 294.921 2 12 19 78 1
190.445 8.402 129.762 3 12 19 83 1
347.332 164.020 290.997 4 12 19 101 2
347.332 164.020 290.997 5 12 19 101 2
347.332 164.020 290.997 6 12 19 101 2
347.332 164.020 290.997 7 12 19 101 2
38.134 76.298 315.576 8 12 19 110 2
114.752 71.835 334.816 9 12 19 132 3
114.752 71.835 334.816 10 12 19 132 3
114.752 71.835 334.816 11 12 19 132 3
114.752 71.835 334.816 12 12 19 132 3
114.752 71.835 334.816 13 12 19 132 3
191.949 128.926 12.073 14 12 19 81 1
191.949 128.926 12.073 15 12 19 81 1
175.647 50.113 261.750 16 12 19 136 4
175.647 50.113 261.750 17 12 19 136 4
175.647 50.113 261.750 18 12 19 136 4
175.647 50.113 261.750 19 12 19 136 4
175.647 50.113 261.750 20 12 19 136 4
190.445 8.402 129.762 1 13 19 83 1
190.445 8.402 129.762 2 13 19 83 1
190.445 8.402 129.762 3 13 19 83 1
190.445 8.402 129.762 4 13 19 83 1
347.332 164.020 290.997 5 13 19 101 2
347.332 164.020 290.997 6 13 19 101 2
347.332 164.020 290.997 7 13 19 101 2
347.332 164.020 290.997 8 13 19 101 2
114.752 71.835 334.816 9 13 19 132 3
114.752 71.835 334.816 10 13 19 132 3
36.276 119.489 249.875 11 13 19 123 2
36.276 119.489 249.875 12 13 19 123 2
36.276 119.489 249.875 13 13 19 123 2
191.949 128.926 12.073 14 13 19 81 1
142.495 52.778 216.633 15 13 19 1 1
175.647 50.113 261.750 16 13 19 136 4
175.647 50.113 261.750 17 13 19 136 4
175.647 50.113 261.750 18 13 19 136 4
175.647 50.113 261.750 19 13 19 136 4
175.647 50.113 261.750 20 13 19 136 4
145.521 145.891 112.931 1 14 19 128 2
145.521 145.891 112.931 2 14 19 128 2
190.445 8.402 129.762 3 14 19 83 1
190.445 8.402 129.762 4 14 19 83 1
347.332 164.020 290.997 5 14 19 101 2
347.332 164.020 290.997 6 14 19 101 2
347.332 164.020 290.997 7 14 19 101 2
347.332 164.020 290.997 8 14 19 101 2
37.995 138.362 229.508 9 14 19 117 2
36.276 119.489 249.875 10 14 19 123 2
36.276 119.489 249.875 11 14 19 123 2
36.276 119.489 249.875 12 14 19 123 2
36.276 119.489 249.875 13 14 19 123 2
142.495 52.778 216.633 14 14 19 1 1
142.495 52.778 216.633 15 14 19 1 1
142.495 52.778 216.633 16 14 19 1 1
175.647 50.113 261.750 17 14 19 136 4
175.647 50.113 261.750 18 14 19 136 4
175.647 50.113 261.750 19 14 19 136 4
175.647 50.113 261.750 20 14 19 136 4
145.521 145.891 112.931 1 15 19 128 2
145.521 145.891 112.931 2 15 19 128 2
145.521 145.891 112.931 3 15 19 128 2
189.554 38.091 303.380 4 15 19 131 3
37.995 138.362 229.508 5 15 19 117 2
37.995 138.362 229.508 6 15 19 117 2
37.995 138.362 229.508 7 15 19 117 2
189.554 38.091 303.380 8 15 19 131 3
110.709 113.083 138.904 9 15 19 17 1
110.709 113.083 138.904 10 15 19 17 1
36.276 119.489 249.875 11 15 19 123 2
36.276 119.489 249.875 12 15 19 123 2
36.276 119.489 249.875 13 15 19 123 2
142.495 52.778 216.633 14 15 19 1 1
142.495 52.778 216.633 15 15 19 1 1
142.495 52.778 216.633 16 15 19 1 1
142.495 52.778 216.633 17 15 19 1 1
175.647 50.113 261.750 18 15 19 136 4
175.647 50.113 261.750 19 15 19 136 4
175.647 50.113 261.750 20 15 19 136 4
145.521 145.891 112.931 1 16 19 128 2
145.521 145.891 112.931 2 16 19 128 2
145.521 145.891 112.931 3 16 19 128 2
220.960 138.023 346.083 4 16 19 124 2
220.960 138.023 346.083 5 16 19 124 2
189.554 38.091 303.380 6 16 19 131 3
189.554 38.091 303.380 7 16 19 131 3
110.709 113.083 138.904 8 16 19 17 1
110.709 113.083 138.904 9 16 19 17 1
110.709 113.083 138.904 10 16 19 17 1
110.709 113.083 138.904 11 16 19 17 1
339.700 58.153 254.910 12 16 19 92 1
142.495 52.778 216.633 13 16 19 1 1
142.495 52.778 216.633 14 16 19 1 1
142.495 52.778 216.633 15 16 19 1 1
142.495 52.778 216.633 16 16 19 1 1
142.495 52.778 216.633 17 16 19 1 1
41.684 107.571 156.197 18 16 19 168 4
175.647 50.113 261.750 19 16 19 136 4
175.647 50.113 261.750 20 16 19 136 4
318.713 64.793 172.371 1 17 19 100 2
318.713 64.793 172.371 2 17 19 100 2
318.713 64.793 172.371 3 17 19 100 2
220.960 138.023 346.083 4 17 19 124 2
220.960 138.023 346.083 5 17 19 124 2
220.960 138.023 346.083 6 17 19 124 2
189.554 38.091 303.380 7 17 19 131 3
110.709 113.083 138.904 8 17 19 17 1
110.709 113.083 138.904 9 17 19 17 1
110.709 113.083 138.904 10 17 19 17 1
110.709 113.083 138.904 11 17 19 17 1
295.675 58.248 236.799 12 17 19 94 1
142.495 52.778 216.633 13 17 19 1 1
142.495 52.778 216.633 14 17 19 1 1
142.495 52.778 216.633 15 17 19 1 1
142.495 52.778 216.633 16 17 19 1 1
41.684 107.571 156.197 17 17 19 168 4
41.684 107.571 156.197 18 17 19 168 4
41.684 107.571 156.197 19 17 19 168 4
175.647 50.113 261.750 20 17 19 136 4
318.713 64.793 172.371 1 18 19 100 2
318.713 64.793 172.371 2 18 19 100 2
318.713 64.793 172.371 3 18 19 100 2
139.517 65.372 261.644 4 18 19 22 1
139.517 65.372 261.644 5 18 19 22 1
139.517 65.372 261.644 6 18 19 22 1
139.517 65.372 261.644 7 18 19 22 1
322.893 52.182 115.184 8 18 19 103 2
110.709 113.083 138.904 9 18 19 17 1
250.163 63.737 106.625 10 18 19 160 1
250.163 63.737 106.625 11 18 19 160 1
295.675 58.248 236.799 12 18 19 94 1
41.684 107.571 156.197 13 18 19 168 4
41.684 107.571 156.197 14 18 19 168 4
41.684 107.571 156.197 15 18 19 168 4
324.985 130.120 40.205 16 18 19 28 1
41.684 107.571 156.197 17 18 19 168 4
41.684 107.571 156.197 18 18 19 168 4
41.684 107.571 156.197 19 18 19 168 4
41.684 107.571 156.197 20 18 19 168 4
318.713 64.793 172.371 1 19 19 100 2
318.713 64.793 172.371 2 19 19 100 2
318.713 64.793 172.371 3 19 19 100 2
139.517 65.372 261.644 4 19 19 22 1
139.517 65.372 261.644 5 19 19 22 1
139.517 65.372 261.644 6 19 19 22 1
139.517 65.372 261.644 7 19 19 22 1
139.517 65.372 261.644 8 19 19 22 1
139.517 65.372 261.644 9 19 19 22 1
250.163 63.737 106.625 10 19 19 160 1
250.163 63.737 106.625 11 19 19 160 1
102.143 145.480 106.254 12 19 19 144 1
41.684 107.571 156.197 13 19 19 168 4
41.684 107.571 156.197 14 19 19 168 4
41.684 107.571 156.197 15 19 19 168 4
41.684 107.571 156.197 16 19 19 168 4
41.684 107.571 156.197 17 19 19 168 4
41.684 107.571 156.197 18 19 19 168 4
41.684 107.571 156.197 19 19 19 168 4
41.684 107.571 156.197 20 19 19 168 4
318.713 64.793 172.371 1 20 19 100 2
318.713 64.793 172.371 2 20 19 100 2
139.517 65.372 261.644 3 20 19 22 1
139.517 65.372 261.644 4 20 19 22 1
139.517 65.372 261.644 5 20 19 22 1
139.517 65.372 261.644 6 20 19 22 1
139.517 65.372 261.644 7 20 19 22 1
139.517 65.372 261.644 8 20 19 22 1
139.517 65.372 261.644 9 20 19 22 1
189.403 100.053 84.139 10 20 19 91 1
102.143 145.480 106.254 11 20 19 144 1
41.684 107.571 156.197 12 20 19 168 4
41.684 107.571 156.197 13 20 19 168 4
41.684 107.571 156.197 14 20 19 168 4
41.684 107.571 156.197 15 20 19 168 4
41.684 107.571 156.197 16 20 19 168 4
41.684 107.571 156.197 17 20 19 168 4
41.684 107.571 156.197 18 20 19 168 4
41.684 107.571 156.197 19 20 19 168 4
41.684 107.571 156.197 20 20 19 168 4
