207.023 73.990 8.950 1 1 14 137 4
207.023 73.990 8.950 2 1 14 137 4
207.023 73.990 8.950 3 1 14 137 4
207.023 73.990 8.950 4 1 14 137 4
207.023 73.990 8.950 5 1 14 137 4
207.023 73.990 8.950 6 1 14 137 4
207.023 73.990 8.950 7 1 14 137 4
207.023 73.990 8.950 8 1 14 137 4
0.875 143.568 157.269 9 1 14 20 1
0.875 143.568 157.269 10 1 14 20 1
0.875 143.568 157.269 11 1 14 20 1
131.883 139.175 276.216 12 1 14 120 2
131.883 139.175 276.216 13 1 14 120 2
322.166 141.990 9.548 14 1 14 66 1
322.166 141.990 9.548 15 1 14 66 1
322.166 141.990 9.548 16 1 14 66 1
175.647 50.113 261.750 17 1 14 136 4
175.647 50.113 261.750 18 1 14 136 4
175.647 50.113 261.750 19 1 14 136 4
93.763 148.373 350.622 20 1 14 153 1
345.480 32.838 40.717 1 2 14 5 1
345.480 32.838 40.717 2 2 14 5 1
207.023 73.990 8.950 3 2 14 137 4
207.023 73.990 8.950 4 2 14 137 4
207.023 73.990 8.950 5 2 14 137 4
207.023 73.990 8.950 6 2 14 137 4
207.023 73.990 8.950 7 2 14 137 4
114.752 71.835 334.816 8 2 14 132 3
0.875 143.568 157.269 9 2 14 20 1
0.875 143.568 157.269 10 2 14 20 1
0.875 143.568 157.269 11 2 14 20 1
131.883 139.175 276.216 12 2 14 120 2
131.883 139.175 276.216 13 2 14 120 2
322.166 141.990 9.548 14 2 14 66 1
322.166 141.990 9.548 15 2 14 66 1
322.166 141.990 9.548 16 2 14 66 1
175.647 50.113 261.750 17 2 14 136 4
175.647 50.113 261.750 18 2 14 136 4
175.647 50.113 261.750 19 2 14 136 4
175.647 50.113 261.750 20 2 14 136 4
114.752 71.835 334.816 1 3 14 132 3
345.480 32.838 40.717 2 3 14 5 1
114.752 71.835 334.816 3 3 14 132 3
114.752 71.835 334.816 4 3 14 132 3
114.752 71.835 334.816 5 3 14 132 3
114.752 71.835 334.816 6 3 14 132 3
114.752 71.835 334.816 7 3 14 132 3
114.752 71.835 334.816 8 3 14 132 3
114.752 71.835 334.816 9 3 14 132 3
0.875 143.568 157.269 10 3 14 20 1
0.875 143.568 157.269 11 3 14 20 1
131.883 139.175 276.216 12 3 14 120 2
171.287 87.624 101.033 13 3 14 133 3
322.166 141.990 9.548 14 3 14 66 1
322.166 141.990 9.548 15 3 14 66 1
140.637 137.359 282.487 16 3 14 44 1
140.637 137.359 282.487 17 3 14 44 1
175.647 50.113 261.750 18 3 14 136 4
175.647 50.113 261.750 19 3 14 136 4
175.647 50.113 261.750 20 3 14 136 4
114.752 71.835 334.816 1 4 14 132 3
114.752 71.835 334.816 2 4 14 132 3
114.752 71.835 334.816 3 4 14 132 3
114.752 71.835 334.816 4 4 14 132 3
114.752 71.835 334.816 5 4 14 132 3
114.752 71.835 334.816 6 4 14 132 3
114.752 71.835 334.816 7 4 14 132 3
114.752 71.835 334.816 8 4 14 132 3
114.752 71.835 334.816 9 4 14 132 3
171.287 87.624 101.033 10 4 14 133 3
171.287 87.624 101.033 11 4 14 133 3
171.287 87.624 101.033 12 4 14 133 3
171.287 87.624 101.033 13 4 14 133 3
171.287 87.624 101.033 14 4 14 133 3
140.637 137.359 282.487 15 4 14 44 1
140.637 137.359 282.487 16 4 14 44 1
140.637 137.359 282.487 17 4 14 44 1
178.921 86.002 128.112 18 4 14 16 1
175.647 50.113 261.750 19 4 14 136 4
254.606 128.129 152.449 20 4 14 50 1
114.752 71.835 334.816 1 5 14 132 3
114.752 71.835 334.816 2 5 14 132 3
114.752 71.835 334.816 3 5 14 132 3
114.752 71.835 334.816 4 5 14 132 3
114.752 71.835 334.816 5 5 14 132 3
114.752 71.835 334.816 6 5 14 132 3
114.752 71.835 334.816 7 5 14 132 3
114.752 71.835 334.816 8 5 14 132 3
171.287 87.624 101.033 9 5 14 133 3
171.287 87.624 101.033 10 5 14 133 3
171.287 87.624 101.033 11 5 14 133 3
171.287 87.624 101.033 12 5 14 133 3
171.287 87.624 101.033 13 5 14 133 3
171.287 87.624 101.033 14 5 14 133 3
171.287 87.624 101.033 15 5 14 133 3
175.647 50.113 261.750 16 5 14 136 4
175.647 50.113 261.750 17 5 14 136 4
175.647 50.113 261.750 18 5 14 136 4
175.647 50.113 261.750 19 5 14 136 4
175.647 50.113 261.750 20 5 14 136 4
114.752 71.835 334.816 1 6 14 132 3
114.752 71.835 334.816 2 6 14 132 3
114.752 71.835 334.816 3 6 14 132 3
114.752 71.835 334.816 4 6 14 132 3
114.752 71.835 334.816 5 6 14 132 3
114.752 71.835 334.816 6 6 14 132 3
114.752 71.835 334.816 7 6 14 132 3
114.752 71.835 334.816 8 6 14 132 3
171.287 87.624 101.033 9 6 14 133 3
171.287 87.624 101.033 10 6 14 133 3
171.287 87.624 101.033 11 6 14 133 3
171.287 87.624 101.033 12 6 14 133 3
171.287 87.624 101.033 13 6 14 133 3
171.287 87.624 101.033 14 6 14 133 3
171.287 87.624 101.033 15 6 14 133 3
171.287 87.624 101.033 16 6 14 133 3
175.647 50.113 261.750 17 6 14 136 4
175.647 50.113 261.750 18 6 14 136 4
175.647 50.113 261.750 19 6 14 136 4
114.257 111.460 88.000 20 6 14 158 1
114.752 71.835 334.816 1 7 14 132 3
114.752 71.835 334.816 2 7 14 132 3
114.752 71.835 334.816 3 7 14 132 3
114.752 71.835 334.816 4 7 14 132 3
114.752 71.835 334.816 5 7 14 132 3
114.752 71.835 334.816 6 7 14 132 3
114.752 71.835 334.816 7 7 14 132 3
114.752 71.835 334.816 8 7 14 132 3
171.287 87.624 101.033 9 7 14 133 3
171.287 87.624 101.033 10 7 14 133 3
171.287 87.624 101.033 11 7 14 133 3
171.287 87.624 101.033 12 7 14 133 3
171.287 87.624 101.033 13 7 14 133 3
171.287 87.624 101.033 14 7 14 133 3
171.287 87.624 101.033 15 7 14 133 3
171.287 87.624 101.033 16 7 14 133 3
175.647 50.113 261.750 17 7 14 136 4
175.647 50.113 261.750 18 7 14 136 4
175.647 50.113 261.750 19 7 14 136 4
175.647 50.113 261.750 20 7 14 136 4
114.752 71.835 334.816 1 8 14 132 3
114.752 71.835 334.816 2 8 14 132 3
114.752 71.835 334.816 3 8 14 132 3
114.752 71.835 334.816 4 8 14 132 3
114.752 71.835 334.816 5 8 14 132 3
114.752 71.835 334.816 6 8 14 132 3
114.752 71.835 334.816 7 8 14 132 3
114.752 71.835 334.816 8 8 14 132 3
171.287 87.624 101.033 9 8 14 133 3
312.843 130.381 247.197 10 8 14 96 2
171.287 87.624 101.033 11 8 14 133 3
171.287 87.624 101.033 12 8 14 133 3
171.287 87.624 101.033 13 8 14 133 3
171.287 87.624 101.033 14 8 14 133 3
171.287 87.624 101.033 15 8 14 133 3
171.287 87.624 101.033 16 8 14 133 3
175.647 50.113 261.750 17 8 14 136 4
175.647 50.113 261.750 18 8 14 136 4
175.647 50.113 261.750 19 8 14 136 4
175.647 50.113 261.750 20 8 14 136 4
114.752 71.835 334.816 1 9 14 132 3
111.354 68.366 276.897 2 9 14 141 1
283.845 73.176 43.676 3 9 14 113 2
283.845 73.176 43.676 4 9 14 113 2
114.752 71.835 334.816 5 9 14 132 3
114.752 71.835 334.816 6 9 14 132 3
114.752 71.835 334.816 7 9 14 132 3
114.752 71.835 334.816 8 9 14 132 3
312.843 130.381 247.197 9 9 14 96 2
312.843 130.381 247.197 10 9 14 96 2
171.287 87.624 101.033 11 9 14 133 3
171.287 87.624 101.033 12 9 14 133 3
171.287 87.624 101.033 13 9 14 133 3
171.287 87.624 101.033 14 9 14 133 3
171.287 87.624 101.033 15 9 14 133 3
175.647 50.113 261.750 16 9 14 136 4
175.647 50.113 261.750 17 9 14 136 4
175.647 50.113 261.750 18 9 14 136 4
175.647 50.113 261.750 19 9 14 136 4
175.647 50.113 261.750 20 9 14 136 4
189.554 38.091 303.380 1 10 14 131 3
111.354 68.366 276.897 2 10 14 141 1
283.845 73.176 43.676 3 10 14 113 2
283.845 73.176 43.676 4 10 14 113 2
283.845 73.176 43.676 5 10 14 113 2
114.752 71.835 334.816 6 10 14 132 3
114.752 71.835 334.816 7 10 14 132 3
114.752 71.835 334.816 8 10 14 132 3
312.843 130.381 247.197 9 10 14 96 2
312.843 130.381 247.197 10 10 14 96 2
171.287 87.624 101.033 11 10 14 133 3
171.287 87.624 101.033 12 10 14 133 3
171.287 87.624 101.033 13 10 14 133 3
171.287 87.624 101.033 14 10 14 133 3
171.287 87.624 101.033 15 10 14 133 3
175.647 50.113 261.750 16 10 14 136 4
175.647 50.113 261.750 17 10 14 136 4
175.647 50.113 261.750 18 10 14 136 4
175.647 50.113 261.750 19 10 14 136 4
175.647 50.113 261.750 20 10 14 136 4
189.554 38.091 303.380 1 11 14 131 3
189.554 38.091 303.380 2 11 14 131 3
189.554 38.091 303.380 3 11 14 131 3
283.845 73.176 43.676 4 11 14 113 2
283.845 73.176 43.676 5 11 14 113 2
114.752 71.835 334.816 6 11 14 132 3
114.752 71.835 334.816 7 11 14 132 3
114.752 71.835 334.816 8 11 14 132 3
72.499 136.573 45.190 9 11 14 135 4
72.499 136.573 45.190 10 11 14 135 4
72.499 136.573 45.190 11 11 14 135 4
87.085 44.197 314.017 12 11 14 142 1
87.085 44.197 314.017 13 11 14 142 1
171.287 87.624 101.033 14 11 14 133 3
175.647 50.113 261.750 15 11 14 136 4
175.647 50.113 261.750 16 11 14 136 4
175.647 50.113 261.750 17 11 14 136 4
175.647 50.113 261.750 18 11 14 136 4
175.647 50.113 261.750 19 11 14 136 4
175.647 50.113 261.750 20 11 14 136 4
189.554 38.091 303.380 1 12 14 131 3
189.554 38.091 303.380 2 12 14 131 3
189.554 38.091 303.380 3 12 14 131 3
189.554 38.091 303.380 4 12 14 131 3
189.554 38.091 303.380 5 12 14 131 3
189.554 38.091 303.380 6 12 14 131 3
189.554 38.091 303.380 7 12 14 131 3
239.452 101.962 76.605 8 12 14 6 1
239.452 101.962 76.605 9 12 14 6 1
72.499 136.573 45.190 10 12 14 135 4
72.499 136.573 45.190 11 12 14 135 4
87.085 44.197 314.017 12 12 14 142 1
72.499 136.573 45.190 13 12 14 135 4
72.499 136.573 45.190 14 12 14 135 4
315.740 111.318 238.505 15 12 14 129 2
175.647 50.113 261.750 16 12 14 136 4
175.647 50.113 261.750 17 12 14 136 4
175.647 50.113 261.750 18 12 14 136 4
175.647 50.113 261.750 19 12 14 136 4
175.647 50.113 261.750 20 12 14 136 4
189.554 38.091 303.380 1 13 14 131 3
189.554 38.091 303.380 2 13 14 131 3
189.554 38.091 303.380 3 13 14 131 3
189.554 38.091 303.380 4 13 14 131 3
189.554 38.091 303.380 5 13 14 131 3
189.554 38.091 303.380 6 13 14 131 3
189.554 38.091 303.380 7 13 14 131 3
239.452 101.962 76.605 8 13 14 6 1
239.452 101.962 76.605 9 13 14 6 1
72.499 136.573 45.190 10 13 14 135 4
72.499 136.573 45.190 11 13 14 135 4
72.499 136.573 45.190 12 13 14 135 4
72.499 136.573 45.190 13 13 14 135 4
72.499 136.573 45.190 14 13 14 135 4
315.740 111.318 238.505 15 13 14 129 2
315.740 111.318 238.505 16 13 14 129 2
175.647 50.113 261.750 17 13 14 136 4
175.647 50.113 261.750 18 13 14 136 4
175.647 50.113 261.750 19 13 14 136 4
175.647 50.113 261.750 20 13 14 136 4
189.554 38.091 303.380 1 14 14 131 3
189.554 38.091 303.380 2 14 14 131 3
189.554 38.091 303.380 3 14 14 131 3
189.554 38.091 303.380 4 14 14 131 3
189.554 38.091 303.380 5 14 14 131 3
189.554 38.091 303.380 6 14 14 131 3
189.554 38.091 303.380 7 14 14 131 3
189.554 38.091 303.380 8 14 14 131 3
54.327 87.284 46.197 9 14 14 105 2
54.327 87.284 46.197 10 14 14 105 2
72.499 136.573 45.190 11 14 14 135 4
72.499 136.573 45.190 12 14 14 135 4
72.499 136.573 45.190 13 14 14 135 4
250.400 91.189 258.083 14 14 14 77 1
250.400 91.189 258.083 15 14 14 77 1
250.400 91.189 258.083 16 14 14 77 1
175.647 50.113 261.750 17 14 14 136 4
175.647 50.113 261.750 18 14 14 136 4
175.647 50.113 261.750 19 14 14 136 4
175.647 50.113 261.750 20 14 14 136 4
189.554 38.091 303.380 1 15 14 131 3
189.554 38.091 303.380 2 15 14 131 3
189.554 38.091 303.380 3 15 14 131 3
189.554 38.091 303.380 4 15 14 131 3
189.554 38.091 303.380 5 15 14 131 3
189.554 38.091 303.380 6 15 14 131 3
189.554 38.091 303.380 7 15 14 131 3
189.554 38.091 303.380 8 15 14 131 3
189.554 38.091 303.380 9 15 14 131 3
54.327 87.284 46.197 10 15 14 105 2
54.327 87.284 46.197 11 15 14 105 2
72.499 136.573 45.190 12 15 14 135 4
250.400 91.189 258.083 13 15 14 77 1
250.400 91.189 258.083 14 15 14 77 1
250.400 91.189 258.083 15 15 14 77 1
250.400 91.189 258.083 16 15 14 77 1
250.400 91.189 258.083 17 15 14 77 1
175.647 50.113 261.750 18 15 14 136 4
175.647 50.113 261.750 19 15 14 136 4
175.647 50.113 261.750 20 15 14 136 4
189.554 38.091 303.380 1 16 14 131 3
189.554 38.091 303.380 2 16 14 131 3
189.554 38.091 303.380 3 16 14 131 3
189.554 38.091 303.380 4 16 14 131 3
189.554 38.091 303.380 5 16 14 131 3
189.554 38.091 303.380 6 16 14 131 3
189.554 38.091 303.380 7 16 14 131 3
189.554 38.091 303.380 8 16 14 131 3
189.554 38.091 303.380 9 16 14 131 3
189.554 38.091 303.380 10 16 14 131 3
92.315 100.393 215.126 11 16 14 36 1
92.315 100.393 215.126 12 16 14 36 1
250.400 91.189 258.083 13 16 14 77 1
250.400 91.189 258.083 14 16 14 77 1
250.400 91.189 258.083 15 16 14 77 1
250.400 91.189 258.083 16 16 14 77 1
41.684 107.571 156.197 17 16 14 168 4
41.684 107.571 156.197 18 16 14 168 4
41.684 107.571 156.197 19 16 14 168 4
175.647 50.113 261.750 20 16 14 136 4
189.554 38.091 303.380 1 17 14 131 3
189.554 38.091 303.380 2 17 14 131 3
189.554 38.091 303.380 3 17 14 131 3
189.554 38.091 303.380 4 17 14 131 3
189.554 38.091 303.380 5 17 14 131 3
189.554 38.091 303.380 6 17 14 131 3
189.554 38.091 303.380 7 17 14 131 3
189.554 38.091 303.380 8 17 14 131 3
189.554 38.091 303.380 9 17 14 131 3
189.554 38.091 303.380 10 17 14 131 3
344.510 25.404 274.346 11 17 14 63 1
344.510 25.404 274.346 12 17 14 63 1
250.400 91.189 258.083 13 17 14 77 1
250.400 91.189 258.083 14 17 14 77 1
250.400 91.189 258.083 15 17 14 77 1
41.684 107.571 156.197 16 17 14 168 4
41.684 107.571 156.197 17 17 14 168 4
41.684 107.571 156.197 18 17 14 168 4
41.684 107.571 156.197 19 17 14 168 4
175.647 50.113 261.750 20 17 14 136 4
189.554 38.091 303.380 1 18 14 131 3
189.554 38.091 303.380 2 18 14 131 3
189.554 38.091 303.380 3 18 14 131 3
189.554 38.091 303.380 4 18 14 131 3
189.554 38.091 303.380 5 18 14 131 3
189.554 38.091 303.380 6 18 14 131 3
189.554 38.091 303.380 7 18 14 131 3
189.554 38.091 303.380 8 18 14 131 3
189.554 38.091 303.380 9 18 14 131 3
189.554 38.091 303.380 10 18 14 131 3
189.554 38.091 303.380 11 18 14 131 3
41.684 107.571 156.197 12 18 14 168 4
41.684 107.571 156.197 13 18 14 168 4
41.684 107.571 156.197 14 18 14 168 4
41.684 107.571 156.197 15 18 14 168 4
41.684 107.571 156.197 16 18 14 168 4
41.684 107.571 156.197 17 18 14 168 4
41.684 107.571 156.197 18 18 14 168 4
41.684 107.571 156.197 19 18 14 168 4
175.647 50.113 261.750 20 18 14 136 4
189.554 38.091 303.380 1 19 14 131 3
189.554 38.091 303.380 2 19 14 131 3
189.554 38.091 303.380 3 19 14 131 3
189.554 38.091 303.380 4 19 14 131 3
189.554 38.091 303.380 5 19 14 131 3
189.554 38.091 303.380 6 19 14 131 3
189.554 38.091 303.380 7 19 14 131 3
189.554 38.091 303.380 8 19 14 131 3
189.554 38.091 303.380 9 19 14 131 3
189.554 38.091 303.380 10 19 14 131 3
59.326 104.419 252.660 11 19 14 29 1
41.684 107.571 156.197 12 19 14 168 4
41.684 107.571 156.197 13 19 14 168 4
41.684 107.571 156.197 14 19 14 168 4
41.684 107.571 156.197 15 19 14 168 4
41.684 107.571 156.197 16 19 14 168 4
41.684 107.571 156.197 17 19 14 168 4
41.684 107.571 156.197 18 19 14 168 4
41.684 107.571 156.197 19 19 14 168 4
41.684 107.571 156.197 20 19 14 168 4
318.713 64.793 172.371 1 20 14 100 2
189.554 38.091 303.380 2 20 14 131 3
189.554 38.091 303.380 3 20 14 131 3
189.554 38.091 303.380 4 20 14 131 3
189.554 38.091 303.380 5 20 14 131 3
189.554 38.091 303.380 6 20 14 131 3
189.554 38.091 303.380 7 20 14 131 3
295.071 105.420 294.944 8 20 14 143 1
189.554 38.091 303.380 9 20 14 131 3
189.554 38.091 303.380 10 20 14 131 3
41.684 107.571 156.197 11 20 14 168 4
41.684 107.571 156.197 12 20 14 168 4
41.684 107.571 156.197 13 20 14 168 4
41.684 107.571 156.197 14 20 14 168 4
41.684 107.571 156.197 15 20 14 168 4
41.684 107.571 156.197 16 20 14 168 4
41.684 107.571 156.197 17 20 14 168 4
41.684 107.571 156.197 18 20 14 168 4
41.684 107.571 156.197 19 20 14 168 4
41.684 107.571 156.197 20 20 14 168 4
