207.023 73.990 8.950 1 1 4 137 4
193.526 129.320 134.539 2 1 4 130 2
193.526 129.320 134.539 3 1 4 130 2
193.526 129.320 134.539 4 1 4 130 2
193.526 129.320 134.539 5 1 4 130 2
193.526 129.320 134.539 6 1 4 130 2
193.526 129.320 134.539 7 1 4 130 2
341.244 49.425 213.001 8 1 4 32 1
341.244 49.425 213.001 9 1 4 32 1
341.244 49.425 213.001 10 1 4 32 1
341.244 49.425 213.001 11 1 4 32 1
278.990 101.986 133.133 12 1 4 138 4
278.990 101.986 133.133 13 1 4 138 4
278.990 101.986 133.133 14 1 4 138 4
278.990 101.986 133.133 15 1 4 138 4
278.990 101.986 133.133 16 1 4 138 4
146.946 31.392 3.895 17 1 4 154 1
146.946 31.392 3.895 18 1 4 154 1
253.016 82.102 340.517 19 1 4 68 1
253.016 82.102 340.517 20 1 4 68 1
207.023 73.990 8.950 1 2 4 137 4
193.526 129.320 134.539 2 2 4 130 2
193.526 129.320 134.539 3 2 4 130 2
193.526 129.320 134.539 4 2 4 130 2
193.526 129.320 134.539 5 2 4 130 2
193.526 129.320 134.539 6 2 4 130 2
193.526 129.320 134.539 7 2 4 130 2
193.526 129.320 134.539 8 2 4 130 2
120.052 29.144 198.188 9 2 4 125 2
120.052 29.144 198.188 10 2 4 125 2
220.948 133.710 267.729 11 2 4 52 1
220.948 133.710 267.729 12 2 4 52 1
145.130 109.919 330.308 13 2 4 97 2
278.990 101.986 133.133 14 2 4 138 4
278.990 101.986 133.133 15 2 4 138 4
278.990 101.986 133.133 16 2 4 138 4
233.260 48.436 68.980 17 2 4 151 1
233.260 48.436 68.980 18 2 4 151 1
253.016 82.102 340.517 19 2 4 68 1
137.608 32.023 163.884 20 2 4 48 1
207.023 73.990 8.950 1 3 4 137 4
193.526 129.320 134.539 2 3 4 130 2
193.526 129.320 134.539 3 3 4 130 2
193.526 129.320 134.539 4 3 4 130 2
193.526 129.320 134.539 5 3 4 130 2
193.526 129.320 134.539 6 3 4 130 2
193.526 129.320 134.539 7 3 4 130 2
193.526 129.320 134.539 8 3 4 130 2
193.526 129.320 134.539 9 3 4 130 2
171.287 87.624 101.033 10 3 4 133 3
171.287 87.624 101.033 11 3 4 133 3
220.948 133.710 267.729 12 3 4 52 1
278.990 101.986 133.133 13 3 4 138 4
278.990 101.986 133.133 14 3 4 138 4
278.990 101.986 133.133 15 3 4 138 4
278.990 101.986 133.133 16 3 4 138 4
233.260 48.436 68.980 17 3 4 151 1
185.967 107.010 302.377 18 3 4 126 2
207.301 148.184 173.544 19 3 4 112 2
137.608 32.023 163.884 20 3 4 48 1
207.023 73.990 8.950 1 4 4 137 4
207.023 73.990 8.950 2 4 4 137 4
193.526 129.320 134.539 3 4 4 130 2
193.526 129.320 134.539 4 4 4 130 2
193.526 129.320 134.539 5 4 4 130 2
193.526 129.320 134.539 6 4 4 130 2
193.526 129.320 134.539 7 4 4 130 2
193.526 129.320 134.539 8 4 4 130 2
171.287 87.624 101.033 9 4 4 133 3
171.287 87.624 101.033 10 4 4 133 3
171.287 87.624 101.033 11 4 4 133 3
171.287 87.624 101.033 12 4 4 133 3
278.990 101.986 133.133 13 4 4 138 4
278.990 101.986 133.133 14 4 4 138 4
278.990 101.986 133.133 15 4 4 138 4
278.990 101.986 133.133 16 4 4 138 4
278.990 101.986 133.133 17 4 4 138 4
185.967 107.010 302.377 18 4 4 126 2
185.967 107.010 302.377 19 4 4 126 2
137.608 32.023 163.884 20 4 4 48 1
207.023 73.990 8.950 1 5 4 137 4
207.023 73.990 8.950 2 5 4 137 4
207.023 73.990 8.950 3 5 4 137 4
193.526 129.320 134.539 4 5 4 130 2
193.526 129.320 134.539 5 5 4 130 2
193.526 129.320 134.539 6 5 4 130 2
171.287 87.624 101.033 7 5 4 133 3
171.287 87.624 101.033 8 5 4 133 3
171.287 87.624 101.033 9 5 4 133 3
171.287 87.624 101.033 10 5 4 133 3
171.287 87.624 101.033 11 5 4 133 3
171.287 87.624 101.033 12 5 4 133 3
278.990 101.986 133.133 13 5 4 138 4
278.990 101.986 133.133 14 5 4 138 4
278.990 101.986 133.133 15 5 4 138 4
278.990 101.986 133.133 16 5 4 138 4
278.990 101.986 133.133 17 5 4 138 4
185.967 107.010 302.377 18 5 4 126 2
207.301 148.184 173.544 19 5 4 112 2
10.455 82.736 163.441 20 5 4 7 1
207.023 73.990 8.950 1 6 4 137 4
207.023 73.990 8.950 2 6 4 137 4
171.287 87.624 101.033 3 6 4 133 3
171.287 87.624 101.033 4 6 4 133 3
171.287 87.624 101.033 5 6 4 133 3
334.242 84.443 167.956 6 6 4 13 1
171.287 87.624 101.033 7 6 4 133 3
171.287 87.624 101.033 8 6 4 133 3
171.287 87.624 101.033 9 6 4 133 3
171.287 87.624 101.033 10 6 4 133 3
171.287 87.624 101.033 11 6 4 133 3
171.287 87.624 101.033 12 6 4 133 3
171.287 87.624 101.033 13 6 4 133 3
278.990 101.986 133.133 14 6 4 138 4
278.990 101.986 133.133 15 6 4 138 4
278.990 101.986 133.133 16 6 4 138 4
278.990 101.986 133.133 17 6 4 138 4
136.237 129.778 54.914 18 6 4 139 4
136.237 129.778 54.914 19 6 4 139 4
10.455 82.736 163.441 20 6 4 7 1
207.023 73.990 8.950 1 7 4 137 4
171.287 87.624 101.033 2 7 4 133 3
171.287 87.624 101.033 3 7 4 133 3
171.287 87.624 101.033 4 7 4 133 3
171.287 87.624 101.033 5 7 4 133 3
171.287 87.624 101.033 6 7 4 133 3
171.287 87.624 101.033 7 7 4 133 3
171.287 87.624 101.033 8 7 4 133 3
171.287 87.624 101.033 9 7 4 133 3
171.287 87.624 101.033 10 7 4 133 3
171.287 87.624 101.033 11 7 4 133 3
171.287 87.624 101.033 12 7 4 133 3
171.287 87.624 101.033 13 7 4 133 3
278.990 101.986 133.133 14 7 4 138 4
278.990 101.986 133.133 15 7 4 138 4
136.237 129.778 54.914 16 7 4 139 4
136.237 129.778 54.914 17 7 4 139 4
136.237 129.778 54.914 18 7 4 139 4
136.237 129.778 54.914 19 7 4 139 4
136.237 129.778 54.914 20 7 4 139 4
322.827 28.449 261.452 1 8 4 134 4
322.827 28.449 261.452 2 8 4 134 4
171.287 87.624 101.033 3 8 4 133 3
171.287 87.624 101.033 4 8 4 133 3
171.287 87.624 101.033 5 8 4 133 3
171.287 87.624 101.033 6 8 4 133 3
171.287 87.624 101.033 7 8 4 133 3
171.287 87.624 101.033 8 8 4 133 3
171.287 87.624 101.033 9 8 4 133 3
171.287 87.624 101.033 10 8 4 133 3
171.287 87.624 101.033 11 8 4 133 3
171.287 87.624 101.033 12 8 4 133 3
171.287 87.624 101.033 13 8 4 133 3
171.287 87.624 101.033 14 8 4 133 3
171.287 87.624 101.033 15 8 4 133 3
136.237 129.778 54.914 16 8 4 139 4
136.237 129.778 54.914 17 8 4 139 4
136.237 129.778 54.914 18 8 4 139 4
136.237 129.778 54.914 19 8 4 139 4
136.237 129.778 54.914 20 8 4 139 4
322.827 28.449 261.452 1 9 4 134 4
322.827 28.449 261.452 2 9 4 134 4
322.827 28.449 261.452 3 9 4 134 4
322.827 28.449 261.452 4 9 4 134 4
171.287 87.624 101.033 5 9 4 133 3
171.287 87.624 101.033 6 9 4 133 3
171.287 87.624 101.033 7 9 4 133 3
171.287 87.624 101.033 8 9 4 133 3
171.287 87.624 101.033 9 9 4 133 3
171.287 87.624 101.033 10 9 4 133 3
171.287 87.624 101.033 11 9 4 133 3
171.287 87.624 101.033 12 9 4 133 3
171.287 87.624 101.033 13 9 4 133 3
171.287 87.624 101.033 14 9 4 133 3
171.287 87.624 101.033 15 9 4 133 3
136.237 129.778 54.914 16 9 4 139 4
136.237 129.778 54.914 17 9 4 139 4
136.237 129.778 54.914 18 9 4 139 4
136.237 129.778 54.914 19 9 4 139 4
136.237 129.778 54.914 20 9 4 139 4
322.827 28.449 261.452 1 10 4 134 4
322.827 28.449 261.452 2 10 4 134 4
322.827 28.449 261.452 3 10 4 134 4
322.827 28.449 261.452 4 10 4 134 4
322.827 28.449 261.452 5 10 4 134 4
171.287 87.624 101.033 6 10 4 133 3
171.287 87.624 101.033 7 10 4 133 3
171.287 87.624 101.033 8 10 4 133 3
171.287 87.624 101.033 9 10 4 133 3
171.287 87.624 101.033 10 10 4 133 3
171.287 87.624 101.033 11 10 4 133 3
171.287 87.624 101.033 12 10 4 133 3
171.287 87.624 101.033 13 10 4 133 3
171.287 87.624 101.033 14 10 4 133 3
136.237 129.778 54.914 15 10 4 139 4
136.237 129.778 54.914 16 10 4 139 4
136.237 129.778 54.914 17 10 4 139 4
136.237 129.778 54.914 18 10 4 139 4
136.237 129.778 54.914 19 10 4 139 4
136.237 129.778 54.914 20 10 4 139 4
322.827 28.449 261.452 1 11 4 134 4
322.827 28.449 261.452 2 11 4 134 4
322.827 28.449 261.452 3 11 4 134 4
322.827 28.449 261.452 4 11 4 134 4
322.827 28.449 261.452 5 11 4 134 4
171.287 87.624 101.033 6 11 4 133 3
171.287 87.624 101.033 7 11 4 133 3
171.287 87.624 101.033 8 11 4 133 3
171.287 87.624 101.033 9 11 4 133 3
171.287 87.624 101.033 10 11 4 133 3
171.287 87.624 101.033 11 11 4 133 3
171.287 87.624 101.033 12 11 4 133 3
171.287 87.624 101.033 13 11 4 133 3
136.237 129.778 54.914 14 11 4 139 4
136.237 129.778 54.914 15 11 4 139 4
136.237 129.778 54.914 16 11 4 139 4
136.237 129.778 54.914 17 11 4 139 4
136.237 129.778 54.914 18 11 4 139 4
136.237 129.778 54.914 19 11 4 139 4
136.237 129.778 54.914 20 11 4 139 4
322.827 28.449 261.452 1 12 4 134 4
322.827 28.449 261.452 2 12 4 134 4
322.827 28.449 261.452 3 12 4 134 4
322.827 28.449 261.452 4 12 4 134 4
322.827 28.449 261.452 5 12 4 134 4
322.827 28.449 261.452 6 12 4 134 4
322.827 28.449 261.452 7 12 4 134 4
171.287 87.624 101.033 8 12 4 133 3
171.287 87.624 101.033 9 12 4 133 3
171.287 87.624 101.033 10 12 4 133 3
171.287 87.624 101.033 11 12 4 133 3
171.287 87.624 101.033 12 12 4 133 3
171.287 87.624 101.033 13 12 4 133 3
136.237 129.778 54.914 14 12 4 139 4
136.237 129.778 54.914 15 12 4 139 4
136.237 129.778 54.914 16 12 4 139 4
136.237 129.778 54.914 17 12 4 139 4
136.237 129.778 54.914 18 12 4 139 4
136.237 129.778 54.914 19 12 4 139 4
136.237 129.778 54.914 20 12 4 139 4
322.827 28.449 261.452 1 13 4 134 4
322.827 28.449 261.452 2 13 4 134 4
322.827 28.449 261.452 3 13 4 134 4
322.827 28.449 261.452 4 13 4 134 4
322.827 28.449 261.452 5 13 4 134 4
322.827 28.449 261.452 6 13 4 134 4
322.827 28.449 261.452 7 13 4 134 4
171.287 87.624 101.033 8 13 4 133 3
171.287 87.624 101.033 9 13 4 133 3
171.287 87.624 101.033 10 13 4 133 3
297.097 106.929 3.357 11 13 4 102 2
297.097 106.929 3.357 12 13 4 102 2
136.237 129.778 54.914 13 13 4 139 4
136.237 129.778 54.914 14 13 4 139 4
136.237 129.778 54.914 15 13 4 139 4
136.237 129.778 54.914 16 13 4 139 4
136.237 129.778 54.914 17 13 4 139 4
136.237 129.778 54.914 18 13 4 139 4
136.237 129.778 54.914 19 13 4 139 4
136.237 129.778 54.914 20 13 4 139 4
322.827 28.449 261.452 1 14 4 134 4
322.827 28.449 261.452 2 14 4 134 4
322.827 28.449 261.452 3 14 4 134 4
322.827 28.449 261.452 4 14 4 134 4
322.827 28.449 261.452 5 14 4 134 4
322.827 28.449 261.452 6 14 4 134 4
322.827 28.449 261.452 7 14 4 134 4
297.097 106.929 3.357 8 14 4 102 2
297.097 106.929 3.357 9 14 4 102 2
297.097 106.929 3.357 10 14 4 102 2
297.097 106.929 3.357 11 14 4 102 2
297.097 106.929 3.357 12 14 4 102 2
136.237 129.778 54.914 13 14 4 139 4
136.237 129.778 54.914 14 14 4 139 4
136.237 129.778 54.914 15 14 4 139 4
136.237 129.778 54.914 16 14 4 139 4
136.237 129.778 54.914 17 14 4 139 4
136.237 129.778 54.914 18 14 4 139 4
136.237 129.778 54.914 19 14 4 139 4
136.237 129.778 54.914 20 14 4 139 4
322.827 28.449 261.452 1 15 4 134 4
322.827 28.449 261.452 2 15 4 134 4
322.827 28.449 261.452 3 15 4 134 4
322.827 28.449 261.452 4 15 4 134 4
322.827 28.449 261.452 5 15 4 134 4
322.827 28.449 261.452 6 15 4 134 4
297.097 106.929 3.357 7 15 4 102 2
297.097 106.929 3.357 8 15 4 102 2
297.097 106.929 3.357 9 15 4 102 2
297.097 106.929 3.357 10 15 4 102 2
297.097 106.929 3.357 11 15 4 102 2
297.097 106.929 3.357 12 15 4 102 2
136.237 129.778 54.914 13 15 4 139 4
136.237 129.778 54.914 14 15 4 139 4
136.237 129.778 54.914 15 15 4 139 4
136.237 129.778 54.914 16 15 4 139 4
136.237 129.778 54.914 17 15 4 139 4
136.237 129.778 54.914 18 15 4 139 4
136.237 129.778 54.914 19 15 4 139 4
136.237 129.778 54.914 20 15 4 139 4
322.827 28.449 261.452 1 16 4 134 4
322.827 28.449 261.452 2 16 4 134 4
322.827 28.449 261.452 3 16 4 134 4
322.827 28.449 261.452 4 16 4 134 4
322.827 28.449 261.452 5 16 4 134 4
322.827 28.449 261.452 6 16 4 134 4
308.154 9.737 264.914 7 16 4 127 2
308.154 9.737 264.914 8 16 4 127 2
297.097 106.929 3.357 9 16 4 102 2
297.097 106.929 3.357 10 16 4 102 2
297.097 106.929 3.357 11 16 4 102 2
332.987 78.512 318.603 12 16 4 56 1
332.987 78.512 318.603 13 16 4 56 1
136.237 129.778 54.914 14 16 4 139 4
136.237 129.778 54.914 15 16 4 139 4
136.237 129.778 54.914 16 16 4 139 4
136.237 129.778 54.914 17 16 4 139 4
136.237 129.778 54.914 18 16 4 139 4
136.237 129.778 54.914 19 16 4 139 4
136.237 129.778 54.914 20 16 4 139 4
322.827 28.449 261.452 1 17 4 134 4
322.827 28.449 261.452 2 17 4 134 4
322.827 28.449 261.452 3 17 4 134 4
322.827 28.449 261.452 4 17 4 134 4
322.827 28.449 261.452 5 17 4 134 4
308.154 9.737 264.914 6 17 4 127 2
308.154 9.737 264.914 7 17 4 127 2
308.154 9.737 264.914 8 17 4 127 2
308.154 9.737 264.914 9 17 4 127 2
308.154 9.737 264.914 10 17 4 127 2
41.684 107.571 156.197 11 17 4 168 4
41.684 107.571 156.197 12 17 4 168 4
41.684 107.571 156.197 13 17 4 168 4
41.684 107.571 156.197 14 17 4 168 4
136.237 129.778 54.914 15 17 4 139 4
136.237 129.778 54.914 16 17 4 139 4
136.237 129.778 54.914 17 17 4 139 4
136.237 129.778 54.914 18 17 4 139 4
136.237 129.778 54.914 19 17 4 139 4
136.237 129.778 54.914 20 17 4 139 4
322.827 28.449 261.452 1 18 4 134 4
322.827 28.449 261.452 2 18 4 134 4
322.827 28.449 261.452 3 18 4 134 4
119.423 22.729 105.171 4 18 4 33 1
308.154 9.737 264.914 5 18 4 127 2
308.154 9.737 264.914 6 18 4 127 2
308.154 9.737 264.914 7 18 4 127 2
308.154 9.737 264.914 8 18 4 127 2
308.154 9.737 264.914 9 18 4 127 2
308.154 9.737 264.914 10 18 4 127 2
41.684 107.571 156.197 11 18 4 168 4
41.684 107.571 156.197 12 18 4 168 4
41.684 107.571 156.197 13 18 4 168 4
41.684 107.571 156.197 14 18 4 168 4
41.684 107.571 156.197 15 18 4 168 4
41.684 107.571 156.197 16 18 4 168 4
136.237 129.778 54.914 17 18 4 139 4
136.237 129.778 54.914 18 18 4 139 4
136.237 129.778 54.914 19 18 4 139 4
136.237 129.778 54.914 20 18 4 139 4
322.827 28.449 261.452 1 19 4 134 4
217.133 95.781 309.260 2 19 4 114 2
217.133 95.781 309.260 3 19 4 114 2
119.423 22.729 105.171 4 19 4 33 1
119.423 22.729 105.171 5 19 4 33 1
197.770 98.697 95.352 6 19 4 109 2
197.770 98.697 95.352 7 19 4 109 2
197.770 98.697 95.352 8 19 4 109 2
197.770 98.697 95.352 9 19 4 109 2
197.770 98.697 95.352 10 19 4 109 2
41.684 107.571 156.197 11 19 4 168 4
41.684 107.571 156.197 12 19 4 168 4
41.684 107.571 156.197 13 19 4 168 4
41.684 107.571 156.197 14 19 4 168 4
41.684 107.571 156.197 15 19 4 168 4
41.684 107.571 156.197 16 19 4 168 4
41.684 107.571 156.197 17 19 4 168 4
136.237 129.778 54.914 18 19 4 139 4
136.237 129.778 54.914 19 19 4 139 4
136.237 129.778 54.914 20 19 4 139 4
322.827 28.449 261.452 1 20 4 134 4
217.133 95.781 309.260 2 20 4 114 2
217.133 95.781 309.260 3 20 4 114 2
119.423 22.729 105.171 4 20 4 33 1
119.423 22.729 105.171 5 20 4 33 1
197.770 98.697 95.352 6 20 4 109 2
197.770 98.697 95.352 7 20 4 109 2
197.770 98.697 95.352 8 20 4 109 2
197.770 98.697 95.352 9 20 4 109 2
197.770 98.697 95.352 10 20 4 109 2
41.684 107.571 156.197 11 20 4 168 4
41.684 107.571 156.197 12 20 4 168 4
41.684 107.571 156.197 13 20 4 168 4
41.684 107.571 156.197 14 20 4 168 4
41.684 107.571 156.197 15 20 4 168 4
41.684 107.571 156.197 16 20 4 168 4
41.684 107.571 156.197 17 20 4 168 4
136.237 129.778 54.914 18 20 4 139 4
136.237 129.778 54.914 19 20 4 139 4
136.237 129.778 54.914 20 20 4 139 4
