60.084 61.487 246.188 1 1 3 93 3
28.946 147.257 342.782 2 1 3 62 1
28.946 147.257 342.782 3 1 3 62 1
4.837 92.286 239.150 4 1 3 98 4
4.837 92.286 239.150 5 1 3 98 4
4.837 92.286 239.150 6 1 3 98 4
4.837 92.286 239.150 7 1 3 98 4
4.837 92.286 239.150 8 1 3 98 4
4.837 92.286 239.150 9 1 3 98 4
4.837 92.286 239.150 10 1 3 98 4
4.837 92.286 239.150 11 1 3 98 4
4.837 92.286 239.150 12 1 3 98 4
4.837 92.286 239.150 13 1 3 98 4
4.837 92.286 239.150 14 1 3 98 4
4.837 92.286 239.150 15 1 3 98 4
4.837 92.286 239.150 16 1 3 98 4
4.837 92.286 239.150 17 1 3 98 4
305.525 61.547 137.087 18 1 3 20 1
305.525 61.547 137.087 19 1 3 20 1
305.525 61.547 137.087 20 1 3 20 1
60.084 61.487 246.188 1 2 3 93 3
28.946 147.257 342.782 2 2 3 62 1
28.946 147.257 342.782 3 2 3 62 1
28.946 147.257 342.782 4 2 3 62 1
4.837 92.286 239.150 5 2 3 98 4
4.837 92.286 239.150 6 2 3 98 4
4.837 92.286 239.150 7 2 3 98 4
4.837 92.286 239.150 8 2 3 98 4
4.837 92.286 239.150 9 2 3 98 4
4.837 92.286 239.150 10 2 3 98 4
4.837 92.286 239.150 11 2 3 98 4
4.837 92.286 239.150 12 2 3 98 4
4.837 92.286 239.150 13 2 3 98 4
4.837 92.286 239.150 14 2 3 98 4
4.837 92.286 239.150 15 2 3 98 4
4.837 92.286 239.150 16 2 3 98 4
4.837 92.286 239.150 17 2 3 98 4
305.525 61.547 137.087 18 2 3 20 1
305.525 61.547 137.087 19 2 3 20 1
54.800 22.980 168.274 20 2 3 61 1
60.084 61.487 246.188 1 3 3 93 3
28.946 147.257 342.782 2 3 3 62 1
28.946 147.257 342.782 3 3 3 62 1
28.946 147.257 342.782 4 3 3 62 1
4.837 92.286 239.150 5 3 3 98 4
4.837 92.286 239.150 6 3 3 98 4
4.837 92.286 239.150 7 3 3 98 4
4.837 92.286 239.150 8 3 3 98 4
4.837 92.286 239.150 9 3 3 98 4
4.837 92.286 239.150 10 3 3 98 4
4.837 92.286 239.150 11 3 3 98 4
4.837 92.286 239.150 12 3 3 98 4
4.837 92.286 239.150 13 3 3 98 4
4.837 92.286 239.150 14 3 3 98 4
4.837 92.286 239.150 15 3 3 98 4
4.837 92.286 239.150 16 3 3 98 4
4.837 92.286 239.150 17 3 3 98 4
4.837 92.286 239.150 18 3 3 98 4
4.837 92.286 239.150 19 3 3 98 4
54.800 22.980 168.274 20 3 3 61 1
60.084 61.487 246.188 1 4 3 93 3
60.084 61.487 246.188 2 4 3 93 3
28.946 147.257 342.782 3 4 3 62 1
4.837 92.286 239.150 4 4 3 98 4
4.837 92.286 239.150 5 4 3 98 4
4.837 92.286 239.150 6 4 3 98 4
4.837 92.286 239.150 7 4 3 98 4
4.837 92.286 239.150 8 4 3 98 4
4.837 92.286 239.150 9 4 3 98 4
4.837 92.286 239.150 10 4 3 98 4
4.837 92.286 239.150 11 4 3 98 4
4.837 92.286 239.150 12 4 3 98 4
4.837 92.286 239.150 13 4 3 98 4
4.837 92.286 239.150 14 4 3 98 4
4.837 92.286 239.150 15 4 3 98 4
4.837 92.286 239.150 16 4 3 98 4
4.837 92.286 239.150 17 4 3 98 4
4.837 92.286 239.150 18 4 3 98 4
4.837 92.286 239.150 19 4 3 98 4
54.800 22.980 168.274 20 4 3 61 1
60.084 61.487 246.188 1 5 3 93 3
60.084 61.487 246.188 2 5 3 93 3
60.084 61.487 246.188 3 5 3 93 3
4.837 92.286 239.150 4 5 3 98 4
4.837 92.286 239.150 5 5 3 98 4
4.837 92.286 239.150 6 5 3 98 4
4.837 92.286 239.150 7 5 3 98 4
4.837 92.286 239.150 8 5 3 98 4
4.837 92.286 239.150 9 5 3 98 4
4.837 92.286 239.150 10 5 3 98 4
4.837 92.286 239.150 11 5 3 98 4
4.837 92.286 239.150 12 5 3 98 4
4.837 92.286 239.150 13 5 3 98 4
4.837 92.286 239.150 14 5 3 98 4
4.837 92.286 239.150 15 5 3 98 4
4.837 92.286 239.150 16 5 3 98 4
4.837 92.286 239.150 17 5 3 98 4
4.837 92.286 239.150 18 5 3 98 4
4.837 92.286 239.150 19 5 3 98 4
54.800 22.980 168.274 20 5 3 61 1
60.084 61.487 246.188 1 6 3 93 3
60.084 61.487 246.188 2 6 3 93 3
60.084 61.487 246.188 3 6 3 93 3
4.837 92.286 239.150 4 6 3 98 4
4.837 92.286 239.150 5 6 3 98 4
4.837 92.286 239.150 6 6 3 98 4
4.837 92.286 239.150 7 6 3 98 4
4.837 92.286 239.150 8 6 3 98 4
4.837 92.286 239.150 9 6 3 98 4
4.837 92.286 239.150 10 6 3 98 4
4.837 92.286 239.150 11 6 3 98 4
4.837 92.286 239.150 12 6 3 98 4
4.837 92.286 239.150 13 6 3 98 4
4.837 92.286 239.150 14 6 3 98 4
4.837 92.286 239.150 15 6 3 98 4
4.837 92.286 239.150 16 6 3 98 4
4.837 92.286 239.150 17 6 3 98 4
4.837 92.286 239.150 18 6 3 98 4
4.837 92.286 239.150 19 6 3 98 4
4.837 92.286 239.150 20 6 3 98 4
60.084 61.487 246.188 1 7 3 93 3
60.084 61.487 246.188 2 7 3 93 3
60.084 61.487 246.188 3 7 3 93 3
4.837 92.286 239.150 4 7 3 98 4
4.837 92.286 239.150 5 7 3 98 4
4.837 92.286 239.150 6 7 3 98 4
4.837 92.286 239.150 7 7 3 98 4
4.837 92.286 239.150 8 7 3 98 4
4.837 92.286 239.150 9 7 3 98 4
4.837 92.286 239.150 10 7 3 98 4
4.837 92.286 239.150 11 7 3 98 4
4.837 92.286 239.150 12 7 3 98 4
4.837 92.286 239.150 13 7 3 98 4
4.837 92.286 239.150 14 7 3 98 4
4.837 92.286 239.150 15 7 3 98 4
4.837 92.286 239.150 16 7 3 98 4
4.837 92.286 239.150 17 7 3 98 4
4.837 92.286 239.150 18 7 3 98 4
4.837 92.286 239.150 19 7 3 98 4
4.837 92.286 239.150 20 7 3 98 4
60.084 61.487 246.188 1 8 3 93 3
60.084 61.487 246.188 2 8 3 93 3
60.084 61.487 246.188 3 8 3 93 3
4.837 92.286 239.150 4 8 3 98 4
4.837 92.286 239.150 5 8 3 98 4
4.837 92.286 239.150 6 8 3 98 4
4.837 92.286 239.150 7 8 3 98 4
4.837 92.286 239.150 8 8 3 98 4
4.837 92.286 239.150 9 8 3 98 4
4.837 92.286 239.150 10 8 3 98 4
4.837 92.286 239.150 11 8 3 98 4
4.837 92.286 239.150 12 8 3 98 4
4.837 92.286 239.150 13 8 3 98 4
4.837 92.286 239.150 14 8 3 98 4
4.837 92.286 239.150 15 8 3 98 4
4.837 92.286 239.150 16 8 3 98 4
4.837 92.286 239.150 17 8 3 98 4
4.837 92.286 239.150 18 8 3 98 4
4.837 92.286 239.150 19 8 3 98 4
4.837 92.286 239.150 20 8 3 98 4
60.084 61.487 246.188 1 9 3 93 3
60.084 61.487 246.188 2 9 3 93 3
60.084 61.487 246.188 3 9 3 93 3
60.084 61.487 246.188 4 9 3 93 3
4.837 92.286 239.150 5 9 3 98 4
4.837 92.286 239.150 6 9 3 98 4
4.837 92.286 239.150 7 9 3 98 4
4.837 92.286 239.150 8 9 3 98 4
4.837 92.286 239.150 9 9 3 98 4
4.837 92.286 239.150 10 9 3 98 4
4.837 92.286 239.150 11 9 3 98 4
4.837 92.286 239.150 12 9 3 98 4
4.837 92.286 239.150 13 9 3 98 4
4.837 92.286 239.150 14 9 3 98 4
4.837 92.286 239.150 15 9 3 98 4
4.837 92.286 239.150 16 9 3 98 4
4.837 92.286 239.150 17 9 3 98 4
4.837 92.286 239.150 18 9 3 98 4
4.837 92.286 239.150 19 9 3 98 4
4.837 92.286 239.150 20 9 3 98 4
60.084 61.487 246.188 1 10 3 93 3
60.084 61.487 246.188 2 10 3 93 3
60.084 61.487 246.188 3 10 3 93 3
60.084 61.487 246.188 4 10 3 93 3
4.837 92.286 239.150 5 10 3 98 4
4.837 92.286 239.150 6 10 3 98 4
4.837 92.286 239.150 7 10 3 98 4
4.837 92.286 239.150 8 10 3 98 4
4.837 92.286 239.150 9 10 3 98 4
4.837 92.286 239.150 10 10 3 98 4
4.837 92.286 239.150 11 10 3 98 4
4.837 92.286 239.150 12 10 3 98 4
4.837 92.286 239.150 13 10 3 98 4
4.837 92.286 239.150 14 10 3 98 4
4.837 92.286 239.150 15 10 3 98 4
4.837 92.286 239.150 16 10 3 98 4
4.837 92.286 239.150 17 10 3 98 4
4.837 92.286 239.150 18 10 3 98 4
4.837 92.286 239.150 19 10 3 98 4
4.837 92.286 239.150 20 10 3 98 4
60.084 61.487 246.188 1 11 3 93 3
60.084 61.487 246.188 2 11 3 93 3
60.084 61.487 246.188 3 11 3 93 3
60.084 61.487 246.188 4 11 3 93 3
4.837 92.286 239.150 5 11 3 98 4
4.837 92.286 239.150 6 11 3 98 4
4.837 92.286 239.150 7 11 3 98 4
4.837 92.286 239.150 8 11 3 98 4
4.837 92.286 239.150 9 11 3 98 4
4.837 92.286 239.150 10 11 3 98 4
4.837 92.286 239.150 11 11 3 98 4
4.837 92.286 239.150 12 11 3 98 4
4.837 92.286 239.150 13 11 3 98 4
4.837 92.286 239.150 14 11 3 98 4
4.837 92.286 239.150 15 11 3 98 4
4.837 92.286 239.150 16 11 3 98 4
4.837 92.286 239.150 17 11 3 98 4
4.837 92.286 239.150 18 11 3 98 4
4.837 92.286 239.150 19 11 3 98 4
288.843 104.023 11.985 20 11 3 30 1
60.084 61.487 246.188 1 12 3 93 3
60.084 61.487 246.188 2 12 3 93 3
60.084 61.487 246.188 3 12 3 93 3
60.084 61.487 246.188 4 12 3 93 3
60.084 61.487 246.188 5 12 3 93 3
4.837 92.286 239.150 6 12 3 98 4
4.837 92.286 239.150 7 12 3 98 4
4.837 92.286 239.150 8 12 3 98 4
4.837 92.286 239.150 9 12 3 98 4
4.837 92.286 239.150 10 12 3 98 4
4.837 92.286 239.150 11 12 3 98 4
4.837 92.286 239.150 12 12 3 98 4
4.837 92.286 239.150 13 12 3 98 4
4.837 92.286 239.150 14 12 3 98 4
4.837 92.286 239.150 15 12 3 98 4
4.837 92.286 239.150 16 12 3 98 4
4.837 92.286 239.150 17 12 3 98 4
4.837 92.286 239.150 18 12 3 98 4
288.843 104.023 11.985 19 12 3 30 1
288.843 104.023 11.985 20 12 3 30 1
60.084 61.487 246.188 1 13 3 93 3
60.084 61.487 246.188 2 13 3 93 3
60.084 61.487 246.188 3 13 3 93 3
60.084 61.487 246.188 4 13 3 93 3
60.084 61.487 246.188 5 13 3 93 3
4.837 92.286 239.150 6 13 3 98 4
4.837 92.286 239.150 7 13 3 98 4
4.837 92.286 239.150 8 13 3 98 4
4.837 92.286 239.150 9 13 3 98 4
4.837 92.286 239.150 10 13 3 98 4
4.837 92.286 239.150 11 13 3 98 4
4.837 92.286 239.150 12 13 3 98 4
4.837 92.286 239.150 13 13 3 98 4
4.837 92.286 239.150 14 13 3 98 4
4.837 92.286 239.150 15 13 3 98 4
4.837 92.286 239.150 16 13 3 98 4
4.837 92.286 239.150 17 13 3 98 4
4.837 92.286 239.150 18 13 3 98 4
4.837 92.286 239.150 19 13 3 98 4
288.843 104.023 11.985 20 13 3 30 1
60.084 61.487 246.188 1 14 3 93 3
60.084 61.487 246.188 2 14 3 93 3
60.084 61.487 246.188 3 14 3 93 3
60.084 61.487 246.188 4 14 3 93 3
60.084 61.487 246.188 5 14 3 93 3
4.837 92.286 239.150 6 14 3 98 4
4.837 92.286 239.150 7 14 3 98 4
4.837 92.286 239.150 8 14 3 98 4
4.837 92.286 239.150 9 14 3 98 4
4.837 92.286 239.150 10 14 3 98 4
4.837 92.286 239.150 11 14 3 98 4
4.837 92.286 239.150 12 14 3 98 4
4.837 92.286 239.150 13 14 3 98 4
4.837 92.286 239.150 14 14 3 98 4
4.837 92.286 239.150 15 14 3 98 4
4.837 92.286 239.150 16 14 3 98 4
4.837 92.286 239.150 17 14 3 98 4
4.837 92.286 239.150 18 14 3 98 4
4.837 92.286 239.150 19 14 3 98 4
4.837 92.286 239.150 20 14 3 98 4
60.084 61.487 246.188 1 15 3 93 3
60.084 61.487 246.188 2 15 3 93 3
60.084 61.487 246.188 3 15 3 93 3
60.084 61.487 246.188 4 15 3 93 3
60.084 61.487 246.188 5 15 3 93 3
60.084 61.487 246.188 6 15 3 93 3
4.837 92.286 239.150 7 15 3 98 4
4.837 92.286 239.150 8 15 3 98 4
4.837 92.286 239.150 9 15 3 98 4
4.837 92.286 239.150 10 15 3 98 4
4.837 92.286 239.150 11 15 3 98 4
4.837 92.286 239.150 12 15 3 98 4
4.837 92.286 239.150 13 15 3 98 4
4.837 92.286 239.150 14 15 3 98 4
4.837 92.286 239.150 15 15 3 98 4
4.837 92.286 239.150 16 15 3 98 4
4.837 92.286 239.150 17 15 3 98 4
4.837 92.286 239.150 18 15 3 98 4
4.837 92.286 239.150 19 15 3 98 4
4.837 92.286 239.150 20 15 3 98 4
60.084 61.487 246.188 1 16 3 93 3
60.084 61.487 246.188 2 16 3 93 3
60.084 61.487 246.188 3 16 3 93 3
60.084 61.487 246.188 4 16 3 93 3
60.084 61.487 246.188 5 16 3 93 3
60.084 61.487 246.188 6 16 3 93 3
4.837 92.286 239.150 7 16 3 98 4
4.837 92.286 239.150 8 16 3 98 4
4.837 92.286 239.150 9 16 3 98 4
4.837 92.286 239.150 10 16 3 98 4
4.837 92.286 239.150 11 16 3 98 4
4.837 92.286 239.150 12 16 3 98 4
4.837 92.286 239.150 13 16 3 98 4
4.837 92.286 239.150 14 16 3 98 4
4.837 92.286 239.150 15 16 3 98 4
4.837 92.286 239.150 16 16 3 98 4
4.837 92.286 239.150 17 16 3 98 4
4.837 92.286 239.150 18 16 3 98 4
4.837 92.286 239.150 19 16 3 98 4
287.201 129.872 66.806 20 16 3 91 2
60.084 61.487 246.188 1 17 3 93 3
60.084 61.487 246.188 2 17 3 93 3
60.084 61.487 246.188 3 17 3 93 3
60.084 61.487 246.188 4 17 3 93 3
60.084 61.487 246.188 5 17 3 93 3
60.084 61.487 246.188 6 17 3 93 3
60.084 61.487 246.188 7 17 3 93 3
4.837 92.286 239.150 8 17 3 98 4
4.837 92.286 239.150 9 17 3 98 4
4.837 92.286 239.150 10 17 3 98 4
4.837 92.286 239.150 11 17 3 98 4
4.837 92.286 239.150 12 17 3 98 4
4.837 92.286 239.150 13 17 3 98 4
4.837 92.286 239.150 14 17 3 98 4
4.837 92.286 239.150 15 17 3 98 4
4.837 92.286 239.150 16 17 3 98 4
4.837 92.286 239.150 17 17 3 98 4
4.837 92.286 239.150 18 17 3 98 4
287.201 129.872 66.806 19 17 3 91 2
287.201 129.872 66.806 20 17 3 91 2
60.084 61.487 246.188 1 18 3 93 3
60.084 61.487 246.188 2 18 3 93 3
60.084 61.487 246.188 3 18 3 93 3
60.084 61.487 246.188 4 18 3 93 3
60.084 61.487 246.188 5 18 3 93 3
60.084 61.487 246.188 6 18 3 93 3
60.084 61.487 246.188 7 18 3 93 3
4.837 92.286 239.150 8 18 3 98 4
4.837 92.286 239.150 9 18 3 98 4
4.837 92.286 239.150 10 18 3 98 4
4.837 92.286 239.150 11 18 3 98 4
4.837 92.286 239.150 12 18 3 98 4
4.837 92.286 239.150 13 18 3 98 4
4.837 92.286 239.150 14 18 3 98 4
4.837 92.286 239.150 15 18 3 98 4
4.837 92.286 239.150 16 18 3 98 4
4.837 92.286 239.150 17 18 3 98 4
287.201 129.872 66.806 18 18 3 91 2
287.201 129.872 66.806 19 18 3 91 2
287.201 129.872 66.806 20 18 3 91 2
60.084 61.487 246.188 1 19 3 93 3
60.084 61.487 246.188 2 19 3 93 3
60.084 61.487 246.188 3 19 3 93 3
60.084 61.487 246.188 4 19 3 93 3
60.084 61.487 246.188 5 19 3 93 3
60.084 61.487 246.188 6 19 3 93 3
185.837 44.781 204.942 7 19 3 40 1
185.837 44.781 204.942 8 19 3 40 1
4.837 92.286 239.150 9 19 3 98 4
4.837 92.286 239.150 10 19 3 98 4
4.837 92.286 239.150 11 19 3 98 4
4.837 92.286 239.150 12 19 3 98 4
4.837 92.286 239.150 13 19 3 98 4
4.837 92.286 239.150 14 19 3 98 4
4.837 92.286 239.150 15 19 3 98 4
4.837 92.286 239.150 16 19 3 98 4
287.201 129.872 66.806 17 19 3 91 2
287.201 129.872 66.806 18 19 3 91 2
287.201 129.872 66.806 19 19 3 91 2
287.201 129.872 66.806 20 19 3 91 2
60.084 61.487 246.188 1 20 3 93 3
60.084 61.487 246.188 2 20 3 93 3
60.084 61.487 246.188 3 20 3 93 3
279.224 126.761 45.402 4 20 3 90 2
279.224 126.761 45.402 5 20 3 90 2
185.837 44.781 204.942 6 20 3 40 1
185.837 44.781 204.942 7 20 3 40 1
185.837 44.781 204.942 8 20 3 40 1
185.837 44.781 204.942 9 20 3 40 1
4.837 92.286 239.150 10 20 3 98 4
4.837 92.286 239.150 11 20 3 98 4
4.837 92.286 239.150 12 20 3 98 4
4.837 92.286 239.150 13 20 3 98 4
4.837 92.286 239.150 14 20 3 98 4
4.837 92.286 239.150 15 20 3 98 4
4.837 92.286 239.150 16 20 3 98 4
99.960 89.756 114.927 17 20 3 47 1
287.201 129.872 66.806 18 20 3 91 2
287.201 129.872 66.806 19 20 3 91 2
287.201 129.872 66.806 20 20 3 91 2
