65.874 137.616 43.353 1 1 8 103 1
65.874 137.616 43.353 2 1 8 103 1
65.874 137.616 43.353 3 1 8 103 1
4.837 92.286 239.150 4 1 8 98 4
4.837 92.286 239.150 5 1 8 98 4
4.837 92.286 239.150 6 1 8 98 4
4.837 92.286 239.150 7 1 8 98 4
4.837 92.286 239.150 8 1 8 98 4
4.837 92.286 239.150 9 1 8 98 4
4.837 92.286 239.150 10 1 8 98 4
4.837 92.286 239.150 11 1 8 98 4
4.837 92.286 239.150 12 1 8 98 4
4.837 92.286 239.150 13 1 8 98 4
4.837 92.286 239.150 14 1 8 98 4
4.837 92.286 239.150 15 1 8 98 4
4.837 92.286 239.150 16 1 8 98 4
4.837 92.286 239.150 17 1 8 98 4
235.279 58.378 131.812 18 1 8 92 2
235.279 58.378 131.812 19 1 8 92 2
235.279 58.378 131.812 20 1 8 92 2
33.779 88.597 10.950 1 2 8 26 1
33.779 88.597 10.950 2 2 8 26 1
65.874 137.616 43.353 3 2 8 103 1
4.837 92.286 239.150 4 2 8 98 4
4.837 92.286 239.150 5 2 8 98 4
4.837 92.286 239.150 6 2 8 98 4
4.837 92.286 239.150 7 2 8 98 4
4.837 92.286 239.150 8 2 8 98 4
4.837 92.286 239.150 9 2 8 98 4
4.837 92.286 239.150 10 2 8 98 4
4.837 92.286 239.150 11 2 8 98 4
4.837 92.286 239.150 12 2 8 98 4
4.837 92.286 239.150 13 2 8 98 4
4.837 92.286 239.150 14 2 8 98 4
4.837 92.286 239.150 15 2 8 98 4
4.837 92.286 239.150 16 2 8 98 4
4.837 92.286 239.150 17 2 8 98 4
4.837 92.286 239.150 18 2 8 98 4
235.279 58.378 131.812 19 2 8 92 2
235.279 58.378 131.812 20 2 8 92 2
33.779 88.597 10.950 1 3 8 26 1
33.779 88.597 10.950 2 3 8 26 1
4.837 92.286 239.150 3 3 8 98 4
4.837 92.286 239.150 4 3 8 98 4
4.837 92.286 239.150 5 3 8 98 4
4.837 92.286 239.150 6 3 8 98 4
4.837 92.286 239.150 7 3 8 98 4
4.837 92.286 239.150 8 3 8 98 4
4.837 92.286 239.150 9 3 8 98 4
4.837 92.286 239.150 10 3 8 98 4
4.837 92.286 239.150 11 3 8 98 4
4.837 92.286 239.150 12 3 8 98 4
4.837 92.286 239.150 13 3 8 98 4
4.837 92.286 239.150 14 3 8 98 4
4.837 92.286 239.150 15 3 8 98 4
4.837 92.286 239.150 16 3 8 98 4
4.837 92.286 239.150 17 3 8 98 4
4.837 92.286 239.150 18 3 8 98 4
235.279 58.378 131.812 19 3 8 92 2
235.279 58.378 131.812 20 3 8 92 2
33.779 88.597 10.950 1 4 8 26 1
352.985 104.902 72.883 2 4 8 8 1
4.837 92.286 239.150 3 4 8 98 4
4.837 92.286 239.150 4 4 8 98 4
4.837 92.286 239.150 5 4 8 98 4
4.837 92.286 239.150 6 4 8 98 4
4.837 92.286 239.150 7 4 8 98 4
4.837 92.286 239.150 8 4 8 98 4
4.837 92.286 239.150 9 4 8 98 4
4.837 92.286 239.150 10 4 8 98 4
4.837 92.286 239.150 11 4 8 98 4
4.837 92.286 239.150 12 4 8 98 4
4.837 92.286 239.150 13 4 8 98 4
4.837 92.286 239.150 14 4 8 98 4
4.837 92.286 239.150 15 4 8 98 4
4.837 92.286 239.150 16 4 8 98 4
4.837 92.286 239.150 17 4 8 98 4
4.837 92.286 239.150 18 4 8 98 4
235.279 58.378 131.812 19 4 8 92 2
235.279 58.378 131.812 20 4 8 92 2
352.985 104.902 72.883 1 5 8 8 1
352.985 104.902 72.883 2 5 8 8 1
352.985 104.902 72.883 3 5 8 8 1
4.837 92.286 239.150 4 5 8 98 4
4.837 92.286 239.150 5 5 8 98 4
4.837 92.286 239.150 6 5 8 98 4
4.837 92.286 239.150 7 5 8 98 4
4.837 92.286 239.150 8 5 8 98 4
4.837 92.286 239.150 9 5 8 98 4
4.837 92.286 239.150 10 5 8 98 4
4.837 92.286 239.150 11 5 8 98 4
4.837 92.286 239.150 12 5 8 98 4
4.837 92.286 239.150 13 5 8 98 4
4.837 92.286 239.150 14 5 8 98 4
4.837 92.286 239.150 15 5 8 98 4
4.837 92.286 239.150 16 5 8 98 4
4.837 92.286 239.150 17 5 8 98 4
4.837 92.286 239.150 18 5 8 98 4
235.279 58.378 131.812 19 5 8 92 2
235.279 58.378 131.812 20 5 8 92 2
352.985 104.902 72.883 1 6 8 8 1
352.985 104.902 72.883 2 6 8 8 1
352.985 104.902 72.883 3 6 8 8 1
4.837 92.286 239.150 4 6 8 98 4
4.837 92.286 239.150 5 6 8 98 4
4.837 92.286 239.150 6 6 8 98 4
4.837 92.286 239.150 7 6 8 98 4
4.837 92.286 239.150 8 6 8 98 4
4.837 92.286 239.150 9 6 8 98 4
4.837 92.286 239.150 10 6 8 98 4
4.837 92.286 239.150 11 6 8 98 4
4.837 92.286 239.150 12 6 8 98 4
4.837 92.286 239.150 13 6 8 98 4
4.837 92.286 239.150 14 6 8 98 4
4.837 92.286 239.150 15 6 8 98 4
4.837 92.286 239.150 16 6 8 98 4
4.837 92.286 239.150 17 6 8 98 4
4.837 92.286 239.150 18 6 8 98 4
4.837 92.286 239.150 19 6 8 98 4
235.279 58.378 131.812 20 6 8 92 2
300.029 54.614 202.304 1 7 8 35 1
300.029 54.614 202.304 2 7 8 35 1
300.029 54.614 202.304 3 7 8 35 1
4.837 92.286 239.150 4 7 8 98 4
4.837 92.286 239.150 5 7 8 98 4
4.837 92.286 239.150 6 7 8 98 4
4.837 92.286 239.150 7 7 8 98 4
4.837 92.286 239.150 8 7 8 98 4
4.837 92.286 239.150 9 7 8 98 4
4.837 92.286 239.150 10 7 8 98 4
4.837 92.286 239.150 11 7 8 98 4
4.837 92.286 239.150 12 7 8 98 4
4.837 92.286 239.150 13 7 8 98 4
4.837 92.286 239.150 14 7 8 98 4
4.837 92.286 239.150 15 7 8 98 4
4.837 92.286 239.150 16 7 8 98 4
4.837 92.286 239.150 17 7 8 98 4
4.837 92.286 239.150 18 7 8 98 4
4.837 92.286 239.150 19 7 8 98 4
235.279 58.378 131.812 20 7 8 92 2
300.029 54.614 202.304 1 8 8 35 1
300.029 54.614 202.304 2 8 8 35 1
4.837 92.286 239.150 3 8 8 98 4
4.837 92.286 239.150 4 8 8 98 4
4.837 92.286 239.150 5 8 8 98 4
4.837 92.286 239.150 6 8 8 98 4
4.837 92.286 239.150 7 8 8 98 4
4.837 92.286 239.150 8 8 8 98 4
4.837 92.286 239.150 9 8 8 98 4
4.837 92.286 239.150 10 8 8 98 4
4.837 92.286 239.150 11 8 8 98 4
4.837 92.286 239.150 12 8 8 98 4
4.837 92.286 239.150 13 8 8 98 4
4.837 92.286 239.150 14 8 8 98 4
4.837 92.286 239.150 15 8 8 98 4
4.837 92.286 239.150 16 8 8 98 4
4.837 92.286 239.150 17 8 8 98 4
4.837 92.286 239.150 18 8 8 98 4
4.837 92.286 239.150 19 8 8 98 4
235.279 58.378 131.812 20 8 8 92 2
60.084 61.487 246.188 1 9 8 93 3
300.029 54.614 202.304 2 9 8 35 1
4.837 92.286 239.150 3 9 8 98 4
4.837 92.286 239.150 4 9 8 98 4
4.837 92.286 239.150 5 9 8 98 4
4.837 92.286 239.150 6 9 8 98 4
4.837 92.286 239.150 7 9 8 98 4
4.837 92.286 239.150 8 9 8 98 4
4.837 92.286 239.150 9 9 8 98 4
4.837 92.286 239.150 10 9 8 98 4
4.837 92.286 239.150 11 9 8 98 4
4.837 92.286 239.150 12 9 8 98 4
4.837 92.286 239.150 13 9 8 98 4
4.837 92.286 239.150 14 9 8 98 4
4.837 92.286 239.150 15 9 8 98 4
4.837 92.286 239.150 16 9 8 98 4
4.837 92.286 239.150 17 9 8 98 4
4.837 92.286 239.150 18 9 8 98 4
4.837 92.286 239.150 19 9 8 98 4
4.837 92.286 239.150 20 9 8 98 4
60.084 61.487 246.188 1 10 8 93 3
60.084 61.487 246.188 2 10 8 93 3
4.837 92.286 239.150 3 10 8 98 4
4.837 92.286 239.150 4 10 8 98 4
4.837 92.286 239.150 5 10 8 98 4
4.837 92.286 239.150 6 10 8 98 4
4.837 92.286 239.150 7 10 8 98 4
4.837 92.286 239.150 8 10 8 98 4
4.837 92.286 239.150 9 10 8 98 4
4.837 92.286 239.150 10 10 8 98 4
4.837 92.286 239.150 11 10 8 98 4
4.837 92.286 239.150 12 10 8 98 4
4.837 92.286 239.150 13 10 8 98 4
4.837 92.286 239.150 14 10 8 98 4
4.837 92.286 239.150 15 10 8 98 4
4.837 92.286 239.150 16 10 8 98 4
4.837 92.286 239.150 17 10 8 98 4
4.837 92.286 239.150 18 10 8 98 4
4.837 92.286 239.150 19 10 8 98 4
4.837 92.286 239.150 20 10 8 98 4
60.084 61.487 246.188 1 11 8 93 3
60.084 61.487 246.188 2 11 8 93 3
4.837 92.286 239.150 3 11 8 98 4
4.837 92.286 239.150 4 11 8 98 4
4.837 92.286 239.150 5 11 8 98 4
4.837 92.286 239.150 6 11 8 98 4
4.837 92.286 239.150 7 11 8 98 4
4.837 92.286 239.150 8 11 8 98 4
4.837 92.286 239.150 9 11 8 98 4
4.837 92.286 239.150 10 11 8 98 4
4.837 92.286 239.150 11 11 8 98 4
4.837 92.286 239.150 12 11 8 98 4
4.837 92.286 239.150 13 11 8 98 4
4.837 92.286 239.150 14 11 8 98 4
4.837 92.286 239.150 15 11 8 98 4
4.837 92.286 239.150 16 11 8 98 4
4.837 92.286 239.150 17 11 8 98 4
4.837 92.286 239.150 18 11 8 98 4
4.837 92.286 239.150 19 11 8 98 4
4.837 92.286 239.150 20 11 8 98 4
60.084 61.487 246.188 1 12 8 93 3
60.084 61.487 246.188 2 12 8 93 3
4.837 92.286 239.150 3 12 8 98 4
4.837 92.286 239.150 4 12 8 98 4
4.837 92.286 239.150 5 12 8 98 4
4.837 92.286 239.150 6 12 8 98 4
4.837 92.286 239.150 7 12 8 98 4
4.837 92.286 239.150 8 12 8 98 4
4.837 92.286 239.150 9 12 8 98 4
4.837 92.286 239.150 10 12 8 98 4
4.837 92.286 239.150 11 12 8 98 4
4.837 92.286 239.150 12 12 8 98 4
4.837 92.286 239.150 13 12 8 98 4
4.837 92.286 239.150 14 12 8 98 4
4.837 92.286 239.150 15 12 8 98 4
4.837 92.286 239.150 16 12 8 98 4
4.837 92.286 239.150 17 12 8 98 4
4.837 92.286 239.150 18 12 8 98 4
4.837 92.286 239.150 19 12 8 98 4
4.837 92.286 239.150 20 12 8 98 4
60.084 61.487 246.188 1 13 8 93 3
60.084 61.487 246.188 2 13 8 93 3
60.084 61.487 246.188 3 13 8 93 3
4.837 92.286 239.150 4 13 8 98 4
4.837 92.286 239.150 5 13 8 98 4
4.837 92.286 239.150 6 13 8 98 4
4.837 92.286 239.150 7 13 8 98 4
4.837 92.286 239.150 8 13 8 98 4
4.837 92.286 239.150 9 13 8 98 4
4.837 92.286 239.150 10 13 8 98 4
4.837 92.286 239.150 11 13 8 98 4
4.837 92.286 239.150 12 13 8 98 4
4.837 92.286 239.150 13 13 8 98 4
4.837 92.286 239.150 14 13 8 98 4
4.837 92.286 239.150 15 13 8 98 4
4.837 92.286 239.150 16 13 8 98 4
4.837 92.286 239.150 17 13 8 98 4
4.837 92.286 239.150 18 13 8 98 4
4.837 92.286 239.150 19 13 8 98 4
4.837 92.286 239.150 20 13 8 98 4
60.084 61.487 246.188 1 14 8 93 3
60.084 61.487 246.188 2 14 8 93 3
60.084 61.487 246.188 3 14 8 93 3
4.837 92.286 239.150 4 14 8 98 4
4.837 92.286 239.150 5 14 8 98 4
4.837 92.286 239.150 6 14 8 98 4
4.837 92.286 239.150 7 14 8 98 4
4.837 92.286 239.150 8 14 8 98 4
4.837 92.286 239.150 9 14 8 98 4
4.837 92.286 239.150 10 14 8 98 4
4.837 92.286 239.150 11 14 8 98 4
4.837 92.286 239.150 12 14 8 98 4
4.837 92.286 239.150 13 14 8 98 4
4.837 92.286 239.150 14 14 8 98 4
4.837 92.286 239.150 15 14 8 98 4
4.837 92.286 239.150 16 14 8 98 4
4.837 92.286 239.150 17 14 8 98 4
4.837 92.286 239.150 18 14 8 98 4
4.837 92.286 239.150 19 14 8 98 4
4.837 92.286 239.150 20 14 8 98 4
60.084 61.487 246.188 1 15 8 93 3
60.084 61.487 246.188 2 15 8 93 3
60.084 61.487 246.188 3 15 8 93 3
4.837 92.286 239.150 4 15 8 98 4
4.837 92.286 239.150 5 15 8 98 4
4.837 92.286 239.150 6 15 8 98 4
4.837 92.286 239.150 7 15 8 98 4
4.837 92.286 239.150 8 15 8 98 4
4.837 92.286 239.150 9 15 8 98 4
4.837 92.286 239.150 10 15 8 98 4
4.837 92.286 239.150 11 15 8 98 4
4.837 92.286 239.150 12 15 8 98 4
4.837 92.286 239.150 13 15 8 98 4
4.837 92.286 239.150 14 15 8 98 4
4.837 92.286 239.150 15 15 8 98 4
4.837 92.286 239.150 16 15 8 98 4
4.837 92.286 239.150 17 15 8 98 4
4.837 92.286 239.150 18 15 8 98 4
4.837 92.286 239.150 19 15 8 98 4
4.837 92.286 239.150 20 15 8 98 4
60.084 61.487 246.188 1 16 8 93 3
60.084 61.487 246.188 2 16 8 93 3
60.084 61.487 246.188 3 16 8 93 3
60.084 61.487 246.188 4 16 8 93 3
4.837 92.286 239.150 5 16 8 98 4
4.837 92.286 239.150 6 16 8 98 4
4.837 92.286 239.150 7 16 8 98 4
4.837 92.286 239.150 8 16 8 98 4
4.837 92.286 239.150 9 16 8 98 4
4.837 92.286 239.150 10 16 8 98 4
4.837 92.286 239.150 11 16 8 98 4
4.837 92.286 239.150 12 16 8 98 4
4.837 92.286 239.150 13 16 8 98 4
4.837 92.286 239.150 14 16 8 98 4
4.837 92.286 239.150 15 16 8 98 4
4.837 92.286 239.150 16 16 8 98 4
4.837 92.286 239.150 17 16 8 98 4
4.837 92.286 239.150 18 16 8 98 4
4.837 92.286 239.150 19 16 8 98 4
4.837 92.286 239.150 20 16 8 98 4
60.084 61.487 246.188 1 17 8 93 3
60.084 61.487 246.188 2 17 8 93 3
60.084 61.487 246.188 3 17 8 93 3
60.084 61.487 246.188 4 17 8 93 3
4.837 92.286 239.150 5 17 8 98 4
4.837 92.286 239.150 6 17 8 98 4
4.837 92.286 239.150 7 17 8 98 4
4.837 92.286 239.150 8 17 8 98 4
4.837 92.286 239.150 9 17 8 98 4
4.837 92.286 239.150 10 17 8 98 4
4.837 92.286 239.150 11 17 8 98 4
4.837 92.286 239.150 12 17 8 98 4
4.837 92.286 239.150 13 17 8 98 4
4.837 92.286 239.150 14 17 8 98 4
4.837 92.286 239.150 15 17 8 98 4
4.837 92.286 239.150 16 17 8 98 4
4.837 92.286 239.150 17 17 8 98 4
4.837 92.286 239.150 18 17 8 98 4
4.837 92.286 239.150 19 17 8 98 4
4.837 92.286 239.150 20 17 8 98 4
60.084 61.487 246.188 1 18 8 93 3
60.084 61.487 246.188 2 18 8 93 3
60.084 61.487 246.188 3 18 8 93 3
60.084 61.487 246.188 4 18 8 93 3
4.837 92.286 239.150 5 18 8 98 4
4.837 92.286 239.150 6 18 8 98 4
4.837 92.286 239.150 7 18 8 98 4
4.837 92.286 239.150 8 18 8 98 4
4.837 92.286 239.150 9 18 8 98 4
4.837 92.286 239.150 10 18 8 98 4
4.837 92.286 239.150 11 18 8 98 4
4.837 92.286 239.150 12 18 8 98 4
4.837 92.286 239.150 13 18 8 98 4
4.837 92.286 239.150 14 18 8 98 4
4.837 92.286 239.150 15 18 8 98 4
4.837 92.286 239.150 16 18 8 98 4
4.837 92.286 239.150 17 18 8 98 4
4.837 92.286 239.150 18 18 8 98 4
4.837 92.286 239.150 19 18 8 98 4
4.837 92.286 239.150 20 18 8 98 4
60.084 61.487 246.188 1 19 8 93 3
60.084 61.487 246.188 2 19 8 93 3
60.084 61.487 246.188 3 19 8 93 3
60.084 61.487 246.188 4 19 8 93 3
60.084 61.487 246.188 5 19 8 93 3
10.572 102.644 18.053 6 19 8 94 4
4.837 92.286 239.150 7 19 8 98 4
4.837 92.286 239.150 8 19 8 98 4
4.837 92.286 239.150 9 19 8 98 4
4.837 92.286 239.150 10 19 8 98 4
4.837 92.286 239.150 11 19 8 98 4
4.837 92.286 239.150 12 19 8 98 4
4.837 92.286 239.150 13 19 8 98 4
4.837 92.286 239.150 14 19 8 98 4
4.837 92.286 239.150 15 19 8 98 4
4.837 92.286 239.150 16 19 8 98 4
4.837 92.286 239.150 17 19 8 98 4
4.837 92.286 239.150 18 19 8 98 4
4.837 92.286 239.150 19 19 8 98 4
4.837 92.286 239.150 20 19 8 98 4
60.084 61.487 246.188 1 20 8 93 3
60.084 61.487 246.188 2 20 8 93 3
60.084 61.487 246.188 3 20 8 93 3
88.640 114.630 261.259 4 20 8 5 1
10.572 102.644 18.053 5 20 8 94 4
328.054 48.565 88.547 6 20 8 81 2
4.837 92.286 239.150 7 20 8 98 4
4.837 92.286 239.150 8 20 8 98 4
4.837 92.286 239.150 9 20 8 98 4
4.837 92.286 239.150 10 20 8 98 4
4.837 92.286 239.150 11 20 8 98 4
4.837 92.286 239.150 12 20 8 98 4
4.837 92.286 239.150 13 20 8 98 4
4.837 92.286 239.150 14 20 8 98 4
4.837 92.286 239.150 15 20 8 98 4
4.837 92.286 239.150 16 20 8 98 4
4.837 92.286 239.150 17 20 8 98 4
4.837 92.286 239.150 18 20 8 98 4
4.837 92.286 239.150 19 20 8 98 4
4.837 92.286 239.150 20 20 8 98 4
