307.972 112.810 183.606 1 1 15 97 4
307.972 112.810 183.606 2 1 15 97 4
307.972 112.810 183.606 3 1 15 97 4
118.447 129.810 323.013 4 1 15 10 1
295.407 40.510 86.615 5 1 15 48 1
295.407 40.510 86.615 6 1 15 48 1
295.407 40.510 86.615 7 1 15 48 1
295.407 40.510 86.615 8 1 15 48 1
295.407 40.510 86.615 9 1 15 48 1
295.407 40.510 86.615 10 1 15 48 1
295.407 40.510 86.615 11 1 15 48 1
261.832 161.592 164.132 12 1 15 95 4
261.832 161.592 164.132 13 1 15 95 4
261.832 161.592 164.132 14 1 15 95 4
261.832 161.592 164.132 15 1 15 95 4
261.832 161.592 164.132 16 1 15 95 4
261.832 161.592 164.132 17 1 15 95 4
261.832 161.592 164.132 18 1 15 95 4
261.832 161.592 164.132 19 1 15 95 4
261.832 161.592 164.132 20 1 15 95 4
307.972 112.810 183.606 1 2 15 97 4
307.972 112.810 183.606 2 2 15 97 4
307.972 112.810 183.606 3 2 15 97 4
118.447 129.810 323.013 4 2 15 10 1
295.407 40.510 86.615 5 2 15 48 1
295.407 40.510 86.615 6 2 15 48 1
295.407 40.510 86.615 7 2 15 48 1
295.407 40.510 86.615 8 2 15 48 1
295.407 40.510 86.615 9 2 15 48 1
346.148 40.759 346.746 10 2 15 59 1
4.837 92.286 239.150 11 2 15 98 4
261.832 161.592 164.132 12 2 15 95 4
261.832 161.592 164.132 13 2 15 95 4
261.832 161.592 164.132 14 2 15 95 4
261.832 161.592 164.132 15 2 15 95 4
261.832 161.592 164.132 16 2 15 95 4
261.832 161.592 164.132 17 2 15 95 4
261.832 161.592 164.132 18 2 15 95 4
261.832 161.592 164.132 19 2 15 95 4
261.832 161.592 164.132 20 2 15 95 4
307.972 112.810 183.606 1 3 15 97 4
307.972 112.810 183.606 2 3 15 97 4
307.972 112.810 183.606 3 3 15 97 4
118.447 129.810 323.013 4 3 15 10 1
295.407 40.510 86.615 5 3 15 48 1
295.407 40.510 86.615 6 3 15 48 1
295.407 40.510 86.615 7 3 15 48 1
295.407 40.510 86.615 8 3 15 48 1
4.837 92.286 239.150 9 3 15 98 4
4.837 92.286 239.150 10 3 15 98 4
4.837 92.286 239.150 11 3 15 98 4
4.837 92.286 239.150 12 3 15 98 4
261.832 161.592 164.132 13 3 15 95 4
261.832 161.592 164.132 14 3 15 95 4
261.832 161.592 164.132 15 3 15 95 4
261.832 161.592 164.132 16 3 15 95 4
261.832 161.592 164.132 17 3 15 95 4
261.832 161.592 164.132 18 3 15 95 4
261.832 161.592 164.132 19 3 15 95 4
261.832 161.592 164.132 20 3 15 95 4
307.972 112.810 183.606 1 4 15 97 4
307.972 112.810 183.606 2 4 15 97 4
307.972 112.810 183.606 3 4 15 97 4
295.407 40.510 86.615 4 4 15 48 1
295.407 40.510 86.615 5 4 15 48 1
295.407 40.510 86.615 6 4 15 48 1
295.407 40.510 86.615 7 4 15 48 1
4.837 92.286 239.150 8 4 15 98 4
4.837 92.286 239.150 9 4 15 98 4
4.837 92.286 239.150 10 4 15 98 4
4.837 92.286 239.150 11 4 15 98 4
4.837 92.286 239.150 12 4 15 98 4
4.837 92.286 239.150 13 4 15 98 4
261.832 161.592 164.132 14 4 15 95 4
261.832 161.592 164.132 15 4 15 95 4
261.832 161.592 164.132 16 4 15 95 4
261.832 161.592 164.132 17 4 15 95 4
261.832 161.592 164.132 18 4 15 95 4
261.832 161.592 164.132 19 4 15 95 4
31.643 140.720 249.739 20 4 15 50 1
307.972 112.810 183.606 1 5 15 97 4
307.972 112.810 183.606 2 5 15 97 4
307.972 112.810 183.606 3 5 15 97 4
295.407 40.510 86.615 4 5 15 48 1
295.407 40.510 86.615 5 5 15 48 1
4.837 92.286 239.150 6 5 15 98 4
4.837 92.286 239.150 7 5 15 98 4
4.837 92.286 239.150 8 5 15 98 4
4.837 92.286 239.150 9 5 15 98 4
4.837 92.286 239.150 10 5 15 98 4
4.837 92.286 239.150 11 5 15 98 4
4.837 92.286 239.150 12 5 15 98 4
4.837 92.286 239.150 13 5 15 98 4
4.837 92.286 239.150 14 5 15 98 4
261.832 161.592 164.132 15 5 15 95 4
261.832 161.592 164.132 16 5 15 95 4
261.832 161.592 164.132 17 5 15 95 4
261.832 161.592 164.132 18 5 15 95 4
261.832 161.592 164.132 19 5 15 95 4
31.643 140.720 249.739 20 5 15 50 1
307.972 112.810 183.606 1 6 15 97 4
307.972 112.810 183.606 2 6 15 97 4
307.972 112.810 183.606 3 6 15 97 4
76.951 170.543 223.122 4 6 15 102 1
230.737 50.520 25.391 5 6 15 89 2
230.737 50.520 25.391 6 6 15 89 2
4.837 92.286 239.150 7 6 15 98 4
4.837 92.286 239.150 8 6 15 98 4
4.837 92.286 239.150 9 6 15 98 4
4.837 92.286 239.150 10 6 15 98 4
4.837 92.286 239.150 11 6 15 98 4
4.837 92.286 239.150 12 6 15 98 4
4.837 92.286 239.150 13 6 15 98 4
4.837 92.286 239.150 14 6 15 98 4
4.837 92.286 239.150 15 6 15 98 4
4.837 92.286 239.150 16 6 15 98 4
261.832 161.592 164.132 17 6 15 95 4
261.832 161.592 164.132 18 6 15 95 4
261.832 161.592 164.132 19 6 15 95 4
261.832 161.592 164.132 20 6 15 95 4
276.772 50.016 70.633 1 7 15 22 1
307.972 112.810 183.606 2 7 15 97 4
76.951 170.543 223.122 3 7 15 102 1
76.951 170.543 223.122 4 7 15 102 1
230.737 50.520 25.391 5 7 15 89 2
230.737 50.520 25.391 6 7 15 89 2
4.837 92.286 239.150 7 7 15 98 4
4.837 92.286 239.150 8 7 15 98 4
4.837 92.286 239.150 9 7 15 98 4
4.837 92.286 239.150 10 7 15 98 4
4.837 92.286 239.150 11 7 15 98 4
4.837 92.286 239.150 12 7 15 98 4
4.837 92.286 239.150 13 7 15 98 4
4.837 92.286 239.150 14 7 15 98 4
4.837 92.286 239.150 15 7 15 98 4
4.837 92.286 239.150 16 7 15 98 4
4.837 92.286 239.150 17 7 15 98 4
261.832 161.592 164.132 18 7 15 95 4
261.832 161.592 164.132 19 7 15 95 4
261.832 161.592 164.132 20 7 15 95 4
345.086 131.006 162.550 1 8 15 110 2
345.086 131.006 162.550 2 8 15 110 2
353.172 94.159 119.528 3 8 15 41 1
4.837 92.286 239.150 4 8 15 98 4
230.737 50.520 25.391 5 8 15 89 2
230.737 50.520 25.391 6 8 15 89 2
4.837 92.286 239.150 7 8 15 98 4
4.837 92.286 239.150 8 8 15 98 4
4.837 92.286 239.150 9 8 15 98 4
4.837 92.286 239.150 10 8 15 98 4
4.837 92.286 239.150 11 8 15 98 4
4.837 92.286 239.150 12 8 15 98 4
4.837 92.286 239.150 13 8 15 98 4
4.837 92.286 239.150 14 8 15 98 4
4.837 92.286 239.150 15 8 15 98 4
4.837 92.286 239.150 16 8 15 98 4
4.837 92.286 239.150 17 8 15 98 4
4.837 92.286 239.150 18 8 15 98 4
4.837 92.286 239.150 19 8 15 98 4
261.832 161.592 164.132 20 8 15 95 4
345.086 131.006 162.550 1 9 15 110 2
345.086 131.006 162.550 2 9 15 110 2
353.172 94.159 119.528 3 9 15 41 1
4.837 92.286 239.150 4 9 15 98 4
4.837 92.286 239.150 5 9 15 98 4
230.737 50.520 25.391 6 9 15 89 2
4.837 92.286 239.150 7 9 15 98 4
4.837 92.286 239.150 8 9 15 98 4
4.837 92.286 239.150 9 9 15 98 4
4.837 92.286 239.150 10 9 15 98 4
4.837 92.286 239.150 11 9 15 98 4
4.837 92.286 239.150 12 9 15 98 4
4.837 92.286 239.150 13 9 15 98 4
4.837 92.286 239.150 14 9 15 98 4
4.837 92.286 239.150 15 9 15 98 4
4.837 92.286 239.150 16 9 15 98 4
4.837 92.286 239.150 17 9 15 98 4
4.837 92.286 239.150 18 9 15 98 4
4.837 92.286 239.150 19 9 15 98 4
4.837 92.286 239.150 20 9 15 98 4
345.086 131.006 162.550 1 10 15 110 2
345.086 131.006 162.550 2 10 15 110 2
4.837 92.286 239.150 3 10 15 98 4
4.837 92.286 239.150 4 10 15 98 4
4.837 92.286 239.150 5 10 15 98 4
4.837 92.286 239.150 6 10 15 98 4
4.837 92.286 239.150 7 10 15 98 4
4.837 92.286 239.150 8 10 15 98 4
4.837 92.286 239.150 9 10 15 98 4
4.837 92.286 239.150 10 10 15 98 4
4.837 92.286 239.150 11 10 15 98 4
4.837 92.286 239.150 12 10 15 98 4
4.837 92.286 239.150 13 10 15 98 4
4.837 92.286 239.150 14 10 15 98 4
4.837 92.286 239.150 15 10 15 98 4
4.837 92.286 239.150 16 10 15 98 4
4.837 92.286 239.150 17 10 15 98 4
4.837 92.286 239.150 18 10 15 98 4
4.837 92.286 239.150 19 10 15 98 4
4.837 92.286 239.150 20 10 15 98 4
39.964 53.619 210.042 1 11 15 31 1
321.898 61.853 231.973 2 11 15 69 1
321.898 61.853 231.973 3 11 15 69 1
4.837 92.286 239.150 4 11 15 98 4
4.837 92.286 239.150 5 11 15 98 4
4.837 92.286 239.150 6 11 15 98 4
4.837 92.286 239.150 7 11 15 98 4
4.837 92.286 239.150 8 11 15 98 4
4.837 92.286 239.150 9 11 15 98 4
4.837 92.286 239.150 10 11 15 98 4
4.837 92.286 239.150 11 11 15 98 4
4.837 92.286 239.150 12 11 15 98 4
4.837 92.286 239.150 13 11 15 98 4
4.837 92.286 239.150 14 11 15 98 4
4.837 92.286 239.150 15 11 15 98 4
4.837 92.286 239.150 16 11 15 98 4
4.837 92.286 239.150 17 11 15 98 4
4.837 92.286 239.150 18 11 15 98 4
4.837 92.286 239.150 19 11 15 98 4
4.837 92.286 239.150 20 11 15 98 4
39.964 53.619 210.042 1 12 15 31 1
292.450 45.212 216.026 2 12 15 52 1
321.898 61.853 231.973 3 12 15 69 1
4.837 92.286 239.150 4 12 15 98 4
4.837 92.286 239.150 5 12 15 98 4
4.837 92.286 239.150 6 12 15 98 4
4.837 92.286 239.150 7 12 15 98 4
4.837 92.286 239.150 8 12 15 98 4
4.837 92.286 239.150 9 12 15 98 4
4.837 92.286 239.150 10 12 15 98 4
4.837 92.286 239.150 11 12 15 98 4
4.837 92.286 239.150 12 12 15 98 4
4.837 92.286 239.150 13 12 15 98 4
4.837 92.286 239.150 14 12 15 98 4
4.837 92.286 239.150 15 12 15 98 4
4.837 92.286 239.150 16 12 15 98 4
4.837 92.286 239.150 17 12 15 98 4
4.837 92.286 239.150 18 12 15 98 4
4.837 92.286 239.150 19 12 15 98 4
128.689 143.190 276.965 20 12 15 86 2
39.964 53.619 210.042 1 13 15 31 1
39.964 53.619 210.042 2 13 15 31 1
39.964 53.619 210.042 3 13 15 31 1
4.837 92.286 239.150 4 13 15 98 4
4.837 92.286 239.150 5 13 15 98 4
4.837 92.286 239.150 6 13 15 98 4
4.837 92.286 239.150 7 13 15 98 4
4.837 92.286 239.150 8 13 15 98 4
4.837 92.286 239.150 9 13 15 98 4
4.837 92.286 239.150 10 13 15 98 4
4.837 92.286 239.150 11 13 15 98 4
4.837 92.286 239.150 12 13 15 98 4
4.837 92.286 239.150 13 13 15 98 4
4.837 92.286 239.150 14 13 15 98 4
4.837 92.286 239.150 15 13 15 98 4
4.837 92.286 239.150 16 13 15 98 4
4.837 92.286 239.150 17 13 15 98 4
4.837 92.286 239.150 18 13 15 98 4
128.689 143.190 276.965 19 13 15 86 2
128.689 143.190 276.965 20 13 15 86 2
39.964 53.619 210.042 1 14 15 31 1
39.964 53.619 210.042 2 14 15 31 1
39.964 53.619 210.042 3 14 15 31 1
4.837 92.286 239.150 4 14 15 98 4
4.837 92.286 239.150 5 14 15 98 4
4.837 92.286 239.150 6 14 15 98 4
4.837 92.286 239.150 7 14 15 98 4
4.837 92.286 239.150 8 14 15 98 4
4.837 92.286 239.150 9 14 15 98 4
4.837 92.286 239.150 10 14 15 98 4
4.837 92.286 239.150 11 14 15 98 4
4.837 92.286 239.150 12 14 15 98 4
4.837 92.286 239.150 13 14 15 98 4
4.837 92.286 239.150 14 14 15 98 4
4.837 92.286 239.150 15 14 15 98 4
4.837 92.286 239.150 16 14 15 98 4
4.837 92.286 239.150 17 14 15 98 4
4.837 92.286 239.150 18 14 15 98 4
4.837 92.286 239.150 19 14 15 98 4
4.837 92.286 239.150 20 14 15 98 4
39.964 53.619 210.042 1 15 15 31 1
39.964 53.619 210.042 2 15 15 31 1
262.848 54.781 240.056 3 15 15 7 1
4.837 92.286 239.150 4 15 15 98 4
4.837 92.286 239.150 5 15 15 98 4
4.837 92.286 239.150 6 15 15 98 4
4.837 92.286 239.150 7 15 15 98 4
4.837 92.286 239.150 8 15 15 98 4
4.837 92.286 239.150 9 15 15 98 4
4.837 92.286 239.150 10 15 15 98 4
4.837 92.286 239.150 11 15 15 98 4
4.837 92.286 239.150 12 15 15 98 4
4.837 92.286 239.150 13 15 15 98 4
4.837 92.286 239.150 14 15 15 98 4
4.837 92.286 239.150 15 15 15 98 4
4.837 92.286 239.150 16 15 15 98 4
4.837 92.286 239.150 17 15 15 98 4
4.837 92.286 239.150 18 15 15 98 4
4.837 92.286 239.150 19 15 15 98 4
4.837 92.286 239.150 20 15 15 98 4
39.964 53.619 210.042 1 16 15 31 1
39.964 53.619 210.042 2 16 15 31 1
262.848 54.781 240.056 3 16 15 7 1
4.837 92.286 239.150 4 16 15 98 4
4.837 92.286 239.150 5 16 15 98 4
4.837 92.286 239.150 6 16 15 98 4
4.837 92.286 239.150 7 16 15 98 4
4.837 92.286 239.150 8 16 15 98 4
4.837 92.286 239.150 9 16 15 98 4
4.837 92.286 239.150 10 16 15 98 4
4.837 92.286 239.150 11 16 15 98 4
4.837 92.286 239.150 12 16 15 98 4
4.837 92.286 239.150 13 16 15 98 4
4.837 92.286 239.150 14 16 15 98 4
4.837 92.286 239.150 15 16 15 98 4
4.837 92.286 239.150 16 16 15 98 4
4.837 92.286 239.150 17 16 15 98 4
4.837 92.286 239.150 18 16 15 98 4
4.837 92.286 239.150 19 16 15 98 4
4.837 92.286 239.150 20 16 15 98 4
232.222 38.120 263.852 1 17 15 3 1
232.222 38.120 263.852 2 17 15 3 1
4.837 92.286 239.150 3 17 15 98 4
4.837 92.286 239.150 4 17 15 98 4
4.837 92.286 239.150 5 17 15 98 4
4.837 92.286 239.150 6 17 15 98 4
4.837 92.286 239.150 7 17 15 98 4
4.837 92.286 239.150 8 17 15 98 4
4.837 92.286 239.150 9 17 15 98 4
4.837 92.286 239.150 10 17 15 98 4
4.837 92.286 239.150 11 17 15 98 4
4.837 92.286 239.150 12 17 15 98 4
4.837 92.286 239.150 13 17 15 98 4
4.837 92.286 239.150 14 17 15 98 4
4.837 92.286 239.150 15 17 15 98 4
4.837 92.286 239.150 16 17 15 98 4
4.837 92.286 239.150 17 17 15 98 4
4.837 92.286 239.150 18 17 15 98 4
4.837 92.286 239.150 19 17 15 98 4
4.837 92.286 239.150 20 17 15 98 4
60.084 61.487 246.188 1 18 15 93 3
232.222 38.120 263.852 2 18 15 3 1
4.837 92.286 239.150 3 18 15 98 4
4.837 92.286 239.150 4 18 15 98 4
4.837 92.286 239.150 5 18 15 98 4
4.837 92.286 239.150 6 18 15 98 4
4.837 92.286 239.150 7 18 15 98 4
4.837 92.286 239.150 8 18 15 98 4
4.837 92.286 239.150 9 18 15 98 4
4.837 92.286 239.150 10 18 15 98 4
4.837 92.286 239.150 11 18 15 98 4
4.837 92.286 239.150 12 18 15 98 4
4.837 92.286 239.150 13 18 15 98 4
4.837 92.286 239.150 14 18 15 98 4
4.837 92.286 239.150 15 18 15 98 4
4.837 92.286 239.150 16 18 15 98 4
4.837 92.286 239.150 17 18 15 98 4
4.837 92.286 239.150 18 18 15 98 4
4.837 92.286 239.150 19 18 15 98 4
4.837 92.286 239.150 20 18 15 98 4
349.606 90.781 193.303 1 19 15 85 2
349.606 90.781 193.303 2 19 15 85 2
4.837 92.286 239.150 3 19 15 98 4
4.837 92.286 239.150 4 19 15 98 4
4.837 92.286 239.150 5 19 15 98 4
4.837 92.286 239.150 6 19 15 98 4
4.837 92.286 239.150 7 19 15 98 4
4.837 92.286 239.150 8 19 15 98 4
4.837 92.286 239.150 9 19 15 98 4
4.837 92.286 239.150 10 19 15 98 4
4.837 92.286 239.150 11 19 15 98 4
4.837 92.286 239.150 12 19 15 98 4
4.837 92.286 239.150 13 19 15 98 4
4.837 92.286 239.150 14 19 15 98 4
4.837 92.286 239.150 15 19 15 98 4
4.837 92.286 239.150 16 19 15 98 4
4.837 92.286 239.150 17 19 15 98 4
4.837 92.286 239.150 18 19 15 98 4
4.837 92.286 239.150 19 19 15 98 4
4.837 92.286 239.150 20 19 15 98 4
349.606 90.781 193.303 1 20 15 85 2
349.606 90.781 193.303 2 20 15 85 2
349.606 90.781 193.303 3 20 15 85 2
4.837 92.286 239.150 4 20 15 98 4
4.837 92.286 239.150 5 20 15 98 4
4.837 92.286 239.150 6 20 15 98 4
4.837 92.286 239.150 7 20 15 98 4
4.837 92.286 239.150 8 20 15 98 4
4.837 92.286 239.150 9 20 15 98 4
4.837 92.286 239.150 10 20 15 98 4
4.837 92.286 239.150 11 20 15 98 4
4.837 92.286 239.150 12 20 15 98 4
4.837 92.286 239.150 13 20 15 98 4
4.837 92.286 239.150 14 20 15 98 4
4.837 92.286 239.150 15 20 15 98 4
4.837 92.286 239.150 16 20 15 98 4
4.837 92.286 239.150 17 20 15 98 4
4.837 92.286 239.150 18 20 15 98 4
4.837 92.286 239.150 19 20 15 98 4
4.837 92.286 239.150 20 20 15 98 4
