307.972 112.810 183.606 1 1 20 97 4
307.972 112.810 183.606 2 1 20 97 4
307.972 112.810 183.606 3 1 20 97 4
307.972 112.810 183.606 4 1 20 97 4
137.851 102.456 140.796 5 1 20 83 2
219.145 141.761 295.996 6 1 20 71 1
219.145 141.761 295.996 7 1 20 71 1
295.407 40.510 86.615 8 1 20 48 1
295.407 40.510 86.615 9 1 20 48 1
166.196 100.275 239.345 10 1 20 108 1
240.436 136.308 252.891 11 1 20 68 1
261.832 161.592 164.132 12 1 20 95 4
261.832 161.592 164.132 13 1 20 95 4
261.832 161.592 164.132 14 1 20 95 4
261.832 161.592 164.132 15 1 20 95 4
261.832 161.592 164.132 16 1 20 95 4
261.832 161.592 164.132 17 1 20 95 4
261.832 161.592 164.132 18 1 20 95 4
261.832 161.592 164.132 19 1 20 95 4
261.832 161.592 164.132 20 1 20 95 4
307.972 112.810 183.606 1 2 20 97 4
307.972 112.810 183.606 2 2 20 97 4
307.972 112.810 183.606 3 2 20 97 4
137.851 102.456 140.796 4 2 20 83 2
137.851 102.456 140.796 5 2 20 83 2
57.917 76.513 166.568 6 2 20 15 1
137.851 102.456 140.796 7 2 20 83 2
295.407 40.510 86.615 8 2 20 48 1
166.196 100.275 239.345 9 2 20 108 1
166.196 100.275 239.345 10 2 20 108 1
240.436 136.308 252.891 11 2 20 68 1
240.436 136.308 252.891 12 2 20 68 1
261.832 161.592 164.132 13 2 20 95 4
261.832 161.592 164.132 14 2 20 95 4
261.832 161.592 164.132 15 2 20 95 4
261.832 161.592 164.132 16 2 20 95 4
261.832 161.592 164.132 17 2 20 95 4
261.832 161.592 164.132 18 2 20 95 4
261.832 161.592 164.132 19 2 20 95 4
261.832 161.592 164.132 20 2 20 95 4
307.972 112.810 183.606 1 3 20 97 4
283.929 137.059 85.705 2 3 20 1 1
283.929 137.059 85.705 3 3 20 1 1
137.851 102.456 140.796 4 3 20 83 2
137.851 102.456 140.796 5 3 20 83 2
137.851 102.456 140.796 6 3 20 83 2
193.668 28.015 358.082 7 3 20 100 1
193.668 28.015 358.082 8 3 20 100 1
166.196 100.275 239.345 9 3 20 108 1
166.196 100.275 239.345 10 3 20 108 1
240.436 136.308 252.891 11 3 20 68 1
240.436 136.308 252.891 12 3 20 68 1
261.832 161.592 164.132 13 3 20 95 4
261.832 161.592 164.132 14 3 20 95 4
261.832 161.592 164.132 15 3 20 95 4
261.832 161.592 164.132 16 3 20 95 4
261.832 161.592 164.132 17 3 20 95 4
261.832 161.592 164.132 18 3 20 95 4
261.832 161.592 164.132 19 3 20 95 4
261.832 161.592 164.132 20 3 20 95 4
249.428 69.363 120.711 1 4 20 24 1
283.929 137.059 85.705 2 4 20 1 1
283.929 137.059 85.705 3 4 20 1 1
85.178 44.639 38.753 4 4 20 57 1
193.668 28.015 358.082 5 4 20 100 1
193.668 28.015 358.082 6 4 20 100 1
193.668 28.015 358.082 7 4 20 100 1
193.668 28.015 358.082 8 4 20 100 1
166.196 100.275 239.345 9 4 20 108 1
166.196 100.275 239.345 10 4 20 108 1
127.458 65.185 257.351 11 4 20 9 1
127.458 65.185 257.351 12 4 20 9 1
261.832 161.592 164.132 13 4 20 95 4
261.832 161.592 164.132 14 4 20 95 4
261.832 161.592 164.132 15 4 20 95 4
261.832 161.592 164.132 16 4 20 95 4
261.832 161.592 164.132 17 4 20 95 4
261.832 161.592 164.132 18 4 20 95 4
261.832 161.592 164.132 19 4 20 95 4
261.832 161.592 164.132 20 4 20 95 4
249.428 69.363 120.711 1 5 20 24 1
283.929 137.059 85.705 2 5 20 1 1
283.929 137.059 85.705 3 5 20 1 1
192.445 54.340 339.202 4 5 20 19 1
193.668 28.015 358.082 5 5 20 100 1
193.668 28.015 358.082 6 5 20 100 1
193.668 28.015 358.082 7 5 20 100 1
176.897 54.456 13.562 8 5 20 17 1
176.897 54.456 13.562 9 5 20 17 1
4.837 92.286 239.150 10 5 20 98 4
127.458 65.185 257.351 11 5 20 9 1
127.458 65.185 257.351 12 5 20 9 1
261.832 161.592 164.132 13 5 20 95 4
261.832 161.592 164.132 14 5 20 95 4
261.832 161.592 164.132 15 5 20 95 4
261.832 161.592 164.132 16 5 20 95 4
261.832 161.592 164.132 17 5 20 95 4
261.832 161.592 164.132 18 5 20 95 4
261.832 161.592 164.132 19 5 20 95 4
261.832 161.592 164.132 20 5 20 95 4
147.582 96.746 211.145 1 6 20 111 2
147.582 96.746 211.145 2 6 20 111 2
147.582 96.746 211.145 3 6 20 111 2
238.943 45.932 186.931 4 6 20 13 1
193.668 28.015 358.082 5 6 20 100 1
265.615 46.092 293.674 6 6 20 36 1
265.615 46.092 293.674 7 6 20 36 1
176.897 54.456 13.562 8 6 20 17 1
176.897 54.456 13.562 9 6 20 17 1
4.837 92.286 239.150 10 6 20 98 4
4.837 92.286 239.150 11 6 20 98 4
4.837 92.286 239.150 12 6 20 98 4
4.837 92.286 239.150 13 6 20 98 4
261.832 161.592 164.132 14 6 20 95 4
261.832 161.592 164.132 15 6 20 95 4
261.832 161.592 164.132 16 6 20 95 4
261.832 161.592 164.132 17 6 20 95 4
261.832 161.592 164.132 18 6 20 95 4
261.832 161.592 164.132 19 6 20 95 4
261.832 161.592 164.132 20 6 20 95 4
147.582 96.746 211.145 1 7 20 111 2
147.582 96.746 211.145 2 7 20 111 2
147.582 96.746 211.145 3 7 20 111 2
240.428 19.814 306.403 4 7 20 80 2
240.428 19.814 306.403 5 7 20 80 2
265.615 46.092 293.674 6 7 20 36 1
265.615 46.092 293.674 7 7 20 36 1
4.622 111.097 354.912 8 7 20 58 1
4.837 92.286 239.150 9 7 20 98 4
4.837 92.286 239.150 10 7 20 98 4
4.837 92.286 239.150 11 7 20 98 4
4.837 92.286 239.150 12 7 20 98 4
4.837 92.286 239.150 13 7 20 98 4
4.837 92.286 239.150 14 7 20 98 4
261.832 161.592 164.132 15 7 20 95 4
261.832 161.592 164.132 16 7 20 95 4
261.832 161.592 164.132 17 7 20 95 4
261.832 161.592 164.132 18 7 20 95 4
261.832 161.592 164.132 19 7 20 95 4
261.832 161.592 164.132 20 7 20 95 4
147.582 96.746 211.145 1 8 20 111 2
147.582 96.746 211.145 2 8 20 111 2
147.582 96.746 211.145 3 8 20 111 2
240.428 19.814 306.403 4 8 20 80 2
240.428 19.814 306.403 5 8 20 80 2
240.428 19.814 306.403 6 8 20 80 2
4.837 92.286 239.150 7 8 20 98 4
4.837 92.286 239.150 8 8 20 98 4
4.837 92.286 239.150 9 8 20 98 4
4.837 92.286 239.150 10 8 20 98 4
4.837 92.286 239.150 11 8 20 98 4
4.837 92.286 239.150 12 8 20 98 4
4.837 92.286 239.150 13 8 20 98 4
4.837 92.286 239.150 14 8 20 98 4
4.837 92.286 239.150 15 8 20 98 4
261.832 161.592 164.132 16 8 20 95 4
261.832 161.592 164.132 17 8 20 95 4
261.832 161.592 164.132 18 8 20 95 4
62.931 61.597 152.020 19 8 20 109 1
62.931 61.597 152.020 20 8 20 109 1
147.582 96.746 211.145 1 9 20 111 2
54.501 126.419 56.799 2 9 20 60 1
240.428 19.814 306.403 3 9 20 80 2
240.428 19.814 306.403 4 9 20 80 2
240.428 19.814 306.403 5 9 20 80 2
240.428 19.814 306.403 6 9 20 80 2
4.837 92.286 239.150 7 9 20 98 4
4.837 92.286 239.150 8 9 20 98 4
4.837 92.286 239.150 9 9 20 98 4
4.837 92.286 239.150 10 9 20 98 4
4.837 92.286 239.150 11 9 20 98 4
4.837 92.286 239.150 12 9 20 98 4
4.837 92.286 239.150 13 9 20 98 4
4.837 92.286 239.150 14 9 20 98 4
4.837 92.286 239.150 15 9 20 98 4
4.837 92.286 239.150 16 9 20 98 4
62.931 61.597 152.020 17 9 20 109 1
62.931 61.597 152.020 18 9 20 109 1
62.931 61.597 152.020 19 9 20 109 1
62.931 61.597 152.020 20 9 20 109 1
54.501 126.419 56.799 1 10 20 60 1
54.501 126.419 56.799 2 10 20 60 1
240.428 19.814 306.403 3 10 20 80 2
240.428 19.814 306.403 4 10 20 80 2
240.428 19.814 306.403 5 10 20 80 2
240.428 19.814 306.403 6 10 20 80 2
4.837 92.286 239.150 7 10 20 98 4
4.837 92.286 239.150 8 10 20 98 4
4.837 92.286 239.150 9 10 20 98 4
4.837 92.286 239.150 10 10 20 98 4
4.837 92.286 239.150 11 10 20 98 4
4.837 92.286 239.150 12 10 20 98 4
4.837 92.286 239.150 13 10 20 98 4
4.837 92.286 239.150 14 10 20 98 4
4.837 92.286 239.150 15 10 20 98 4
4.837 92.286 239.150 16 10 20 98 4
62.931 61.597 152.020 17 10 20 109 1
62.931 61.597 152.020 18 10 20 109 1
62.931 61.597 152.020 19 10 20 109 1
62.931 61.597 152.020 20 10 20 109 1
67.340 43.579 173.824 1 11 20 54 1
67.340 43.579 173.824 2 11 20 54 1
67.340 43.579 173.824 3 11 20 54 1
240.428 19.814 306.403 4 11 20 80 2
240.428 19.814 306.403 5 11 20 80 2
240.428 19.814 306.403 6 11 20 80 2
4.837 92.286 239.150 7 11 20 98 4
4.837 92.286 239.150 8 11 20 98 4
4.837 92.286 239.150 9 11 20 98 4
4.837 92.286 239.150 10 11 20 98 4
4.837 92.286 239.150 11 11 20 98 4
4.837 92.286 239.150 12 11 20 98 4
4.837 92.286 239.150 13 11 20 98 4
4.837 92.286 239.150 14 11 20 98 4
4.837 92.286 239.150 15 11 20 98 4
4.837 92.286 239.150 16 11 20 98 4
4.837 92.286 239.150 17 11 20 98 4
4.837 92.286 239.150 18 11 20 98 4
4.837 92.286 239.150 19 11 20 98 4
62.931 61.597 152.020 20 11 20 109 1
67.340 43.579 173.824 1 12 20 54 1
67.340 43.579 173.824 2 12 20 54 1
67.340 43.579 173.824 3 12 20 54 1
240.428 19.814 306.403 4 12 20 80 2
240.428 19.814 306.403 5 12 20 80 2
4.837 92.286 239.150 6 12 20 98 4
4.837 92.286 239.150 7 12 20 98 4
4.837 92.286 239.150 8 12 20 98 4
4.837 92.286 239.150 9 12 20 98 4
4.837 92.286 239.150 10 12 20 98 4
4.837 92.286 239.150 11 12 20 98 4
4.837 92.286 239.150 12 12 20 98 4
4.837 92.286 239.150 13 12 20 98 4
4.837 92.286 239.150 14 12 20 98 4
4.837 92.286 239.150 15 12 20 98 4
4.837 92.286 239.150 16 12 20 98 4
4.837 92.286 239.150 17 12 20 98 4
4.837 92.286 239.150 18 12 20 98 4
4.837 92.286 239.150 19 12 20 98 4
17.883 154.171 123.069 20 12 20 84 2
39.964 53.619 210.042 1 13 20 31 1
67.340 43.579 173.824 2 13 20 54 1
67.340 43.579 173.824 3 13 20 54 1
240.428 19.814 306.403 4 13 20 80 2
240.428 19.814 306.403 5 13 20 80 2
4.837 92.286 239.150 6 13 20 98 4
4.837 92.286 239.150 7 13 20 98 4
4.837 92.286 239.150 8 13 20 98 4
4.837 92.286 239.150 9 13 20 98 4
4.837 92.286 239.150 10 13 20 98 4
4.837 92.286 239.150 11 13 20 98 4
4.837 92.286 239.150 12 13 20 98 4
4.837 92.286 239.150 13 13 20 98 4
4.837 92.286 239.150 14 13 20 98 4
4.837 92.286 239.150 15 13 20 98 4
4.837 92.286 239.150 16 13 20 98 4
4.837 92.286 239.150 17 13 20 98 4
4.837 92.286 239.150 18 13 20 98 4
4.837 92.286 239.150 19 13 20 98 4
4.837 92.286 239.150 20 13 20 98 4
39.964 53.619 210.042 1 14 20 31 1
39.964 53.619 210.042 2 14 20 31 1
273.023 129.425 8.539 3 14 20 55 1
273.023 129.425 8.539 4 14 20 55 1
4.837 92.286 239.150 5 14 20 98 4
4.837 92.286 239.150 6 14 20 98 4
4.837 92.286 239.150 7 14 20 98 4
4.837 92.286 239.150 8 14 20 98 4
4.837 92.286 239.150 9 14 20 98 4
4.837 92.286 239.150 10 14 20 98 4
4.837 92.286 239.150 11 14 20 98 4
4.837 92.286 239.150 12 14 20 98 4
4.837 92.286 239.150 13 14 20 98 4
4.837 92.286 239.150 14 14 20 98 4
4.837 92.286 239.150 15 14 20 98 4
4.837 92.286 239.150 16 14 20 98 4
4.837 92.286 239.150 17 14 20 98 4
4.837 92.286 239.150 18 14 20 98 4
4.837 92.286 239.150 19 14 20 98 4
4.837 92.286 239.150 20 14 20 98 4
39.964 53.619 210.042 1 15 20 31 1
39.964 53.619 210.042 2 15 20 31 1
4.837 92.286 239.150 3 15 20 98 4
4.837 92.286 239.150 4 15 20 98 4
4.837 92.286 239.150 5 15 20 98 4
4.837 92.286 239.150 6 15 20 98 4
4.837 92.286 239.150 7 15 20 98 4
4.837 92.286 239.150 8 15 20 98 4
4.837 92.286 239.150 9 15 20 98 4
4.837 92.286 239.150 10 15 20 98 4
4.837 92.286 239.150 11 15 20 98 4
4.837 92.286 239.150 12 15 20 98 4
4.837 92.286 239.150 13 15 20 98 4
4.837 92.286 239.150 14 15 20 98 4
4.837 92.286 239.150 15 15 20 98 4
4.837 92.286 239.150 16 15 20 98 4
4.837 92.286 239.150 17 15 20 98 4
4.837 92.286 239.150 18 15 20 98 4
4.837 92.286 239.150 19 15 20 98 4
4.837 92.286 239.150 20 15 20 98 4
39.964 53.619 210.042 1 16 20 31 1
39.964 53.619 210.042 2 16 20 31 1
4.837 92.286 239.150 3 16 20 98 4
4.837 92.286 239.150 4 16 20 98 4
4.837 92.286 239.150 5 16 20 98 4
4.837 92.286 239.150 6 16 20 98 4
4.837 92.286 239.150 7 16 20 98 4
4.837 92.286 239.150 8 16 20 98 4
4.837 92.286 239.150 9 16 20 98 4
4.837 92.286 239.150 10 16 20 98 4
4.837 92.286 239.150 11 16 20 98 4
4.837 92.286 239.150 12 16 20 98 4
4.837 92.286 239.150 13 16 20 98 4
4.837 92.286 239.150 14 16 20 98 4
4.837 92.286 239.150 15 16 20 98 4
4.837 92.286 239.150 16 16 20 98 4
4.837 92.286 239.150 17 16 20 98 4
4.837 92.286 239.150 18 16 20 98 4
4.837 92.286 239.150 19 16 20 98 4
290.480 123.055 248.416 20 16 20 96 4
39.964 53.619 210.042 1 17 20 31 1
4.837 92.286 239.150 2 17 20 98 4
4.837 92.286 239.150 3 17 20 98 4
4.837 92.286 239.150 4 17 20 98 4
4.837 92.286 239.150 5 17 20 98 4
4.837 92.286 239.150 6 17 20 98 4
4.837 92.286 239.150 7 17 20 98 4
4.837 92.286 239.150 8 17 20 98 4
4.837 92.286 239.150 9 17 20 98 4
4.837 92.286 239.150 10 17 20 98 4
4.837 92.286 239.150 11 17 20 98 4
4.837 92.286 239.150 12 17 20 98 4
4.837 92.286 239.150 13 17 20 98 4
4.837 92.286 239.150 14 17 20 98 4
4.837 92.286 239.150 15 17 20 98 4
4.837 92.286 239.150 16 17 20 98 4
4.837 92.286 239.150 17 17 20 98 4
4.837 92.286 239.150 18 17 20 98 4
4.837 92.286 239.150 19 17 20 98 4
290.480 123.055 248.416 20 17 20 96 4
62.142 85.111 244.065 1 18 20 64 1
302.422 135.302 159.004 2 18 20 79 1
302.422 135.302 159.004 3 18 20 79 1
4.837 92.286 239.150 4 18 20 98 4
4.837 92.286 239.150 5 18 20 98 4
4.837 92.286 239.150 6 18 20 98 4
4.837 92.286 239.150 7 18 20 98 4
4.837 92.286 239.150 8 18 20 98 4
4.837 92.286 239.150 9 18 20 98 4
4.837 92.286 239.150 10 18 20 98 4
4.837 92.286 239.150 11 18 20 98 4
4.837 92.286 239.150 12 18 20 98 4
4.837 92.286 239.150 13 18 20 98 4
4.837 92.286 239.150 14 18 20 98 4
4.837 92.286 239.150 15 18 20 98 4
4.837 92.286 239.150 16 18 20 98 4
4.837 92.286 239.150 17 18 20 98 4
4.837 92.286 239.150 18 18 20 98 4
290.480 123.055 248.416 19 18 20 96 4
290.480 123.055 248.416 20 18 20 96 4
62.142 85.111 244.065 1 19 20 64 1
62.142 85.111 244.065 2 19 20 64 1
302.422 135.302 159.004 3 19 20 79 1
4.837 92.286 239.150 4 19 20 98 4
4.837 92.286 239.150 5 19 20 98 4
4.837 92.286 239.150 6 19 20 98 4
4.837 92.286 239.150 7 19 20 98 4
4.837 92.286 239.150 8 19 20 98 4
4.837 92.286 239.150 9 19 20 98 4
4.837 92.286 239.150 10 19 20 98 4
4.837 92.286 239.150 11 19 20 98 4
4.837 92.286 239.150 12 19 20 98 4
4.837 92.286 239.150 13 19 20 98 4
4.837 92.286 239.150 14 19 20 98 4
4.837 92.286 239.150 15 19 20 98 4
4.837 92.286 239.150 16 19 20 98 4
4.837 92.286 239.150 17 19 20 98 4
4.837 92.286 239.150 18 19 20 98 4
290.480 123.055 248.416 19 19 20 96 4
290.480 123.055 248.416 20 19 20 96 4
62.142 85.111 244.065 1 20 20 64 1
62.142 85.111 244.065 2 20 20 64 1
4.837 92.286 239.150 3 20 20 98 4
4.837 92.286 239.150 4 20 20 98 4
4.837 92.286 239.150 5 20 20 98 4
4.837 92.286 239.150 6 20 20 98 4
4.837 92.286 239.150 7 20 20 98 4
4.837 92.286 239.150 8 20 20 98 4
4.837 92.286 239.150 9 20 20 98 4
4.837 92.286 239.150 10 20 20 98 4
4.837 92.286 239.150 11 20 20 98 4
4.837 92.286 239.150 12 20 20 98 4
4.837 92.286 239.150 13 20 20 98 4
4.837 92.286 239.150 14 20 20 98 4
4.837 92.286 239.150 15 20 20 98 4
4.837 92.286 239.150 16 20 20 98 4
4.837 92.286 239.150 17 20 20 98 4
4.837 92.286 239.150 18 20 20 98 4
290.480 123.055 248.416 19 20 20 96 4
290.480 123.055 248.416 20 20 20 96 4
