65.874 137.616 43.353 1 1 10 103 1
65.874 137.616 43.353 2 1 10 103 1
65.874 137.616 43.353 3 1 10 103 1
65.874 137.616 43.353 4 1 10 103 1
19.844 132.311 233.131 5 1 10 75 1
19.844 132.311 233.131 6 1 10 75 1
4.837 92.286 239.150 7 1 10 98 4
4.837 92.286 239.150 8 1 10 98 4
4.837 92.286 239.150 9 1 10 98 4
4.837 92.286 239.150 10 1 10 98 4
4.837 92.286 239.150 11 1 10 98 4
4.837 92.286 239.150 12 1 10 98 4
4.837 92.286 239.150 13 1 10 98 4
4.837 92.286 239.150 14 1 10 98 4
4.837 92.286 239.150 15 1 10 98 4
4.837 92.286 239.150 16 1 10 98 4
4.837 92.286 239.150 17 1 10 98 4
235.279 58.378 131.812 18 1 10 92 2
235.279 58.378 131.812 19 1 10 92 2
235.279 58.378 131.812 20 1 10 92 2
65.874 137.616 43.353 1 2 10 103 1
65.874 137.616 43.353 2 2 10 103 1
65.874 137.616 43.353 3 2 10 103 1
65.874 137.616 43.353 4 2 10 103 1
4.837 92.286 239.150 5 2 10 98 4
19.844 132.311 233.131 6 2 10 75 1
4.837 92.286 239.150 7 2 10 98 4
4.837 92.286 239.150 8 2 10 98 4
4.837 92.286 239.150 9 2 10 98 4
4.837 92.286 239.150 10 2 10 98 4
4.837 92.286 239.150 11 2 10 98 4
4.837 92.286 239.150 12 2 10 98 4
4.837 92.286 239.150 13 2 10 98 4
4.837 92.286 239.150 14 2 10 98 4
4.837 92.286 239.150 15 2 10 98 4
4.837 92.286 239.150 16 2 10 98 4
4.837 92.286 239.150 17 2 10 98 4
235.279 58.378 131.812 18 2 10 92 2
235.279 58.378 131.812 19 2 10 92 2
200.661 130.110 50.693 20 2 10 14 1
33.779 88.597 10.950 1 3 10 26 1
65.874 137.616 43.353 2 3 10 103 1
65.874 137.616 43.353 3 3 10 103 1
65.874 137.616 43.353 4 3 10 103 1
4.837 92.286 239.150 5 3 10 98 4
4.837 92.286 239.150 6 3 10 98 4
4.837 92.286 239.150 7 3 10 98 4
4.837 92.286 239.150 8 3 10 98 4
4.837 92.286 239.150 9 3 10 98 4
4.837 92.286 239.150 10 3 10 98 4
4.837 92.286 239.150 11 3 10 98 4
4.837 92.286 239.150 12 3 10 98 4
4.837 92.286 239.150 13 3 10 98 4
4.837 92.286 239.150 14 3 10 98 4
4.837 92.286 239.150 15 3 10 98 4
4.837 92.286 239.150 16 3 10 98 4
4.837 92.286 239.150 17 3 10 98 4
4.837 92.286 239.150 18 3 10 98 4
235.279 58.378 131.812 19 3 10 92 2
235.279 58.378 131.812 20 3 10 92 2
33.779 88.597 10.950 1 4 10 26 1
65.874 137.616 43.353 2 4 10 103 1
65.874 137.616 43.353 3 4 10 103 1
4.837 92.286 239.150 4 4 10 98 4
4.837 92.286 239.150 5 4 10 98 4
4.837 92.286 239.150 6 4 10 98 4
4.837 92.286 239.150 7 4 10 98 4
4.837 92.286 239.150 8 4 10 98 4
4.837 92.286 239.150 9 4 10 98 4
4.837 92.286 239.150 10 4 10 98 4
4.837 92.286 239.150 11 4 10 98 4
4.837 92.286 239.150 12 4 10 98 4
4.837 92.286 239.150 13 4 10 98 4
4.837 92.286 239.150 14 4 10 98 4
4.837 92.286 239.150 15 4 10 98 4
4.837 92.286 239.150 16 4 10 98 4
4.837 92.286 239.150 17 4 10 98 4
4.837 92.286 239.150 18 4 10 98 4
235.279 58.378 131.812 19 4 10 92 2
145.840 150.064 269.465 20 4 10 88 2
352.985 104.902 72.883 1 5 10 8 1
352.985 104.902 72.883 2 5 10 8 1
352.985 104.902 72.883 3 5 10 8 1
4.837 92.286 239.150 4 5 10 98 4
4.837 92.286 239.150 5 5 10 98 4
4.837 92.286 239.150 6 5 10 98 4
4.837 92.286 239.150 7 5 10 98 4
4.837 92.286 239.150 8 5 10 98 4
4.837 92.286 239.150 9 5 10 98 4
4.837 92.286 239.150 10 5 10 98 4
4.837 92.286 239.150 11 5 10 98 4
4.837 92.286 239.150 12 5 10 98 4
4.837 92.286 239.150 13 5 10 98 4
4.837 92.286 239.150 14 5 10 98 4
4.837 92.286 239.150 15 5 10 98 4
4.837 92.286 239.150 16 5 10 98 4
4.837 92.286 239.150 17 5 10 98 4
4.837 92.286 239.150 18 5 10 98 4
235.279 58.378 131.812 19 5 10 92 2
235.279 58.378 131.812 20 5 10 92 2
352.985 104.902 72.883 1 6 10 8 1
352.985 104.902 72.883 2 6 10 8 1
352.985 104.902 72.883 3 6 10 8 1
4.837 92.286 239.150 4 6 10 98 4
4.837 92.286 239.150 5 6 10 98 4
4.837 92.286 239.150 6 6 10 98 4
4.837 92.286 239.150 7 6 10 98 4
4.837 92.286 239.150 8 6 10 98 4
4.837 92.286 239.150 9 6 10 98 4
4.837 92.286 239.150 10 6 10 98 4
4.837 92.286 239.150 11 6 10 98 4
4.837 92.286 239.150 12 6 10 98 4
4.837 92.286 239.150 13 6 10 98 4
4.837 92.286 239.150 14 6 10 98 4
4.837 92.286 239.150 15 6 10 98 4
4.837 92.286 239.150 16 6 10 98 4
4.837 92.286 239.150 17 6 10 98 4
4.837 92.286 239.150 18 6 10 98 4
235.279 58.378 131.812 19 6 10 92 2
235.279 58.378 131.812 20 6 10 92 2
352.985 104.902 72.883 1 7 10 8 1
352.985 104.902 72.883 2 7 10 8 1
4.837 92.286 239.150 3 7 10 98 4
4.837 92.286 239.150 4 7 10 98 4
4.837 92.286 239.150 5 7 10 98 4
4.837 92.286 239.150 6 7 10 98 4
4.837 92.286 239.150 7 7 10 98 4
4.837 92.286 239.150 8 7 10 98 4
4.837 92.286 239.150 9 7 10 98 4
4.837 92.286 239.150 10 7 10 98 4
4.837 92.286 239.150 11 7 10 98 4
4.837 92.286 239.150 12 7 10 98 4
4.837 92.286 239.150 13 7 10 98 4
4.837 92.286 239.150 14 7 10 98 4
4.837 92.286 239.150 15 7 10 98 4
4.837 92.286 239.150 16 7 10 98 4
4.837 92.286 239.150 17 7 10 98 4
4.837 92.286 239.150 18 7 10 98 4
4.837 92.286 239.150 19 7 10 98 4
235.279 58.378 131.812 20 7 10 92 2
300.029 54.614 202.304 1 8 10 35 1
300.029 54.614 202.304 2 8 10 35 1
4.837 92.286 239.150 3 8 10 98 4
116.621 32.989 80.571 4 8 10 25 1
4.837 92.286 239.150 5 8 10 98 4
4.837 92.286 239.150 6 8 10 98 4
4.837 92.286 239.150 7 8 10 98 4
4.837 92.286 239.150 8 8 10 98 4
4.837 92.286 239.150 9 8 10 98 4
4.837 92.286 239.150 10 8 10 98 4
4.837 92.286 239.150 11 8 10 98 4
4.837 92.286 239.150 12 8 10 98 4
4.837 92.286 239.150 13 8 10 98 4
4.837 92.286 239.150 14 8 10 98 4
4.837 92.286 239.150 15 8 10 98 4
4.837 92.286 239.150 16 8 10 98 4
4.837 92.286 239.150 17 8 10 98 4
4.837 92.286 239.150 18 8 10 98 4
4.837 92.286 239.150 19 8 10 98 4
4.837 92.286 239.150 20 8 10 98 4
60.084 61.487 246.188 1 9 10 93 3
209.387 117.480 253.319 2 9 10 4 1
4.837 92.286 239.150 3 9 10 98 4
4.837 92.286 239.150 4 9 10 98 4
4.837 92.286 239.150 5 9 10 98 4
4.837 92.286 239.150 6 9 10 98 4
4.837 92.286 239.150 7 9 10 98 4
4.837 92.286 239.150 8 9 10 98 4
4.837 92.286 239.150 9 9 10 98 4
4.837 92.286 239.150 10 9 10 98 4
4.837 92.286 239.150 11 9 10 98 4
4.837 92.286 239.150 12 9 10 98 4
4.837 92.286 239.150 13 9 10 98 4
4.837 92.286 239.150 14 9 10 98 4
4.837 92.286 239.150 15 9 10 98 4
4.837 92.286 239.150 16 9 10 98 4
4.837 92.286 239.150 17 9 10 98 4
4.837 92.286 239.150 18 9 10 98 4
4.837 92.286 239.150 19 9 10 98 4
4.837 92.286 239.150 20 9 10 98 4
60.084 61.487 246.188 1 10 10 93 3
209.387 117.480 253.319 2 10 10 4 1
4.837 92.286 239.150 3 10 10 98 4
4.837 92.286 239.150 4 10 10 98 4
4.837 92.286 239.150 5 10 10 98 4
4.837 92.286 239.150 6 10 10 98 4
4.837 92.286 239.150 7 10 10 98 4
4.837 92.286 239.150 8 10 10 98 4
4.837 92.286 239.150 9 10 10 98 4
4.837 92.286 239.150 10 10 10 98 4
4.837 92.286 239.150 11 10 10 98 4
4.837 92.286 239.150 12 10 10 98 4
4.837 92.286 239.150 13 10 10 98 4
4.837 92.286 239.150 14 10 10 98 4
4.837 92.286 239.150 15 10 10 98 4
4.837 92.286 239.150 16 10 10 98 4
4.837 92.286 239.150 17 10 10 98 4
4.837 92.286 239.150 18 10 10 98 4
4.837 92.286 239.150 19 10 10 98 4
4.837 92.286 239.150 20 10 10 98 4
60.084 61.487 246.188 1 11 10 93 3
79.670 84.664 12.850 2 11 10 6 1
4.837 92.286 239.150 3 11 10 98 4
4.837 92.286 239.150 4 11 10 98 4
4.837 92.286 239.150 5 11 10 98 4
4.837 92.286 239.150 6 11 10 98 4
4.837 92.286 239.150 7 11 10 98 4
4.837 92.286 239.150 8 11 10 98 4
4.837 92.286 239.150 9 11 10 98 4
4.837 92.286 239.150 10 11 10 98 4
4.837 92.286 239.150 11 11 10 98 4
4.837 92.286 239.150 12 11 10 98 4
4.837 92.286 239.150 13 11 10 98 4
4.837 92.286 239.150 14 11 10 98 4
4.837 92.286 239.150 15 11 10 98 4
4.837 92.286 239.150 16 11 10 98 4
4.837 92.286 239.150 17 11 10 98 4
4.837 92.286 239.150 18 11 10 98 4
4.837 92.286 239.150 19 11 10 98 4
4.837 92.286 239.150 20 11 10 98 4
60.084 61.487 246.188 1 12 10 93 3
60.084 61.487 246.188 2 12 10 93 3
4.837 92.286 239.150 3 12 10 98 4
4.837 92.286 239.150 4 12 10 98 4
4.837 92.286 239.150 5 12 10 98 4
4.837 92.286 239.150 6 12 10 98 4
4.837 92.286 239.150 7 12 10 98 4
4.837 92.286 239.150 8 12 10 98 4
4.837 92.286 239.150 9 12 10 98 4
4.837 92.286 239.150 10 12 10 98 4
4.837 92.286 239.150 11 12 10 98 4
4.837 92.286 239.150 12 12 10 98 4
4.837 92.286 239.150 13 12 10 98 4
4.837 92.286 239.150 14 12 10 98 4
4.837 92.286 239.150 15 12 10 98 4
4.837 92.286 239.150 16 12 10 98 4
4.837 92.286 239.150 17 12 10 98 4
4.837 92.286 239.150 18 12 10 98 4
4.837 92.286 239.150 19 12 10 98 4
4.837 92.286 239.150 20 12 10 98 4
60.084 61.487 246.188 1 13 10 93 3
60.084 61.487 246.188 2 13 10 93 3
4.837 92.286 239.150 3 13 10 98 4
4.837 92.286 239.150 4 13 10 98 4
4.837 92.286 239.150 5 13 10 98 4
4.837 92.286 239.150 6 13 10 98 4
4.837 92.286 239.150 7 13 10 98 4
4.837 92.286 239.150 8 13 10 98 4
4.837 92.286 239.150 9 13 10 98 4
4.837 92.286 239.150 10 13 10 98 4
4.837 92.286 239.150 11 13 10 98 4
4.837 92.286 239.150 12 13 10 98 4
4.837 92.286 239.150 13 13 10 98 4
4.837 92.286 239.150 14 13 10 98 4
4.837 92.286 239.150 15 13 10 98 4
4.837 92.286 239.150 16 13 10 98 4
4.837 92.286 239.150 17 13 10 98 4
4.837 92.286 239.150 18 13 10 98 4
4.837 92.286 239.150 19 13 10 98 4
4.837 92.286 239.150 20 13 10 98 4
60.084 61.487 246.188 1 14 10 93 3
60.084 61.487 246.188 2 14 10 93 3
4.837 92.286 239.150 3 14 10 98 4
4.837 92.286 239.150 4 14 10 98 4
4.837 92.286 239.150 5 14 10 98 4
4.837 92.286 239.150 6 14 10 98 4
4.837 92.286 239.150 7 14 10 98 4
4.837 92.286 239.150 8 14 10 98 4
4.837 92.286 239.150 9 14 10 98 4
4.837 92.286 239.150 10 14 10 98 4
4.837 92.286 239.150 11 14 10 98 4
4.837 92.286 239.150 12 14 10 98 4
4.837 92.286 239.150 13 14 10 98 4
4.837 92.286 239.150 14 14 10 98 4
4.837 92.286 239.150 15 14 10 98 4
4.837 92.286 239.150 16 14 10 98 4
4.837 92.286 239.150 17 14 10 98 4
4.837 92.286 239.150 18 14 10 98 4
4.837 92.286 239.150 19 14 10 98 4
4.837 92.286 239.150 20 14 10 98 4
60.084 61.487 246.188 1 15 10 93 3
60.084 61.487 246.188 2 15 10 93 3
60.084 61.487 246.188 3 15 10 93 3
4.837 92.286 239.150 4 15 10 98 4
4.837 92.286 239.150 5 15 10 98 4
4.837 92.286 239.150 6 15 10 98 4
4.837 92.286 239.150 7 15 10 98 4
4.837 92.286 239.150 8 15 10 98 4
4.837 92.286 239.150 9 15 10 98 4
4.837 92.286 239.150 10 15 10 98 4
4.837 92.286 239.150 11 15 10 98 4
4.837 92.286 239.150 12 15 10 98 4
4.837 92.286 239.150 13 15 10 98 4
4.837 92.286 239.150 14 15 10 98 4
4.837 92.286 239.150 15 15 10 98 4
4.837 92.286 239.150 16 15 10 98 4
4.837 92.286 239.150 17 15 10 98 4
4.837 92.286 239.150 18 15 10 98 4
4.837 92.286 239.150 19 15 10 98 4
4.837 92.286 239.150 20 15 10 98 4
60.084 61.487 246.188 1 16 10 93 3
60.084 61.487 246.188 2 16 10 93 3
60.084 61.487 246.188 3 16 10 93 3
4.837 92.286 239.150 4 16 10 98 4
4.837 92.286 239.150 5 16 10 98 4
4.837 92.286 239.150 6 16 10 98 4
4.837 92.286 239.150 7 16 10 98 4
4.837 92.286 239.150 8 16 10 98 4
4.837 92.286 239.150 9 16 10 98 4
4.837 92.286 239.150 10 16 10 98 4
4.837 92.286 239.150 11 16 10 98 4
4.837 92.286 239.150 12 16 10 98 4
4.837 92.286 239.150 13 16 10 98 4
4.837 92.286 239.150 14 16 10 98 4
4.837 92.286 239.150 15 16 10 98 4
4.837 92.286 239.150 16 16 10 98 4
4.837 92.286 239.150 17 16 10 98 4
4.837 92.286 239.150 18 16 10 98 4
4.837 92.286 239.150 19 16 10 98 4
4.837 92.286 239.150 20 16 10 98 4
60.084 61.487 246.188 1 17 10 93 3
60.084 61.487 246.188 2 17 10 93 3
60.084 61.487 246.188 3 17 10 93 3
4.837 92.286 239.150 4 17 10 98 4
4.837 92.286 239.150 5 17 10 98 4
4.837 92.286 239.150 6 17 10 98 4
4.837 92.286 239.150 7 17 10 98 4
4.837 92.286 239.150 8 17 10 98 4
4.837 92.286 239.150 9 17 10 98 4
4.837 92.286 239.150 10 17 10 98 4
4.837 92.286 239.150 11 17 10 98 4
4.837 92.286 239.150 12 17 10 98 4
4.837 92.286 239.150 13 17 10 98 4
4.837 92.286 239.150 14 17 10 98 4
4.837 92.286 239.150 15 17 10 98 4
4.837 92.286 239.150 16 17 10 98 4
4.837 92.286 239.150 17 17 10 98 4
4.837 92.286 239.150 18 17 10 98 4
4.837 92.286 239.150 19 17 10 98 4
4.837 92.286 239.150 20 17 10 98 4
60.084 61.487 246.188 1 18 10 93 3
60.084 61.487 246.188 2 18 10 93 3
60.084 61.487 246.188 3 18 10 93 3
4.837 92.286 239.150 4 18 10 98 4
4.837 92.286 239.150 5 18 10 98 4
4.837 92.286 239.150 6 18 10 98 4
4.837 92.286 239.150 7 18 10 98 4
4.837 92.286 239.150 8 18 10 98 4
4.837 92.286 239.150 9 18 10 98 4
4.837 92.286 239.150 10 18 10 98 4
4.837 92.286 239.150 11 18 10 98 4
4.837 92.286 239.150 12 18 10 98 4
4.837 92.286 239.150 13 18 10 98 4
4.837 92.286 239.150 14 18 10 98 4
4.837 92.286 239.150 15 18 10 98 4
4.837 92.286 239.150 16 18 10 98 4
4.837 92.286 239.150 17 18 10 98 4
4.837 92.286 239.150 18 18 10 98 4
4.837 92.286 239.150 19 18 10 98 4
4.837 92.286 239.150 20 18 10 98 4
60.084 61.487 246.188 1 19 10 93 3
60.084 61.487 246.188 2 19 10 93 3
60.084 61.487 246.188 3 19 10 93 3
60.084 61.487 246.188 4 19 10 93 3
10.572 102.644 18.053 5 19 10 94 4
10.572 102.644 18.053 6 19 10 94 4
4.837 92.286 239.150 7 19 10 98 4
4.837 92.286 239.150 8 19 10 98 4
4.837 92.286 239.150 9 19 10 98 4
4.837 92.286 239.150 10 19 10 98 4
4.837 92.286 239.150 11 19 10 98 4
4.837 92.286 239.150 12 19 10 98 4
4.837 92.286 239.150 13 19 10 98 4
4.837 92.286 239.150 14 19 10 98 4
4.837 92.286 239.150 15 19 10 98 4
4.837 92.286 239.150 16 19 10 98 4
4.837 92.286 239.150 17 19 10 98 4
4.837 92.286 239.150 18 19 10 98 4
4.837 92.286 239.150 19 19 10 98 4
4.837 92.286 239.150 20 19 10 98 4
60.084 61.487 246.188 1 20 10 93 3
60.084 61.487 246.188 2 20 10 93 3
60.084 61.487 246.188 3 20 10 93 3
126.464 117.385 3.586 4 20 10 43 1
10.572 102.644 18.053 5 20 10 94 4
4.837 92.286 239.150 6 20 10 98 4
4.837 92.286 239.150 7 20 10 98 4
4.837 92.286 239.150 8 20 10 98 4
4.837 92.286 239.150 9 20 10 98 4
4.837 92.286 239.150 10 20 10 98 4
4.837 92.286 239.150 11 20 10 98 4
4.837 92.286 239.150 12 20 10 98 4
4.837 92.286 239.150 13 20 10 98 4
4.837 92.286 239.150 14 20 10 98 4
4.837 92.286 239.150 15 20 10 98 4
4.837 92.286 239.150 16 20 10 98 4
4.837 92.286 239.150 17 20 10 98 4
4.837 92.286 239.150 18 20 10 98 4
4.837 92.286 239.150 19 20 10 98 4
4.837 92.286 239.150 20 20 10 98 4
