307.972 112.810 183.606 1 1 19 97 4
307.972 112.810 183.606 2 1 19 97 4
307.972 112.810 183.606 3 1 19 97 4
307.972 112.810 183.606 4 1 19 97 4
307.972 112.810 183.606 5 1 19 97 4
307.972 112.810 183.606 6 1 19 97 4
295.407 40.510 86.615 7 1 19 48 1
295.407 40.510 86.615 8 1 19 48 1
295.407 40.510 86.615 9 1 19 48 1
295.407 40.510 86.615 10 1 19 48 1
261.832 161.592 164.132 11 1 19 95 4
261.832 161.592 164.132 12 1 19 95 4
261.832 161.592 164.132 13 1 19 95 4
261.832 161.592 164.132 14 1 19 95 4
261.832 161.592 164.132 15 1 19 95 4
261.832 161.592 164.132 16 1 19 95 4
261.832 161.592 164.132 17 1 19 95 4
261.832 161.592 164.132 18 1 19 95 4
261.832 161.592 164.132 19 1 19 95 4
261.832 161.592 164.132 20 1 19 95 4
307.972 112.810 183.606 1 2 19 97 4
307.972 112.810 183.606 2 2 19 97 4
307.972 112.810 183.606 3 2 19 97 4
307.972 112.810 183.606 4 2 19 97 4
137.851 102.456 140.796 5 2 19 83 2
307.972 112.810 183.606 6 2 19 97 4
295.407 40.510 86.615 7 2 19 48 1
295.407 40.510 86.615 8 2 19 48 1
295.407 40.510 86.615 9 2 19 48 1
166.196 100.275 239.345 10 2 19 108 1
166.196 100.275 239.345 11 2 19 108 1
261.832 161.592 164.132 12 2 19 95 4
261.832 161.592 164.132 13 2 19 95 4
261.832 161.592 164.132 14 2 19 95 4
261.832 161.592 164.132 15 2 19 95 4
261.832 161.592 164.132 16 2 19 95 4
261.832 161.592 164.132 17 2 19 95 4
261.832 161.592 164.132 18 2 19 95 4
261.832 161.592 164.132 19 2 19 95 4
261.832 161.592 164.132 20 2 19 95 4
307.972 112.810 183.606 1 3 19 97 4
307.972 112.810 183.606 2 3 19 97 4
307.972 112.810 183.606 3 3 19 97 4
307.972 112.810 183.606 4 3 19 97 4
307.972 112.810 183.606 5 3 19 97 4
295.407 40.510 86.615 6 3 19 48 1
295.407 40.510 86.615 7 3 19 48 1
295.407 40.510 86.615 8 3 19 48 1
191.415 102.137 36.956 9 3 19 38 1
166.196 100.275 239.345 10 3 19 108 1
166.196 100.275 239.345 11 3 19 108 1
261.832 161.592 164.132 12 3 19 95 4
261.832 161.592 164.132 13 3 19 95 4
261.832 161.592 164.132 14 3 19 95 4
261.832 161.592 164.132 15 3 19 95 4
261.832 161.592 164.132 16 3 19 95 4
261.832 161.592 164.132 17 3 19 95 4
261.832 161.592 164.132 18 3 19 95 4
261.832 161.592 164.132 19 3 19 95 4
261.832 161.592 164.132 20 3 19 95 4
307.972 112.810 183.606 1 4 19 97 4
307.972 112.810 183.606 2 4 19 97 4
307.972 112.810 183.606 3 4 19 97 4
307.972 112.810 183.606 4 4 19 97 4
295.407 40.510 86.615 5 4 19 48 1
295.407 40.510 86.615 6 4 19 48 1
295.407 40.510 86.615 7 4 19 48 1
295.407 40.510 86.615 8 4 19 48 1
191.415 102.137 36.956 9 4 19 38 1
156.443 133.584 175.940 10 4 19 49 1
4.837 92.286 239.150 11 4 19 98 4
261.832 161.592 164.132 12 4 19 95 4
261.832 161.592 164.132 13 4 19 95 4
261.832 161.592 164.132 14 4 19 95 4
261.832 161.592 164.132 15 4 19 95 4
261.832 161.592 164.132 16 4 19 95 4
261.832 161.592 164.132 17 4 19 95 4
261.832 161.592 164.132 18 4 19 95 4
261.832 161.592 164.132 19 4 19 95 4
261.832 161.592 164.132 20 4 19 95 4
307.972 112.810 183.606 1 5 19 97 4
307.972 112.810 183.606 2 5 19 97 4
116.959 171.985 15.670 3 5 19 21 1
295.407 40.510 86.615 4 5 19 48 1
295.407 40.510 86.615 5 5 19 48 1
265.615 46.092 293.674 6 5 19 36 1
265.615 46.092 293.674 7 5 19 36 1
265.615 46.092 293.674 8 5 19 36 1
191.415 102.137 36.956 9 5 19 38 1
4.837 92.286 239.150 10 5 19 98 4
4.837 92.286 239.150 11 5 19 98 4
218.381 82.597 82.920 12 5 19 70 1
261.832 161.592 164.132 13 5 19 95 4
261.832 161.592 164.132 14 5 19 95 4
261.832 161.592 164.132 15 5 19 95 4
261.832 161.592 164.132 16 5 19 95 4
261.832 161.592 164.132 17 5 19 95 4
261.832 161.592 164.132 18 5 19 95 4
261.832 161.592 164.132 19 5 19 95 4
261.832 161.592 164.132 20 5 19 95 4
147.582 96.746 211.145 1 6 19 111 2
147.582 96.746 211.145 2 6 19 111 2
147.582 96.746 211.145 3 6 19 111 2
295.407 40.510 86.615 4 6 19 48 1
295.407 40.510 86.615 5 6 19 48 1
265.615 46.092 293.674 6 6 19 36 1
265.615 46.092 293.674 7 6 19 36 1
4.837 92.286 239.150 8 6 19 98 4
4.837 92.286 239.150 9 6 19 98 4
4.837 92.286 239.150 10 6 19 98 4
4.837 92.286 239.150 11 6 19 98 4
4.837 92.286 239.150 12 6 19 98 4
4.837 92.286 239.150 13 6 19 98 4
4.837 92.286 239.150 14 6 19 98 4
261.832 161.592 164.132 15 6 19 95 4
261.832 161.592 164.132 16 6 19 95 4
261.832 161.592 164.132 17 6 19 95 4
261.832 161.592 164.132 18 6 19 95 4
261.832 161.592 164.132 19 6 19 95 4
261.832 161.592 164.132 20 6 19 95 4
147.582 96.746 211.145 1 7 19 111 2
147.582 96.746 211.145 2 7 19 111 2
147.582 96.746 211.145 3 7 19 111 2
240.428 19.814 306.403 4 7 19 80 2
240.428 19.814 306.403 5 7 19 80 2
4.837 92.286 239.150 6 7 19 98 4
4.837 92.286 239.150 7 7 19 98 4
4.622 111.097 354.912 8 7 19 58 1
4.622 111.097 354.912 9 7 19 58 1
4.837 92.286 239.150 10 7 19 98 4
4.837 92.286 239.150 11 7 19 98 4
4.837 92.286 239.150 12 7 19 98 4
4.837 92.286 239.150 13 7 19 98 4
4.837 92.286 239.150 14 7 19 98 4
4.837 92.286 239.150 15 7 19 98 4
261.832 161.592 164.132 16 7 19 95 4
261.832 161.592 164.132 17 7 19 95 4
261.832 161.592 164.132 18 7 19 95 4
261.832 161.592 164.132 19 7 19 95 4
261.832 161.592 164.132 20 7 19 95 4
147.582 96.746 211.145 1 8 19 111 2
147.582 96.746 211.145 2 8 19 111 2
147.582 96.746 211.145 3 8 19 111 2
240.428 19.814 306.403 4 8 19 80 2
240.428 19.814 306.403 5 8 19 80 2
4.837 92.286 239.150 6 8 19 98 4
4.837 92.286 239.150 7 8 19 98 4
4.622 111.097 354.912 8 8 19 58 1
4.622 111.097 354.912 9 8 19 58 1
4.837 92.286 239.150 10 8 19 98 4
4.837 92.286 239.150 11 8 19 98 4
4.837 92.286 239.150 12 8 19 98 4
4.837 92.286 239.150 13 8 19 98 4
4.837 92.286 239.150 14 8 19 98 4
4.837 92.286 239.150 15 8 19 98 4
4.837 92.286 239.150 16 8 19 98 4
261.832 161.592 164.132 17 8 19 95 4
62.931 61.597 152.020 18 8 19 109 1
62.931 61.597 152.020 19 8 19 109 1
62.931 61.597 152.020 20 8 19 109 1
54.501 126.419 56.799 1 9 19 60 1
54.501 126.419 56.799 2 9 19 60 1
240.428 19.814 306.403 3 9 19 80 2
240.428 19.814 306.403 4 9 19 80 2
240.428 19.814 306.403 5 9 19 80 2
4.837 92.286 239.150 6 9 19 98 4
4.837 92.286 239.150 7 9 19 98 4
4.837 92.286 239.150 8 9 19 98 4
4.837 92.286 239.150 9 9 19 98 4
4.837 92.286 239.150 10 9 19 98 4
4.837 92.286 239.150 11 9 19 98 4
4.837 92.286 239.150 12 9 19 98 4
4.837 92.286 239.150 13 9 19 98 4
4.837 92.286 239.150 14 9 19 98 4
4.837 92.286 239.150 15 9 19 98 4
4.837 92.286 239.150 16 9 19 98 4
62.931 61.597 152.020 17 9 19 109 1
62.931 61.597 152.020 18 9 19 109 1
62.931 61.597 152.020 19 9 19 109 1
62.931 61.597 152.020 20 9 19 109 1
54.501 126.419 56.799 1 10 19 60 1
54.501 126.419 56.799 2 10 19 60 1
240.428 19.814 306.403 3 10 19 80 2
240.428 19.814 306.403 4 10 19 80 2
240.428 19.814 306.403 5 10 19 80 2
240.428 19.814 306.403 6 10 19 80 2
4.837 92.286 239.150 7 10 19 98 4
4.837 92.286 239.150 8 10 19 98 4
4.837 92.286 239.150 9 10 19 98 4
4.837 92.286 239.150 10 10 19 98 4
4.837 92.286 239.150 11 10 19 98 4
4.837 92.286 239.150 12 10 19 98 4
4.837 92.286 239.150 13 10 19 98 4
4.837 92.286 239.150 14 10 19 98 4
4.837 92.286 239.150 15 10 19 98 4
4.837 92.286 239.150 16 10 19 98 4
4.837 92.286 239.150 17 10 19 98 4
62.931 61.597 152.020 18 10 19 109 1
62.931 61.597 152.020 19 10 19 109 1
62.931 61.597 152.020 20 10 19 109 1
67.340 43.579 173.824 1 11 19 54 1
67.340 43.579 173.824 2 11 19 54 1
67.340 43.579 173.824 3 11 19 54 1
240.428 19.814 306.403 4 11 19 80 2
240.428 19.814 306.403 5 11 19 80 2
240.428 19.814 306.403 6 11 19 80 2
4.837 92.286 239.150 7 11 19 98 4
4.837 92.286 239.150 8 11 19 98 4
4.837 92.286 239.150 9 11 19 98 4
4.837 92.286 239.150 10 11 19 98 4
4.837 92.286 239.150 11 11 19 98 4
4.837 92.286 239.150 12 11 19 98 4
4.837 92.286 239.150 13 11 19 98 4
4.837 92.286 239.150 14 11 19 98 4
4.837 92.286 239.150 15 11 19 98 4
4.837 92.286 239.150 16 11 19 98 4
4.837 92.286 239.150 17 11 19 98 4
4.837 92.286 239.150 18 11 19 98 4
4.837 92.286 239.150 19 11 19 98 4
62.931 61.597 152.020 20 11 19 109 1
67.340 43.579 173.824 1 12 19 54 1
67.340 43.579 173.824 2 12 19 54 1
67.340 43.579 173.824 3 12 19 54 1
240.428 19.814 306.403 4 12 19 80 2
240.428 19.814 306.403 5 12 19 80 2
4.837 92.286 239.150 6 12 19 98 4
4.837 92.286 239.150 7 12 19 98 4
4.837 92.286 239.150 8 12 19 98 4
4.837 92.286 239.150 9 12 19 98 4
4.837 92.286 239.150 10 12 19 98 4
4.837 92.286 239.150 11 12 19 98 4
4.837 92.286 239.150 12 12 19 98 4
4.837 92.286 239.150 13 12 19 98 4
4.837 92.286 239.150 14 12 19 98 4
4.837 92.286 239.150 15 12 19 98 4
4.837 92.286 239.150 16 12 19 98 4
4.837 92.286 239.150 17 12 19 98 4
4.837 92.286 239.150 18 12 19 98 4
4.837 92.286 239.150 19 12 19 98 4
4.837 92.286 239.150 20 12 19 98 4
39.964 53.619 210.042 1 13 19 31 1
67.340 43.579 173.824 2 13 19 54 1
67.340 43.579 173.824 3 13 19 54 1
240.428 19.814 306.403 4 13 19 80 2
240.428 19.814 306.403 5 13 19 80 2
4.837 92.286 239.150 6 13 19 98 4
4.837 92.286 239.150 7 13 19 98 4
4.837 92.286 239.150 8 13 19 98 4
4.837 92.286 239.150 9 13 19 98 4
4.837 92.286 239.150 10 13 19 98 4
4.837 92.286 239.150 11 13 19 98 4
4.837 92.286 239.150 12 13 19 98 4
4.837 92.286 239.150 13 13 19 98 4
4.837 92.286 239.150 14 13 19 98 4
4.837 92.286 239.150 15 13 19 98 4
4.837 92.286 239.150 16 13 19 98 4
4.837 92.286 239.150 17 13 19 98 4
4.837 92.286 239.150 18 13 19 98 4
4.837 92.286 239.150 19 13 19 98 4
4.837 92.286 239.150 20 13 19 98 4
39.964 53.619 210.042 1 14 19 31 1
39.964 53.619 210.042 2 14 19 31 1
39.964 53.619 210.042 3 14 19 31 1
4.837 92.286 239.150 4 14 19 98 4
4.837 92.286 239.150 5 14 19 98 4
4.837 92.286 239.150 6 14 19 98 4
4.837 92.286 239.150 7 14 19 98 4
4.837 92.286 239.150 8 14 19 98 4
4.837 92.286 239.150 9 14 19 98 4
4.837 92.286 239.150 10 14 19 98 4
4.837 92.286 239.150 11 14 19 98 4
4.837 92.286 239.150 12 14 19 98 4
4.837 92.286 239.150 13 14 19 98 4
4.837 92.286 239.150 14 14 19 98 4
4.837 92.286 239.150 15 14 19 98 4
4.837 92.286 239.150 16 14 19 98 4
4.837 92.286 239.150 17 14 19 98 4
4.837 92.286 239.150 18 14 19 98 4
4.837 92.286 239.150 19 14 19 98 4
4.837 92.286 239.150 20 14 19 98 4
39.964 53.619 210.042 1 15 19 31 1
39.964 53.619 210.042 2 15 19 31 1
4.837 92.286 239.150 3 15 19 98 4
4.837 92.286 239.150 4 15 19 98 4
4.837 92.286 239.150 5 15 19 98 4
4.837 92.286 239.150 6 15 19 98 4
4.837 92.286 239.150 7 15 19 98 4
4.837 92.286 239.150 8 15 19 98 4
4.837 92.286 239.150 9 15 19 98 4
4.837 92.286 239.150 10 15 19 98 4
4.837 92.286 239.150 11 15 19 98 4
4.837 92.286 239.150 12 15 19 98 4
4.837 92.286 239.150 13 15 19 98 4
4.837 92.286 239.150 14 15 19 98 4
4.837 92.286 239.150 15 15 19 98 4
4.837 92.286 239.150 16 15 19 98 4
4.837 92.286 239.150 17 15 19 98 4
4.837 92.286 239.150 18 15 19 98 4
4.837 92.286 239.150 19 15 19 98 4
4.837 92.286 239.150 20 15 19 98 4
39.964 53.619 210.042 1 16 19 31 1
39.964 53.619 210.042 2 16 19 31 1
4.837 92.286 239.150 3 16 19 98 4
4.837 92.286 239.150 4 16 19 98 4
4.837 92.286 239.150 5 16 19 98 4
4.837 92.286 239.150 6 16 19 98 4
4.837 92.286 239.150 7 16 19 98 4
4.837 92.286 239.150 8 16 19 98 4
4.837 92.286 239.150 9 16 19 98 4
4.837 92.286 239.150 10 16 19 98 4
4.837 92.286 239.150 11 16 19 98 4
4.837 92.286 239.150 12 16 19 98 4
4.837 92.286 239.150 13 16 19 98 4
4.837 92.286 239.150 14 16 19 98 4
4.837 92.286 239.150 15 16 19 98 4
4.837 92.286 239.150 16 16 19 98 4
4.837 92.286 239.150 17 16 19 98 4
4.837 92.286 239.150 18 16 19 98 4
4.837 92.286 239.150 19 16 19 98 4
4.837 92.286 239.150 20 16 19 98 4
39.964 53.619 210.042 1 17 19 31 1
4.837 92.286 239.150 2 17 19 98 4
4.837 92.286 239.150 3 17 19 98 4
4.837 92.286 239.150 4 17 19 98 4
4.837 92.286 239.150 5 17 19 98 4
4.837 92.286 239.150 6 17 19 98 4
4.837 92.286 239.150 7 17 19 98 4
4.837 92.286 239.150 8 17 19 98 4
4.837 92.286 239.150 9 17 19 98 4
4.837 92.286 239.150 10 17 19 98 4
4.837 92.286 239.150 11 17 19 98 4
4.837 92.286 239.150 12 17 19 98 4
4.837 92.286 239.150 13 17 19 98 4
4.837 92.286 239.150 14 17 19 98 4
4.837 92.286 239.150 15 17 19 98 4
4.837 92.286 239.150 16 17 19 98 4
4.837 92.286 239.150 17 17 19 98 4
4.837 92.286 239.150 18 17 19 98 4
4.837 92.286 239.150 19 17 19 98 4
290.480 123.055 248.416 20 17 19 96 4
62.142 85.111 244.065 1 18 19 64 1
302.422 135.302 159.004 2 18 19 79 1
302.422 135.302 159.004 3 18 19 79 1
4.837 92.286 239.150 4 18 19 98 4
4.837 92.286 239.150 5 18 19 98 4
4.837 92.286 239.150 6 18 19 98 4
4.837 92.286 239.150 7 18 19 98 4
4.837 92.286 239.150 8 18 19 98 4
4.837 92.286 239.150 9 18 19 98 4
4.837 92.286 239.150 10 18 19 98 4
4.837 92.286 239.150 11 18 19 98 4
4.837 92.286 239.150 12 18 19 98 4
4.837 92.286 239.150 13 18 19 98 4
4.837 92.286 239.150 14 18 19 98 4
4.837 92.286 239.150 15 18 19 98 4
4.837 92.286 239.150 16 18 19 98 4
4.837 92.286 239.150 17 18 19 98 4
4.837 92.286 239.150 18 18 19 98 4
290.480 123.055 248.416 19 18 19 96 4
290.480 123.055 248.416 20 18 19 96 4
62.142 85.111 244.065 1 19 19 64 1
62.142 85.111 244.065 2 19 19 64 1
302.422 135.302 159.004 3 19 19 79 1
4.837 92.286 239.150 4 19 19 98 4
4.837 92.286 239.150 5 19 19 98 4
4.837 92.286 239.150 6 19 19 98 4
4.837 92.286 239.150 7 19 19 98 4
4.837 92.286 239.150 8 19 19 98 4
4.837 92.286 239.150 9 19 19 98 4
4.837 92.286 239.150 10 19 19 98 4
4.837 92.286 239.150 11 19 19 98 4
4.837 92.286 239.150 12 19 19 98 4
4.837 92.286 239.150 13 19 19 98 4
4.837 92.286 239.150 14 19 19 98 4
4.837 92.286 239.150 15 19 19 98 4
4.837 92.286 239.150 16 19 19 98 4
4.837 92.286 239.150 17 19 19 98 4
4.837 92.286 239.150 18 19 19 98 4
290.480 123.055 248.416 19 19 19 96 4
290.480 123.055 248.416 20 19 19 96 4
62.142 85.111 244.065 1 20 19 64 1
62.142 85.111 244.065 2 20 19 64 1
4.837 92.286 239.150 3 20 19 98 4
4.837 92.286 239.150 4 20 19 98 4
4.837 92.286 239.150 5 20 19 98 4
4.837 92.286 239.150 6 20 19 98 4
4.837 92.286 239.150 7 20 19 98 4
4.837 92.286 239.150 8 20 19 98 4
4.837 92.286 239.150 9 20 19 98 4
4.837 92.286 239.150 10 20 19 98 4
4.837 92.286 239.150 11 20 19 98 4
4.837 92.286 239.150 12 20 19 98 4
4.837 92.286 239.150 13 20 19 98 4
4.837 92.286 239.150 14 20 19 98 4
4.837 92.286 239.150 15 20 19 98 4
4.837 92.286 239.150 16 20 19 98 4
4.837 92.286 239.150 17 20 19 98 4
4.837 92.286 239.150 18 20 19 98 4
290.480 123.055 248.416 19 20 19 96 4
290.480 123.055 248.416 20 20 19 96 4
