60.084 61.487 246.188 1 1 1 93 3
60.084 61.487 246.188 2 1 1 93 3
4.837 92.286 239.150 3 1 1 98 4
4.837 92.286 239.150 4 1 1 98 4
4.837 92.286 239.150 5 1 1 98 4
4.837 92.286 239.150 6 1 1 98 4
4.837 92.286 239.150 7 1 1 98 4
4.837 92.286 239.150 8 1 1 98 4
4.837 92.286 239.150 9 1 1 98 4
4.837 92.286 239.150 10 1 1 98 4
4.837 92.286 239.150 11 1 1 98 4
4.837 92.286 239.150 12 1 1 98 4
4.837 92.286 239.150 13 1 1 98 4
4.837 92.286 239.150 14 1 1 98 4
4.837 92.286 239.150 15 1 1 98 4
4.837 92.286 239.150 16 1 1 98 4
4.837 92.286 239.150 17 1 1 98 4
4.837 92.286 239.150 18 1 1 98 4
4.837 92.286 239.150 19 1 1 98 4
54.800 22.980 168.274 20 1 1 61 1
60.084 61.487 246.188 1 2 1 93 3
60.084 61.487 246.188 2 2 1 93 3
4.837 92.286 239.150 3 2 1 98 4
4.837 92.286 239.150 4 2 1 98 4
4.837 92.286 239.150 5 2 1 98 4
4.837 92.286 239.150 6 2 1 98 4
4.837 92.286 239.150 7 2 1 98 4
4.837 92.286 239.150 8 2 1 98 4
4.837 92.286 239.150 9 2 1 98 4
4.837 92.286 239.150 10 2 1 98 4
4.837 92.286 239.150 11 2 1 98 4
4.837 92.286 239.150 12 2 1 98 4
4.837 92.286 239.150 13 2 1 98 4
4.837 92.286 239.150 14 2 1 98 4
4.837 92.286 239.150 15 2 1 98 4
4.837 92.286 239.150 16 2 1 98 4
4.837 92.286 239.150 17 2 1 98 4
4.837 92.286 239.150 18 2 1 98 4
4.837 92.286 239.150 19 2 1 98 4
54.800 22.980 168.274 20 2 1 61 1
60.084 61.487 246.188 1 3 1 93 3
60.084 61.487 246.188 2 3 1 93 3
4.837 92.286 239.150 3 3 1 98 4
4.837 92.286 239.150 4 3 1 98 4
4.837 92.286 239.150 5 3 1 98 4
4.837 92.286 239.150 6 3 1 98 4
4.837 92.286 239.150 7 3 1 98 4
4.837 92.286 239.150 8 3 1 98 4
4.837 92.286 239.150 9 3 1 98 4
4.837 92.286 239.150 10 3 1 98 4
4.837 92.286 239.150 11 3 1 98 4
4.837 92.286 239.150 12 3 1 98 4
4.837 92.286 239.150 13 3 1 98 4
4.837 92.286 239.150 14 3 1 98 4
4.837 92.286 239.150 15 3 1 98 4
4.837 92.286 239.150 16 3 1 98 4
4.837 92.286 239.150 17 3 1 98 4
4.837 92.286 239.150 18 3 1 98 4
4.837 92.286 239.150 19 3 1 98 4
54.800 22.980 168.274 20 3 1 61 1
60.084 61.487 246.188 1 4 1 93 3
60.084 61.487 246.188 2 4 1 93 3
60.084 61.487 246.188 3 4 1 93 3
4.837 92.286 239.150 4 4 1 98 4
4.837 92.286 239.150 5 4 1 98 4
4.837 92.286 239.150 6 4 1 98 4
4.837 92.286 239.150 7 4 1 98 4
4.837 92.286 239.150 8 4 1 98 4
4.837 92.286 239.150 9 4 1 98 4
4.837 92.286 239.150 10 4 1 98 4
4.837 92.286 239.150 11 4 1 98 4
4.837 92.286 239.150 12 4 1 98 4
4.837 92.286 239.150 13 4 1 98 4
4.837 92.286 239.150 14 4 1 98 4
4.837 92.286 239.150 15 4 1 98 4
4.837 92.286 239.150 16 4 1 98 4
4.837 92.286 239.150 17 4 1 98 4
4.837 92.286 239.150 18 4 1 98 4
4.837 92.286 239.150 19 4 1 98 4
54.800 22.980 168.274 20 4 1 61 1
60.084 61.487 246.188 1 5 1 93 3
60.084 61.487 246.188 2 5 1 93 3
60.084 61.487 246.188 3 5 1 93 3
4.837 92.286 239.150 4 5 1 98 4
4.837 92.286 239.150 5 5 1 98 4
4.837 92.286 239.150 6 5 1 98 4
4.837 92.286 239.150 7 5 1 98 4
4.837 92.286 239.150 8 5 1 98 4
4.837 92.286 239.150 9 5 1 98 4
4.837 92.286 239.150 10 5 1 98 4
4.837 92.286 239.150 11 5 1 98 4
4.837 92.286 239.150 12 5 1 98 4
4.837 92.286 239.150 13 5 1 98 4
4.837 92.286 239.150 14 5 1 98 4
4.837 92.286 239.150 15 5 1 98 4
4.837 92.286 239.150 16 5 1 98 4
4.837 92.286 239.150 17 5 1 98 4
4.837 92.286 239.150 18 5 1 98 4
4.837 92.286 239.150 19 5 1 98 4
4.837 92.286 239.150 20 5 1 98 4
60.084 61.487 246.188 1 6 1 93 3
60.084 61.487 246.188 2 6 1 93 3
60.084 61.487 246.188 3 6 1 93 3
4.837 92.286 239.150 4 6 1 98 4
4.837 92.286 239.150 5 6 1 98 4
4.837 92.286 239.150 6 6 1 98 4
4.837 92.286 239.150 7 6 1 98 4
4.837 92.286 239.150 8 6 1 98 4
4.837 92.286 239.150 9 6 1 98 4
4.837 92.286 239.150 10 6 1 98 4
4.837 92.286 239.150 11 6 1 98 4
4.837 92.286 239.150 12 6 1 98 4
4.837 92.286 239.150 13 6 1 98 4
4.837 92.286 239.150 14 6 1 98 4
4.837 92.286 239.150 15 6 1 98 4
4.837 92.286 239.150 16 6 1 98 4
4.837 92.286 239.150 17 6 1 98 4
4.837 92.286 239.150 18 6 1 98 4
4.837 92.286 239.150 19 6 1 98 4
4.837 92.286 239.150 20 6 1 98 4
60.084 61.487 246.188 1 7 1 93 3
60.084 61.487 246.188 2 7 1 93 3
60.084 61.487 246.188 3 7 1 93 3
60.084 61.487 246.188 4 7 1 93 3
4.837 92.286 239.150 5 7 1 98 4
4.837 92.286 239.150 6 7 1 98 4
4.837 92.286 239.150 7 7 1 98 4
4.837 92.286 239.150 8 7 1 98 4
4.837 92.286 239.150 9 7 1 98 4
4.837 92.286 239.150 10 7 1 98 4
4.837 92.286 239.150 11 7 1 98 4
4.837 92.286 239.150 12 7 1 98 4
4.837 92.286 239.150 13 7 1 98 4
4.837 92.286 239.150 14 7 1 98 4
4.837 92.286 239.150 15 7 1 98 4
4.837 92.286 239.150 16 7 1 98 4
4.837 92.286 239.150 17 7 1 98 4
4.837 92.286 239.150 18 7 1 98 4
4.837 92.286 239.150 19 7 1 98 4
4.837 92.286 239.150 20 7 1 98 4
60.084 61.487 246.188 1 8 1 93 3
60.084 61.487 246.188 2 8 1 93 3
60.084 61.487 246.188 3 8 1 93 3
60.084 61.487 246.188 4 8 1 93 3
4.837 92.286 239.150 5 8 1 98 4
4.837 92.286 239.150 6 8 1 98 4
4.837 92.286 239.150 7 8 1 98 4
4.837 92.286 239.150 8 8 1 98 4
4.837 92.286 239.150 9 8 1 98 4
4.837 92.286 239.150 10 8 1 98 4
4.837 92.286 239.150 11 8 1 98 4
4.837 92.286 239.150 12 8 1 98 4
4.837 92.286 239.150 13 8 1 98 4
4.837 92.286 239.150 14 8 1 98 4
4.837 92.286 239.150 15 8 1 98 4
4.837 92.286 239.150 16 8 1 98 4
4.837 92.286 239.150 17 8 1 98 4
4.837 92.286 239.150 18 8 1 98 4
4.837 92.286 239.150 19 8 1 98 4
4.837 92.286 239.150 20 8 1 98 4
60.084 61.487 246.188 1 9 1 93 3
60.084 61.487 246.188 2 9 1 93 3
60.084 61.487 246.188 3 9 1 93 3
60.084 61.487 246.188 4 9 1 93 3
4.837 92.286 239.150 5 9 1 98 4
4.837 92.286 239.150 6 9 1 98 4
4.837 92.286 239.150 7 9 1 98 4
4.837 92.286 239.150 8 9 1 98 4
4.837 92.286 239.150 9 9 1 98 4
4.837 92.286 239.150 10 9 1 98 4
4.837 92.286 239.150 11 9 1 98 4
4.837 92.286 239.150 12 9 1 98 4
4.837 92.286 239.150 13 9 1 98 4
4.837 92.286 239.150 14 9 1 98 4
4.837 92.286 239.150 15 9 1 98 4
4.837 92.286 239.150 16 9 1 98 4
4.837 92.286 239.150 17 9 1 98 4
4.837 92.286 239.150 18 9 1 98 4
4.837 92.286 239.150 19 9 1 98 4
4.837 92.286 239.150 20 9 1 98 4
60.084 61.487 246.188 1 10 1 93 3
60.084 61.487 246.188 2 10 1 93 3
60.084 61.487 246.188 3 10 1 93 3
60.084 61.487 246.188 4 10 1 93 3
60.084 61.487 246.188 5 10 1 93 3
4.837 92.286 239.150 6 10 1 98 4
4.837 92.286 239.150 7 10 1 98 4
4.837 92.286 239.150 8 10 1 98 4
4.837 92.286 239.150 9 10 1 98 4
4.837 92.286 239.150 10 10 1 98 4
4.837 92.286 239.150 11 10 1 98 4
4.837 92.286 239.150 12 10 1 98 4
4.837 92.286 239.150 13 10 1 98 4
4.837 92.286 239.150 14 10 1 98 4
4.837 92.286 239.150 15 10 1 98 4
4.837 92.286 239.150 16 10 1 98 4
4.837 92.286 239.150 17 10 1 98 4
4.837 92.286 239.150 18 10 1 98 4
4.837 92.286 239.150 19 10 1 98 4
4.837 92.286 239.150 20 10 1 98 4
60.084 61.487 246.188 1 11 1 93 3
60.084 61.487 246.188 2 11 1 93 3
60.084 61.487 246.188 3 11 1 93 3
60.084 61.487 246.188 4 11 1 93 3
60.084 61.487 246.188 5 11 1 93 3
4.837 92.286 239.150 6 11 1 98 4
4.837 92.286 239.150 7 11 1 98 4
4.837 92.286 239.150 8 11 1 98 4
4.837 92.286 239.150 9 11 1 98 4
4.837 92.286 239.150 10 11 1 98 4
4.837 92.286 239.150 11 11 1 98 4
4.837 92.286 239.150 12 11 1 98 4
4.837 92.286 239.150 13 11 1 98 4
4.837 92.286 239.150 14 11 1 98 4
4.837 92.286 239.150 15 11 1 98 4
4.837 92.286 239.150 16 11 1 98 4
4.837 92.286 239.150 17 11 1 98 4
4.837 92.286 239.150 18 11 1 98 4
4.837 92.286 239.150 19 11 1 98 4
4.837 92.286 239.150 20 11 1 98 4
60.084 61.487 246.188 1 12 1 93 3
60.084 61.487 246.188 2 12 1 93 3
60.084 61.487 246.188 3 12 1 93 3
60.084 61.487 246.188 4 12 1 93 3
60.084 61.487 246.188 5 12 1 93 3
60.084 61.487 246.188 6 12 1 93 3
4.837 92.286 239.150 7 12 1 98 4
4.837 92.286 239.150 8 12 1 98 4
4.837 92.286 239.150 9 12 1 98 4
4.837 92.286 239.150 10 12 1 98 4
4.837 92.286 239.150 11 12 1 98 4
4.837 92.286 239.150 12 12 1 98 4
4.837 92.286 239.150 13 12 1 98 4
4.837 92.286 239.150 14 12 1 98 4
4.837 92.286 239.150 15 12 1 98 4
4.837 92.286 239.150 16 12 1 98 4
4.837 92.286 239.150 17 12 1 98 4
4.837 92.286 239.150 18 12 1 98 4
4.837 92.286 239.150 19 12 1 98 4
4.837 92.286 239.150 20 12 1 98 4
60.084 61.487 246.188 1 13 1 93 3
60.084 61.487 246.188 2 13 1 93 3
60.084 61.487 246.188 3 13 1 93 3
60.084 61.487 246.188 4 13 1 93 3
60.084 61.487 246.188 5 13 1 93 3
60.084 61.487 246.188 6 13 1 93 3
4.837 92.286 239.150 7 13 1 98 4
4.837 92.286 239.150 8 13 1 98 4
4.837 92.286 239.150 9 13 1 98 4
4.837 92.286 239.150 10 13 1 98 4
4.837 92.286 239.150 11 13 1 98 4
4.837 92.286 239.150 12 13 1 98 4
4.837 92.286 239.150 13 13 1 98 4
4.837 92.286 239.150 14 13 1 98 4
4.837 92.286 239.150 15 13 1 98 4
4.837 92.286 239.150 16 13 1 98 4
4.837 92.286 239.150 17 13 1 98 4
4.837 92.286 239.150 18 13 1 98 4
4.837 92.286 239.150 19 13 1 98 4
4.837 92.286 239.150 20 13 1 98 4
60.084 61.487 246.188 1 14 1 93 3
60.084 61.487 246.188 2 14 1 93 3
60.084 61.487 246.188 3 14 1 93 3
60.084 61.487 246.188 4 14 1 93 3
60.084 61.487 246.188 5 14 1 93 3
60.084 61.487 246.188 6 14 1 93 3
4.837 92.286 239.150 7 14 1 98 4
4.837 92.286 239.150 8 14 1 98 4
4.837 92.286 239.150 9 14 1 98 4
4.837 92.286 239.150 10 14 1 98 4
4.837 92.286 239.150 11 14 1 98 4
4.837 92.286 239.150 12 14 1 98 4
4.837 92.286 239.150 13 14 1 98 4
4.837 92.286 239.150 14 14 1 98 4
4.837 92.286 239.150 15 14 1 98 4
4.837 92.286 239.150 16 14 1 98 4
4.837 92.286 239.150 17 14 1 98 4
4.837 92.286 239.150 18 14 1 98 4
4.837 92.286 239.150 19 14 1 98 4
4.837 92.286 239.150 20 14 1 98 4
60.084 61.487 246.188 1 15 1 93 3
60.084 61.487 246.188 2 15 1 93 3
60.084 61.487 246.188 3 15 1 93 3
60.084 61.487 246.188 4 15 1 93 3
60.084 61.487 246.188 5 15 1 93 3
60.084 61.487 246.188 6 15 1 93 3
60.084 61.487 246.188 7 15 1 93 3
4.837 92.286 239.150 8 15 1 98 4
4.837 92.286 239.150 9 15 1 98 4
4.837 92.286 239.150 10 15 1 98 4
4.837 92.286 239.150 11 15 1 98 4
4.837 92.286 239.150 12 15 1 98 4
4.837 92.286 239.150 13 15 1 98 4
4.837 92.286 239.150 14 15 1 98 4
4.837 92.286 239.150 15 15 1 98 4
4.837 92.286 239.150 16 15 1 98 4
4.837 92.286 239.150 17 15 1 98 4
4.837 92.286 239.150 18 15 1 98 4
4.837 92.286 239.150 19 15 1 98 4
287.201 129.872 66.806 20 15 1 91 2
60.084 61.487 246.188 1 16 1 93 3
60.084 61.487 246.188 2 16 1 93 3
60.084 61.487 246.188 3 16 1 93 3
60.084 61.487 246.188 4 16 1 93 3
60.084 61.487 246.188 5 16 1 93 3
60.084 61.487 246.188 6 16 1 93 3
60.084 61.487 246.188 7 16 1 93 3
4.837 92.286 239.150 8 16 1 98 4
4.837 92.286 239.150 9 16 1 98 4
4.837 92.286 239.150 10 16 1 98 4
4.837 92.286 239.150 11 16 1 98 4
4.837 92.286 239.150 12 16 1 98 4
4.837 92.286 239.150 13 16 1 98 4
4.837 92.286 239.150 14 16 1 98 4
4.837 92.286 239.150 15 16 1 98 4
4.837 92.286 239.150 16 16 1 98 4
4.837 92.286 239.150 17 16 1 98 4
4.837 92.286 239.150 18 16 1 98 4
287.201 129.872 66.806 19 16 1 91 2
287.201 129.872 66.806 20 16 1 91 2
60.084 61.487 246.188 1 17 1 93 3
60.084 61.487 246.188 2 17 1 93 3
60.084 61.487 246.188 3 17 1 93 3
60.084 61.487 246.188 4 17 1 93 3
60.084 61.487 246.188 5 17 1 93 3
60.084 61.487 246.188 6 17 1 93 3
60.084 61.487 246.188 7 17 1 93 3
60.084 61.487 246.188 8 17 1 93 3
4.837 92.286 239.150 9 17 1 98 4
4.837 92.286 239.150 10 17 1 98 4
4.837 92.286 239.150 11 17 1 98 4
4.837 92.286 239.150 12 17 1 98 4
4.837 92.286 239.150 13 17 1 98 4
4.837 92.286 239.150 14 17 1 98 4
4.837 92.286 239.150 15 17 1 98 4
4.837 92.286 239.150 16 17 1 98 4
4.837 92.286 239.150 17 17 1 98 4
287.201 129.872 66.806 18 17 1 91 2
287.201 129.872 66.806 19 17 1 91 2
287.201 129.872 66.806 20 17 1 91 2
60.084 61.487 246.188 1 18 1 93 3
60.084 61.487 246.188 2 18 1 93 3
60.084 61.487 246.188 3 18 1 93 3
60.084 61.487 246.188 4 18 1 93 3
60.084 61.487 246.188 5 18 1 93 3
60.084 61.487 246.188 6 18 1 93 3
60.084 61.487 246.188 7 18 1 93 3
60.084 61.487 246.188 8 18 1 93 3
4.837 92.286 239.150 9 18 1 98 4
4.837 92.286 239.150 10 18 1 98 4
4.837 92.286 239.150 11 18 1 98 4
4.837 92.286 239.150 12 18 1 98 4
4.837 92.286 239.150 13 18 1 98 4
4.837 92.286 239.150 14 18 1 98 4
4.837 92.286 239.150 15 18 1 98 4
4.837 92.286 239.150 16 18 1 98 4
4.837 92.286 239.150 17 18 1 98 4
287.201 129.872 66.806 18 18 1 91 2
287.201 129.872 66.806 19 18 1 91 2
287.201 129.872 66.806 20 18 1 91 2
60.084 61.487 246.188 1 19 1 93 3
60.084 61.487 246.188 2 19 1 93 3
60.084 61.487 246.188 3 19 1 93 3
60.084 61.487 246.188 4 19 1 93 3
60.084 61.487 246.188 5 19 1 93 3
60.084 61.487 246.188 6 19 1 93 3
60.084 61.487 246.188 7 19 1 93 3
185.837 44.781 204.942 8 19 1 40 1
185.837 44.781 204.942 9 19 1 40 1
4.837 92.286 239.150 10 19 1 98 4
4.837 92.286 239.150 11 19 1 98 4
4.837 92.286 239.150 12 19 1 98 4
4.837 92.286 239.150 13 19 1 98 4
4.837 92.286 239.150 14 19 1 98 4
4.837 92.286 239.150 15 19 1 98 4
4.837 92.286 239.150 16 19 1 98 4
287.201 129.872 66.806 17 19 1 91 2
287.201 129.872 66.806 18 19 1 91 2
287.201 129.872 66.806 19 19 1 91 2
287.201 129.872 66.806 20 19 1 91 2
60.084 61.487 246.188 1 20 1 93 3
60.084 61.487 246.188 2 20 1 93 3
60.084 61.487 246.188 3 20 1 93 3
60.084 61.487 246.188 4 20 1 93 3
60.084 61.487 246.188 5 20 1 93 3
60.084 61.487 246.188 6 20 1 93 3
60.084 61.487 246.188 7 20 1 93 3
185.837 44.781 204.942 8 20 1 40 1
185.837 44.781 204.942 9 20 1 40 1
4.837 92.286 239.150 10 20 1 98 4
4.837 92.286 239.150 11 20 1 98 4
4.837 92.286 239.150 12 20 1 98 4
4.837 92.286 239.150 13 20 1 98 4
4.837 92.286 239.150 14 20 1 98 4
4.837 92.286 239.150 15 20 1 98 4
99.960 89.756 114.927 16 20 1 47 1
287.201 129.872 66.806 17 20 1 91 2
287.201 129.872 66.806 18 20 1 91 2
287.201 129.872 66.806 19 20 1 91 2
287.201 129.872 66.806 20 20 1 91 2
