65.874 137.616 43.353 1 1 13 103 1
65.874 137.616 43.353 2 1 13 103 1
65.874 137.616 43.353 3 1 13 103 1
65.874 137.616 43.353 4 1 13 103 1
65.874 137.616 43.353 5 1 13 103 1
295.407 40.510 86.615 6 1 13 48 1
295.407 40.510 86.615 7 1 13 48 1
295.407 40.510 86.615 8 1 13 48 1
295.407 40.510 86.615 9 1 13 48 1
295.407 40.510 86.615 10 1 13 48 1
4.837 92.286 239.150 11 1 13 98 4
4.837 92.286 239.150 12 1 13 98 4
261.832 161.592 164.132 13 1 13 95 4
261.832 161.592 164.132 14 1 13 95 4
261.832 161.592 164.132 15 1 13 95 4
261.832 161.592 164.132 16 1 13 95 4
261.832 161.592 164.132 17 1 13 95 4
261.832 161.592 164.132 18 1 13 95 4
261.832 161.592 164.132 19 1 13 95 4
235.279 58.378 131.812 20 1 13 92 2
118.447 129.810 323.013 1 2 13 10 1
65.874 137.616 43.353 2 2 13 103 1
65.874 137.616 43.353 3 2 13 103 1
118.447 129.810 323.013 4 2 13 10 1
295.407 40.510 86.615 5 2 13 48 1
295.407 40.510 86.615 6 2 13 48 1
295.407 40.510 86.615 7 2 13 48 1
295.407 40.510 86.615 8 2 13 48 1
295.407 40.510 86.615 9 2 13 48 1
4.837 92.286 239.150 10 2 13 98 4
4.837 92.286 239.150 11 2 13 98 4
4.837 92.286 239.150 12 2 13 98 4
4.837 92.286 239.150 13 2 13 98 4
261.832 161.592 164.132 14 2 13 95 4
261.832 161.592 164.132 15 2 13 95 4
261.832 161.592 164.132 16 2 13 95 4
261.832 161.592 164.132 17 2 13 95 4
261.832 161.592 164.132 18 2 13 95 4
261.832 161.592 164.132 19 2 13 95 4
235.279 58.378 131.812 20 2 13 92 2
118.447 129.810 323.013 1 3 13 10 1
118.447 129.810 323.013 2 3 13 10 1
118.447 129.810 323.013 3 3 13 10 1
118.447 129.810 323.013 4 3 13 10 1
295.407 40.510 86.615 5 3 13 48 1
295.407 40.510 86.615 6 3 13 48 1
295.407 40.510 86.615 7 3 13 48 1
295.407 40.510 86.615 8 3 13 48 1
4.837 92.286 239.150 9 3 13 98 4
4.837 92.286 239.150 10 3 13 98 4
4.837 92.286 239.150 11 3 13 98 4
4.837 92.286 239.150 12 3 13 98 4
4.837 92.286 239.150 13 3 13 98 4
4.837 92.286 239.150 14 3 13 98 4
261.832 161.592 164.132 15 3 13 95 4
261.832 161.592 164.132 16 3 13 95 4
261.832 161.592 164.132 17 3 13 95 4
261.832 161.592 164.132 18 3 13 95 4
261.832 161.592 164.132 19 3 13 95 4
31.643 140.720 249.739 20 3 13 50 1
118.447 129.810 323.013 1 4 13 10 1
118.447 129.810 323.013 2 4 13 10 1
65.874 137.616 43.353 3 4 13 103 1
65.874 137.616 43.353 4 4 13 103 1
295.407 40.510 86.615 5 4 13 48 1
295.407 40.510 86.615 6 4 13 48 1
4.837 92.286 239.150 7 4 13 98 4
4.837 92.286 239.150 8 4 13 98 4
4.837 92.286 239.150 9 4 13 98 4
4.837 92.286 239.150 10 4 13 98 4
4.837 92.286 239.150 11 4 13 98 4
4.837 92.286 239.150 12 4 13 98 4
4.837 92.286 239.150 13 4 13 98 4
4.837 92.286 239.150 14 4 13 98 4
4.837 92.286 239.150 15 4 13 98 4
261.832 161.592 164.132 16 4 13 95 4
261.832 161.592 164.132 17 4 13 95 4
261.832 161.592 164.132 18 4 13 95 4
32.288 119.482 324.586 19 4 13 16 1
31.643 140.720 249.739 20 4 13 50 1
32.023 40.736 191.898 1 5 13 107 1
32.023 40.736 191.898 2 5 13 107 1
65.874 137.616 43.353 3 5 13 103 1
65.874 137.616 43.353 4 5 13 103 1
4.837 92.286 239.150 5 5 13 98 4
4.837 92.286 239.150 6 5 13 98 4
4.837 92.286 239.150 7 5 13 98 4
4.837 92.286 239.150 8 5 13 98 4
4.837 92.286 239.150 9 5 13 98 4
4.837 92.286 239.150 10 5 13 98 4
4.837 92.286 239.150 11 5 13 98 4
4.837 92.286 239.150 12 5 13 98 4
4.837 92.286 239.150 13 5 13 98 4
4.837 92.286 239.150 14 5 13 98 4
4.837 92.286 239.150 15 5 13 98 4
4.837 92.286 239.150 16 5 13 98 4
4.837 92.286 239.150 17 5 13 98 4
261.832 161.592 164.132 18 5 13 95 4
261.832 161.592 164.132 19 5 13 95 4
31.643 140.720 249.739 20 5 13 50 1
276.772 50.016 70.633 1 6 13 22 1
32.023 40.736 191.898 2 6 13 107 1
4.837 92.286 239.150 3 6 13 98 4
4.837 92.286 239.150 4 6 13 98 4
4.837 92.286 239.150 5 6 13 98 4
4.837 92.286 239.150 6 6 13 98 4
4.837 92.286 239.150 7 6 13 98 4
4.837 92.286 239.150 8 6 13 98 4
4.837 92.286 239.150 9 6 13 98 4
4.837 92.286 239.150 10 6 13 98 4
4.837 92.286 239.150 11 6 13 98 4
4.837 92.286 239.150 12 6 13 98 4
4.837 92.286 239.150 13 6 13 98 4
4.837 92.286 239.150 14 6 13 98 4
4.837 92.286 239.150 15 6 13 98 4
4.837 92.286 239.150 16 6 13 98 4
4.837 92.286 239.150 17 6 13 98 4
4.837 92.286 239.150 18 6 13 98 4
4.837 92.286 239.150 19 6 13 98 4
235.279 58.378 131.812 20 6 13 92 2
276.772 50.016 70.633 1 7 13 22 1
276.772 50.016 70.633 2 7 13 22 1
4.837 92.286 239.150 3 7 13 98 4
4.837 92.286 239.150 4 7 13 98 4
4.837 92.286 239.150 5 7 13 98 4
4.837 92.286 239.150 6 7 13 98 4
4.837 92.286 239.150 7 7 13 98 4
4.837 92.286 239.150 8 7 13 98 4
4.837 92.286 239.150 9 7 13 98 4
4.837 92.286 239.150 10 7 13 98 4
4.837 92.286 239.150 11 7 13 98 4
4.837 92.286 239.150 12 7 13 98 4
4.837 92.286 239.150 13 7 13 98 4
4.837 92.286 239.150 14 7 13 98 4
4.837 92.286 239.150 15 7 13 98 4
4.837 92.286 239.150 16 7 13 98 4
4.837 92.286 239.150 17 7 13 98 4
4.837 92.286 239.150 18 7 13 98 4
4.837 92.286 239.150 19 7 13 98 4
159.815 81.008 109.759 20 7 13 63 1
276.772 50.016 70.633 1 8 13 22 1
276.772 50.016 70.633 2 8 13 22 1
4.837 92.286 239.150 3 8 13 98 4
4.837 92.286 239.150 4 8 13 98 4
4.837 92.286 239.150 5 8 13 98 4
4.837 92.286 239.150 6 8 13 98 4
4.837 92.286 239.150 7 8 13 98 4
4.837 92.286 239.150 8 8 13 98 4
4.837 92.286 239.150 9 8 13 98 4
4.837 92.286 239.150 10 8 13 98 4
4.837 92.286 239.150 11 8 13 98 4
4.837 92.286 239.150 12 8 13 98 4
4.837 92.286 239.150 13 8 13 98 4
4.837 92.286 239.150 14 8 13 98 4
4.837 92.286 239.150 15 8 13 98 4
4.837 92.286 239.150 16 8 13 98 4
4.837 92.286 239.150 17 8 13 98 4
4.837 92.286 239.150 18 8 13 98 4
4.837 92.286 239.150 19 8 13 98 4
4.837 92.286 239.150 20 8 13 98 4
276.772 50.016 70.633 1 9 13 22 1
276.772 50.016 70.633 2 9 13 22 1
4.837 92.286 239.150 3 9 13 98 4
4.837 92.286 239.150 4 9 13 98 4
4.837 92.286 239.150 5 9 13 98 4
4.837 92.286 239.150 6 9 13 98 4
4.837 92.286 239.150 7 9 13 98 4
4.837 92.286 239.150 8 9 13 98 4
4.837 92.286 239.150 9 9 13 98 4
4.837 92.286 239.150 10 9 13 98 4
4.837 92.286 239.150 11 9 13 98 4
4.837 92.286 239.150 12 9 13 98 4
4.837 92.286 239.150 13 9 13 98 4
4.837 92.286 239.150 14 9 13 98 4
4.837 92.286 239.150 15 9 13 98 4
4.837 92.286 239.150 16 9 13 98 4
4.837 92.286 239.150 17 9 13 98 4
4.837 92.286 239.150 18 9 13 98 4
4.837 92.286 239.150 19 9 13 98 4
4.837 92.286 239.150 20 9 13 98 4
4.837 92.286 239.150 1 10 13 98 4
4.837 92.286 239.150 2 10 13 98 4
4.837 92.286 239.150 3 10 13 98 4
4.837 92.286 239.150 4 10 13 98 4
4.837 92.286 239.150 5 10 13 98 4
4.837 92.286 239.150 6 10 13 98 4
4.837 92.286 239.150 7 10 13 98 4
4.837 92.286 239.150 8 10 13 98 4
4.837 92.286 239.150 9 10 13 98 4
4.837 92.286 239.150 10 10 13 98 4
4.837 92.286 239.150 11 10 13 98 4
4.837 92.286 239.150 12 10 13 98 4
4.837 92.286 239.150 13 10 13 98 4
4.837 92.286 239.150 14 10 13 98 4
4.837 92.286 239.150 15 10 13 98 4
4.837 92.286 239.150 16 10 13 98 4
4.837 92.286 239.150 17 10 13 98 4
4.837 92.286 239.150 18 10 13 98 4
4.837 92.286 239.150 19 10 13 98 4
4.837 92.286 239.150 20 10 13 98 4
321.898 61.853 231.973 1 11 13 69 1
321.898 61.853 231.973 2 11 13 69 1
4.837 92.286 239.150 3 11 13 98 4
4.837 92.286 239.150 4 11 13 98 4
4.837 92.286 239.150 5 11 13 98 4
4.837 92.286 239.150 6 11 13 98 4
4.837 92.286 239.150 7 11 13 98 4
4.837 92.286 239.150 8 11 13 98 4
4.837 92.286 239.150 9 11 13 98 4
4.837 92.286 239.150 10 11 13 98 4
4.837 92.286 239.150 11 11 13 98 4
4.837 92.286 239.150 12 11 13 98 4
4.837 92.286 239.150 13 11 13 98 4
4.837 92.286 239.150 14 11 13 98 4
4.837 92.286 239.150 15 11 13 98 4
4.837 92.286 239.150 16 11 13 98 4
4.837 92.286 239.150 17 11 13 98 4
4.837 92.286 239.150 18 11 13 98 4
4.837 92.286 239.150 19 11 13 98 4
4.837 92.286 239.150 20 11 13 98 4
321.898 61.853 231.973 1 12 13 69 1
321.898 61.853 231.973 2 12 13 69 1
321.898 61.853 231.973 3 12 13 69 1
4.837 92.286 239.150 4 12 13 98 4
4.837 92.286 239.150 5 12 13 98 4
4.837 92.286 239.150 6 12 13 98 4
4.837 92.286 239.150 7 12 13 98 4
4.837 92.286 239.150 8 12 13 98 4
4.837 92.286 239.150 9 12 13 98 4
4.837 92.286 239.150 10 12 13 98 4
4.837 92.286 239.150 11 12 13 98 4
4.837 92.286 239.150 12 12 13 98 4
4.837 92.286 239.150 13 12 13 98 4
4.837 92.286 239.150 14 12 13 98 4
4.837 92.286 239.150 15 12 13 98 4
4.837 92.286 239.150 16 12 13 98 4
4.837 92.286 239.150 17 12 13 98 4
4.837 92.286 239.150 18 12 13 98 4
4.837 92.286 239.150 19 12 13 98 4
4.837 92.286 239.150 20 12 13 98 4
321.898 61.853 231.973 1 13 13 69 1
321.898 61.853 231.973 2 13 13 69 1
4.837 92.286 239.150 3 13 13 98 4
4.837 92.286 239.150 4 13 13 98 4
4.837 92.286 239.150 5 13 13 98 4
4.837 92.286 239.150 6 13 13 98 4
4.837 92.286 239.150 7 13 13 98 4
4.837 92.286 239.150 8 13 13 98 4
4.837 92.286 239.150 9 13 13 98 4
4.837 92.286 239.150 10 13 13 98 4
4.837 92.286 239.150 11 13 13 98 4
4.837 92.286 239.150 12 13 13 98 4
4.837 92.286 239.150 13 13 13 98 4
4.837 92.286 239.150 14 13 13 98 4
4.837 92.286 239.150 15 13 13 98 4
4.837 92.286 239.150 16 13 13 98 4
4.837 92.286 239.150 17 13 13 98 4
4.837 92.286 239.150 18 13 13 98 4
4.837 92.286 239.150 19 13 13 98 4
4.837 92.286 239.150 20 13 13 98 4
321.898 61.853 231.973 1 14 13 69 1
321.898 61.853 231.973 2 14 13 69 1
4.837 92.286 239.150 3 14 13 98 4
4.837 92.286 239.150 4 14 13 98 4
4.837 92.286 239.150 5 14 13 98 4
4.837 92.286 239.150 6 14 13 98 4
4.837 92.286 239.150 7 14 13 98 4
4.837 92.286 239.150 8 14 13 98 4
4.837 92.286 239.150 9 14 13 98 4
4.837 92.286 239.150 10 14 13 98 4
4.837 92.286 239.150 11 14 13 98 4
4.837 92.286 239.150 12 14 13 98 4
4.837 92.286 239.150 13 14 13 98 4
4.837 92.286 239.150 14 14 13 98 4
4.837 92.286 239.150 15 14 13 98 4
4.837 92.286 239.150 16 14 13 98 4
4.837 92.286 239.150 17 14 13 98 4
4.837 92.286 239.150 18 14 13 98 4
4.837 92.286 239.150 19 14 13 98 4
4.837 92.286 239.150 20 14 13 98 4
321.898 61.853 231.973 1 15 13 69 1
4.837 92.286 239.150 2 15 13 98 4
4.837 92.286 239.150 3 15 13 98 4
4.837 92.286 239.150 4 15 13 98 4
4.837 92.286 239.150 5 15 13 98 4
4.837 92.286 239.150 6 15 13 98 4
4.837 92.286 239.150 7 15 13 98 4
4.837 92.286 239.150 8 15 13 98 4
4.837 92.286 239.150 9 15 13 98 4
4.837 92.286 239.150 10 15 13 98 4
4.837 92.286 239.150 11 15 13 98 4
4.837 92.286 239.150 12 15 13 98 4
4.837 92.286 239.150 13 15 13 98 4
4.837 92.286 239.150 14 15 13 98 4
4.837 92.286 239.150 15 15 13 98 4
4.837 92.286 239.150 16 15 13 98 4
4.837 92.286 239.150 17 15 13 98 4
4.837 92.286 239.150 18 15 13 98 4
4.837 92.286 239.150 19 15 13 98 4
4.837 92.286 239.150 20 15 13 98 4
60.084 61.487 246.188 1 16 13 93 3
232.222 38.120 263.852 2 16 13 3 1
4.837 92.286 239.150 3 16 13 98 4
4.837 92.286 239.150 4 16 13 98 4
4.837 92.286 239.150 5 16 13 98 4
4.837 92.286 239.150 6 16 13 98 4
4.837 92.286 239.150 7 16 13 98 4
4.837 92.286 239.150 8 16 13 98 4
4.837 92.286 239.150 9 16 13 98 4
4.837 92.286 239.150 10 16 13 98 4
4.837 92.286 239.150 11 16 13 98 4
4.837 92.286 239.150 12 16 13 98 4
4.837 92.286 239.150 13 16 13 98 4
4.837 92.286 239.150 14 16 13 98 4
4.837 92.286 239.150 15 16 13 98 4
4.837 92.286 239.150 16 16 13 98 4
4.837 92.286 239.150 17 16 13 98 4
4.837 92.286 239.150 18 16 13 98 4
4.837 92.286 239.150 19 16 13 98 4
4.837 92.286 239.150 20 16 13 98 4
60.084 61.487 246.188 1 17 13 93 3
232.222 38.120 263.852 2 17 13 3 1
4.837 92.286 239.150 3 17 13 98 4
4.837 92.286 239.150 4 17 13 98 4
4.837 92.286 239.150 5 17 13 98 4
4.837 92.286 239.150 6 17 13 98 4
4.837 92.286 239.150 7 17 13 98 4
4.837 92.286 239.150 8 17 13 98 4
4.837 92.286 239.150 9 17 13 98 4
4.837 92.286 239.150 10 17 13 98 4
4.837 92.286 239.150 11 17 13 98 4
4.837 92.286 239.150 12 17 13 98 4
4.837 92.286 239.150 13 17 13 98 4
4.837 92.286 239.150 14 17 13 98 4
4.837 92.286 239.150 15 17 13 98 4
4.837 92.286 239.150 16 17 13 98 4
4.837 92.286 239.150 17 17 13 98 4
4.837 92.286 239.150 18 17 13 98 4
4.837 92.286 239.150 19 17 13 98 4
4.837 92.286 239.150 20 17 13 98 4
60.084 61.487 246.188 1 18 13 93 3
60.084 61.487 246.188 2 18 13 93 3
4.837 92.286 239.150 3 18 13 98 4
4.837 92.286 239.150 4 18 13 98 4
4.837 92.286 239.150 5 18 13 98 4
4.837 92.286 239.150 6 18 13 98 4
4.837 92.286 239.150 7 18 13 98 4
4.837 92.286 239.150 8 18 13 98 4
4.837 92.286 239.150 9 18 13 98 4
4.837 92.286 239.150 10 18 13 98 4
4.837 92.286 239.150 11 18 13 98 4
4.837 92.286 239.150 12 18 13 98 4
4.837 92.286 239.150 13 18 13 98 4
4.837 92.286 239.150 14 18 13 98 4
4.837 92.286 239.150 15 18 13 98 4
4.837 92.286 239.150 16 18 13 98 4
4.837 92.286 239.150 17 18 13 98 4
4.837 92.286 239.150 18 18 13 98 4
4.837 92.286 239.150 19 18 13 98 4
4.837 92.286 239.150 20 18 13 98 4
60.084 61.487 246.188 1 19 13 93 3
312.342 8.933 122.176 2 19 13 11 1
4.837 92.286 239.150 3 19 13 98 4
4.837 92.286 239.150 4 19 13 98 4
4.837 92.286 239.150 5 19 13 98 4
4.837 92.286 239.150 6 19 13 98 4
4.837 92.286 239.150 7 19 13 98 4
4.837 92.286 239.150 8 19 13 98 4
4.837 92.286 239.150 9 19 13 98 4
4.837 92.286 239.150 10 19 13 98 4
4.837 92.286 239.150 11 19 13 98 4
4.837 92.286 239.150 12 19 13 98 4
4.837 92.286 239.150 13 19 13 98 4
4.837 92.286 239.150 14 19 13 98 4
4.837 92.286 239.150 15 19 13 98 4
4.837 92.286 239.150 16 19 13 98 4
4.837 92.286 239.150 17 19 13 98 4
4.837 92.286 239.150 18 19 13 98 4
4.837 92.286 239.150 19 19 13 98 4
4.837 92.286 239.150 20 19 13 98 4
60.084 61.487 246.188 1 20 13 93 3
66.042 58.569 41.078 2 20 13 82 2
46.487 81.773 338.082 3 20 13 67 1
4.837 92.286 239.150 4 20 13 98 4
4.837 92.286 239.150 5 20 13 98 4
4.837 92.286 239.150 6 20 13 98 4
4.837 92.286 239.150 7 20 13 98 4
4.837 92.286 239.150 8 20 13 98 4
4.837 92.286 239.150 9 20 13 98 4
4.837 92.286 239.150 10 20 13 98 4
4.837 92.286 239.150 11 20 13 98 4
4.837 92.286 239.150 12 20 13 98 4
4.837 92.286 239.150 13 20 13 98 4
4.837 92.286 239.150 14 20 13 98 4
4.837 92.286 239.150 15 20 13 98 4
251.953 133.227 88.077 16 20 13 73 1
291.388 44.657 332.143 17 20 13 77 1
4.837 92.286 239.150 18 20 13 98 4
4.837 92.286 239.150 19 20 13 98 4
161.962 63.037 40.965 20 20 13 33 1
