28.946 147.257 342.782 1 1 4 62 1
28.946 147.257 342.782 2 1 4 62 1
28.946 147.257 342.782 3 1 4 62 1
4.837 92.286 239.150 4 1 4 98 4
4.837 92.286 239.150 5 1 4 98 4
4.837 92.286 239.150 6 1 4 98 4
4.837 92.286 239.150 7 1 4 98 4
4.837 92.286 239.150 8 1 4 98 4
4.837 92.286 239.150 9 1 4 98 4
4.837 92.286 239.150 10 1 4 98 4
4.837 92.286 239.150 11 1 4 98 4
4.837 92.286 239.150 12 1 4 98 4
4.837 92.286 239.150 13 1 4 98 4
4.837 92.286 239.150 14 1 4 98 4
4.837 92.286 239.150 15 1 4 98 4
4.837 92.286 239.150 16 1 4 98 4
4.837 92.286 239.150 17 1 4 98 4
305.525 61.547 137.087 18 1 4 20 1
305.525 61.547 137.087 19 1 4 20 1
305.525 61.547 137.087 20 1 4 20 1
28.946 147.257 342.782 1 2 4 62 1
28.946 147.257 342.782 2 2 4 62 1
28.946 147.257 342.782 3 2 4 62 1
28.946 147.257 342.782 4 2 4 62 1
4.837 92.286 239.150 5 2 4 98 4
4.837 92.286 239.150 6 2 4 98 4
4.837 92.286 239.150 7 2 4 98 4
4.837 92.286 239.150 8 2 4 98 4
4.837 92.286 239.150 9 2 4 98 4
4.837 92.286 239.150 10 2 4 98 4
4.837 92.286 239.150 11 2 4 98 4
4.837 92.286 239.150 12 2 4 98 4
4.837 92.286 239.150 13 2 4 98 4
4.837 92.286 239.150 14 2 4 98 4
4.837 92.286 239.150 15 2 4 98 4
4.837 92.286 239.150 16 2 4 98 4
305.525 61.547 137.087 17 2 4 20 1
305.525 61.547 137.087 18 2 4 20 1
305.525 61.547 137.087 19 2 4 20 1
305.525 61.547 137.087 20 2 4 20 1
28.946 147.257 342.782 1 3 4 62 1
28.946 147.257 342.782 2 3 4 62 1
28.946 147.257 342.782 3 3 4 62 1
28.946 147.257 342.782 4 3 4 62 1
4.837 92.286 239.150 5 3 4 98 4
4.837 92.286 239.150 6 3 4 98 4
4.837 92.286 239.150 7 3 4 98 4
4.837 92.286 239.150 8 3 4 98 4
4.837 92.286 239.150 9 3 4 98 4
4.837 92.286 239.150 10 3 4 98 4
4.837 92.286 239.150 11 3 4 98 4
4.837 92.286 239.150 12 3 4 98 4
4.837 92.286 239.150 13 3 4 98 4
4.837 92.286 239.150 14 3 4 98 4
4.837 92.286 239.150 15 3 4 98 4
4.837 92.286 239.150 16 3 4 98 4
305.525 61.547 137.087 17 3 4 20 1
305.525 61.547 137.087 18 3 4 20 1
305.525 61.547 137.087 19 3 4 20 1
54.800 22.980 168.274 20 3 4 61 1
60.084 61.487 246.188 1 4 4 93 3
348.564 85.698 158.995 2 4 4 2 1
28.946 147.257 342.782 3 4 4 62 1
4.837 92.286 239.150 4 4 4 98 4
4.837 92.286 239.150 5 4 4 98 4
4.837 92.286 239.150 6 4 4 98 4
4.837 92.286 239.150 7 4 4 98 4
4.837 92.286 239.150 8 4 4 98 4
4.837 92.286 239.150 9 4 4 98 4
4.837 92.286 239.150 10 4 4 98 4
4.837 92.286 239.150 11 4 4 98 4
4.837 92.286 239.150 12 4 4 98 4
4.837 92.286 239.150 13 4 4 98 4
4.837 92.286 239.150 14 4 4 98 4
4.837 92.286 239.150 15 4 4 98 4
4.837 92.286 239.150 16 4 4 98 4
4.837 92.286 239.150 17 4 4 98 4
4.837 92.286 239.150 18 4 4 98 4
4.837 92.286 239.150 19 4 4 98 4
54.800 22.980 168.274 20 4 4 61 1
60.084 61.487 246.188 1 5 4 93 3
60.084 61.487 246.188 2 5 4 93 3
4.837 92.286 239.150 3 5 4 98 4
4.837 92.286 239.150 4 5 4 98 4
4.837 92.286 239.150 5 5 4 98 4
4.837 92.286 239.150 6 5 4 98 4
4.837 92.286 239.150 7 5 4 98 4
4.837 92.286 239.150 8 5 4 98 4
4.837 92.286 239.150 9 5 4 98 4
4.837 92.286 239.150 10 5 4 98 4
4.837 92.286 239.150 11 5 4 98 4
4.837 92.286 239.150 12 5 4 98 4
4.837 92.286 239.150 13 5 4 98 4
4.837 92.286 239.150 14 5 4 98 4
4.837 92.286 239.150 15 5 4 98 4
4.837 92.286 239.150 16 5 4 98 4
4.837 92.286 239.150 17 5 4 98 4
4.837 92.286 239.150 18 5 4 98 4
4.837 92.286 239.150 19 5 4 98 4
4.837 92.286 239.150 20 5 4 98 4
60.084 61.487 246.188 1 6 4 93 3
60.084 61.487 246.188 2 6 4 93 3
60.084 61.487 246.188 3 6 4 93 3
4.837 92.286 239.150 4 6 4 98 4
4.837 92.286 239.150 5 6 4 98 4
4.837 92.286 239.150 6 6 4 98 4
4.837 92.286 239.150 7 6 4 98 4
4.837 92.286 239.150 8 6 4 98 4
4.837 92.286 239.150 9 6 4 98 4
4.837 92.286 239.150 10 6 4 98 4
4.837 92.286 239.150 11 6 4 98 4
4.837 92.286 239.150 12 6 4 98 4
4.837 92.286 239.150 13 6 4 98 4
4.837 92.286 239.150 14 6 4 98 4
4.837 92.286 239.150 15 6 4 98 4
4.837 92.286 239.150 16 6 4 98 4
4.837 92.286 239.150 17 6 4 98 4
4.837 92.286 239.150 18 6 4 98 4
4.837 92.286 239.150 19 6 4 98 4
4.837 92.286 239.150 20 6 4 98 4
60.084 61.487 246.188 1 7 4 93 3
60.084 61.487 246.188 2 7 4 93 3
60.084 61.487 246.188 3 7 4 93 3
4.837 92.286 239.150 4 7 4 98 4
4.837 92.286 239.150 5 7 4 98 4
4.837 92.286 239.150 6 7 4 98 4
4.837 92.286 239.150 7 7 4 98 4
4.837 92.286 239.150 8 7 4 98 4
4.837 92.286 239.150 9 7 4 98 4
4.837 92.286 239.150 10 7 4 98 4
4.837 92.286 239.150 11 7 4 98 4
4.837 92.286 239.150 12 7 4 98 4
4.837 92.286 239.150 13 7 4 98 4
4.837 92.286 239.150 14 7 4 98 4
4.837 92.286 239.150 15 7 4 98 4
4.837 92.286 239.150 16 7 4 98 4
4.837 92.286 239.150 17 7 4 98 4
4.837 92.286 239.150 18 7 4 98 4
4.837 92.286 239.150 19 7 4 98 4
4.837 92.286 239.150 20 7 4 98 4
60.084 61.487 246.188 1 8 4 93 3
60.084 61.487 246.188 2 8 4 93 3
60.084 61.487 246.188 3 8 4 93 3
4.837 92.286 239.150 4 8 4 98 4
4.837 92.286 239.150 5 8 4 98 4
4.837 92.286 239.150 6 8 4 98 4
4.837 92.286 239.150 7 8 4 98 4
4.837 92.286 239.150 8 8 4 98 4
4.837 92.286 239.150 9 8 4 98 4
4.837 92.286 239.150 10 8 4 98 4
4.837 92.286 239.150 11 8 4 98 4
4.837 92.286 239.150 12 8 4 98 4
4.837 92.286 239.150 13 8 4 98 4
4.837 92.286 239.150 14 8 4 98 4
4.837 92.286 239.150 15 8 4 98 4
4.837 92.286 239.150 16 8 4 98 4
4.837 92.286 239.150 17 8 4 98 4
4.837 92.286 239.150 18 8 4 98 4
4.837 92.286 239.150 19 8 4 98 4
4.837 92.286 239.150 20 8 4 98 4
60.084 61.487 246.188 1 9 4 93 3
60.084 61.487 246.188 2 9 4 93 3
60.084 61.487 246.188 3 9 4 93 3
4.837 92.286 239.150 4 9 4 98 4
4.837 92.286 239.150 5 9 4 98 4
4.837 92.286 239.150 6 9 4 98 4
4.837 92.286 239.150 7 9 4 98 4
4.837 92.286 239.150 8 9 4 98 4
4.837 92.286 239.150 9 9 4 98 4
4.837 92.286 239.150 10 9 4 98 4
4.837 92.286 239.150 11 9 4 98 4
4.837 92.286 239.150 12 9 4 98 4
4.837 92.286 239.150 13 9 4 98 4
4.837 92.286 239.150 14 9 4 98 4
4.837 92.286 239.150 15 9 4 98 4
4.837 92.286 239.150 16 9 4 98 4
4.837 92.286 239.150 17 9 4 98 4
4.837 92.286 239.150 18 9 4 98 4
4.837 92.286 239.150 19 9 4 98 4
4.837 92.286 239.150 20 9 4 98 4
60.084 61.487 246.188 1 10 4 93 3
60.084 61.487 246.188 2 10 4 93 3
60.084 61.487 246.188 3 10 4 93 3
4.837 92.286 239.150 4 10 4 98 4
4.837 92.286 239.150 5 10 4 98 4
4.837 92.286 239.150 6 10 4 98 4
4.837 92.286 239.150 7 10 4 98 4
4.837 92.286 239.150 8 10 4 98 4
4.837 92.286 239.150 9 10 4 98 4
4.837 92.286 239.150 10 10 4 98 4
4.837 92.286 239.150 11 10 4 98 4
4.837 92.286 239.150 12 10 4 98 4
4.837 92.286 239.150 13 10 4 98 4
4.837 92.286 239.150 14 10 4 98 4
4.837 92.286 239.150 15 10 4 98 4
4.837 92.286 239.150 16 10 4 98 4
4.837 92.286 239.150 17 10 4 98 4
4.837 92.286 239.150 18 10 4 98 4
4.837 92.286 239.150 19 10 4 98 4
4.837 92.286 239.150 20 10 4 98 4
60.084 61.487 246.188 1 11 4 93 3
60.084 61.487 246.188 2 11 4 93 3
60.084 61.487 246.188 3 11 4 93 3
60.084 61.487 246.188 4 11 4 93 3
4.837 92.286 239.150 5 11 4 98 4
4.837 92.286 239.150 6 11 4 98 4
4.837 92.286 239.150 7 11 4 98 4
4.837 92.286 239.150 8 11 4 98 4
4.837 92.286 239.150 9 11 4 98 4
4.837 92.286 239.150 10 11 4 98 4
4.837 92.286 239.150 11 11 4 98 4
4.837 92.286 239.150 12 11 4 98 4
4.837 92.286 239.150 13 11 4 98 4
4.837 92.286 239.150 14 11 4 98 4
4.837 92.286 239.150 15 11 4 98 4
4.837 92.286 239.150 16 11 4 98 4
4.837 92.286 239.150 17 11 4 98 4
4.837 92.286 239.150 18 11 4 98 4
4.837 92.286 239.150 19 11 4 98 4
288.843 104.023 11.985 20 11 4 30 1
60.084 61.487 246.188 1 12 4 93 3
60.084 61.487 246.188 2 12 4 93 3
60.084 61.487 246.188 3 12 4 93 3
60.084 61.487 246.188 4 12 4 93 3
4.837 92.286 239.150 5 12 4 98 4
4.837 92.286 239.150 6 12 4 98 4
4.837 92.286 239.150 7 12 4 98 4
4.837 92.286 239.150 8 12 4 98 4
4.837 92.286 239.150 9 12 4 98 4
4.837 92.286 239.150 10 12 4 98 4
4.837 92.286 239.150 11 12 4 98 4
4.837 92.286 239.150 12 12 4 98 4
4.837 92.286 239.150 13 12 4 98 4
4.837 92.286 239.150 14 12 4 98 4
4.837 92.286 239.150 15 12 4 98 4
4.837 92.286 239.150 16 12 4 98 4
4.837 92.286 239.150 17 12 4 98 4
4.837 92.286 239.150 18 12 4 98 4
288.843 104.023 11.985 19 12 4 30 1
288.843 104.023 11.985 20 12 4 30 1
60.084 61.487 246.188 1 13 4 93 3
60.084 61.487 246.188 2 13 4 93 3
60.084 61.487 246.188 3 13 4 93 3
60.084 61.487 246.188 4 13 4 93 3
4.837 92.286 239.150 5 13 4 98 4
4.837 92.286 239.150 6 13 4 98 4
4.837 92.286 239.150 7 13 4 98 4
4.837 92.286 239.150 8 13 4 98 4
4.837 92.286 239.150 9 13 4 98 4
4.837 92.286 239.150 10 13 4 98 4
4.837 92.286 239.150 11 13 4 98 4
4.837 92.286 239.150 12 13 4 98 4
4.837 92.286 239.150 13 13 4 98 4
4.837 92.286 239.150 14 13 4 98 4
4.837 92.286 239.150 15 13 4 98 4
4.837 92.286 239.150 16 13 4 98 4
4.837 92.286 239.150 17 13 4 98 4
4.837 92.286 239.150 18 13 4 98 4
288.843 104.023 11.985 19 13 4 30 1
288.843 104.023 11.985 20 13 4 30 1
60.084 61.487 246.188 1 14 4 93 3
60.084 61.487 246.188 2 14 4 93 3
60.084 61.487 246.188 3 14 4 93 3
60.084 61.487 246.188 4 14 4 93 3
60.084 61.487 246.188 5 14 4 93 3
4.837 92.286 239.150 6 14 4 98 4
4.837 92.286 239.150 7 14 4 98 4
4.837 92.286 239.150 8 14 4 98 4
4.837 92.286 239.150 9 14 4 98 4
4.837 92.286 239.150 10 14 4 98 4
4.837 92.286 239.150 11 14 4 98 4
4.837 92.286 239.150 12 14 4 98 4
4.837 92.286 239.150 13 14 4 98 4
4.837 92.286 239.150 14 14 4 98 4
4.837 92.286 239.150 15 14 4 98 4
4.837 92.286 239.150 16 14 4 98 4
4.837 92.286 239.150 17 14 4 98 4
4.837 92.286 239.150 18 14 4 98 4
4.837 92.286 239.150 19 14 4 98 4
4.837 92.286 239.150 20 14 4 98 4
60.084 61.487 246.188 1 15 4 93 3
60.084 61.487 246.188 2 15 4 93 3
60.084 61.487 246.188 3 15 4 93 3
60.084 61.487 246.188 4 15 4 93 3
60.084 61.487 246.188 5 15 4 93 3
4.837 92.286 239.150 6 15 4 98 4
4.837 92.286 239.150 7 15 4 98 4
4.837 92.286 239.150 8 15 4 98 4
4.837 92.286 239.150 9 15 4 98 4
4.837 92.286 239.150 10 15 4 98 4
4.837 92.286 239.150 11 15 4 98 4
4.837 92.286 239.150 12 15 4 98 4
4.837 92.286 239.150 13 15 4 98 4
4.837 92.286 239.150 14 15 4 98 4
4.837 92.286 239.150 15 15 4 98 4
4.837 92.286 239.150 16 15 4 98 4
4.837 92.286 239.150 17 15 4 98 4
4.837 92.286 239.150 18 15 4 98 4
4.837 92.286 239.150 19 15 4 98 4
4.837 92.286 239.150 20 15 4 98 4
60.084 61.487 246.188 1 16 4 93 3
60.084 61.487 246.188 2 16 4 93 3
60.084 61.487 246.188 3 16 4 93 3
60.084 61.487 246.188 4 16 4 93 3
60.084 61.487 246.188 5 16 4 93 3
60.084 61.487 246.188 6 16 4 93 3
4.837 92.286 239.150 7 16 4 98 4
4.837 92.286 239.150 8 16 4 98 4
4.837 92.286 239.150 9 16 4 98 4
4.837 92.286 239.150 10 16 4 98 4
4.837 92.286 239.150 11 16 4 98 4
4.837 92.286 239.150 12 16 4 98 4
4.837 92.286 239.150 13 16 4 98 4
4.837 92.286 239.150 14 16 4 98 4
4.837 92.286 239.150 15 16 4 98 4
4.837 92.286 239.150 16 16 4 98 4
4.837 92.286 239.150 17 16 4 98 4
4.837 92.286 239.150 18 16 4 98 4
4.837 92.286 239.150 19 16 4 98 4
4.837 92.286 239.150 20 16 4 98 4
60.084 61.487 246.188 1 17 4 93 3
60.084 61.487 246.188 2 17 4 93 3
60.084 61.487 246.188 3 17 4 93 3
60.084 61.487 246.188 4 17 4 93 3
60.084 61.487 246.188 5 17 4 93 3
60.084 61.487 246.188 6 17 4 93 3
4.837 92.286 239.150 7 17 4 98 4
4.837 92.286 239.150 8 17 4 98 4
4.837 92.286 239.150 9 17 4 98 4
4.837 92.286 239.150 10 17 4 98 4
4.837 92.286 239.150 11 17 4 98 4
4.837 92.286 239.150 12 17 4 98 4
4.837 92.286 239.150 13 17 4 98 4
4.837 92.286 239.150 14 17 4 98 4
4.837 92.286 239.150 15 17 4 98 4
4.837 92.286 239.150 16 17 4 98 4
4.837 92.286 239.150 17 17 4 98 4
4.837 92.286 239.150 18 17 4 98 4
4.837 92.286 239.150 19 17 4 98 4
287.201 129.872 66.806 20 17 4 91 2
60.084 61.487 246.188 1 18 4 93 3
60.084 61.487 246.188 2 18 4 93 3
60.084 61.487 246.188 3 18 4 93 3
60.084 61.487 246.188 4 18 4 93 3
60.084 61.487 246.188 5 18 4 93 3
60.084 61.487 246.188 6 18 4 93 3
4.837 92.286 239.150 7 18 4 98 4
4.837 92.286 239.150 8 18 4 98 4
4.837 92.286 239.150 9 18 4 98 4
4.837 92.286 239.150 10 18 4 98 4
4.837 92.286 239.150 11 18 4 98 4
4.837 92.286 239.150 12 18 4 98 4
4.837 92.286 239.150 13 18 4 98 4
4.837 92.286 239.150 14 18 4 98 4
4.837 92.286 239.150 15 18 4 98 4
4.837 92.286 239.150 16 18 4 98 4
4.837 92.286 239.150 17 18 4 98 4
4.837 92.286 239.150 18 18 4 98 4
287.201 129.872 66.806 19 18 4 91 2
287.201 129.872 66.806 20 18 4 91 2
60.084 61.487 246.188 1 19 4 93 3
60.084 61.487 246.188 2 19 4 93 3
60.084 61.487 246.188 3 19 4 93 3
60.084 61.487 246.188 4 19 4 93 3
60.084 61.487 246.188 5 19 4 93 3
60.084 61.487 246.188 6 19 4 93 3
60.084 61.487 246.188 7 19 4 93 3
4.837 92.286 239.150 8 19 4 98 4
4.837 92.286 239.150 9 19 4 98 4
4.837 92.286 239.150 10 19 4 98 4
4.837 92.286 239.150 11 19 4 98 4
4.837 92.286 239.150 12 19 4 98 4
4.837 92.286 239.150 13 19 4 98 4
4.837 92.286 239.150 14 19 4 98 4
4.837 92.286 239.150 15 19 4 98 4
4.837 92.286 239.150 16 19 4 98 4
4.837 92.286 239.150 17 19 4 98 4
287.201 129.872 66.806 18 19 4 91 2
287.201 129.872 66.806 19 19 4 91 2
287.201 129.872 66.806 20 19 4 91 2
60.084 61.487 246.188 1 20 4 93 3
60.084 61.487 246.188 2 20 4 93 3
60.084 61.487 246.188 3 20 4 93 3
164.035 61.836 259.490 4 20 4 45 1
351.793 159.297 245.933 5 20 4 46 1
60.084 61.487 246.188 6 20 4 93 3
185.837 44.781 204.942 7 20 4 40 1
4.837 92.286 239.150 8 20 4 98 4
4.837 92.286 239.150 9 20 4 98 4
4.837 92.286 239.150 10 20 4 98 4
4.837 92.286 239.150 11 20 4 98 4
4.837 92.286 239.150 12 20 4 98 4
4.837 92.286 239.150 13 20 4 98 4
4.837 92.286 239.150 14 20 4 98 4
4.837 92.286 239.150 15 20 4 98 4
4.837 92.286 239.150 16 20 4 98 4
287.201 129.872 66.806 17 20 4 91 2
287.201 129.872 66.806 18 20 4 91 2
287.201 129.872 66.806 19 20 4 91 2
287.201 129.872 66.806 20 20 4 91 2
