65.874 137.616 43.353 1 1 12 103 1
65.874 137.616 43.353 2 1 12 103 1
65.874 137.616 43.353 3 1 12 103 1
65.874 137.616 43.353 4 1 12 103 1
65.874 137.616 43.353 5 1 12 103 1
295.407 40.510 86.615 6 1 12 48 1
295.407 40.510 86.615 7 1 12 48 1
295.407 40.510 86.615 8 1 12 48 1
295.407 40.510 86.615 9 1 12 48 1
4.837 92.286 239.150 10 1 12 98 4
4.837 92.286 239.150 11 1 12 98 4
4.837 92.286 239.150 12 1 12 98 4
4.837 92.286 239.150 13 1 12 98 4
261.832 161.592 164.132 14 1 12 95 4
261.832 161.592 164.132 15 1 12 95 4
261.832 161.592 164.132 16 1 12 95 4
261.832 161.592 164.132 17 1 12 95 4
261.832 161.592 164.132 18 1 12 95 4
235.279 58.378 131.812 19 1 12 92 2
235.279 58.378 131.812 20 1 12 92 2
65.874 137.616 43.353 1 2 12 103 1
65.874 137.616 43.353 2 2 12 103 1
65.874 137.616 43.353 3 2 12 103 1
65.874 137.616 43.353 4 2 12 103 1
65.874 137.616 43.353 5 2 12 103 1
295.407 40.510 86.615 6 2 12 48 1
295.407 40.510 86.615 7 2 12 48 1
295.407 40.510 86.615 8 2 12 48 1
4.837 92.286 239.150 9 2 12 98 4
4.837 92.286 239.150 10 2 12 98 4
4.837 92.286 239.150 11 2 12 98 4
4.837 92.286 239.150 12 2 12 98 4
4.837 92.286 239.150 13 2 12 98 4
4.837 92.286 239.150 14 2 12 98 4
261.832 161.592 164.132 15 2 12 95 4
261.832 161.592 164.132 16 2 12 95 4
261.832 161.592 164.132 17 2 12 95 4
261.832 161.592 164.132 18 2 12 95 4
235.279 58.378 131.812 19 2 12 92 2
235.279 58.378 131.812 20 2 12 92 2
65.874 137.616 43.353 1 3 12 103 1
65.874 137.616 43.353 2 3 12 103 1
65.874 137.616 43.353 3 3 12 103 1
65.874 137.616 43.353 4 3 12 103 1
65.874 137.616 43.353 5 3 12 103 1
295.407 40.510 86.615 6 3 12 48 1
295.407 40.510 86.615 7 3 12 48 1
4.837 92.286 239.150 8 3 12 98 4
4.837 92.286 239.150 9 3 12 98 4
4.837 92.286 239.150 10 3 12 98 4
4.837 92.286 239.150 11 3 12 98 4
4.837 92.286 239.150 12 3 12 98 4
4.837 92.286 239.150 13 3 12 98 4
4.837 92.286 239.150 14 3 12 98 4
4.837 92.286 239.150 15 3 12 98 4
4.837 92.286 239.150 16 3 12 98 4
178.376 123.544 274.681 17 3 12 42 1
261.832 161.592 164.132 18 3 12 95 4
235.279 58.378 131.812 19 3 12 92 2
235.279 58.378 131.812 20 3 12 92 2
65.874 137.616 43.353 1 4 12 103 1
65.874 137.616 43.353 2 4 12 103 1
65.874 137.616 43.353 3 4 12 103 1
4.257 104.554 134.068 4 4 12 28 1
4.837 92.286 239.150 5 4 12 98 4
4.837 92.286 239.150 6 4 12 98 4
4.837 92.286 239.150 7 4 12 98 4
4.837 92.286 239.150 8 4 12 98 4
4.837 92.286 239.150 9 4 12 98 4
4.837 92.286 239.150 10 4 12 98 4
4.837 92.286 239.150 11 4 12 98 4
4.837 92.286 239.150 12 4 12 98 4
4.837 92.286 239.150 13 4 12 98 4
4.837 92.286 239.150 14 4 12 98 4
4.837 92.286 239.150 15 4 12 98 4
4.837 92.286 239.150 16 4 12 98 4
4.837 92.286 239.150 17 4 12 98 4
4.837 92.286 239.150 18 4 12 98 4
32.288 119.482 324.586 19 4 12 16 1
32.288 119.482 324.586 20 4 12 16 1
65.874 137.616 43.353 1 5 12 103 1
65.874 137.616 43.353 2 5 12 103 1
65.874 137.616 43.353 3 5 12 103 1
65.874 137.616 43.353 4 5 12 103 1
4.837 92.286 239.150 5 5 12 98 4
4.837 92.286 239.150 6 5 12 98 4
4.837 92.286 239.150 7 5 12 98 4
4.837 92.286 239.150 8 5 12 98 4
4.837 92.286 239.150 9 5 12 98 4
4.837 92.286 239.150 10 5 12 98 4
4.837 92.286 239.150 11 5 12 98 4
4.837 92.286 239.150 12 5 12 98 4
4.837 92.286 239.150 13 5 12 98 4
4.837 92.286 239.150 14 5 12 98 4
4.837 92.286 239.150 15 5 12 98 4
4.837 92.286 239.150 16 5 12 98 4
4.837 92.286 239.150 17 5 12 98 4
4.837 92.286 239.150 18 5 12 98 4
235.279 58.378 131.812 19 5 12 92 2
235.279 58.378 131.812 20 5 12 92 2
352.985 104.902 72.883 1 6 12 8 1
352.985 104.902 72.883 2 6 12 8 1
4.837 92.286 239.150 3 6 12 98 4
4.837 92.286 239.150 4 6 12 98 4
4.837 92.286 239.150 5 6 12 98 4
4.837 92.286 239.150 6 6 12 98 4
4.837 92.286 239.150 7 6 12 98 4
4.837 92.286 239.150 8 6 12 98 4
4.837 92.286 239.150 9 6 12 98 4
4.837 92.286 239.150 10 6 12 98 4
4.837 92.286 239.150 11 6 12 98 4
4.837 92.286 239.150 12 6 12 98 4
4.837 92.286 239.150 13 6 12 98 4
4.837 92.286 239.150 14 6 12 98 4
4.837 92.286 239.150 15 6 12 98 4
4.837 92.286 239.150 16 6 12 98 4
4.837 92.286 239.150 17 6 12 98 4
271.521 39.750 135.622 18 6 12 29 1
271.521 39.750 135.622 19 6 12 29 1
235.279 58.378 131.812 20 6 12 92 2
276.772 50.016 70.633 1 7 12 22 1
4.837 92.286 239.150 2 7 12 98 4
4.837 92.286 239.150 3 7 12 98 4
4.837 92.286 239.150 4 7 12 98 4
4.837 92.286 239.150 5 7 12 98 4
4.837 92.286 239.150 6 7 12 98 4
4.837 92.286 239.150 7 7 12 98 4
4.837 92.286 239.150 8 7 12 98 4
4.837 92.286 239.150 9 7 12 98 4
4.837 92.286 239.150 10 7 12 98 4
4.837 92.286 239.150 11 7 12 98 4
4.837 92.286 239.150 12 7 12 98 4
4.837 92.286 239.150 13 7 12 98 4
4.837 92.286 239.150 14 7 12 98 4
4.837 92.286 239.150 15 7 12 98 4
4.837 92.286 239.150 16 7 12 98 4
4.837 92.286 239.150 17 7 12 98 4
4.837 92.286 239.150 18 7 12 98 4
4.837 92.286 239.150 19 7 12 98 4
217.707 96.399 262.764 20 7 12 37 1
276.772 50.016 70.633 1 8 12 22 1
4.837 92.286 239.150 2 8 12 98 4
4.837 92.286 239.150 3 8 12 98 4
4.837 92.286 239.150 4 8 12 98 4
4.837 92.286 239.150 5 8 12 98 4
4.837 92.286 239.150 6 8 12 98 4
4.837 92.286 239.150 7 8 12 98 4
4.837 92.286 239.150 8 8 12 98 4
4.837 92.286 239.150 9 8 12 98 4
4.837 92.286 239.150 10 8 12 98 4
4.837 92.286 239.150 11 8 12 98 4
4.837 92.286 239.150 12 8 12 98 4
4.837 92.286 239.150 13 8 12 98 4
4.837 92.286 239.150 14 8 12 98 4
4.837 92.286 239.150 15 8 12 98 4
4.837 92.286 239.150 16 8 12 98 4
4.837 92.286 239.150 17 8 12 98 4
4.837 92.286 239.150 18 8 12 98 4
4.837 92.286 239.150 19 8 12 98 4
217.707 96.399 262.764 20 8 12 37 1
4.837 92.286 239.150 1 9 12 98 4
4.837 92.286 239.150 2 9 12 98 4
4.837 92.286 239.150 3 9 12 98 4
4.837 92.286 239.150 4 9 12 98 4
4.837 92.286 239.150 5 9 12 98 4
4.837 92.286 239.150 6 9 12 98 4
4.837 92.286 239.150 7 9 12 98 4
4.837 92.286 239.150 8 9 12 98 4
4.837 92.286 239.150 9 9 12 98 4
4.837 92.286 239.150 10 9 12 98 4
4.837 92.286 239.150 11 9 12 98 4
4.837 92.286 239.150 12 9 12 98 4
4.837 92.286 239.150 13 9 12 98 4
4.837 92.286 239.150 14 9 12 98 4
4.837 92.286 239.150 15 9 12 98 4
4.837 92.286 239.150 16 9 12 98 4
4.837 92.286 239.150 17 9 12 98 4
4.837 92.286 239.150 18 9 12 98 4
4.837 92.286 239.150 19 9 12 98 4
4.837 92.286 239.150 20 9 12 98 4
4.837 92.286 239.150 1 10 12 98 4
4.837 92.286 239.150 2 10 12 98 4
4.837 92.286 239.150 3 10 12 98 4
4.837 92.286 239.150 4 10 12 98 4
4.837 92.286 239.150 5 10 12 98 4
4.837 92.286 239.150 6 10 12 98 4
4.837 92.286 239.150 7 10 12 98 4
4.837 92.286 239.150 8 10 12 98 4
4.837 92.286 239.150 9 10 12 98 4
4.837 92.286 239.150 10 10 12 98 4
4.837 92.286 239.150 11 10 12 98 4
4.837 92.286 239.150 12 10 12 98 4
4.837 92.286 239.150 13 10 12 98 4
4.837 92.286 239.150 14 10 12 98 4
4.837 92.286 239.150 15 10 12 98 4
4.837 92.286 239.150 16 10 12 98 4
4.837 92.286 239.150 17 10 12 98 4
4.837 92.286 239.150 18 10 12 98 4
4.837 92.286 239.150 19 10 12 98 4
4.837 92.286 239.150 20 10 12 98 4
4.837 92.286 239.150 1 11 12 98 4
4.837 92.286 239.150 2 11 12 98 4
4.837 92.286 239.150 3 11 12 98 4
4.837 92.286 239.150 4 11 12 98 4
4.837 92.286 239.150 5 11 12 98 4
4.837 92.286 239.150 6 11 12 98 4
4.837 92.286 239.150 7 11 12 98 4
4.837 92.286 239.150 8 11 12 98 4
4.837 92.286 239.150 9 11 12 98 4
4.837 92.286 239.150 10 11 12 98 4
4.837 92.286 239.150 11 11 12 98 4
4.837 92.286 239.150 12 11 12 98 4
4.837 92.286 239.150 13 11 12 98 4
4.837 92.286 239.150 14 11 12 98 4
4.837 92.286 239.150 15 11 12 98 4
4.837 92.286 239.150 16 11 12 98 4
4.837 92.286 239.150 17 11 12 98 4
4.837 92.286 239.150 18 11 12 98 4
4.837 92.286 239.150 19 11 12 98 4
4.837 92.286 239.150 20 11 12 98 4
321.898 61.853 231.973 1 12 12 69 1
323.305 92.972 137.575 2 12 12 66 1
323.305 92.972 137.575 3 12 12 66 1
4.837 92.286 239.150 4 12 12 98 4
4.837 92.286 239.150 5 12 12 98 4
4.837 92.286 239.150 6 12 12 98 4
4.837 92.286 239.150 7 12 12 98 4
4.837 92.286 239.150 8 12 12 98 4
4.837 92.286 239.150 9 12 12 98 4
4.837 92.286 239.150 10 12 12 98 4
4.837 92.286 239.150 11 12 12 98 4
4.837 92.286 239.150 12 12 12 98 4
4.837 92.286 239.150 13 12 12 98 4
4.837 92.286 239.150 14 12 12 98 4
4.837 92.286 239.150 15 12 12 98 4
4.837 92.286 239.150 16 12 12 98 4
4.837 92.286 239.150 17 12 12 98 4
4.837 92.286 239.150 18 12 12 98 4
4.837 92.286 239.150 19 12 12 98 4
4.837 92.286 239.150 20 12 12 98 4
321.898 61.853 231.973 1 13 12 69 1
4.837 92.286 239.150 2 13 12 98 4
4.837 92.286 239.150 3 13 12 98 4
4.837 92.286 239.150 4 13 12 98 4
4.837 92.286 239.150 5 13 12 98 4
4.837 92.286 239.150 6 13 12 98 4
4.837 92.286 239.150 7 13 12 98 4
4.837 92.286 239.150 8 13 12 98 4
4.837 92.286 239.150 9 13 12 98 4
4.837 92.286 239.150 10 13 12 98 4
4.837 92.286 239.150 11 13 12 98 4
4.837 92.286 239.150 12 13 12 98 4
4.837 92.286 239.150 13 13 12 98 4
4.837 92.286 239.150 14 13 12 98 4
4.837 92.286 239.150 15 13 12 98 4
4.837 92.286 239.150 16 13 12 98 4
4.837 92.286 239.150 17 13 12 98 4
4.837 92.286 239.150 18 13 12 98 4
4.837 92.286 239.150 19 13 12 98 4
4.837 92.286 239.150 20 13 12 98 4
60.084 61.487 246.188 1 14 12 93 3
22.865 66.593 15.477 2 14 12 39 1
4.837 92.286 239.150 3 14 12 98 4
4.837 92.286 239.150 4 14 12 98 4
4.837 92.286 239.150 5 14 12 98 4
4.837 92.286 239.150 6 14 12 98 4
4.837 92.286 239.150 7 14 12 98 4
4.837 92.286 239.150 8 14 12 98 4
4.837 92.286 239.150 9 14 12 98 4
4.837 92.286 239.150 10 14 12 98 4
4.837 92.286 239.150 11 14 12 98 4
4.837 92.286 239.150 12 14 12 98 4
4.837 92.286 239.150 13 14 12 98 4
4.837 92.286 239.150 14 14 12 98 4
4.837 92.286 239.150 15 14 12 98 4
4.837 92.286 239.150 16 14 12 98 4
4.837 92.286 239.150 17 14 12 98 4
4.837 92.286 239.150 18 14 12 98 4
4.837 92.286 239.150 19 14 12 98 4
4.837 92.286 239.150 20 14 12 98 4
60.084 61.487 246.188 1 15 12 93 3
22.865 66.593 15.477 2 15 12 39 1
4.837 92.286 239.150 3 15 12 98 4
4.837 92.286 239.150 4 15 12 98 4
4.837 92.286 239.150 5 15 12 98 4
4.837 92.286 239.150 6 15 12 98 4
4.837 92.286 239.150 7 15 12 98 4
4.837 92.286 239.150 8 15 12 98 4
4.837 92.286 239.150 9 15 12 98 4
4.837 92.286 239.150 10 15 12 98 4
4.837 92.286 239.150 11 15 12 98 4
4.837 92.286 239.150 12 15 12 98 4
4.837 92.286 239.150 13 15 12 98 4
4.837 92.286 239.150 14 15 12 98 4
4.837 92.286 239.150 15 15 12 98 4
4.837 92.286 239.150 16 15 12 98 4
4.837 92.286 239.150 17 15 12 98 4
4.837 92.286 239.150 18 15 12 98 4
4.837 92.286 239.150 19 15 12 98 4
4.837 92.286 239.150 20 15 12 98 4
60.084 61.487 246.188 1 16 12 93 3
60.084 61.487 246.188 2 16 12 93 3
4.837 92.286 239.150 3 16 12 98 4
4.837 92.286 239.150 4 16 12 98 4
4.837 92.286 239.150 5 16 12 98 4
4.837 92.286 239.150 6 16 12 98 4
4.837 92.286 239.150 7 16 12 98 4
4.837 92.286 239.150 8 16 12 98 4
4.837 92.286 239.150 9 16 12 98 4
4.837 92.286 239.150 10 16 12 98 4
4.837 92.286 239.150 11 16 12 98 4
4.837 92.286 239.150 12 16 12 98 4
4.837 92.286 239.150 13 16 12 98 4
4.837 92.286 239.150 14 16 12 98 4
4.837 92.286 239.150 15 16 12 98 4
4.837 92.286 239.150 16 16 12 98 4
4.837 92.286 239.150 17 16 12 98 4
4.837 92.286 239.150 18 16 12 98 4
4.837 92.286 239.150 19 16 12 98 4
4.837 92.286 239.150 20 16 12 98 4
60.084 61.487 246.188 1 17 12 93 3
60.084 61.487 246.188 2 17 12 93 3
4.837 92.286 239.150 3 17 12 98 4
4.837 92.286 239.150 4 17 12 98 4
4.837 92.286 239.150 5 17 12 98 4
4.837 92.286 239.150 6 17 12 98 4
4.837 92.286 239.150 7 17 12 98 4
4.837 92.286 239.150 8 17 12 98 4
4.837 92.286 239.150 9 17 12 98 4
4.837 92.286 239.150 10 17 12 98 4
4.837 92.286 239.150 11 17 12 98 4
4.837 92.286 239.150 12 17 12 98 4
4.837 92.286 239.150 13 17 12 98 4
4.837 92.286 239.150 14 17 12 98 4
4.837 92.286 239.150 15 17 12 98 4
4.837 92.286 239.150 16 17 12 98 4
4.837 92.286 239.150 17 17 12 98 4
4.837 92.286 239.150 18 17 12 98 4
4.837 92.286 239.150 19 17 12 98 4
4.837 92.286 239.150 20 17 12 98 4
60.084 61.487 246.188 1 18 12 93 3
60.084 61.487 246.188 2 18 12 93 3
60.084 61.487 246.188 3 18 12 93 3
4.837 92.286 239.150 4 18 12 98 4
4.837 92.286 239.150 5 18 12 98 4
4.837 92.286 239.150 6 18 12 98 4
4.837 92.286 239.150 7 18 12 98 4
4.837 92.286 239.150 8 18 12 98 4
4.837 92.286 239.150 9 18 12 98 4
4.837 92.286 239.150 10 18 12 98 4
4.837 92.286 239.150 11 18 12 98 4
4.837 92.286 239.150 12 18 12 98 4
4.837 92.286 239.150 13 18 12 98 4
4.837 92.286 239.150 14 18 12 98 4
4.837 92.286 239.150 15 18 12 98 4
4.837 92.286 239.150 16 18 12 98 4
4.837 92.286 239.150 17 18 12 98 4
4.837 92.286 239.150 18 18 12 98 4
4.837 92.286 239.150 19 18 12 98 4
4.837 92.286 239.150 20 18 12 98 4
60.084 61.487 246.188 1 19 12 93 3
312.342 8.933 122.176 2 19 12 11 1
60.084 61.487 246.188 3 19 12 93 3
4.837 92.286 239.150 4 19 12 98 4
4.837 92.286 239.150 5 19 12 98 4
4.837 92.286 239.150 6 19 12 98 4
4.837 92.286 239.150 7 19 12 98 4
4.837 92.286 239.150 8 19 12 98 4
4.837 92.286 239.150 9 19 12 98 4
4.837 92.286 239.150 10 19 12 98 4
4.837 92.286 239.150 11 19 12 98 4
4.837 92.286 239.150 12 19 12 98 4
4.837 92.286 239.150 13 19 12 98 4
4.837 92.286 239.150 14 19 12 98 4
4.837 92.286 239.150 15 19 12 98 4
4.837 92.286 239.150 16 19 12 98 4
4.837 92.286 239.150 17 19 12 98 4
4.837 92.286 239.150 18 19 12 98 4
4.837 92.286 239.150 19 19 12 98 4
4.837 92.286 239.150 20 19 12 98 4
60.084 61.487 246.188 1 20 12 93 3
312.342 8.933 122.176 2 20 12 11 1
46.487 81.773 338.082 3 20 12 67 1
4.837 92.286 239.150 4 20 12 98 4
4.837 92.286 239.150 5 20 12 98 4
4.837 92.286 239.150 6 20 12 98 4
4.837 92.286 239.150 7 20 12 98 4
4.837 92.286 239.150 8 20 12 98 4
4.837 92.286 239.150 9 20 12 98 4
4.837 92.286 239.150 10 20 12 98 4
4.837 92.286 239.150 11 20 12 98 4
4.837 92.286 239.150 12 20 12 98 4
4.837 92.286 239.150 13 20 12 98 4
4.837 92.286 239.150 14 20 12 98 4
4.837 92.286 239.150 15 20 12 98 4
251.953 133.227 88.077 16 20 12 73 1
4.837 92.286 239.150 17 20 12 98 4
4.837 92.286 239.150 18 20 12 98 4
4.837 92.286 239.150 19 20 12 98 4
4.837 92.286 239.150 20 20 12 98 4
