307.972 112.810 183.606 1 1 16 97 4
307.972 112.810 183.606 2 1 16 97 4
307.972 112.810 183.606 3 1 16 97 4
307.972 112.810 183.606 4 1 16 97 4
295.407 40.510 86.615 5 1 16 48 1
295.407 40.510 86.615 6 1 16 48 1
295.407 40.510 86.615 7 1 16 48 1
295.407 40.510 86.615 8 1 16 48 1
295.407 40.510 86.615 9 1 16 48 1
295.407 40.510 86.615 10 1 16 48 1
295.407 40.510 86.615 11 1 16 48 1
261.832 161.592 164.132 12 1 16 95 4
261.832 161.592 164.132 13 1 16 95 4
261.832 161.592 164.132 14 1 16 95 4
261.832 161.592 164.132 15 1 16 95 4
261.832 161.592 164.132 16 1 16 95 4
261.832 161.592 164.132 17 1 16 95 4
261.832 161.592 164.132 18 1 16 95 4
261.832 161.592 164.132 19 1 16 95 4
261.832 161.592 164.132 20 1 16 95 4
307.972 112.810 183.606 1 2 16 97 4
307.972 112.810 183.606 2 2 16 97 4
307.972 112.810 183.606 3 2 16 97 4
307.972 112.810 183.606 4 2 16 97 4
295.407 40.510 86.615 5 2 16 48 1
295.407 40.510 86.615 6 2 16 48 1
295.407 40.510 86.615 7 2 16 48 1
295.407 40.510 86.615 8 2 16 48 1
295.407 40.510 86.615 9 2 16 48 1
346.148 40.759 346.746 10 2 16 59 1
346.148 40.759 346.746 11 2 16 59 1
261.832 161.592 164.132 12 2 16 95 4
261.832 161.592 164.132 13 2 16 95 4
261.832 161.592 164.132 14 2 16 95 4
261.832 161.592 164.132 15 2 16 95 4
261.832 161.592 164.132 16 2 16 95 4
261.832 161.592 164.132 17 2 16 95 4
261.832 161.592 164.132 18 2 16 95 4
261.832 161.592 164.132 19 2 16 95 4
261.832 161.592 164.132 20 2 16 95 4
307.972 112.810 183.606 1 3 16 97 4
307.972 112.810 183.606 2 3 16 97 4
307.972 112.810 183.606 3 3 16 97 4
307.972 112.810 183.606 4 3 16 97 4
295.407 40.510 86.615 5 3 16 48 1
295.407 40.510 86.615 6 3 16 48 1
295.407 40.510 86.615 7 3 16 48 1
295.407 40.510 86.615 8 3 16 48 1
295.407 40.510 86.615 9 3 16 48 1
4.837 92.286 239.150 10 3 16 98 4
4.837 92.286 239.150 11 3 16 98 4
261.832 161.592 164.132 12 3 16 95 4
261.832 161.592 164.132 13 3 16 95 4
261.832 161.592 164.132 14 3 16 95 4
261.832 161.592 164.132 15 3 16 95 4
261.832 161.592 164.132 16 3 16 95 4
261.832 161.592 164.132 17 3 16 95 4
261.832 161.592 164.132 18 3 16 95 4
261.832 161.592 164.132 19 3 16 95 4
261.832 161.592 164.132 20 3 16 95 4
307.972 112.810 183.606 1 4 16 97 4
307.972 112.810 183.606 2 4 16 97 4
307.972 112.810 183.606 3 4 16 97 4
307.972 112.810 183.606 4 4 16 97 4
295.407 40.510 86.615 5 4 16 48 1
173.412 121.248 26.583 6 4 16 101 1
173.412 121.248 26.583 7 4 16 101 1
191.415 102.137 36.956 8 4 16 38 1
191.415 102.137 36.956 9 4 16 38 1
4.837 92.286 239.150 10 4 16 98 4
4.837 92.286 239.150 11 4 16 98 4
4.837 92.286 239.150 12 4 16 98 4
4.837 92.286 239.150 13 4 16 98 4
261.832 161.592 164.132 14 4 16 95 4
261.832 161.592 164.132 15 4 16 95 4
261.832 161.592 164.132 16 4 16 95 4
261.832 161.592 164.132 17 4 16 95 4
261.832 161.592 164.132 18 4 16 95 4
261.832 161.592 164.132 19 4 16 95 4
31.643 140.720 249.739 20 4 16 50 1
307.972 112.810 183.606 1 5 16 97 4
307.972 112.810 183.606 2 5 16 97 4
307.972 112.810 183.606 3 5 16 97 4
307.972 112.810 183.606 4 5 16 97 4
295.407 40.510 86.615 5 5 16 48 1
173.412 121.248 26.583 6 5 16 101 1
4.837 92.286 239.150 7 5 16 98 4
191.415 102.137 36.956 8 5 16 38 1
4.837 92.286 239.150 9 5 16 98 4
4.837 92.286 239.150 10 5 16 98 4
4.837 92.286 239.150 11 5 16 98 4
4.837 92.286 239.150 12 5 16 98 4
4.837 92.286 239.150 13 5 16 98 4
4.837 92.286 239.150 14 5 16 98 4
261.832 161.592 164.132 15 5 16 95 4
261.832 161.592 164.132 16 5 16 95 4
261.832 161.592 164.132 17 5 16 95 4
261.832 161.592 164.132 18 5 16 95 4
261.832 161.592 164.132 19 5 16 95 4
261.832 161.592 164.132 20 5 16 95 4
307.972 112.810 183.606 1 6 16 97 4
307.972 112.810 183.606 2 6 16 97 4
76.951 170.543 223.122 3 6 16 102 1
76.951 170.543 223.122 4 6 16 102 1
230.737 50.520 25.391 5 6 16 89 2
230.737 50.520 25.391 6 6 16 89 2
4.837 92.286 239.150 7 6 16 98 4
4.837 92.286 239.150 8 6 16 98 4
4.837 92.286 239.150 9 6 16 98 4
4.837 92.286 239.150 10 6 16 98 4
4.837 92.286 239.150 11 6 16 98 4
4.837 92.286 239.150 12 6 16 98 4
4.837 92.286 239.150 13 6 16 98 4
4.837 92.286 239.150 14 6 16 98 4
4.837 92.286 239.150 15 6 16 98 4
261.832 161.592 164.132 16 6 16 95 4
261.832 161.592 164.132 17 6 16 95 4
261.832 161.592 164.132 18 6 16 95 4
261.832 161.592 164.132 19 6 16 95 4
261.832 161.592 164.132 20 6 16 95 4
307.972 112.810 183.606 1 7 16 97 4
307.972 112.810 183.606 2 7 16 97 4
76.951 170.543 223.122 3 7 16 102 1
76.951 170.543 223.122 4 7 16 102 1
230.737 50.520 25.391 5 7 16 89 2
230.737 50.520 25.391 6 7 16 89 2
4.837 92.286 239.150 7 7 16 98 4
4.837 92.286 239.150 8 7 16 98 4
4.837 92.286 239.150 9 7 16 98 4
4.837 92.286 239.150 10 7 16 98 4
4.837 92.286 239.150 11 7 16 98 4
4.837 92.286 239.150 12 7 16 98 4
4.837 92.286 239.150 13 7 16 98 4
4.837 92.286 239.150 14 7 16 98 4
4.837 92.286 239.150 15 7 16 98 4
4.837 92.286 239.150 16 7 16 98 4
261.832 161.592 164.132 17 7 16 95 4
261.832 161.592 164.132 18 7 16 95 4
261.832 161.592 164.132 19 7 16 95 4
261.832 161.592 164.132 20 7 16 95 4
345.086 131.006 162.550 1 8 16 110 2
345.086 131.006 162.550 2 8 16 110 2
345.086 131.006 162.550 3 8 16 110 2
76.951 170.543 223.122 4 8 16 102 1
4.837 92.286 239.150 5 8 16 98 4
230.737 50.520 25.391 6 8 16 89 2
4.837 92.286 239.150 7 8 16 98 4
4.837 92.286 239.150 8 8 16 98 4
4.837 92.286 239.150 9 8 16 98 4
4.837 92.286 239.150 10 8 16 98 4
4.837 92.286 239.150 11 8 16 98 4
4.837 92.286 239.150 12 8 16 98 4
4.837 92.286 239.150 13 8 16 98 4
4.837 92.286 239.150 14 8 16 98 4
4.837 92.286 239.150 15 8 16 98 4
4.837 92.286 239.150 16 8 16 98 4
4.837 92.286 239.150 17 8 16 98 4
4.837 92.286 239.150 18 8 16 98 4
261.832 161.592 164.132 19 8 16 95 4
261.832 161.592 164.132 20 8 16 95 4
345.086 131.006 162.550 1 9 16 110 2
345.086 131.006 162.550 2 9 16 110 2
345.086 131.006 162.550 3 9 16 110 2
4.837 92.286 239.150 4 9 16 98 4
4.837 92.286 239.150 5 9 16 98 4
4.837 92.286 239.150 6 9 16 98 4
4.837 92.286 239.150 7 9 16 98 4
4.837 92.286 239.150 8 9 16 98 4
4.837 92.286 239.150 9 9 16 98 4
4.837 92.286 239.150 10 9 16 98 4
4.837 92.286 239.150 11 9 16 98 4
4.837 92.286 239.150 12 9 16 98 4
4.837 92.286 239.150 13 9 16 98 4
4.837 92.286 239.150 14 9 16 98 4
4.837 92.286 239.150 15 9 16 98 4
4.837 92.286 239.150 16 9 16 98 4
4.837 92.286 239.150 17 9 16 98 4
4.837 92.286 239.150 18 9 16 98 4
4.837 92.286 239.150 19 9 16 98 4
261.832 161.592 164.132 20 9 16 95 4
39.964 53.619 210.042 1 10 16 31 1
345.086 131.006 162.550 2 10 16 110 2
4.837 92.286 239.150 3 10 16 98 4
4.837 92.286 239.150 4 10 16 98 4
4.837 92.286 239.150 5 10 16 98 4
4.837 92.286 239.150 6 10 16 98 4
4.837 92.286 239.150 7 10 16 98 4
4.837 92.286 239.150 8 10 16 98 4
4.837 92.286 239.150 9 10 16 98 4
4.837 92.286 239.150 10 10 16 98 4
4.837 92.286 239.150 11 10 16 98 4
4.837 92.286 239.150 12 10 16 98 4
4.837 92.286 239.150 13 10 16 98 4
4.837 92.286 239.150 14 10 16 98 4
4.837 92.286 239.150 15 10 16 98 4
4.837 92.286 239.150 16 10 16 98 4
4.837 92.286 239.150 17 10 16 98 4
4.837 92.286 239.150 18 10 16 98 4
4.837 92.286 239.150 19 10 16 98 4
4.837 92.286 239.150 20 10 16 98 4
39.964 53.619 210.042 1 11 16 31 1
321.898 61.853 231.973 2 11 16 69 1
321.898 61.853 231.973 3 11 16 69 1
4.837 92.286 239.150 4 11 16 98 4
4.837 92.286 239.150 5 11 16 98 4
4.837 92.286 239.150 6 11 16 98 4
4.837 92.286 239.150 7 11 16 98 4
4.837 92.286 239.150 8 11 16 98 4
4.837 92.286 239.150 9 11 16 98 4
4.837 92.286 239.150 10 11 16 98 4
4.837 92.286 239.150 11 11 16 98 4
4.837 92.286 239.150 12 11 16 98 4
4.837 92.286 239.150 13 11 16 98 4
4.837 92.286 239.150 14 11 16 98 4
4.837 92.286 239.150 15 11 16 98 4
4.837 92.286 239.150 16 11 16 98 4
4.837 92.286 239.150 17 11 16 98 4
4.837 92.286 239.150 18 11 16 98 4
4.837 92.286 239.150 19 11 16 98 4
4.837 92.286 239.150 20 11 16 98 4
39.964 53.619 210.042 1 12 16 31 1
39.964 53.619 210.042 2 12 16 31 1
321.898 61.853 231.973 3 12 16 69 1
4.837 92.286 239.150 4 12 16 98 4
4.837 92.286 239.150 5 12 16 98 4
4.837 92.286 239.150 6 12 16 98 4
4.837 92.286 239.150 7 12 16 98 4
4.837 92.286 239.150 8 12 16 98 4
4.837 92.286 239.150 9 12 16 98 4
4.837 92.286 239.150 10 12 16 98 4
4.837 92.286 239.150 11 12 16 98 4
4.837 92.286 239.150 12 12 16 98 4
4.837 92.286 239.150 13 12 16 98 4
4.837 92.286 239.150 14 12 16 98 4
4.837 92.286 239.150 15 12 16 98 4
4.837 92.286 239.150 16 12 16 98 4
4.837 92.286 239.150 17 12 16 98 4
4.837 92.286 239.150 18 12 16 98 4
4.837 92.286 239.150 19 12 16 98 4
4.837 92.286 239.150 20 12 16 98 4
39.964 53.619 210.042 1 13 16 31 1
39.964 53.619 210.042 2 13 16 31 1
39.964 53.619 210.042 3 13 16 31 1
4.837 92.286 239.150 4 13 16 98 4
4.837 92.286 239.150 5 13 16 98 4
4.837 92.286 239.150 6 13 16 98 4
4.837 92.286 239.150 7 13 16 98 4
4.837 92.286 239.150 8 13 16 98 4
4.837 92.286 239.150 9 13 16 98 4
4.837 92.286 239.150 10 13 16 98 4
4.837 92.286 239.150 11 13 16 98 4
4.837 92.286 239.150 12 13 16 98 4
4.837 92.286 239.150 13 13 16 98 4
4.837 92.286 239.150 14 13 16 98 4
4.837 92.286 239.150 15 13 16 98 4
4.837 92.286 239.150 16 13 16 98 4
4.837 92.286 239.150 17 13 16 98 4
4.837 92.286 239.150 18 13 16 98 4
4.837 92.286 239.150 19 13 16 98 4
4.837 92.286 239.150 20 13 16 98 4
39.964 53.619 210.042 1 14 16 31 1
39.964 53.619 210.042 2 14 16 31 1
39.964 53.619 210.042 3 14 16 31 1
4.837 92.286 239.150 4 14 16 98 4
4.837 92.286 239.150 5 14 16 98 4
4.837 92.286 239.150 6 14 16 98 4
4.837 92.286 239.150 7 14 16 98 4
4.837 92.286 239.150 8 14 16 98 4
4.837 92.286 239.150 9 14 16 98 4
4.837 92.286 239.150 10 14 16 98 4
4.837 92.286 239.150 11 14 16 98 4
4.837 92.286 239.150 12 14 16 98 4
4.837 92.286 239.150 13 14 16 98 4
4.837 92.286 239.150 14 14 16 98 4
4.837 92.286 239.150 15 14 16 98 4
4.837 92.286 239.150 16 14 16 98 4
4.837 92.286 239.150 17 14 16 98 4
4.837 92.286 239.150 18 14 16 98 4
4.837 92.286 239.150 19 14 16 98 4
4.837 92.286 239.150 20 14 16 98 4
39.964 53.619 210.042 1 15 16 31 1
39.964 53.619 210.042 2 15 16 31 1
39.964 53.619 210.042 3 15 16 31 1
4.837 92.286 239.150 4 15 16 98 4
4.837 92.286 239.150 5 15 16 98 4
4.837 92.286 239.150 6 15 16 98 4
4.837 92.286 239.150 7 15 16 98 4
4.837 92.286 239.150 8 15 16 98 4
4.837 92.286 239.150 9 15 16 98 4
4.837 92.286 239.150 10 15 16 98 4
4.837 92.286 239.150 11 15 16 98 4
4.837 92.286 239.150 12 15 16 98 4
4.837 92.286 239.150 13 15 16 98 4
4.837 92.286 239.150 14 15 16 98 4
4.837 92.286 239.150 15 15 16 98 4
4.837 92.286 239.150 16 15 16 98 4
4.837 92.286 239.150 17 15 16 98 4
4.837 92.286 239.150 18 15 16 98 4
4.837 92.286 239.150 19 15 16 98 4
4.837 92.286 239.150 20 15 16 98 4
39.964 53.619 210.042 1 16 16 31 1
39.964 53.619 210.042 2 16 16 31 1
39.964 53.619 210.042 3 16 16 31 1
4.837 92.286 239.150 4 16 16 98 4
4.837 92.286 239.150 5 16 16 98 4
4.837 92.286 239.150 6 16 16 98 4
4.837 92.286 239.150 7 16 16 98 4
4.837 92.286 239.150 8 16 16 98 4
4.837 92.286 239.150 9 16 16 98 4
4.837 92.286 239.150 10 16 16 98 4
4.837 92.286 239.150 11 16 16 98 4
4.837 92.286 239.150 12 16 16 98 4
4.837 92.286 239.150 13 16 16 98 4
4.837 92.286 239.150 14 16 16 98 4
4.837 92.286 239.150 15 16 16 98 4
4.837 92.286 239.150 16 16 16 98 4
4.837 92.286 239.150 17 16 16 98 4
4.837 92.286 239.150 18 16 16 98 4
4.837 92.286 239.150 19 16 16 98 4
4.837 92.286 239.150 20 16 16 98 4
39.964 53.619 210.042 1 17 16 31 1
39.964 53.619 210.042 2 17 16 31 1
302.422 135.302 159.004 3 17 16 79 1
302.422 135.302 159.004 4 17 16 79 1
4.837 92.286 239.150 5 17 16 98 4
4.837 92.286 239.150 6 17 16 98 4
4.837 92.286 239.150 7 17 16 98 4
4.837 92.286 239.150 8 17 16 98 4
4.837 92.286 239.150 9 17 16 98 4
4.837 92.286 239.150 10 17 16 98 4
4.837 92.286 239.150 11 17 16 98 4
4.837 92.286 239.150 12 17 16 98 4
4.837 92.286 239.150 13 17 16 98 4
4.837 92.286 239.150 14 17 16 98 4
4.837 92.286 239.150 15 17 16 98 4
4.837 92.286 239.150 16 17 16 98 4
4.837 92.286 239.150 17 17 16 98 4
4.837 92.286 239.150 18 17 16 98 4
4.837 92.286 239.150 19 17 16 98 4
4.837 92.286 239.150 20 17 16 98 4
39.964 53.619 210.042 1 18 16 31 1
302.422 135.302 159.004 2 18 16 79 1
302.422 135.302 159.004 3 18 16 79 1
302.422 135.302 159.004 4 18 16 79 1
4.837 92.286 239.150 5 18 16 98 4
4.837 92.286 239.150 6 18 16 98 4
4.837 92.286 239.150 7 18 16 98 4
4.837 92.286 239.150 8 18 16 98 4
4.837 92.286 239.150 9 18 16 98 4
4.837 92.286 239.150 10 18 16 98 4
4.837 92.286 239.150 11 18 16 98 4
4.837 92.286 239.150 12 18 16 98 4
4.837 92.286 239.150 13 18 16 98 4
4.837 92.286 239.150 14 18 16 98 4
4.837 92.286 239.150 15 18 16 98 4
4.837 92.286 239.150 16 18 16 98 4
4.837 92.286 239.150 17 18 16 98 4
4.837 92.286 239.150 18 18 16 98 4
4.837 92.286 239.150 19 18 16 98 4
4.837 92.286 239.150 20 18 16 98 4
349.606 90.781 193.303 1 19 16 85 2
349.606 90.781 193.303 2 19 16 85 2
302.422 135.302 159.004 3 19 16 79 1
4.837 92.286 239.150 4 19 16 98 4
4.837 92.286 239.150 5 19 16 98 4
4.837 92.286 239.150 6 19 16 98 4
4.837 92.286 239.150 7 19 16 98 4
4.837 92.286 239.150 8 19 16 98 4
4.837 92.286 239.150 9 19 16 98 4
4.837 92.286 239.150 10 19 16 98 4
4.837 92.286 239.150 11 19 16 98 4
4.837 92.286 239.150 12 19 16 98 4
4.837 92.286 239.150 13 19 16 98 4
4.837 92.286 239.150 14 19 16 98 4
4.837 92.286 239.150 15 19 16 98 4
4.837 92.286 239.150 16 19 16 98 4
4.837 92.286 239.150 17 19 16 98 4
4.837 92.286 239.150 18 19 16 98 4
4.837 92.286 239.150 19 19 16 98 4
4.837 92.286 239.150 20 19 16 98 4
349.606 90.781 193.303 1 20 16 85 2
349.606 90.781 193.303 2 20 16 85 2
349.606 90.781 193.303 3 20 16 85 2
4.837 92.286 239.150 4 20 16 98 4
4.837 92.286 239.150 5 20 16 98 4
4.837 92.286 239.150 6 20 16 98 4
4.837 92.286 239.150 7 20 16 98 4
4.837 92.286 239.150 8 20 16 98 4
4.837 92.286 239.150 9 20 16 98 4
4.837 92.286 239.150 10 20 16 98 4
4.837 92.286 239.150 11 20 16 98 4
4.837 92.286 239.150 12 20 16 98 4
4.837 92.286 239.150 13 20 16 98 4
4.837 92.286 239.150 14 20 16 98 4
4.837 92.286 239.150 15 20 16 98 4
87.615 125.194 252.124 16 20 16 74 1
4.837 92.286 239.150 17 20 16 98 4
226.553 85.394 46.886 18 20 16 78 1
226.553 85.394 46.886 19 20 16 78 1
290.480 123.055 248.416 20 20 16 96 4
