251.722 147.026 283.852 1 1 29 165 1
251.722 147.026 283.852 2 1 29 165 1
276.445 23.655 67.261 3 1 29 429 1
276.445 23.655 67.261 4 1 29 429 1
276.445 23.655 67.261 5 1 29 429 1
259.816 66.703 105.083 6 1 29 387 4
259.816 66.703 105.083 7 1 29 387 4
259.816 66.703 105.083 8 1 29 387 4
259.816 66.703 105.083 9 1 29 387 4
259.816 66.703 105.083 10 1 29 387 4
259.816 66.703 105.083 11 1 29 387 4
288.232 72.747 316.942 12 1 29 337 2
288.232 72.747 316.942 13 1 29 337 2
288.232 72.747 316.942 14 1 29 337 2
288.232 72.747 316.942 15 1 29 337 2
30.671 75.156 351.539 16 1 29 342 2
30.671 75.156 351.539 17 1 29 342 2
30.671 75.156 351.539 18 1 29 342 2
30.671 75.156 351.539 19 1 29 342 2
237.517 75.929 344.199 20 1 29 388 4
237.517 75.929 344.199 21 1 29 388 4
237.517 75.929 344.199 22 1 29 388 4
237.517 75.929 344.199 23 1 29 388 4
237.517 75.929 344.199 24 1 29 388 4
237.517 75.929 344.199 25 1 29 388 4
237.517 75.929 344.199 26 1 29 388 4
237.517 75.929 344.199 27 1 29 388 4
237.517 75.929 344.199 28 1 29 388 4
237.517 75.929 344.199 29 1 29 388 4
237.517 75.929 344.199 30 1 29 388 4
251.722 147.026 283.852 1 2 29 165 1
251.722 147.026 283.852 2 2 29 165 1
276.445 23.655 67.261 3 2 29 429 1
276.445 23.655 67.261 4 2 29 429 1
276.445 23.655 67.261 5 2 29 429 1
259.816 66.703 105.083 6 2 29 387 4
259.816 66.703 105.083 7 2 29 387 4
259.816 66.703 105.083 8 2 29 387 4
259.816 66.703 105.083 9 2 29 387 4
259.816 66.703 105.083 10 2 29 387 4
259.816 66.703 105.083 11 2 29 387 4
288.232 72.747 316.942 12 2 29 337 2
288.232 72.747 316.942 13 2 29 337 2
288.232 72.747 316.942 14 2 29 337 2
288.232 72.747 316.942 15 2 29 337 2
30.671 75.156 351.539 16 2 29 342 2
30.671 75.156 351.539 17 2 29 342 2
30.671 75.156 351.539 18 2 29 342 2
30.671 75.156 351.539 19 2 29 342 2
30.671 75.156 351.539 20 2 29 342 2
237.517 75.929 344.199 21 2 29 388 4
237.517 75.929 344.199 22 2 29 388 4
237.517 75.929 344.199 23 2 29 388 4
237.517 75.929 344.199 24 2 29 388 4
237.517 75.929 344.199 25 2 29 388 4
237.517 75.929 344.199 26 2 29 388 4
237.517 75.929 344.199 27 2 29 388 4
237.517 75.929 344.199 28 2 29 388 4
237.517 75.929 344.199 29 2 29 388 4
237.517 75.929 344.199 30 2 29 388 4
251.722 147.026 283.852 1 3 29 165 1
251.722 147.026 283.852 2 3 29 165 1
251.722 147.026 283.852 3 3 29 165 1
276.445 23.655 67.261 4 3 29 429 1
259.816 66.703 105.083 5 3 29 387 4
259.816 66.703 105.083 6 3 29 387 4
259.816 66.703 105.083 7 3 29 387 4
259.816 66.703 105.083 8 3 29 387 4
259.816 66.703 105.083 9 3 29 387 4
259.816 66.703 105.083 10 3 29 387 4
259.816 66.703 105.083 11 3 29 387 4
288.232 72.747 316.942 12 3 29 337 2
288.232 72.747 316.942 13 3 29 337 2
288.232 72.747 316.942 14 3 29 337 2
288.232 72.747 316.942 15 3 29 337 2
30.671 75.156 351.539 16 3 29 342 2
30.671 75.156 351.539 17 3 29 342 2
30.671 75.156 351.539 18 3 29 342 2
30.671 75.156 351.539 19 3 29 342 2
30.671 75.156 351.539 20 3 29 342 2
237.517 75.929 344.199 21 3 29 388 4
237.517 75.929 344.199 22 3 29 388 4
237.517 75.929 344.199 23 3 29 388 4
237.517 75.929 344.199 24 3 29 388 4
237.517 75.929 344.199 25 3 29 388 4
237.517 75.929 344.199 26 3 29 388 4
237.517 75.929 344.199 27 3 29 388 4
237.517 75.929 344.199 28 3 29 388 4
237.517 75.929 344.199 29 3 29 388 4
237.517 75.929 344.199 30 3 29 388 4
251.722 147.026 283.852 1 4 29 165 1
251.722 147.026 283.852 2 4 29 165 1
225.865 147.801 77.522 3 4 29 308 2
259.816 66.703 105.083 4 4 29 387 4
259.816 66.703 105.083 5 4 29 387 4
259.816 66.703 105.083 6 4 29 387 4
259.816 66.703 105.083 7 4 29 387 4
259.816 66.703 105.083 8 4 29 387 4
259.816 66.703 105.083 9 4 29 387 4
259.816 66.703 105.083 10 4 29 387 4
259.816 66.703 105.083 11 4 29 387 4
65.044 29.333 305.383 12 4 29 109 1
65.044 29.333 305.383 13 4 29 109 1
65.044 29.333 305.383 14 4 29 109 1
65.044 29.333 305.383 15 4 29 109 1
30.671 75.156 351.539 16 4 29 342 2
30.671 75.156 351.539 17 4 29 342 2
30.671 75.156 351.539 18 4 29 342 2
30.671 75.156 351.539 19 4 29 342 2
209.722 86.591 134.171 20 4 29 390 4
209.722 86.591 134.171 21 4 29 390 4
237.517 75.929 344.199 22 4 29 388 4
237.517 75.929 344.199 23 4 29 388 4
237.517 75.929 344.199 24 4 29 388 4
237.517 75.929 344.199 25 4 29 388 4
237.517 75.929 344.199 26 4 29 388 4
237.517 75.929 344.199 27 4 29 388 4
237.517 75.929 344.199 28 4 29 388 4
237.517 75.929 344.199 29 4 29 388 4
237.517 75.929 344.199 30 4 29 388 4
225.865 147.801 77.522 1 5 29 308 2
225.865 147.801 77.522 2 5 29 308 2
225.865 147.801 77.522 3 5 29 308 2
225.865 147.801 77.522 4 5 29 308 2
259.816 66.703 105.083 5 5 29 387 4
259.816 66.703 105.083 6 5 29 387 4
259.816 66.703 105.083 7 5 29 387 4
259.816 66.703 105.083 8 5 29 387 4
259.816 66.703 105.083 9 5 29 387 4
259.816 66.703 105.083 10 5 29 387 4
284.482 17.519 90.447 11 5 29 384 4
284.482 17.519 90.447 12 5 29 384 4
65.044 29.333 305.383 13 5 29 109 1
65.044 29.333 305.383 14 5 29 109 1
65.044 29.333 305.383 15 5 29 109 1
65.044 29.333 305.383 16 5 29 109 1
30.671 75.156 351.539 17 5 29 342 2
30.671 75.156 351.539 18 5 29 342 2
30.671 75.156 351.539 19 5 29 342 2
209.722 86.591 134.171 20 5 29 390 4
56.573 51.978 108.221 21 5 29 118 1
56.573 51.978 108.221 22 5 29 118 1
56.573 51.978 108.221 23 5 29 118 1
237.517 75.929 344.199 24 5 29 388 4
237.517 75.929 344.199 25 5 29 388 4
237.517 75.929 344.199 26 5 29 388 4
237.517 75.929 344.199 27 5 29 388 4
237.517 75.929 344.199 28 5 29 388 4
237.517 75.929 344.199 29 5 29 388 4
237.517 75.929 344.199 30 5 29 388 4
225.865 147.801 77.522 1 6 29 308 2
225.865 147.801 77.522 2 6 29 308 2
225.865 147.801 77.522 3 6 29 308 2
259.816 66.703 105.083 4 6 29 387 4
259.816 66.703 105.083 5 6 29 387 4
259.816 66.703 105.083 6 6 29 387 4
259.816 66.703 105.083 7 6 29 387 4
259.816 66.703 105.083 8 6 29 387 4
259.816 66.703 105.083 9 6 29 387 4
284.482 17.519 90.447 10 6 29 384 4
284.482 17.519 90.447 11 6 29 384 4
284.482 17.519 90.447 12 6 29 384 4
65.044 29.333 305.383 13 6 29 109 1
65.044 29.333 305.383 14 6 29 109 1
65.044 29.333 305.383 15 6 29 109 1
65.044 29.333 305.383 16 6 29 109 1
209.722 86.591 134.171 17 6 29 390 4
209.722 86.591 134.171 18 6 29 390 4
297.214 68.147 178.632 19 6 29 112 1
209.722 86.591 134.171 20 6 29 390 4
56.573 51.978 108.221 21 6 29 118 1
56.573 51.978 108.221 22 6 29 118 1
56.573 51.978 108.221 23 6 29 118 1
15.817 42.857 43.824 24 6 29 325 2
237.517 75.929 344.199 25 6 29 388 4
237.517 75.929 344.199 26 6 29 388 4
237.517 75.929 344.199 27 6 29 388 4
237.517 75.929 344.199 28 6 29 388 4
8.678 59.005 343.091 29 6 29 225 1
23.916 103.192 14.361 30 6 29 130 1
225.865 147.801 77.522 1 7 29 308 2
225.865 147.801 77.522 2 7 29 308 2
225.865 147.801 77.522 3 7 29 308 2
259.816 66.703 105.083 4 7 29 387 4
259.816 66.703 105.083 5 7 29 387 4
259.816 66.703 105.083 6 7 29 387 4
259.816 66.703 105.083 7 7 29 387 4
284.482 17.519 90.447 8 7 29 384 4
284.482 17.519 90.447 9 7 29 384 4
284.482 17.519 90.447 10 7 29 384 4
284.482 17.519 90.447 11 7 29 384 4
284.482 17.519 90.447 12 7 29 384 4
284.482 17.519 90.447 13 7 29 384 4
284.482 17.519 90.447 14 7 29 384 4
284.482 17.519 90.447 15 7 29 384 4
284.482 17.519 90.447 16 7 29 384 4
284.482 17.519 90.447 17 7 29 384 4
297.214 68.147 178.632 18 7 29 112 1
297.214 68.147 178.632 19 7 29 112 1
297.214 68.147 178.632 20 7 29 112 1
209.722 86.591 134.171 21 7 29 390 4
132.501 116.782 353.164 22 7 29 304 1
132.501 116.782 353.164 23 7 29 304 1
15.817 42.857 43.824 24 7 29 325 2
15.817 42.857 43.824 25 7 29 325 2
15.817 42.857 43.824 26 7 29 325 2
15.817 42.857 43.824 27 7 29 325 2
23.916 103.192 14.361 28 7 29 130 1
23.916 103.192 14.361 29 7 29 130 1
23.916 103.192 14.361 30 7 29 130 1
225.865 147.801 77.522 1 8 29 308 2
225.865 147.801 77.522 2 8 29 308 2
259.816 66.703 105.083 3 8 29 387 4
259.816 66.703 105.083 4 8 29 387 4
259.816 66.703 105.083 5 8 29 387 4
259.816 66.703 105.083 6 8 29 387 4
284.482 17.519 90.447 7 8 29 384 4
284.482 17.519 90.447 8 8 29 384 4
284.482 17.519 90.447 9 8 29 384 4
284.482 17.519 90.447 10 8 29 384 4
284.482 17.519 90.447 11 8 29 384 4
284.482 17.519 90.447 12 8 29 384 4
284.482 17.519 90.447 13 8 29 384 4
284.482 17.519 90.447 14 8 29 384 4
284.482 17.519 90.447 15 8 29 384 4
284.482 17.519 90.447 16 8 29 384 4
284.482 17.519 90.447 17 8 29 384 4
284.482 17.519 90.447 18 8 29 384 4
297.214 68.147 178.632 19 8 29 112 1
297.214 68.147 178.632 20 8 29 112 1
297.214 68.147 178.632 21 8 29 112 1
132.501 116.782 353.164 22 8 29 304 1
132.501 116.782 353.164 23 8 29 304 1
15.817 42.857 43.824 24 8 29 325 2
15.817 42.857 43.824 25 8 29 325 2
15.817 42.857 43.824 26 8 29 325 2
15.817 42.857 43.824 27 8 29 325 2
324.197 69.553 80.550 28 8 29 236 1
23.916 103.192 14.361 29 8 29 130 1
23.916 103.192 14.361 30 8 29 130 1
93.210 121.245 273.371 1 9 29 299 1
259.816 66.703 105.083 2 9 29 387 4
259.816 66.703 105.083 3 9 29 387 4
259.816 66.703 105.083 4 9 29 387 4
259.816 66.703 105.083 5 9 29 387 4
284.482 17.519 90.447 6 9 29 384 4
284.482 17.519 90.447 7 9 29 384 4
284.482 17.519 90.447 8 9 29 384 4
284.482 17.519 90.447 9 9 29 384 4
284.482 17.519 90.447 10 9 29 384 4
284.482 17.519 90.447 11 9 29 384 4
284.482 17.519 90.447 12 9 29 384 4
284.482 17.519 90.447 13 9 29 384 4
284.482 17.519 90.447 14 9 29 384 4
284.482 17.519 90.447 15 9 29 384 4
284.482 17.519 90.447 16 9 29 384 4
284.482 17.519 90.447 17 9 29 384 4
344.264 52.195 223.187 18 9 29 43 1
344.264 52.195 223.187 19 9 29 43 1
297.214 68.147 178.632 20 9 29 112 1
132.501 116.782 353.164 21 9 29 304 1
132.501 116.782 353.164 22 9 29 304 1
15.817 42.857 43.824 23 9 29 325 2
15.817 42.857 43.824 24 9 29 325 2
154.302 133.830 87.582 25 9 29 114 1
154.302 133.830 87.582 26 9 29 114 1
54.116 71.228 52.040 27 9 29 156 1
47.594 106.356 57.284 28 9 29 143 1
23.916 103.192 14.361 29 9 29 130 1
23.916 103.192 14.361 30 9 29 130 1
320.164 63.032 329.240 1 10 29 379 3
259.816 66.703 105.083 2 10 29 387 4
259.816 66.703 105.083 3 10 29 387 4
259.816 66.703 105.083 4 10 29 387 4
284.482 17.519 90.447 5 10 29 384 4
284.482 17.519 90.447 6 10 29 384 4
284.482 17.519 90.447 7 10 29 384 4
284.482 17.519 90.447 8 10 29 384 4
284.482 17.519 90.447 9 10 29 384 4
284.482 17.519 90.447 10 10 29 384 4
284.482 17.519 90.447 11 10 29 384 4
284.482 17.519 90.447 12 10 29 384 4
284.482 17.519 90.447 13 10 29 384 4
284.482 17.519 90.447 14 10 29 384 4
284.482 17.519 90.447 15 10 29 384 4
284.482 17.519 90.447 16 10 29 384 4
284.482 17.519 90.447 17 10 29 384 4
236.961 34.883 272.979 18 10 29 65 1
236.961 34.883 272.979 19 10 29 65 1
278.859 127.944 82.515 20 10 29 208 1
236.961 34.883 272.979 21 10 29 65 1
278.578 25.598 325.803 22 10 29 414 1
154.302 133.830 87.582 23 10 29 114 1
154.302 133.830 87.582 24 10 29 114 1
154.302 133.830 87.582 25 10 29 114 1
54.116 71.228 52.040 26 10 29 156 1
54.116 71.228 52.040 27 10 29 156 1
47.594 106.356 57.284 28 10 29 143 1
23.916 103.192 14.361 29 10 29 130 1
23.916 103.192 14.361 30 10 29 130 1
320.164 63.032 329.240 1 11 29 379 3
30.148 90.959 152.086 2 11 29 74 1
30.148 90.959 152.086 3 11 29 74 1
284.482 17.519 90.447 4 11 29 384 4
284.482 17.519 90.447 5 11 29 384 4
284.482 17.519 90.447 6 11 29 384 4
284.482 17.519 90.447 7 11 29 384 4
284.482 17.519 90.447 8 11 29 384 4
284.482 17.519 90.447 9 11 29 384 4
284.482 17.519 90.447 10 11 29 384 4
284.482 17.519 90.447 11 11 29 384 4
284.482 17.519 90.447 12 11 29 384 4
284.482 17.519 90.447 13 11 29 384 4
284.482 17.519 90.447 14 11 29 384 4
284.482 17.519 90.447 15 11 29 384 4
284.482 17.519 90.447 16 11 29 384 4
284.482 17.519 90.447 17 11 29 384 4
284.482 17.519 90.447 18 11 29 384 4
236.961 34.883 272.979 19 11 29 65 1
278.859 127.944 82.515 20 11 29 208 1
207.770 141.177 139.221 21 11 29 335 2
207.770 141.177 139.221 22 11 29 335 2
54.116 71.228 52.040 23 11 29 156 1
54.116 71.228 52.040 24 11 29 156 1
54.116 71.228 52.040 25 11 29 156 1
54.116 71.228 52.040 26 11 29 156 1
54.116 71.228 52.040 27 11 29 156 1
47.594 106.356 57.284 28 11 29 143 1
270.411 77.290 286.866 29 11 29 339 2
23.916 103.192 14.361 30 11 29 130 1
284.482 17.519 90.447 1 12 29 384 4
284.482 17.519 90.447 2 12 29 384 4
284.482 17.519 90.447 3 12 29 384 4
284.482 17.519 90.447 4 12 29 384 4
284.482 17.519 90.447 5 12 29 384 4
284.482 17.519 90.447 6 12 29 384 4
284.482 17.519 90.447 7 12 29 384 4
284.482 17.519 90.447 8 12 29 384 4
284.482 17.519 90.447 9 12 29 384 4
284.482 17.519 90.447 10 12 29 384 4
284.482 17.519 90.447 11 12 29 384 4
284.482 17.519 90.447 12 12 29 384 4
284.482 17.519 90.447 13 12 29 384 4
284.482 17.519 90.447 14 12 29 384 4
284.482 17.519 90.447 15 12 29 384 4
284.482 17.519 90.447 16 12 29 384 4
284.482 17.519 90.447 17 12 29 384 4
284.482 17.519 90.447 18 12 29 384 4
207.770 141.177 139.221 19 12 29 335 2
207.770 141.177 139.221 20 12 29 335 2
207.770 141.177 139.221 21 12 29 335 2
207.770 141.177 139.221 22 12 29 335 2
54.116 71.228 52.040 23 12 29 156 1
54.116 71.228 52.040 24 12 29 156 1
54.116 71.228 52.040 25 12 29 156 1
54.116 71.228 52.040 26 12 29 156 1
54.116 71.228 52.040 27 12 29 156 1
47.594 106.356 57.284 28 12 29 143 1
270.411 77.290 286.866 29 12 29 339 2
270.411 77.290 286.866 30 12 29 339 2
284.482 17.519 90.447 1 13 29 384 4
284.482 17.519 90.447 2 13 29 384 4
284.482 17.519 90.447 3 13 29 384 4
284.482 17.519 90.447 4 13 29 384 4
284.482 17.519 90.447 5 13 29 384 4
284.482 17.519 90.447 6 13 29 384 4
284.482 17.519 90.447 7 13 29 384 4
284.482 17.519 90.447 8 13 29 384 4
284.482 17.519 90.447 9 13 29 384 4
284.482 17.519 90.447 10 13 29 384 4
284.482 17.519 90.447 11 13 29 384 4
284.482 17.519 90.447 12 13 29 384 4
284.482 17.519 90.447 13 13 29 384 4
284.482 17.519 90.447 14 13 29 384 4
284.482 17.519 90.447 15 13 29 384 4
284.482 17.519 90.447 16 13 29 384 4
284.482 17.519 90.447 17 13 29 384 4
238.178 137.326 298.072 18 13 29 409 1
303.889 116.636 234.756 19 13 29 145 1
207.770 141.177 139.221 20 13 29 335 2
207.770 141.177 139.221 21 13 29 335 2
114.065 59.967 118.651 22 13 29 319 2
114.065 59.967 118.651 23 13 29 319 2
54.116 71.228 52.040 24 13 29 156 1
54.116 71.228 52.040 25 13 29 156 1
54.116 71.228 52.040 26 13 29 156 1
54.116 71.228 52.040 27 13 29 156 1
110.071 30.482 191.893 28 13 29 393 4
270.411 77.290 286.866 29 13 29 339 2
270.411 77.290 286.866 30 13 29 339 2
284.482 17.519 90.447 1 14 29 384 4
284.482 17.519 90.447 2 14 29 384 4
284.482 17.519 90.447 3 14 29 384 4
284.482 17.519 90.447 4 14 29 384 4
284.482 17.519 90.447 5 14 29 384 4
284.482 17.519 90.447 6 14 29 384 4
284.482 17.519 90.447 7 14 29 384 4
284.482 17.519 90.447 8 14 29 384 4
284.482 17.519 90.447 9 14 29 384 4
284.482 17.519 90.447 10 14 29 384 4
284.482 17.519 90.447 11 14 29 384 4
284.482 17.519 90.447 12 14 29 384 4
284.482 17.519 90.447 13 14 29 384 4
284.482 17.519 90.447 14 14 29 384 4
284.482 17.519 90.447 15 14 29 384 4
21.676 83.923 283.750 16 14 29 368 2
21.676 83.923 283.750 17 14 29 368 2
303.889 116.636 234.756 18 14 29 145 1
303.889 116.636 234.756 19 14 29 145 1
303.889 116.636 234.756 20 14 29 145 1
110.071 30.482 191.893 21 14 29 393 4
110.071 30.482 191.893 22 14 29 393 4
110.071 30.482 191.893 23 14 29 393 4
110.071 30.482 191.893 24 14 29 393 4
110.071 30.482 191.893 25 14 29 393 4
110.071 30.482 191.893 26 14 29 393 4
110.071 30.482 191.893 27 14 29 393 4
110.071 30.482 191.893 28 14 29 393 4
110.071 30.482 191.893 29 14 29 393 4
110.071 30.482 191.893 30 14 29 393 4
284.482 17.519 90.447 1 15 29 384 4
284.482 17.519 90.447 2 15 29 384 4
284.482 17.519 90.447 3 15 29 384 4
284.482 17.519 90.447 4 15 29 384 4
284.482 17.519 90.447 5 15 29 384 4
284.482 17.519 90.447 6 15 29 384 4
284.482 17.519 90.447 7 15 29 384 4
284.482 17.519 90.447 8 15 29 384 4
284.482 17.519 90.447 9 15 29 384 4
284.482 17.519 90.447 10 15 29 384 4
284.482 17.519 90.447 11 15 29 384 4
284.482 17.519 90.447 12 15 29 384 4
284.482 17.519 90.447 13 15 29 384 4
284.482 17.519 90.447 14 15 29 384 4
284.482 17.519 90.447 15 15 29 384 4
146.412 70.803 226.462 16 15 29 322 2
146.412 70.803 226.462 17 15 29 322 2
146.412 70.803 226.462 18 15 29 322 2
110.071 30.482 191.893 19 15 29 393 4
110.071 30.482 191.893 20 15 29 393 4
110.071 30.482 191.893 21 15 29 393 4
110.071 30.482 191.893 22 15 29 393 4
110.071 30.482 191.893 23 15 29 393 4
110.071 30.482 191.893 24 15 29 393 4
110.071 30.482 191.893 25 15 29 393 4
110.071 30.482 191.893 26 15 29 393 4
110.071 30.482 191.893 27 15 29 393 4
110.071 30.482 191.893 28 15 29 393 4
192.926 131.441 26.136 29 15 29 80 1
110.071 30.482 191.893 30 15 29 393 4
284.482 17.519 90.447 1 16 29 384 4
284.482 17.519 90.447 2 16 29 384 4
284.482 17.519 90.447 3 16 29 384 4
284.482 17.519 90.447 4 16 29 384 4
284.482 17.519 90.447 5 16 29 384 4
284.482 17.519 90.447 6 16 29 384 4
284.482 17.519 90.447 7 16 29 384 4
284.482 17.519 90.447 8 16 29 384 4
284.482 17.519 90.447 9 16 29 384 4
284.482 17.519 90.447 10 16 29 384 4
284.482 17.519 90.447 11 16 29 384 4
284.482 17.519 90.447 12 16 29 384 4
284.482 17.519 90.447 13 16 29 384 4
284.482 17.519 90.447 14 16 29 384 4
284.482 17.519 90.447 15 16 29 384 4
146.412 70.803 226.462 16 16 29 322 2
146.412 70.803 226.462 17 16 29 322 2
110.071 30.482 191.893 18 16 29 393 4
110.071 30.482 191.893 19 16 29 393 4
110.071 30.482 191.893 20 16 29 393 4
110.071 30.482 191.893 21 16 29 393 4
110.071 30.482 191.893 22 16 29 393 4
110.071 30.482 191.893 23 16 29 393 4
110.071 30.482 191.893 24 16 29 393 4
110.071 30.482 191.893 25 16 29 393 4
110.071 30.482 191.893 26 16 29 393 4
110.071 30.482 191.893 27 16 29 393 4
192.926 131.441 26.136 28 16 29 80 1
110.071 30.482 191.893 29 16 29 393 4
110.071 30.482 191.893 30 16 29 393 4
284.482 17.519 90.447 1 17 29 384 4
284.482 17.519 90.447 2 17 29 384 4
284.482 17.519 90.447 3 17 29 384 4
284.482 17.519 90.447 4 17 29 384 4
284.482 17.519 90.447 5 17 29 384 4
284.482 17.519 90.447 6 17 29 384 4
284.482 17.519 90.447 7 17 29 384 4
284.482 17.519 90.447 8 17 29 384 4
284.482 17.519 90.447 9 17 29 384 4
284.482 17.519 90.447 10 17 29 384 4
284.482 17.519 90.447 11 17 29 384 4
284.482 17.519 90.447 12 17 29 384 4
284.482 17.519 90.447 13 17 29 384 4
284.482 17.519 90.447 14 17 29 384 4
284.482 17.519 90.447 15 17 29 384 4
110.071 30.482 191.893 16 17 29 393 4
110.071 30.482 191.893 17 17 29 393 4
110.071 30.482 191.893 18 17 29 393 4
110.071 30.482 191.893 19 17 29 393 4
110.071 30.482 191.893 20 17 29 393 4
110.071 30.482 191.893 21 17 29 393 4
110.071 30.482 191.893 22 17 29 393 4
110.071 30.482 191.893 23 17 29 393 4
110.071 30.482 191.893 24 17 29 393 4
110.071 30.482 191.893 25 17 29 393 4
110.071 30.482 191.893 26 17 29 393 4
110.071 30.482 191.893 27 17 29 393 4
110.071 30.482 191.893 28 17 29 393 4
110.071 30.482 191.893 29 17 29 393 4
110.071 30.482 191.893 30 17 29 393 4
284.482 17.519 90.447 1 18 29 384 4
284.482 17.519 90.447 2 18 29 384 4
284.482 17.519 90.447 3 18 29 384 4
284.482 17.519 90.447 4 18 29 384 4
284.482 17.519 90.447 5 18 29 384 4
284.482 17.519 90.447 6 18 29 384 4
284.482 17.519 90.447 7 18 29 384 4
284.482 17.519 90.447 8 18 29 384 4
284.482 17.519 90.447 9 18 29 384 4
284.482 17.519 90.447 10 18 29 384 4
284.482 17.519 90.447 11 18 29 384 4
284.482 17.519 90.447 12 18 29 384 4
284.482 17.519 90.447 13 18 29 384 4
284.482 17.519 90.447 14 18 29 384 4
110.071 30.482 191.893 15 18 29 393 4
110.071 30.482 191.893 16 18 29 393 4
110.071 30.482 191.893 17 18 29 393 4
110.071 30.482 191.893 18 18 29 393 4
110.071 30.482 191.893 19 18 29 393 4
110.071 30.482 191.893 20 18 29 393 4
110.071 30.482 191.893 21 18 29 393 4
110.071 30.482 191.893 22 18 29 393 4
110.071 30.482 191.893 23 18 29 393 4
110.071 30.482 191.893 24 18 29 393 4
110.071 30.482 191.893 25 18 29 393 4
110.071 30.482 191.893 26 18 29 393 4
110.071 30.482 191.893 27 18 29 393 4
110.071 30.482 191.893 28 18 29 393 4
110.071 30.482 191.893 29 18 29 393 4
110.071 30.482 191.893 30 18 29 393 4
284.482 17.519 90.447 1 19 29 384 4
284.482 17.519 90.447 2 19 29 384 4
284.482 17.519 90.447 3 19 29 384 4
284.482 17.519 90.447 4 19 29 384 4
284.482 17.519 90.447 5 19 29 384 4
284.482 17.519 90.447 6 19 29 384 4
284.482 17.519 90.447 7 19 29 384 4
284.482 17.519 90.447 8 19 29 384 4
284.482 17.519 90.447 9 19 29 384 4
284.482 17.519 90.447 10 19 29 384 4
284.482 17.519 90.447 11 19 29 384 4
284.482 17.519 90.447 12 19 29 384 4
284.482 17.519 90.447 13 19 29 384 4
110.071 30.482 191.893 14 19 29 393 4
110.071 30.482 191.893 15 19 29 393 4
110.071 30.482 191.893 16 19 29 393 4
110.071 30.482 191.893 17 19 29 393 4
110.071 30.482 191.893 18 19 29 393 4
110.071 30.482 191.893 19 19 29 393 4
110.071 30.482 191.893 20 19 29 393 4
110.071 30.482 191.893 21 19 29 393 4
110.071 30.482 191.893 22 19 29 393 4
110.071 30.482 191.893 23 19 29 393 4
110.071 30.482 191.893 24 19 29 393 4
110.071 30.482 191.893 25 19 29 393 4
110.071 30.482 191.893 26 19 29 393 4
110.071 30.482 191.893 27 19 29 393 4
110.071 30.482 191.893 28 19 29 393 4
110.071 30.482 191.893 29 19 29 393 4
110.071 30.482 191.893 30 19 29 393 4
284.482 17.519 90.447 1 20 29 384 4
284.482 17.519 90.447 2 20 29 384 4
284.482 17.519 90.447 3 20 29 384 4
284.482 17.519 90.447 4 20 29 384 4
284.482 17.519 90.447 5 20 29 384 4
284.482 17.519 90.447 6 20 29 384 4
284.482 17.519 90.447 7 20 29 384 4
284.482 17.519 90.447 8 20 29 384 4
284.482 17.519 90.447 9 20 29 384 4
284.482 17.519 90.447 10 20 29 384 4
284.482 17.519 90.447 11 20 29 384 4
284.482 17.519 90.447 12 20 29 384 4
110.071 30.482 191.893 13 20 29 393 4
110.071 30.482 191.893 14 20 29 393 4
110.071 30.482 191.893 15 20 29 393 4
110.071 30.482 191.893 16 20 29 393 4
110.071 30.482 191.893 17 20 29 393 4
110.071 30.482 191.893 18 20 29 393 4
110.071 30.482 191.893 19 20 29 393 4
110.071 30.482 191.893 20 20 29 393 4
110.071 30.482 191.893 21 20 29 393 4
110.071 30.482 191.893 22 20 29 393 4
110.071 30.482 191.893 23 20 29 393 4
110.071 30.482 191.893 24 20 29 393 4
110.071 30.482 191.893 25 20 29 393 4
110.071 30.482 191.893 26 20 29 393 4
110.071 30.482 191.893 27 20 29 393 4
110.071 30.482 191.893 28 20 29 393 4
110.071 30.482 191.893 29 20 29 393 4
110.071 30.482 191.893 30 20 29 393 4
284.482 17.519 90.447 1 21 29 384 4
284.482 17.519 90.447 2 21 29 384 4
284.482 17.519 90.447 3 21 29 384 4
284.482 17.519 90.447 4 21 29 384 4
284.482 17.519 90.447 5 21 29 384 4
284.482 17.519 90.447 6 21 29 384 4
284.482 17.519 90.447 7 21 29 384 4
284.482 17.519 90.447 8 21 29 384 4
284.482 17.519 90.447 9 21 29 384 4
284.482 17.519 90.447 10 21 29 384 4
284.482 17.519 90.447 11 21 29 384 4
110.071 30.482 191.893 12 21 29 393 4
110.071 30.482 191.893 13 21 29 393 4
110.071 30.482 191.893 14 21 29 393 4
110.071 30.482 191.893 15 21 29 393 4
110.071 30.482 191.893 16 21 29 393 4
110.071 30.482 191.893 17 21 29 393 4
110.071 30.482 191.893 18 21 29 393 4
110.071 30.482 191.893 19 21 29 393 4
110.071 30.482 191.893 20 21 29 393 4
110.071 30.482 191.893 21 21 29 393 4
110.071 30.482 191.893 22 21 29 393 4
110.071 30.482 191.893 23 21 29 393 4
110.071 30.482 191.893 24 21 29 393 4
110.071 30.482 191.893 25 21 29 393 4
110.071 30.482 191.893 26 21 29 393 4
110.071 30.482 191.893 27 21 29 393 4
110.071 30.482 191.893 28 21 29 393 4
110.071 30.482 191.893 29 21 29 393 4
110.071 30.482 191.893 30 21 29 393 4
284.482 17.519 90.447 1 22 29 384 4
284.482 17.519 90.447 2 22 29 384 4
284.482 17.519 90.447 3 22 29 384 4
284.482 17.519 90.447 4 22 29 384 4
284.482 17.519 90.447 5 22 29 384 4
284.482 17.519 90.447 6 22 29 384 4
284.482 17.519 90.447 7 22 29 384 4
284.482 17.519 90.447 8 22 29 384 4
284.482 17.519 90.447 9 22 29 384 4
284.482 17.519 90.447 10 22 29 384 4
110.071 30.482 191.893 11 22 29 393 4
110.071 30.482 191.893 12 22 29 393 4
110.071 30.482 191.893 13 22 29 393 4
110.071 30.482 191.893 14 22 29 393 4
110.071 30.482 191.893 15 22 29 393 4
110.071 30.482 191.893 16 22 29 393 4
110.071 30.482 191.893 17 22 29 393 4
110.071 30.482 191.893 18 22 29 393 4
110.071 30.482 191.893 19 22 29 393 4
110.071 30.482 191.893 20 22 29 393 4
110.071 30.482 191.893 21 22 29 393 4
110.071 30.482 191.893 22 22 29 393 4
110.071 30.482 191.893 23 22 29 393 4
110.071 30.482 191.893 24 22 29 393 4
110.071 30.482 191.893 25 22 29 393 4
110.071 30.482 191.893 26 22 29 393 4
110.071 30.482 191.893 27 22 29 393 4
110.071 30.482 191.893 28 22 29 393 4
110.071 30.482 191.893 29 22 29 393 4
110.071 30.482 191.893 30 22 29 393 4
284.482 17.519 90.447 1 23 29 384 4
284.482 17.519 90.447 2 23 29 384 4
284.482 17.519 90.447 3 23 29 384 4
284.482 17.519 90.447 4 23 29 384 4
284.482 17.519 90.447 5 23 29 384 4
284.482 17.519 90.447 6 23 29 384 4
284.482 17.519 90.447 7 23 29 384 4
284.482 17.519 90.447 8 23 29 384 4
110.071 30.482 191.893 9 23 29 393 4
110.071 30.482 191.893 10 23 29 393 4
110.071 30.482 191.893 11 23 29 393 4
110.071 30.482 191.893 12 23 29 393 4
110.071 30.482 191.893 13 23 29 393 4
110.071 30.482 191.893 14 23 29 393 4
110.071 30.482 191.893 15 23 29 393 4
110.071 30.482 191.893 16 23 29 393 4
110.071 30.482 191.893 17 23 29 393 4
110.071 30.482 191.893 18 23 29 393 4
110.071 30.482 191.893 19 23 29 393 4
110.071 30.482 191.893 20 23 29 393 4
110.071 30.482 191.893 21 23 29 393 4
110.071 30.482 191.893 22 23 29 393 4
110.071 30.482 191.893 23 23 29 393 4
110.071 30.482 191.893 24 23 29 393 4
110.071 30.482 191.893 25 23 29 393 4
110.071 30.482 191.893 26 23 29 393 4
110.071 30.482 191.893 27 23 29 393 4
110.071 30.482 191.893 28 23 29 393 4
110.071 30.482 191.893 29 23 29 393 4
110.071 30.482 191.893 30 23 29 393 4
284.482 17.519 90.447 1 24 29 384 4
284.482 17.519 90.447 2 24 29 384 4
284.482 17.519 90.447 3 24 29 384 4
284.482 17.519 90.447 4 24 29 384 4
284.482 17.519 90.447 5 24 29 384 4
284.482 17.519 90.447 6 24 29 384 4
284.482 17.519 90.447 7 24 29 384 4
284.482 17.519 90.447 8 24 29 384 4
110.071 30.482 191.893 9 24 29 393 4
110.071 30.482 191.893 10 24 29 393 4
110.071 30.482 191.893 11 24 29 393 4
110.071 30.482 191.893 12 24 29 393 4
250.444 143.810 215.122 13 24 29 330 2
110.071 30.482 191.893 14 24 29 393 4
110.071 30.482 191.893 15 24 29 393 4
110.071 30.482 191.893 16 24 29 393 4
110.071 30.482 191.893 17 24 29 393 4
110.071 30.482 191.893 18 24 29 393 4
110.071 30.482 191.893 19 24 29 393 4
110.071 30.482 191.893 20 24 29 393 4
110.071 30.482 191.893 21 24 29 393 4
110.071 30.482 191.893 22 24 29 393 4
110.071 30.482 191.893 23 24 29 393 4
110.071 30.482 191.893 24 24 29 393 4
110.071 30.482 191.893 25 24 29 393 4
110.071 30.482 191.893 26 24 29 393 4
110.071 30.482 191.893 27 24 29 393 4
110.071 30.482 191.893 28 24 29 393 4
110.071 30.482 191.893 29 24 29 393 4
110.071 30.482 191.893 30 24 29 393 4
284.482 17.519 90.447 1 25 29 384 4
284.482 17.519 90.447 2 25 29 384 4
284.482 17.519 90.447 3 25 29 384 4
284.482 17.519 90.447 4 25 29 384 4
284.482 17.519 90.447 5 25 29 384 4
179.071 77.218 129.850 6 25 29 378 3
179.071 77.218 129.850 7 25 29 378 3
110.071 30.482 191.893 8 25 29 393 4
110.071 30.482 191.893 9 25 29 393 4
110.071 30.482 191.893 10 25 29 393 4
110.071 30.482 191.893 11 25 29 393 4
110.071 30.482 191.893 12 25 29 393 4
110.071 30.482 191.893 13 25 29 393 4
110.071 30.482 191.893 14 25 29 393 4
110.071 30.482 191.893 15 25 29 393 4
110.071 30.482 191.893 16 25 29 393 4
110.071 30.482 191.893 17 25 29 393 4
110.071 30.482 191.893 18 25 29 393 4
110.071 30.482 191.893 19 25 29 393 4
110.071 30.482 191.893 20 25 29 393 4
110.071 30.482 191.893 21 25 29 393 4
110.071 30.482 191.893 22 25 29 393 4
110.071 30.482 191.893 23 25 29 393 4
110.071 30.482 191.893 24 25 29 393 4
110.071 30.482 191.893 25 25 29 393 4
110.071 30.482 191.893 26 25 29 393 4
110.071 30.482 191.893 27 25 29 393 4
110.071 30.482 191.893 28 25 29 393 4
110.071 30.482 191.893 29 25 29 393 4
110.071 30.482 191.893 30 25 29 393 4
6.506 43.140 229.426 1 26 29 360 2
6.506 43.140 229.426 2 26 29 360 2
6.506 43.140 229.426 3 26 29 360 2
179.071 77.218 129.850 4 26 29 378 3
179.071 77.218 129.850 5 26 29 378 3
179.071 77.218 129.850 6 26 29 378 3
179.071 77.218 129.850 7 26 29 378 3
179.071 77.218 129.850 8 26 29 378 3
110.071 30.482 191.893 9 26 29 393 4
256.836 40.326 72.673 10 26 29 373 2
110.071 30.482 191.893 11 26 29 393 4
110.071 30.482 191.893 12 26 29 393 4
110.071 30.482 191.893 13 26 29 393 4
110.071 30.482 191.893 14 26 29 393 4
110.071 30.482 191.893 15 26 29 393 4
110.071 30.482 191.893 16 26 29 393 4
110.071 30.482 191.893 17 26 29 393 4
110.071 30.482 191.893 18 26 29 393 4
110.071 30.482 191.893 19 26 29 393 4
110.071 30.482 191.893 20 26 29 393 4
110.071 30.482 191.893 21 26 29 393 4
110.071 30.482 191.893 22 26 29 393 4
110.071 30.482 191.893 23 26 29 393 4
110.071 30.482 191.893 24 26 29 393 4
110.071 30.482 191.893 25 26 29 393 4
110.071 30.482 191.893 26 26 29 393 4
110.071 30.482 191.893 27 26 29 393 4
110.071 30.482 191.893 28 26 29 393 4
110.071 30.482 191.893 29 26 29 393 4
110.071 30.482 191.893 30 26 29 393 4
179.071 77.218 129.850 1 27 29 378 3
6.506 43.140 229.426 2 27 29 360 2
179.071 77.218 129.850 3 27 29 378 3
179.071 77.218 129.850 4 27 29 378 3
179.071 77.218 129.850 5 27 29 378 3
179.071 77.218 129.850 6 27 29 378 3
179.071 77.218 129.850 7 27 29 378 3
179.071 77.218 129.850 8 27 29 378 3
256.836 40.326 72.673 9 27 29 373 2
256.836 40.326 72.673 10 27 29 373 2
110.071 30.482 191.893 11 27 29 393 4
110.071 30.482 191.893 12 27 29 393 4
110.071 30.482 191.893 13 27 29 393 4
110.071 30.482 191.893 14 27 29 393 4
110.071 30.482 191.893 15 27 29 393 4
110.071 30.482 191.893 16 27 29 393 4
110.071 30.482 191.893 17 27 29 393 4
110.071 30.482 191.893 18 27 29 393 4
110.071 30.482 191.893 19 27 29 393 4
110.071 30.482 191.893 20 27 29 393 4
110.071 30.482 191.893 21 27 29 393 4
110.071 30.482 191.893 22 27 29 393 4
110.071 30.482 191.893 23 27 29 393 4
110.071 30.482 191.893 24 27 29 393 4
110.071 30.482 191.893 25 27 29 393 4
110.071 30.482 191.893 26 27 29 393 4
110.071 30.482 191.893 27 27 29 393 4
110.071 30.482 191.893 28 27 29 393 4
110.071 30.482 191.893 29 27 29 393 4
110.071 30.482 191.893 30 27 29 393 4
179.071 77.218 129.850 1 28 29 378 3
179.071 77.218 129.850 2 28 29 378 3
179.071 77.218 129.850 3 28 29 378 3
179.071 77.218 129.850 4 28 29 378 3
179.071 77.218 129.850 5 28 29 378 3
179.071 77.218 129.850 6 28 29 378 3
179.071 77.218 129.850 7 28 29 378 3
179.071 77.218 129.850 8 28 29 378 3
179.071 77.218 129.850 9 28 29 378 3
110.071 30.482 191.893 10 28 29 393 4
110.071 30.482 191.893 11 28 29 393 4
110.071 30.482 191.893 12 28 29 393 4
112.912 38.199 28.043 13 28 29 419 1
110.071 30.482 191.893 14 28 29 393 4
110.071 30.482 191.893 15 28 29 393 4
110.071 30.482 191.893 16 28 29 393 4
110.071 30.482 191.893 17 28 29 393 4
110.071 30.482 191.893 18 28 29 393 4
110.071 30.482 191.893 19 28 29 393 4
110.071 30.482 191.893 20 28 29 393 4
110.071 30.482 191.893 21 28 29 393 4
110.071 30.482 191.893 22 28 29 393 4
110.071 30.482 191.893 23 28 29 393 4
110.071 30.482 191.893 24 28 29 393 4
110.071 30.482 191.893 25 28 29 393 4
110.071 30.482 191.893 26 28 29 393 4
110.071 30.482 191.893 27 28 29 393 4
110.071 30.482 191.893 28 28 29 393 4
110.071 30.482 191.893 29 28 29 393 4
110.071 30.482 191.893 30 28 29 393 4
179.071 77.218 129.850 1 29 29 378 3
179.071 77.218 129.850 2 29 29 378 3
179.071 77.218 129.850 3 29 29 378 3
179.071 77.218 129.850 4 29 29 378 3
179.071 77.218 129.850 5 29 29 378 3
179.071 77.218 129.850 6 29 29 378 3
179.071 77.218 129.850 7 29 29 378 3
179.071 77.218 129.850 8 29 29 378 3
179.071 77.218 129.850 9 29 29 378 3
110.071 30.482 191.893 10 29 29 393 4
110.071 30.482 191.893 11 29 29 393 4
110.071 30.482 191.893 12 29 29 393 4
110.071 30.482 191.893 13 29 29 393 4
110.071 30.482 191.893 14 29 29 393 4
110.071 30.482 191.893 15 29 29 393 4
110.071 30.482 191.893 16 29 29 393 4
110.071 30.482 191.893 17 29 29 393 4
110.071 30.482 191.893 18 29 29 393 4
110.071 30.482 191.893 19 29 29 393 4
110.071 30.482 191.893 20 29 29 393 4
110.071 30.482 191.893 21 29 29 393 4
110.071 30.482 191.893 22 29 29 393 4
110.071 30.482 191.893 23 29 29 393 4
110.071 30.482 191.893 24 29 29 393 4
110.071 30.482 191.893 25 29 29 393 4
110.071 30.482 191.893 26 29 29 393 4
110.071 30.482 191.893 27 29 29 393 4
110.071 30.482 191.893 28 29 29 393 4
296.385 103.447 320.596 29 29 29 310 2
296.385 103.447 320.596 30 29 29 310 2
179.071 77.218 129.850 1 30 29 378 3
179.071 77.218 129.850 2 30 29 378 3
179.071 77.218 129.850 3 30 29 378 3
179.071 77.218 129.850 4 30 29 378 3
179.071 77.218 129.850 5 30 29 378 3
179.071 77.218 129.850 6 30 29 378 3
179.071 77.218 129.850 7 30 29 378 3
179.071 77.218 129.850 8 30 29 378 3
179.071 77.218 129.850 9 30 29 378 3
330.500 158.213 113.168 10 30 29 315 2
110.071 30.482 191.893 11 30 29 393 4
110.071 30.482 191.893 12 30 29 393 4
110.071 30.482 191.893 13 30 29 393 4
110.071 30.482 191.893 14 30 29 393 4
110.071 30.482 191.893 15 30 29 393 4
110.071 30.482 191.893 16 30 29 393 4
110.071 30.482 191.893 17 30 29 393 4
110.071 30.482 191.893 18 30 29 393 4
110.071 30.482 191.893 19 30 29 393 4
186.853 120.550 268.237 20 30 29 179 1
110.071 30.482 191.893 21 30 29 393 4
110.071 30.482 191.893 22 30 29 393 4
110.071 30.482 191.893 23 30 29 393 4
110.071 30.482 191.893 24 30 29 393 4
110.071 30.482 191.893 25 30 29 393 4
110.071 30.482 191.893 26 30 29 393 4
110.071 30.482 191.893 27 30 29 393 4
110.071 30.482 191.893 28 30 29 393 4
47.925 111.671 12.462 29 30 29 140 1
296.385 103.447 320.596 30 30 29 310 2
