137.499 45.234 88.387 1 1 1 328 2
137.499 45.234 88.387 2 1 1 328 2
132.153 93.102 130.087 3 1 1 64 1
132.153 93.102 130.087 4 1 1 64 1
132.153 93.102 130.087 5 1 1 64 1
132.153 93.102 130.087 6 1 1 64 1
320.164 63.032 329.240 7 1 1 379 3
320.164 63.032 329.240 8 1 1 379 3
320.164 63.032 329.240 9 1 1 379 3
320.164 63.032 329.240 10 1 1 379 3
320.164 63.032 329.240 11 1 1 379 3
320.164 63.032 329.240 12 1 1 379 3
320.164 63.032 329.240 13 1 1 379 3
320.164 63.032 329.240 14 1 1 379 3
320.164 63.032 329.240 15 1 1 379 3
320.164 63.032 329.240 16 1 1 379 3
320.164 63.032 329.240 17 1 1 379 3
320.164 63.032 329.240 18 1 1 379 3
320.164 63.032 329.240 19 1 1 379 3
320.164 63.032 329.240 20 1 1 379 3
320.164 63.032 329.240 21 1 1 379 3
320.164 63.032 329.240 22 1 1 379 3
320.164 63.032 329.240 23 1 1 379 3
320.164 63.032 329.240 24 1 1 379 3
320.164 63.032 329.240 25 1 1 379 3
320.164 63.032 329.240 26 1 1 379 3
320.164 63.032 329.240 27 1 1 379 3
320.164 63.032 329.240 28 1 1 379 3
320.164 63.032 329.240 29 1 1 379 3
320.164 63.032 329.240 30 1 1 379 3
137.499 45.234 88.387 1 2 1 328 2
137.499 45.234 88.387 2 2 1 328 2
132.153 93.102 130.087 3 2 1 64 1
132.153 93.102 130.087 4 2 1 64 1
132.153 93.102 130.087 5 2 1 64 1
132.153 93.102 130.087 6 2 1 64 1
320.164 63.032 329.240 7 2 1 379 3
320.164 63.032 329.240 8 2 1 379 3
320.164 63.032 329.240 9 2 1 379 3
320.164 63.032 329.240 10 2 1 379 3
320.164 63.032 329.240 11 2 1 379 3
320.164 63.032 329.240 12 2 1 379 3
320.164 63.032 329.240 13 2 1 379 3
320.164 63.032 329.240 14 2 1 379 3
320.164 63.032 329.240 15 2 1 379 3
320.164 63.032 329.240 16 2 1 379 3
320.164 63.032 329.240 17 2 1 379 3
320.164 63.032 329.240 18 2 1 379 3
320.164 63.032 329.240 19 2 1 379 3
320.164 63.032 329.240 20 2 1 379 3
320.164 63.032 329.240 21 2 1 379 3
320.164 63.032 329.240 22 2 1 379 3
320.164 63.032 329.240 23 2 1 379 3
320.164 63.032 329.240 24 2 1 379 3
320.164 63.032 329.240 25 2 1 379 3
320.164 63.032 329.240 26 2 1 379 3
320.164 63.032 329.240 27 2 1 379 3
198.949 87.250 328.208 28 2 1 186 1
198.949 87.250 328.208 29 2 1 186 1
69.702 59.692 0.942 30 2 1 75 1
137.499 45.234 88.387 1 3 1 328 2
137.499 45.234 88.387 2 3 1 328 2
137.499 45.234 88.387 3 3 1 328 2
132.153 93.102 130.087 4 3 1 64 1
132.153 93.102 130.087 5 3 1 64 1
320.164 63.032 329.240 6 3 1 379 3
320.164 63.032 329.240 7 3 1 379 3
320.164 63.032 329.240 8 3 1 379 3
320.164 63.032 329.240 9 3 1 379 3
320.164 63.032 329.240 10 3 1 379 3
320.164 63.032 329.240 11 3 1 379 3
320.164 63.032 329.240 12 3 1 379 3
320.164 63.032 329.240 13 3 1 379 3
320.164 63.032 329.240 14 3 1 379 3
320.164 63.032 329.240 15 3 1 379 3
320.164 63.032 329.240 16 3 1 379 3
320.164 63.032 329.240 17 3 1 379 3
320.164 63.032 329.240 18 3 1 379 3
320.164 63.032 329.240 19 3 1 379 3
320.164 63.032 329.240 20 3 1 379 3
320.164 63.032 329.240 21 3 1 379 3
320.164 63.032 329.240 22 3 1 379 3
320.164 63.032 329.240 23 3 1 379 3
320.164 63.032 329.240 24 3 1 379 3
320.164 63.032 329.240 25 3 1 379 3
320.164 63.032 329.240 26 3 1 379 3
198.949 87.250 328.208 27 3 1 186 1
198.949 87.250 328.208 28 3 1 186 1
198.949 87.250 328.208 29 3 1 186 1
198.949 87.250 328.208 30 3 1 186 1
137.499 45.234 88.387 1 4 1 328 2
137.499 45.234 88.387 2 4 1 328 2
137.499 45.234 88.387 3 4 1 328 2
137.499 45.234 88.387 4 4 1 328 2
320.164 63.032 329.240 5 4 1 379 3
320.164 63.032 329.240 6 4 1 379 3
320.164 63.032 329.240 7 4 1 379 3
320.164 63.032 329.240 8 4 1 379 3
320.164 63.032 329.240 9 4 1 379 3
320.164 63.032 329.240 10 4 1 379 3
320.164 63.032 329.240 11 4 1 379 3
320.164 63.032 329.240 12 4 1 379 3
320.164 63.032 329.240 13 4 1 379 3
320.164 63.032 329.240 14 4 1 379 3
320.164 63.032 329.240 15 4 1 379 3
320.164 63.032 329.240 16 4 1 379 3
320.164 63.032 329.240 17 4 1 379 3
320.164 63.032 329.240 18 4 1 379 3
320.164 63.032 329.240 19 4 1 379 3
320.164 63.032 329.240 20 4 1 379 3
320.164 63.032 329.240 21 4 1 379 3
320.164 63.032 329.240 22 4 1 379 3
320.164 63.032 329.240 23 4 1 379 3
320.164 63.032 329.240 24 4 1 379 3
320.164 63.032 329.240 25 4 1 379 3
320.164 63.032 329.240 26 4 1 379 3
198.949 87.250 328.208 27 4 1 186 1
198.949 87.250 328.208 28 4 1 186 1
198.949 87.250 328.208 29 4 1 186 1
198.949 87.250 328.208 30 4 1 186 1
137.499 45.234 88.387 1 5 1 328 2
137.499 45.234 88.387 2 5 1 328 2
137.499 45.234 88.387 3 5 1 328 2
320.164 63.032 329.240 4 5 1 379 3
320.164 63.032 329.240 5 5 1 379 3
320.164 63.032 329.240 6 5 1 379 3
320.164 63.032 329.240 7 5 1 379 3
320.164 63.032 329.240 8 5 1 379 3
320.164 63.032 329.240 9 5 1 379 3
320.164 63.032 329.240 10 5 1 379 3
320.164 63.032 329.240 11 5 1 379 3
320.164 63.032 329.240 12 5 1 379 3
320.164 63.032 329.240 13 5 1 379 3
320.164 63.032 329.240 14 5 1 379 3
320.164 63.032 329.240 15 5 1 379 3
320.164 63.032 329.240 16 5 1 379 3
320.164 63.032 329.240 17 5 1 379 3
320.164 63.032 329.240 18 5 1 379 3
320.164 63.032 329.240 19 5 1 379 3
320.164 63.032 329.240 20 5 1 379 3
320.164 63.032 329.240 21 5 1 379 3
320.164 63.032 329.240 22 5 1 379 3
320.164 63.032 329.240 23 5 1 379 3
320.164 63.032 329.240 24 5 1 379 3
320.164 63.032 329.240 25 5 1 379 3
320.164 63.032 329.240 26 5 1 379 3
198.949 87.250 328.208 27 5 1 186 1
198.949 87.250 328.208 28 5 1 186 1
195.662 58.666 51.460 29 5 1 367 2
177.880 64.071 339.341 30 5 1 376 2
329.299 64.475 93.459 1 6 1 12 1
329.299 64.475 93.459 2 6 1 12 1
329.299 64.475 93.459 3 6 1 12 1
320.164 63.032 329.240 4 6 1 379 3
320.164 63.032 329.240 5 6 1 379 3
320.164 63.032 329.240 6 6 1 379 3
320.164 63.032 329.240 7 6 1 379 3
320.164 63.032 329.240 8 6 1 379 3
320.164 63.032 329.240 9 6 1 379 3
320.164 63.032 329.240 10 6 1 379 3
320.164 63.032 329.240 11 6 1 379 3
320.164 63.032 329.240 12 6 1 379 3
320.164 63.032 329.240 13 6 1 379 3
320.164 63.032 329.240 14 6 1 379 3
320.164 63.032 329.240 15 6 1 379 3
320.164 63.032 329.240 16 6 1 379 3
320.164 63.032 329.240 17 6 1 379 3
320.164 63.032 329.240 18 6 1 379 3
320.164 63.032 329.240 19 6 1 379 3
320.164 63.032 329.240 20 6 1 379 3
320.164 63.032 329.240 21 6 1 379 3
320.164 63.032 329.240 22 6 1 379 3
320.164 63.032 329.240 23 6 1 379 3
320.164 63.032 329.240 24 6 1 379 3
320.164 63.032 329.240 25 6 1 379 3
195.662 58.666 51.460 26 6 1 367 2
195.662 58.666 51.460 27 6 1 367 2
195.662 58.666 51.460 28 6 1 367 2
195.662 58.666 51.460 29 6 1 367 2
195.662 58.666 51.460 30 6 1 367 2
329.299 64.475 93.459 1 7 1 12 1
329.299 64.475 93.459 2 7 1 12 1
329.299 64.475 93.459 3 7 1 12 1
320.164 63.032 329.240 4 7 1 379 3
320.164 63.032 329.240 5 7 1 379 3
320.164 63.032 329.240 6 7 1 379 3
320.164 63.032 329.240 7 7 1 379 3
320.164 63.032 329.240 8 7 1 379 3
320.164 63.032 329.240 9 7 1 379 3
320.164 63.032 329.240 10 7 1 379 3
320.164 63.032 329.240 11 7 1 379 3
320.164 63.032 329.240 12 7 1 379 3
320.164 63.032 329.240 13 7 1 379 3
320.164 63.032 329.240 14 7 1 379 3
320.164 63.032 329.240 15 7 1 379 3
320.164 63.032 329.240 16 7 1 379 3
320.164 63.032 329.240 17 7 1 379 3
320.164 63.032 329.240 18 7 1 379 3
320.164 63.032 329.240 19 7 1 379 3
320.164 63.032 329.240 20 7 1 379 3
320.164 63.032 329.240 21 7 1 379 3
320.164 63.032 329.240 22 7 1 379 3
320.164 63.032 329.240 23 7 1 379 3
320.164 63.032 329.240 24 7 1 379 3
320.164 63.032 329.240 25 7 1 379 3
195.662 58.666 51.460 26 7 1 367 2
195.662 58.666 51.460 27 7 1 367 2
195.662 58.666 51.460 28 7 1 367 2
195.662 58.666 51.460 29 7 1 367 2
195.662 58.666 51.460 30 7 1 367 2
329.299 64.475 93.459 1 8 1 12 1
329.299 64.475 93.459 2 8 1 12 1
329.299 64.475 93.459 3 8 1 12 1
320.164 63.032 329.240 4 8 1 379 3
320.164 63.032 329.240 5 8 1 379 3
320.164 63.032 329.240 6 8 1 379 3
320.164 63.032 329.240 7 8 1 379 3
320.164 63.032 329.240 8 8 1 379 3
320.164 63.032 329.240 9 8 1 379 3
320.164 63.032 329.240 10 8 1 379 3
320.164 63.032 329.240 11 8 1 379 3
320.164 63.032 329.240 12 8 1 379 3
320.164 63.032 329.240 13 8 1 379 3
320.164 63.032 329.240 14 8 1 379 3
320.164 63.032 329.240 15 8 1 379 3
320.164 63.032 329.240 16 8 1 379 3
320.164 63.032 329.240 17 8 1 379 3
320.164 63.032 329.240 18 8 1 379 3
320.164 63.032 329.240 19 8 1 379 3
320.164 63.032 329.240 20 8 1 379 3
320.164 63.032 329.240 21 8 1 379 3
320.164 63.032 329.240 22 8 1 379 3
320.164 63.032 329.240 23 8 1 379 3
320.164 63.032 329.240 24 8 1 379 3
224.286 50.061 254.194 25 8 1 221 1
195.662 58.666 51.460 26 8 1 367 2
195.662 58.666 51.460 27 8 1 367 2
195.662 58.666 51.460 28 8 1 367 2
195.662 58.666 51.460 29 8 1 367 2
195.662 58.666 51.460 30 8 1 367 2
329.299 64.475 93.459 1 9 1 12 1
329.299 64.475 93.459 2 9 1 12 1
329.299 64.475 93.459 3 9 1 12 1
320.164 63.032 329.240 4 9 1 379 3
320.164 63.032 329.240 5 9 1 379 3
320.164 63.032 329.240 6 9 1 379 3
320.164 63.032 329.240 7 9 1 379 3
320.164 63.032 329.240 8 9 1 379 3
320.164 63.032 329.240 9 9 1 379 3
320.164 63.032 329.240 10 9 1 379 3
320.164 63.032 329.240 11 9 1 379 3
320.164 63.032 329.240 12 9 1 379 3
320.164 63.032 329.240 13 9 1 379 3
320.164 63.032 329.240 14 9 1 379 3
320.164 63.032 329.240 15 9 1 379 3
320.164 63.032 329.240 16 9 1 379 3
320.164 63.032 329.240 17 9 1 379 3
320.164 63.032 329.240 18 9 1 379 3
320.164 63.032 329.240 19 9 1 379 3
320.164 63.032 329.240 20 9 1 379 3
326.934 26.777 123.434 21 9 1 416 1
326.934 26.777 123.434 22 9 1 416 1
326.934 26.777 123.434 23 9 1 416 1
326.934 26.777 123.434 24 9 1 416 1
224.286 50.061 254.194 25 9 1 221 1
224.286 50.061 254.194 26 9 1 221 1
195.662 58.666 51.460 27 9 1 367 2
195.662 58.666 51.460 28 9 1 367 2
195.662 58.666 51.460 29 9 1 367 2
315.002 113.312 229.528 30 9 1 430 1
12.422 19.219 108.329 1 10 1 127 1
12.422 19.219 108.329 2 10 1 127 1
12.422 19.219 108.329 3 10 1 127 1
320.164 63.032 329.240 4 10 1 379 3
320.164 63.032 329.240 5 10 1 379 3
320.164 63.032 329.240 6 10 1 379 3
320.164 63.032 329.240 7 10 1 379 3
320.164 63.032 329.240 8 10 1 379 3
320.164 63.032 329.240 9 10 1 379 3
320.164 63.032 329.240 10 10 1 379 3
320.164 63.032 329.240 11 10 1 379 3
320.164 63.032 329.240 12 10 1 379 3
320.164 63.032 329.240 13 10 1 379 3
320.164 63.032 329.240 14 10 1 379 3
320.164 63.032 329.240 15 10 1 379 3
320.164 63.032 329.240 16 10 1 379 3
320.164 63.032 329.240 17 10 1 379 3
320.164 63.032 329.240 18 10 1 379 3
320.164 63.032 329.240 19 10 1 379 3
326.934 26.777 123.434 20 10 1 416 1
326.934 26.777 123.434 21 10 1 416 1
326.934 26.777 123.434 22 10 1 416 1
326.934 26.777 123.434 23 10 1 416 1
326.934 26.777 123.434 24 10 1 416 1
224.286 50.061 254.194 25 10 1 221 1
224.286 50.061 254.194 26 10 1 221 1
224.286 50.061 254.194 27 10 1 221 1
195.662 58.666 51.460 28 10 1 367 2
315.002 113.312 229.528 29 10 1 430 1
315.002 113.312 229.528 30 10 1 430 1
12.422 19.219 108.329 1 11 1 127 1
12.422 19.219 108.329 2 11 1 127 1
12.422 19.219 108.329 3 11 1 127 1
320.164 63.032 329.240 4 11 1 379 3
320.164 63.032 329.240 5 11 1 379 3
320.164 63.032 329.240 6 11 1 379 3
320.164 63.032 329.240 7 11 1 379 3
320.164 63.032 329.240 8 11 1 379 3
320.164 63.032 329.240 9 11 1 379 3
320.164 63.032 329.240 10 11 1 379 3
320.164 63.032 329.240 11 11 1 379 3
320.164 63.032 329.240 12 11 1 379 3
320.164 63.032 329.240 13 11 1 379 3
320.164 63.032 329.240 14 11 1 379 3
320.164 63.032 329.240 15 11 1 379 3
320.164 63.032 329.240 16 11 1 379 3
320.164 63.032 329.240 17 11 1 379 3
320.164 63.032 329.240 18 11 1 379 3
326.934 26.777 123.434 19 11 1 416 1
326.934 26.777 123.434 20 11 1 416 1
326.934 26.777 123.434 21 11 1 416 1
326.934 26.777 123.434 22 11 1 416 1
326.934 26.777 123.434 23 11 1 416 1
326.934 26.777 123.434 24 11 1 416 1
326.934 26.777 123.434 25 11 1 416 1
224.286 50.061 254.194 26 11 1 221 1
110.047 111.708 59.211 27 11 1 336 2
110.047 111.708 59.211 28 11 1 336 2
315.002 113.312 229.528 29 11 1 430 1
315.002 113.312 229.528 30 11 1 430 1
12.422 19.219 108.329 1 12 1 127 1
12.422 19.219 108.329 2 12 1 127 1
12.422 19.219 108.329 3 12 1 127 1
320.164 63.032 329.240 4 12 1 379 3
320.164 63.032 329.240 5 12 1 379 3
320.164 63.032 329.240 6 12 1 379 3
320.164 63.032 329.240 7 12 1 379 3
320.164 63.032 329.240 8 12 1 379 3
320.164 63.032 329.240 9 12 1 379 3
320.164 63.032 329.240 10 12 1 379 3
320.164 63.032 329.240 11 12 1 379 3
320.164 63.032 329.240 12 12 1 379 3
320.164 63.032 329.240 13 12 1 379 3
320.164 63.032 329.240 14 12 1 379 3
320.164 63.032 329.240 15 12 1 379 3
320.164 63.032 329.240 16 12 1 379 3
320.164 63.032 329.240 17 12 1 379 3
326.934 26.777 123.434 18 12 1 416 1
326.934 26.777 123.434 19 12 1 416 1
326.934 26.777 123.434 20 12 1 416 1
326.934 26.777 123.434 21 12 1 416 1
326.934 26.777 123.434 22 12 1 416 1
326.934 26.777 123.434 23 12 1 416 1
326.934 26.777 123.434 24 12 1 416 1
326.934 26.777 123.434 25 12 1 416 1
110.047 111.708 59.211 26 12 1 336 2
110.047 111.708 59.211 27 12 1 336 2
110.047 111.708 59.211 28 12 1 336 2
280.565 85.027 12.726 29 12 1 362 2
315.002 113.312 229.528 30 12 1 430 1
12.422 19.219 108.329 1 13 1 127 1
12.422 19.219 108.329 2 13 1 127 1
12.422 19.219 108.329 3 13 1 127 1
320.164 63.032 329.240 4 13 1 379 3
320.164 63.032 329.240 5 13 1 379 3
320.164 63.032 329.240 6 13 1 379 3
320.164 63.032 329.240 7 13 1 379 3
320.164 63.032 329.240 8 13 1 379 3
320.164 63.032 329.240 9 13 1 379 3
320.164 63.032 329.240 10 13 1 379 3
320.164 63.032 329.240 11 13 1 379 3
320.164 63.032 329.240 12 13 1 379 3
320.164 63.032 329.240 13 13 1 379 3
320.164 63.032 329.240 14 13 1 379 3
320.164 63.032 329.240 15 13 1 379 3
320.164 63.032 329.240 16 13 1 379 3
70.122 114.044 98.032 17 13 1 15 1
326.934 26.777 123.434 18 13 1 416 1
326.934 26.777 123.434 19 13 1 416 1
326.934 26.777 123.434 20 13 1 416 1
326.934 26.777 123.434 21 13 1 416 1
326.934 26.777 123.434 22 13 1 416 1
326.934 26.777 123.434 23 13 1 416 1
326.934 26.777 123.434 24 13 1 416 1
326.934 26.777 123.434 25 13 1 416 1
280.565 85.027 12.726 26 13 1 362 2
280.565 85.027 12.726 27 13 1 362 2
280.565 85.027 12.726 28 13 1 362 2
280.565 85.027 12.726 29 13 1 362 2
280.565 85.027 12.726 30 13 1 362 2
302.464 94.407 331.092 1 14 1 255 1
302.464 94.407 331.092 2 14 1 255 1
302.464 94.407 331.092 3 14 1 255 1
320.164 63.032 329.240 4 14 1 379 3
320.164 63.032 329.240 5 14 1 379 3
320.164 63.032 329.240 6 14 1 379 3
320.164 63.032 329.240 7 14 1 379 3
320.164 63.032 329.240 8 14 1 379 3
320.164 63.032 329.240 9 14 1 379 3
320.164 63.032 329.240 10 14 1 379 3
320.164 63.032 329.240 11 14 1 379 3
320.164 63.032 329.240 12 14 1 379 3
320.164 63.032 329.240 13 14 1 379 3
320.164 63.032 329.240 14 14 1 379 3
70.122 114.044 98.032 15 14 1 15 1
70.122 114.044 98.032 16 14 1 15 1
70.122 114.044 98.032 17 14 1 15 1
70.122 114.044 98.032 18 14 1 15 1
123.903 36.002 288.205 19 14 1 374 2
326.934 26.777 123.434 20 14 1 416 1
326.934 26.777 123.434 21 14 1 416 1
326.934 26.777 123.434 22 14 1 416 1
326.934 26.777 123.434 23 14 1 416 1
326.934 26.777 123.434 24 14 1 416 1
280.565 85.027 12.726 25 14 1 362 2
280.565 85.027 12.726 26 14 1 362 2
280.565 85.027 12.726 27 14 1 362 2
280.565 85.027 12.726 28 14 1 362 2
280.565 85.027 12.726 29 14 1 362 2
280.565 85.027 12.726 30 14 1 362 2
204.955 79.074 166.134 1 15 1 241 1
204.955 79.074 166.134 2 15 1 241 1
204.955 79.074 166.134 3 15 1 241 1
169.288 64.920 120.160 4 15 1 356 2
320.164 63.032 329.240 5 15 1 379 3
320.164 63.032 329.240 6 15 1 379 3
320.164 63.032 329.240 7 15 1 379 3
176.821 74.237 71.680 8 15 1 54 1
176.821 74.237 71.680 9 15 1 54 1
176.821 74.237 71.680 10 15 1 54 1
320.164 63.032 329.240 11 15 1 379 3
320.164 63.032 329.240 12 15 1 379 3
320.164 63.032 329.240 13 15 1 379 3
320.164 63.032 329.240 14 15 1 379 3
70.122 114.044 98.032 15 15 1 15 1
70.122 114.044 98.032 16 15 1 15 1
70.122 114.044 98.032 17 15 1 15 1
11.652 109.506 316.221 18 15 1 213 1
139.451 91.665 105.844 19 15 1 275 1
139.451 91.665 105.844 20 15 1 275 1
139.451 91.665 105.844 21 15 1 275 1
326.934 26.777 123.434 22 15 1 416 1
326.934 26.777 123.434 23 15 1 416 1
280.565 85.027 12.726 24 15 1 362 2
280.565 85.027 12.726 25 15 1 362 2
280.565 85.027 12.726 26 15 1 362 2
280.565 85.027 12.726 27 15 1 362 2
280.565 85.027 12.726 28 15 1 362 2
280.565 85.027 12.726 29 15 1 362 2
280.565 85.027 12.726 30 15 1 362 2
204.955 79.074 166.134 1 16 1 241 1
204.955 79.074 166.134 2 16 1 241 1
204.955 79.074 166.134 3 16 1 241 1
169.288 64.920 120.160 4 16 1 356 2
169.288 64.920 120.160 5 16 1 356 2
320.164 63.032 329.240 6 16 1 379 3
320.164 63.032 329.240 7 16 1 379 3
176.821 74.237 71.680 8 16 1 54 1
176.821 74.237 71.680 9 16 1 54 1
176.821 74.237 71.680 10 16 1 54 1
287.027 24.941 348.276 11 16 1 391 4
287.027 24.941 348.276 12 16 1 391 4
287.027 24.941 348.276 13 16 1 391 4
287.027 24.941 348.276 14 16 1 391 4
70.122 114.044 98.032 15 16 1 15 1
70.122 114.044 98.032 16 16 1 15 1
11.652 109.506 316.221 17 16 1 213 1
11.652 109.506 316.221 18 16 1 213 1
139.451 91.665 105.844 19 16 1 275 1
313.011 82.053 320.900 20 16 1 182 1
139.451 91.665 105.844 21 16 1 275 1
139.451 91.665 105.844 22 16 1 275 1
280.565 85.027 12.726 23 16 1 362 2
280.565 85.027 12.726 24 16 1 362 2
280.565 85.027 12.726 25 16 1 362 2
280.565 85.027 12.726 26 16 1 362 2
280.565 85.027 12.726 27 16 1 362 2
280.565 85.027 12.726 28 16 1 362 2
280.565 85.027 12.726 29 16 1 362 2
280.565 85.027 12.726 30 16 1 362 2
204.955 79.074 166.134 1 17 1 241 1
204.955 79.074 166.134 2 17 1 241 1
169.288 64.920 120.160 3 17 1 356 2
169.288 64.920 120.160 4 17 1 356 2
169.288 64.920 120.160 5 17 1 356 2
169.288 64.920 120.160 6 17 1 356 2
287.027 24.941 348.276 7 17 1 391 4
287.027 24.941 348.276 8 17 1 391 4
287.027 24.941 348.276 9 17 1 391 4
287.027 24.941 348.276 10 17 1 391 4
287.027 24.941 348.276 11 17 1 391 4
287.027 24.941 348.276 12 17 1 391 4
287.027 24.941 348.276 13 17 1 391 4
287.027 24.941 348.276 14 17 1 391 4
287.027 24.941 348.276 15 17 1 391 4
173.413 130.703 170.662 16 17 1 408 1
173.413 130.703 170.662 17 17 1 408 1
313.011 82.053 320.900 18 17 1 182 1
313.011 82.053 320.900 19 17 1 182 1
313.011 82.053 320.900 20 17 1 182 1
194.253 51.371 75.087 21 17 1 386 4
194.253 51.371 75.087 22 17 1 386 4
194.253 51.371 75.087 23 17 1 386 4
280.565 85.027 12.726 24 17 1 362 2
280.565 85.027 12.726 25 17 1 362 2
280.565 85.027 12.726 26 17 1 362 2
280.565 85.027 12.726 27 17 1 362 2
280.565 85.027 12.726 28 17 1 362 2
280.565 85.027 12.726 29 17 1 362 2
280.565 85.027 12.726 30 17 1 362 2
204.955 79.074 166.134 1 18 1 241 1
204.955 79.074 166.134 2 18 1 241 1
169.288 64.920 120.160 3 18 1 356 2
169.288 64.920 120.160 4 18 1 356 2
169.288 64.920 120.160 5 18 1 356 2
169.288 64.920 120.160 6 18 1 356 2
287.027 24.941 348.276 7 18 1 391 4
287.027 24.941 348.276 8 18 1 391 4
287.027 24.941 348.276 9 18 1 391 4
287.027 24.941 348.276 10 18 1 391 4
287.027 24.941 348.276 11 18 1 391 4
287.027 24.941 348.276 12 18 1 391 4
287.027 24.941 348.276 13 18 1 391 4
287.027 24.941 348.276 14 18 1 391 4
287.027 24.941 348.276 15 18 1 391 4
173.413 130.703 170.662 16 18 1 408 1
173.413 130.703 170.662 17 18 1 408 1
313.011 82.053 320.900 18 18 1 182 1
313.011 82.053 320.900 19 18 1 182 1
313.011 82.053 320.900 20 18 1 182 1
194.253 51.371 75.087 21 18 1 386 4
194.253 51.371 75.087 22 18 1 386 4
194.253 51.371 75.087 23 18 1 386 4
280.565 85.027 12.726 24 18 1 362 2
280.565 85.027 12.726 25 18 1 362 2
280.565 85.027 12.726 26 18 1 362 2
280.565 85.027 12.726 27 18 1 362 2
280.565 85.027 12.726 28 18 1 362 2
280.565 85.027 12.726 29 18 1 362 2
280.565 85.027 12.726 30 18 1 362 2
204.955 79.074 166.134 1 19 1 241 1
123.347 88.041 301.532 2 19 1 202 1
123.347 88.041 301.532 3 19 1 202 1
123.347 88.041 301.532 4 19 1 202 1
123.347 88.041 301.532 5 19 1 202 1
123.347 88.041 301.532 6 19 1 202 1
287.027 24.941 348.276 7 19 1 391 4
287.027 24.941 348.276 8 19 1 391 4
287.027 24.941 348.276 9 19 1 391 4
287.027 24.941 348.276 10 19 1 391 4
287.027 24.941 348.276 11 19 1 391 4
287.027 24.941 348.276 12 19 1 391 4
287.027 24.941 348.276 13 19 1 391 4
287.027 24.941 348.276 14 19 1 391 4
287.027 24.941 348.276 15 19 1 391 4
287.027 24.941 348.276 16 19 1 391 4
194.253 51.371 75.087 17 19 1 386 4
194.253 51.371 75.087 18 19 1 386 4
194.253 51.371 75.087 19 19 1 386 4
194.253 51.371 75.087 20 19 1 386 4
194.253 51.371 75.087 21 19 1 386 4
194.253 51.371 75.087 22 19 1 386 4
194.253 51.371 75.087 23 19 1 386 4
280.565 85.027 12.726 24 19 1 362 2
280.565 85.027 12.726 25 19 1 362 2
280.565 85.027 12.726 26 19 1 362 2
280.565 85.027 12.726 27 19 1 362 2
280.565 85.027 12.726 28 19 1 362 2
280.565 85.027 12.726 29 19 1 362 2
280.565 85.027 12.726 30 19 1 362 2
123.347 88.041 301.532 1 20 1 202 1
123.347 88.041 301.532 2 20 1 202 1
123.347 88.041 301.532 3 20 1 202 1
123.347 88.041 301.532 4 20 1 202 1
123.347 88.041 301.532 5 20 1 202 1
123.347 88.041 301.532 6 20 1 202 1
287.027 24.941 348.276 7 20 1 391 4
287.027 24.941 348.276 8 20 1 391 4
287.027 24.941 348.276 9 20 1 391 4
287.027 24.941 348.276 10 20 1 391 4
287.027 24.941 348.276 11 20 1 391 4
287.027 24.941 348.276 12 20 1 391 4
287.027 24.941 348.276 13 20 1 391 4
287.027 24.941 348.276 14 20 1 391 4
287.027 24.941 348.276 15 20 1 391 4
287.027 24.941 348.276 16 20 1 391 4
287.027 24.941 348.276 17 20 1 391 4
194.253 51.371 75.087 18 20 1 386 4
194.253 51.371 75.087 19 20 1 386 4
194.253 51.371 75.087 20 20 1 386 4
194.253 51.371 75.087 21 20 1 386 4
194.253 51.371 75.087 22 20 1 386 4
194.253 51.371 75.087 23 20 1 386 4
359.098 90.127 10.894 24 20 1 298 1
146.682 13.728 123.741 25 20 1 333 2
146.682 13.728 123.741 26 20 1 333 2
280.565 85.027 12.726 27 20 1 362 2
279.467 139.445 303.141 28 20 1 317 2
280.565 85.027 12.726 29 20 1 362 2
280.565 85.027 12.726 30 20 1 362 2
347.314 175.925 214.970 1 21 1 233 1
347.314 175.925 214.970 2 21 1 233 1
123.347 88.041 301.532 3 21 1 202 1
123.347 88.041 301.532 4 21 1 202 1
123.347 88.041 301.532 5 21 1 202 1
123.347 88.041 301.532 6 21 1 202 1
287.027 24.941 348.276 7 21 1 391 4
287.027 24.941 348.276 8 21 1 391 4
287.027 24.941 348.276 9 21 1 391 4
287.027 24.941 348.276 10 21 1 391 4
287.027 24.941 348.276 11 21 1 391 4
287.027 24.941 348.276 12 21 1 391 4
287.027 24.941 348.276 13 21 1 391 4
287.027 24.941 348.276 14 21 1 391 4
287.027 24.941 348.276 15 21 1 391 4
287.027 24.941 348.276 16 21 1 391 4
287.027 24.941 348.276 17 21 1 391 4
287.027 24.941 348.276 18 21 1 391 4
194.253 51.371 75.087 19 21 1 386 4
194.253 51.371 75.087 20 21 1 386 4
194.253 51.371 75.087 21 21 1 386 4
146.682 13.728 123.741 22 21 1 333 2
146.682 13.728 123.741 23 21 1 333 2
146.682 13.728 123.741 24 21 1 333 2
146.682 13.728 123.741 25 21 1 333 2
146.682 13.728 123.741 26 21 1 333 2
279.467 139.445 303.141 27 21 1 317 2
279.467 139.445 303.141 28 21 1 317 2
279.467 139.445 303.141 29 21 1 317 2
279.467 139.445 303.141 30 21 1 317 2
357.522 121.632 180.376 1 22 1 293 1
357.522 121.632 180.376 2 22 1 293 1
357.522 121.632 180.376 3 22 1 293 1
20.098 120.974 47.951 4 22 1 381 4
20.098 120.974 47.951 5 22 1 381 4
20.098 120.974 47.951 6 22 1 381 4
287.027 24.941 348.276 7 22 1 391 4
287.027 24.941 348.276 8 22 1 391 4
287.027 24.941 348.276 9 22 1 391 4
287.027 24.941 348.276 10 22 1 391 4
287.027 24.941 348.276 11 22 1 391 4
287.027 24.941 348.276 12 22 1 391 4
287.027 24.941 348.276 13 22 1 391 4
287.027 24.941 348.276 14 22 1 391 4
287.027 24.941 348.276 15 22 1 391 4
287.027 24.941 348.276 16 22 1 391 4
287.027 24.941 348.276 17 22 1 391 4
287.027 24.941 348.276 18 22 1 391 4
287.027 24.941 348.276 19 22 1 391 4
194.253 51.371 75.087 20 22 1 386 4
146.682 13.728 123.741 21 22 1 333 2
146.682 13.728 123.741 22 22 1 333 2
146.682 13.728 123.741 23 22 1 333 2
146.682 13.728 123.741 24 22 1 333 2
146.682 13.728 123.741 25 22 1 333 2
146.682 13.728 123.741 26 22 1 333 2
279.467 139.445 303.141 27 22 1 317 2
279.467 139.445 303.141 28 22 1 317 2
279.467 139.445 303.141 29 22 1 317 2
279.467 139.445 303.141 30 22 1 317 2
20.098 120.974 47.951 1 23 1 381 4
20.098 120.974 47.951 2 23 1 381 4
20.098 120.974 47.951 3 23 1 381 4
20.098 120.974 47.951 4 23 1 381 4
20.098 120.974 47.951 5 23 1 381 4
20.098 120.974 47.951 6 23 1 381 4
287.027 24.941 348.276 7 23 1 391 4
287.027 24.941 348.276 8 23 1 391 4
287.027 24.941 348.276 9 23 1 391 4
287.027 24.941 348.276 10 23 1 391 4
287.027 24.941 348.276 11 23 1 391 4
287.027 24.941 348.276 12 23 1 391 4
287.027 24.941 348.276 13 23 1 391 4
287.027 24.941 348.276 14 23 1 391 4
287.027 24.941 348.276 15 23 1 391 4
287.027 24.941 348.276 16 23 1 391 4
287.027 24.941 348.276 17 23 1 391 4
287.027 24.941 348.276 18 23 1 391 4
287.027 24.941 348.276 19 23 1 391 4
146.682 13.728 123.741 20 23 1 333 2
146.682 13.728 123.741 21 23 1 333 2
146.682 13.728 123.741 22 23 1 333 2
146.682 13.728 123.741 23 23 1 333 2
146.682 13.728 123.741 24 23 1 333 2
146.682 13.728 123.741 25 23 1 333 2
146.682 13.728 123.741 26 23 1 333 2
146.682 13.728 123.741 27 23 1 333 2
279.467 139.445 303.141 28 23 1 317 2
279.467 139.445 303.141 29 23 1 317 2
279.467 139.445 303.141 30 23 1 317 2
20.098 120.974 47.951 1 24 1 381 4
20.098 120.974 47.951 2 24 1 381 4
20.098 120.974 47.951 3 24 1 381 4
20.098 120.974 47.951 4 24 1 381 4
20.098 120.974 47.951 5 24 1 381 4
20.098 120.974 47.951 6 24 1 381 4
20.098 120.974 47.951 7 24 1 381 4
287.027 24.941 348.276 8 24 1 391 4
287.027 24.941 348.276 9 24 1 391 4
287.027 24.941 348.276 10 24 1 391 4
287.027 24.941 348.276 11 24 1 391 4
287.027 24.941 348.276 12 24 1 391 4
287.027 24.941 348.276 13 24 1 391 4
287.027 24.941 348.276 14 24 1 391 4
287.027 24.941 348.276 15 24 1 391 4
287.027 24.941 348.276 16 24 1 391 4
287.027 24.941 348.276 17 24 1 391 4
287.027 24.941 348.276 18 24 1 391 4
287.027 24.941 348.276 19 24 1 391 4
146.682 13.728 123.741 20 24 1 333 2
146.682 13.728 123.741 21 24 1 333 2
146.682 13.728 123.741 22 24 1 333 2
146.682 13.728 123.741 23 24 1 333 2
146.682 13.728 123.741 24 24 1 333 2
146.682 13.728 123.741 25 24 1 333 2
146.682 13.728 123.741 26 24 1 333 2
146.682 13.728 123.741 27 24 1 333 2
279.467 139.445 303.141 28 24 1 317 2
279.467 139.445 303.141 29 24 1 317 2
279.467 139.445 303.141 30 24 1 317 2
20.098 120.974 47.951 1 25 1 381 4
20.098 120.974 47.951 2 25 1 381 4
20.098 120.974 47.951 3 25 1 381 4
20.098 120.974 47.951 4 25 1 381 4
20.098 120.974 47.951 5 25 1 381 4
20.098 120.974 47.951 6 25 1 381 4
20.098 120.974 47.951 7 25 1 381 4
287.027 24.941 348.276 8 25 1 391 4
287.027 24.941 348.276 9 25 1 391 4
287.027 24.941 348.276 10 25 1 391 4
287.027 24.941 348.276 11 25 1 391 4
287.027 24.941 348.276 12 25 1 391 4
287.027 24.941 348.276 13 25 1 391 4
287.027 24.941 348.276 14 25 1 391 4
287.027 24.941 348.276 15 25 1 391 4
287.027 24.941 348.276 16 25 1 391 4
287.027 24.941 348.276 17 25 1 391 4
287.027 24.941 348.276 18 25 1 391 4
287.027 24.941 348.276 19 25 1 391 4
146.682 13.728 123.741 20 25 1 333 2
146.682 13.728 123.741 21 25 1 333 2
146.682 13.728 123.741 22 25 1 333 2
146.682 13.728 123.741 23 25 1 333 2
146.682 13.728 123.741 24 25 1 333 2
146.682 13.728 123.741 25 25 1 333 2
146.682 13.728 123.741 26 25 1 333 2
146.682 13.728 123.741 27 25 1 333 2
146.682 13.728 123.741 28 25 1 333 2
347.929 154.870 212.681 29 25 1 265 1
347.929 154.870 212.681 30 25 1 265 1
20.098 120.974 47.951 1 26 1 381 4
20.098 120.974 47.951 2 26 1 381 4
20.098 120.974 47.951 3 26 1 381 4
20.098 120.974 47.951 4 26 1 381 4
20.098 120.974 47.951 5 26 1 381 4
20.098 120.974 47.951 6 26 1 381 4
20.098 120.974 47.951 7 26 1 381 4
287.027 24.941 348.276 8 26 1 391 4
287.027 24.941 348.276 9 26 1 391 4
287.027 24.941 348.276 10 26 1 391 4
287.027 24.941 348.276 11 26 1 391 4
287.027 24.941 348.276 12 26 1 391 4
287.027 24.941 348.276 13 26 1 391 4
287.027 24.941 348.276 14 26 1 391 4
287.027 24.941 348.276 15 26 1 391 4
287.027 24.941 348.276 16 26 1 391 4
287.027 24.941 348.276 17 26 1 391 4
287.027 24.941 348.276 18 26 1 391 4
287.027 24.941 348.276 19 26 1 391 4
320.132 110.115 153.495 20 26 1 300 1
146.682 13.728 123.741 21 26 1 333 2
146.682 13.728 123.741 22 26 1 333 2
146.682 13.728 123.741 23 26 1 333 2
146.682 13.728 123.741 24 26 1 333 2
146.682 13.728 123.741 25 26 1 333 2
146.682 13.728 123.741 26 26 1 333 2
146.682 13.728 123.741 27 26 1 333 2
146.682 13.728 123.741 28 26 1 333 2
347.929 154.870 212.681 29 26 1 265 1
347.929 154.870 212.681 30 26 1 265 1
20.098 120.974 47.951 1 27 1 381 4
20.098 120.974 47.951 2 27 1 381 4
20.098 120.974 47.951 3 27 1 381 4
20.098 120.974 47.951 4 27 1 381 4
20.098 120.974 47.951 5 27 1 381 4
20.098 120.974 47.951 6 27 1 381 4
20.098 120.974 47.951 7 27 1 381 4
287.027 24.941 348.276 8 27 1 391 4
287.027 24.941 348.276 9 27 1 391 4
287.027 24.941 348.276 10 27 1 391 4
287.027 24.941 348.276 11 27 1 391 4
25.675 44.616 28.056 12 27 1 139 1
287.027 24.941 348.276 13 27 1 391 4
287.027 24.941 348.276 14 27 1 391 4
287.027 24.941 348.276 15 27 1 391 4
287.027 24.941 348.276 16 27 1 391 4
287.027 24.941 348.276 17 27 1 391 4
287.027 24.941 348.276 18 27 1 391 4
287.027 24.941 348.276 19 27 1 391 4
287.027 24.941 348.276 20 27 1 391 4
146.682 13.728 123.741 21 27 1 333 2
146.682 13.728 123.741 22 27 1 333 2
146.682 13.728 123.741 23 27 1 333 2
146.682 13.728 123.741 24 27 1 333 2
146.682 13.728 123.741 25 27 1 333 2
146.682 13.728 123.741 26 27 1 333 2
146.682 13.728 123.741 27 27 1 333 2
146.682 13.728 123.741 28 27 1 333 2
347.929 154.870 212.681 29 27 1 265 1
347.929 154.870 212.681 30 27 1 265 1
20.098 120.974 47.951 1 28 1 381 4
20.098 120.974 47.951 2 28 1 381 4
20.098 120.974 47.951 3 28 1 381 4
20.098 120.974 47.951 4 28 1 381 4
20.098 120.974 47.951 5 28 1 381 4
20.098 120.974 47.951 6 28 1 381 4
20.098 120.974 47.951 7 28 1 381 4
287.027 24.941 348.276 8 28 1 391 4
287.027 24.941 348.276 9 28 1 391 4
287.027 24.941 348.276 10 28 1 391 4
287.027 24.941 348.276 11 28 1 391 4
287.027 24.941 348.276 12 28 1 391 4
287.027 24.941 348.276 13 28 1 391 4
287.027 24.941 348.276 14 28 1 391 4
287.027 24.941 348.276 15 28 1 391 4
287.027 24.941 348.276 16 28 1 391 4
287.027 24.941 348.276 17 28 1 391 4
287.027 24.941 348.276 18 28 1 391 4
287.027 24.941 348.276 19 28 1 391 4
287.027 24.941 348.276 20 28 1 391 4
146.682 13.728 123.741 21 28 1 333 2
146.682 13.728 123.741 22 28 1 333 2
146.682 13.728 123.741 23 28 1 333 2
146.682 13.728 123.741 24 28 1 333 2
146.682 13.728 123.741 25 28 1 333 2
146.682 13.728 123.741 26 28 1 333 2
146.682 13.728 123.741 27 28 1 333 2
146.682 13.728 123.741 28 28 1 333 2
347.929 154.870 212.681 29 28 1 265 1
347.929 154.870 212.681 30 28 1 265 1
20.098 120.974 47.951 1 29 1 381 4
20.098 120.974 47.951 2 29 1 381 4
20.098 120.974 47.951 3 29 1 381 4
20.098 120.974 47.951 4 29 1 381 4
20.098 120.974 47.951 5 29 1 381 4
20.098 120.974 47.951 6 29 1 381 4
20.098 120.974 47.951 7 29 1 381 4
287.027 24.941 348.276 8 29 1 391 4
287.027 24.941 348.276 9 29 1 391 4
287.027 24.941 348.276 10 29 1 391 4
287.027 24.941 348.276 11 29 1 391 4
287.027 24.941 348.276 12 29 1 391 4
287.027 24.941 348.276 13 29 1 391 4
287.027 24.941 348.276 14 29 1 391 4
287.027 24.941 348.276 15 29 1 391 4
287.027 24.941 348.276 16 29 1 391 4
287.027 24.941 348.276 17 29 1 391 4
287.027 24.941 348.276 18 29 1 391 4
287.027 24.941 348.276 19 29 1 391 4
287.027 24.941 348.276 20 29 1 391 4
146.682 13.728 123.741 21 29 1 333 2
146.682 13.728 123.741 22 29 1 333 2
146.682 13.728 123.741 23 29 1 333 2
146.682 13.728 123.741 24 29 1 333 2
146.682 13.728 123.741 25 29 1 333 2
146.682 13.728 123.741 26 29 1 333 2
146.682 13.728 123.741 27 29 1 333 2
146.682 13.728 123.741 28 29 1 333 2
347.929 154.870 212.681 29 29 1 265 1
347.929 154.870 212.681 30 29 1 265 1
20.098 120.974 47.951 1 30 1 381 4
20.098 120.974 47.951 2 30 1 381 4
20.098 120.974 47.951 3 30 1 381 4
20.098 120.974 47.951 4 30 1 381 4
20.098 120.974 47.951 5 30 1 381 4
103.472 86.992 231.993 6 30 1 89 1
103.472 86.992 231.993 7 30 1 89 1
287.027 24.941 348.276 8 30 1 391 4
287.027 24.941 348.276 9 30 1 391 4
287.027 24.941 348.276 10 30 1 391 4
287.027 24.941 348.276 11 30 1 391 4
287.027 24.941 348.276 12 30 1 391 4
287.027 24.941 348.276 13 30 1 391 4
287.027 24.941 348.276 14 30 1 391 4
287.027 24.941 348.276 15 30 1 391 4
287.027 24.941 348.276 16 30 1 391 4
287.027 24.941 348.276 17 30 1 391 4
287.027 24.941 348.276 18 30 1 391 4
287.027 24.941 348.276 19 30 1 391 4
287.027 24.941 348.276 20 30 1 391 4
146.682 13.728 123.741 21 30 1 333 2
146.682 13.728 123.741 22 30 1 333 2
146.682 13.728 123.741 23 30 1 333 2
146.682 13.728 123.741 24 30 1 333 2
146.682 13.728 123.741 25 30 1 333 2
146.682 13.728 123.741 26 30 1 333 2
146.682 13.728 123.741 27 30 1 333 2
146.682 13.728 123.741 28 30 1 333 2
347.929 154.870 212.681 29 30 1 265 1
347.929 154.870 212.681 30 30 1 265 1
