320.164 63.032 329.240 1 1 24 379 3
320.164 63.032 329.240 2 1 24 379 3
320.164 63.032 329.240 3 1 24 379 3
320.164 63.032 329.240 4 1 24 379 3
320.164 63.032 329.240 5 1 24 379 3
320.164 63.032 329.240 6 1 24 379 3
320.164 63.032 329.240 7 1 24 379 3
320.164 63.032 329.240 8 1 24 379 3
320.164 63.032 329.240 9 1 24 379 3
320.164 63.032 329.240 10 1 24 379 3
320.164 63.032 329.240 11 1 24 379 3
320.164 63.032 329.240 12 1 24 379 3
320.164 63.032 329.240 13 1 24 379 3
30.671 75.156 351.539 14 1 24 342 2
30.671 75.156 351.539 15 1 24 342 2
30.671 75.156 351.539 16 1 24 342 2
30.671 75.156 351.539 17 1 24 342 2
209.722 86.591 134.171 18 1 24 390 4
209.722 86.591 134.171 19 1 24 390 4
209.722 86.591 134.171 20 1 24 390 4
209.722 86.591 134.171 21 1 24 390 4
209.722 86.591 134.171 22 1 24 390 4
237.517 75.929 344.199 23 1 24 388 4
237.517 75.929 344.199 24 1 24 388 4
237.517 75.929 344.199 25 1 24 388 4
237.517 75.929 344.199 26 1 24 388 4
237.517 75.929 344.199 27 1 24 388 4
237.517 75.929 344.199 28 1 24 388 4
237.517 75.929 344.199 29 1 24 388 4
237.517 75.929 344.199 30 1 24 388 4
320.164 63.032 329.240 1 2 24 379 3
320.164 63.032 329.240 2 2 24 379 3
320.164 63.032 329.240 3 2 24 379 3
320.164 63.032 329.240 4 2 24 379 3
320.164 63.032 329.240 5 2 24 379 3
320.164 63.032 329.240 6 2 24 379 3
320.164 63.032 329.240 7 2 24 379 3
320.164 63.032 329.240 8 2 24 379 3
74.062 27.280 299.434 9 2 24 276 1
74.062 27.280 299.434 10 2 24 276 1
74.062 27.280 299.434 11 2 24 276 1
320.164 63.032 329.240 12 2 24 379 3
320.164 63.032 329.240 13 2 24 379 3
30.671 75.156 351.539 14 2 24 342 2
30.671 75.156 351.539 15 2 24 342 2
30.671 75.156 351.539 16 2 24 342 2
209.722 86.591 134.171 17 2 24 390 4
209.722 86.591 134.171 18 2 24 390 4
209.722 86.591 134.171 19 2 24 390 4
209.722 86.591 134.171 20 2 24 390 4
209.722 86.591 134.171 21 2 24 390 4
209.722 86.591 134.171 22 2 24 390 4
209.722 86.591 134.171 23 2 24 390 4
209.722 86.591 134.171 24 2 24 390 4
237.517 75.929 344.199 25 2 24 388 4
237.517 75.929 344.199 26 2 24 388 4
237.517 75.929 344.199 27 2 24 388 4
237.517 75.929 344.199 28 2 24 388 4
237.517 75.929 344.199 29 2 24 388 4
237.517 75.929 344.199 30 2 24 388 4
320.164 63.032 329.240 1 3 24 379 3
320.164 63.032 329.240 2 3 24 379 3
320.164 63.032 329.240 3 3 24 379 3
320.164 63.032 329.240 4 3 24 379 3
320.164 63.032 329.240 5 3 24 379 3
320.164 63.032 329.240 6 3 24 379 3
320.164 63.032 329.240 7 3 24 379 3
320.164 63.032 329.240 8 3 24 379 3
320.164 63.032 329.240 9 3 24 379 3
320.164 63.032 329.240 10 3 24 379 3
320.164 63.032 329.240 11 3 24 379 3
320.164 63.032 329.240 12 3 24 379 3
320.164 63.032 329.240 13 3 24 379 3
30.671 75.156 351.539 14 3 24 342 2
30.671 75.156 351.539 15 3 24 342 2
30.671 75.156 351.539 16 3 24 342 2
209.722 86.591 134.171 17 3 24 390 4
209.722 86.591 134.171 18 3 24 390 4
288.956 68.144 204.210 19 3 24 39 1
209.722 86.591 134.171 20 3 24 390 4
209.722 86.591 134.171 21 3 24 390 4
209.722 86.591 134.171 22 3 24 390 4
209.722 86.591 134.171 23 3 24 390 4
209.722 86.591 134.171 24 3 24 390 4
209.722 86.591 134.171 25 3 24 390 4
209.722 86.591 134.171 26 3 24 390 4
209.722 86.591 134.171 27 3 24 390 4
209.722 86.591 134.171 28 3 24 390 4
209.722 86.591 134.171 29 3 24 390 4
209.722 86.591 134.171 30 3 24 390 4
320.164 63.032 329.240 1 4 24 379 3
320.164 63.032 329.240 2 4 24 379 3
320.164 63.032 329.240 3 4 24 379 3
320.164 63.032 329.240 4 4 24 379 3
320.164 63.032 329.240 5 4 24 379 3
320.164 63.032 329.240 6 4 24 379 3
320.164 63.032 329.240 7 4 24 379 3
320.164 63.032 329.240 8 4 24 379 3
320.164 63.032 329.240 9 4 24 379 3
320.164 63.032 329.240 10 4 24 379 3
320.164 63.032 329.240 11 4 24 379 3
320.164 63.032 329.240 12 4 24 379 3
320.164 63.032 329.240 13 4 24 379 3
320.164 63.032 329.240 14 4 24 379 3
30.671 75.156 351.539 15 4 24 342 2
30.671 75.156 351.539 16 4 24 342 2
209.722 86.591 134.171 17 4 24 390 4
288.956 68.144 204.210 18 4 24 39 1
209.722 86.591 134.171 19 4 24 390 4
139.440 144.454 4.147 20 4 24 144 1
209.722 86.591 134.171 21 4 24 390 4
209.722 86.591 134.171 22 4 24 390 4
209.722 86.591 134.171 23 4 24 390 4
209.722 86.591 134.171 24 4 24 390 4
209.722 86.591 134.171 25 4 24 390 4
209.722 86.591 134.171 26 4 24 390 4
209.722 86.591 134.171 27 4 24 390 4
209.722 86.591 134.171 28 4 24 390 4
209.722 86.591 134.171 29 4 24 390 4
209.722 86.591 134.171 30 4 24 390 4
320.164 63.032 329.240 1 5 24 379 3
320.164 63.032 329.240 2 5 24 379 3
320.164 63.032 329.240 3 5 24 379 3
320.164 63.032 329.240 4 5 24 379 3
320.164 63.032 329.240 5 5 24 379 3
320.164 63.032 329.240 6 5 24 379 3
320.164 63.032 329.240 7 5 24 379 3
320.164 63.032 329.240 8 5 24 379 3
320.164 63.032 329.240 9 5 24 379 3
320.164 63.032 329.240 10 5 24 379 3
320.164 63.032 329.240 11 5 24 379 3
320.164 63.032 329.240 12 5 24 379 3
320.164 63.032 329.240 13 5 24 379 3
320.164 63.032 329.240 14 5 24 379 3
320.164 63.032 329.240 15 5 24 379 3
209.722 86.591 134.171 16 5 24 390 4
288.956 68.144 204.210 17 5 24 39 1
209.722 86.591 134.171 18 5 24 390 4
209.722 86.591 134.171 19 5 24 390 4
209.722 86.591 134.171 20 5 24 390 4
209.722 86.591 134.171 21 5 24 390 4
209.722 86.591 134.171 22 5 24 390 4
209.722 86.591 134.171 23 5 24 390 4
209.722 86.591 134.171 24 5 24 390 4
209.722 86.591 134.171 25 5 24 390 4
209.722 86.591 134.171 26 5 24 390 4
289.730 89.269 124.551 27 5 24 115 1
289.730 89.269 124.551 28 5 24 115 1
209.722 86.591 134.171 29 5 24 390 4
209.722 86.591 134.171 30 5 24 390 4
320.164 63.032 329.240 1 6 24 379 3
320.164 63.032 329.240 2 6 24 379 3
320.164 63.032 329.240 3 6 24 379 3
320.164 63.032 329.240 4 6 24 379 3
320.164 63.032 329.240 5 6 24 379 3
82.055 68.463 6.062 6 6 24 50 1
320.164 63.032 329.240 7 6 24 379 3
320.164 63.032 329.240 8 6 24 379 3
320.164 63.032 329.240 9 6 24 379 3
320.164 63.032 329.240 10 6 24 379 3
320.164 63.032 329.240 11 6 24 379 3
320.164 63.032 329.240 12 6 24 379 3
346.085 87.329 189.234 13 6 24 188 1
320.164 63.032 329.240 14 6 24 379 3
320.164 63.032 329.240 15 6 24 379 3
209.722 86.591 134.171 16 6 24 390 4
209.722 86.591 134.171 17 6 24 390 4
209.722 86.591 134.171 18 6 24 390 4
209.722 86.591 134.171 19 6 24 390 4
209.722 86.591 134.171 20 6 24 390 4
209.722 86.591 134.171 21 6 24 390 4
209.722 86.591 134.171 22 6 24 390 4
209.722 86.591 134.171 23 6 24 390 4
209.722 86.591 134.171 24 6 24 390 4
209.722 86.591 134.171 25 6 24 390 4
209.722 86.591 134.171 26 6 24 390 4
209.722 86.591 134.171 27 6 24 390 4
209.722 86.591 134.171 28 6 24 390 4
209.722 86.591 134.171 29 6 24 390 4
209.722 86.591 134.171 30 6 24 390 4
320.164 63.032 329.240 1 7 24 379 3
320.164 63.032 329.240 2 7 24 379 3
320.164 63.032 329.240 3 7 24 379 3
320.164 63.032 329.240 4 7 24 379 3
320.164 63.032 329.240 5 7 24 379 3
320.164 63.032 329.240 6 7 24 379 3
320.164 63.032 329.240 7 7 24 379 3
320.164 63.032 329.240 8 7 24 379 3
320.164 63.032 329.240 9 7 24 379 3
284.482 17.519 90.447 10 7 24 384 4
284.482 17.519 90.447 11 7 24 384 4
284.482 17.519 90.447 12 7 24 384 4
284.482 17.519 90.447 13 7 24 384 4
284.482 17.519 90.447 14 7 24 384 4
284.482 17.519 90.447 15 7 24 384 4
209.722 86.591 134.171 16 7 24 390 4
209.722 86.591 134.171 17 7 24 390 4
209.722 86.591 134.171 18 7 24 390 4
209.722 86.591 134.171 19 7 24 390 4
209.722 86.591 134.171 20 7 24 390 4
209.722 86.591 134.171 21 7 24 390 4
209.722 86.591 134.171 22 7 24 390 4
209.722 86.591 134.171 23 7 24 390 4
209.722 86.591 134.171 24 7 24 390 4
209.722 86.591 134.171 25 7 24 390 4
209.722 86.591 134.171 26 7 24 390 4
209.722 86.591 134.171 27 7 24 390 4
209.722 86.591 134.171 28 7 24 390 4
209.722 86.591 134.171 29 7 24 390 4
209.722 86.591 134.171 30 7 24 390 4
320.164 63.032 329.240 1 8 24 379 3
320.164 63.032 329.240 2 8 24 379 3
320.164 63.032 329.240 3 8 24 379 3
320.164 63.032 329.240 4 8 24 379 3
320.164 63.032 329.240 5 8 24 379 3
320.164 63.032 329.240 6 8 24 379 3
320.164 63.032 329.240 7 8 24 379 3
284.482 17.519 90.447 8 8 24 384 4
284.482 17.519 90.447 9 8 24 384 4
284.482 17.519 90.447 10 8 24 384 4
284.482 17.519 90.447 11 8 24 384 4
284.482 17.519 90.447 12 8 24 384 4
284.482 17.519 90.447 13 8 24 384 4
284.482 17.519 90.447 14 8 24 384 4
284.482 17.519 90.447 15 8 24 384 4
107.246 97.076 256.127 16 8 24 364 2
209.722 86.591 134.171 17 8 24 390 4
226.908 125.328 108.823 18 8 24 431 1
209.722 86.591 134.171 19 8 24 390 4
209.722 86.591 134.171 20 8 24 390 4
209.722 86.591 134.171 21 8 24 390 4
209.722 86.591 134.171 22 8 24 390 4
209.722 86.591 134.171 23 8 24 390 4
209.722 86.591 134.171 24 8 24 390 4
209.722 86.591 134.171 25 8 24 390 4
209.722 86.591 134.171 26 8 24 390 4
209.722 86.591 134.171 27 8 24 390 4
209.722 86.591 134.171 28 8 24 390 4
209.722 86.591 134.171 29 8 24 390 4
209.722 86.591 134.171 30 8 24 390 4
320.164 63.032 329.240 1 9 24 379 3
320.164 63.032 329.240 2 9 24 379 3
320.164 63.032 329.240 3 9 24 379 3
320.164 63.032 329.240 4 9 24 379 3
320.164 63.032 329.240 5 9 24 379 3
284.482 17.519 90.447 6 9 24 384 4
284.482 17.519 90.447 7 9 24 384 4
284.482 17.519 90.447 8 9 24 384 4
284.482 17.519 90.447 9 9 24 384 4
284.482 17.519 90.447 10 9 24 384 4
284.482 17.519 90.447 11 9 24 384 4
284.482 17.519 90.447 12 9 24 384 4
284.482 17.519 90.447 13 9 24 384 4
284.482 17.519 90.447 14 9 24 384 4
107.246 97.076 256.127 15 9 24 364 2
107.246 97.076 256.127 16 9 24 364 2
107.246 97.076 256.127 17 9 24 364 2
209.722 86.591 134.171 18 9 24 390 4
209.722 86.591 134.171 19 9 24 390 4
209.722 86.591 134.171 20 9 24 390 4
209.722 86.591 134.171 21 9 24 390 4
209.722 86.591 134.171 22 9 24 390 4
209.722 86.591 134.171 23 9 24 390 4
209.722 86.591 134.171 24 9 24 390 4
209.722 86.591 134.171 25 9 24 390 4
209.722 86.591 134.171 26 9 24 390 4
209.722 86.591 134.171 27 9 24 390 4
209.722 86.591 134.171 28 9 24 390 4
209.722 86.591 134.171 29 9 24 390 4
209.722 86.591 134.171 30 9 24 390 4
320.164 63.032 329.240 1 10 24 379 3
320.164 63.032 329.240 2 10 24 379 3
320.164 63.032 329.240 3 10 24 379 3
320.164 63.032 329.240 4 10 24 379 3
284.482 17.519 90.447 5 10 24 384 4
284.482 17.519 90.447 6 10 24 384 4
284.482 17.519 90.447 7 10 24 384 4
284.482 17.519 90.447 8 10 24 384 4
284.482 17.519 90.447 9 10 24 384 4
284.482 17.519 90.447 10 10 24 384 4
284.482 17.519 90.447 11 10 24 384 4
284.482 17.519 90.447 12 10 24 384 4
284.482 17.519 90.447 13 10 24 384 4
284.482 17.519 90.447 14 10 24 384 4
107.246 97.076 256.127 15 10 24 364 2
107.246 97.076 256.127 16 10 24 364 2
107.246 97.076 256.127 17 10 24 364 2
209.722 86.591 134.171 18 10 24 390 4
209.722 86.591 134.171 19 10 24 390 4
209.722 86.591 134.171 20 10 24 390 4
209.722 86.591 134.171 21 10 24 390 4
209.722 86.591 134.171 22 10 24 390 4
209.722 86.591 134.171 23 10 24 390 4
209.722 86.591 134.171 24 10 24 390 4
209.722 86.591 134.171 25 10 24 390 4
209.722 86.591 134.171 26 10 24 390 4
209.722 86.591 134.171 27 10 24 390 4
107.196 141.912 338.073 28 10 24 352 2
209.722 86.591 134.171 29 10 24 390 4
209.722 86.591 134.171 30 10 24 390 4
320.164 63.032 329.240 1 11 24 379 3
320.164 63.032 329.240 2 11 24 379 3
320.164 63.032 329.240 3 11 24 379 3
284.482 17.519 90.447 4 11 24 384 4
284.482 17.519 90.447 5 11 24 384 4
284.482 17.519 90.447 6 11 24 384 4
284.482 17.519 90.447 7 11 24 384 4
284.482 17.519 90.447 8 11 24 384 4
284.482 17.519 90.447 9 11 24 384 4
284.482 17.519 90.447 10 11 24 384 4
284.482 17.519 90.447 11 11 24 384 4
284.482 17.519 90.447 12 11 24 384 4
284.482 17.519 90.447 13 11 24 384 4
284.482 17.519 90.447 14 11 24 384 4
107.246 97.076 256.127 15 11 24 364 2
107.246 97.076 256.127 16 11 24 364 2
107.246 97.076 256.127 17 11 24 364 2
107.246 97.076 256.127 18 11 24 364 2
207.770 141.177 139.221 19 11 24 335 2
345.076 32.857 15.780 20 11 24 334 2
209.722 86.591 134.171 21 11 24 390 4
209.722 86.591 134.171 22 11 24 390 4
209.722 86.591 134.171 23 11 24 390 4
209.722 86.591 134.171 24 11 24 390 4
209.722 86.591 134.171 25 11 24 390 4
209.722 86.591 134.171 26 11 24 390 4
209.722 86.591 134.171 27 11 24 390 4
209.722 86.591 134.171 28 11 24 390 4
228.390 152.994 135.321 29 11 24 399 1
209.722 86.591 134.171 30 11 24 390 4
320.164 63.032 329.240 1 12 24 379 3
320.164 63.032 329.240 2 12 24 379 3
320.164 63.032 329.240 3 12 24 379 3
284.482 17.519 90.447 4 12 24 384 4
284.482 17.519 90.447 5 12 24 384 4
284.482 17.519 90.447 6 12 24 384 4
284.482 17.519 90.447 7 12 24 384 4
284.482 17.519 90.447 8 12 24 384 4
284.482 17.519 90.447 9 12 24 384 4
284.482 17.519 90.447 10 12 24 384 4
284.482 17.519 90.447 11 12 24 384 4
284.482 17.519 90.447 12 12 24 384 4
284.482 17.519 90.447 13 12 24 384 4
284.482 17.519 90.447 14 12 24 384 4
107.246 97.076 256.127 15 12 24 364 2
107.246 97.076 256.127 16 12 24 364 2
328.438 49.170 184.962 17 12 24 270 1
328.438 49.170 184.962 18 12 24 270 1
207.770 141.177 139.221 19 12 24 335 2
345.076 32.857 15.780 20 12 24 334 2
345.076 32.857 15.780 21 12 24 334 2
209.722 86.591 134.171 22 12 24 390 4
209.722 86.591 134.171 23 12 24 390 4
209.722 86.591 134.171 24 12 24 390 4
209.722 86.591 134.171 25 12 24 390 4
209.722 86.591 134.171 26 12 24 390 4
209.722 86.591 134.171 27 12 24 390 4
269.622 68.106 283.726 28 12 24 329 2
209.722 86.591 134.171 29 12 24 390 4
209.722 86.591 134.171 30 12 24 390 4
320.164 63.032 329.240 1 13 24 379 3
320.164 63.032 329.240 2 13 24 379 3
284.482 17.519 90.447 3 13 24 384 4
284.482 17.519 90.447 4 13 24 384 4
284.482 17.519 90.447 5 13 24 384 4
284.482 17.519 90.447 6 13 24 384 4
284.482 17.519 90.447 7 13 24 384 4
284.482 17.519 90.447 8 13 24 384 4
284.482 17.519 90.447 9 13 24 384 4
284.482 17.519 90.447 10 13 24 384 4
284.482 17.519 90.447 11 13 24 384 4
284.482 17.519 90.447 12 13 24 384 4
284.482 17.519 90.447 13 13 24 384 4
284.482 17.519 90.447 14 13 24 384 4
284.482 17.519 90.447 15 13 24 384 4
107.246 97.076 256.127 16 13 24 364 2
328.438 49.170 184.962 17 13 24 270 1
328.438 49.170 184.962 18 13 24 270 1
328.438 49.170 184.962 19 13 24 270 1
345.076 32.857 15.780 20 13 24 334 2
345.076 32.857 15.780 21 13 24 334 2
209.722 86.591 134.171 22 13 24 390 4
209.722 86.591 134.171 23 13 24 390 4
209.722 86.591 134.171 24 13 24 390 4
209.722 86.591 134.171 25 13 24 390 4
209.722 86.591 134.171 26 13 24 390 4
209.722 86.591 134.171 27 13 24 390 4
209.722 86.591 134.171 28 13 24 390 4
209.722 86.591 134.171 29 13 24 390 4
209.722 86.591 134.171 30 13 24 390 4
320.164 63.032 329.240 1 14 24 379 3
284.482 17.519 90.447 2 14 24 384 4
284.482 17.519 90.447 3 14 24 384 4
284.482 17.519 90.447 4 14 24 384 4
284.482 17.519 90.447 5 14 24 384 4
284.482 17.519 90.447 6 14 24 384 4
284.482 17.519 90.447 7 14 24 384 4
284.482 17.519 90.447 8 14 24 384 4
284.482 17.519 90.447 9 14 24 384 4
284.482 17.519 90.447 10 14 24 384 4
284.482 17.519 90.447 11 14 24 384 4
284.482 17.519 90.447 12 14 24 384 4
284.482 17.519 90.447 13 14 24 384 4
284.482 17.519 90.447 14 14 24 384 4
12.956 137.376 237.711 15 14 24 385 4
148.064 134.946 90.860 16 14 24 171 1
148.064 134.946 90.860 17 14 24 171 1
328.438 49.170 184.962 18 14 24 270 1
328.438 49.170 184.962 19 14 24 270 1
328.438 49.170 184.962 20 14 24 270 1
345.076 32.857 15.780 21 14 24 334 2
110.071 30.482 191.893 22 14 24 393 4
209.722 86.591 134.171 23 14 24 390 4
110.071 30.482 191.893 24 14 24 393 4
110.071 30.482 191.893 25 14 24 393 4
110.071 30.482 191.893 26 14 24 393 4
204.953 100.303 283.553 27 14 24 244 1
204.953 100.303 283.553 28 14 24 244 1
204.953 100.303 283.553 29 14 24 244 1
110.071 30.482 191.893 30 14 24 393 4
320.164 63.032 329.240 1 15 24 379 3
284.482 17.519 90.447 2 15 24 384 4
284.482 17.519 90.447 3 15 24 384 4
284.482 17.519 90.447 4 15 24 384 4
284.482 17.519 90.447 5 15 24 384 4
284.482 17.519 90.447 6 15 24 384 4
284.482 17.519 90.447 7 15 24 384 4
284.482 17.519 90.447 8 15 24 384 4
284.482 17.519 90.447 9 15 24 384 4
284.482 17.519 90.447 10 15 24 384 4
284.482 17.519 90.447 11 15 24 384 4
284.482 17.519 90.447 12 15 24 384 4
12.956 137.376 237.711 13 15 24 385 4
12.956 137.376 237.711 14 15 24 385 4
12.956 137.376 237.711 15 15 24 385 4
12.956 137.376 237.711 16 15 24 385 4
12.956 137.376 237.711 17 15 24 385 4
110.071 30.482 191.893 18 15 24 393 4
110.071 30.482 191.893 19 15 24 393 4
110.071 30.482 191.893 20 15 24 393 4
110.071 30.482 191.893 21 15 24 393 4
110.071 30.482 191.893 22 15 24 393 4
110.071 30.482 191.893 23 15 24 393 4
110.071 30.482 191.893 24 15 24 393 4
110.071 30.482 191.893 25 15 24 393 4
110.071 30.482 191.893 26 15 24 393 4
204.953 100.303 283.553 27 15 24 244 1
204.953 100.303 283.553 28 15 24 244 1
204.953 100.303 283.553 29 15 24 244 1
110.071 30.482 191.893 30 15 24 393 4
284.482 17.519 90.447 1 16 24 384 4
284.482 17.519 90.447 2 16 24 384 4
284.482 17.519 90.447 3 16 24 384 4
284.482 17.519 90.447 4 16 24 384 4
284.482 17.519 90.447 5 16 24 384 4
284.482 17.519 90.447 6 16 24 384 4
284.482 17.519 90.447 7 16 24 384 4
284.482 17.519 90.447 8 16 24 384 4
284.482 17.519 90.447 9 16 24 384 4
284.482 17.519 90.447 10 16 24 384 4
284.482 17.519 90.447 11 16 24 384 4
12.956 137.376 237.711 12 16 24 385 4
12.956 137.376 237.711 13 16 24 385 4
12.956 137.376 237.711 14 16 24 385 4
12.956 137.376 237.711 15 16 24 385 4
12.956 137.376 237.711 16 16 24 385 4
12.956 137.376 237.711 17 16 24 385 4
110.071 30.482 191.893 18 16 24 393 4
110.071 30.482 191.893 19 16 24 393 4
110.071 30.482 191.893 20 16 24 393 4
110.071 30.482 191.893 21 16 24 393 4
110.071 30.482 191.893 22 16 24 393 4
110.071 30.482 191.893 23 16 24 393 4
110.071 30.482 191.893 24 16 24 393 4
110.071 30.482 191.893 25 16 24 393 4
110.071 30.482 191.893 26 16 24 393 4
110.071 30.482 191.893 27 16 24 393 4
110.071 30.482 191.893 28 16 24 393 4
110.071 30.482 191.893 29 16 24 393 4
214.252 124.892 117.085 30 16 24 277 1
284.482 17.519 90.447 1 17 24 384 4
284.482 17.519 90.447 2 17 24 384 4
284.482 17.519 90.447 3 17 24 384 4
284.482 17.519 90.447 4 17 24 384 4
284.482 17.519 90.447 5 17 24 384 4
284.482 17.519 90.447 6 17 24 384 4
284.482 17.519 90.447 7 17 24 384 4
284.482 17.519 90.447 8 17 24 384 4
284.482 17.519 90.447 9 17 24 384 4
194.281 125.039 32.054 10 17 24 371 2
12.956 137.376 237.711 11 17 24 385 4
12.956 137.376 237.711 12 17 24 385 4
12.956 137.376 237.711 13 17 24 385 4
12.956 137.376 237.711 14 17 24 385 4
12.956 137.376 237.711 15 17 24 385 4
12.956 137.376 237.711 16 17 24 385 4
110.071 30.482 191.893 17 17 24 393 4
110.071 30.482 191.893 18 17 24 393 4
110.071 30.482 191.893 19 17 24 393 4
110.071 30.482 191.893 20 17 24 393 4
110.071 30.482 191.893 21 17 24 393 4
110.071 30.482 191.893 22 17 24 393 4
110.071 30.482 191.893 23 17 24 393 4
110.071 30.482 191.893 24 17 24 393 4
110.071 30.482 191.893 25 17 24 393 4
110.071 30.482 191.893 26 17 24 393 4
110.071 30.482 191.893 27 17 24 393 4
110.071 30.482 191.893 28 17 24 393 4
110.071 30.482 191.893 29 17 24 393 4
110.071 30.482 191.893 30 17 24 393 4
284.482 17.519 90.447 1 18 24 384 4
284.482 17.519 90.447 2 18 24 384 4
284.482 17.519 90.447 3 18 24 384 4
284.482 17.519 90.447 4 18 24 384 4
284.482 17.519 90.447 5 18 24 384 4
284.482 17.519 90.447 6 18 24 384 4
284.482 17.519 90.447 7 18 24 384 4
284.482 17.519 90.447 8 18 24 384 4
284.482 17.519 90.447 9 18 24 384 4
194.281 125.039 32.054 10 18 24 371 2
12.956 137.376 237.711 11 18 24 385 4
12.956 137.376 237.711 12 18 24 385 4
12.956 137.376 237.711 13 18 24 385 4
12.956 137.376 237.711 14 18 24 385 4
12.956 137.376 237.711 15 18 24 385 4
12.956 137.376 237.711 16 18 24 385 4
110.071 30.482 191.893 17 18 24 393 4
110.071 30.482 191.893 18 18 24 393 4
110.071 30.482 191.893 19 18 24 393 4
110.071 30.482 191.893 20 18 24 393 4
110.071 30.482 191.893 21 18 24 393 4
110.071 30.482 191.893 22 18 24 393 4
110.071 30.482 191.893 23 18 24 393 4
110.071 30.482 191.893 24 18 24 393 4
110.071 30.482 191.893 25 18 24 393 4
110.071 30.482 191.893 26 18 24 393 4
110.071 30.482 191.893 27 18 24 393 4
110.071 30.482 191.893 28 18 24 393 4
110.071 30.482 191.893 29 18 24 393 4
110.071 30.482 191.893 30 18 24 393 4
284.482 17.519 90.447 1 19 24 384 4
284.482 17.519 90.447 2 19 24 384 4
284.482 17.519 90.447 3 19 24 384 4
284.482 17.519 90.447 4 19 24 384 4
284.482 17.519 90.447 5 19 24 384 4
284.482 17.519 90.447 6 19 24 384 4
199.351 60.559 114.990 7 19 24 95 1
199.351 60.559 114.990 8 19 24 95 1
284.482 17.519 90.447 9 19 24 384 4
12.956 137.376 237.711 10 19 24 385 4
12.956 137.376 237.711 11 19 24 385 4
12.956 137.376 237.711 12 19 24 385 4
12.956 137.376 237.711 13 19 24 385 4
12.956 137.376 237.711 14 19 24 385 4
12.956 137.376 237.711 15 19 24 385 4
110.071 30.482 191.893 16 19 24 393 4
110.071 30.482 191.893 17 19 24 393 4
110.071 30.482 191.893 18 19 24 393 4
110.071 30.482 191.893 19 19 24 393 4
110.071 30.482 191.893 20 19 24 393 4
110.071 30.482 191.893 21 19 24 393 4
110.071 30.482 191.893 22 19 24 393 4
110.071 30.482 191.893 23 19 24 393 4
110.071 30.482 191.893 24 19 24 393 4
110.071 30.482 191.893 25 19 24 393 4
110.071 30.482 191.893 26 19 24 393 4
110.071 30.482 191.893 27 19 24 393 4
110.071 30.482 191.893 28 19 24 393 4
110.071 30.482 191.893 29 19 24 393 4
110.071 30.482 191.893 30 19 24 393 4
284.482 17.519 90.447 1 20 24 384 4
284.482 17.519 90.447 2 20 24 384 4
329.975 145.768 106.266 3 20 24 175 1
329.975 145.768 106.266 4 20 24 175 1
329.975 145.768 106.266 5 20 24 175 1
284.482 17.519 90.447 6 20 24 384 4
199.351 60.559 114.990 7 20 24 95 1
199.351 60.559 114.990 8 20 24 95 1
12.956 137.376 237.711 9 20 24 385 4
12.956 137.376 237.711 10 20 24 385 4
12.956 137.376 237.711 11 20 24 385 4
12.956 137.376 237.711 12 20 24 385 4
12.956 137.376 237.711 13 20 24 385 4
12.956 137.376 237.711 14 20 24 385 4
12.956 137.376 237.711 15 20 24 385 4
110.071 30.482 191.893 16 20 24 393 4
110.071 30.482 191.893 17 20 24 393 4
110.071 30.482 191.893 18 20 24 393 4
110.071 30.482 191.893 19 20 24 393 4
110.071 30.482 191.893 20 20 24 393 4
110.071 30.482 191.893 21 20 24 393 4
110.071 30.482 191.893 22 20 24 393 4
110.071 30.482 191.893 23 20 24 393 4
110.071 30.482 191.893 24 20 24 393 4
110.071 30.482 191.893 25 20 24 393 4
110.071 30.482 191.893 26 20 24 393 4
110.071 30.482 191.893 27 20 24 393 4
319.313 81.405 13.865 28 20 24 246 1
110.071 30.482 191.893 29 20 24 393 4
110.071 30.482 191.893 30 20 24 393 4
284.482 17.519 90.447 1 21 24 384 4
329.975 145.768 106.266 2 21 24 175 1
329.975 145.768 106.266 3 21 24 175 1
329.975 145.768 106.266 4 21 24 175 1
329.975 145.768 106.266 5 21 24 175 1
8.525 63.912 139.911 6 21 24 237 1
8.525 63.912 139.911 7 21 24 237 1
12.956 137.376 237.711 8 21 24 385 4
12.956 137.376 237.711 9 21 24 385 4
12.956 137.376 237.711 10 21 24 385 4
12.956 137.376 237.711 11 21 24 385 4
12.956 137.376 237.711 12 21 24 385 4
12.956 137.376 237.711 13 21 24 385 4
12.956 137.376 237.711 14 21 24 385 4
110.071 30.482 191.893 15 21 24 393 4
110.071 30.482 191.893 16 21 24 393 4
110.071 30.482 191.893 17 21 24 393 4
110.071 30.482 191.893 18 21 24 393 4
110.071 30.482 191.893 19 21 24 393 4
110.071 30.482 191.893 20 21 24 393 4
110.071 30.482 191.893 21 21 24 393 4
110.071 30.482 191.893 22 21 24 393 4
110.071 30.482 191.893 23 21 24 393 4
110.071 30.482 191.893 24 21 24 393 4
110.071 30.482 191.893 25 21 24 393 4
110.071 30.482 191.893 26 21 24 393 4
110.071 30.482 191.893 27 21 24 393 4
110.071 30.482 191.893 28 21 24 393 4
110.071 30.482 191.893 29 21 24 393 4
110.071 30.482 191.893 30 21 24 393 4
269.068 153.263 229.556 1 22 24 262 1
329.975 145.768 106.266 2 22 24 175 1
329.975 145.768 106.266 3 22 24 175 1
329.975 145.768 106.266 4 22 24 175 1
329.975 145.768 106.266 5 22 24 175 1
8.525 63.912 139.911 6 22 24 237 1
8.525 63.912 139.911 7 22 24 237 1
12.956 137.376 237.711 8 22 24 385 4
12.956 137.376 237.711 9 22 24 385 4
12.956 137.376 237.711 10 22 24 385 4
12.956 137.376 237.711 11 22 24 385 4
12.956 137.376 237.711 12 22 24 385 4
12.956 137.376 237.711 13 22 24 385 4
12.956 137.376 237.711 14 22 24 385 4
110.071 30.482 191.893 15 22 24 393 4
110.071 30.482 191.893 16 22 24 393 4
110.071 30.482 191.893 17 22 24 393 4
110.071 30.482 191.893 18 22 24 393 4
110.071 30.482 191.893 19 22 24 393 4
110.071 30.482 191.893 20 22 24 393 4
110.071 30.482 191.893 21 22 24 393 4
110.071 30.482 191.893 22 22 24 393 4
110.071 30.482 191.893 23 22 24 393 4
110.071 30.482 191.893 24 22 24 393 4
110.071 30.482 191.893 25 22 24 393 4
110.071 30.482 191.893 26 22 24 393 4
110.071 30.482 191.893 27 22 24 393 4
110.071 30.482 191.893 28 22 24 393 4
110.071 30.482 191.893 29 22 24 393 4
110.071 30.482 191.893 30 22 24 393 4
296.134 141.267 348.887 1 23 24 84 1
75.639 97.165 269.242 2 23 24 149 1
75.639 97.165 269.242 3 23 24 149 1
75.639 97.165 269.242 4 23 24 149 1
75.639 97.165 269.242 5 23 24 149 1
75.639 97.165 269.242 6 23 24 149 1
75.639 97.165 269.242 7 23 24 149 1
12.956 137.376 237.711 8 23 24 385 4
12.956 137.376 237.711 9 23 24 385 4
12.956 137.376 237.711 10 23 24 385 4
12.956 137.376 237.711 11 23 24 385 4
12.956 137.376 237.711 12 23 24 385 4
12.956 137.376 237.711 13 23 24 385 4
110.071 30.482 191.893 14 23 24 393 4
110.071 30.482 191.893 15 23 24 393 4
110.071 30.482 191.893 16 23 24 393 4
110.071 30.482 191.893 17 23 24 393 4
110.071 30.482 191.893 18 23 24 393 4
110.071 30.482 191.893 19 23 24 393 4
110.071 30.482 191.893 20 23 24 393 4
110.071 30.482 191.893 21 23 24 393 4
110.071 30.482 191.893 22 23 24 393 4
110.071 30.482 191.893 23 23 24 393 4
110.071 30.482 191.893 24 23 24 393 4
110.071 30.482 191.893 25 23 24 393 4
110.071 30.482 191.893 26 23 24 393 4
110.071 30.482 191.893 27 23 24 393 4
110.071 30.482 191.893 28 23 24 393 4
110.071 30.482 191.893 29 23 24 393 4
110.071 30.482 191.893 30 23 24 393 4
75.639 97.165 269.242 1 24 24 149 1
75.639 97.165 269.242 2 24 24 149 1
75.639 97.165 269.242 3 24 24 149 1
75.639 97.165 269.242 4 24 24 149 1
75.639 97.165 269.242 5 24 24 149 1
75.639 97.165 269.242 6 24 24 149 1
75.639 97.165 269.242 7 24 24 149 1
12.956 137.376 237.711 8 24 24 385 4
12.956 137.376 237.711 9 24 24 385 4
12.956 137.376 237.711 10 24 24 385 4
12.956 137.376 237.711 11 24 24 385 4
12.956 137.376 237.711 12 24 24 385 4
110.071 30.482 191.893 13 24 24 393 4
110.071 30.482 191.893 14 24 24 393 4
110.071 30.482 191.893 15 24 24 393 4
110.071 30.482 191.893 16 24 24 393 4
110.071 30.482 191.893 17 24 24 393 4
110.071 30.482 191.893 18 24 24 393 4
110.071 30.482 191.893 19 24 24 393 4
110.071 30.482 191.893 20 24 24 393 4
110.071 30.482 191.893 21 24 24 393 4
110.071 30.482 191.893 22 24 24 393 4
110.071 30.482 191.893 23 24 24 393 4
110.071 30.482 191.893 24 24 24 393 4
110.071 30.482 191.893 25 24 24 393 4
110.071 30.482 191.893 26 24 24 393 4
110.071 30.482 191.893 27 24 24 393 4
110.071 30.482 191.893 28 24 24 393 4
110.071 30.482 191.893 29 24 24 393 4
110.071 30.482 191.893 30 24 24 393 4
20.098 120.974 47.951 1 25 24 381 4
75.296 142.514 41.103 2 25 24 216 1
75.639 97.165 269.242 3 25 24 149 1
75.639 97.165 269.242 4 25 24 149 1
75.639 97.165 269.242 5 25 24 149 1
75.639 97.165 269.242 6 25 24 149 1
75.639 97.165 269.242 7 25 24 149 1
110.071 30.482 191.893 8 25 24 393 4
12.956 137.376 237.711 9 25 24 385 4
12.956 137.376 237.711 10 25 24 385 4
110.071 30.482 191.893 11 25 24 393 4
110.071 30.482 191.893 12 25 24 393 4
110.071 30.482 191.893 13 25 24 393 4
110.071 30.482 191.893 14 25 24 393 4
110.071 30.482 191.893 15 25 24 393 4
110.071 30.482 191.893 16 25 24 393 4
110.071 30.482 191.893 17 25 24 393 4
110.071 30.482 191.893 18 25 24 393 4
110.071 30.482 191.893 19 25 24 393 4
110.071 30.482 191.893 20 25 24 393 4
110.071 30.482 191.893 21 25 24 393 4
110.071 30.482 191.893 22 25 24 393 4
110.071 30.482 191.893 23 25 24 393 4
110.071 30.482 191.893 24 25 24 393 4
110.071 30.482 191.893 25 25 24 393 4
110.071 30.482 191.893 26 25 24 393 4
110.071 30.482 191.893 27 25 24 393 4
110.071 30.482 191.893 28 25 24 393 4
110.071 30.482 191.893 29 25 24 393 4
110.071 30.482 191.893 30 25 24 393 4
20.098 120.974 47.951 1 26 24 381 4
75.296 142.514 41.103 2 26 24 216 1
75.639 97.165 269.242 3 26 24 149 1
75.639 97.165 269.242 4 26 24 149 1
75.639 97.165 269.242 5 26 24 149 1
75.639 97.165 269.242 6 26 24 149 1
110.071 30.482 191.893 7 26 24 393 4
110.071 30.482 191.893 8 26 24 393 4
110.071 30.482 191.893 9 26 24 393 4
110.071 30.482 191.893 10 26 24 393 4
110.071 30.482 191.893 11 26 24 393 4
110.071 30.482 191.893 12 26 24 393 4
110.071 30.482 191.893 13 26 24 393 4
110.071 30.482 191.893 14 26 24 393 4
110.071 30.482 191.893 15 26 24 393 4
110.071 30.482 191.893 16 26 24 393 4
110.071 30.482 191.893 17 26 24 393 4
110.071 30.482 191.893 18 26 24 393 4
110.071 30.482 191.893 19 26 24 393 4
110.071 30.482 191.893 20 26 24 393 4
110.071 30.482 191.893 21 26 24 393 4
110.071 30.482 191.893 22 26 24 393 4
110.071 30.482 191.893 23 26 24 393 4
110.071 30.482 191.893 24 26 24 393 4
110.071 30.482 191.893 25 26 24 393 4
110.071 30.482 191.893 26 26 24 393 4
110.071 30.482 191.893 27 26 24 393 4
110.071 30.482 191.893 28 26 24 393 4
110.071 30.482 191.893 29 26 24 393 4
110.071 30.482 191.893 30 26 24 393 4
20.098 120.974 47.951 1 27 24 381 4
20.098 120.974 47.951 2 27 24 381 4
20.098 120.974 47.951 3 27 24 381 4
20.098 120.974 47.951 4 27 24 381 4
20.098 120.974 47.951 5 27 24 381 4
20.098 120.974 47.951 6 27 24 381 4
110.071 30.482 191.893 7 27 24 393 4
110.071 30.482 191.893 8 27 24 393 4
110.071 30.482 191.893 9 27 24 393 4
110.071 30.482 191.893 10 27 24 393 4
110.071 30.482 191.893 11 27 24 393 4
110.071 30.482 191.893 12 27 24 393 4
110.071 30.482 191.893 13 27 24 393 4
110.071 30.482 191.893 14 27 24 393 4
110.071 30.482 191.893 15 27 24 393 4
110.071 30.482 191.893 16 27 24 393 4
110.071 30.482 191.893 17 27 24 393 4
110.071 30.482 191.893 18 27 24 393 4
110.071 30.482 191.893 19 27 24 393 4
110.071 30.482 191.893 20 27 24 393 4
110.071 30.482 191.893 21 27 24 393 4
110.071 30.482 191.893 22 27 24 393 4
110.071 30.482 191.893 23 27 24 393 4
110.071 30.482 191.893 24 27 24 393 4
110.071 30.482 191.893 25 27 24 393 4
110.071 30.482 191.893 26 27 24 393 4
110.071 30.482 191.893 27 27 24 393 4
110.071 30.482 191.893 28 27 24 393 4
110.071 30.482 191.893 29 27 24 393 4
319.918 61.471 141.547 30 27 24 125 1
20.098 120.974 47.951 1 28 24 381 4
20.098 120.974 47.951 2 28 24 381 4
20.098 120.974 47.951 3 28 24 381 4
20.098 120.974 47.951 4 28 24 381 4
20.098 120.974 47.951 5 28 24 381 4
20.098 120.974 47.951 6 28 24 381 4
20.098 120.974 47.951 7 28 24 381 4
110.071 30.482 191.893 8 28 24 393 4
110.071 30.482 191.893 9 28 24 393 4
110.071 30.482 191.893 10 28 24 393 4
110.071 30.482 191.893 11 28 24 393 4
110.071 30.482 191.893 12 28 24 393 4
110.071 30.482 191.893 13 28 24 393 4
110.071 30.482 191.893 14 28 24 393 4
110.071 30.482 191.893 15 28 24 393 4
110.071 30.482 191.893 16 28 24 393 4
110.071 30.482 191.893 17 28 24 393 4
110.071 30.482 191.893 18 28 24 393 4
110.071 30.482 191.893 19 28 24 393 4
110.071 30.482 191.893 20 28 24 393 4
110.071 30.482 191.893 21 28 24 393 4
110.071 30.482 191.893 22 28 24 393 4
110.071 30.482 191.893 23 28 24 393 4
110.071 30.482 191.893 24 28 24 393 4
110.071 30.482 191.893 25 28 24 393 4
110.071 30.482 191.893 26 28 24 393 4
110.071 30.482 191.893 27 28 24 393 4
110.071 30.482 191.893 28 28 24 393 4
30.534 112.937 202.014 29 28 24 398 1
319.918 61.471 141.547 30 28 24 125 1
20.098 120.974 47.951 1 29 24 381 4
20.098 120.974 47.951 2 29 24 381 4
20.098 120.974 47.951 3 29 24 381 4
20.098 120.974 47.951 4 29 24 381 4
20.098 120.974 47.951 5 29 24 381 4
20.098 120.974 47.951 6 29 24 381 4
20.098 120.974 47.951 7 29 24 381 4
110.071 30.482 191.893 8 29 24 393 4
110.071 30.482 191.893 9 29 24 393 4
110.071 30.482 191.893 10 29 24 393 4
110.071 30.482 191.893 11 29 24 393 4
110.071 30.482 191.893 12 29 24 393 4
110.071 30.482 191.893 13 29 24 393 4
110.071 30.482 191.893 14 29 24 393 4
110.071 30.482 191.893 15 29 24 393 4
110.071 30.482 191.893 16 29 24 393 4
110.071 30.482 191.893 17 29 24 393 4
110.071 30.482 191.893 18 29 24 393 4
110.071 30.482 191.893 19 29 24 393 4
110.071 30.482 191.893 20 29 24 393 4
110.071 30.482 191.893 21 29 24 393 4
110.071 30.482 191.893 22 29 24 393 4
110.071 30.482 191.893 23 29 24 393 4
110.071 30.482 191.893 24 29 24 393 4
110.071 30.482 191.893 25 29 24 393 4
110.071 30.482 191.893 26 29 24 393 4
110.071 30.482 191.893 27 29 24 393 4
110.071 30.482 191.893 28 29 24 393 4
30.534 112.937 202.014 29 29 24 398 1
30.534 112.937 202.014 30 29 24 398 1
20.098 120.974 47.951 1 30 24 381 4
20.098 120.974 47.951 2 30 24 381 4
20.098 120.974 47.951 3 30 24 381 4
20.098 120.974 47.951 4 30 24 381 4
20.098 120.974 47.951 5 30 24 381 4
20.098 120.974 47.951 6 30 24 381 4
20.098 120.974 47.951 7 30 24 381 4
110.071 30.482 191.893 8 30 24 393 4
110.071 30.482 191.893 9 30 24 393 4
110.071 30.482 191.893 10 30 24 393 4
110.071 30.482 191.893 11 30 24 393 4
110.071 30.482 191.893 12 30 24 393 4
110.071 30.482 191.893 13 30 24 393 4
110.071 30.482 191.893 14 30 24 393 4
110.071 30.482 191.893 15 30 24 393 4
110.071 30.482 191.893 16 30 24 393 4
110.071 30.482 191.893 17 30 24 393 4
110.071 30.482 191.893 18 30 24 393 4
110.071 30.482 191.893 19 30 24 393 4
110.071 30.482 191.893 20 30 24 393 4
110.071 30.482 191.893 21 30 24 393 4
110.071 30.482 191.893 22 30 24 393 4
110.071 30.482 191.893 23 30 24 393 4
110.071 30.482 191.893 24 30 24 393 4
110.071 30.482 191.893 25 30 24 393 4
110.071 30.482 191.893 26 30 24 393 4
110.071 30.482 191.893 27 30 24 393 4
30.534 112.937 202.014 28 30 24 398 1
30.534 112.937 202.014 29 30 24 398 1
356.532 136.172 134.639 30 30 24 228 1
