320.164 63.032 329.240 1 1 9 379 3
320.164 63.032 329.240 2 1 9 379 3
320.164 63.032 329.240 3 1 9 379 3
320.164 63.032 329.240 4 1 9 379 3
320.164 63.032 329.240 5 1 9 379 3
320.164 63.032 329.240 6 1 9 379 3
320.164 63.032 329.240 7 1 9 379 3
320.164 63.032 329.240 8 1 9 379 3
320.164 63.032 329.240 9 1 9 379 3
320.164 63.032 329.240 10 1 9 379 3
320.164 63.032 329.240 11 1 9 379 3
320.164 63.032 329.240 12 1 9 379 3
320.164 63.032 329.240 13 1 9 379 3
320.164 63.032 329.240 14 1 9 379 3
320.164 63.032 329.240 15 1 9 379 3
320.164 63.032 329.240 16 1 9 379 3
320.164 63.032 329.240 17 1 9 379 3
320.164 63.032 329.240 18 1 9 379 3
320.164 63.032 329.240 19 1 9 379 3
320.164 63.032 329.240 20 1 9 379 3
320.164 63.032 329.240 21 1 9 379 3
320.164 63.032 329.240 22 1 9 379 3
320.164 63.032 329.240 23 1 9 379 3
320.164 63.032 329.240 24 1 9 379 3
320.164 63.032 329.240 25 1 9 379 3
320.164 63.032 329.240 26 1 9 379 3
320.164 63.032 329.240 27 1 9 379 3
320.164 63.032 329.240 28 1 9 379 3
320.164 63.032 329.240 29 1 9 379 3
44.719 117.084 89.779 30 1 9 282 1
301.600 167.808 79.138 1 2 9 412 1
301.600 167.808 79.138 2 2 9 412 1
301.600 167.808 79.138 3 2 9 412 1
320.164 63.032 329.240 4 2 9 379 3
320.164 63.032 329.240 5 2 9 379 3
320.164 63.032 329.240 6 2 9 379 3
320.164 63.032 329.240 7 2 9 379 3
320.164 63.032 329.240 8 2 9 379 3
320.164 63.032 329.240 9 2 9 379 3
320.164 63.032 329.240 10 2 9 379 3
320.164 63.032 329.240 11 2 9 379 3
320.164 63.032 329.240 12 2 9 379 3
320.164 63.032 329.240 13 2 9 379 3
320.164 63.032 329.240 14 2 9 379 3
320.164 63.032 329.240 15 2 9 379 3
320.164 63.032 329.240 16 2 9 379 3
320.164 63.032 329.240 17 2 9 379 3
320.164 63.032 329.240 18 2 9 379 3
320.164 63.032 329.240 19 2 9 379 3
320.164 63.032 329.240 20 2 9 379 3
320.164 63.032 329.240 21 2 9 379 3
320.164 63.032 329.240 22 2 9 379 3
320.164 63.032 329.240 23 2 9 379 3
320.164 63.032 329.240 24 2 9 379 3
320.164 63.032 329.240 25 2 9 379 3
320.164 63.032 329.240 26 2 9 379 3
320.164 63.032 329.240 27 2 9 379 3
320.164 63.032 329.240 28 2 9 379 3
44.719 117.084 89.779 29 2 9 282 1
44.719 117.084 89.779 30 2 9 282 1
320.164 63.032 329.240 1 3 9 379 3
320.164 63.032 329.240 2 3 9 379 3
301.600 167.808 79.138 3 3 9 412 1
320.164 63.032 329.240 4 3 9 379 3
320.164 63.032 329.240 5 3 9 379 3
320.164 63.032 329.240 6 3 9 379 3
320.164 63.032 329.240 7 3 9 379 3
320.164 63.032 329.240 8 3 9 379 3
320.164 63.032 329.240 9 3 9 379 3
320.164 63.032 329.240 10 3 9 379 3
320.164 63.032 329.240 11 3 9 379 3
320.164 63.032 329.240 12 3 9 379 3
320.164 63.032 329.240 13 3 9 379 3
320.164 63.032 329.240 14 3 9 379 3
320.164 63.032 329.240 15 3 9 379 3
320.164 63.032 329.240 16 3 9 379 3
320.164 63.032 329.240 17 3 9 379 3
320.164 63.032 329.240 18 3 9 379 3
320.164 63.032 329.240 19 3 9 379 3
320.164 63.032 329.240 20 3 9 379 3
320.164 63.032 329.240 21 3 9 379 3
320.164 63.032 329.240 22 3 9 379 3
320.164 63.032 329.240 23 3 9 379 3
320.164 63.032 329.240 24 3 9 379 3
320.164 63.032 329.240 25 3 9 379 3
320.164 63.032 329.240 26 3 9 379 3
44.719 117.084 89.779 27 3 9 282 1
44.719 117.084 89.779 28 3 9 282 1
44.719 117.084 89.779 29 3 9 282 1
44.719 117.084 89.779 30 3 9 282 1
320.164 63.032 329.240 1 4 9 379 3
320.164 63.032 329.240 2 4 9 379 3
301.600 167.808 79.138 3 4 9 412 1
320.164 63.032 329.240 4 4 9 379 3
320.164 63.032 329.240 5 4 9 379 3
320.164 63.032 329.240 6 4 9 379 3
320.164 63.032 329.240 7 4 9 379 3
320.164 63.032 329.240 8 4 9 379 3
320.164 63.032 329.240 9 4 9 379 3
320.164 63.032 329.240 10 4 9 379 3
320.164 63.032 329.240 11 4 9 379 3
320.164 63.032 329.240 12 4 9 379 3
320.164 63.032 329.240 13 4 9 379 3
320.164 63.032 329.240 14 4 9 379 3
320.164 63.032 329.240 15 4 9 379 3
320.164 63.032 329.240 16 4 9 379 3
320.164 63.032 329.240 17 4 9 379 3
320.164 63.032 329.240 18 4 9 379 3
320.164 63.032 329.240 19 4 9 379 3
320.164 63.032 329.240 20 4 9 379 3
320.164 63.032 329.240 21 4 9 379 3
320.164 63.032 329.240 22 4 9 379 3
320.164 63.032 329.240 23 4 9 379 3
320.164 63.032 329.240 24 4 9 379 3
320.164 63.032 329.240 25 4 9 379 3
320.164 63.032 329.240 26 4 9 379 3
44.719 117.084 89.779 27 4 9 282 1
44.719 117.084 89.779 28 4 9 282 1
44.719 117.084 89.779 29 4 9 282 1
44.719 117.084 89.779 30 4 9 282 1
320.164 63.032 329.240 1 5 9 379 3
320.164 63.032 329.240 2 5 9 379 3
320.164 63.032 329.240 3 5 9 379 3
320.164 63.032 329.240 4 5 9 379 3
320.164 63.032 329.240 5 5 9 379 3
320.164 63.032 329.240 6 5 9 379 3
320.164 63.032 329.240 7 5 9 379 3
240.097 102.999 98.054 8 5 9 159 1
320.164 63.032 329.240 9 5 9 379 3
320.164 63.032 329.240 10 5 9 379 3
320.164 63.032 329.240 11 5 9 379 3
320.164 63.032 329.240 12 5 9 379 3
320.164 63.032 329.240 13 5 9 379 3
320.164 63.032 329.240 14 5 9 379 3
320.164 63.032 329.240 15 5 9 379 3
320.164 63.032 329.240 16 5 9 379 3
320.164 63.032 329.240 17 5 9 379 3
320.164 63.032 329.240 18 5 9 379 3
320.164 63.032 329.240 19 5 9 379 3
320.164 63.032 329.240 20 5 9 379 3
320.164 63.032 329.240 21 5 9 379 3
320.164 63.032 329.240 22 5 9 379 3
320.164 63.032 329.240 23 5 9 379 3
132.268 85.686 216.938 24 5 9 355 2
132.268 85.686 216.938 25 5 9 355 2
132.268 85.686 216.938 26 5 9 355 2
44.719 117.084 89.779 27 5 9 282 1
44.719 117.084 89.779 28 5 9 282 1
44.719 117.084 89.779 29 5 9 282 1
18.855 71.941 336.034 30 5 9 290 1
320.164 63.032 329.240 1 6 9 379 3
320.164 63.032 329.240 2 6 9 379 3
320.164 63.032 329.240 3 6 9 379 3
320.164 63.032 329.240 4 6 9 379 3
320.164 63.032 329.240 5 6 9 379 3
320.164 63.032 329.240 6 6 9 379 3
320.164 63.032 329.240 7 6 9 379 3
320.164 63.032 329.240 8 6 9 379 3
320.164 63.032 329.240 9 6 9 379 3
320.164 63.032 329.240 10 6 9 379 3
320.164 63.032 329.240 11 6 9 379 3
320.164 63.032 329.240 12 6 9 379 3
320.164 63.032 329.240 13 6 9 379 3
320.164 63.032 329.240 14 6 9 379 3
320.164 63.032 329.240 15 6 9 379 3
320.164 63.032 329.240 16 6 9 379 3
320.164 63.032 329.240 17 6 9 379 3
320.164 63.032 329.240 18 6 9 379 3
320.164 63.032 329.240 19 6 9 379 3
320.164 63.032 329.240 20 6 9 379 3
320.164 63.032 329.240 21 6 9 379 3
320.164 63.032 329.240 22 6 9 379 3
132.268 85.686 216.938 23 6 9 355 2
132.268 85.686 216.938 24 6 9 355 2
132.268 85.686 216.938 25 6 9 355 2
132.268 85.686 216.938 26 6 9 355 2
132.268 85.686 216.938 27 6 9 355 2
132.268 85.686 216.938 28 6 9 355 2
209.722 86.591 134.171 29 6 9 390 4
209.722 86.591 134.171 30 6 9 390 4
320.164 63.032 329.240 1 7 9 379 3
320.164 63.032 329.240 2 7 9 379 3
320.164 63.032 329.240 3 7 9 379 3
320.164 63.032 329.240 4 7 9 379 3
320.164 63.032 329.240 5 7 9 379 3
320.164 63.032 329.240 6 7 9 379 3
320.164 63.032 329.240 7 7 9 379 3
320.164 63.032 329.240 8 7 9 379 3
320.164 63.032 329.240 9 7 9 379 3
320.164 63.032 329.240 10 7 9 379 3
320.164 63.032 329.240 11 7 9 379 3
320.164 63.032 329.240 12 7 9 379 3
320.164 63.032 329.240 13 7 9 379 3
320.164 63.032 329.240 14 7 9 379 3
320.164 63.032 329.240 15 7 9 379 3
320.164 63.032 329.240 16 7 9 379 3
320.164 63.032 329.240 17 7 9 379 3
320.164 63.032 329.240 18 7 9 379 3
320.164 63.032 329.240 19 7 9 379 3
320.164 63.032 329.240 20 7 9 379 3
320.164 63.032 329.240 21 7 9 379 3
320.164 63.032 329.240 22 7 9 379 3
132.268 85.686 216.938 23 7 9 355 2
132.268 85.686 216.938 24 7 9 355 2
132.268 85.686 216.938 25 7 9 355 2
132.268 85.686 216.938 26 7 9 355 2
132.268 85.686 216.938 27 7 9 355 2
132.268 85.686 216.938 28 7 9 355 2
209.722 86.591 134.171 29 7 9 390 4
210.280 128.833 333.506 30 7 9 174 1
320.164 63.032 329.240 1 8 9 379 3
320.164 63.032 329.240 2 8 9 379 3
320.164 63.032 329.240 3 8 9 379 3
320.164 63.032 329.240 4 8 9 379 3
320.164 63.032 329.240 5 8 9 379 3
320.164 63.032 329.240 6 8 9 379 3
320.164 63.032 329.240 7 8 9 379 3
320.164 63.032 329.240 8 8 9 379 3
320.164 63.032 329.240 9 8 9 379 3
320.164 63.032 329.240 10 8 9 379 3
320.164 63.032 329.240 11 8 9 379 3
320.164 63.032 329.240 12 8 9 379 3
320.164 63.032 329.240 13 8 9 379 3
320.164 63.032 329.240 14 8 9 379 3
320.164 63.032 329.240 15 8 9 379 3
320.164 63.032 329.240 16 8 9 379 3
320.164 63.032 329.240 17 8 9 379 3
320.164 63.032 329.240 18 8 9 379 3
320.164 63.032 329.240 19 8 9 379 3
320.164 63.032 329.240 20 8 9 379 3
320.164 63.032 329.240 21 8 9 379 3
320.164 63.032 329.240 22 8 9 379 3
132.268 85.686 216.938 23 8 9 355 2
132.268 85.686 216.938 24 8 9 355 2
132.268 85.686 216.938 25 8 9 355 2
132.268 85.686 216.938 26 8 9 355 2
132.268 85.686 216.938 27 8 9 355 2
132.268 85.686 216.938 28 8 9 355 2
209.722 86.591 134.171 29 8 9 390 4
209.722 86.591 134.171 30 8 9 390 4
320.164 63.032 329.240 1 9 9 379 3
320.164 63.032 329.240 2 9 9 379 3
320.164 63.032 329.240 3 9 9 379 3
320.164 63.032 329.240 4 9 9 379 3
320.164 63.032 329.240 5 9 9 379 3
320.164 63.032 329.240 6 9 9 379 3
320.164 63.032 329.240 7 9 9 379 3
320.164 63.032 329.240 8 9 9 379 3
320.164 63.032 329.240 9 9 9 379 3
320.164 63.032 329.240 10 9 9 379 3
320.164 63.032 329.240 11 9 9 379 3
320.164 63.032 329.240 12 9 9 379 3
320.164 63.032 329.240 13 9 9 379 3
320.164 63.032 329.240 14 9 9 379 3
320.164 63.032 329.240 15 9 9 379 3
320.164 63.032 329.240 16 9 9 379 3
320.164 63.032 329.240 17 9 9 379 3
30.601 119.803 91.101 18 9 9 316 2
30.601 119.803 91.101 19 9 9 316 2
320.164 63.032 329.240 20 9 9 379 3
320.164 63.032 329.240 21 9 9 379 3
320.164 63.032 329.240 22 9 9 379 3
132.268 85.686 216.938 23 9 9 355 2
132.268 85.686 216.938 24 9 9 355 2
132.268 85.686 216.938 25 9 9 355 2
235.506 107.363 135.586 26 9 9 358 2
235.506 107.363 135.586 27 9 9 358 2
235.506 107.363 135.586 28 9 9 358 2
209.722 86.591 134.171 29 9 9 390 4
209.722 86.591 134.171 30 9 9 390 4
320.164 63.032 329.240 1 10 9 379 3
320.164 63.032 329.240 2 10 9 379 3
320.164 63.032 329.240 3 10 9 379 3
320.164 63.032 329.240 4 10 9 379 3
320.164 63.032 329.240 5 10 9 379 3
320.164 63.032 329.240 6 10 9 379 3
320.164 63.032 329.240 7 10 9 379 3
320.164 63.032 329.240 8 10 9 379 3
320.164 63.032 329.240 9 10 9 379 3
320.164 63.032 329.240 10 10 9 379 3
320.164 63.032 329.240 11 10 9 379 3
320.164 63.032 329.240 12 10 9 379 3
320.164 63.032 329.240 13 10 9 379 3
320.164 63.032 329.240 14 10 9 379 3
320.164 63.032 329.240 15 10 9 379 3
320.164 63.032 329.240 16 10 9 379 3
320.164 63.032 329.240 17 10 9 379 3
30.601 119.803 91.101 18 10 9 316 2
30.601 119.803 91.101 19 10 9 316 2
320.164 63.032 329.240 20 10 9 379 3
251.531 156.317 268.934 21 10 9 45 1
251.531 156.317 268.934 22 10 9 45 1
257.989 176.215 341.495 23 10 9 17 1
235.506 107.363 135.586 24 10 9 358 2
235.506 107.363 135.586 25 10 9 358 2
235.506 107.363 135.586 26 10 9 358 2
235.506 107.363 135.586 27 10 9 358 2
235.506 107.363 135.586 28 10 9 358 2
209.722 86.591 134.171 29 10 9 390 4
209.722 86.591 134.171 30 10 9 390 4
320.164 63.032 329.240 1 11 9 379 3
320.164 63.032 329.240 2 11 9 379 3
320.164 63.032 329.240 3 11 9 379 3
320.164 63.032 329.240 4 11 9 379 3
320.164 63.032 329.240 5 11 9 379 3
320.164 63.032 329.240 6 11 9 379 3
320.164 63.032 329.240 7 11 9 379 3
320.164 63.032 329.240 8 11 9 379 3
320.164 63.032 329.240 9 11 9 379 3
320.164 63.032 329.240 10 11 9 379 3
320.164 63.032 329.240 11 11 9 379 3
320.164 63.032 329.240 12 11 9 379 3
320.164 63.032 329.240 13 11 9 379 3
320.164 63.032 329.240 14 11 9 379 3
320.164 63.032 329.240 15 11 9 379 3
320.164 63.032 329.240 16 11 9 379 3
320.164 63.032 329.240 17 11 9 379 3
30.601 119.803 91.101 18 11 9 316 2
320.164 63.032 329.240 19 11 9 379 3
320.164 63.032 329.240 20 11 9 379 3
251.531 156.317 268.934 21 11 9 45 1
251.531 156.317 268.934 22 11 9 45 1
251.531 156.317 268.934 23 11 9 45 1
235.506 107.363 135.586 24 11 9 358 2
235.506 107.363 135.586 25 11 9 358 2
235.506 107.363 135.586 26 11 9 358 2
235.506 107.363 135.586 27 11 9 358 2
235.506 107.363 135.586 28 11 9 358 2
235.506 107.363 135.586 29 11 9 358 2
209.722 86.591 134.171 30 11 9 390 4
320.164 63.032 329.240 1 12 9 379 3
320.164 63.032 329.240 2 12 9 379 3
320.164 63.032 329.240 3 12 9 379 3
320.164 63.032 329.240 4 12 9 379 3
320.164 63.032 329.240 5 12 9 379 3
320.164 63.032 329.240 6 12 9 379 3
320.164 63.032 329.240 7 12 9 379 3
320.164 63.032 329.240 8 12 9 379 3
320.164 63.032 329.240 9 12 9 379 3
320.164 63.032 329.240 10 12 9 379 3
320.164 63.032 329.240 11 12 9 379 3
320.164 63.032 329.240 12 12 9 379 3
320.164 63.032 329.240 13 12 9 379 3
320.164 63.032 329.240 14 12 9 379 3
320.164 63.032 329.240 15 12 9 379 3
320.164 63.032 329.240 16 12 9 379 3
320.164 63.032 329.240 17 12 9 379 3
320.164 63.032 329.240 18 12 9 379 3
320.164 63.032 329.240 19 12 9 379 3
320.164 63.032 329.240 20 12 9 379 3
251.531 156.317 268.934 21 12 9 45 1
251.531 156.317 268.934 22 12 9 45 1
251.531 156.317 268.934 23 12 9 45 1
235.506 107.363 135.586 24 12 9 358 2
235.506 107.363 135.586 25 12 9 358 2
235.506 107.363 135.586 26 12 9 358 2
235.506 107.363 135.586 27 12 9 358 2
235.506 107.363 135.586 28 12 9 358 2
235.506 107.363 135.586 29 12 9 358 2
209.722 86.591 134.171 30 12 9 390 4
320.164 63.032 329.240 1 13 9 379 3
320.164 63.032 329.240 2 13 9 379 3
320.164 63.032 329.240 3 13 9 379 3
320.164 63.032 329.240 4 13 9 379 3
320.164 63.032 329.240 5 13 9 379 3
320.164 63.032 329.240 6 13 9 379 3
320.164 63.032 329.240 7 13 9 379 3
320.164 63.032 329.240 8 13 9 379 3
320.164 63.032 329.240 9 13 9 379 3
320.164 63.032 329.240 10 13 9 379 3
320.164 63.032 329.240 11 13 9 379 3
320.164 63.032 329.240 12 13 9 379 3
320.164 63.032 329.240 13 13 9 379 3
320.164 63.032 329.240 14 13 9 379 3
351.596 105.711 233.925 15 13 9 377 2
351.596 105.711 233.925 16 13 9 377 2
291.877 68.096 348.999 17 13 9 150 1
320.164 63.032 329.240 18 13 9 379 3
320.164 63.032 329.240 19 13 9 379 3
320.164 63.032 329.240 20 13 9 379 3
251.531 156.317 268.934 21 13 9 45 1
251.531 156.317 268.934 22 13 9 45 1
306.809 55.520 337.954 23 13 9 239 1
306.809 55.520 337.954 24 13 9 239 1
235.506 107.363 135.586 25 13 9 358 2
235.506 107.363 135.586 26 13 9 358 2
235.506 107.363 135.586 27 13 9 358 2
235.506 107.363 135.586 28 13 9 358 2
235.506 107.363 135.586 29 13 9 358 2
209.722 86.591 134.171 30 13 9 390 4
320.164 63.032 329.240 1 14 9 379 3
320.164 63.032 329.240 2 14 9 379 3
320.164 63.032 329.240 3 14 9 379 3
320.164 63.032 329.240 4 14 9 379 3
320.164 63.032 329.240 5 14 9 379 3
320.164 63.032 329.240 6 14 9 379 3
320.164 63.032 329.240 7 14 9 379 3
320.164 63.032 329.240 8 14 9 379 3
320.164 63.032 329.240 9 14 9 379 3
320.164 63.032 329.240 10 14 9 379 3
320.164 63.032 329.240 11 14 9 379 3
320.164 63.032 329.240 12 14 9 379 3
320.164 63.032 329.240 13 14 9 379 3
351.596 105.711 233.925 14 14 9 377 2
351.596 105.711 233.925 15 14 9 377 2
351.596 105.711 233.925 16 14 9 377 2
351.596 105.711 233.925 17 14 9 377 2
351.596 105.711 233.925 18 14 9 377 2
351.596 105.711 233.925 19 14 9 377 2
312.558 78.930 253.781 20 14 9 324 2
312.558 78.930 253.781 21 14 9 324 2
312.558 78.930 253.781 22 14 9 324 2
17.649 40.822 309.477 23 14 9 350 2
17.649 40.822 309.477 24 14 9 350 2
17.649 40.822 309.477 25 14 9 350 2
17.649 40.822 309.477 26 14 9 350 2
235.506 107.363 135.586 27 14 9 358 2
139.088 76.760 211.381 28 14 9 382 4
139.088 76.760 211.381 29 14 9 382 4
139.088 76.760 211.381 30 14 9 382 4
320.164 63.032 329.240 1 15 9 379 3
320.164 63.032 329.240 2 15 9 379 3
320.164 63.032 329.240 3 15 9 379 3
320.164 63.032 329.240 4 15 9 379 3
320.164 63.032 329.240 5 15 9 379 3
320.164 63.032 329.240 6 15 9 379 3
320.164 63.032 329.240 7 15 9 379 3
320.164 63.032 329.240 8 15 9 379 3
320.164 63.032 329.240 9 15 9 379 3
320.164 63.032 329.240 10 15 9 379 3
320.164 63.032 329.240 11 15 9 379 3
320.164 63.032 329.240 12 15 9 379 3
320.164 63.032 329.240 13 15 9 379 3
351.596 105.711 233.925 14 15 9 377 2
351.596 105.711 233.925 15 15 9 377 2
351.596 105.711 233.925 16 15 9 377 2
351.596 105.711 233.925 17 15 9 377 2
351.596 105.711 233.925 18 15 9 377 2
351.596 105.711 233.925 19 15 9 377 2
312.558 78.930 253.781 20 15 9 324 2
312.558 78.930 253.781 21 15 9 324 2
312.558 78.930 253.781 22 15 9 324 2
17.649 40.822 309.477 23 15 9 350 2
17.649 40.822 309.477 24 15 9 350 2
17.649 40.822 309.477 25 15 9 350 2
17.649 40.822 309.477 26 15 9 350 2
139.088 76.760 211.381 27 15 9 382 4
139.088 76.760 211.381 28 15 9 382 4
139.088 76.760 211.381 29 15 9 382 4
139.088 76.760 211.381 30 15 9 382 4
320.164 63.032 329.240 1 16 9 379 3
320.164 63.032 329.240 2 16 9 379 3
320.164 63.032 329.240 3 16 9 379 3
320.164 63.032 329.240 4 16 9 379 3
320.164 63.032 329.240 5 16 9 379 3
320.164 63.032 329.240 6 16 9 379 3
320.164 63.032 329.240 7 16 9 379 3
320.164 63.032 329.240 8 16 9 379 3
320.164 63.032 329.240 9 16 9 379 3
320.164 63.032 329.240 10 16 9 379 3
320.164 63.032 329.240 11 16 9 379 3
320.164 63.032 329.240 12 16 9 379 3
320.164 63.032 329.240 13 16 9 379 3
351.596 105.711 233.925 14 16 9 377 2
351.596 105.711 233.925 15 16 9 377 2
351.596 105.711 233.925 16 16 9 377 2
351.596 105.711 233.925 17 16 9 377 2
351.596 105.711 233.925 18 16 9 377 2
351.596 105.711 233.925 19 16 9 377 2
200.350 75.359 315.543 20 16 9 30 1
312.558 78.930 253.781 21 16 9 324 2
17.649 40.822 309.477 22 16 9 350 2
17.649 40.822 309.477 23 16 9 350 2
17.649 40.822 309.477 24 16 9 350 2
17.649 40.822 309.477 25 16 9 350 2
17.649 40.822 309.477 26 16 9 350 2
139.088 76.760 211.381 27 16 9 382 4
139.088 76.760 211.381 28 16 9 382 4
139.088 76.760 211.381 29 16 9 382 4
139.088 76.760 211.381 30 16 9 382 4
320.164 63.032 329.240 1 17 9 379 3
320.164 63.032 329.240 2 17 9 379 3
320.164 63.032 329.240 3 17 9 379 3
320.164 63.032 329.240 4 17 9 379 3
320.164 63.032 329.240 5 17 9 379 3
320.164 63.032 329.240 6 17 9 379 3
320.164 63.032 329.240 7 17 9 379 3
287.027 24.941 348.276 8 17 9 391 4
287.027 24.941 348.276 9 17 9 391 4
287.027 24.941 348.276 10 17 9 391 4
287.027 24.941 348.276 11 17 9 391 4
287.027 24.941 348.276 12 17 9 391 4
287.027 24.941 348.276 13 17 9 391 4
287.027 24.941 348.276 14 17 9 391 4
351.596 105.711 233.925 15 17 9 377 2
351.596 105.711 233.925 16 17 9 377 2
351.596 105.711 233.925 17 17 9 377 2
351.596 105.711 233.925 18 17 9 377 2
200.350 75.359 315.543 19 17 9 30 1
200.350 75.359 315.543 20 17 9 30 1
200.350 75.359 315.543 21 17 9 30 1
200.350 75.359 315.543 22 17 9 30 1
219.371 143.378 348.814 23 17 9 406 1
17.649 40.822 309.477 24 17 9 350 2
17.649 40.822 309.477 25 17 9 350 2
17.649 40.822 309.477 26 17 9 350 2
139.088 76.760 211.381 27 17 9 382 4
139.088 76.760 211.381 28 17 9 382 4
139.088 76.760 211.381 29 17 9 382 4
139.088 76.760 211.381 30 17 9 382 4
320.164 63.032 329.240 1 18 9 379 3
320.164 63.032 329.240 2 18 9 379 3
320.164 63.032 329.240 3 18 9 379 3
320.164 63.032 329.240 4 18 9 379 3
320.164 63.032 329.240 5 18 9 379 3
320.164 63.032 329.240 6 18 9 379 3
320.164 63.032 329.240 7 18 9 379 3
287.027 24.941 348.276 8 18 9 391 4
287.027 24.941 348.276 9 18 9 391 4
128.609 119.860 225.661 10 18 9 207 1
287.027 24.941 348.276 11 18 9 391 4
287.027 24.941 348.276 12 18 9 391 4
287.027 24.941 348.276 13 18 9 391 4
287.027 24.941 348.276 14 18 9 391 4
194.253 51.371 75.087 15 18 9 386 4
173.966 66.037 71.843 16 18 9 383 4
173.966 66.037 71.843 17 18 9 383 4
173.966 66.037 71.843 18 18 9 383 4
200.350 75.359 315.543 19 18 9 30 1
200.350 75.359 315.543 20 18 9 30 1
200.350 75.359 315.543 21 18 9 30 1
200.350 75.359 315.543 22 18 9 30 1
219.371 143.378 348.814 23 18 9 406 1
17.649 40.822 309.477 24 18 9 350 2
17.649 40.822 309.477 25 18 9 350 2
17.649 40.822 309.477 26 18 9 350 2
139.088 76.760 211.381 27 18 9 382 4
220.213 141.740 50.536 28 18 9 201 1
139.088 76.760 211.381 29 18 9 382 4
139.088 76.760 211.381 30 18 9 382 4
320.164 63.032 329.240 1 19 9 379 3
320.164 63.032 329.240 2 19 9 379 3
320.164 63.032 329.240 3 19 9 379 3
320.164 63.032 329.240 4 19 9 379 3
320.164 63.032 329.240 5 19 9 379 3
320.164 63.032 329.240 6 19 9 379 3
287.027 24.941 348.276 7 19 9 391 4
287.027 24.941 348.276 8 19 9 391 4
287.027 24.941 348.276 9 19 9 391 4
287.027 24.941 348.276 10 19 9 391 4
287.027 24.941 348.276 11 19 9 391 4
287.027 24.941 348.276 12 19 9 391 4
287.027 24.941 348.276 13 19 9 391 4
287.027 24.941 348.276 14 19 9 391 4
173.966 66.037 71.843 15 19 9 383 4
173.966 66.037 71.843 16 19 9 383 4
173.966 66.037 71.843 17 19 9 383 4
173.966 66.037 71.843 18 19 9 383 4
200.350 75.359 315.543 19 19 9 30 1
200.350 75.359 315.543 20 19 9 30 1
200.350 75.359 315.543 21 19 9 30 1
146.682 13.728 123.741 22 19 9 333 2
146.682 13.728 123.741 23 19 9 333 2
146.682 13.728 123.741 24 19 9 333 2
17.649 40.822 309.477 25 19 9 350 2
97.423 110.710 24.075 26 19 9 170 1
139.088 76.760 211.381 27 19 9 382 4
139.088 76.760 211.381 28 19 9 382 4
139.088 76.760 211.381 29 19 9 382 4
311.371 72.815 85.686 30 19 9 392 4
320.164 63.032 329.240 1 20 9 379 3
320.164 63.032 329.240 2 20 9 379 3
320.164 63.032 329.240 3 20 9 379 3
320.164 63.032 329.240 4 20 9 379 3
320.164 63.032 329.240 5 20 9 379 3
320.164 63.032 329.240 6 20 9 379 3
287.027 24.941 348.276 7 20 9 391 4
287.027 24.941 348.276 8 20 9 391 4
287.027 24.941 348.276 9 20 9 391 4
287.027 24.941 348.276 10 20 9 391 4
287.027 24.941 348.276 11 20 9 391 4
287.027 24.941 348.276 12 20 9 391 4
287.027 24.941 348.276 13 20 9 391 4
173.966 66.037 71.843 14 20 9 383 4
173.966 66.037 71.843 15 20 9 383 4
173.966 66.037 71.843 16 20 9 383 4
173.966 66.037 71.843 17 20 9 383 4
173.966 66.037 71.843 18 20 9 383 4
173.966 66.037 71.843 19 20 9 383 4
200.350 75.359 315.543 20 20 9 30 1
146.682 13.728 123.741 21 20 9 333 2
146.682 13.728 123.741 22 20 9 333 2
146.682 13.728 123.741 23 20 9 333 2
146.682 13.728 123.741 24 20 9 333 2
146.682 13.728 123.741 25 20 9 333 2
146.682 13.728 123.741 26 20 9 333 2
311.371 72.815 85.686 27 20 9 392 4
311.371 72.815 85.686 28 20 9 392 4
311.371 72.815 85.686 29 20 9 392 4
311.371 72.815 85.686 30 20 9 392 4
320.164 63.032 329.240 1 21 9 379 3
20.098 120.974 47.951 2 21 9 381 4
20.098 120.974 47.951 3 21 9 381 4
20.098 120.974 47.951 4 21 9 381 4
20.098 120.974 47.951 5 21 9 381 4
20.098 120.974 47.951 6 21 9 381 4
2.042 34.619 215.546 7 21 9 370 2
2.042 34.619 215.546 8 21 9 370 2
287.027 24.941 348.276 9 21 9 391 4
287.027 24.941 348.276 10 21 9 391 4
287.027 24.941 348.276 11 21 9 391 4
287.027 24.941 348.276 12 21 9 391 4
287.027 24.941 348.276 13 21 9 391 4
173.966 66.037 71.843 14 21 9 383 4
173.966 66.037 71.843 15 21 9 383 4
173.966 66.037 71.843 16 21 9 383 4
173.966 66.037 71.843 17 21 9 383 4
173.966 66.037 71.843 18 21 9 383 4
173.966 66.037 71.843 19 21 9 383 4
173.966 66.037 71.843 20 21 9 383 4
146.682 13.728 123.741 21 21 9 333 2
146.682 13.728 123.741 22 21 9 333 2
146.682 13.728 123.741 23 21 9 333 2
146.682 13.728 123.741 24 21 9 333 2
146.682 13.728 123.741 25 21 9 333 2
146.682 13.728 123.741 26 21 9 333 2
311.371 72.815 85.686 27 21 9 392 4
311.371 72.815 85.686 28 21 9 392 4
311.371 72.815 85.686 29 21 9 392 4
311.371 72.815 85.686 30 21 9 392 4
20.098 120.974 47.951 1 22 9 381 4
20.098 120.974 47.951 2 22 9 381 4
20.098 120.974 47.951 3 22 9 381 4
20.098 120.974 47.951 4 22 9 381 4
20.098 120.974 47.951 5 22 9 381 4
20.098 120.974 47.951 6 22 9 381 4
2.042 34.619 215.546 7 22 9 370 2
2.042 34.619 215.546 8 22 9 370 2
2.042 34.619 215.546 9 22 9 370 2
287.027 24.941 348.276 10 22 9 391 4
287.027 24.941 348.276 11 22 9 391 4
287.027 24.941 348.276 12 22 9 391 4
287.027 24.941 348.276 13 22 9 391 4
173.966 66.037 71.843 14 22 9 383 4
173.966 66.037 71.843 15 22 9 383 4
173.966 66.037 71.843 16 22 9 383 4
173.966 66.037 71.843 17 22 9 383 4
173.966 66.037 71.843 18 22 9 383 4
173.966 66.037 71.843 19 22 9 383 4
173.966 66.037 71.843 20 22 9 383 4
146.682 13.728 123.741 21 22 9 333 2
146.682 13.728 123.741 22 22 9 333 2
146.682 13.728 123.741 23 22 9 333 2
146.682 13.728 123.741 24 22 9 333 2
146.682 13.728 123.741 25 22 9 333 2
146.682 13.728 123.741 26 22 9 333 2
311.371 72.815 85.686 27 22 9 392 4
311.371 72.815 85.686 28 22 9 392 4
311.371 72.815 85.686 29 22 9 392 4
311.371 72.815 85.686 30 22 9 392 4
20.098 120.974 47.951 1 23 9 381 4
20.098 120.974 47.951 2 23 9 381 4
20.098 120.974 47.951 3 23 9 381 4
20.098 120.974 47.951 4 23 9 381 4
20.098 120.974 47.951 5 23 9 381 4
20.098 120.974 47.951 6 23 9 381 4
20.098 120.974 47.951 7 23 9 381 4
20.098 120.974 47.951 8 23 9 381 4
20.098 120.974 47.951 9 23 9 381 4
287.027 24.941 348.276 10 23 9 391 4
287.027 24.941 348.276 11 23 9 391 4
287.027 24.941 348.276 12 23 9 391 4
287.027 24.941 348.276 13 23 9 391 4
173.966 66.037 71.843 14 23 9 383 4
292.630 115.771 173.995 15 23 9 141 1
292.630 115.771 173.995 16 23 9 141 1
173.966 66.037 71.843 17 23 9 383 4
173.966 66.037 71.843 18 23 9 383 4
173.966 66.037 71.843 19 23 9 383 4
146.682 13.728 123.741 20 23 9 333 2
146.682 13.728 123.741 21 23 9 333 2
146.682 13.728 123.741 22 23 9 333 2
146.682 13.728 123.741 23 23 9 333 2
146.682 13.728 123.741 24 23 9 333 2
146.682 13.728 123.741 25 23 9 333 2
146.682 13.728 123.741 26 23 9 333 2
311.371 72.815 85.686 27 23 9 392 4
311.371 72.815 85.686 28 23 9 392 4
311.371 72.815 85.686 29 23 9 392 4
311.371 72.815 85.686 30 23 9 392 4
20.098 120.974 47.951 1 24 9 381 4
20.098 120.974 47.951 2 24 9 381 4
20.098 120.974 47.951 3 24 9 381 4
20.098 120.974 47.951 4 24 9 381 4
20.098 120.974 47.951 5 24 9 381 4
20.098 120.974 47.951 6 24 9 381 4
20.098 120.974 47.951 7 24 9 381 4
20.098 120.974 47.951 8 24 9 381 4
20.098 120.974 47.951 9 24 9 381 4
287.027 24.941 348.276 10 24 9 391 4
287.027 24.941 348.276 11 24 9 391 4
287.027 24.941 348.276 12 24 9 391 4
287.027 24.941 348.276 13 24 9 391 4
287.027 24.941 348.276 14 24 9 391 4
287.027 24.941 348.276 15 24 9 391 4
173.966 66.037 71.843 16 24 9 383 4
173.966 66.037 71.843 17 24 9 383 4
173.966 66.037 71.843 18 24 9 383 4
8.794 158.609 83.652 19 24 9 223 1
146.682 13.728 123.741 20 24 9 333 2
146.682 13.728 123.741 21 24 9 333 2
146.682 13.728 123.741 22 24 9 333 2
146.682 13.728 123.741 23 24 9 333 2
146.682 13.728 123.741 24 24 9 333 2
146.682 13.728 123.741 25 24 9 333 2
146.682 13.728 123.741 26 24 9 333 2
311.371 72.815 85.686 27 24 9 392 4
311.371 72.815 85.686 28 24 9 392 4
311.371 72.815 85.686 29 24 9 392 4
311.371 72.815 85.686 30 24 9 392 4
20.098 120.974 47.951 1 25 9 381 4
20.098 120.974 47.951 2 25 9 381 4
20.098 120.974 47.951 3 25 9 381 4
20.098 120.974 47.951 4 25 9 381 4
20.098 120.974 47.951 5 25 9 381 4
20.098 120.974 47.951 6 25 9 381 4
20.098 120.974 47.951 7 25 9 381 4
20.098 120.974 47.951 8 25 9 381 4
20.098 120.974 47.951 9 25 9 381 4
20.098 120.974 47.951 10 25 9 381 4
287.027 24.941 348.276 11 25 9 391 4
301.381 31.710 356.117 12 25 9 361 2
301.381 31.710 356.117 13 25 9 361 2
287.027 24.941 348.276 14 25 9 391 4
287.027 24.941 348.276 15 25 9 391 4
287.027 24.941 348.276 16 25 9 391 4
8.794 158.609 83.652 17 25 9 223 1
8.794 158.609 83.652 18 25 9 223 1
8.794 158.609 83.652 19 25 9 223 1
146.682 13.728 123.741 20 25 9 333 2
146.682 13.728 123.741 21 25 9 333 2
146.682 13.728 123.741 22 25 9 333 2
146.682 13.728 123.741 23 25 9 333 2
146.682 13.728 123.741 24 25 9 333 2
146.682 13.728 123.741 25 25 9 333 2
146.682 13.728 123.741 26 25 9 333 2
83.582 44.305 322.479 27 25 9 294 1
311.371 72.815 85.686 28 25 9 392 4
311.371 72.815 85.686 29 25 9 392 4
311.371 72.815 85.686 30 25 9 392 4
20.098 120.974 47.951 1 26 9 381 4
20.098 120.974 47.951 2 26 9 381 4
20.098 120.974 47.951 3 26 9 381 4
20.098 120.974 47.951 4 26 9 381 4
20.098 120.974 47.951 5 26 9 381 4
20.098 120.974 47.951 6 26 9 381 4
20.098 120.974 47.951 7 26 9 381 4
20.098 120.974 47.951 8 26 9 381 4
20.098 120.974 47.951 9 26 9 381 4
20.098 120.974 47.951 10 26 9 381 4
301.381 31.710 356.117 11 26 9 361 2
301.381 31.710 356.117 12 26 9 361 2
301.381 31.710 356.117 13 26 9 361 2
301.381 31.710 356.117 14 26 9 361 2
301.381 31.710 356.117 15 26 9 361 2
325.367 117.429 313.192 16 26 9 55 1
8.794 158.609 83.652 17 26 9 223 1
8.794 158.609 83.652 18 26 9 223 1
8.794 158.609 83.652 19 26 9 223 1
8.794 158.609 83.652 20 26 9 223 1
146.682 13.728 123.741 21 26 9 333 2
146.682 13.728 123.741 22 26 9 333 2
146.682 13.728 123.741 23 26 9 333 2
146.682 13.728 123.741 24 26 9 333 2
146.682 13.728 123.741 25 26 9 333 2
146.682 13.728 123.741 26 26 9 333 2
83.582 44.305 322.479 27 26 9 294 1
40.595 65.261 270.393 28 26 9 210 1
40.595 65.261 270.393 29 26 9 210 1
40.595 65.261 270.393 30 26 9 210 1
20.098 120.974 47.951 1 27 9 381 4
20.098 120.974 47.951 2 27 9 381 4
20.098 120.974 47.951 3 27 9 381 4
20.098 120.974 47.951 4 27 9 381 4
20.098 120.974 47.951 5 27 9 381 4
20.098 120.974 47.951 6 27 9 381 4
20.098 120.974 47.951 7 27 9 381 4
20.098 120.974 47.951 8 27 9 381 4
20.098 120.974 47.951 9 27 9 381 4
20.098 120.974 47.951 10 27 9 381 4
301.381 31.710 356.117 11 27 9 361 2
301.381 31.710 356.117 12 27 9 361 2
301.381 31.710 356.117 13 27 9 361 2
301.381 31.710 356.117 14 27 9 361 2
301.381 31.710 356.117 15 27 9 361 2
301.381 31.710 356.117 16 27 9 361 2
8.794 158.609 83.652 17 27 9 223 1
8.794 158.609 83.652 18 27 9 223 1
8.794 158.609 83.652 19 27 9 223 1
8.794 158.609 83.652 20 27 9 223 1
146.682 13.728 123.741 21 27 9 333 2
146.682 13.728 123.741 22 27 9 333 2
146.682 13.728 123.741 23 27 9 333 2
45.207 80.480 321.446 24 27 9 435 2
45.207 80.480 321.446 25 27 9 435 2
45.207 80.480 321.446 26 27 9 435 2
45.207 80.480 321.446 27 27 9 435 2
45.207 80.480 321.446 28 27 9 435 2
40.595 65.261 270.393 29 27 9 210 1
40.595 65.261 270.393 30 27 9 210 1
20.098 120.974 47.951 1 28 9 381 4
20.098 120.974 47.951 2 28 9 381 4
20.098 120.974 47.951 3 28 9 381 4
20.098 120.974 47.951 4 28 9 381 4
20.098 120.974 47.951 5 28 9 381 4
20.098 120.974 47.951 6 28 9 381 4
20.098 120.974 47.951 7 28 9 381 4
20.098 120.974 47.951 8 28 9 381 4
20.098 120.974 47.951 9 28 9 381 4
20.098 120.974 47.951 10 28 9 381 4
301.381 31.710 356.117 11 28 9 361 2
227.805 31.535 140.731 12 28 9 206 1
227.805 31.535 140.731 13 28 9 206 1
301.381 31.710 356.117 14 28 9 361 2
88.247 57.342 124.192 15 28 9 135 1
38.834 80.036 114.265 16 28 9 92 1
349.930 109.854 150.208 17 28 9 410 1
8.794 158.609 83.652 18 28 9 223 1
8.794 158.609 83.652 19 28 9 223 1
8.794 158.609 83.652 20 28 9 223 1
146.682 13.728 123.741 21 28 9 333 2
146.682 13.728 123.741 22 28 9 333 2
45.207 80.480 321.446 23 28 9 435 2
45.207 80.480 321.446 24 28 9 435 2
45.207 80.480 321.446 25 28 9 435 2
45.207 80.480 321.446 26 28 9 435 2
45.207 80.480 321.446 27 28 9 435 2
45.207 80.480 321.446 28 28 9 435 2
40.595 65.261 270.393 29 28 9 210 1
40.595 65.261 270.393 30 28 9 210 1
20.098 120.974 47.951 1 29 9 381 4
20.098 120.974 47.951 2 29 9 381 4
20.098 120.974 47.951 3 29 9 381 4
20.098 120.974 47.951 4 29 9 381 4
20.098 120.974 47.951 5 29 9 381 4
20.098 120.974 47.951 6 29 9 381 4
20.098 120.974 47.951 7 29 9 381 4
20.098 120.974 47.951 8 29 9 381 4
20.098 120.974 47.951 9 29 9 381 4
20.098 120.974 47.951 10 29 9 381 4
208.521 83.845 154.072 11 29 9 363 2
227.805 31.535 140.731 12 29 9 206 1
208.521 83.845 154.072 13 29 9 363 2
208.521 83.845 154.072 14 29 9 363 2
88.247 57.342 124.192 15 29 9 135 1
88.247 57.342 124.192 16 29 9 135 1
88.247 57.342 124.192 17 29 9 135 1
88.247 57.342 124.192 18 29 9 135 1
218.432 124.650 253.235 19 29 9 231 1
218.432 124.650 253.235 20 29 9 231 1
146.682 13.728 123.741 21 29 9 333 2
45.207 80.480 321.446 22 29 9 435 2
45.207 80.480 321.446 23 29 9 435 2
45.207 80.480 321.446 24 29 9 435 2
45.207 80.480 321.446 25 29 9 435 2
45.207 80.480 321.446 26 29 9 435 2
45.207 80.480 321.446 27 29 9 435 2
45.207 80.480 321.446 28 29 9 435 2
40.595 65.261 270.393 29 29 9 210 1
40.595 65.261 270.393 30 29 9 210 1
20.098 120.974 47.951 1 30 9 381 4
20.098 120.974 47.951 2 30 9 381 4
20.098 120.974 47.951 3 30 9 381 4
20.098 120.974 47.951 4 30 9 381 4
20.098 120.974 47.951 5 30 9 381 4
20.098 120.974 47.951 6 30 9 381 4
20.098 120.974 47.951 7 30 9 381 4
20.098 120.974 47.951 8 30 9 381 4
20.098 120.974 47.951 9 30 9 381 4
208.521 83.845 154.072 10 30 9 363 2
208.521 83.845 154.072 11 30 9 363 2
208.521 83.845 154.072 12 30 9 363 2
208.521 83.845 154.072 13 30 9 363 2
208.521 83.845 154.072 14 30 9 363 2
207.002 112.466 349.109 15 30 9 405 1
207.002 112.466 349.109 16 30 9 405 1
207.002 112.466 349.109 17 30 9 405 1
207.002 112.466 349.109 18 30 9 405 1
218.432 124.650 253.235 19 30 9 231 1
218.432 124.650 253.235 20 30 9 231 1
146.682 13.728 123.741 21 30 9 333 2
146.682 13.728 123.741 22 30 9 333 2
45.207 80.480 321.446 23 30 9 435 2
45.207 80.480 321.446 24 30 9 435 2
45.207 80.480 321.446 25 30 9 435 2
45.207 80.480 321.446 26 30 9 435 2
45.207 80.480 321.446 27 30 9 435 2
45.207 80.480 321.446 28 30 9 435 2
48.007 143.976 260.002 29 30 9 138 1
48.007 143.976 260.002 30 30 9 138 1
