320.164 63.032 329.240 1 1 14 379 3
320.164 63.032 329.240 2 1 14 379 3
320.164 63.032 329.240 3 1 14 379 3
320.164 63.032 329.240 4 1 14 379 3
320.164 63.032 329.240 5 1 14 379 3
320.164 63.032 329.240 6 1 14 379 3
320.164 63.032 329.240 7 1 14 379 3
320.164 63.032 329.240 8 1 14 379 3
320.164 63.032 329.240 9 1 14 379 3
320.164 63.032 329.240 10 1 14 379 3
320.164 63.032 329.240 11 1 14 379 3
320.164 63.032 329.240 12 1 14 379 3
320.164 63.032 329.240 13 1 14 379 3
320.164 63.032 329.240 14 1 14 379 3
320.164 63.032 329.240 15 1 14 379 3
320.164 63.032 329.240 16 1 14 379 3
320.164 63.032 329.240 17 1 14 379 3
320.164 63.032 329.240 18 1 14 379 3
320.164 63.032 329.240 19 1 14 379 3
320.164 63.032 329.240 20 1 14 379 3
320.164 63.032 329.240 21 1 14 379 3
320.164 63.032 329.240 22 1 14 379 3
320.164 63.032 329.240 23 1 14 379 3
320.164 63.032 329.240 24 1 14 379 3
320.164 63.032 329.240 25 1 14 379 3
209.722 86.591 134.171 26 1 14 390 4
209.722 86.591 134.171 27 1 14 390 4
209.722 86.591 134.171 28 1 14 390 4
209.722 86.591 134.171 29 1 14 390 4
209.722 86.591 134.171 30 1 14 390 4
320.164 63.032 329.240 1 2 14 379 3
320.164 63.032 329.240 2 2 14 379 3
320.164 63.032 329.240 3 2 14 379 3
320.164 63.032 329.240 4 2 14 379 3
320.164 63.032 329.240 5 2 14 379 3
320.164 63.032 329.240 6 2 14 379 3
320.164 63.032 329.240 7 2 14 379 3
3.805 92.057 304.474 8 2 14 134 1
320.164 63.032 329.240 9 2 14 379 3
320.164 63.032 329.240 10 2 14 379 3
320.164 63.032 329.240 11 2 14 379 3
320.164 63.032 329.240 12 2 14 379 3
320.164 63.032 329.240 13 2 14 379 3
320.164 63.032 329.240 14 2 14 379 3
320.164 63.032 329.240 15 2 14 379 3
320.164 63.032 329.240 16 2 14 379 3
320.164 63.032 329.240 17 2 14 379 3
320.164 63.032 329.240 18 2 14 379 3
320.164 63.032 329.240 19 2 14 379 3
320.164 63.032 329.240 20 2 14 379 3
320.164 63.032 329.240 21 2 14 379 3
320.164 63.032 329.240 22 2 14 379 3
320.164 63.032 329.240 23 2 14 379 3
320.164 63.032 329.240 24 2 14 379 3
209.722 86.591 134.171 25 2 14 390 4
209.722 86.591 134.171 26 2 14 390 4
209.722 86.591 134.171 27 2 14 390 4
209.722 86.591 134.171 28 2 14 390 4
209.722 86.591 134.171 29 2 14 390 4
209.722 86.591 134.171 30 2 14 390 4
320.164 63.032 329.240 1 3 14 379 3
320.164 63.032 329.240 2 3 14 379 3
320.164 63.032 329.240 3 3 14 379 3
320.164 63.032 329.240 4 3 14 379 3
320.164 63.032 329.240 5 3 14 379 3
320.164 63.032 329.240 6 3 14 379 3
320.164 63.032 329.240 7 3 14 379 3
320.164 63.032 329.240 8 3 14 379 3
320.164 63.032 329.240 9 3 14 379 3
320.164 63.032 329.240 10 3 14 379 3
320.164 63.032 329.240 11 3 14 379 3
320.164 63.032 329.240 12 3 14 379 3
320.164 63.032 329.240 13 3 14 379 3
320.164 63.032 329.240 14 3 14 379 3
320.164 63.032 329.240 15 3 14 379 3
320.164 63.032 329.240 16 3 14 379 3
320.164 63.032 329.240 17 3 14 379 3
320.164 63.032 329.240 18 3 14 379 3
320.164 63.032 329.240 19 3 14 379 3
320.164 63.032 329.240 20 3 14 379 3
320.164 63.032 329.240 21 3 14 379 3
320.164 63.032 329.240 22 3 14 379 3
320.164 63.032 329.240 23 3 14 379 3
209.722 86.591 134.171 24 3 14 390 4
209.722 86.591 134.171 25 3 14 390 4
209.722 86.591 134.171 26 3 14 390 4
209.722 86.591 134.171 27 3 14 390 4
209.722 86.591 134.171 28 3 14 390 4
209.722 86.591 134.171 29 3 14 390 4
209.722 86.591 134.171 30 3 14 390 4
320.164 63.032 329.240 1 4 14 379 3
320.164 63.032 329.240 2 4 14 379 3
320.164 63.032 329.240 3 4 14 379 3
320.164 63.032 329.240 4 4 14 379 3
320.164 63.032 329.240 5 4 14 379 3
320.164 63.032 329.240 6 4 14 379 3
320.164 63.032 329.240 7 4 14 379 3
320.164 63.032 329.240 8 4 14 379 3
320.164 63.032 329.240 9 4 14 379 3
320.164 63.032 329.240 10 4 14 379 3
320.164 63.032 329.240 11 4 14 379 3
320.164 63.032 329.240 12 4 14 379 3
320.164 63.032 329.240 13 4 14 379 3
320.164 63.032 329.240 14 4 14 379 3
320.164 63.032 329.240 15 4 14 379 3
234.300 46.743 270.120 16 4 14 129 1
320.164 63.032 329.240 17 4 14 379 3
103.796 84.270 227.927 18 4 14 25 1
320.164 63.032 329.240 19 4 14 379 3
320.164 63.032 329.240 20 4 14 379 3
320.164 63.032 329.240 21 4 14 379 3
320.164 63.032 329.240 22 4 14 379 3
320.164 63.032 329.240 23 4 14 379 3
209.722 86.591 134.171 24 4 14 390 4
209.722 86.591 134.171 25 4 14 390 4
209.722 86.591 134.171 26 4 14 390 4
209.722 86.591 134.171 27 4 14 390 4
209.722 86.591 134.171 28 4 14 390 4
209.722 86.591 134.171 29 4 14 390 4
209.722 86.591 134.171 30 4 14 390 4
320.164 63.032 329.240 1 5 14 379 3
320.164 63.032 329.240 2 5 14 379 3
320.164 63.032 329.240 3 5 14 379 3
320.164 63.032 329.240 4 5 14 379 3
320.164 63.032 329.240 5 5 14 379 3
320.164 63.032 329.240 6 5 14 379 3
320.164 63.032 329.240 7 5 14 379 3
320.164 63.032 329.240 8 5 14 379 3
320.164 63.032 329.240 9 5 14 379 3
320.164 63.032 329.240 10 5 14 379 3
320.164 63.032 329.240 11 5 14 379 3
320.164 63.032 329.240 12 5 14 379 3
320.164 63.032 329.240 13 5 14 379 3
320.164 63.032 329.240 14 5 14 379 3
320.164 63.032 329.240 15 5 14 379 3
320.164 63.032 329.240 16 5 14 379 3
320.164 63.032 329.240 17 5 14 379 3
320.164 63.032 329.240 18 5 14 379 3
320.164 63.032 329.240 19 5 14 379 3
320.164 63.032 329.240 20 5 14 379 3
320.164 63.032 329.240 21 5 14 379 3
320.164 63.032 329.240 22 5 14 379 3
209.722 86.591 134.171 23 5 14 390 4
209.722 86.591 134.171 24 5 14 390 4
209.722 86.591 134.171 25 5 14 390 4
209.722 86.591 134.171 26 5 14 390 4
209.722 86.591 134.171 27 5 14 390 4
209.722 86.591 134.171 28 5 14 390 4
209.722 86.591 134.171 29 5 14 390 4
209.722 86.591 134.171 30 5 14 390 4
320.164 63.032 329.240 1 6 14 379 3
320.164 63.032 329.240 2 6 14 379 3
320.164 63.032 329.240 3 6 14 379 3
320.164 63.032 329.240 4 6 14 379 3
320.164 63.032 329.240 5 6 14 379 3
320.164 63.032 329.240 6 6 14 379 3
320.164 63.032 329.240 7 6 14 379 3
320.164 63.032 329.240 8 6 14 379 3
320.164 63.032 329.240 9 6 14 379 3
320.164 63.032 329.240 10 6 14 379 3
320.164 63.032 329.240 11 6 14 379 3
320.164 63.032 329.240 12 6 14 379 3
320.164 63.032 329.240 13 6 14 379 3
320.164 63.032 329.240 14 6 14 379 3
320.164 63.032 329.240 15 6 14 379 3
320.164 63.032 329.240 16 6 14 379 3
320.164 63.032 329.240 17 6 14 379 3
320.164 63.032 329.240 18 6 14 379 3
320.164 63.032 329.240 19 6 14 379 3
320.164 63.032 329.240 20 6 14 379 3
320.164 63.032 329.240 21 6 14 379 3
320.164 63.032 329.240 22 6 14 379 3
209.722 86.591 134.171 23 6 14 390 4
209.722 86.591 134.171 24 6 14 390 4
209.722 86.591 134.171 25 6 14 390 4
209.722 86.591 134.171 26 6 14 390 4
209.722 86.591 134.171 27 6 14 390 4
209.722 86.591 134.171 28 6 14 390 4
209.722 86.591 134.171 29 6 14 390 4
209.722 86.591 134.171 30 6 14 390 4
320.164 63.032 329.240 1 7 14 379 3
320.164 63.032 329.240 2 7 14 379 3
320.164 63.032 329.240 3 7 14 379 3
320.164 63.032 329.240 4 7 14 379 3
320.164 63.032 329.240 5 7 14 379 3
320.164 63.032 329.240 6 7 14 379 3
320.164 63.032 329.240 7 7 14 379 3
320.164 63.032 329.240 8 7 14 379 3
320.164 63.032 329.240 9 7 14 379 3
320.164 63.032 329.240 10 7 14 379 3
320.164 63.032 329.240 11 7 14 379 3
320.164 63.032 329.240 12 7 14 379 3
320.164 63.032 329.240 13 7 14 379 3
320.164 63.032 329.240 14 7 14 379 3
320.164 63.032 329.240 15 7 14 379 3
320.164 63.032 329.240 16 7 14 379 3
320.164 63.032 329.240 17 7 14 379 3
320.164 63.032 329.240 18 7 14 379 3
320.164 63.032 329.240 19 7 14 379 3
320.164 63.032 329.240 20 7 14 379 3
320.164 63.032 329.240 21 7 14 379 3
320.164 63.032 329.240 22 7 14 379 3
209.722 86.591 134.171 23 7 14 390 4
209.722 86.591 134.171 24 7 14 390 4
209.722 86.591 134.171 25 7 14 390 4
209.722 86.591 134.171 26 7 14 390 4
209.722 86.591 134.171 27 7 14 390 4
209.722 86.591 134.171 28 7 14 390 4
209.722 86.591 134.171 29 7 14 390 4
209.722 86.591 134.171 30 7 14 390 4
320.164 63.032 329.240 1 8 14 379 3
320.164 63.032 329.240 2 8 14 379 3
320.164 63.032 329.240 3 8 14 379 3
320.164 63.032 329.240 4 8 14 379 3
320.164 63.032 329.240 5 8 14 379 3
291.605 69.328 168.542 6 8 14 354 2
320.164 63.032 329.240 7 8 14 379 3
320.164 63.032 329.240 8 8 14 379 3
320.164 63.032 329.240 9 8 14 379 3
320.164 63.032 329.240 10 8 14 379 3
320.164 63.032 329.240 11 8 14 379 3
320.164 63.032 329.240 12 8 14 379 3
320.164 63.032 329.240 13 8 14 379 3
320.164 63.032 329.240 14 8 14 379 3
320.164 63.032 329.240 15 8 14 379 3
320.164 63.032 329.240 16 8 14 379 3
320.164 63.032 329.240 17 8 14 379 3
320.164 63.032 329.240 18 8 14 379 3
320.164 63.032 329.240 19 8 14 379 3
320.164 63.032 329.240 20 8 14 379 3
320.164 63.032 329.240 21 8 14 379 3
209.722 86.591 134.171 22 8 14 390 4
209.722 86.591 134.171 23 8 14 390 4
209.722 86.591 134.171 24 8 14 390 4
209.722 86.591 134.171 25 8 14 390 4
209.722 86.591 134.171 26 8 14 390 4
209.722 86.591 134.171 27 8 14 390 4
209.722 86.591 134.171 28 8 14 390 4
209.722 86.591 134.171 29 8 14 390 4
209.722 86.591 134.171 30 8 14 390 4
320.164 63.032 329.240 1 9 14 379 3
320.164 63.032 329.240 2 9 14 379 3
320.164 63.032 329.240 3 9 14 379 3
320.164 63.032 329.240 4 9 14 379 3
320.164 63.032 329.240 5 9 14 379 3
320.164 63.032 329.240 6 9 14 379 3
320.164 63.032 329.240 7 9 14 379 3
320.164 63.032 329.240 8 9 14 379 3
320.164 63.032 329.240 9 9 14 379 3
320.164 63.032 329.240 10 9 14 379 3
320.164 63.032 329.240 11 9 14 379 3
320.164 63.032 329.240 12 9 14 379 3
320.164 63.032 329.240 13 9 14 379 3
320.164 63.032 329.240 14 9 14 379 3
320.164 63.032 329.240 15 9 14 379 3
320.164 63.032 329.240 16 9 14 379 3
320.164 63.032 329.240 17 9 14 379 3
320.164 63.032 329.240 18 9 14 379 3
320.164 63.032 329.240 19 9 14 379 3
320.164 63.032 329.240 20 9 14 379 3
320.164 63.032 329.240 21 9 14 379 3
209.722 86.591 134.171 22 9 14 390 4
209.722 86.591 134.171 23 9 14 390 4
209.722 86.591 134.171 24 9 14 390 4
209.722 86.591 134.171 25 9 14 390 4
209.722 86.591 134.171 26 9 14 390 4
209.722 86.591 134.171 27 9 14 390 4
209.722 86.591 134.171 28 9 14 390 4
209.722 86.591 134.171 29 9 14 390 4
209.722 86.591 134.171 30 9 14 390 4
320.164 63.032 329.240 1 10 14 379 3
320.164 63.032 329.240 2 10 14 379 3
320.164 63.032 329.240 3 10 14 379 3
320.164 63.032 329.240 4 10 14 379 3
320.164 63.032 329.240 5 10 14 379 3
320.164 63.032 329.240 6 10 14 379 3
320.164 63.032 329.240 7 10 14 379 3
343.134 25.511 322.680 8 10 14 91 1
320.164 63.032 329.240 9 10 14 379 3
320.164 63.032 329.240 10 10 14 379 3
320.164 63.032 329.240 11 10 14 379 3
320.164 63.032 329.240 12 10 14 379 3
320.164 63.032 329.240 13 10 14 379 3
320.164 63.032 329.240 14 10 14 379 3
320.164 63.032 329.240 15 10 14 379 3
320.164 63.032 329.240 16 10 14 379 3
320.164 63.032 329.240 17 10 14 379 3
320.164 63.032 329.240 18 10 14 379 3
320.164 63.032 329.240 19 10 14 379 3
320.164 63.032 329.240 20 10 14 379 3
214.279 116.834 225.359 21 10 14 122 1
214.279 116.834 225.359 22 10 14 122 1
214.279 116.834 225.359 23 10 14 122 1
209.722 86.591 134.171 24 10 14 390 4
209.722 86.591 134.171 25 10 14 390 4
209.722 86.591 134.171 26 10 14 390 4
209.722 86.591 134.171 27 10 14 390 4
209.722 86.591 134.171 28 10 14 390 4
209.722 86.591 134.171 29 10 14 390 4
209.722 86.591 134.171 30 10 14 390 4
320.164 63.032 329.240 1 11 14 379 3
320.164 63.032 329.240 2 11 14 379 3
320.164 63.032 329.240 3 11 14 379 3
251.336 44.153 246.364 4 11 14 31 1
320.164 63.032 329.240 5 11 14 379 3
320.164 63.032 329.240 6 11 14 379 3
320.164 63.032 329.240 7 11 14 379 3
320.164 63.032 329.240 8 11 14 379 3
320.164 63.032 329.240 9 11 14 379 3
320.164 63.032 329.240 10 11 14 379 3
320.164 63.032 329.240 11 11 14 379 3
320.164 63.032 329.240 12 11 14 379 3
320.164 63.032 329.240 13 11 14 379 3
320.164 63.032 329.240 14 11 14 379 3
320.164 63.032 329.240 15 11 14 379 3
320.164 63.032 329.240 16 11 14 379 3
320.164 63.032 329.240 17 11 14 379 3
320.164 63.032 329.240 18 11 14 379 3
320.164 63.032 329.240 19 11 14 379 3
214.279 116.834 225.359 20 11 14 122 1
214.279 116.834 225.359 21 11 14 122 1
214.279 116.834 225.359 22 11 14 122 1
214.279 116.834 225.359 23 11 14 122 1
214.279 116.834 225.359 24 11 14 122 1
209.722 86.591 134.171 25 11 14 390 4
209.722 86.591 134.171 26 11 14 390 4
209.722 86.591 134.171 27 11 14 390 4
209.722 86.591 134.171 28 11 14 390 4
209.722 86.591 134.171 29 11 14 390 4
209.722 86.591 134.171 30 11 14 390 4
320.164 63.032 329.240 1 12 14 379 3
320.164 63.032 329.240 2 12 14 379 3
320.164 63.032 329.240 3 12 14 379 3
320.164 63.032 329.240 4 12 14 379 3
320.164 63.032 329.240 5 12 14 379 3
320.164 63.032 329.240 6 12 14 379 3
320.164 63.032 329.240 7 12 14 379 3
320.164 63.032 329.240 8 12 14 379 3
320.164 63.032 329.240 9 12 14 379 3
320.164 63.032 329.240 10 12 14 379 3
320.164 63.032 329.240 11 12 14 379 3
320.164 63.032 329.240 12 12 14 379 3
320.164 63.032 329.240 13 12 14 379 3
320.164 63.032 329.240 14 12 14 379 3
320.164 63.032 329.240 15 12 14 379 3
320.164 63.032 329.240 16 12 14 379 3
320.164 63.032 329.240 17 12 14 379 3
245.872 139.828 18.410 18 12 14 5 1
245.872 139.828 18.410 19 12 14 5 1
214.279 116.834 225.359 20 12 14 122 1
214.279 116.834 225.359 21 12 14 122 1
214.279 116.834 225.359 22 12 14 122 1
214.279 116.834 225.359 23 12 14 122 1
214.279 116.834 225.359 24 12 14 122 1
214.279 116.834 225.359 25 12 14 122 1
209.722 86.591 134.171 26 12 14 390 4
209.722 86.591 134.171 27 12 14 390 4
209.722 86.591 134.171 28 12 14 390 4
209.722 86.591 134.171 29 12 14 390 4
184.928 30.595 233.359 30 12 14 353 2
320.164 63.032 329.240 1 13 14 379 3
320.164 63.032 329.240 2 13 14 379 3
320.164 63.032 329.240 3 13 14 379 3
320.164 63.032 329.240 4 13 14 379 3
320.164 63.032 329.240 5 13 14 379 3
320.164 63.032 329.240 6 13 14 379 3
320.164 63.032 329.240 7 13 14 379 3
320.164 63.032 329.240 8 13 14 379 3
320.164 63.032 329.240 9 13 14 379 3
320.164 63.032 329.240 10 13 14 379 3
320.164 63.032 329.240 11 13 14 379 3
320.164 63.032 329.240 12 13 14 379 3
320.164 63.032 329.240 13 13 14 379 3
320.164 63.032 329.240 14 13 14 379 3
12.956 137.376 237.711 15 13 14 385 4
12.956 137.376 237.711 16 13 14 385 4
351.596 105.711 233.925 17 13 14 377 2
245.872 139.828 18.410 18 13 14 5 1
245.872 139.828 18.410 19 13 14 5 1
214.279 116.834 225.359 20 13 14 122 1
214.279 116.834 225.359 21 13 14 122 1
214.279 116.834 225.359 22 13 14 122 1
214.279 116.834 225.359 23 13 14 122 1
214.279 116.834 225.359 24 13 14 122 1
214.279 116.834 225.359 25 13 14 122 1
209.722 86.591 134.171 26 13 14 390 4
209.722 86.591 134.171 27 13 14 390 4
209.722 86.591 134.171 28 13 14 390 4
209.722 86.591 134.171 29 13 14 390 4
209.722 86.591 134.171 30 13 14 390 4
320.164 63.032 329.240 1 14 14 379 3
320.164 63.032 329.240 2 14 14 379 3
320.164 63.032 329.240 3 14 14 379 3
320.164 63.032 329.240 4 14 14 379 3
320.164 63.032 329.240 5 14 14 379 3
320.164 63.032 329.240 6 14 14 379 3
320.164 63.032 329.240 7 14 14 379 3
320.164 63.032 329.240 8 14 14 379 3
320.164 63.032 329.240 9 14 14 379 3
320.164 63.032 329.240 10 14 14 379 3
320.164 63.032 329.240 11 14 14 379 3
320.164 63.032 329.240 12 14 14 379 3
320.164 63.032 329.240 13 14 14 379 3
12.956 137.376 237.711 14 14 14 385 4
12.956 137.376 237.711 15 14 14 385 4
351.596 105.711 233.925 16 14 14 377 2
351.596 105.711 233.925 17 14 14 377 2
351.596 105.711 233.925 18 14 14 377 2
351.596 105.711 233.925 19 14 14 377 2
214.279 116.834 225.359 20 14 14 122 1
214.279 116.834 225.359 21 14 14 122 1
214.279 116.834 225.359 22 14 14 122 1
214.279 116.834 225.359 23 14 14 122 1
214.279 116.834 225.359 24 14 14 122 1
214.279 116.834 225.359 25 14 14 122 1
214.279 116.834 225.359 26 14 14 122 1
209.722 86.591 134.171 27 14 14 390 4
209.722 86.591 134.171 28 14 14 390 4
209.722 86.591 134.171 29 14 14 390 4
209.722 86.591 134.171 30 14 14 390 4
320.164 63.032 329.240 1 15 14 379 3
320.164 63.032 329.240 2 15 14 379 3
320.164 63.032 329.240 3 15 14 379 3
320.164 63.032 329.240 4 15 14 379 3
320.164 63.032 329.240 5 15 14 379 3
320.164 63.032 329.240 6 15 14 379 3
320.164 63.032 329.240 7 15 14 379 3
320.164 63.032 329.240 8 15 14 379 3
320.164 63.032 329.240 9 15 14 379 3
11.980 109.446 352.121 10 15 14 347 2
11.980 109.446 352.121 11 15 14 347 2
320.164 63.032 329.240 12 15 14 379 3
12.956 137.376 237.711 13 15 14 385 4
12.956 137.376 237.711 14 15 14 385 4
12.956 137.376 237.711 15 15 14 385 4
12.956 137.376 237.711 16 15 14 385 4
92.054 81.082 15.773 17 15 14 6 1
92.054 81.082 15.773 18 15 14 6 1
92.054 81.082 15.773 19 15 14 6 1
320.640 88.543 348.961 20 15 14 432 1
214.279 116.834 225.359 21 15 14 122 1
214.279 116.834 225.359 22 15 14 122 1
214.279 116.834 225.359 23 15 14 122 1
214.279 116.834 225.359 24 15 14 122 1
214.279 116.834 225.359 25 15 14 122 1
214.279 116.834 225.359 26 15 14 122 1
214.279 116.834 225.359 27 15 14 122 1
222.679 166.583 33.223 28 15 14 104 1
209.722 86.591 134.171 29 15 14 390 4
209.722 86.591 134.171 30 15 14 390 4
320.164 63.032 329.240 1 16 14 379 3
320.164 63.032 329.240 2 16 14 379 3
320.164 63.032 329.240 3 16 14 379 3
320.164 63.032 329.240 4 16 14 379 3
320.164 63.032 329.240 5 16 14 379 3
320.164 63.032 329.240 6 16 14 379 3
320.164 63.032 329.240 7 16 14 379 3
104.598 83.925 63.351 8 16 14 13 1
320.164 63.032 329.240 9 16 14 379 3
320.164 63.032 329.240 10 16 14 379 3
320.164 63.032 329.240 11 16 14 379 3
12.956 137.376 237.711 12 16 14 385 4
12.956 137.376 237.711 13 16 14 385 4
12.956 137.376 237.711 14 16 14 385 4
12.956 137.376 237.711 15 16 14 385 4
12.956 137.376 237.711 16 16 14 385 4
92.054 81.082 15.773 17 16 14 6 1
92.054 81.082 15.773 18 16 14 6 1
150.737 143.970 164.334 19 16 14 162 1
150.737 143.970 164.334 20 16 14 162 1
283.215 124.055 357.896 21 16 14 427 1
214.279 116.834 225.359 22 16 14 122 1
214.279 116.834 225.359 23 16 14 122 1
214.279 116.834 225.359 24 16 14 122 1
214.279 116.834 225.359 25 16 14 122 1
214.279 116.834 225.359 26 16 14 122 1
321.304 134.552 96.401 27 16 14 245 1
222.679 166.583 33.223 28 16 14 104 1
139.088 76.760 211.381 29 16 14 382 4
139.088 76.760 211.381 30 16 14 382 4
320.164 63.032 329.240 1 17 14 379 3
320.164 63.032 329.240 2 17 14 379 3
320.164 63.032 329.240 3 17 14 379 3
320.164 63.032 329.240 4 17 14 379 3
320.164 63.032 329.240 5 17 14 379 3
320.164 63.032 329.240 6 17 14 379 3
320.164 63.032 329.240 7 17 14 379 3
320.164 63.032 329.240 8 17 14 379 3
320.164 63.032 329.240 9 17 14 379 3
320.164 63.032 329.240 10 17 14 379 3
12.956 137.376 237.711 11 17 14 385 4
12.956 137.376 237.711 12 17 14 385 4
12.956 137.376 237.711 13 17 14 385 4
12.956 137.376 237.711 14 17 14 385 4
12.956 137.376 237.711 15 17 14 385 4
12.956 137.376 237.711 16 17 14 385 4
92.054 81.082 15.773 17 17 14 6 1
92.054 81.082 15.773 18 17 14 6 1
92.054 81.082 15.773 19 17 14 6 1
92.054 81.082 15.773 20 17 14 6 1
283.215 124.055 357.896 21 17 14 427 1
325.583 87.537 354.019 22 17 14 8 1
325.583 87.537 354.019 23 17 14 8 1
218.050 62.655 320.503 24 17 14 73 1
218.050 62.655 320.503 25 17 14 73 1
321.304 134.552 96.401 26 17 14 245 1
321.304 134.552 96.401 27 17 14 245 1
222.679 166.583 33.223 28 17 14 104 1
139.088 76.760 211.381 29 17 14 382 4
139.088 76.760 211.381 30 17 14 382 4
320.164 63.032 329.240 1 18 14 379 3
320.164 63.032 329.240 2 18 14 379 3
320.164 63.032 329.240 3 18 14 379 3
320.164 63.032 329.240 4 18 14 379 3
320.164 63.032 329.240 5 18 14 379 3
320.164 63.032 329.240 6 18 14 379 3
320.164 63.032 329.240 7 18 14 379 3
320.164 63.032 329.240 8 18 14 379 3
320.164 63.032 329.240 9 18 14 379 3
184.538 106.113 55.829 10 18 14 194 1
12.956 137.376 237.711 11 18 14 385 4
12.956 137.376 237.711 12 18 14 385 4
12.956 137.376 237.711 13 18 14 385 4
12.956 137.376 237.711 14 18 14 385 4
12.956 137.376 237.711 15 18 14 385 4
12.956 137.376 237.711 16 18 14 385 4
173.966 66.037 71.843 17 18 14 383 4
173.966 66.037 71.843 18 18 14 383 4
107.929 69.415 324.285 19 18 14 380 4
107.929 69.415 324.285 20 18 14 380 4
283.215 124.055 357.896 21 18 14 427 1
325.583 87.537 354.019 22 18 14 8 1
218.050 62.655 320.503 23 18 14 73 1
218.050 62.655 320.503 24 18 14 73 1
218.050 62.655 320.503 25 18 14 73 1
218.050 62.655 320.503 26 18 14 73 1
139.088 76.760 211.381 27 18 14 382 4
139.088 76.760 211.381 28 18 14 382 4
139.088 76.760 211.381 29 18 14 382 4
311.371 72.815 85.686 30 18 14 392 4
320.164 63.032 329.240 1 19 14 379 3
320.164 63.032 329.240 2 19 14 379 3
320.164 63.032 329.240 3 19 14 379 3
320.164 63.032 329.240 4 19 14 379 3
320.164 63.032 329.240 5 19 14 379 3
320.164 63.032 329.240 6 19 14 379 3
320.164 63.032 329.240 7 19 14 379 3
320.164 63.032 329.240 8 19 14 379 3
320.164 63.032 329.240 9 19 14 379 3
12.956 137.376 237.711 10 19 14 385 4
12.956 137.376 237.711 11 19 14 385 4
12.956 137.376 237.711 12 19 14 385 4
12.956 137.376 237.711 13 19 14 385 4
12.956 137.376 237.711 14 19 14 385 4
12.956 137.376 237.711 15 19 14 385 4
173.966 66.037 71.843 16 19 14 383 4
107.929 69.415 324.285 17 19 14 380 4
107.929 69.415 324.285 18 19 14 380 4
107.929 69.415 324.285 19 19 14 380 4
107.929 69.415 324.285 20 19 14 380 4
325.583 87.537 354.019 21 19 14 8 1
325.583 87.537 354.019 22 19 14 8 1
218.050 62.655 320.503 23 19 14 73 1
218.050 62.655 320.503 24 19 14 73 1
218.050 62.655 320.503 25 19 14 73 1
218.050 62.655 320.503 26 19 14 73 1
311.371 72.815 85.686 27 19 14 392 4
311.371 72.815 85.686 28 19 14 392 4
311.371 72.815 85.686 29 19 14 392 4
311.371 72.815 85.686 30 19 14 392 4
320.164 63.032 329.240 1 20 14 379 3
320.164 63.032 329.240 2 20 14 379 3
320.164 63.032 329.240 3 20 14 379 3
320.164 63.032 329.240 4 20 14 379 3
320.164 63.032 329.240 5 20 14 379 3
320.164 63.032 329.240 6 20 14 379 3
320.164 63.032 329.240 7 20 14 379 3
323.734 102.425 54.063 8 20 14 105 1
323.734 102.425 54.063 9 20 14 105 1
12.956 137.376 237.711 10 20 14 385 4
12.956 137.376 237.711 11 20 14 385 4
12.956 137.376 237.711 12 20 14 385 4
12.956 137.376 237.711 13 20 14 385 4
12.956 137.376 237.711 14 20 14 385 4
12.956 137.376 237.711 15 20 14 385 4
173.966 66.037 71.843 16 20 14 383 4
107.929 69.415 324.285 17 20 14 380 4
107.929 69.415 324.285 18 20 14 380 4
107.929 69.415 324.285 19 20 14 380 4
107.929 69.415 324.285 20 20 14 380 4
107.929 69.415 324.285 21 20 14 380 4
312.869 130.543 184.720 22 20 14 397 1
218.050 62.655 320.503 23 20 14 73 1
218.050 62.655 320.503 24 20 14 73 1
218.050 62.655 320.503 25 20 14 73 1
311.371 72.815 85.686 26 20 14 392 4
311.371 72.815 85.686 27 20 14 392 4
311.371 72.815 85.686 28 20 14 392 4
311.371 72.815 85.686 29 20 14 392 4
311.371 72.815 85.686 30 20 14 392 4
320.164 63.032 329.240 1 21 14 379 3
320.164 63.032 329.240 2 21 14 379 3
320.164 63.032 329.240 3 21 14 379 3
320.164 63.032 329.240 4 21 14 379 3
320.164 63.032 329.240 5 21 14 379 3
320.164 63.032 329.240 6 21 14 379 3
323.734 102.425 54.063 7 21 14 105 1
323.734 102.425 54.063 8 21 14 105 1
323.734 102.425 54.063 9 21 14 105 1
12.956 137.376 237.711 10 21 14 385 4
12.956 137.376 237.711 11 21 14 385 4
12.956 137.376 237.711 12 21 14 385 4
12.956 137.376 237.711 13 21 14 385 4
12.956 137.376 237.711 14 21 14 385 4
173.966 66.037 71.843 15 21 14 383 4
107.929 69.415 324.285 16 21 14 380 4
107.929 69.415 324.285 17 21 14 380 4
107.929 69.415 324.285 18 21 14 380 4
107.929 69.415 324.285 19 21 14 380 4
107.929 69.415 324.285 20 21 14 380 4
107.929 69.415 324.285 21 21 14 380 4
176.637 140.659 174.420 22 21 14 286 1
232.144 75.526 45.222 23 21 14 288 1
232.144 75.526 45.222 24 21 14 288 1
232.144 75.526 45.222 25 21 14 288 1
311.371 72.815 85.686 26 21 14 392 4
311.371 72.815 85.686 27 21 14 392 4
311.371 72.815 85.686 28 21 14 392 4
311.371 72.815 85.686 29 21 14 392 4
311.371 72.815 85.686 30 21 14 392 4
320.164 63.032 329.240 1 22 14 379 3
20.098 120.974 47.951 2 22 14 381 4
20.098 120.974 47.951 3 22 14 381 4
20.098 120.974 47.951 4 22 14 381 4
20.098 120.974 47.951 5 22 14 381 4
20.098 120.974 47.951 6 22 14 381 4
20.098 120.974 47.951 7 22 14 381 4
20.098 120.974 47.951 8 22 14 381 4
20.098 120.974 47.951 9 22 14 381 4
257.604 72.763 171.650 10 22 14 126 1
257.604 72.763 171.650 11 22 14 126 1
257.604 72.763 171.650 12 22 14 126 1
257.604 72.763 171.650 13 22 14 126 1
56.521 70.299 33.040 14 22 14 389 4
107.929 69.415 324.285 15 22 14 380 4
107.929 69.415 324.285 16 22 14 380 4
107.929 69.415 324.285 17 22 14 380 4
107.929 69.415 324.285 18 22 14 380 4
107.929 69.415 324.285 19 22 14 380 4
107.929 69.415 324.285 20 22 14 380 4
107.929 69.415 324.285 21 22 14 380 4
232.144 75.526 45.222 22 22 14 288 1
232.144 75.526 45.222 23 22 14 288 1
232.144 75.526 45.222 24 22 14 288 1
232.144 75.526 45.222 25 22 14 288 1
311.371 72.815 85.686 26 22 14 392 4
311.371 72.815 85.686 27 22 14 392 4
311.371 72.815 85.686 28 22 14 392 4
311.371 72.815 85.686 29 22 14 392 4
311.371 72.815 85.686 30 22 14 392 4
20.098 120.974 47.951 1 23 14 381 4
20.098 120.974 47.951 2 23 14 381 4
20.098 120.974 47.951 3 23 14 381 4
20.098 120.974 47.951 4 23 14 381 4
20.098 120.974 47.951 5 23 14 381 4
20.098 120.974 47.951 6 23 14 381 4
20.098 120.974 47.951 7 23 14 381 4
20.098 120.974 47.951 8 23 14 381 4
20.098 120.974 47.951 9 23 14 381 4
20.098 120.974 47.951 10 23 14 381 4
257.604 72.763 171.650 11 23 14 126 1
257.604 72.763 171.650 12 23 14 126 1
56.521 70.299 33.040 13 23 14 389 4
56.521 70.299 33.040 14 23 14 389 4
56.521 70.299 33.040 15 23 14 389 4
107.929 69.415 324.285 16 23 14 380 4
107.929 69.415 324.285 17 23 14 380 4
107.929 69.415 324.285 18 23 14 380 4
107.929 69.415 324.285 19 23 14 380 4
107.929 69.415 324.285 20 23 14 380 4
232.144 75.526 45.222 21 23 14 288 1
232.144 75.526 45.222 22 23 14 288 1
232.144 75.526 45.222 23 23 14 288 1
232.144 75.526 45.222 24 23 14 288 1
232.144 75.526 45.222 25 23 14 288 1
311.371 72.815 85.686 26 23 14 392 4
311.371 72.815 85.686 27 23 14 392 4
311.371 72.815 85.686 28 23 14 392 4
311.371 72.815 85.686 29 23 14 392 4
311.371 72.815 85.686 30 23 14 392 4
20.098 120.974 47.951 1 24 14 381 4
20.098 120.974 47.951 2 24 14 381 4
20.098 120.974 47.951 3 24 14 381 4
319.234 69.926 301.321 4 24 14 425 1
20.098 120.974 47.951 5 24 14 381 4
20.098 120.974 47.951 6 24 14 381 4
20.098 120.974 47.951 7 24 14 381 4
20.098 120.974 47.951 8 24 14 381 4
20.098 120.974 47.951 9 24 14 381 4
20.098 120.974 47.951 10 24 14 381 4
20.098 120.974 47.951 11 24 14 381 4
56.521 70.299 33.040 12 24 14 389 4
56.521 70.299 33.040 13 24 14 389 4
56.521 70.299 33.040 14 24 14 389 4
56.521 70.299 33.040 15 24 14 389 4
56.521 70.299 33.040 16 24 14 389 4
56.521 70.299 33.040 17 24 14 389 4
56.521 70.299 33.040 18 24 14 389 4
107.929 69.415 324.285 19 24 14 380 4
161.109 38.101 186.983 20 24 14 307 1
161.109 38.101 186.983 21 24 14 307 1
232.144 75.526 45.222 22 24 14 288 1
232.144 75.526 45.222 23 24 14 288 1
232.144 75.526 45.222 24 24 14 288 1
311.371 72.815 85.686 25 24 14 392 4
311.371 72.815 85.686 26 24 14 392 4
311.371 72.815 85.686 27 24 14 392 4
311.371 72.815 85.686 28 24 14 392 4
311.371 72.815 85.686 29 24 14 392 4
311.371 72.815 85.686 30 24 14 392 4
20.098 120.974 47.951 1 25 14 381 4
20.098 120.974 47.951 2 25 14 381 4
20.098 120.974 47.951 3 25 14 381 4
20.098 120.974 47.951 4 25 14 381 4
20.098 120.974 47.951 5 25 14 381 4
20.098 120.974 47.951 6 25 14 381 4
20.098 120.974 47.951 7 25 14 381 4
20.098 120.974 47.951 8 25 14 381 4
20.098 120.974 47.951 9 25 14 381 4
20.098 120.974 47.951 10 25 14 381 4
20.098 120.974 47.951 11 25 14 381 4
56.521 70.299 33.040 12 25 14 389 4
56.521 70.299 33.040 13 25 14 389 4
56.521 70.299 33.040 14 25 14 389 4
56.521 70.299 33.040 15 25 14 389 4
56.521 70.299 33.040 16 25 14 389 4
56.521 70.299 33.040 17 25 14 389 4
56.521 70.299 33.040 18 25 14 389 4
56.521 70.299 33.040 19 25 14 389 4
161.109 38.101 186.983 20 25 14 307 1
161.109 38.101 186.983 21 25 14 307 1
161.109 38.101 186.983 22 25 14 307 1
45.207 80.480 321.446 23 25 14 435 2
45.207 80.480 321.446 24 25 14 435 2
45.207 80.480 321.446 25 25 14 435 2
311.371 72.815 85.686 26 25 14 392 4
311.371 72.815 85.686 27 25 14 392 4
311.371 72.815 85.686 28 25 14 392 4
311.371 72.815 85.686 29 25 14 392 4
311.371 72.815 85.686 30 25 14 392 4
20.098 120.974 47.951 1 26 14 381 4
20.098 120.974 47.951 2 26 14 381 4
20.098 120.974 47.951 3 26 14 381 4
20.098 120.974 47.951 4 26 14 381 4
20.098 120.974 47.951 5 26 14 381 4
20.098 120.974 47.951 6 26 14 381 4
20.098 120.974 47.951 7 26 14 381 4
20.098 120.974 47.951 8 26 14 381 4
20.098 120.974 47.951 9 26 14 381 4
337.668 148.170 208.098 10 26 14 424 1
20.098 120.974 47.951 11 26 14 381 4
56.521 70.299 33.040 12 26 14 389 4
56.521 70.299 33.040 13 26 14 389 4
56.521 70.299 33.040 14 26 14 389 4
56.521 70.299 33.040 15 26 14 389 4
56.521 70.299 33.040 16 26 14 389 4
56.521 70.299 33.040 17 26 14 389 4
56.521 70.299 33.040 18 26 14 389 4
56.521 70.299 33.040 19 26 14 389 4
161.109 38.101 186.983 20 26 14 307 1
45.207 80.480 321.446 21 26 14 435 2
126.100 60.832 298.926 22 26 14 346 2
45.207 80.480 321.446 23 26 14 435 2
45.207 80.480 321.446 24 26 14 435 2
45.207 80.480 321.446 25 26 14 435 2
45.207 80.480 321.446 26 26 14 435 2
311.371 72.815 85.686 27 26 14 392 4
311.371 72.815 85.686 28 26 14 392 4
311.371 72.815 85.686 29 26 14 392 4
311.371 72.815 85.686 30 26 14 392 4
20.098 120.974 47.951 1 27 14 381 4
20.098 120.974 47.951 2 27 14 381 4
20.098 120.974 47.951 3 27 14 381 4
20.098 120.974 47.951 4 27 14 381 4
20.098 120.974 47.951 5 27 14 381 4
20.098 120.974 47.951 6 27 14 381 4
20.098 120.974 47.951 7 27 14 381 4
20.098 120.974 47.951 8 27 14 381 4
20.098 120.974 47.951 9 27 14 381 4
337.668 148.170 208.098 10 27 14 424 1
20.098 120.974 47.951 11 27 14 381 4
56.521 70.299 33.040 12 27 14 389 4
56.521 70.299 33.040 13 27 14 389 4
56.521 70.299 33.040 14 27 14 389 4
56.521 70.299 33.040 15 27 14 389 4
56.521 70.299 33.040 16 27 14 389 4
56.521 70.299 33.040 17 27 14 389 4
56.521 70.299 33.040 18 27 14 389 4
56.521 70.299 33.040 19 27 14 389 4
45.207 80.480 321.446 20 27 14 435 2
45.207 80.480 321.446 21 27 14 435 2
45.207 80.480 321.446 22 27 14 435 2
45.207 80.480 321.446 23 27 14 435 2
45.207 80.480 321.446 24 27 14 435 2
45.207 80.480 321.446 25 27 14 435 2
45.207 80.480 321.446 26 27 14 435 2
45.207 80.480 321.446 27 27 14 435 2
69.022 134.369 127.678 28 27 14 359 2
69.022 134.369 127.678 29 27 14 359 2
69.022 134.369 127.678 30 27 14 359 2
20.098 120.974 47.951 1 28 14 381 4
20.098 120.974 47.951 2 28 14 381 4
20.098 120.974 47.951 3 28 14 381 4
20.098 120.974 47.951 4 28 14 381 4
20.098 120.974 47.951 5 28 14 381 4
20.098 120.974 47.951 6 28 14 381 4
20.098 120.974 47.951 7 28 14 381 4
20.098 120.974 47.951 8 28 14 381 4
20.098 120.974 47.951 9 28 14 381 4
308.119 35.333 223.145 10 28 14 400 1
308.119 35.333 223.145 11 28 14 400 1
56.521 70.299 33.040 12 28 14 389 4
56.521 70.299 33.040 13 28 14 389 4
56.521 70.299 33.040 14 28 14 389 4
56.521 70.299 33.040 15 28 14 389 4
56.521 70.299 33.040 16 28 14 389 4
56.521 70.299 33.040 17 28 14 389 4
56.521 70.299 33.040 18 28 14 389 4
56.521 70.299 33.040 19 28 14 389 4
45.207 80.480 321.446 20 28 14 435 2
45.207 80.480 321.446 21 28 14 435 2
45.207 80.480 321.446 22 28 14 435 2
45.207 80.480 321.446 23 28 14 435 2
237.849 140.966 299.787 24 28 14 113 1
45.207 80.480 321.446 25 28 14 435 2
45.207 80.480 321.446 26 28 14 435 2
45.207 80.480 321.446 27 28 14 435 2
45.207 80.480 321.446 28 28 14 435 2
69.022 134.369 127.678 29 28 14 359 2
69.022 134.369 127.678 30 28 14 359 2
20.098 120.974 47.951 1 29 14 381 4
20.098 120.974 47.951 2 29 14 381 4
20.098 120.974 47.951 3 29 14 381 4
20.098 120.974 47.951 4 29 14 381 4
20.098 120.974 47.951 5 29 14 381 4
20.098 120.974 47.951 6 29 14 381 4
20.098 120.974 47.951 7 29 14 381 4
20.098 120.974 47.951 8 29 14 381 4
20.098 120.974 47.951 9 29 14 381 4
20.098 120.974 47.951 10 29 14 381 4
308.119 35.333 223.145 11 29 14 400 1
56.521 70.299 33.040 12 29 14 389 4
56.521 70.299 33.040 13 29 14 389 4
56.521 70.299 33.040 14 29 14 389 4
56.521 70.299 33.040 15 29 14 389 4
56.521 70.299 33.040 16 29 14 389 4
56.521 70.299 33.040 17 29 14 389 4
12.579 32.364 210.919 18 29 14 193 1
12.579 32.364 210.919 19 29 14 193 1
12.579 32.364 210.919 20 29 14 193 1
45.207 80.480 321.446 21 29 14 435 2
45.207 80.480 321.446 22 29 14 435 2
45.207 80.480 321.446 23 29 14 435 2
45.207 80.480 321.446 24 29 14 435 2
45.207 80.480 321.446 25 29 14 435 2
45.207 80.480 321.446 26 29 14 435 2
45.207 80.480 321.446 27 29 14 435 2
45.207 80.480 321.446 28 29 14 435 2
45.207 80.480 321.446 29 29 14 435 2
69.022 134.369 127.678 30 29 14 359 2
20.098 120.974 47.951 1 30 14 381 4
20.098 120.974 47.951 2 30 14 381 4
20.098 120.974 47.951 3 30 14 381 4
20.098 120.974 47.951 4 30 14 381 4
20.098 120.974 47.951 5 30 14 381 4
20.098 120.974 47.951 6 30 14 381 4
20.098 120.974 47.951 7 30 14 381 4
76.821 76.571 82.085 8 30 14 260 1
20.098 120.974 47.951 9 30 14 381 4
20.098 120.974 47.951 10 30 14 381 4
20.098 120.974 47.951 11 30 14 381 4
20.098 120.974 47.951 12 30 14 381 4
56.521 70.299 33.040 13 30 14 389 4
56.521 70.299 33.040 14 30 14 389 4
56.521 70.299 33.040 15 30 14 389 4
56.521 70.299 33.040 16 30 14 389 4
56.521 70.299 33.040 17 30 14 389 4
12.579 32.364 210.919 18 30 14 193 1
12.579 32.364 210.919 19 30 14 193 1
12.579 32.364 210.919 20 30 14 193 1
45.207 80.480 321.446 21 30 14 435 2
45.207 80.480 321.446 22 30 14 435 2
45.207 80.480 321.446 23 30 14 435 2
45.207 80.480 321.446 24 30 14 435 2
45.207 80.480 321.446 25 30 14 435 2
45.207 80.480 321.446 26 30 14 435 2
45.207 80.480 321.446 27 30 14 435 2
45.207 80.480 321.446 28 30 14 435 2
45.207 80.480 321.446 29 30 14 435 2
45.207 80.480 321.446 30 30 14 435 2
