320.164 63.032 329.240 1 1 15 379 3
320.164 63.032 329.240 2 1 15 379 3
320.164 63.032 329.240 3 1 15 379 3
320.164 63.032 329.240 4 1 15 379 3
320.164 63.032 329.240 5 1 15 379 3
320.164 63.032 329.240 6 1 15 379 3
320.164 63.032 329.240 7 1 15 379 3
320.164 63.032 329.240 8 1 15 379 3
320.164 63.032 329.240 9 1 15 379 3
320.164 63.032 329.240 10 1 15 379 3
320.164 63.032 329.240 11 1 15 379 3
320.164 63.032 329.240 12 1 15 379 3
320.164 63.032 329.240 13 1 15 379 3
320.164 63.032 329.240 14 1 15 379 3
320.164 63.032 329.240 15 1 15 379 3
320.164 63.032 329.240 16 1 15 379 3
320.164 63.032 329.240 17 1 15 379 3
320.164 63.032 329.240 18 1 15 379 3
320.164 63.032 329.240 19 1 15 379 3
320.164 63.032 329.240 20 1 15 379 3
320.164 63.032 329.240 21 1 15 379 3
320.164 63.032 329.240 22 1 15 379 3
320.164 63.032 329.240 23 1 15 379 3
320.164 63.032 329.240 24 1 15 379 3
209.722 86.591 134.171 25 1 15 390 4
209.722 86.591 134.171 26 1 15 390 4
209.722 86.591 134.171 27 1 15 390 4
209.722 86.591 134.171 28 1 15 390 4
209.722 86.591 134.171 29 1 15 390 4
209.722 86.591 134.171 30 1 15 390 4
320.164 63.032 329.240 1 2 15 379 3
34.081 48.373 83.061 2 2 15 222 1
320.164 63.032 329.240 3 2 15 379 3
320.164 63.032 329.240 4 2 15 379 3
320.164 63.032 329.240 5 2 15 379 3
320.164 63.032 329.240 6 2 15 379 3
320.164 63.032 329.240 7 2 15 379 3
320.164 63.032 329.240 8 2 15 379 3
320.164 63.032 329.240 9 2 15 379 3
320.164 63.032 329.240 10 2 15 379 3
320.164 63.032 329.240 11 2 15 379 3
320.164 63.032 329.240 12 2 15 379 3
320.164 63.032 329.240 13 2 15 379 3
320.164 63.032 329.240 14 2 15 379 3
320.164 63.032 329.240 15 2 15 379 3
320.164 63.032 329.240 16 2 15 379 3
320.164 63.032 329.240 17 2 15 379 3
320.164 63.032 329.240 18 2 15 379 3
320.164 63.032 329.240 19 2 15 379 3
320.164 63.032 329.240 20 2 15 379 3
320.164 63.032 329.240 21 2 15 379 3
320.164 63.032 329.240 22 2 15 379 3
320.164 63.032 329.240 23 2 15 379 3
209.722 86.591 134.171 24 2 15 390 4
209.722 86.591 134.171 25 2 15 390 4
209.722 86.591 134.171 26 2 15 390 4
209.722 86.591 134.171 27 2 15 390 4
209.722 86.591 134.171 28 2 15 390 4
209.722 86.591 134.171 29 2 15 390 4
209.722 86.591 134.171 30 2 15 390 4
320.164 63.032 329.240 1 3 15 379 3
320.164 63.032 329.240 2 3 15 379 3
320.164 63.032 329.240 3 3 15 379 3
320.164 63.032 329.240 4 3 15 379 3
320.164 63.032 329.240 5 3 15 379 3
320.164 63.032 329.240 6 3 15 379 3
320.164 63.032 329.240 7 3 15 379 3
320.164 63.032 329.240 8 3 15 379 3
320.164 63.032 329.240 9 3 15 379 3
320.164 63.032 329.240 10 3 15 379 3
320.164 63.032 329.240 11 3 15 379 3
320.164 63.032 329.240 12 3 15 379 3
320.164 63.032 329.240 13 3 15 379 3
320.164 63.032 329.240 14 3 15 379 3
320.164 63.032 329.240 15 3 15 379 3
320.164 63.032 329.240 16 3 15 379 3
320.164 63.032 329.240 17 3 15 379 3
320.164 63.032 329.240 18 3 15 379 3
320.164 63.032 329.240 19 3 15 379 3
320.164 63.032 329.240 20 3 15 379 3
320.164 63.032 329.240 21 3 15 379 3
320.164 63.032 329.240 22 3 15 379 3
209.722 86.591 134.171 23 3 15 390 4
209.722 86.591 134.171 24 3 15 390 4
209.722 86.591 134.171 25 3 15 390 4
209.722 86.591 134.171 26 3 15 390 4
209.722 86.591 134.171 27 3 15 390 4
209.722 86.591 134.171 28 3 15 390 4
209.722 86.591 134.171 29 3 15 390 4
209.722 86.591 134.171 30 3 15 390 4
320.164 63.032 329.240 1 4 15 379 3
320.164 63.032 329.240 2 4 15 379 3
320.164 63.032 329.240 3 4 15 379 3
320.164 63.032 329.240 4 4 15 379 3
320.164 63.032 329.240 5 4 15 379 3
320.164 63.032 329.240 6 4 15 379 3
320.164 63.032 329.240 7 4 15 379 3
320.164 63.032 329.240 8 4 15 379 3
320.164 63.032 329.240 9 4 15 379 3
320.164 63.032 329.240 10 4 15 379 3
320.164 63.032 329.240 11 4 15 379 3
320.164 63.032 329.240 12 4 15 379 3
320.164 63.032 329.240 13 4 15 379 3
320.164 63.032 329.240 14 4 15 379 3
320.164 63.032 329.240 15 4 15 379 3
320.164 63.032 329.240 16 4 15 379 3
320.164 63.032 329.240 17 4 15 379 3
320.164 63.032 329.240 18 4 15 379 3
320.164 63.032 329.240 19 4 15 379 3
320.164 63.032 329.240 20 4 15 379 3
320.164 63.032 329.240 21 4 15 379 3
320.164 63.032 329.240 22 4 15 379 3
209.722 86.591 134.171 23 4 15 390 4
209.722 86.591 134.171 24 4 15 390 4
209.722 86.591 134.171 25 4 15 390 4
209.722 86.591 134.171 26 4 15 390 4
209.722 86.591 134.171 27 4 15 390 4
209.722 86.591 134.171 28 4 15 390 4
209.722 86.591 134.171 29 4 15 390 4
209.722 86.591 134.171 30 4 15 390 4
320.164 63.032 329.240 1 5 15 379 3
320.164 63.032 329.240 2 5 15 379 3
320.164 63.032 329.240 3 5 15 379 3
320.164 63.032 329.240 4 5 15 379 3
320.164 63.032 329.240 5 5 15 379 3
320.164 63.032 329.240 6 5 15 379 3
320.164 63.032 329.240 7 5 15 379 3
320.164 63.032 329.240 8 5 15 379 3
320.164 63.032 329.240 9 5 15 379 3
320.164 63.032 329.240 10 5 15 379 3
320.164 63.032 329.240 11 5 15 379 3
320.164 63.032 329.240 12 5 15 379 3
320.164 63.032 329.240 13 5 15 379 3
320.164 63.032 329.240 14 5 15 379 3
320.164 63.032 329.240 15 5 15 379 3
320.164 63.032 329.240 16 5 15 379 3
320.164 63.032 329.240 17 5 15 379 3
320.164 63.032 329.240 18 5 15 379 3
320.164 63.032 329.240 19 5 15 379 3
320.164 63.032 329.240 20 5 15 379 3
320.164 63.032 329.240 21 5 15 379 3
209.722 86.591 134.171 22 5 15 390 4
209.722 86.591 134.171 23 5 15 390 4
209.722 86.591 134.171 24 5 15 390 4
209.722 86.591 134.171 25 5 15 390 4
209.722 86.591 134.171 26 5 15 390 4
209.722 86.591 134.171 27 5 15 390 4
209.722 86.591 134.171 28 5 15 390 4
209.722 86.591 134.171 29 5 15 390 4
209.722 86.591 134.171 30 5 15 390 4
320.164 63.032 329.240 1 6 15 379 3
320.164 63.032 329.240 2 6 15 379 3
320.164 63.032 329.240 3 6 15 379 3
320.164 63.032 329.240 4 6 15 379 3
320.164 63.032 329.240 5 6 15 379 3
320.164 63.032 329.240 6 6 15 379 3
320.164 63.032 329.240 7 6 15 379 3
320.164 63.032 329.240 8 6 15 379 3
320.164 63.032 329.240 9 6 15 379 3
320.164 63.032 329.240 10 6 15 379 3
320.164 63.032 329.240 11 6 15 379 3
320.164 63.032 329.240 12 6 15 379 3
320.164 63.032 329.240 13 6 15 379 3
320.164 63.032 329.240 14 6 15 379 3
320.164 63.032 329.240 15 6 15 379 3
320.164 63.032 329.240 16 6 15 379 3
320.164 63.032 329.240 17 6 15 379 3
320.164 63.032 329.240 18 6 15 379 3
320.164 63.032 329.240 19 6 15 379 3
320.164 63.032 329.240 20 6 15 379 3
320.164 63.032 329.240 21 6 15 379 3
209.722 86.591 134.171 22 6 15 390 4
209.722 86.591 134.171 23 6 15 390 4
209.722 86.591 134.171 24 6 15 390 4
209.722 86.591 134.171 25 6 15 390 4
209.722 86.591 134.171 26 6 15 390 4
209.722 86.591 134.171 27 6 15 390 4
209.722 86.591 134.171 28 6 15 390 4
209.722 86.591 134.171 29 6 15 390 4
209.722 86.591 134.171 30 6 15 390 4
320.164 63.032 329.240 1 7 15 379 3
320.164 63.032 329.240 2 7 15 379 3
320.164 63.032 329.240 3 7 15 379 3
320.164 63.032 329.240 4 7 15 379 3
320.164 63.032 329.240 5 7 15 379 3
320.164 63.032 329.240 6 7 15 379 3
320.164 63.032 329.240 7 7 15 379 3
320.164 63.032 329.240 8 7 15 379 3
320.164 63.032 329.240 9 7 15 379 3
320.164 63.032 329.240 10 7 15 379 3
320.164 63.032 329.240 11 7 15 379 3
320.164 63.032 329.240 12 7 15 379 3
320.164 63.032 329.240 13 7 15 379 3
320.164 63.032 329.240 14 7 15 379 3
320.164 63.032 329.240 15 7 15 379 3
320.164 63.032 329.240 16 7 15 379 3
320.164 63.032 329.240 17 7 15 379 3
320.164 63.032 329.240 18 7 15 379 3
320.164 63.032 329.240 19 7 15 379 3
320.164 63.032 329.240 20 7 15 379 3
320.164 63.032 329.240 21 7 15 379 3
209.722 86.591 134.171 22 7 15 390 4
209.722 86.591 134.171 23 7 15 390 4
209.722 86.591 134.171 24 7 15 390 4
209.722 86.591 134.171 25 7 15 390 4
209.722 86.591 134.171 26 7 15 390 4
209.722 86.591 134.171 27 7 15 390 4
209.722 86.591 134.171 28 7 15 390 4
209.722 86.591 134.171 29 7 15 390 4
209.722 86.591 134.171 30 7 15 390 4
320.164 63.032 329.240 1 8 15 379 3
320.164 63.032 329.240 2 8 15 379 3
320.164 63.032 329.240 3 8 15 379 3
320.164 63.032 329.240 4 8 15 379 3
320.164 63.032 329.240 5 8 15 379 3
320.164 63.032 329.240 6 8 15 379 3
320.164 63.032 329.240 7 8 15 379 3
320.164 63.032 329.240 8 8 15 379 3
320.164 63.032 329.240 9 8 15 379 3
320.164 63.032 329.240 10 8 15 379 3
320.164 63.032 329.240 11 8 15 379 3
320.164 63.032 329.240 12 8 15 379 3
320.164 63.032 329.240 13 8 15 379 3
320.164 63.032 329.240 14 8 15 379 3
320.164 63.032 329.240 15 8 15 379 3
320.164 63.032 329.240 16 8 15 379 3
320.164 63.032 329.240 17 8 15 379 3
320.164 63.032 329.240 18 8 15 379 3
320.164 63.032 329.240 19 8 15 379 3
320.164 63.032 329.240 20 8 15 379 3
320.164 63.032 329.240 21 8 15 379 3
209.722 86.591 134.171 22 8 15 390 4
209.722 86.591 134.171 23 8 15 390 4
209.722 86.591 134.171 24 8 15 390 4
209.722 86.591 134.171 25 8 15 390 4
209.722 86.591 134.171 26 8 15 390 4
209.722 86.591 134.171 27 8 15 390 4
209.722 86.591 134.171 28 8 15 390 4
209.722 86.591 134.171 29 8 15 390 4
209.722 86.591 134.171 30 8 15 390 4
320.164 63.032 329.240 1 9 15 379 3
320.164 63.032 329.240 2 9 15 379 3
320.164 63.032 329.240 3 9 15 379 3
320.164 63.032 329.240 4 9 15 379 3
320.164 63.032 329.240 5 9 15 379 3
320.164 63.032 329.240 6 9 15 379 3
320.164 63.032 329.240 7 9 15 379 3
320.164 63.032 329.240 8 9 15 379 3
320.164 63.032 329.240 9 9 15 379 3
320.164 63.032 329.240 10 9 15 379 3
320.164 63.032 329.240 11 9 15 379 3
320.164 63.032 329.240 12 9 15 379 3
320.164 63.032 329.240 13 9 15 379 3
320.164 63.032 329.240 14 9 15 379 3
320.164 63.032 329.240 15 9 15 379 3
320.164 63.032 329.240 16 9 15 379 3
320.164 63.032 329.240 17 9 15 379 3
320.164 63.032 329.240 18 9 15 379 3
320.164 63.032 329.240 19 9 15 379 3
320.164 63.032 329.240 20 9 15 379 3
209.722 86.591 134.171 21 9 15 390 4
209.722 86.591 134.171 22 9 15 390 4
209.722 86.591 134.171 23 9 15 390 4
209.722 86.591 134.171 24 9 15 390 4
209.722 86.591 134.171 25 9 15 390 4
209.722 86.591 134.171 26 9 15 390 4
209.722 86.591 134.171 27 9 15 390 4
209.722 86.591 134.171 28 9 15 390 4
209.722 86.591 134.171 29 9 15 390 4
209.722 86.591 134.171 30 9 15 390 4
320.164 63.032 329.240 1 10 15 379 3
320.164 63.032 329.240 2 10 15 379 3
320.164 63.032 329.240 3 10 15 379 3
320.164 63.032 329.240 4 10 15 379 3
320.164 63.032 329.240 5 10 15 379 3
320.164 63.032 329.240 6 10 15 379 3
320.164 63.032 329.240 7 10 15 379 3
320.164 63.032 329.240 8 10 15 379 3
320.164 63.032 329.240 9 10 15 379 3
320.164 63.032 329.240 10 10 15 379 3
320.164 63.032 329.240 11 10 15 379 3
320.164 63.032 329.240 12 10 15 379 3
320.164 63.032 329.240 13 10 15 379 3
320.164 63.032 329.240 14 10 15 379 3
320.164 63.032 329.240 15 10 15 379 3
320.164 63.032 329.240 16 10 15 379 3
320.164 63.032 329.240 17 10 15 379 3
320.164 63.032 329.240 18 10 15 379 3
320.164 63.032 329.240 19 10 15 379 3
320.164 63.032 329.240 20 10 15 379 3
214.279 116.834 225.359 21 10 15 122 1
214.279 116.834 225.359 22 10 15 122 1
209.722 86.591 134.171 23 10 15 390 4
209.722 86.591 134.171 24 10 15 390 4
209.722 86.591 134.171 25 10 15 390 4
209.722 86.591 134.171 26 10 15 390 4
209.722 86.591 134.171 27 10 15 390 4
209.722 86.591 134.171 28 10 15 390 4
209.722 86.591 134.171 29 10 15 390 4
209.722 86.591 134.171 30 10 15 390 4
320.164 63.032 329.240 1 11 15 379 3
320.164 63.032 329.240 2 11 15 379 3
320.164 63.032 329.240 3 11 15 379 3
320.164 63.032 329.240 4 11 15 379 3
320.164 63.032 329.240 5 11 15 379 3
320.164 63.032 329.240 6 11 15 379 3
320.164 63.032 329.240 7 11 15 379 3
320.164 63.032 329.240 8 11 15 379 3
320.164 63.032 329.240 9 11 15 379 3
320.164 63.032 329.240 10 11 15 379 3
320.164 63.032 329.240 11 11 15 379 3
320.164 63.032 329.240 12 11 15 379 3
320.164 63.032 329.240 13 11 15 379 3
320.164 63.032 329.240 14 11 15 379 3
320.164 63.032 329.240 15 11 15 379 3
320.164 63.032 329.240 16 11 15 379 3
320.164 63.032 329.240 17 11 15 379 3
245.872 139.828 18.410 18 11 15 5 1
245.872 139.828 18.410 19 11 15 5 1
214.279 116.834 225.359 20 11 15 122 1
214.279 116.834 225.359 21 11 15 122 1
214.279 116.834 225.359 22 11 15 122 1
214.279 116.834 225.359 23 11 15 122 1
214.279 116.834 225.359 24 11 15 122 1
209.722 86.591 134.171 25 11 15 390 4
209.722 86.591 134.171 26 11 15 390 4
209.722 86.591 134.171 27 11 15 390 4
209.722 86.591 134.171 28 11 15 390 4
209.722 86.591 134.171 29 11 15 390 4
209.722 86.591 134.171 30 11 15 390 4
320.164 63.032 329.240 1 12 15 379 3
320.164 63.032 329.240 2 12 15 379 3
320.164 63.032 329.240 3 12 15 379 3
320.164 63.032 329.240 4 12 15 379 3
320.164 63.032 329.240 5 12 15 379 3
320.164 63.032 329.240 6 12 15 379 3
320.164 63.032 329.240 7 12 15 379 3
320.164 63.032 329.240 8 12 15 379 3
320.164 63.032 329.240 9 12 15 379 3
320.164 63.032 329.240 10 12 15 379 3
320.164 63.032 329.240 11 12 15 379 3
320.164 63.032 329.240 12 12 15 379 3
320.164 63.032 329.240 13 12 15 379 3
320.164 63.032 329.240 14 12 15 379 3
320.164 63.032 329.240 15 12 15 379 3
12.956 137.376 237.711 16 12 15 385 4
12.956 137.376 237.711 17 12 15 385 4
245.872 139.828 18.410 18 12 15 5 1
245.872 139.828 18.410 19 12 15 5 1
245.872 139.828 18.410 20 12 15 5 1
214.279 116.834 225.359 21 12 15 122 1
214.279 116.834 225.359 22 12 15 122 1
214.279 116.834 225.359 23 12 15 122 1
214.279 116.834 225.359 24 12 15 122 1
214.279 116.834 225.359 25 12 15 122 1
209.722 86.591 134.171 26 12 15 390 4
209.722 86.591 134.171 27 12 15 390 4
209.722 86.591 134.171 28 12 15 390 4
209.722 86.591 134.171 29 12 15 390 4
209.722 86.591 134.171 30 12 15 390 4
320.164 63.032 329.240 1 13 15 379 3
320.164 63.032 329.240 2 13 15 379 3
320.164 63.032 329.240 3 13 15 379 3
320.164 63.032 329.240 4 13 15 379 3
320.164 63.032 329.240 5 13 15 379 3
320.164 63.032 329.240 6 13 15 379 3
320.164 63.032 329.240 7 13 15 379 3
320.164 63.032 329.240 8 13 15 379 3
320.164 63.032 329.240 9 13 15 379 3
320.164 63.032 329.240 10 13 15 379 3
320.164 63.032 329.240 11 13 15 379 3
320.164 63.032 329.240 12 13 15 379 3
320.164 63.032 329.240 13 13 15 379 3
12.956 137.376 237.711 14 13 15 385 4
12.956 137.376 237.711 15 13 15 385 4
12.956 137.376 237.711 16 13 15 385 4
12.956 137.376 237.711 17 13 15 385 4
12.956 137.376 237.711 18 13 15 385 4
245.872 139.828 18.410 19 13 15 5 1
245.872 139.828 18.410 20 13 15 5 1
214.279 116.834 225.359 21 13 15 122 1
214.279 116.834 225.359 22 13 15 122 1
214.279 116.834 225.359 23 13 15 122 1
214.279 116.834 225.359 24 13 15 122 1
214.279 116.834 225.359 25 13 15 122 1
209.722 86.591 134.171 26 13 15 390 4
209.722 86.591 134.171 27 13 15 390 4
209.722 86.591 134.171 28 13 15 390 4
209.722 86.591 134.171 29 13 15 390 4
209.722 86.591 134.171 30 13 15 390 4
320.164 63.032 329.240 1 14 15 379 3
320.164 63.032 329.240 2 14 15 379 3
320.164 63.032 329.240 3 14 15 379 3
320.164 63.032 329.240 4 14 15 379 3
320.164 63.032 329.240 5 14 15 379 3
320.164 63.032 329.240 6 14 15 379 3
320.164 63.032 329.240 7 14 15 379 3
320.164 63.032 329.240 8 14 15 379 3
320.164 63.032 329.240 9 14 15 379 3
320.164 63.032 329.240 10 14 15 379 3
320.164 63.032 329.240 11 14 15 379 3
320.164 63.032 329.240 12 14 15 379 3
12.956 137.376 237.711 13 14 15 385 4
12.956 137.376 237.711 14 14 15 385 4
12.956 137.376 237.711 15 14 15 385 4
12.956 137.376 237.711 16 14 15 385 4
12.956 137.376 237.711 17 14 15 385 4
225.877 89.404 213.774 18 14 15 253 1
225.877 89.404 213.774 19 14 15 253 1
320.640 88.543 348.961 20 14 15 432 1
320.640 88.543 348.961 21 14 15 432 1
214.279 116.834 225.359 22 14 15 122 1
214.279 116.834 225.359 23 14 15 122 1
214.279 116.834 225.359 24 14 15 122 1
214.279 116.834 225.359 25 14 15 122 1
214.279 116.834 225.359 26 14 15 122 1
209.722 86.591 134.171 27 14 15 390 4
209.722 86.591 134.171 28 14 15 390 4
209.722 86.591 134.171 29 14 15 390 4
209.722 86.591 134.171 30 14 15 390 4
320.164 63.032 329.240 1 15 15 379 3
320.164 63.032 329.240 2 15 15 379 3
320.164 63.032 329.240 3 15 15 379 3
320.164 63.032 329.240 4 15 15 379 3
320.164 63.032 329.240 5 15 15 379 3
320.164 63.032 329.240 6 15 15 379 3
320.164 63.032 329.240 7 15 15 379 3
320.164 63.032 329.240 8 15 15 379 3
320.164 63.032 329.240 9 15 15 379 3
320.164 63.032 329.240 10 15 15 379 3
320.164 63.032 329.240 11 15 15 379 3
12.956 137.376 237.711 12 15 15 385 4
12.956 137.376 237.711 13 15 15 385 4
12.956 137.376 237.711 14 15 15 385 4
12.956 137.376 237.711 15 15 15 385 4
12.956 137.376 237.711 16 15 15 385 4
12.956 137.376 237.711 17 15 15 385 4
225.877 89.404 213.774 18 15 15 253 1
225.877 89.404 213.774 19 15 15 253 1
320.640 88.543 348.961 20 15 15 432 1
320.640 88.543 348.961 21 15 15 432 1
320.640 88.543 348.961 22 15 15 432 1
214.279 116.834 225.359 23 15 15 122 1
214.279 116.834 225.359 24 15 15 122 1
214.279 116.834 225.359 25 15 15 122 1
214.279 116.834 225.359 26 15 15 122 1
209.722 86.591 134.171 27 15 15 390 4
209.722 86.591 134.171 28 15 15 390 4
209.722 86.591 134.171 29 15 15 390 4
209.722 86.591 134.171 30 15 15 390 4
320.164 63.032 329.240 1 16 15 379 3
320.164 63.032 329.240 2 16 15 379 3
320.164 63.032 329.240 3 16 15 379 3
320.164 63.032 329.240 4 16 15 379 3
320.164 63.032 329.240 5 16 15 379 3
320.164 63.032 329.240 6 16 15 379 3
320.164 63.032 329.240 7 16 15 379 3
320.164 63.032 329.240 8 16 15 379 3
320.164 63.032 329.240 9 16 15 379 3
320.164 63.032 329.240 10 16 15 379 3
12.956 137.376 237.711 11 16 15 385 4
12.956 137.376 237.711 12 16 15 385 4
12.956 137.376 237.711 13 16 15 385 4
12.956 137.376 237.711 14 16 15 385 4
12.956 137.376 237.711 15 16 15 385 4
12.956 137.376 237.711 16 16 15 385 4
12.956 137.376 237.711 17 16 15 385 4
92.054 81.082 15.773 18 16 15 6 1
150.737 143.970 164.334 19 16 15 162 1
320.640 88.543 348.961 20 16 15 432 1
320.640 88.543 348.961 21 16 15 432 1
320.640 88.543 348.961 22 16 15 432 1
214.279 116.834 225.359 23 16 15 122 1
214.279 116.834 225.359 24 16 15 122 1
214.279 116.834 225.359 25 16 15 122 1
214.279 116.834 225.359 26 16 15 122 1
214.279 116.834 225.359 27 16 15 122 1
222.679 166.583 33.223 28 16 15 104 1
209.722 86.591 134.171 29 16 15 390 4
209.722 86.591 134.171 30 16 15 390 4
320.164 63.032 329.240 1 17 15 379 3
320.164 63.032 329.240 2 17 15 379 3
320.164 63.032 329.240 3 17 15 379 3
320.164 63.032 329.240 4 17 15 379 3
320.164 63.032 329.240 5 17 15 379 3
320.164 63.032 329.240 6 17 15 379 3
320.164 63.032 329.240 7 17 15 379 3
320.164 63.032 329.240 8 17 15 379 3
320.164 63.032 329.240 9 17 15 379 3
320.164 63.032 329.240 10 17 15 379 3
12.956 137.376 237.711 11 17 15 385 4
12.956 137.376 237.711 12 17 15 385 4
12.956 137.376 237.711 13 17 15 385 4
12.956 137.376 237.711 14 17 15 385 4
12.956 137.376 237.711 15 17 15 385 4
12.956 137.376 237.711 16 17 15 385 4
12.956 137.376 237.711 17 17 15 385 4
92.054 81.082 15.773 18 17 15 6 1
150.737 143.970 164.334 19 17 15 162 1
320.640 88.543 348.961 20 17 15 432 1
283.215 124.055 357.896 21 17 15 427 1
325.583 87.537 354.019 22 17 15 8 1
218.050 62.655 320.503 23 17 15 73 1
218.050 62.655 320.503 24 17 15 73 1
218.050 62.655 320.503 25 17 15 73 1
214.279 116.834 225.359 26 17 15 122 1
214.279 116.834 225.359 27 17 15 122 1
222.679 166.583 33.223 28 17 15 104 1
139.088 76.760 211.381 29 17 15 382 4
209.722 86.591 134.171 30 17 15 390 4
320.164 63.032 329.240 1 18 15 379 3
320.164 63.032 329.240 2 18 15 379 3
320.164 63.032 329.240 3 18 15 379 3
320.164 63.032 329.240 4 18 15 379 3
320.164 63.032 329.240 5 18 15 379 3
320.164 63.032 329.240 6 18 15 379 3
320.164 63.032 329.240 7 18 15 379 3
320.164 63.032 329.240 8 18 15 379 3
320.164 63.032 329.240 9 18 15 379 3
12.956 137.376 237.711 10 18 15 385 4
12.956 137.376 237.711 11 18 15 385 4
12.956 137.376 237.711 12 18 15 385 4
12.956 137.376 237.711 13 18 15 385 4
12.956 137.376 237.711 14 18 15 385 4
12.956 137.376 237.711 15 18 15 385 4
12.956 137.376 237.711 16 18 15 385 4
12.956 137.376 237.711 17 18 15 385 4
107.929 69.415 324.285 18 18 15 380 4
107.929 69.415 324.285 19 18 15 380 4
107.929 69.415 324.285 20 18 15 380 4
107.929 69.415 324.285 21 18 15 380 4
325.583 87.537 354.019 22 18 15 8 1
218.050 62.655 320.503 23 18 15 73 1
218.050 62.655 320.503 24 18 15 73 1
218.050 62.655 320.503 25 18 15 73 1
218.050 62.655 320.503 26 18 15 73 1
139.088 76.760 211.381 27 18 15 382 4
139.088 76.760 211.381 28 18 15 382 4
311.371 72.815 85.686 29 18 15 392 4
311.371 72.815 85.686 30 18 15 392 4
320.164 63.032 329.240 1 19 15 379 3
320.164 63.032 329.240 2 19 15 379 3
320.164 63.032 329.240 3 19 15 379 3
320.164 63.032 329.240 4 19 15 379 3
320.164 63.032 329.240 5 19 15 379 3
320.164 63.032 329.240 6 19 15 379 3
320.164 63.032 329.240 7 19 15 379 3
320.164 63.032 329.240 8 19 15 379 3
12.956 137.376 237.711 9 19 15 385 4
12.956 137.376 237.711 10 19 15 385 4
12.956 137.376 237.711 11 19 15 385 4
12.956 137.376 237.711 12 19 15 385 4
12.956 137.376 237.711 13 19 15 385 4
12.956 137.376 237.711 14 19 15 385 4
12.956 137.376 237.711 15 19 15 385 4
12.956 137.376 237.711 16 19 15 385 4
107.929 69.415 324.285 17 19 15 380 4
107.929 69.415 324.285 18 19 15 380 4
107.929 69.415 324.285 19 19 15 380 4
107.929 69.415 324.285 20 19 15 380 4
107.929 69.415 324.285 21 19 15 380 4
325.583 87.537 354.019 22 19 15 8 1
218.050 62.655 320.503 23 19 15 73 1
218.050 62.655 320.503 24 19 15 73 1
218.050 62.655 320.503 25 19 15 73 1
218.050 62.655 320.503 26 19 15 73 1
311.371 72.815 85.686 27 19 15 392 4
311.371 72.815 85.686 28 19 15 392 4
311.371 72.815 85.686 29 19 15 392 4
311.371 72.815 85.686 30 19 15 392 4
320.164 63.032 329.240 1 20 15 379 3
320.164 63.032 329.240 2 20 15 379 3
320.164 63.032 329.240 3 20 15 379 3
320.164 63.032 329.240 4 20 15 379 3
320.164 63.032 329.240 5 20 15 379 3
320.164 63.032 329.240 6 20 15 379 3
320.164 63.032 329.240 7 20 15 379 3
320.164 63.032 329.240 8 20 15 379 3
12.956 137.376 237.711 9 20 15 385 4
12.956 137.376 237.711 10 20 15 385 4
12.956 137.376 237.711 11 20 15 385 4
12.956 137.376 237.711 12 20 15 385 4
12.956 137.376 237.711 13 20 15 385 4
12.956 137.376 237.711 14 20 15 385 4
12.956 137.376 237.711 15 20 15 385 4
12.956 137.376 237.711 16 20 15 385 4
107.929 69.415 324.285 17 20 15 380 4
107.929 69.415 324.285 18 20 15 380 4
107.929 69.415 324.285 19 20 15 380 4
107.929 69.415 324.285 20 20 15 380 4
107.929 69.415 324.285 21 20 15 380 4
107.929 69.415 324.285 22 20 15 380 4
218.050 62.655 320.503 23 20 15 73 1
218.050 62.655 320.503 24 20 15 73 1
218.050 62.655 320.503 25 20 15 73 1
311.371 72.815 85.686 26 20 15 392 4
311.371 72.815 85.686 27 20 15 392 4
311.371 72.815 85.686 28 20 15 392 4
311.371 72.815 85.686 29 20 15 392 4
311.371 72.815 85.686 30 20 15 392 4
320.164 63.032 329.240 1 21 15 379 3
320.164 63.032 329.240 2 21 15 379 3
320.164 63.032 329.240 3 21 15 379 3
240.975 143.145 352.816 4 21 15 35 1
240.975 143.145 352.816 5 21 15 35 1
240.975 143.145 352.816 6 21 15 35 1
20.098 120.974 47.951 7 21 15 381 4
20.098 120.974 47.951 8 21 15 381 4
12.956 137.376 237.711 9 21 15 385 4
12.956 137.376 237.711 10 21 15 385 4
12.956 137.376 237.711 11 21 15 385 4
12.956 137.376 237.711 12 21 15 385 4
12.956 137.376 237.711 13 21 15 385 4
12.956 137.376 237.711 14 21 15 385 4
12.956 137.376 237.711 15 21 15 385 4
107.929 69.415 324.285 16 21 15 380 4
107.929 69.415 324.285 17 21 15 380 4
107.929 69.415 324.285 18 21 15 380 4
107.929 69.415 324.285 19 21 15 380 4
107.929 69.415 324.285 20 21 15 380 4
107.929 69.415 324.285 21 21 15 380 4
232.144 75.526 45.222 22 21 15 288 1
232.144 75.526 45.222 23 21 15 288 1
232.144 75.526 45.222 24 21 15 288 1
232.144 75.526 45.222 25 21 15 288 1
311.371 72.815 85.686 26 21 15 392 4
311.371 72.815 85.686 27 21 15 392 4
311.371 72.815 85.686 28 21 15 392 4
311.371 72.815 85.686 29 21 15 392 4
311.371 72.815 85.686 30 21 15 392 4
320.164 63.032 329.240 1 22 15 379 3
20.098 120.974 47.951 2 22 15 381 4
20.098 120.974 47.951 3 22 15 381 4
240.975 143.145 352.816 4 22 15 35 1
240.975 143.145 352.816 5 22 15 35 1
20.098 120.974 47.951 6 22 15 381 4
20.098 120.974 47.951 7 22 15 381 4
20.098 120.974 47.951 8 22 15 381 4
20.098 120.974 47.951 9 22 15 381 4
12.956 137.376 237.711 10 22 15 385 4
257.604 72.763 171.650 11 22 15 126 1
12.956 137.376 237.711 12 22 15 385 4
12.956 137.376 237.711 13 22 15 385 4
12.956 137.376 237.711 14 22 15 385 4
107.929 69.415 324.285 15 22 15 380 4
107.929 69.415 324.285 16 22 15 380 4
107.929 69.415 324.285 17 22 15 380 4
107.929 69.415 324.285 18 22 15 380 4
107.929 69.415 324.285 19 22 15 380 4
107.929 69.415 324.285 20 22 15 380 4
107.929 69.415 324.285 21 22 15 380 4
232.144 75.526 45.222 22 22 15 288 1
232.144 75.526 45.222 23 22 15 288 1
232.144 75.526 45.222 24 22 15 288 1
232.144 75.526 45.222 25 22 15 288 1
311.371 72.815 85.686 26 22 15 392 4
311.371 72.815 85.686 27 22 15 392 4
311.371 72.815 85.686 28 22 15 392 4
311.371 72.815 85.686 29 22 15 392 4
311.371 72.815 85.686 30 22 15 392 4
20.098 120.974 47.951 1 23 15 381 4
20.098 120.974 47.951 2 23 15 381 4
20.098 120.974 47.951 3 23 15 381 4
20.098 120.974 47.951 4 23 15 381 4
20.098 120.974 47.951 5 23 15 381 4
20.098 120.974 47.951 6 23 15 381 4
20.098 120.974 47.951 7 23 15 381 4
20.098 120.974 47.951 8 23 15 381 4
20.098 120.974 47.951 9 23 15 381 4
20.098 120.974 47.951 10 23 15 381 4
257.604 72.763 171.650 11 23 15 126 1
12.956 137.376 237.711 12 23 15 385 4
146.807 12.422 297.123 13 23 15 110 1
56.521 70.299 33.040 14 23 15 389 4
56.521 70.299 33.040 15 23 15 389 4
107.929 69.415 324.285 16 23 15 380 4
107.929 69.415 324.285 17 23 15 380 4
107.929 69.415 324.285 18 23 15 380 4
107.929 69.415 324.285 19 23 15 380 4
107.929 69.415 324.285 20 23 15 380 4
107.929 69.415 324.285 21 23 15 380 4
232.144 75.526 45.222 22 23 15 288 1
232.144 75.526 45.222 23 23 15 288 1
232.144 75.526 45.222 24 23 15 288 1
232.144 75.526 45.222 25 23 15 288 1
311.371 72.815 85.686 26 23 15 392 4
311.371 72.815 85.686 27 23 15 392 4
311.371 72.815 85.686 28 23 15 392 4
311.371 72.815 85.686 29 23 15 392 4
311.371 72.815 85.686 30 23 15 392 4
20.098 120.974 47.951 1 24 15 381 4
20.098 120.974 47.951 2 24 15 381 4
20.098 120.974 47.951 3 24 15 381 4
20.098 120.974 47.951 4 24 15 381 4
20.098 120.974 47.951 5 24 15 381 4
20.098 120.974 47.951 6 24 15 381 4
20.098 120.974 47.951 7 24 15 381 4
20.098 120.974 47.951 8 24 15 381 4
20.098 120.974 47.951 9 24 15 381 4
20.098 120.974 47.951 10 24 15 381 4
20.098 120.974 47.951 11 24 15 381 4
56.521 70.299 33.040 12 24 15 389 4
146.807 12.422 297.123 13 24 15 110 1
56.521 70.299 33.040 14 24 15 389 4
56.521 70.299 33.040 15 24 15 389 4
56.521 70.299 33.040 16 24 15 389 4
56.521 70.299 33.040 17 24 15 389 4
56.521 70.299 33.040 18 24 15 389 4
107.929 69.415 324.285 19 24 15 380 4
161.109 38.101 186.983 20 24 15 307 1
161.109 38.101 186.983 21 24 15 307 1
161.109 38.101 186.983 22 24 15 307 1
232.144 75.526 45.222 23 24 15 288 1
232.144 75.526 45.222 24 24 15 288 1
311.371 72.815 85.686 25 24 15 392 4
311.371 72.815 85.686 26 24 15 392 4
311.371 72.815 85.686 27 24 15 392 4
311.371 72.815 85.686 28 24 15 392 4
311.371 72.815 85.686 29 24 15 392 4
311.371 72.815 85.686 30 24 15 392 4
20.098 120.974 47.951 1 25 15 381 4
20.098 120.974 47.951 2 25 15 381 4
20.098 120.974 47.951 3 25 15 381 4
20.098 120.974 47.951 4 25 15 381 4
20.098 120.974 47.951 5 25 15 381 4
20.098 120.974 47.951 6 25 15 381 4
20.098 120.974 47.951 7 25 15 381 4
20.098 120.974 47.951 8 25 15 381 4
20.098 120.974 47.951 9 25 15 381 4
20.098 120.974 47.951 10 25 15 381 4
20.098 120.974 47.951 11 25 15 381 4
56.521 70.299 33.040 12 25 15 389 4
56.521 70.299 33.040 13 25 15 389 4
56.521 70.299 33.040 14 25 15 389 4
56.521 70.299 33.040 15 25 15 389 4
56.521 70.299 33.040 16 25 15 389 4
56.521 70.299 33.040 17 25 15 389 4
56.521 70.299 33.040 18 25 15 389 4
56.521 70.299 33.040 19 25 15 389 4
161.109 38.101 186.983 20 25 15 307 1
161.109 38.101 186.983 21 25 15 307 1
161.109 38.101 186.983 22 25 15 307 1
45.207 80.480 321.446 23 25 15 435 2
45.207 80.480 321.446 24 25 15 435 2
45.207 80.480 321.446 25 25 15 435 2
311.371 72.815 85.686 26 25 15 392 4
311.371 72.815 85.686 27 25 15 392 4
311.371 72.815 85.686 28 25 15 392 4
311.371 72.815 85.686 29 25 15 392 4
311.371 72.815 85.686 30 25 15 392 4
20.098 120.974 47.951 1 26 15 381 4
20.098 120.974 47.951 2 26 15 381 4
20.098 120.974 47.951 3 26 15 381 4
20.098 120.974 47.951 4 26 15 381 4
20.098 120.974 47.951 5 26 15 381 4
20.098 120.974 47.951 6 26 15 381 4
20.098 120.974 47.951 7 26 15 381 4
20.098 120.974 47.951 8 26 15 381 4
20.098 120.974 47.951 9 26 15 381 4
20.098 120.974 47.951 10 26 15 381 4
20.098 120.974 47.951 11 26 15 381 4
56.521 70.299 33.040 12 26 15 389 4
56.521 70.299 33.040 13 26 15 389 4
56.521 70.299 33.040 14 26 15 389 4
56.521 70.299 33.040 15 26 15 389 4
56.521 70.299 33.040 16 26 15 389 4
56.521 70.299 33.040 17 26 15 389 4
56.521 70.299 33.040 18 26 15 389 4
56.521 70.299 33.040 19 26 15 389 4
161.109 38.101 186.983 20 26 15 307 1
161.109 38.101 186.983 21 26 15 307 1
161.109 38.101 186.983 22 26 15 307 1
45.207 80.480 321.446 23 26 15 435 2
45.207 80.480 321.446 24 26 15 435 2
45.207 80.480 321.446 25 26 15 435 2
45.207 80.480 321.446 26 26 15 435 2
311.371 72.815 85.686 27 26 15 392 4
311.371 72.815 85.686 28 26 15 392 4
311.371 72.815 85.686 29 26 15 392 4
311.371 72.815 85.686 30 26 15 392 4
20.098 120.974 47.951 1 27 15 381 4
20.098 120.974 47.951 2 27 15 381 4
20.098 120.974 47.951 3 27 15 381 4
20.098 120.974 47.951 4 27 15 381 4
20.098 120.974 47.951 5 27 15 381 4
20.098 120.974 47.951 6 27 15 381 4
20.098 120.974 47.951 7 27 15 381 4
20.098 120.974 47.951 8 27 15 381 4
20.098 120.974 47.951 9 27 15 381 4
20.098 120.974 47.951 10 27 15 381 4
20.098 120.974 47.951 11 27 15 381 4
56.521 70.299 33.040 12 27 15 389 4
56.521 70.299 33.040 13 27 15 389 4
56.521 70.299 33.040 14 27 15 389 4
56.521 70.299 33.040 15 27 15 389 4
56.521 70.299 33.040 16 27 15 389 4
56.521 70.299 33.040 17 27 15 389 4
56.521 70.299 33.040 18 27 15 389 4
56.521 70.299 33.040 19 27 15 389 4
161.109 38.101 186.983 20 27 15 307 1
45.207 80.480 321.446 21 27 15 435 2
45.207 80.480 321.446 22 27 15 435 2
45.207 80.480 321.446 23 27 15 435 2
45.207 80.480 321.446 24 27 15 435 2
45.207 80.480 321.446 25 27 15 435 2
45.207 80.480 321.446 26 27 15 435 2
45.207 80.480 321.446 27 27 15 435 2
69.022 134.369 127.678 28 27 15 359 2
69.022 134.369 127.678 29 27 15 359 2
69.022 134.369 127.678 30 27 15 359 2
20.098 120.974 47.951 1 28 15 381 4
20.098 120.974 47.951 2 28 15 381 4
20.098 120.974 47.951 3 28 15 381 4
20.098 120.974 47.951 4 28 15 381 4
20.098 120.974 47.951 5 28 15 381 4
20.098 120.974 47.951 6 28 15 381 4
20.098 120.974 47.951 7 28 15 381 4
20.098 120.974 47.951 8 28 15 381 4
20.098 120.974 47.951 9 28 15 381 4
20.098 120.974 47.951 10 28 15 381 4
68.416 52.751 321.704 11 28 15 161 1
68.416 52.751 321.704 12 28 15 161 1
56.521 70.299 33.040 13 28 15 389 4
56.521 70.299 33.040 14 28 15 389 4
56.521 70.299 33.040 15 28 15 389 4
56.521 70.299 33.040 16 28 15 389 4
56.521 70.299 33.040 17 28 15 389 4
56.521 70.299 33.040 18 28 15 389 4
56.521 70.299 33.040 19 28 15 389 4
45.207 80.480 321.446 20 28 15 435 2
45.207 80.480 321.446 21 28 15 435 2
45.207 80.480 321.446 22 28 15 435 2
45.207 80.480 321.446 23 28 15 435 2
45.207 80.480 321.446 24 28 15 435 2
45.207 80.480 321.446 25 28 15 435 2
45.207 80.480 321.446 26 28 15 435 2
45.207 80.480 321.446 27 28 15 435 2
45.207 80.480 321.446 28 28 15 435 2
69.022 134.369 127.678 29 28 15 359 2
69.022 134.369 127.678 30 28 15 359 2
20.098 120.974 47.951 1 29 15 381 4
20.098 120.974 47.951 2 29 15 381 4
20.098 120.974 47.951 3 29 15 381 4
20.098 120.974 47.951 4 29 15 381 4
20.098 120.974 47.951 5 29 15 381 4
20.098 120.974 47.951 6 29 15 381 4
20.098 120.974 47.951 7 29 15 381 4
20.098 120.974 47.951 8 29 15 381 4
20.098 120.974 47.951 9 29 15 381 4
20.098 120.974 47.951 10 29 15 381 4
68.416 52.751 321.704 11 29 15 161 1
68.416 52.751 321.704 12 29 15 161 1
56.521 70.299 33.040 13 29 15 389 4
56.521 70.299 33.040 14 29 15 389 4
56.521 70.299 33.040 15 29 15 389 4
56.521 70.299 33.040 16 29 15 389 4
56.521 70.299 33.040 17 29 15 389 4
56.521 70.299 33.040 18 29 15 389 4
12.579 32.364 210.919 19 29 15 193 1
45.207 80.480 321.446 20 29 15 435 2
45.207 80.480 321.446 21 29 15 435 2
45.207 80.480 321.446 22 29 15 435 2
45.207 80.480 321.446 23 29 15 435 2
45.207 80.480 321.446 24 29 15 435 2
45.207 80.480 321.446 25 29 15 435 2
45.207 80.480 321.446 26 29 15 435 2
45.207 80.480 321.446 27 29 15 435 2
45.207 80.480 321.446 28 29 15 435 2
45.207 80.480 321.446 29 29 15 435 2
45.207 80.480 321.446 30 29 15 435 2
20.098 120.974 47.951 1 30 15 381 4
20.098 120.974 47.951 2 30 15 381 4
20.098 120.974 47.951 3 30 15 381 4
20.098 120.974 47.951 4 30 15 381 4
20.098 120.974 47.951 5 30 15 381 4
20.098 120.974 47.951 6 30 15 381 4
20.098 120.974 47.951 7 30 15 381 4
20.098 120.974 47.951 8 30 15 381 4
20.098 120.974 47.951 9 30 15 381 4
20.098 120.974 47.951 10 30 15 381 4
20.098 120.974 47.951 11 30 15 381 4
68.416 52.751 321.704 12 30 15 161 1
56.521 70.299 33.040 13 30 15 389 4
56.521 70.299 33.040 14 30 15 389 4
56.521 70.299 33.040 15 30 15 389 4
56.521 70.299 33.040 16 30 15 389 4
56.521 70.299 33.040 17 30 15 389 4
12.579 32.364 210.919 18 30 15 193 1
12.579 32.364 210.919 19 30 15 193 1
12.579 32.364 210.919 20 30 15 193 1
45.207 80.480 321.446 21 30 15 435 2
45.207 80.480 321.446 22 30 15 435 2
45.207 80.480 321.446 23 30 15 435 2
45.207 80.480 321.446 24 30 15 435 2
45.207 80.480 321.446 25 30 15 435 2
45.207 80.480 321.446 26 30 15 435 2
45.207 80.480 321.446 27 30 15 435 2
45.207 80.480 321.446 28 30 15 435 2
45.207 80.480 321.446 29 30 15 435 2
45.207 80.480 321.446 30 30 15 435 2
