320.164 63.032 329.240 1 1 23 379 3
320.164 63.032 329.240 2 1 23 379 3
320.164 63.032 329.240 3 1 23 379 3
320.164 63.032 329.240 4 1 23 379 3
320.164 63.032 329.240 5 1 23 379 3
320.164 63.032 329.240 6 1 23 379 3
320.164 63.032 329.240 7 1 23 379 3
320.164 63.032 329.240 8 1 23 379 3
320.164 63.032 329.240 9 1 23 379 3
320.164 63.032 329.240 10 1 23 379 3
320.164 63.032 329.240 11 1 23 379 3
320.164 63.032 329.240 12 1 23 379 3
320.164 63.032 329.240 13 1 23 379 3
320.164 63.032 329.240 14 1 23 379 3
30.671 75.156 351.539 15 1 23 342 2
320.164 63.032 329.240 16 1 23 379 3
320.164 63.032 329.240 17 1 23 379 3
209.722 86.591 134.171 18 1 23 390 4
209.722 86.591 134.171 19 1 23 390 4
209.722 86.591 134.171 20 1 23 390 4
209.722 86.591 134.171 21 1 23 390 4
209.722 86.591 134.171 22 1 23 390 4
209.722 86.591 134.171 23 1 23 390 4
209.722 86.591 134.171 24 1 23 390 4
209.722 86.591 134.171 25 1 23 390 4
209.722 86.591 134.171 26 1 23 390 4
237.517 75.929 344.199 27 1 23 388 4
209.722 86.591 134.171 28 1 23 390 4
237.517 75.929 344.199 29 1 23 388 4
266.644 79.571 173.025 30 1 23 44 1
320.164 63.032 329.240 1 2 23 379 3
320.164 63.032 329.240 2 2 23 379 3
320.164 63.032 329.240 3 2 23 379 3
320.164 63.032 329.240 4 2 23 379 3
320.164 63.032 329.240 5 2 23 379 3
320.164 63.032 329.240 6 2 23 379 3
320.164 63.032 329.240 7 2 23 379 3
212.382 158.407 218.907 8 2 23 191 1
320.164 63.032 329.240 9 2 23 379 3
320.164 63.032 329.240 10 2 23 379 3
320.164 63.032 329.240 11 2 23 379 3
320.164 63.032 329.240 12 2 23 379 3
320.164 63.032 329.240 13 2 23 379 3
320.164 63.032 329.240 14 2 23 379 3
30.671 75.156 351.539 15 2 23 342 2
320.164 63.032 329.240 16 2 23 379 3
320.164 63.032 329.240 17 2 23 379 3
209.722 86.591 134.171 18 2 23 390 4
209.722 86.591 134.171 19 2 23 390 4
209.722 86.591 134.171 20 2 23 390 4
209.722 86.591 134.171 21 2 23 390 4
209.722 86.591 134.171 22 2 23 390 4
209.722 86.591 134.171 23 2 23 390 4
209.722 86.591 134.171 24 2 23 390 4
209.722 86.591 134.171 25 2 23 390 4
209.722 86.591 134.171 26 2 23 390 4
209.722 86.591 134.171 27 2 23 390 4
209.722 86.591 134.171 28 2 23 390 4
209.722 86.591 134.171 29 2 23 390 4
266.644 79.571 173.025 30 2 23 44 1
320.164 63.032 329.240 1 3 23 379 3
320.164 63.032 329.240 2 3 23 379 3
320.164 63.032 329.240 3 3 23 379 3
320.164 63.032 329.240 4 3 23 379 3
320.164 63.032 329.240 5 3 23 379 3
320.164 63.032 329.240 6 3 23 379 3
320.164 63.032 329.240 7 3 23 379 3
320.164 63.032 329.240 8 3 23 379 3
320.164 63.032 329.240 9 3 23 379 3
320.164 63.032 329.240 10 3 23 379 3
320.164 63.032 329.240 11 3 23 379 3
320.164 63.032 329.240 12 3 23 379 3
320.164 63.032 329.240 13 3 23 379 3
320.164 63.032 329.240 14 3 23 379 3
30.671 75.156 351.539 15 3 23 342 2
320.164 63.032 329.240 16 3 23 379 3
209.722 86.591 134.171 17 3 23 390 4
209.722 86.591 134.171 18 3 23 390 4
209.722 86.591 134.171 19 3 23 390 4
209.722 86.591 134.171 20 3 23 390 4
209.722 86.591 134.171 21 3 23 390 4
209.722 86.591 134.171 22 3 23 390 4
209.722 86.591 134.171 23 3 23 390 4
209.722 86.591 134.171 24 3 23 390 4
209.722 86.591 134.171 25 3 23 390 4
209.722 86.591 134.171 26 3 23 390 4
209.722 86.591 134.171 27 3 23 390 4
209.722 86.591 134.171 28 3 23 390 4
209.722 86.591 134.171 29 3 23 390 4
209.722 86.591 134.171 30 3 23 390 4
320.164 63.032 329.240 1 4 23 379 3
320.164 63.032 329.240 2 4 23 379 3
320.164 63.032 329.240 3 4 23 379 3
320.164 63.032 329.240 4 4 23 379 3
270.577 64.763 177.562 5 4 23 199 1
320.164 63.032 329.240 6 4 23 379 3
320.164 63.032 329.240 7 4 23 379 3
320.164 63.032 329.240 8 4 23 379 3
320.164 63.032 329.240 9 4 23 379 3
320.164 63.032 329.240 10 4 23 379 3
320.164 63.032 329.240 11 4 23 379 3
320.164 63.032 329.240 12 4 23 379 3
320.164 63.032 329.240 13 4 23 379 3
320.164 63.032 329.240 14 4 23 379 3
320.164 63.032 329.240 15 4 23 379 3
320.164 63.032 329.240 16 4 23 379 3
209.722 86.591 134.171 17 4 23 390 4
209.722 86.591 134.171 18 4 23 390 4
209.722 86.591 134.171 19 4 23 390 4
209.722 86.591 134.171 20 4 23 390 4
209.722 86.591 134.171 21 4 23 390 4
209.722 86.591 134.171 22 4 23 390 4
209.722 86.591 134.171 23 4 23 390 4
209.722 86.591 134.171 24 4 23 390 4
209.722 86.591 134.171 25 4 23 390 4
209.722 86.591 134.171 26 4 23 390 4
209.722 86.591 134.171 27 4 23 390 4
209.722 86.591 134.171 28 4 23 390 4
209.722 86.591 134.171 29 4 23 390 4
209.722 86.591 134.171 30 4 23 390 4
320.164 63.032 329.240 1 5 23 379 3
320.164 63.032 329.240 2 5 23 379 3
320.164 63.032 329.240 3 5 23 379 3
320.164 63.032 329.240 4 5 23 379 3
320.164 63.032 329.240 5 5 23 379 3
320.164 63.032 329.240 6 5 23 379 3
320.164 63.032 329.240 7 5 23 379 3
320.164 63.032 329.240 8 5 23 379 3
320.164 63.032 329.240 9 5 23 379 3
320.164 63.032 329.240 10 5 23 379 3
320.164 63.032 329.240 11 5 23 379 3
320.164 63.032 329.240 12 5 23 379 3
320.164 63.032 329.240 13 5 23 379 3
320.164 63.032 329.240 14 5 23 379 3
320.164 63.032 329.240 15 5 23 379 3
209.722 86.591 134.171 16 5 23 390 4
209.722 86.591 134.171 17 5 23 390 4
209.722 86.591 134.171 18 5 23 390 4
209.722 86.591 134.171 19 5 23 390 4
209.722 86.591 134.171 20 5 23 390 4
209.722 86.591 134.171 21 5 23 390 4
209.722 86.591 134.171 22 5 23 390 4
209.722 86.591 134.171 23 5 23 390 4
209.722 86.591 134.171 24 5 23 390 4
209.722 86.591 134.171 25 5 23 390 4
209.722 86.591 134.171 26 5 23 390 4
209.722 86.591 134.171 27 5 23 390 4
209.722 86.591 134.171 28 5 23 390 4
209.722 86.591 134.171 29 5 23 390 4
209.722 86.591 134.171 30 5 23 390 4
320.164 63.032 329.240 1 6 23 379 3
320.164 63.032 329.240 2 6 23 379 3
320.164 63.032 329.240 3 6 23 379 3
320.164 63.032 329.240 4 6 23 379 3
320.164 63.032 329.240 5 6 23 379 3
320.164 63.032 329.240 6 6 23 379 3
320.164 63.032 329.240 7 6 23 379 3
320.164 63.032 329.240 8 6 23 379 3
320.164 63.032 329.240 9 6 23 379 3
320.164 63.032 329.240 10 6 23 379 3
320.164 63.032 329.240 11 6 23 379 3
320.164 63.032 329.240 12 6 23 379 3
320.164 63.032 329.240 13 6 23 379 3
320.164 63.032 329.240 14 6 23 379 3
320.164 63.032 329.240 15 6 23 379 3
209.722 86.591 134.171 16 6 23 390 4
209.722 86.591 134.171 17 6 23 390 4
209.722 86.591 134.171 18 6 23 390 4
209.722 86.591 134.171 19 6 23 390 4
209.722 86.591 134.171 20 6 23 390 4
209.722 86.591 134.171 21 6 23 390 4
209.722 86.591 134.171 22 6 23 390 4
209.722 86.591 134.171 23 6 23 390 4
209.722 86.591 134.171 24 6 23 390 4
209.722 86.591 134.171 25 6 23 390 4
209.722 86.591 134.171 26 6 23 390 4
209.722 86.591 134.171 27 6 23 390 4
209.722 86.591 134.171 28 6 23 390 4
209.722 86.591 134.171 29 6 23 390 4
209.722 86.591 134.171 30 6 23 390 4
320.164 63.032 329.240 1 7 23 379 3
320.164 63.032 329.240 2 7 23 379 3
320.164 63.032 329.240 3 7 23 379 3
320.164 63.032 329.240 4 7 23 379 3
320.164 63.032 329.240 5 7 23 379 3
320.164 63.032 329.240 6 7 23 379 3
320.164 63.032 329.240 7 7 23 379 3
320.164 63.032 329.240 8 7 23 379 3
320.164 63.032 329.240 9 7 23 379 3
320.164 63.032 329.240 10 7 23 379 3
320.164 63.032 329.240 11 7 23 379 3
320.164 63.032 329.240 12 7 23 379 3
320.164 63.032 329.240 13 7 23 379 3
320.164 63.032 329.240 14 7 23 379 3
320.164 63.032 329.240 15 7 23 379 3
209.722 86.591 134.171 16 7 23 390 4
209.722 86.591 134.171 17 7 23 390 4
209.722 86.591 134.171 18 7 23 390 4
209.722 86.591 134.171 19 7 23 390 4
209.722 86.591 134.171 20 7 23 390 4
209.722 86.591 134.171 21 7 23 390 4
209.722 86.591 134.171 22 7 23 390 4
209.722 86.591 134.171 23 7 23 390 4
209.722 86.591 134.171 24 7 23 390 4
209.722 86.591 134.171 25 7 23 390 4
209.722 86.591 134.171 26 7 23 390 4
209.722 86.591 134.171 27 7 23 390 4
209.722 86.591 134.171 28 7 23 390 4
209.722 86.591 134.171 29 7 23 390 4
209.722 86.591 134.171 30 7 23 390 4
320.164 63.032 329.240 1 8 23 379 3
320.164 63.032 329.240 2 8 23 379 3
320.164 63.032 329.240 3 8 23 379 3
320.164 63.032 329.240 4 8 23 379 3
320.164 63.032 329.240 5 8 23 379 3
320.164 63.032 329.240 6 8 23 379 3
320.164 63.032 329.240 7 8 23 379 3
320.164 63.032 329.240 8 8 23 379 3
320.164 63.032 329.240 9 8 23 379 3
284.482 17.519 90.447 10 8 23 384 4
284.482 17.519 90.447 11 8 23 384 4
284.482 17.519 90.447 12 8 23 384 4
284.482 17.519 90.447 13 8 23 384 4
320.164 63.032 329.240 14 8 23 379 3
107.246 97.076 256.127 15 8 23 364 2
107.246 97.076 256.127 16 8 23 364 2
209.722 86.591 134.171 17 8 23 390 4
209.722 86.591 134.171 18 8 23 390 4
209.722 86.591 134.171 19 8 23 390 4
209.722 86.591 134.171 20 8 23 390 4
209.722 86.591 134.171 21 8 23 390 4
209.722 86.591 134.171 22 8 23 390 4
209.722 86.591 134.171 23 8 23 390 4
209.722 86.591 134.171 24 8 23 390 4
209.722 86.591 134.171 25 8 23 390 4
209.722 86.591 134.171 26 8 23 390 4
209.722 86.591 134.171 27 8 23 390 4
209.722 86.591 134.171 28 8 23 390 4
209.722 86.591 134.171 29 8 23 390 4
209.722 86.591 134.171 30 8 23 390 4
320.164 63.032 329.240 1 9 23 379 3
320.164 63.032 329.240 2 9 23 379 3
320.164 63.032 329.240 3 9 23 379 3
320.164 63.032 329.240 4 9 23 379 3
320.164 63.032 329.240 5 9 23 379 3
320.164 63.032 329.240 6 9 23 379 3
320.164 63.032 329.240 7 9 23 379 3
284.482 17.519 90.447 8 9 23 384 4
284.482 17.519 90.447 9 9 23 384 4
284.482 17.519 90.447 10 9 23 384 4
284.482 17.519 90.447 11 9 23 384 4
284.482 17.519 90.447 12 9 23 384 4
284.482 17.519 90.447 13 9 23 384 4
107.246 97.076 256.127 14 9 23 364 2
107.246 97.076 256.127 15 9 23 364 2
107.246 97.076 256.127 16 9 23 364 2
107.246 97.076 256.127 17 9 23 364 2
209.722 86.591 134.171 18 9 23 390 4
209.722 86.591 134.171 19 9 23 390 4
209.722 86.591 134.171 20 9 23 390 4
209.722 86.591 134.171 21 9 23 390 4
209.722 86.591 134.171 22 9 23 390 4
209.722 86.591 134.171 23 9 23 390 4
209.722 86.591 134.171 24 9 23 390 4
209.722 86.591 134.171 25 9 23 390 4
209.722 86.591 134.171 26 9 23 390 4
209.722 86.591 134.171 27 9 23 390 4
209.722 86.591 134.171 28 9 23 390 4
209.722 86.591 134.171 29 9 23 390 4
209.722 86.591 134.171 30 9 23 390 4
320.164 63.032 329.240 1 10 23 379 3
320.164 63.032 329.240 2 10 23 379 3
320.164 63.032 329.240 3 10 23 379 3
320.164 63.032 329.240 4 10 23 379 3
320.164 63.032 329.240 5 10 23 379 3
320.164 63.032 329.240 6 10 23 379 3
284.482 17.519 90.447 7 10 23 384 4
284.482 17.519 90.447 8 10 23 384 4
284.482 17.519 90.447 9 10 23 384 4
284.482 17.519 90.447 10 10 23 384 4
284.482 17.519 90.447 11 10 23 384 4
284.482 17.519 90.447 12 10 23 384 4
284.482 17.519 90.447 13 10 23 384 4
107.246 97.076 256.127 14 10 23 364 2
107.246 97.076 256.127 15 10 23 364 2
107.246 97.076 256.127 16 10 23 364 2
107.246 97.076 256.127 17 10 23 364 2
209.722 86.591 134.171 18 10 23 390 4
209.722 86.591 134.171 19 10 23 390 4
209.722 86.591 134.171 20 10 23 390 4
209.722 86.591 134.171 21 10 23 390 4
209.722 86.591 134.171 22 10 23 390 4
209.722 86.591 134.171 23 10 23 390 4
209.722 86.591 134.171 24 10 23 390 4
209.722 86.591 134.171 25 10 23 390 4
209.722 86.591 134.171 26 10 23 390 4
209.722 86.591 134.171 27 10 23 390 4
209.722 86.591 134.171 28 10 23 390 4
209.722 86.591 134.171 29 10 23 390 4
209.722 86.591 134.171 30 10 23 390 4
320.164 63.032 329.240 1 11 23 379 3
320.164 63.032 329.240 2 11 23 379 3
320.164 63.032 329.240 3 11 23 379 3
320.164 63.032 329.240 4 11 23 379 3
320.164 63.032 329.240 5 11 23 379 3
284.482 17.519 90.447 6 11 23 384 4
284.482 17.519 90.447 7 11 23 384 4
284.482 17.519 90.447 8 11 23 384 4
284.482 17.519 90.447 9 11 23 384 4
284.482 17.519 90.447 10 11 23 384 4
284.482 17.519 90.447 11 11 23 384 4
284.482 17.519 90.447 12 11 23 384 4
284.482 17.519 90.447 13 11 23 384 4
107.246 97.076 256.127 14 11 23 364 2
107.246 97.076 256.127 15 11 23 364 2
107.246 97.076 256.127 16 11 23 364 2
107.246 97.076 256.127 17 11 23 364 2
318.607 66.380 311.245 18 11 23 86 1
209.722 86.591 134.171 19 11 23 390 4
345.076 32.857 15.780 20 11 23 334 2
209.722 86.591 134.171 21 11 23 390 4
209.722 86.591 134.171 22 11 23 390 4
209.722 86.591 134.171 23 11 23 390 4
209.722 86.591 134.171 24 11 23 390 4
209.722 86.591 134.171 25 11 23 390 4
209.722 86.591 134.171 26 11 23 390 4
209.722 86.591 134.171 27 11 23 390 4
209.722 86.591 134.171 28 11 23 390 4
209.722 86.591 134.171 29 11 23 390 4
209.722 86.591 134.171 30 11 23 390 4
320.164 63.032 329.240 1 12 23 379 3
320.164 63.032 329.240 2 12 23 379 3
320.164 63.032 329.240 3 12 23 379 3
320.164 63.032 329.240 4 12 23 379 3
284.482 17.519 90.447 5 12 23 384 4
284.482 17.519 90.447 6 12 23 384 4
284.482 17.519 90.447 7 12 23 384 4
284.482 17.519 90.447 8 12 23 384 4
284.482 17.519 90.447 9 12 23 384 4
284.482 17.519 90.447 10 12 23 384 4
284.482 17.519 90.447 11 12 23 384 4
284.482 17.519 90.447 12 12 23 384 4
284.482 17.519 90.447 13 12 23 384 4
107.246 97.076 256.127 14 12 23 364 2
107.246 97.076 256.127 15 12 23 364 2
318.607 66.380 311.245 16 12 23 86 1
328.438 49.170 184.962 17 12 23 270 1
328.438 49.170 184.962 18 12 23 270 1
328.438 49.170 184.962 19 12 23 270 1
345.076 32.857 15.780 20 12 23 334 2
345.076 32.857 15.780 21 12 23 334 2
209.722 86.591 134.171 22 12 23 390 4
209.722 86.591 134.171 23 12 23 390 4
209.722 86.591 134.171 24 12 23 390 4
209.722 86.591 134.171 25 12 23 390 4
209.722 86.591 134.171 26 12 23 390 4
209.722 86.591 134.171 27 12 23 390 4
209.722 86.591 134.171 28 12 23 390 4
209.722 86.591 134.171 29 12 23 390 4
209.722 86.591 134.171 30 12 23 390 4
320.164 63.032 329.240 1 13 23 379 3
320.164 63.032 329.240 2 13 23 379 3
320.164 63.032 329.240 3 13 23 379 3
284.482 17.519 90.447 4 13 23 384 4
284.482 17.519 90.447 5 13 23 384 4
284.482 17.519 90.447 6 13 23 384 4
284.482 17.519 90.447 7 13 23 384 4
284.482 17.519 90.447 8 13 23 384 4
284.482 17.519 90.447 9 13 23 384 4
284.482 17.519 90.447 10 13 23 384 4
284.482 17.519 90.447 11 13 23 384 4
284.482 17.519 90.447 12 13 23 384 4
284.482 17.519 90.447 13 13 23 384 4
12.956 137.376 237.711 14 13 23 385 4
12.956 137.376 237.711 15 13 23 385 4
318.607 66.380 311.245 16 13 23 86 1
328.438 49.170 184.962 17 13 23 270 1
328.438 49.170 184.962 18 13 23 270 1
328.438 49.170 184.962 19 13 23 270 1
328.438 49.170 184.962 20 13 23 270 1
345.076 32.857 15.780 21 13 23 334 2
209.722 86.591 134.171 22 13 23 390 4
209.722 86.591 134.171 23 13 23 390 4
209.722 86.591 134.171 24 13 23 390 4
209.722 86.591 134.171 25 13 23 390 4
209.722 86.591 134.171 26 13 23 390 4
209.722 86.591 134.171 27 13 23 390 4
209.722 86.591 134.171 28 13 23 390 4
209.722 86.591 134.171 29 13 23 390 4
209.722 86.591 134.171 30 13 23 390 4
315.866 104.043 216.721 1 14 23 41 1
315.866 104.043 216.721 2 14 23 41 1
320.164 63.032 329.240 3 14 23 379 3
284.482 17.519 90.447 4 14 23 384 4
284.482 17.519 90.447 5 14 23 384 4
284.482 17.519 90.447 6 14 23 384 4
284.482 17.519 90.447 7 14 23 384 4
284.482 17.519 90.447 8 14 23 384 4
284.482 17.519 90.447 9 14 23 384 4
284.482 17.519 90.447 10 14 23 384 4
284.482 17.519 90.447 11 14 23 384 4
284.482 17.519 90.447 12 14 23 384 4
12.956 137.376 237.711 13 14 23 385 4
12.956 137.376 237.711 14 14 23 385 4
12.956 137.376 237.711 15 14 23 385 4
12.956 137.376 237.711 16 14 23 385 4
12.956 137.376 237.711 17 14 23 385 4
328.438 49.170 184.962 18 14 23 270 1
328.438 49.170 184.962 19 14 23 270 1
328.438 49.170 184.962 20 14 23 270 1
215.804 91.847 173.889 21 14 23 87 1
110.071 30.482 191.893 22 14 23 393 4
209.722 86.591 134.171 23 14 23 390 4
209.722 86.591 134.171 24 14 23 390 4
209.722 86.591 134.171 25 14 23 390 4
209.722 86.591 134.171 26 14 23 390 4
321.328 54.406 85.764 27 14 23 313 2
209.722 86.591 134.171 28 14 23 390 4
209.722 86.591 134.171 29 14 23 390 4
209.722 86.591 134.171 30 14 23 390 4
320.164 63.032 329.240 1 15 23 379 3
320.164 63.032 329.240 2 15 23 379 3
284.482 17.519 90.447 3 15 23 384 4
284.482 17.519 90.447 4 15 23 384 4
284.482 17.519 90.447 5 15 23 384 4
284.482 17.519 90.447 6 15 23 384 4
284.482 17.519 90.447 7 15 23 384 4
284.482 17.519 90.447 8 15 23 384 4
284.482 17.519 90.447 9 15 23 384 4
284.482 17.519 90.447 10 15 23 384 4
284.482 17.519 90.447 11 15 23 384 4
12.956 137.376 237.711 12 15 23 385 4
12.956 137.376 237.711 13 15 23 385 4
12.956 137.376 237.711 14 15 23 385 4
12.956 137.376 237.711 15 15 23 385 4
12.956 137.376 237.711 16 15 23 385 4
12.956 137.376 237.711 17 15 23 385 4
12.956 137.376 237.711 18 15 23 385 4
110.071 30.482 191.893 19 15 23 393 4
328.438 49.170 184.962 20 15 23 270 1
110.071 30.482 191.893 21 15 23 393 4
110.071 30.482 191.893 22 15 23 393 4
110.071 30.482 191.893 23 15 23 393 4
110.071 30.482 191.893 24 15 23 393 4
110.071 30.482 191.893 25 15 23 393 4
110.071 30.482 191.893 26 15 23 393 4
110.071 30.482 191.893 27 15 23 393 4
110.071 30.482 191.893 28 15 23 393 4
110.071 30.482 191.893 29 15 23 393 4
110.071 30.482 191.893 30 15 23 393 4
320.164 63.032 329.240 1 16 23 379 3
320.164 63.032 329.240 2 16 23 379 3
284.482 17.519 90.447 3 16 23 384 4
284.482 17.519 90.447 4 16 23 384 4
284.482 17.519 90.447 5 16 23 384 4
284.482 17.519 90.447 6 16 23 384 4
284.482 17.519 90.447 7 16 23 384 4
284.482 17.519 90.447 8 16 23 384 4
284.482 17.519 90.447 9 16 23 384 4
284.482 17.519 90.447 10 16 23 384 4
12.956 137.376 237.711 11 16 23 385 4
12.956 137.376 237.711 12 16 23 385 4
12.956 137.376 237.711 13 16 23 385 4
12.956 137.376 237.711 14 16 23 385 4
12.956 137.376 237.711 15 16 23 385 4
12.956 137.376 237.711 16 16 23 385 4
12.956 137.376 237.711 17 16 23 385 4
110.071 30.482 191.893 18 16 23 393 4
110.071 30.482 191.893 19 16 23 393 4
110.071 30.482 191.893 20 16 23 393 4
110.071 30.482 191.893 21 16 23 393 4
110.071 30.482 191.893 22 16 23 393 4
110.071 30.482 191.893 23 16 23 393 4
110.071 30.482 191.893 24 16 23 393 4
110.071 30.482 191.893 25 16 23 393 4
110.071 30.482 191.893 26 16 23 393 4
110.071 30.482 191.893 27 16 23 393 4
110.071 30.482 191.893 28 16 23 393 4
110.071 30.482 191.893 29 16 23 393 4
110.071 30.482 191.893 30 16 23 393 4
320.164 63.032 329.240 1 17 23 379 3
320.164 63.032 329.240 2 17 23 379 3
284.482 17.519 90.447 3 17 23 384 4
284.482 17.519 90.447 4 17 23 384 4
284.482 17.519 90.447 5 17 23 384 4
284.482 17.519 90.447 6 17 23 384 4
284.482 17.519 90.447 7 17 23 384 4
284.482 17.519 90.447 8 17 23 384 4
284.482 17.519 90.447 9 17 23 384 4
12.956 137.376 237.711 10 17 23 385 4
12.956 137.376 237.711 11 17 23 385 4
12.956 137.376 237.711 12 17 23 385 4
12.956 137.376 237.711 13 17 23 385 4
12.956 137.376 237.711 14 17 23 385 4
12.956 137.376 237.711 15 17 23 385 4
12.956 137.376 237.711 16 17 23 385 4
12.956 137.376 237.711 17 17 23 385 4
110.071 30.482 191.893 18 17 23 393 4
110.071 30.482 191.893 19 17 23 393 4
110.071 30.482 191.893 20 17 23 393 4
110.071 30.482 191.893 21 17 23 393 4
110.071 30.482 191.893 22 17 23 393 4
110.071 30.482 191.893 23 17 23 393 4
110.071 30.482 191.893 24 17 23 393 4
110.071 30.482 191.893 25 17 23 393 4
110.071 30.482 191.893 26 17 23 393 4
110.071 30.482 191.893 27 17 23 393 4
110.071 30.482 191.893 28 17 23 393 4
110.071 30.482 191.893 29 17 23 393 4
110.071 30.482 191.893 30 17 23 393 4
320.164 63.032 329.240 1 18 23 379 3
284.482 17.519 90.447 2 18 23 384 4
284.482 17.519 90.447 3 18 23 384 4
284.482 17.519 90.447 4 18 23 384 4
284.482 17.519 90.447 5 18 23 384 4
284.482 17.519 90.447 6 18 23 384 4
284.482 17.519 90.447 7 18 23 384 4
284.482 17.519 90.447 8 18 23 384 4
194.281 125.039 32.054 9 18 23 371 2
194.281 125.039 32.054 10 18 23 371 2
12.956 137.376 237.711 11 18 23 385 4
12.956 137.376 237.711 12 18 23 385 4
12.956 137.376 237.711 13 18 23 385 4
12.956 137.376 237.711 14 18 23 385 4
12.956 137.376 237.711 15 18 23 385 4
12.956 137.376 237.711 16 18 23 385 4
12.956 137.376 237.711 17 18 23 385 4
110.071 30.482 191.893 18 18 23 393 4
110.071 30.482 191.893 19 18 23 393 4
110.071 30.482 191.893 20 18 23 393 4
110.071 30.482 191.893 21 18 23 393 4
110.071 30.482 191.893 22 18 23 393 4
110.071 30.482 191.893 23 18 23 393 4
110.071 30.482 191.893 24 18 23 393 4
110.071 30.482 191.893 25 18 23 393 4
110.071 30.482 191.893 26 18 23 393 4
110.071 30.482 191.893 27 18 23 393 4
110.071 30.482 191.893 28 18 23 393 4
110.071 30.482 191.893 29 18 23 393 4
110.071 30.482 191.893 30 18 23 393 4
320.164 63.032 329.240 1 19 23 379 3
284.482 17.519 90.447 2 19 23 384 4
284.482 17.519 90.447 3 19 23 384 4
284.482 17.519 90.447 4 19 23 384 4
284.482 17.519 90.447 5 19 23 384 4
199.351 60.559 114.990 6 19 23 95 1
199.351 60.559 114.990 7 19 23 95 1
199.351 60.559 114.990 8 19 23 95 1
12.956 137.376 237.711 9 19 23 385 4
12.956 137.376 237.711 10 19 23 385 4
12.956 137.376 237.711 11 19 23 385 4
12.956 137.376 237.711 12 19 23 385 4
12.956 137.376 237.711 13 19 23 385 4
12.956 137.376 237.711 14 19 23 385 4
12.956 137.376 237.711 15 19 23 385 4
12.956 137.376 237.711 16 19 23 385 4
110.071 30.482 191.893 17 19 23 393 4
110.071 30.482 191.893 18 19 23 393 4
110.071 30.482 191.893 19 19 23 393 4
110.071 30.482 191.893 20 19 23 393 4
110.071 30.482 191.893 21 19 23 393 4
110.071 30.482 191.893 22 19 23 393 4
110.071 30.482 191.893 23 19 23 393 4
110.071 30.482 191.893 24 19 23 393 4
110.071 30.482 191.893 25 19 23 393 4
110.071 30.482 191.893 26 19 23 393 4
110.071 30.482 191.893 27 19 23 393 4
110.071 30.482 191.893 28 19 23 393 4
110.071 30.482 191.893 29 19 23 393 4
110.071 30.482 191.893 30 19 23 393 4
320.164 63.032 329.240 1 20 23 379 3
329.975 145.768 106.266 2 20 23 175 1
329.975 145.768 106.266 3 20 23 175 1
329.975 145.768 106.266 4 20 23 175 1
329.975 145.768 106.266 5 20 23 175 1
199.351 60.559 114.990 6 20 23 95 1
199.351 60.559 114.990 7 20 23 95 1
199.351 60.559 114.990 8 20 23 95 1
12.956 137.376 237.711 9 20 23 385 4
12.956 137.376 237.711 10 20 23 385 4
12.956 137.376 237.711 11 20 23 385 4
12.956 137.376 237.711 12 20 23 385 4
12.956 137.376 237.711 13 20 23 385 4
12.956 137.376 237.711 14 20 23 385 4
12.956 137.376 237.711 15 20 23 385 4
12.956 137.376 237.711 16 20 23 385 4
110.071 30.482 191.893 17 20 23 393 4
110.071 30.482 191.893 18 20 23 393 4
110.071 30.482 191.893 19 20 23 393 4
110.071 30.482 191.893 20 20 23 393 4
110.071 30.482 191.893 21 20 23 393 4
110.071 30.482 191.893 22 20 23 393 4
110.071 30.482 191.893 23 20 23 393 4
110.071 30.482 191.893 24 20 23 393 4
110.071 30.482 191.893 25 20 23 393 4
110.071 30.482 191.893 26 20 23 393 4
110.071 30.482 191.893 27 20 23 393 4
110.071 30.482 191.893 28 20 23 393 4
110.071 30.482 191.893 29 20 23 393 4
110.071 30.482 191.893 30 20 23 393 4
269.068 153.263 229.556 1 21 23 262 1
329.975 145.768 106.266 2 21 23 175 1
329.975 145.768 106.266 3 21 23 175 1
329.975 145.768 106.266 4 21 23 175 1
329.975 145.768 106.266 5 21 23 175 1
8.525 63.912 139.911 6 21 23 237 1
8.525 63.912 139.911 7 21 23 237 1
12.956 137.376 237.711 8 21 23 385 4
12.956 137.376 237.711 9 21 23 385 4
12.956 137.376 237.711 10 21 23 385 4
12.956 137.376 237.711 11 21 23 385 4
12.956 137.376 237.711 12 21 23 385 4
12.956 137.376 237.711 13 21 23 385 4
12.956 137.376 237.711 14 21 23 385 4
12.956 137.376 237.711 15 21 23 385 4
110.071 30.482 191.893 16 21 23 393 4
110.071 30.482 191.893 17 21 23 393 4
110.071 30.482 191.893 18 21 23 393 4
110.071 30.482 191.893 19 21 23 393 4
110.071 30.482 191.893 20 21 23 393 4
110.071 30.482 191.893 21 21 23 393 4
110.071 30.482 191.893 22 21 23 393 4
110.071 30.482 191.893 23 21 23 393 4
110.071 30.482 191.893 24 21 23 393 4
110.071 30.482 191.893 25 21 23 393 4
110.071 30.482 191.893 26 21 23 393 4
110.071 30.482 191.893 27 21 23 393 4
110.071 30.482 191.893 28 21 23 393 4
110.071 30.482 191.893 29 21 23 393 4
110.071 30.482 191.893 30 21 23 393 4
269.068 153.263 229.556 1 22 23 262 1
303.363 119.890 259.132 2 22 23 94 1
329.975 145.768 106.266 3 22 23 175 1
329.975 145.768 106.266 4 22 23 175 1
329.975 145.768 106.266 5 22 23 175 1
8.525 63.912 139.911 6 22 23 237 1
8.525 63.912 139.911 7 22 23 237 1
12.956 137.376 237.711 8 22 23 385 4
12.956 137.376 237.711 9 22 23 385 4
12.956 137.376 237.711 10 22 23 385 4
12.956 137.376 237.711 11 22 23 385 4
12.956 137.376 237.711 12 22 23 385 4
12.956 137.376 237.711 13 22 23 385 4
12.956 137.376 237.711 14 22 23 385 4
110.071 30.482 191.893 15 22 23 393 4
110.071 30.482 191.893 16 22 23 393 4
110.071 30.482 191.893 17 22 23 393 4
110.071 30.482 191.893 18 22 23 393 4
110.071 30.482 191.893 19 22 23 393 4
110.071 30.482 191.893 20 22 23 393 4
110.071 30.482 191.893 21 22 23 393 4
110.071 30.482 191.893 22 22 23 393 4
110.071 30.482 191.893 23 22 23 393 4
110.071 30.482 191.893 24 22 23 393 4
110.071 30.482 191.893 25 22 23 393 4
110.071 30.482 191.893 26 22 23 393 4
110.071 30.482 191.893 27 22 23 393 4
110.071 30.482 191.893 28 22 23 393 4
110.071 30.482 191.893 29 22 23 393 4
110.071 30.482 191.893 30 22 23 393 4
296.134 141.267 348.887 1 23 23 84 1
296.134 141.267 348.887 2 23 23 84 1
329.975 145.768 106.266 3 23 23 175 1
329.975 145.768 106.266 4 23 23 175 1
329.975 145.768 106.266 5 23 23 175 1
8.525 63.912 139.911 6 23 23 237 1
12.956 137.376 237.711 7 23 23 385 4
12.956 137.376 237.711 8 23 23 385 4
12.956 137.376 237.711 9 23 23 385 4
12.956 137.376 237.711 10 23 23 385 4
12.956 137.376 237.711 11 23 23 385 4
12.956 137.376 237.711 12 23 23 385 4
12.956 137.376 237.711 13 23 23 385 4
12.956 137.376 237.711 14 23 23 385 4
110.071 30.482 191.893 15 23 23 393 4
110.071 30.482 191.893 16 23 23 393 4
110.071 30.482 191.893 17 23 23 393 4
110.071 30.482 191.893 18 23 23 393 4
110.071 30.482 191.893 19 23 23 393 4
110.071 30.482 191.893 20 23 23 393 4
110.071 30.482 191.893 21 23 23 393 4
110.071 30.482 191.893 22 23 23 393 4
110.071 30.482 191.893 23 23 23 393 4
110.071 30.482 191.893 24 23 23 393 4
110.071 30.482 191.893 25 23 23 393 4
110.071 30.482 191.893 26 23 23 393 4
110.071 30.482 191.893 27 23 23 393 4
110.071 30.482 191.893 28 23 23 393 4
110.071 30.482 191.893 29 23 23 393 4
110.071 30.482 191.893 30 23 23 393 4
296.134 141.267 348.887 1 24 23 84 1
296.134 141.267 348.887 2 24 23 84 1
19.238 12.418 121.610 3 24 23 289 1
19.238 12.418 121.610 4 24 23 289 1
75.639 97.165 269.242 5 24 23 149 1
75.639 97.165 269.242 6 24 23 149 1
12.956 137.376 237.711 7 24 23 385 4
12.956 137.376 237.711 8 24 23 385 4
12.956 137.376 237.711 9 24 23 385 4
12.956 137.376 237.711 10 24 23 385 4
12.956 137.376 237.711 11 24 23 385 4
12.956 137.376 237.711 12 24 23 385 4
12.956 137.376 237.711 13 24 23 385 4
110.071 30.482 191.893 14 24 23 393 4
110.071 30.482 191.893 15 24 23 393 4
110.071 30.482 191.893 16 24 23 393 4
110.071 30.482 191.893 17 24 23 393 4
110.071 30.482 191.893 18 24 23 393 4
110.071 30.482 191.893 19 24 23 393 4
110.071 30.482 191.893 20 24 23 393 4
110.071 30.482 191.893 21 24 23 393 4
110.071 30.482 191.893 22 24 23 393 4
110.071 30.482 191.893 23 24 23 393 4
110.071 30.482 191.893 24 24 23 393 4
110.071 30.482 191.893 25 24 23 393 4
110.071 30.482 191.893 26 24 23 393 4
110.071 30.482 191.893 27 24 23 393 4
110.071 30.482 191.893 28 24 23 393 4
311.371 72.815 85.686 29 24 23 392 4
110.071 30.482 191.893 30 24 23 393 4
20.098 120.974 47.951 1 25 23 381 4
20.098 120.974 47.951 2 25 23 381 4
19.238 12.418 121.610 3 25 23 289 1
19.238 12.418 121.610 4 25 23 289 1
75.639 97.165 269.242 5 25 23 149 1
75.639 97.165 269.242 6 25 23 149 1
12.956 137.376 237.711 7 25 23 385 4
12.956 137.376 237.711 8 25 23 385 4
12.956 137.376 237.711 9 25 23 385 4
12.956 137.376 237.711 10 25 23 385 4
12.956 137.376 237.711 11 25 23 385 4
12.956 137.376 237.711 12 25 23 385 4
110.071 30.482 191.893 13 25 23 393 4
110.071 30.482 191.893 14 25 23 393 4
110.071 30.482 191.893 15 25 23 393 4
110.071 30.482 191.893 16 25 23 393 4
110.071 30.482 191.893 17 25 23 393 4
110.071 30.482 191.893 18 25 23 393 4
110.071 30.482 191.893 19 25 23 393 4
110.071 30.482 191.893 20 25 23 393 4
110.071 30.482 191.893 21 25 23 393 4
110.071 30.482 191.893 22 25 23 393 4
110.071 30.482 191.893 23 25 23 393 4
110.071 30.482 191.893 24 25 23 393 4
110.071 30.482 191.893 25 25 23 393 4
110.071 30.482 191.893 26 25 23 393 4
110.071 30.482 191.893 27 25 23 393 4
110.071 30.482 191.893 28 25 23 393 4
110.071 30.482 191.893 29 25 23 393 4
110.071 30.482 191.893 30 25 23 393 4
20.098 120.974 47.951 1 26 23 381 4
20.098 120.974 47.951 2 26 23 381 4
20.098 120.974 47.951 3 26 23 381 4
20.098 120.974 47.951 4 26 23 381 4
20.098 120.974 47.951 5 26 23 381 4
20.098 120.974 47.951 6 26 23 381 4
20.098 120.974 47.951 7 26 23 381 4
12.956 137.376 237.711 8 26 23 385 4
12.956 137.376 237.711 9 26 23 385 4
12.956 137.376 237.711 10 26 23 385 4
110.071 30.482 191.893 11 26 23 393 4
110.071 30.482 191.893 12 26 23 393 4
110.071 30.482 191.893 13 26 23 393 4
110.071 30.482 191.893 14 26 23 393 4
110.071 30.482 191.893 15 26 23 393 4
110.071 30.482 191.893 16 26 23 393 4
110.071 30.482 191.893 17 26 23 393 4
110.071 30.482 191.893 18 26 23 393 4
110.071 30.482 191.893 19 26 23 393 4
110.071 30.482 191.893 20 26 23 393 4
110.071 30.482 191.893 21 26 23 393 4
110.071 30.482 191.893 22 26 23 393 4
110.071 30.482 191.893 23 26 23 393 4
110.071 30.482 191.893 24 26 23 393 4
110.071 30.482 191.893 25 26 23 393 4
110.071 30.482 191.893 26 26 23 393 4
110.071 30.482 191.893 27 26 23 393 4
110.071 30.482 191.893 28 26 23 393 4
110.071 30.482 191.893 29 26 23 393 4
110.071 30.482 191.893 30 26 23 393 4
20.098 120.974 47.951 1 27 23 381 4
20.098 120.974 47.951 2 27 23 381 4
20.098 120.974 47.951 3 27 23 381 4
20.098 120.974 47.951 4 27 23 381 4
20.098 120.974 47.951 5 27 23 381 4
20.098 120.974 47.951 6 27 23 381 4
20.098 120.974 47.951 7 27 23 381 4
110.071 30.482 191.893 8 27 23 393 4
110.071 30.482 191.893 9 27 23 393 4
110.071 30.482 191.893 10 27 23 393 4
110.071 30.482 191.893 11 27 23 393 4
110.071 30.482 191.893 12 27 23 393 4
110.071 30.482 191.893 13 27 23 393 4
110.071 30.482 191.893 14 27 23 393 4
110.071 30.482 191.893 15 27 23 393 4
110.071 30.482 191.893 16 27 23 393 4
110.071 30.482 191.893 17 27 23 393 4
110.071 30.482 191.893 18 27 23 393 4
110.071 30.482 191.893 19 27 23 393 4
110.071 30.482 191.893 20 27 23 393 4
110.071 30.482 191.893 21 27 23 393 4
110.071 30.482 191.893 22 27 23 393 4
110.071 30.482 191.893 23 27 23 393 4
110.071 30.482 191.893 24 27 23 393 4
110.071 30.482 191.893 25 27 23 393 4
110.071 30.482 191.893 26 27 23 393 4
110.071 30.482 191.893 27 27 23 393 4
110.071 30.482 191.893 28 27 23 393 4
110.071 30.482 191.893 29 27 23 393 4
110.071 30.482 191.893 30 27 23 393 4
20.098 120.974 47.951 1 28 23 381 4
228.917 125.294 287.921 2 28 23 21 1
20.098 120.974 47.951 3 28 23 381 4
20.098 120.974 47.951 4 28 23 381 4
20.098 120.974 47.951 5 28 23 381 4
20.098 120.974 47.951 6 28 23 381 4
20.098 120.974 47.951 7 28 23 381 4
20.098 120.974 47.951 8 28 23 381 4
110.071 30.482 191.893 9 28 23 393 4
110.071 30.482 191.893 10 28 23 393 4
110.071 30.482 191.893 11 28 23 393 4
110.071 30.482 191.893 12 28 23 393 4
110.071 30.482 191.893 13 28 23 393 4
110.071 30.482 191.893 14 28 23 393 4
110.071 30.482 191.893 15 28 23 393 4
110.071 30.482 191.893 16 28 23 393 4
110.071 30.482 191.893 17 28 23 393 4
110.071 30.482 191.893 18 28 23 393 4
110.071 30.482 191.893 19 28 23 393 4
110.071 30.482 191.893 20 28 23 393 4
110.071 30.482 191.893 21 28 23 393 4
110.071 30.482 191.893 22 28 23 393 4
110.071 30.482 191.893 23 28 23 393 4
110.071 30.482 191.893 24 28 23 393 4
110.071 30.482 191.893 25 28 23 393 4
110.071 30.482 191.893 26 28 23 393 4
110.071 30.482 191.893 27 28 23 393 4
30.534 112.937 202.014 28 28 23 398 1
30.534 112.937 202.014 29 28 23 398 1
30.534 112.937 202.014 30 28 23 398 1
20.098 120.974 47.951 1 29 23 381 4
20.098 120.974 47.951 2 29 23 381 4
20.098 120.974 47.951 3 29 23 381 4
20.098 120.974 47.951 4 29 23 381 4
20.098 120.974 47.951 5 29 23 381 4
20.098 120.974 47.951 6 29 23 381 4
20.098 120.974 47.951 7 29 23 381 4
20.098 120.974 47.951 8 29 23 381 4
110.071 30.482 191.893 9 29 23 393 4
110.071 30.482 191.893 10 29 23 393 4
110.071 30.482 191.893 11 29 23 393 4
110.071 30.482 191.893 12 29 23 393 4
110.071 30.482 191.893 13 29 23 393 4
110.071 30.482 191.893 14 29 23 393 4
110.071 30.482 191.893 15 29 23 393 4
110.071 30.482 191.893 16 29 23 393 4
110.071 30.482 191.893 17 29 23 393 4
110.071 30.482 191.893 18 29 23 393 4
110.071 30.482 191.893 19 29 23 393 4
110.071 30.482 191.893 20 29 23 393 4
110.071 30.482 191.893 21 29 23 393 4
110.071 30.482 191.893 22 29 23 393 4
110.071 30.482 191.893 23 29 23 393 4
110.071 30.482 191.893 24 29 23 393 4
110.071 30.482 191.893 25 29 23 393 4
110.071 30.482 191.893 26 29 23 393 4
110.071 30.482 191.893 27 29 23 393 4
30.534 112.937 202.014 28 29 23 398 1
30.534 112.937 202.014 29 29 23 398 1
30.534 112.937 202.014 30 29 23 398 1
20.098 120.974 47.951 1 30 23 381 4
20.098 120.974 47.951 2 30 23 381 4
20.098 120.974 47.951 3 30 23 381 4
20.098 120.974 47.951 4 30 23 381 4
20.098 120.974 47.951 5 30 23 381 4
20.098 120.974 47.951 6 30 23 381 4
20.098 120.974 47.951 7 30 23 381 4
20.098 120.974 47.951 8 30 23 381 4
110.071 30.482 191.893 9 30 23 393 4
110.071 30.482 191.893 10 30 23 393 4
110.071 30.482 191.893 11 30 23 393 4
110.071 30.482 191.893 12 30 23 393 4
110.071 30.482 191.893 13 30 23 393 4
110.071 30.482 191.893 14 30 23 393 4
110.071 30.482 191.893 15 30 23 393 4
110.071 30.482 191.893 16 30 23 393 4
110.071 30.482 191.893 17 30 23 393 4
110.071 30.482 191.893 18 30 23 393 4
110.071 30.482 191.893 19 30 23 393 4
110.071 30.482 191.893 20 30 23 393 4
110.071 30.482 191.893 21 30 23 393 4
110.071 30.482 191.893 22 30 23 393 4
110.071 30.482 191.893 23 30 23 393 4
110.071 30.482 191.893 24 30 23 393 4
110.071 30.482 191.893 25 30 23 393 4
110.071 30.482 191.893 26 30 23 393 4
30.534 112.937 202.014 27 30 23 398 1
30.534 112.937 202.014 28 30 23 398 1
30.534 112.937 202.014 29 30 23 398 1
30.534 112.937 202.014 30 30 23 398 1
