137.499 45.234 88.387 1 1 3 328 2
137.499 45.234 88.387 2 1 3 328 2
137.499 45.234 88.387 3 1 3 328 2
132.153 93.102 130.087 4 1 3 64 1
132.153 93.102 130.087 5 1 3 64 1
320.164 63.032 329.240 6 1 3 379 3
320.164 63.032 329.240 7 1 3 379 3
320.164 63.032 329.240 8 1 3 379 3
320.164 63.032 329.240 9 1 3 379 3
320.164 63.032 329.240 10 1 3 379 3
320.164 63.032 329.240 11 1 3 379 3
320.164 63.032 329.240 12 1 3 379 3
320.164 63.032 329.240 13 1 3 379 3
320.164 63.032 329.240 14 1 3 379 3
320.164 63.032 329.240 15 1 3 379 3
320.164 63.032 329.240 16 1 3 379 3
320.164 63.032 329.240 17 1 3 379 3
320.164 63.032 329.240 18 1 3 379 3
320.164 63.032 329.240 19 1 3 379 3
320.164 63.032 329.240 20 1 3 379 3
320.164 63.032 329.240 21 1 3 379 3
320.164 63.032 329.240 22 1 3 379 3
320.164 63.032 329.240 23 1 3 379 3
320.164 63.032 329.240 24 1 3 379 3
320.164 63.032 329.240 25 1 3 379 3
320.164 63.032 329.240 26 1 3 379 3
320.164 63.032 329.240 27 1 3 379 3
104.066 92.919 353.998 28 1 3 67 1
104.066 92.919 353.998 29 1 3 67 1
104.066 92.919 353.998 30 1 3 67 1
137.499 45.234 88.387 1 2 3 328 2
137.499 45.234 88.387 2 2 3 328 2
137.499 45.234 88.387 3 2 3 328 2
132.153 93.102 130.087 4 2 3 64 1
132.153 93.102 130.087 5 2 3 64 1
320.164 63.032 329.240 6 2 3 379 3
320.164 63.032 329.240 7 2 3 379 3
320.164 63.032 329.240 8 2 3 379 3
320.164 63.032 329.240 9 2 3 379 3
320.164 63.032 329.240 10 2 3 379 3
320.164 63.032 329.240 11 2 3 379 3
320.164 63.032 329.240 12 2 3 379 3
320.164 63.032 329.240 13 2 3 379 3
320.164 63.032 329.240 14 2 3 379 3
320.164 63.032 329.240 15 2 3 379 3
320.164 63.032 329.240 16 2 3 379 3
320.164 63.032 329.240 17 2 3 379 3
320.164 63.032 329.240 18 2 3 379 3
320.164 63.032 329.240 19 2 3 379 3
320.164 63.032 329.240 20 2 3 379 3
320.164 63.032 329.240 21 2 3 379 3
320.164 63.032 329.240 22 2 3 379 3
320.164 63.032 329.240 23 2 3 379 3
320.164 63.032 329.240 24 2 3 379 3
320.164 63.032 329.240 25 2 3 379 3
110.569 145.974 104.178 26 2 3 108 1
320.164 63.032 329.240 27 2 3 379 3
104.066 92.919 353.998 28 2 3 67 1
104.066 92.919 353.998 29 2 3 67 1
69.702 59.692 0.942 30 2 3 75 1
137.499 45.234 88.387 1 3 3 328 2
137.499 45.234 88.387 2 3 3 328 2
137.499 45.234 88.387 3 3 3 328 2
137.499 45.234 88.387 4 3 3 328 2
320.164 63.032 329.240 5 3 3 379 3
320.164 63.032 329.240 6 3 3 379 3
320.164 63.032 329.240 7 3 3 379 3
320.164 63.032 329.240 8 3 3 379 3
320.164 63.032 329.240 9 3 3 379 3
320.164 63.032 329.240 10 3 3 379 3
320.164 63.032 329.240 11 3 3 379 3
320.164 63.032 329.240 12 3 3 379 3
320.164 63.032 329.240 13 3 3 379 3
320.164 63.032 329.240 14 3 3 379 3
320.164 63.032 329.240 15 3 3 379 3
320.164 63.032 329.240 16 3 3 379 3
320.164 63.032 329.240 17 3 3 379 3
320.164 63.032 329.240 18 3 3 379 3
320.164 63.032 329.240 19 3 3 379 3
320.164 63.032 329.240 20 3 3 379 3
320.164 63.032 329.240 21 3 3 379 3
320.164 63.032 329.240 22 3 3 379 3
320.164 63.032 329.240 23 3 3 379 3
320.164 63.032 329.240 24 3 3 379 3
320.164 63.032 329.240 25 3 3 379 3
110.569 145.974 104.178 26 3 3 108 1
320.164 63.032 329.240 27 3 3 379 3
104.066 92.919 353.998 28 3 3 67 1
69.702 59.692 0.942 29 3 3 75 1
69.702 59.692 0.942 30 3 3 75 1
137.499 45.234 88.387 1 4 3 328 2
137.499 45.234 88.387 2 4 3 328 2
137.499 45.234 88.387 3 4 3 328 2
137.499 45.234 88.387 4 4 3 328 2
320.164 63.032 329.240 5 4 3 379 3
320.164 63.032 329.240 6 4 3 379 3
320.164 63.032 329.240 7 4 3 379 3
320.164 63.032 329.240 8 4 3 379 3
320.164 63.032 329.240 9 4 3 379 3
320.164 63.032 329.240 10 4 3 379 3
320.164 63.032 329.240 11 4 3 379 3
320.164 63.032 329.240 12 4 3 379 3
320.164 63.032 329.240 13 4 3 379 3
320.164 63.032 329.240 14 4 3 379 3
320.164 63.032 329.240 15 4 3 379 3
320.164 63.032 329.240 16 4 3 379 3
320.164 63.032 329.240 17 4 3 379 3
320.164 63.032 329.240 18 4 3 379 3
320.164 63.032 329.240 19 4 3 379 3
320.164 63.032 329.240 20 4 3 379 3
320.164 63.032 329.240 21 4 3 379 3
320.164 63.032 329.240 22 4 3 379 3
320.164 63.032 329.240 23 4 3 379 3
320.164 63.032 329.240 24 4 3 379 3
320.164 63.032 329.240 25 4 3 379 3
110.569 145.974 104.178 26 4 3 108 1
198.949 87.250 328.208 27 4 3 186 1
198.949 87.250 328.208 28 4 3 186 1
69.702 59.692 0.942 29 4 3 75 1
69.702 59.692 0.942 30 4 3 75 1
137.499 45.234 88.387 1 5 3 328 2
137.499 45.234 88.387 2 5 3 328 2
137.499 45.234 88.387 3 5 3 328 2
320.164 63.032 329.240 4 5 3 379 3
320.164 63.032 329.240 5 5 3 379 3
320.164 63.032 329.240 6 5 3 379 3
320.164 63.032 329.240 7 5 3 379 3
320.164 63.032 329.240 8 5 3 379 3
320.164 63.032 329.240 9 5 3 379 3
320.164 63.032 329.240 10 5 3 379 3
320.164 63.032 329.240 11 5 3 379 3
320.164 63.032 329.240 12 5 3 379 3
320.164 63.032 329.240 13 5 3 379 3
320.164 63.032 329.240 14 5 3 379 3
320.164 63.032 329.240 15 5 3 379 3
320.164 63.032 329.240 16 5 3 379 3
320.164 63.032 329.240 17 5 3 379 3
320.164 63.032 329.240 18 5 3 379 3
320.164 63.032 329.240 19 5 3 379 3
320.164 63.032 329.240 20 5 3 379 3
320.164 63.032 329.240 21 5 3 379 3
320.164 63.032 329.240 22 5 3 379 3
320.164 63.032 329.240 23 5 3 379 3
320.164 63.032 329.240 24 5 3 379 3
320.164 63.032 329.240 25 5 3 379 3
110.569 145.974 104.178 26 5 3 108 1
110.569 145.974 104.178 27 5 3 108 1
69.702 59.692 0.942 28 5 3 75 1
69.702 59.692 0.942 29 5 3 75 1
177.880 64.071 339.341 30 5 3 376 2
137.499 45.234 88.387 1 6 3 328 2
329.299 64.475 93.459 2 6 3 12 1
320.164 63.032 329.240 3 6 3 379 3
320.164 63.032 329.240 4 6 3 379 3
320.164 63.032 329.240 5 6 3 379 3
320.164 63.032 329.240 6 6 3 379 3
320.164 63.032 329.240 7 6 3 379 3
320.164 63.032 329.240 8 6 3 379 3
320.164 63.032 329.240 9 6 3 379 3
320.164 63.032 329.240 10 6 3 379 3
320.164 63.032 329.240 11 6 3 379 3
320.164 63.032 329.240 12 6 3 379 3
320.164 63.032 329.240 13 6 3 379 3
320.164 63.032 329.240 14 6 3 379 3
320.164 63.032 329.240 15 6 3 379 3
320.164 63.032 329.240 16 6 3 379 3
320.164 63.032 329.240 17 6 3 379 3
320.164 63.032 329.240 18 6 3 379 3
320.164 63.032 329.240 19 6 3 379 3
320.164 63.032 329.240 20 6 3 379 3
320.164 63.032 329.240 21 6 3 379 3
320.164 63.032 329.240 22 6 3 379 3
320.164 63.032 329.240 23 6 3 379 3
320.164 63.032 329.240 24 6 3 379 3
122.788 77.785 158.734 25 6 3 348 2
110.569 145.974 104.178 26 6 3 108 1
195.662 58.666 51.460 27 6 3 367 2
195.662 58.666 51.460 28 6 3 367 2
177.880 64.071 339.341 29 6 3 376 2
177.880 64.071 339.341 30 6 3 376 2
329.299 64.475 93.459 1 7 3 12 1
329.299 64.475 93.459 2 7 3 12 1
320.164 63.032 329.240 3 7 3 379 3
320.164 63.032 329.240 4 7 3 379 3
320.164 63.032 329.240 5 7 3 379 3
320.164 63.032 329.240 6 7 3 379 3
320.164 63.032 329.240 7 7 3 379 3
320.164 63.032 329.240 8 7 3 379 3
320.164 63.032 329.240 9 7 3 379 3
320.164 63.032 329.240 10 7 3 379 3
320.164 63.032 329.240 11 7 3 379 3
320.164 63.032 329.240 12 7 3 379 3
320.164 63.032 329.240 13 7 3 379 3
320.164 63.032 329.240 14 7 3 379 3
320.164 63.032 329.240 15 7 3 379 3
320.164 63.032 329.240 16 7 3 379 3
320.164 63.032 329.240 17 7 3 379 3
320.164 63.032 329.240 18 7 3 379 3
320.164 63.032 329.240 19 7 3 379 3
320.164 63.032 329.240 20 7 3 379 3
320.164 63.032 329.240 21 7 3 379 3
320.164 63.032 329.240 22 7 3 379 3
320.164 63.032 329.240 23 7 3 379 3
122.788 77.785 158.734 24 7 3 348 2
110.047 111.708 59.211 25 7 3 336 2
195.662 58.666 51.460 26 7 3 367 2
195.662 58.666 51.460 27 7 3 367 2
195.662 58.666 51.460 28 7 3 367 2
195.662 58.666 51.460 29 7 3 367 2
177.880 64.071 339.341 30 7 3 376 2
329.299 64.475 93.459 1 8 3 12 1
329.299 64.475 93.459 2 8 3 12 1
320.164 63.032 329.240 3 8 3 379 3
320.164 63.032 329.240 4 8 3 379 3
320.164 63.032 329.240 5 8 3 379 3
320.164 63.032 329.240 6 8 3 379 3
320.164 63.032 329.240 7 8 3 379 3
320.164 63.032 329.240 8 8 3 379 3
320.164 63.032 329.240 9 8 3 379 3
320.164 63.032 329.240 10 8 3 379 3
320.164 63.032 329.240 11 8 3 379 3
320.164 63.032 329.240 12 8 3 379 3
320.164 63.032 329.240 13 8 3 379 3
320.164 63.032 329.240 14 8 3 379 3
320.164 63.032 329.240 15 8 3 379 3
320.164 63.032 329.240 16 8 3 379 3
320.164 63.032 329.240 17 8 3 379 3
320.164 63.032 329.240 18 8 3 379 3
320.164 63.032 329.240 19 8 3 379 3
320.164 63.032 329.240 20 8 3 379 3
320.164 63.032 329.240 21 8 3 379 3
320.164 63.032 329.240 22 8 3 379 3
320.164 63.032 329.240 23 8 3 379 3
110.047 111.708 59.211 24 8 3 336 2
110.047 111.708 59.211 25 8 3 336 2
110.047 111.708 59.211 26 8 3 336 2
195.662 58.666 51.460 27 8 3 367 2
195.662 58.666 51.460 28 8 3 367 2
195.662 58.666 51.460 29 8 3 367 2
195.662 58.666 51.460 30 8 3 367 2
329.299 64.475 93.459 1 9 3 12 1
329.299 64.475 93.459 2 9 3 12 1
320.164 63.032 329.240 3 9 3 379 3
320.164 63.032 329.240 4 9 3 379 3
320.164 63.032 329.240 5 9 3 379 3
320.164 63.032 329.240 6 9 3 379 3
320.164 63.032 329.240 7 9 3 379 3
320.164 63.032 329.240 8 9 3 379 3
320.164 63.032 329.240 9 9 3 379 3
320.164 63.032 329.240 10 9 3 379 3
320.164 63.032 329.240 11 9 3 379 3
320.164 63.032 329.240 12 9 3 379 3
320.164 63.032 329.240 13 9 3 379 3
320.164 63.032 329.240 14 9 3 379 3
320.164 63.032 329.240 15 9 3 379 3
320.164 63.032 329.240 16 9 3 379 3
320.164 63.032 329.240 17 9 3 379 3
320.164 63.032 329.240 18 9 3 379 3
320.164 63.032 329.240 19 9 3 379 3
320.164 63.032 329.240 20 9 3 379 3
320.164 63.032 329.240 21 9 3 379 3
326.934 26.777 123.434 22 9 3 416 1
326.934 26.777 123.434 23 9 3 416 1
110.047 111.708 59.211 24 9 3 336 2
110.047 111.708 59.211 25 9 3 336 2
110.047 111.708 59.211 26 9 3 336 2
195.662 58.666 51.460 27 9 3 367 2
195.662 58.666 51.460 28 9 3 367 2
195.662 58.666 51.460 29 9 3 367 2
195.662 58.666 51.460 30 9 3 367 2
320.164 63.032 329.240 1 10 3 379 3
320.164 63.032 329.240 2 10 3 379 3
320.164 63.032 329.240 3 10 3 379 3
320.164 63.032 329.240 4 10 3 379 3
320.164 63.032 329.240 5 10 3 379 3
320.164 63.032 329.240 6 10 3 379 3
320.164 63.032 329.240 7 10 3 379 3
320.164 63.032 329.240 8 10 3 379 3
320.164 63.032 329.240 9 10 3 379 3
320.164 63.032 329.240 10 10 3 379 3
320.164 63.032 329.240 11 10 3 379 3
320.164 63.032 329.240 12 10 3 379 3
320.164 63.032 329.240 13 10 3 379 3
320.164 63.032 329.240 14 10 3 379 3
320.164 63.032 329.240 15 10 3 379 3
320.164 63.032 329.240 16 10 3 379 3
320.164 63.032 329.240 17 10 3 379 3
320.164 63.032 329.240 18 10 3 379 3
320.164 63.032 329.240 19 10 3 379 3
326.934 26.777 123.434 20 10 3 416 1
326.934 26.777 123.434 21 10 3 416 1
326.934 26.777 123.434 22 10 3 416 1
326.934 26.777 123.434 23 10 3 416 1
110.047 111.708 59.211 24 10 3 336 2
110.047 111.708 59.211 25 10 3 336 2
110.047 111.708 59.211 26 10 3 336 2
110.047 111.708 59.211 27 10 3 336 2
195.662 58.666 51.460 28 10 3 367 2
315.002 113.312 229.528 29 10 3 430 1
315.002 113.312 229.528 30 10 3 430 1
320.164 63.032 329.240 1 11 3 379 3
320.164 63.032 329.240 2 11 3 379 3
320.164 63.032 329.240 3 11 3 379 3
320.164 63.032 329.240 4 11 3 379 3
320.164 63.032 329.240 5 11 3 379 3
320.164 63.032 329.240 6 11 3 379 3
320.164 63.032 329.240 7 11 3 379 3
320.164 63.032 329.240 8 11 3 379 3
320.164 63.032 329.240 9 11 3 379 3
320.164 63.032 329.240 10 11 3 379 3
320.164 63.032 329.240 11 11 3 379 3
320.164 63.032 329.240 12 11 3 379 3
320.164 63.032 329.240 13 11 3 379 3
320.164 63.032 329.240 14 11 3 379 3
320.164 63.032 329.240 15 11 3 379 3
320.164 63.032 329.240 16 11 3 379 3
320.164 63.032 329.240 17 11 3 379 3
320.164 63.032 329.240 18 11 3 379 3
326.934 26.777 123.434 19 11 3 416 1
326.934 26.777 123.434 20 11 3 416 1
326.934 26.777 123.434 21 11 3 416 1
326.934 26.777 123.434 22 11 3 416 1
326.934 26.777 123.434 23 11 3 416 1
326.934 26.777 123.434 24 11 3 416 1
110.047 111.708 59.211 25 11 3 336 2
110.047 111.708 59.211 26 11 3 336 2
110.047 111.708 59.211 27 11 3 336 2
110.047 111.708 59.211 28 11 3 336 2
315.002 113.312 229.528 29 11 3 430 1
315.002 113.312 229.528 30 11 3 430 1
12.422 19.219 108.329 1 12 3 127 1
12.422 19.219 108.329 2 12 3 127 1
320.164 63.032 329.240 3 12 3 379 3
320.164 63.032 329.240 4 12 3 379 3
320.164 63.032 329.240 5 12 3 379 3
320.164 63.032 329.240 6 12 3 379 3
32.740 78.265 281.659 7 12 3 111 1
320.164 63.032 329.240 8 12 3 379 3
320.164 63.032 329.240 9 12 3 379 3
320.164 63.032 329.240 10 12 3 379 3
320.164 63.032 329.240 11 12 3 379 3
320.164 63.032 329.240 12 12 3 379 3
320.164 63.032 329.240 13 12 3 379 3
320.164 63.032 329.240 14 12 3 379 3
320.164 63.032 329.240 15 12 3 379 3
320.164 63.032 329.240 16 12 3 379 3
320.164 63.032 329.240 17 12 3 379 3
320.164 63.032 329.240 18 12 3 379 3
326.934 26.777 123.434 19 12 3 416 1
326.934 26.777 123.434 20 12 3 416 1
326.934 26.777 123.434 21 12 3 416 1
326.934 26.777 123.434 22 12 3 416 1
326.934 26.777 123.434 23 12 3 416 1
326.934 26.777 123.434 24 12 3 416 1
110.047 111.708 59.211 25 12 3 336 2
110.047 111.708 59.211 26 12 3 336 2
110.047 111.708 59.211 27 12 3 336 2
110.047 111.708 59.211 28 12 3 336 2
110.047 111.708 59.211 29 12 3 336 2
315.002 113.312 229.528 30 12 3 430 1
320.164 63.032 329.240 1 13 3 379 3
320.164 63.032 329.240 2 13 3 379 3
320.164 63.032 329.240 3 13 3 379 3
320.164 63.032 329.240 4 13 3 379 3
320.164 63.032 329.240 5 13 3 379 3
320.164 63.032 329.240 6 13 3 379 3
320.164 63.032 329.240 7 13 3 379 3
320.164 63.032 329.240 8 13 3 379 3
320.164 63.032 329.240 9 13 3 379 3
320.164 63.032 329.240 10 13 3 379 3
320.164 63.032 329.240 11 13 3 379 3
320.164 63.032 329.240 12 13 3 379 3
320.164 63.032 329.240 13 13 3 379 3
320.164 63.032 329.240 14 13 3 379 3
320.164 63.032 329.240 15 13 3 379 3
320.164 63.032 329.240 16 13 3 379 3
207.398 27.357 103.593 17 13 3 177 1
207.398 27.357 103.593 18 13 3 177 1
207.398 27.357 103.593 19 13 3 177 1
326.934 26.777 123.434 20 13 3 416 1
326.934 26.777 123.434 21 13 3 416 1
326.934 26.777 123.434 22 13 3 416 1
326.934 26.777 123.434 23 13 3 416 1
144.010 133.231 106.310 24 13 3 327 2
110.047 111.708 59.211 25 13 3 336 2
110.047 111.708 59.211 26 13 3 336 2
110.047 111.708 59.211 27 13 3 336 2
110.047 111.708 59.211 28 13 3 336 2
280.565 85.027 12.726 29 13 3 362 2
280.565 85.027 12.726 30 13 3 362 2
302.464 94.407 331.092 1 14 3 255 1
302.464 94.407 331.092 2 14 3 255 1
320.164 63.032 329.240 3 14 3 379 3
320.164 63.032 329.240 4 14 3 379 3
320.164 63.032 329.240 5 14 3 379 3
320.164 63.032 329.240 6 14 3 379 3
320.164 63.032 329.240 7 14 3 379 3
320.164 63.032 329.240 8 14 3 379 3
320.164 63.032 329.240 9 14 3 379 3
320.164 63.032 329.240 10 14 3 379 3
320.164 63.032 329.240 11 14 3 379 3
320.164 63.032 329.240 12 14 3 379 3
320.164 63.032 329.240 13 14 3 379 3
320.164 63.032 329.240 14 14 3 379 3
320.164 63.032 329.240 15 14 3 379 3
70.122 114.044 98.032 16 14 3 15 1
70.122 114.044 98.032 17 14 3 15 1
207.398 27.357 103.593 18 14 3 177 1
123.903 36.002 288.205 19 14 3 374 2
123.903 36.002 288.205 20 14 3 374 2
326.934 26.777 123.434 21 14 3 416 1
226.913 132.018 281.805 22 14 3 181 1
144.010 133.231 106.310 23 14 3 327 2
144.010 133.231 106.310 24 14 3 327 2
280.565 85.027 12.726 25 14 3 362 2
280.565 85.027 12.726 26 14 3 362 2
280.565 85.027 12.726 27 14 3 362 2
280.565 85.027 12.726 28 14 3 362 2
280.565 85.027 12.726 29 14 3 362 2
280.565 85.027 12.726 30 14 3 362 2
320.164 63.032 329.240 1 15 3 379 3
320.164 63.032 329.240 2 15 3 379 3
320.164 63.032 329.240 3 15 3 379 3
320.164 63.032 329.240 4 15 3 379 3
320.164 63.032 329.240 5 15 3 379 3
320.164 63.032 329.240 6 15 3 379 3
320.164 63.032 329.240 7 15 3 379 3
320.164 63.032 329.240 8 15 3 379 3
320.164 63.032 329.240 9 15 3 379 3
320.164 63.032 329.240 10 15 3 379 3
320.164 63.032 329.240 11 15 3 379 3
320.164 63.032 329.240 12 15 3 379 3
320.164 63.032 329.240 13 15 3 379 3
320.164 63.032 329.240 14 15 3 379 3
351.596 105.711 233.925 15 15 3 377 2
70.122 114.044 98.032 16 15 3 15 1
70.122 114.044 98.032 17 15 3 15 1
139.451 91.665 105.844 18 15 3 275 1
139.451 91.665 105.844 19 15 3 275 1
139.451 91.665 105.844 20 15 3 275 1
139.451 91.665 105.844 21 15 3 275 1
226.913 132.018 281.805 22 15 3 181 1
144.010 133.231 106.310 23 15 3 327 2
144.010 133.231 106.310 24 15 3 327 2
280.565 85.027 12.726 25 15 3 362 2
280.565 85.027 12.726 26 15 3 362 2
132.286 34.502 47.544 27 15 3 266 1
280.565 85.027 12.726 28 15 3 362 2
280.565 85.027 12.726 29 15 3 362 2
280.565 85.027 12.726 30 15 3 362 2
204.955 79.074 166.134 1 16 3 241 1
204.955 79.074 166.134 2 16 3 241 1
169.288 64.920 120.160 3 16 3 356 2
320.164 63.032 329.240 4 16 3 379 3
320.164 63.032 329.240 5 16 3 379 3
320.164 63.032 329.240 6 16 3 379 3
320.164 63.032 329.240 7 16 3 379 3
320.164 63.032 329.240 8 16 3 379 3
287.027 24.941 348.276 9 16 3 391 4
287.027 24.941 348.276 10 16 3 391 4
287.027 24.941 348.276 11 16 3 391 4
287.027 24.941 348.276 12 16 3 391 4
287.027 24.941 348.276 13 16 3 391 4
287.027 24.941 348.276 14 16 3 391 4
351.596 105.711 233.925 15 16 3 377 2
70.122 114.044 98.032 16 16 3 15 1
139.451 91.665 105.844 17 16 3 275 1
139.451 91.665 105.844 18 16 3 275 1
139.451 91.665 105.844 19 16 3 275 1
139.451 91.665 105.844 20 16 3 275 1
139.451 91.665 105.844 21 16 3 275 1
139.451 91.665 105.844 22 16 3 275 1
144.010 133.231 106.310 23 16 3 327 2
280.565 85.027 12.726 24 16 3 362 2
280.565 85.027 12.726 25 16 3 362 2
280.565 85.027 12.726 26 16 3 362 2
280.565 85.027 12.726 27 16 3 362 2
280.565 85.027 12.726 28 16 3 362 2
280.565 85.027 12.726 29 16 3 362 2
280.565 85.027 12.726 30 16 3 362 2
204.955 79.074 166.134 1 17 3 241 1
204.955 79.074 166.134 2 17 3 241 1
169.288 64.920 120.160 3 17 3 356 2
169.288 64.920 120.160 4 17 3 356 2
169.288 64.920 120.160 5 17 3 356 2
320.164 63.032 329.240 6 17 3 379 3
287.027 24.941 348.276 7 17 3 391 4
287.027 24.941 348.276 8 17 3 391 4
287.027 24.941 348.276 9 17 3 391 4
287.027 24.941 348.276 10 17 3 391 4
287.027 24.941 348.276 11 17 3 391 4
287.027 24.941 348.276 12 17 3 391 4
287.027 24.941 348.276 13 17 3 391 4
287.027 24.941 348.276 14 17 3 391 4
287.027 24.941 348.276 15 17 3 391 4
194.253 51.371 75.087 16 17 3 386 4
194.253 51.371 75.087 17 17 3 386 4
194.253 51.371 75.087 18 17 3 386 4
194.253 51.371 75.087 19 17 3 386 4
139.451 91.665 105.844 20 17 3 275 1
194.253 51.371 75.087 21 17 3 386 4
194.253 51.371 75.087 22 17 3 386 4
194.253 51.371 75.087 23 17 3 386 4
280.565 85.027 12.726 24 17 3 362 2
280.565 85.027 12.726 25 17 3 362 2
280.565 85.027 12.726 26 17 3 362 2
280.565 85.027 12.726 27 17 3 362 2
280.565 85.027 12.726 28 17 3 362 2
280.565 85.027 12.726 29 17 3 362 2
280.565 85.027 12.726 30 17 3 362 2
204.955 79.074 166.134 1 18 3 241 1
204.955 79.074 166.134 2 18 3 241 1
169.288 64.920 120.160 3 18 3 356 2
169.288 64.920 120.160 4 18 3 356 2
169.288 64.920 120.160 5 18 3 356 2
287.027 24.941 348.276 6 18 3 391 4
287.027 24.941 348.276 7 18 3 391 4
287.027 24.941 348.276 8 18 3 391 4
287.027 24.941 348.276 9 18 3 391 4
287.027 24.941 348.276 10 18 3 391 4
287.027 24.941 348.276 11 18 3 391 4
287.027 24.941 348.276 12 18 3 391 4
287.027 24.941 348.276 13 18 3 391 4
287.027 24.941 348.276 14 18 3 391 4
287.027 24.941 348.276 15 18 3 391 4
194.253 51.371 75.087 16 18 3 386 4
194.253 51.371 75.087 17 18 3 386 4
194.253 51.371 75.087 18 18 3 386 4
194.253 51.371 75.087 19 18 3 386 4
194.253 51.371 75.087 20 18 3 386 4
194.253 51.371 75.087 21 18 3 386 4
194.253 51.371 75.087 22 18 3 386 4
194.253 51.371 75.087 23 18 3 386 4
146.682 13.728 123.741 24 18 3 333 2
146.682 13.728 123.741 25 18 3 333 2
280.565 85.027 12.726 26 18 3 362 2
280.565 85.027 12.726 27 18 3 362 2
280.565 85.027 12.726 28 18 3 362 2
280.565 85.027 12.726 29 18 3 362 2
280.565 85.027 12.726 30 18 3 362 2
204.955 79.074 166.134 1 19 3 241 1
347.314 175.925 214.970 2 19 3 233 1
347.314 175.925 214.970 3 19 3 233 1
123.347 88.041 301.532 4 19 3 202 1
123.347 88.041 301.532 5 19 3 202 1
287.027 24.941 348.276 6 19 3 391 4
287.027 24.941 348.276 7 19 3 391 4
287.027 24.941 348.276 8 19 3 391 4
287.027 24.941 348.276 9 19 3 391 4
287.027 24.941 348.276 10 19 3 391 4
287.027 24.941 348.276 11 19 3 391 4
287.027 24.941 348.276 12 19 3 391 4
287.027 24.941 348.276 13 19 3 391 4
287.027 24.941 348.276 14 19 3 391 4
287.027 24.941 348.276 15 19 3 391 4
287.027 24.941 348.276 16 19 3 391 4
194.253 51.371 75.087 17 19 3 386 4
194.253 51.371 75.087 18 19 3 386 4
194.253 51.371 75.087 19 19 3 386 4
194.253 51.371 75.087 20 19 3 386 4
194.253 51.371 75.087 21 19 3 386 4
194.253 51.371 75.087 22 19 3 386 4
146.682 13.728 123.741 23 19 3 333 2
146.682 13.728 123.741 24 19 3 333 2
146.682 13.728 123.741 25 19 3 333 2
146.682 13.728 123.741 26 19 3 333 2
280.565 85.027 12.726 27 19 3 362 2
280.565 85.027 12.726 28 19 3 362 2
280.565 85.027 12.726 29 19 3 362 2
280.565 85.027 12.726 30 19 3 362 2
119.751 54.075 53.964 1 20 3 365 2
347.314 175.925 214.970 2 20 3 233 1
347.314 175.925 214.970 3 20 3 233 1
123.347 88.041 301.532 4 20 3 202 1
123.347 88.041 301.532 5 20 3 202 1
287.027 24.941 348.276 6 20 3 391 4
287.027 24.941 348.276 7 20 3 391 4
287.027 24.941 348.276 8 20 3 391 4
287.027 24.941 348.276 9 20 3 391 4
287.027 24.941 348.276 10 20 3 391 4
287.027 24.941 348.276 11 20 3 391 4
287.027 24.941 348.276 12 20 3 391 4
287.027 24.941 348.276 13 20 3 391 4
287.027 24.941 348.276 14 20 3 391 4
287.027 24.941 348.276 15 20 3 391 4
287.027 24.941 348.276 16 20 3 391 4
194.253 51.371 75.087 17 20 3 386 4
194.253 51.371 75.087 18 20 3 386 4
194.253 51.371 75.087 19 20 3 386 4
194.253 51.371 75.087 20 20 3 386 4
194.253 51.371 75.087 21 20 3 386 4
194.253 51.371 75.087 22 20 3 386 4
146.682 13.728 123.741 23 20 3 333 2
146.682 13.728 123.741 24 20 3 333 2
146.682 13.728 123.741 25 20 3 333 2
146.682 13.728 123.741 26 20 3 333 2
146.682 13.728 123.741 27 20 3 333 2
279.467 139.445 303.141 28 20 3 317 2
247.695 45.142 195.213 29 20 3 184 1
311.371 72.815 85.686 30 20 3 392 4
119.751 54.075 53.964 1 21 3 365 2
119.751 54.075 53.964 2 21 3 365 2
347.314 175.925 214.970 3 21 3 233 1
123.347 88.041 301.532 4 21 3 202 1
123.347 88.041 301.532 5 21 3 202 1
287.027 24.941 348.276 6 21 3 391 4
287.027 24.941 348.276 7 21 3 391 4
287.027 24.941 348.276 8 21 3 391 4
287.027 24.941 348.276 9 21 3 391 4
287.027 24.941 348.276 10 21 3 391 4
287.027 24.941 348.276 11 21 3 391 4
287.027 24.941 348.276 12 21 3 391 4
287.027 24.941 348.276 13 21 3 391 4
287.027 24.941 348.276 14 21 3 391 4
287.027 24.941 348.276 15 21 3 391 4
287.027 24.941 348.276 16 21 3 391 4
287.027 24.941 348.276 17 21 3 391 4
194.253 51.371 75.087 18 21 3 386 4
194.253 51.371 75.087 19 21 3 386 4
194.253 51.371 75.087 20 21 3 386 4
146.682 13.728 123.741 21 21 3 333 2
146.682 13.728 123.741 22 21 3 333 2
146.682 13.728 123.741 23 21 3 333 2
146.682 13.728 123.741 24 21 3 333 2
146.682 13.728 123.741 25 21 3 333 2
146.682 13.728 123.741 26 21 3 333 2
146.682 13.728 123.741 27 21 3 333 2
279.467 139.445 303.141 28 21 3 317 2
279.467 139.445 303.141 29 21 3 317 2
311.371 72.815 85.686 30 21 3 392 4
119.751 54.075 53.964 1 22 3 365 2
119.751 54.075 53.964 2 22 3 365 2
20.098 120.974 47.951 3 22 3 381 4
20.098 120.974 47.951 4 22 3 381 4
20.098 120.974 47.951 5 22 3 381 4
20.098 120.974 47.951 6 22 3 381 4
287.027 24.941 348.276 7 22 3 391 4
287.027 24.941 348.276 8 22 3 391 4
287.027 24.941 348.276 9 22 3 391 4
287.027 24.941 348.276 10 22 3 391 4
287.027 24.941 348.276 11 22 3 391 4
287.027 24.941 348.276 12 22 3 391 4
287.027 24.941 348.276 13 22 3 391 4
287.027 24.941 348.276 14 22 3 391 4
287.027 24.941 348.276 15 22 3 391 4
287.027 24.941 348.276 16 22 3 391 4
287.027 24.941 348.276 17 22 3 391 4
287.027 24.941 348.276 18 22 3 391 4
287.027 24.941 348.276 19 22 3 391 4
146.682 13.728 123.741 20 22 3 333 2
146.682 13.728 123.741 21 22 3 333 2
146.682 13.728 123.741 22 22 3 333 2
146.682 13.728 123.741 23 22 3 333 2
146.682 13.728 123.741 24 22 3 333 2
146.682 13.728 123.741 25 22 3 333 2
146.682 13.728 123.741 26 22 3 333 2
146.682 13.728 123.741 27 22 3 333 2
279.467 139.445 303.141 28 22 3 317 2
279.467 139.445 303.141 29 22 3 317 2
311.371 72.815 85.686 30 22 3 392 4
20.098 120.974 47.951 1 23 3 381 4
20.098 120.974 47.951 2 23 3 381 4
20.098 120.974 47.951 3 23 3 381 4
20.098 120.974 47.951 4 23 3 381 4
20.098 120.974 47.951 5 23 3 381 4
20.098 120.974 47.951 6 23 3 381 4
287.027 24.941 348.276 7 23 3 391 4
287.027 24.941 348.276 8 23 3 391 4
287.027 24.941 348.276 9 23 3 391 4
287.027 24.941 348.276 10 23 3 391 4
287.027 24.941 348.276 11 23 3 391 4
287.027 24.941 348.276 12 23 3 391 4
287.027 24.941 348.276 13 23 3 391 4
287.027 24.941 348.276 14 23 3 391 4
287.027 24.941 348.276 15 23 3 391 4
287.027 24.941 348.276 16 23 3 391 4
287.027 24.941 348.276 17 23 3 391 4
287.027 24.941 348.276 18 23 3 391 4
287.027 24.941 348.276 19 23 3 391 4
146.682 13.728 123.741 20 23 3 333 2
146.682 13.728 123.741 21 23 3 333 2
146.682 13.728 123.741 22 23 3 333 2
146.682 13.728 123.741 23 23 3 333 2
146.682 13.728 123.741 24 23 3 333 2
146.682 13.728 123.741 25 23 3 333 2
146.682 13.728 123.741 26 23 3 333 2
146.682 13.728 123.741 27 23 3 333 2
146.682 13.728 123.741 28 23 3 333 2
311.371 72.815 85.686 29 23 3 392 4
311.371 72.815 85.686 30 23 3 392 4
20.098 120.974 47.951 1 24 3 381 4
20.098 120.974 47.951 2 24 3 381 4
20.098 120.974 47.951 3 24 3 381 4
20.098 120.974 47.951 4 24 3 381 4
20.098 120.974 47.951 5 24 3 381 4
20.098 120.974 47.951 6 24 3 381 4
20.098 120.974 47.951 7 24 3 381 4
287.027 24.941 348.276 8 24 3 391 4
287.027 24.941 348.276 9 24 3 391 4
287.027 24.941 348.276 10 24 3 391 4
287.027 24.941 348.276 11 24 3 391 4
287.027 24.941 348.276 12 24 3 391 4
287.027 24.941 348.276 13 24 3 391 4
287.027 24.941 348.276 14 24 3 391 4
287.027 24.941 348.276 15 24 3 391 4
287.027 24.941 348.276 16 24 3 391 4
287.027 24.941 348.276 17 24 3 391 4
287.027 24.941 348.276 18 24 3 391 4
287.027 24.941 348.276 19 24 3 391 4
146.682 13.728 123.741 20 24 3 333 2
146.682 13.728 123.741 21 24 3 333 2
146.682 13.728 123.741 22 24 3 333 2
146.682 13.728 123.741 23 24 3 333 2
146.682 13.728 123.741 24 24 3 333 2
146.682 13.728 123.741 25 24 3 333 2
146.682 13.728 123.741 26 24 3 333 2
146.682 13.728 123.741 27 24 3 333 2
146.682 13.728 123.741 28 24 3 333 2
146.682 13.728 123.741 29 24 3 333 2
311.371 72.815 85.686 30 24 3 392 4
20.098 120.974 47.951 1 25 3 381 4
20.098 120.974 47.951 2 25 3 381 4
20.098 120.974 47.951 3 25 3 381 4
20.098 120.974 47.951 4 25 3 381 4
20.098 120.974 47.951 5 25 3 381 4
20.098 120.974 47.951 6 25 3 381 4
20.098 120.974 47.951 7 25 3 381 4
287.027 24.941 348.276 8 25 3 391 4
287.027 24.941 348.276 9 25 3 391 4
287.027 24.941 348.276 10 25 3 391 4
287.027 24.941 348.276 11 25 3 391 4
287.027 24.941 348.276 12 25 3 391 4
287.027 24.941 348.276 13 25 3 391 4
287.027 24.941 348.276 14 25 3 391 4
287.027 24.941 348.276 15 25 3 391 4
287.027 24.941 348.276 16 25 3 391 4
287.027 24.941 348.276 17 25 3 391 4
287.027 24.941 348.276 18 25 3 391 4
287.027 24.941 348.276 19 25 3 391 4
146.682 13.728 123.741 20 25 3 333 2
146.682 13.728 123.741 21 25 3 333 2
146.682 13.728 123.741 22 25 3 333 2
146.682 13.728 123.741 23 25 3 333 2
146.682 13.728 123.741 24 25 3 333 2
146.682 13.728 123.741 25 25 3 333 2
146.682 13.728 123.741 26 25 3 333 2
146.682 13.728 123.741 27 25 3 333 2
146.682 13.728 123.741 28 25 3 333 2
347.929 154.870 212.681 29 25 3 265 1
347.929 154.870 212.681 30 25 3 265 1
20.098 120.974 47.951 1 26 3 381 4
20.098 120.974 47.951 2 26 3 381 4
20.098 120.974 47.951 3 26 3 381 4
20.098 120.974 47.951 4 26 3 381 4
20.098 120.974 47.951 5 26 3 381 4
20.098 120.974 47.951 6 26 3 381 4
20.098 120.974 47.951 7 26 3 381 4
287.027 24.941 348.276 8 26 3 391 4
287.027 24.941 348.276 9 26 3 391 4
287.027 24.941 348.276 10 26 3 391 4
287.027 24.941 348.276 11 26 3 391 4
287.027 24.941 348.276 12 26 3 391 4
287.027 24.941 348.276 13 26 3 391 4
287.027 24.941 348.276 14 26 3 391 4
287.027 24.941 348.276 15 26 3 391 4
287.027 24.941 348.276 16 26 3 391 4
287.027 24.941 348.276 17 26 3 391 4
287.027 24.941 348.276 18 26 3 391 4
287.027 24.941 348.276 19 26 3 391 4
146.682 13.728 123.741 20 26 3 333 2
146.682 13.728 123.741 21 26 3 333 2
146.682 13.728 123.741 22 26 3 333 2
146.682 13.728 123.741 23 26 3 333 2
146.682 13.728 123.741 24 26 3 333 2
146.682 13.728 123.741 25 26 3 333 2
146.682 13.728 123.741 26 26 3 333 2
146.682 13.728 123.741 27 26 3 333 2
347.929 154.870 212.681 28 26 3 265 1
347.929 154.870 212.681 29 26 3 265 1
347.929 154.870 212.681 30 26 3 265 1
20.098 120.974 47.951 1 27 3 381 4
20.098 120.974 47.951 2 27 3 381 4
20.098 120.974 47.951 3 27 3 381 4
20.098 120.974 47.951 4 27 3 381 4
20.098 120.974 47.951 5 27 3 381 4
20.098 120.974 47.951 6 27 3 381 4
20.098 120.974 47.951 7 27 3 381 4
20.098 120.974 47.951 8 27 3 381 4
287.027 24.941 348.276 9 27 3 391 4
287.027 24.941 348.276 10 27 3 391 4
287.027 24.941 348.276 11 27 3 391 4
287.027 24.941 348.276 12 27 3 391 4
287.027 24.941 348.276 13 27 3 391 4
287.027 24.941 348.276 14 27 3 391 4
287.027 24.941 348.276 15 27 3 391 4
287.027 24.941 348.276 16 27 3 391 4
287.027 24.941 348.276 17 27 3 391 4
287.027 24.941 348.276 18 27 3 391 4
287.027 24.941 348.276 19 27 3 391 4
146.682 13.728 123.741 20 27 3 333 2
146.682 13.728 123.741 21 27 3 333 2
146.682 13.728 123.741 22 27 3 333 2
146.682 13.728 123.741 23 27 3 333 2
146.682 13.728 123.741 24 27 3 333 2
146.682 13.728 123.741 25 27 3 333 2
146.682 13.728 123.741 26 27 3 333 2
146.682 13.728 123.741 27 27 3 333 2
347.929 154.870 212.681 28 27 3 265 1
347.929 154.870 212.681 29 27 3 265 1
347.929 154.870 212.681 30 27 3 265 1
20.098 120.974 47.951 1 28 3 381 4
20.098 120.974 47.951 2 28 3 381 4
20.098 120.974 47.951 3 28 3 381 4
20.098 120.974 47.951 4 28 3 381 4
20.098 120.974 47.951 5 28 3 381 4
20.098 120.974 47.951 6 28 3 381 4
20.098 120.974 47.951 7 28 3 381 4
20.098 120.974 47.951 8 28 3 381 4
287.027 24.941 348.276 9 28 3 391 4
287.027 24.941 348.276 10 28 3 391 4
287.027 24.941 348.276 11 28 3 391 4
287.027 24.941 348.276 12 28 3 391 4
287.027 24.941 348.276 13 28 3 391 4
287.027 24.941 348.276 14 28 3 391 4
287.027 24.941 348.276 15 28 3 391 4
287.027 24.941 348.276 16 28 3 391 4
287.027 24.941 348.276 17 28 3 391 4
287.027 24.941 348.276 18 28 3 391 4
287.027 24.941 348.276 19 28 3 391 4
146.682 13.728 123.741 20 28 3 333 2
146.682 13.728 123.741 21 28 3 333 2
146.682 13.728 123.741 22 28 3 333 2
146.682 13.728 123.741 23 28 3 333 2
146.682 13.728 123.741 24 28 3 333 2
146.682 13.728 123.741 25 28 3 333 2
146.682 13.728 123.741 26 28 3 333 2
146.682 13.728 123.741 27 28 3 333 2
347.929 154.870 212.681 28 28 3 265 1
347.929 154.870 212.681 29 28 3 265 1
347.929 154.870 212.681 30 28 3 265 1
20.098 120.974 47.951 1 29 3 381 4
306.173 132.119 263.500 2 29 3 9 1
20.098 120.974 47.951 3 29 3 381 4
20.098 120.974 47.951 4 29 3 381 4
20.098 120.974 47.951 5 29 3 381 4
20.098 120.974 47.951 6 29 3 381 4
20.098 120.974 47.951 7 29 3 381 4
20.098 120.974 47.951 8 29 3 381 4
287.027 24.941 348.276 9 29 3 391 4
287.027 24.941 348.276 10 29 3 391 4
287.027 24.941 348.276 11 29 3 391 4
287.027 24.941 348.276 12 29 3 391 4
287.027 24.941 348.276 13 29 3 391 4
287.027 24.941 348.276 14 29 3 391 4
287.027 24.941 348.276 15 29 3 391 4
287.027 24.941 348.276 16 29 3 391 4
287.027 24.941 348.276 17 29 3 391 4
287.027 24.941 348.276 18 29 3 391 4
287.027 24.941 348.276 19 29 3 391 4
146.682 13.728 123.741 20 29 3 333 2
146.682 13.728 123.741 21 29 3 333 2
146.682 13.728 123.741 22 29 3 333 2
146.682 13.728 123.741 23 29 3 333 2
146.682 13.728 123.741 24 29 3 333 2
146.682 13.728 123.741 25 29 3 333 2
146.682 13.728 123.741 26 29 3 333 2
146.682 13.728 123.741 27 29 3 333 2
347.929 154.870 212.681 28 29 3 265 1
347.929 154.870 212.681 29 29 3 265 1
347.929 154.870 212.681 30 29 3 265 1
20.098 120.974 47.951 1 30 3 381 4
20.098 120.974 47.951 2 30 3 381 4
20.098 120.974 47.951 3 30 3 381 4
20.098 120.974 47.951 4 30 3 381 4
20.098 120.974 47.951 5 30 3 381 4
103.472 86.992 231.993 6 30 3 89 1
103.472 86.992 231.993 7 30 3 89 1
103.472 86.992 231.993 8 30 3 89 1
287.027 24.941 348.276 9 30 3 391 4
287.027 24.941 348.276 10 30 3 391 4
287.027 24.941 348.276 11 30 3 391 4
287.027 24.941 348.276 12 30 3 391 4
287.027 24.941 348.276 13 30 3 391 4
287.027 24.941 348.276 14 30 3 391 4
287.027 24.941 348.276 15 30 3 391 4
287.027 24.941 348.276 16 30 3 391 4
287.027 24.941 348.276 17 30 3 391 4
287.027 24.941 348.276 18 30 3 391 4
287.027 24.941 348.276 19 30 3 391 4
146.682 13.728 123.741 20 30 3 333 2
146.682 13.728 123.741 21 30 3 333 2
146.682 13.728 123.741 22 30 3 333 2
146.682 13.728 123.741 23 30 3 333 2
146.682 13.728 123.741 24 30 3 333 2
146.682 13.728 123.741 25 30 3 333 2
146.682 13.728 123.741 26 30 3 333 2
146.682 13.728 123.741 27 30 3 333 2
347.929 154.870 212.681 28 30 3 265 1
347.929 154.870 212.681 29 30 3 265 1
347.929 154.870 212.681 30 30 3 265 1
