137.499 45.234 88.387 1 1 7 328 2
320.164 63.032 329.240 2 1 7 379 3
320.164 63.032 329.240 3 1 7 379 3
320.164 63.032 329.240 4 1 7 379 3
320.164 63.032 329.240 5 1 7 379 3
320.164 63.032 329.240 6 1 7 379 3
320.164 63.032 329.240 7 1 7 379 3
320.164 63.032 329.240 8 1 7 379 3
320.164 63.032 329.240 9 1 7 379 3
320.164 63.032 329.240 10 1 7 379 3
320.164 63.032 329.240 11 1 7 379 3
320.164 63.032 329.240 12 1 7 379 3
320.164 63.032 329.240 13 1 7 379 3
320.164 63.032 329.240 14 1 7 379 3
320.164 63.032 329.240 15 1 7 379 3
320.164 63.032 329.240 16 1 7 379 3
320.164 63.032 329.240 17 1 7 379 3
320.164 63.032 329.240 18 1 7 379 3
320.164 63.032 329.240 19 1 7 379 3
320.164 63.032 329.240 20 1 7 379 3
320.164 63.032 329.240 21 1 7 379 3
320.164 63.032 329.240 22 1 7 379 3
320.164 63.032 329.240 23 1 7 379 3
320.164 63.032 329.240 24 1 7 379 3
320.164 63.032 329.240 25 1 7 379 3
320.164 63.032 329.240 26 1 7 379 3
320.164 63.032 329.240 27 1 7 379 3
320.164 63.032 329.240 28 1 7 379 3
320.164 63.032 329.240 29 1 7 379 3
320.164 63.032 329.240 30 1 7 379 3
137.499 45.234 88.387 1 2 7 328 2
137.499 45.234 88.387 2 2 7 328 2
320.164 63.032 329.240 3 2 7 379 3
320.164 63.032 329.240 4 2 7 379 3
320.164 63.032 329.240 5 2 7 379 3
320.164 63.032 329.240 6 2 7 379 3
320.164 63.032 329.240 7 2 7 379 3
320.164 63.032 329.240 8 2 7 379 3
320.164 63.032 329.240 9 2 7 379 3
320.164 63.032 329.240 10 2 7 379 3
320.164 63.032 329.240 11 2 7 379 3
320.164 63.032 329.240 12 2 7 379 3
320.164 63.032 329.240 13 2 7 379 3
320.164 63.032 329.240 14 2 7 379 3
320.164 63.032 329.240 15 2 7 379 3
320.164 63.032 329.240 16 2 7 379 3
320.164 63.032 329.240 17 2 7 379 3
320.164 63.032 329.240 18 2 7 379 3
320.164 63.032 329.240 19 2 7 379 3
320.164 63.032 329.240 20 2 7 379 3
320.164 63.032 329.240 21 2 7 379 3
320.164 63.032 329.240 22 2 7 379 3
320.164 63.032 329.240 23 2 7 379 3
320.164 63.032 329.240 24 2 7 379 3
320.164 63.032 329.240 25 2 7 379 3
320.164 63.032 329.240 26 2 7 379 3
320.164 63.032 329.240 27 2 7 379 3
320.164 63.032 329.240 28 2 7 379 3
104.066 92.919 353.998 29 2 7 67 1
104.066 92.919 353.998 30 2 7 67 1
137.499 45.234 88.387 1 3 7 328 2
137.499 45.234 88.387 2 3 7 328 2
320.164 63.032 329.240 3 3 7 379 3
320.164 63.032 329.240 4 3 7 379 3
320.164 63.032 329.240 5 3 7 379 3
320.164 63.032 329.240 6 3 7 379 3
320.164 63.032 329.240 7 3 7 379 3
320.164 63.032 329.240 8 3 7 379 3
320.164 63.032 329.240 9 3 7 379 3
320.164 63.032 329.240 10 3 7 379 3
320.164 63.032 329.240 11 3 7 379 3
320.164 63.032 329.240 12 3 7 379 3
320.164 63.032 329.240 13 3 7 379 3
320.164 63.032 329.240 14 3 7 379 3
320.164 63.032 329.240 15 3 7 379 3
320.164 63.032 329.240 16 3 7 379 3
320.164 63.032 329.240 17 3 7 379 3
320.164 63.032 329.240 18 3 7 379 3
320.164 63.032 329.240 19 3 7 379 3
320.164 63.032 329.240 20 3 7 379 3
320.164 63.032 329.240 21 3 7 379 3
320.164 63.032 329.240 22 3 7 379 3
320.164 63.032 329.240 23 3 7 379 3
320.164 63.032 329.240 24 3 7 379 3
320.164 63.032 329.240 25 3 7 379 3
320.164 63.032 329.240 26 3 7 379 3
320.164 63.032 329.240 27 3 7 379 3
44.719 117.084 89.779 28 3 7 282 1
44.719 117.084 89.779 29 3 7 282 1
44.719 117.084 89.779 30 3 7 282 1
137.499 45.234 88.387 1 4 7 328 2
137.499 45.234 88.387 2 4 7 328 2
320.164 63.032 329.240 3 4 7 379 3
320.164 63.032 329.240 4 4 7 379 3
320.164 63.032 329.240 5 4 7 379 3
320.164 63.032 329.240 6 4 7 379 3
320.164 63.032 329.240 7 4 7 379 3
320.164 63.032 329.240 8 4 7 379 3
320.164 63.032 329.240 9 4 7 379 3
320.164 63.032 329.240 10 4 7 379 3
320.164 63.032 329.240 11 4 7 379 3
320.164 63.032 329.240 12 4 7 379 3
320.164 63.032 329.240 13 4 7 379 3
320.164 63.032 329.240 14 4 7 379 3
320.164 63.032 329.240 15 4 7 379 3
320.164 63.032 329.240 16 4 7 379 3
320.164 63.032 329.240 17 4 7 379 3
320.164 63.032 329.240 18 4 7 379 3
320.164 63.032 329.240 19 4 7 379 3
320.164 63.032 329.240 20 4 7 379 3
320.164 63.032 329.240 21 4 7 379 3
320.164 63.032 329.240 22 4 7 379 3
320.164 63.032 329.240 23 4 7 379 3
320.164 63.032 329.240 24 4 7 379 3
320.164 63.032 329.240 25 4 7 379 3
320.164 63.032 329.240 26 4 7 379 3
44.719 117.084 89.779 27 4 7 282 1
44.719 117.084 89.779 28 4 7 282 1
44.719 117.084 89.779 29 4 7 282 1
44.719 117.084 89.779 30 4 7 282 1
320.164 63.032 329.240 1 5 7 379 3
320.164 63.032 329.240 2 5 7 379 3
320.164 63.032 329.240 3 5 7 379 3
320.164 63.032 329.240 4 5 7 379 3
320.164 63.032 329.240 5 5 7 379 3
320.164 63.032 329.240 6 5 7 379 3
320.164 63.032 329.240 7 5 7 379 3
320.164 63.032 329.240 8 5 7 379 3
320.164 63.032 329.240 9 5 7 379 3
320.164 63.032 329.240 10 5 7 379 3
320.164 63.032 329.240 11 5 7 379 3
320.164 63.032 329.240 12 5 7 379 3
320.164 63.032 329.240 13 5 7 379 3
320.164 63.032 329.240 14 5 7 379 3
320.164 63.032 329.240 15 5 7 379 3
320.164 63.032 329.240 16 5 7 379 3
320.164 63.032 329.240 17 5 7 379 3
320.164 63.032 329.240 18 5 7 379 3
320.164 63.032 329.240 19 5 7 379 3
320.164 63.032 329.240 20 5 7 379 3
320.164 63.032 329.240 21 5 7 379 3
320.164 63.032 329.240 22 5 7 379 3
320.164 63.032 329.240 23 5 7 379 3
320.164 63.032 329.240 24 5 7 379 3
320.164 63.032 329.240 25 5 7 379 3
320.164 63.032 329.240 26 5 7 379 3
44.719 117.084 89.779 27 5 7 282 1
44.719 117.084 89.779 28 5 7 282 1
44.719 117.084 89.779 29 5 7 282 1
18.855 71.941 336.034 30 5 7 290 1
320.164 63.032 329.240 1 6 7 379 3
320.164 63.032 329.240 2 6 7 379 3
320.164 63.032 329.240 3 6 7 379 3
320.164 63.032 329.240 4 6 7 379 3
320.164 63.032 329.240 5 6 7 379 3
320.164 63.032 329.240 6 6 7 379 3
320.164 63.032 329.240 7 6 7 379 3
320.164 63.032 329.240 8 6 7 379 3
320.164 63.032 329.240 9 6 7 379 3
320.164 63.032 329.240 10 6 7 379 3
320.164 63.032 329.240 11 6 7 379 3
320.164 63.032 329.240 12 6 7 379 3
320.164 63.032 329.240 13 6 7 379 3
320.164 63.032 329.240 14 6 7 379 3
320.164 63.032 329.240 15 6 7 379 3
320.164 63.032 329.240 16 6 7 379 3
320.164 63.032 329.240 17 6 7 379 3
320.164 63.032 329.240 18 6 7 379 3
320.164 63.032 329.240 19 6 7 379 3
320.164 63.032 329.240 20 6 7 379 3
320.164 63.032 329.240 21 6 7 379 3
320.164 63.032 329.240 22 6 7 379 3
320.164 63.032 329.240 23 6 7 379 3
320.164 63.032 329.240 24 6 7 379 3
320.164 63.032 329.240 25 6 7 379 3
132.268 85.686 216.938 26 6 7 355 2
44.719 117.084 89.779 27 6 7 282 1
124.249 57.553 224.074 28 6 7 163 1
124.249 57.553 224.074 29 6 7 163 1
210.280 128.833 333.506 30 6 7 174 1
320.164 63.032 329.240 1 7 7 379 3
320.164 63.032 329.240 2 7 7 379 3
320.164 63.032 329.240 3 7 7 379 3
320.164 63.032 329.240 4 7 7 379 3
320.164 63.032 329.240 5 7 7 379 3
320.164 63.032 329.240 6 7 7 379 3
320.164 63.032 329.240 7 7 7 379 3
320.164 63.032 329.240 8 7 7 379 3
320.164 63.032 329.240 9 7 7 379 3
320.164 63.032 329.240 10 7 7 379 3
320.164 63.032 329.240 11 7 7 379 3
320.164 63.032 329.240 12 7 7 379 3
320.164 63.032 329.240 13 7 7 379 3
320.164 63.032 329.240 14 7 7 379 3
320.164 63.032 329.240 15 7 7 379 3
320.164 63.032 329.240 16 7 7 379 3
320.164 63.032 329.240 17 7 7 379 3
320.164 63.032 329.240 18 7 7 379 3
320.164 63.032 329.240 19 7 7 379 3
320.164 63.032 329.240 20 7 7 379 3
320.164 63.032 329.240 21 7 7 379 3
320.164 63.032 329.240 22 7 7 379 3
320.164 63.032 329.240 23 7 7 379 3
320.164 63.032 329.240 24 7 7 379 3
110.047 111.708 59.211 25 7 7 336 2
110.047 111.708 59.211 26 7 7 336 2
124.249 57.553 224.074 27 7 7 163 1
124.249 57.553 224.074 28 7 7 163 1
124.249 57.553 224.074 29 7 7 163 1
124.249 57.553 224.074 30 7 7 163 1
320.164 63.032 329.240 1 8 7 379 3
320.164 63.032 329.240 2 8 7 379 3
320.164 63.032 329.240 3 8 7 379 3
320.164 63.032 329.240 4 8 7 379 3
320.164 63.032 329.240 5 8 7 379 3
320.164 63.032 329.240 6 8 7 379 3
320.164 63.032 329.240 7 8 7 379 3
320.164 63.032 329.240 8 8 7 379 3
320.164 63.032 329.240 9 8 7 379 3
320.164 63.032 329.240 10 8 7 379 3
320.164 63.032 329.240 11 8 7 379 3
320.164 63.032 329.240 12 8 7 379 3
320.164 63.032 329.240 13 8 7 379 3
320.164 63.032 329.240 14 8 7 379 3
320.164 63.032 329.240 15 8 7 379 3
320.164 63.032 329.240 16 8 7 379 3
320.164 63.032 329.240 17 8 7 379 3
320.164 63.032 329.240 18 8 7 379 3
320.164 63.032 329.240 19 8 7 379 3
320.164 63.032 329.240 20 8 7 379 3
320.164 63.032 329.240 21 8 7 379 3
320.164 63.032 329.240 22 8 7 379 3
320.164 63.032 329.240 23 8 7 379 3
320.164 63.032 329.240 24 8 7 379 3
110.047 111.708 59.211 25 8 7 336 2
110.047 111.708 59.211 26 8 7 336 2
132.268 85.686 216.938 27 8 7 355 2
124.249 57.553 224.074 28 8 7 163 1
124.249 57.553 224.074 29 8 7 163 1
124.249 57.553 224.074 30 8 7 163 1
320.164 63.032 329.240 1 9 7 379 3
320.164 63.032 329.240 2 9 7 379 3
320.164 63.032 329.240 3 9 7 379 3
320.164 63.032 329.240 4 9 7 379 3
320.164 63.032 329.240 5 9 7 379 3
320.164 63.032 329.240 6 9 7 379 3
320.164 63.032 329.240 7 9 7 379 3
320.164 63.032 329.240 8 9 7 379 3
320.164 63.032 329.240 9 9 7 379 3
320.164 63.032 329.240 10 9 7 379 3
320.164 63.032 329.240 11 9 7 379 3
320.164 63.032 329.240 12 9 7 379 3
320.164 63.032 329.240 13 9 7 379 3
320.164 63.032 329.240 14 9 7 379 3
320.164 63.032 329.240 15 9 7 379 3
320.164 63.032 329.240 16 9 7 379 3
320.164 63.032 329.240 17 9 7 379 3
320.164 63.032 329.240 18 9 7 379 3
320.164 63.032 329.240 19 9 7 379 3
320.164 63.032 329.240 20 9 7 379 3
320.164 63.032 329.240 21 9 7 379 3
320.164 63.032 329.240 22 9 7 379 3
257.989 176.215 341.495 23 9 7 17 1
110.047 111.708 59.211 24 9 7 336 2
110.047 111.708 59.211 25 9 7 336 2
110.047 111.708 59.211 26 9 7 336 2
110.047 111.708 59.211 27 9 7 336 2
110.047 111.708 59.211 28 9 7 336 2
124.249 57.553 224.074 29 9 7 163 1
124.249 57.553 224.074 30 9 7 163 1
320.164 63.032 329.240 1 10 7 379 3
320.164 63.032 329.240 2 10 7 379 3
320.164 63.032 329.240 3 10 7 379 3
320.164 63.032 329.240 4 10 7 379 3
320.164 63.032 329.240 5 10 7 379 3
320.164 63.032 329.240 6 10 7 379 3
233.110 91.968 271.707 7 10 7 242 1
320.164 63.032 329.240 8 10 7 379 3
320.164 63.032 329.240 9 10 7 379 3
320.164 63.032 329.240 10 10 7 379 3
320.164 63.032 329.240 11 10 7 379 3
320.164 63.032 329.240 12 10 7 379 3
320.164 63.032 329.240 13 10 7 379 3
320.164 63.032 329.240 14 10 7 379 3
320.164 63.032 329.240 15 10 7 379 3
320.164 63.032 329.240 16 10 7 379 3
30.601 119.803 91.101 17 10 7 316 2
30.601 119.803 91.101 18 10 7 316 2
30.601 119.803 91.101 19 10 7 316 2
118.944 164.060 83.430 20 10 7 349 2
257.989 176.215 341.495 21 10 7 17 1
257.989 176.215 341.495 22 10 7 17 1
257.989 176.215 341.495 23 10 7 17 1
257.989 176.215 341.495 24 10 7 17 1
110.047 111.708 59.211 25 10 7 336 2
235.506 107.363 135.586 26 10 7 358 2
235.506 107.363 135.586 27 10 7 358 2
235.506 107.363 135.586 28 10 7 358 2
153.944 34.055 289.522 29 10 7 411 1
153.944 34.055 289.522 30 10 7 411 1
320.164 63.032 329.240 1 11 7 379 3
320.164 63.032 329.240 2 11 7 379 3
320.164 63.032 329.240 3 11 7 379 3
320.164 63.032 329.240 4 11 7 379 3
320.164 63.032 329.240 5 11 7 379 3
320.164 63.032 329.240 6 11 7 379 3
320.164 63.032 329.240 7 11 7 379 3
320.164 63.032 329.240 8 11 7 379 3
320.164 63.032 329.240 9 11 7 379 3
320.164 63.032 329.240 10 11 7 379 3
320.164 63.032 329.240 11 11 7 379 3
320.164 63.032 329.240 12 11 7 379 3
320.164 63.032 329.240 13 11 7 379 3
320.164 63.032 329.240 14 11 7 379 3
320.164 63.032 329.240 15 11 7 379 3
320.164 63.032 329.240 16 11 7 379 3
30.601 119.803 91.101 17 11 7 316 2
30.601 119.803 91.101 18 11 7 316 2
320.164 63.032 329.240 19 11 7 379 3
118.944 164.060 83.430 20 11 7 349 2
257.989 176.215 341.495 21 11 7 17 1
257.989 176.215 341.495 22 11 7 17 1
257.989 176.215 341.495 23 11 7 17 1
257.989 176.215 341.495 24 11 7 17 1
235.506 107.363 135.586 25 11 7 358 2
235.506 107.363 135.586 26 11 7 358 2
235.506 107.363 135.586 27 11 7 358 2
235.506 107.363 135.586 28 11 7 358 2
235.506 107.363 135.586 29 11 7 358 2
153.944 34.055 289.522 30 11 7 411 1
320.164 63.032 329.240 1 12 7 379 3
320.164 63.032 329.240 2 12 7 379 3
320.164 63.032 329.240 3 12 7 379 3
320.164 63.032 329.240 4 12 7 379 3
320.164 63.032 329.240 5 12 7 379 3
320.164 63.032 329.240 6 12 7 379 3
320.164 63.032 329.240 7 12 7 379 3
320.164 63.032 329.240 8 12 7 379 3
320.164 63.032 329.240 9 12 7 379 3
320.164 63.032 329.240 10 12 7 379 3
320.164 63.032 329.240 11 12 7 379 3
320.164 63.032 329.240 12 12 7 379 3
320.164 63.032 329.240 13 12 7 379 3
320.164 63.032 329.240 14 12 7 379 3
320.164 63.032 329.240 15 12 7 379 3
320.164 63.032 329.240 16 12 7 379 3
320.164 63.032 329.240 17 12 7 379 3
320.164 63.032 329.240 18 12 7 379 3
320.164 63.032 329.240 19 12 7 379 3
118.944 164.060 83.430 20 12 7 349 2
257.989 176.215 341.495 21 12 7 17 1
257.989 176.215 341.495 22 12 7 17 1
257.989 176.215 341.495 23 12 7 17 1
235.506 107.363 135.586 24 12 7 358 2
235.506 107.363 135.586 25 12 7 358 2
235.506 107.363 135.586 26 12 7 358 2
235.506 107.363 135.586 27 12 7 358 2
235.506 107.363 135.586 28 12 7 358 2
190.279 36.071 144.345 29 12 7 292 1
190.279 36.071 144.345 30 12 7 292 1
320.164 63.032 329.240 1 13 7 379 3
320.164 63.032 329.240 2 13 7 379 3
320.164 63.032 329.240 3 13 7 379 3
320.164 63.032 329.240 4 13 7 379 3
320.164 63.032 329.240 5 13 7 379 3
320.164 63.032 329.240 6 13 7 379 3
320.164 63.032 329.240 7 13 7 379 3
320.164 63.032 329.240 8 13 7 379 3
320.164 63.032 329.240 9 13 7 379 3
320.164 63.032 329.240 10 13 7 379 3
320.164 63.032 329.240 11 13 7 379 3
320.164 63.032 329.240 12 13 7 379 3
320.164 63.032 329.240 13 13 7 379 3
320.164 63.032 329.240 14 13 7 379 3
320.164 63.032 329.240 15 13 7 379 3
320.164 63.032 329.240 16 13 7 379 3
320.164 63.032 329.240 17 13 7 379 3
320.164 63.032 329.240 18 13 7 379 3
320.164 63.032 329.240 19 13 7 379 3
312.558 78.930 253.781 20 13 7 324 2
312.558 78.930 253.781 21 13 7 324 2
144.010 133.231 106.310 22 13 7 327 2
306.809 55.520 337.954 23 13 7 239 1
306.809 55.520 337.954 24 13 7 239 1
235.506 107.363 135.586 25 13 7 358 2
235.506 107.363 135.586 26 13 7 358 2
235.506 107.363 135.586 27 13 7 358 2
190.279 36.071 144.345 28 13 7 292 1
190.279 36.071 144.345 29 13 7 292 1
190.279 36.071 144.345 30 13 7 292 1
320.164 63.032 329.240 1 14 7 379 3
320.164 63.032 329.240 2 14 7 379 3
320.164 63.032 329.240 3 14 7 379 3
320.164 63.032 329.240 4 14 7 379 3
320.164 63.032 329.240 5 14 7 379 3
320.164 63.032 329.240 6 14 7 379 3
320.164 63.032 329.240 7 14 7 379 3
320.164 63.032 329.240 8 14 7 379 3
320.164 63.032 329.240 9 14 7 379 3
320.164 63.032 329.240 10 14 7 379 3
320.164 63.032 329.240 11 14 7 379 3
320.164 63.032 329.240 12 14 7 379 3
320.164 63.032 329.240 13 14 7 379 3
351.596 105.711 233.925 14 14 7 377 2
351.596 105.711 233.925 15 14 7 377 2
351.596 105.711 233.925 16 14 7 377 2
351.596 105.711 233.925 17 14 7 377 2
351.596 105.711 233.925 18 14 7 377 2
312.558 78.930 253.781 19 14 7 324 2
312.558 78.930 253.781 20 14 7 324 2
312.558 78.930 253.781 21 14 7 324 2
312.558 78.930 253.781 22 14 7 324 2
306.809 55.520 337.954 23 14 7 239 1
306.809 55.520 337.954 24 14 7 239 1
306.809 55.520 337.954 25 14 7 239 1
235.506 107.363 135.586 26 14 7 358 2
235.506 107.363 135.586 27 14 7 358 2
190.279 36.071 144.345 28 14 7 292 1
190.279 36.071 144.345 29 14 7 292 1
190.279 36.071 144.345 30 14 7 292 1
320.164 63.032 329.240 1 15 7 379 3
320.164 63.032 329.240 2 15 7 379 3
320.164 63.032 329.240 3 15 7 379 3
320.164 63.032 329.240 4 15 7 379 3
320.164 63.032 329.240 5 15 7 379 3
320.164 63.032 329.240 6 15 7 379 3
320.164 63.032 329.240 7 15 7 379 3
320.164 63.032 329.240 8 15 7 379 3
320.164 63.032 329.240 9 15 7 379 3
320.164 63.032 329.240 10 15 7 379 3
320.164 63.032 329.240 11 15 7 379 3
320.164 63.032 329.240 12 15 7 379 3
320.164 63.032 329.240 13 15 7 379 3
351.596 105.711 233.925 14 15 7 377 2
351.596 105.711 233.925 15 15 7 377 2
351.596 105.711 233.925 16 15 7 377 2
351.596 105.711 233.925 17 15 7 377 2
351.596 105.711 233.925 18 15 7 377 2
312.558 78.930 253.781 19 15 7 324 2
312.558 78.930 253.781 20 15 7 324 2
312.558 78.930 253.781 21 15 7 324 2
312.558 78.930 253.781 22 15 7 324 2
17.649 40.822 309.477 23 15 7 350 2
306.809 55.520 337.954 24 15 7 239 1
17.649 40.822 309.477 25 15 7 350 2
251.197 89.396 300.478 26 15 7 433 2
251.197 89.396 300.478 27 15 7 433 2
190.279 36.071 144.345 28 15 7 292 1
190.279 36.071 144.345 29 15 7 292 1
190.279 36.071 144.345 30 15 7 292 1
320.164 63.032 329.240 1 16 7 379 3
320.164 63.032 329.240 2 16 7 379 3
320.164 63.032 329.240 3 16 7 379 3
320.164 63.032 329.240 4 16 7 379 3
320.164 63.032 329.240 5 16 7 379 3
320.164 63.032 329.240 6 16 7 379 3
320.164 63.032 329.240 7 16 7 379 3
287.027 24.941 348.276 8 16 7 391 4
287.027 24.941 348.276 9 16 7 391 4
287.027 24.941 348.276 10 16 7 391 4
287.027 24.941 348.276 11 16 7 391 4
287.027 24.941 348.276 12 16 7 391 4
287.027 24.941 348.276 13 16 7 391 4
351.596 105.711 233.925 14 16 7 377 2
351.596 105.711 233.925 15 16 7 377 2
351.596 105.711 233.925 16 16 7 377 2
351.596 105.711 233.925 17 16 7 377 2
351.596 105.711 233.925 18 16 7 377 2
312.558 78.930 253.781 19 16 7 324 2
312.558 78.930 253.781 20 16 7 324 2
312.558 78.930 253.781 21 16 7 324 2
312.558 78.930 253.781 22 16 7 324 2
17.649 40.822 309.477 23 16 7 350 2
17.649 40.822 309.477 24 16 7 350 2
17.649 40.822 309.477 25 16 7 350 2
251.197 89.396 300.478 26 16 7 433 2
251.197 89.396 300.478 27 16 7 433 2
139.088 76.760 211.381 28 16 7 382 4
139.088 76.760 211.381 29 16 7 382 4
139.088 76.760 211.381 30 16 7 382 4
320.164 63.032 329.240 1 17 7 379 3
320.164 63.032 329.240 2 17 7 379 3
320.164 63.032 329.240 3 17 7 379 3
358.400 86.230 220.542 4 17 7 415 1
320.164 63.032 329.240 5 17 7 379 3
320.164 63.032 329.240 6 17 7 379 3
287.027 24.941 348.276 7 17 7 391 4
287.027 24.941 348.276 8 17 7 391 4
287.027 24.941 348.276 9 17 7 391 4
287.027 24.941 348.276 10 17 7 391 4
287.027 24.941 348.276 11 17 7 391 4
287.027 24.941 348.276 12 17 7 391 4
287.027 24.941 348.276 13 17 7 391 4
287.027 24.941 348.276 14 17 7 391 4
194.253 51.371 75.087 15 17 7 386 4
194.253 51.371 75.087 16 17 7 386 4
194.253 51.371 75.087 17 17 7 386 4
194.253 51.371 75.087 18 17 7 386 4
194.253 51.371 75.087 19 17 7 386 4
312.558 78.930 253.781 20 17 7 324 2
312.558 78.930 253.781 21 17 7 324 2
312.558 78.930 253.781 22 17 7 324 2
17.649 40.822 309.477 23 17 7 350 2
17.649 40.822 309.477 24 17 7 350 2
17.649 40.822 309.477 25 17 7 350 2
251.197 89.396 300.478 26 17 7 433 2
251.197 89.396 300.478 27 17 7 433 2
220.213 141.740 50.536 28 17 7 201 1
220.213 141.740 50.536 29 17 7 201 1
220.213 141.740 50.536 30 17 7 201 1
320.164 63.032 329.240 1 18 7 379 3
320.164 63.032 329.240 2 18 7 379 3
320.164 63.032 329.240 3 18 7 379 3
358.400 86.230 220.542 4 18 7 415 1
320.164 63.032 329.240 5 18 7 379 3
320.164 63.032 329.240 6 18 7 379 3
287.027 24.941 348.276 7 18 7 391 4
287.027 24.941 348.276 8 18 7 391 4
287.027 24.941 348.276 9 18 7 391 4
287.027 24.941 348.276 10 18 7 391 4
287.027 24.941 348.276 11 18 7 391 4
287.027 24.941 348.276 12 18 7 391 4
287.027 24.941 348.276 13 18 7 391 4
287.027 24.941 348.276 14 18 7 391 4
194.253 51.371 75.087 15 18 7 386 4
194.253 51.371 75.087 16 18 7 386 4
194.253 51.371 75.087 17 18 7 386 4
194.253 51.371 75.087 18 18 7 386 4
194.253 51.371 75.087 19 18 7 386 4
23.369 145.358 295.561 20 18 7 180 1
146.682 13.728 123.741 21 18 7 333 2
146.682 13.728 123.741 22 18 7 333 2
146.682 13.728 123.741 23 18 7 333 2
17.649 40.822 309.477 24 18 7 350 2
17.649 40.822 309.477 25 18 7 350 2
146.682 13.728 123.741 26 18 7 333 2
220.213 141.740 50.536 27 18 7 201 1
220.213 141.740 50.536 28 18 7 201 1
220.213 141.740 50.536 29 18 7 201 1
220.213 141.740 50.536 30 18 7 201 1
320.164 63.032 329.240 1 19 7 379 3
320.164 63.032 329.240 2 19 7 379 3
320.164 63.032 329.240 3 19 7 379 3
320.164 63.032 329.240 4 19 7 379 3
320.164 63.032 329.240 5 19 7 379 3
287.027 24.941 348.276 6 19 7 391 4
287.027 24.941 348.276 7 19 7 391 4
287.027 24.941 348.276 8 19 7 391 4
287.027 24.941 348.276 9 19 7 391 4
287.027 24.941 348.276 10 19 7 391 4
287.027 24.941 348.276 11 19 7 391 4
287.027 24.941 348.276 12 19 7 391 4
287.027 24.941 348.276 13 19 7 391 4
287.027 24.941 348.276 14 19 7 391 4
194.253 51.371 75.087 15 19 7 386 4
194.253 51.371 75.087 16 19 7 386 4
194.253 51.371 75.087 17 19 7 386 4
194.253 51.371 75.087 18 19 7 386 4
194.253 51.371 75.087 19 19 7 386 4
194.253 51.371 75.087 20 19 7 386 4
146.682 13.728 123.741 21 19 7 333 2
146.682 13.728 123.741 22 19 7 333 2
146.682 13.728 123.741 23 19 7 333 2
146.682 13.728 123.741 24 19 7 333 2
146.682 13.728 123.741 25 19 7 333 2
146.682 13.728 123.741 26 19 7 333 2
220.213 141.740 50.536 27 19 7 201 1
220.213 141.740 50.536 28 19 7 201 1
220.213 141.740 50.536 29 19 7 201 1
220.213 141.740 50.536 30 19 7 201 1
320.164 63.032 329.240 1 20 7 379 3
320.164 63.032 329.240 2 20 7 379 3
320.164 63.032 329.240 3 20 7 379 3
320.164 63.032 329.240 4 20 7 379 3
320.164 63.032 329.240 5 20 7 379 3
287.027 24.941 348.276 6 20 7 391 4
287.027 24.941 348.276 7 20 7 391 4
287.027 24.941 348.276 8 20 7 391 4
287.027 24.941 348.276 9 20 7 391 4
287.027 24.941 348.276 10 20 7 391 4
287.027 24.941 348.276 11 20 7 391 4
287.027 24.941 348.276 12 20 7 391 4
287.027 24.941 348.276 13 20 7 391 4
287.027 24.941 348.276 14 20 7 391 4
287.027 24.941 348.276 15 20 7 391 4
194.253 51.371 75.087 16 20 7 386 4
194.253 51.371 75.087 17 20 7 386 4
194.253 51.371 75.087 18 20 7 386 4
194.253 51.371 75.087 19 20 7 386 4
146.682 13.728 123.741 20 20 7 333 2
146.682 13.728 123.741 21 20 7 333 2
146.682 13.728 123.741 22 20 7 333 2
146.682 13.728 123.741 23 20 7 333 2
146.682 13.728 123.741 24 20 7 333 2
146.682 13.728 123.741 25 20 7 333 2
146.682 13.728 123.741 26 20 7 333 2
146.682 13.728 123.741 27 20 7 333 2
311.371 72.815 85.686 28 20 7 392 4
311.371 72.815 85.686 29 20 7 392 4
311.371 72.815 85.686 30 20 7 392 4
20.098 120.974 47.951 1 21 7 381 4
20.098 120.974 47.951 2 21 7 381 4
20.098 120.974 47.951 3 21 7 381 4
20.098 120.974 47.951 4 21 7 381 4
20.098 120.974 47.951 5 21 7 381 4
20.098 120.974 47.951 6 21 7 381 4
287.027 24.941 348.276 7 21 7 391 4
287.027 24.941 348.276 8 21 7 391 4
287.027 24.941 348.276 9 21 7 391 4
287.027 24.941 348.276 10 21 7 391 4
287.027 24.941 348.276 11 21 7 391 4
287.027 24.941 348.276 12 21 7 391 4
287.027 24.941 348.276 13 21 7 391 4
287.027 24.941 348.276 14 21 7 391 4
287.027 24.941 348.276 15 21 7 391 4
173.966 66.037 71.843 16 21 7 383 4
173.966 66.037 71.843 17 21 7 383 4
173.966 66.037 71.843 18 21 7 383 4
173.966 66.037 71.843 19 21 7 383 4
146.682 13.728 123.741 20 21 7 333 2
146.682 13.728 123.741 21 21 7 333 2
146.682 13.728 123.741 22 21 7 333 2
146.682 13.728 123.741 23 21 7 333 2
146.682 13.728 123.741 24 21 7 333 2
146.682 13.728 123.741 25 21 7 333 2
146.682 13.728 123.741 26 21 7 333 2
146.682 13.728 123.741 27 21 7 333 2
311.371 72.815 85.686 28 21 7 392 4
311.371 72.815 85.686 29 21 7 392 4
311.371 72.815 85.686 30 21 7 392 4
20.098 120.974 47.951 1 22 7 381 4
20.098 120.974 47.951 2 22 7 381 4
20.098 120.974 47.951 3 22 7 381 4
20.098 120.974 47.951 4 22 7 381 4
20.098 120.974 47.951 5 22 7 381 4
20.098 120.974 47.951 6 22 7 381 4
20.098 120.974 47.951 7 22 7 381 4
287.027 24.941 348.276 8 22 7 391 4
287.027 24.941 348.276 9 22 7 391 4
287.027 24.941 348.276 10 22 7 391 4
287.027 24.941 348.276 11 22 7 391 4
287.027 24.941 348.276 12 22 7 391 4
287.027 24.941 348.276 13 22 7 391 4
287.027 24.941 348.276 14 22 7 391 4
287.027 24.941 348.276 15 22 7 391 4
173.966 66.037 71.843 16 22 7 383 4
173.966 66.037 71.843 17 22 7 383 4
173.966 66.037 71.843 18 22 7 383 4
173.966 66.037 71.843 19 22 7 383 4
146.682 13.728 123.741 20 22 7 333 2
146.682 13.728 123.741 21 22 7 333 2
146.682 13.728 123.741 22 22 7 333 2
146.682 13.728 123.741 23 22 7 333 2
146.682 13.728 123.741 24 22 7 333 2
146.682 13.728 123.741 25 22 7 333 2
146.682 13.728 123.741 26 22 7 333 2
146.682 13.728 123.741 27 22 7 333 2
311.371 72.815 85.686 28 22 7 392 4
311.371 72.815 85.686 29 22 7 392 4
311.371 72.815 85.686 30 22 7 392 4
20.098 120.974 47.951 1 23 7 381 4
20.098 120.974 47.951 2 23 7 381 4
20.098 120.974 47.951 3 23 7 381 4
20.098 120.974 47.951 4 23 7 381 4
20.098 120.974 47.951 5 23 7 381 4
20.098 120.974 47.951 6 23 7 381 4
20.098 120.974 47.951 7 23 7 381 4
287.027 24.941 348.276 8 23 7 391 4
287.027 24.941 348.276 9 23 7 391 4
287.027 24.941 348.276 10 23 7 391 4
287.027 24.941 348.276 11 23 7 391 4
287.027 24.941 348.276 12 23 7 391 4
287.027 24.941 348.276 13 23 7 391 4
287.027 24.941 348.276 14 23 7 391 4
287.027 24.941 348.276 15 23 7 391 4
173.966 66.037 71.843 16 23 7 383 4
173.966 66.037 71.843 17 23 7 383 4
173.966 66.037 71.843 18 23 7 383 4
173.966 66.037 71.843 19 23 7 383 4
146.682 13.728 123.741 20 23 7 333 2
146.682 13.728 123.741 21 23 7 333 2
146.682 13.728 123.741 22 23 7 333 2
146.682 13.728 123.741 23 23 7 333 2
146.682 13.728 123.741 24 23 7 333 2
146.682 13.728 123.741 25 23 7 333 2
146.682 13.728 123.741 26 23 7 333 2
146.682 13.728 123.741 27 23 7 333 2
311.371 72.815 85.686 28 23 7 392 4
311.371 72.815 85.686 29 23 7 392 4
311.371 72.815 85.686 30 23 7 392 4
20.098 120.974 47.951 1 24 7 381 4
20.098 120.974 47.951 2 24 7 381 4
20.098 120.974 47.951 3 24 7 381 4
20.098 120.974 47.951 4 24 7 381 4
20.098 120.974 47.951 5 24 7 381 4
20.098 120.974 47.951 6 24 7 381 4
20.098 120.974 47.951 7 24 7 381 4
20.098 120.974 47.951 8 24 7 381 4
287.027 24.941 348.276 9 24 7 391 4
287.027 24.941 348.276 10 24 7 391 4
287.027 24.941 348.276 11 24 7 391 4
287.027 24.941 348.276 12 24 7 391 4
287.027 24.941 348.276 13 24 7 391 4
287.027 24.941 348.276 14 24 7 391 4
287.027 24.941 348.276 15 24 7 391 4
287.027 24.941 348.276 16 24 7 391 4
287.027 24.941 348.276 17 24 7 391 4
173.966 66.037 71.843 18 24 7 383 4
146.682 13.728 123.741 19 24 7 333 2
146.682 13.728 123.741 20 24 7 333 2
146.682 13.728 123.741 21 24 7 333 2
146.682 13.728 123.741 22 24 7 333 2
146.682 13.728 123.741 23 24 7 333 2
146.682 13.728 123.741 24 24 7 333 2
146.682 13.728 123.741 25 24 7 333 2
146.682 13.728 123.741 26 24 7 333 2
146.682 13.728 123.741 27 24 7 333 2
311.371 72.815 85.686 28 24 7 392 4
311.371 72.815 85.686 29 24 7 392 4
311.371 72.815 85.686 30 24 7 392 4
20.098 120.974 47.951 1 25 7 381 4
20.098 120.974 47.951 2 25 7 381 4
20.098 120.974 47.951 3 25 7 381 4
20.098 120.974 47.951 4 25 7 381 4
20.098 120.974 47.951 5 25 7 381 4
20.098 120.974 47.951 6 25 7 381 4
20.098 120.974 47.951 7 25 7 381 4
20.098 120.974 47.951 8 25 7 381 4
20.098 120.974 47.951 9 25 7 381 4
287.027 24.941 348.276 10 25 7 391 4
287.027 24.941 348.276 11 25 7 391 4
287.027 24.941 348.276 12 25 7 391 4
287.027 24.941 348.276 13 25 7 391 4
287.027 24.941 348.276 14 25 7 391 4
287.027 24.941 348.276 15 25 7 391 4
287.027 24.941 348.276 16 25 7 391 4
8.794 158.609 83.652 17 25 7 223 1
8.794 158.609 83.652 18 25 7 223 1
8.794 158.609 83.652 19 25 7 223 1
146.682 13.728 123.741 20 25 7 333 2
146.682 13.728 123.741 21 25 7 333 2
146.682 13.728 123.741 22 25 7 333 2
146.682 13.728 123.741 23 25 7 333 2
146.682 13.728 123.741 24 25 7 333 2
146.682 13.728 123.741 25 25 7 333 2
146.682 13.728 123.741 26 25 7 333 2
146.682 13.728 123.741 27 25 7 333 2
40.595 65.261 270.393 28 25 7 210 1
40.595 65.261 270.393 29 25 7 210 1
40.595 65.261 270.393 30 25 7 210 1
20.098 120.974 47.951 1 26 7 381 4
20.098 120.974 47.951 2 26 7 381 4
20.098 120.974 47.951 3 26 7 381 4
20.098 120.974 47.951 4 26 7 381 4
20.098 120.974 47.951 5 26 7 381 4
20.098 120.974 47.951 6 26 7 381 4
20.098 120.974 47.951 7 26 7 381 4
20.098 120.974 47.951 8 26 7 381 4
20.098 120.974 47.951 9 26 7 381 4
287.027 24.941 348.276 10 26 7 391 4
287.027 24.941 348.276 11 26 7 391 4
287.027 24.941 348.276 12 26 7 391 4
287.027 24.941 348.276 13 26 7 391 4
287.027 24.941 348.276 14 26 7 391 4
325.367 117.429 313.192 15 26 7 55 1
325.367 117.429 313.192 16 26 7 55 1
8.794 158.609 83.652 17 26 7 223 1
8.794 158.609 83.652 18 26 7 223 1
8.794 158.609 83.652 19 26 7 223 1
146.682 13.728 123.741 20 26 7 333 2
146.682 13.728 123.741 21 26 7 333 2
146.682 13.728 123.741 22 26 7 333 2
146.682 13.728 123.741 23 26 7 333 2
146.682 13.728 123.741 24 26 7 333 2
146.682 13.728 123.741 25 26 7 333 2
146.682 13.728 123.741 26 26 7 333 2
146.682 13.728 123.741 27 26 7 333 2
40.595 65.261 270.393 28 26 7 210 1
40.595 65.261 270.393 29 26 7 210 1
40.595 65.261 270.393 30 26 7 210 1
20.098 120.974 47.951 1 27 7 381 4
20.098 120.974 47.951 2 27 7 381 4
20.098 120.974 47.951 3 27 7 381 4
20.098 120.974 47.951 4 27 7 381 4
20.098 120.974 47.951 5 27 7 381 4
20.098 120.974 47.951 6 27 7 381 4
20.098 120.974 47.951 7 27 7 381 4
20.098 120.974 47.951 8 27 7 381 4
20.098 120.974 47.951 9 27 7 381 4
20.098 120.974 47.951 10 27 7 381 4
287.027 24.941 348.276 11 27 7 391 4
287.027 24.941 348.276 12 27 7 391 4
287.027 24.941 348.276 13 27 7 391 4
287.027 24.941 348.276 14 27 7 391 4
354.883 64.631 145.974 15 27 7 215 1
287.027 24.941 348.276 16 27 7 391 4
8.794 158.609 83.652 17 27 7 223 1
261.387 160.791 147.625 18 27 7 345 2
261.387 160.791 147.625 19 27 7 345 2
146.682 13.728 123.741 20 27 7 333 2
146.682 13.728 123.741 21 27 7 333 2
146.682 13.728 123.741 22 27 7 333 2
146.682 13.728 123.741 23 27 7 333 2
146.682 13.728 123.741 24 27 7 333 2
146.682 13.728 123.741 25 27 7 333 2
146.682 13.728 123.741 26 27 7 333 2
146.682 13.728 123.741 27 27 7 333 2
40.595 65.261 270.393 28 27 7 210 1
40.595 65.261 270.393 29 27 7 210 1
40.595 65.261 270.393 30 27 7 210 1
20.098 120.974 47.951 1 28 7 381 4
20.098 120.974 47.951 2 28 7 381 4
20.098 120.974 47.951 3 28 7 381 4
20.098 120.974 47.951 4 28 7 381 4
20.098 120.974 47.951 5 28 7 381 4
20.098 120.974 47.951 6 28 7 381 4
20.098 120.974 47.951 7 28 7 381 4
20.098 120.974 47.951 8 28 7 381 4
261.909 131.502 342.983 9 28 7 227 1
261.909 131.502 342.983 10 28 7 227 1
287.027 24.941 348.276 11 28 7 391 4
287.027 24.941 348.276 12 28 7 391 4
287.027 24.941 348.276 13 28 7 391 4
287.027 24.941 348.276 14 28 7 391 4
88.247 57.342 124.192 15 28 7 135 1
88.247 57.342 124.192 16 28 7 135 1
88.247 57.342 124.192 17 28 7 135 1
261.387 160.791 147.625 18 28 7 345 2
261.387 160.791 147.625 19 28 7 345 2
146.682 13.728 123.741 20 28 7 333 2
146.682 13.728 123.741 21 28 7 333 2
146.682 13.728 123.741 22 28 7 333 2
146.682 13.728 123.741 23 28 7 333 2
146.682 13.728 123.741 24 28 7 333 2
146.682 13.728 123.741 25 28 7 333 2
146.682 13.728 123.741 26 28 7 333 2
146.682 13.728 123.741 27 28 7 333 2
40.595 65.261 270.393 28 28 7 210 1
40.595 65.261 270.393 29 28 7 210 1
48.007 143.976 260.002 30 28 7 138 1
20.098 120.974 47.951 1 29 7 381 4
20.098 120.974 47.951 2 29 7 381 4
20.098 120.974 47.951 3 29 7 381 4
20.098 120.974 47.951 4 29 7 381 4
20.098 120.974 47.951 5 29 7 381 4
20.098 120.974 47.951 6 29 7 381 4
20.098 120.974 47.951 7 29 7 381 4
20.098 120.974 47.951 8 29 7 381 4
261.909 131.502 342.983 9 29 7 227 1
261.909 131.502 342.983 10 29 7 227 1
208.521 83.845 154.072 11 29 7 363 2
208.521 83.845 154.072 12 29 7 363 2
208.521 83.845 154.072 13 29 7 363 2
208.521 83.845 154.072 14 29 7 363 2
88.247 57.342 124.192 15 29 7 135 1
88.247 57.342 124.192 16 29 7 135 1
261.387 160.791 147.625 17 29 7 345 2
261.387 160.791 147.625 18 29 7 345 2
218.432 124.650 253.235 19 29 7 231 1
218.432 124.650 253.235 20 29 7 231 1
146.682 13.728 123.741 21 29 7 333 2
146.682 13.728 123.741 22 29 7 333 2
146.682 13.728 123.741 23 29 7 333 2
146.682 13.728 123.741 24 29 7 333 2
146.682 13.728 123.741 25 29 7 333 2
146.682 13.728 123.741 26 29 7 333 2
146.682 13.728 123.741 27 29 7 333 2
146.682 13.728 123.741 28 29 7 333 2
48.007 143.976 260.002 29 29 7 138 1
48.007 143.976 260.002 30 29 7 138 1
20.098 120.974 47.951 1 30 7 381 4
20.098 120.974 47.951 2 30 7 381 4
20.098 120.974 47.951 3 30 7 381 4
20.098 120.974 47.951 4 30 7 381 4
20.098 120.974 47.951 5 30 7 381 4
20.098 120.974 47.951 6 30 7 381 4
20.098 120.974 47.951 7 30 7 381 4
20.098 120.974 47.951 8 30 7 381 4
20.098 120.974 47.951 9 30 7 381 4
208.521 83.845 154.072 10 30 7 363 2
208.521 83.845 154.072 11 30 7 363 2
208.521 83.845 154.072 12 30 7 363 2
208.521 83.845 154.072 13 30 7 363 2
208.521 83.845 154.072 14 30 7 363 2
207.002 112.466 349.109 15 30 7 405 1
207.002 112.466 349.109 16 30 7 405 1
207.002 112.466 349.109 17 30 7 405 1
218.432 124.650 253.235 18 30 7 231 1
218.432 124.650 253.235 19 30 7 231 1
218.432 124.650 253.235 20 30 7 231 1
146.682 13.728 123.741 21 30 7 333 2
146.682 13.728 123.741 22 30 7 333 2
146.682 13.728 123.741 23 30 7 333 2
146.682 13.728 123.741 24 30 7 333 2
146.682 13.728 123.741 25 30 7 333 2
146.682 13.728 123.741 26 30 7 333 2
146.682 13.728 123.741 27 30 7 333 2
48.007 143.976 260.002 28 30 7 138 1
48.007 143.976 260.002 29 30 7 138 1
48.007 143.976 260.002 30 30 7 138 1
