171.298 59.102 266.611 1 1 26 232 1
251.722 147.026 283.852 2 1 26 165 1
320.164 63.032 329.240 3 1 26 379 3
320.164 63.032 329.240 4 1 26 379 3
320.164 63.032 329.240 5 1 26 379 3
320.164 63.032 329.240 6 1 26 379 3
320.164 63.032 329.240 7 1 26 379 3
320.164 63.032 329.240 8 1 26 379 3
320.164 63.032 329.240 9 1 26 379 3
320.164 63.032 329.240 10 1 26 379 3
320.164 63.032 329.240 11 1 26 379 3
320.164 63.032 329.240 12 1 26 379 3
288.232 72.747 316.942 13 1 26 337 2
288.232 72.747 316.942 14 1 26 337 2
30.671 75.156 351.539 15 1 26 342 2
30.671 75.156 351.539 16 1 26 342 2
30.671 75.156 351.539 17 1 26 342 2
30.671 75.156 351.539 18 1 26 342 2
209.722 86.591 134.171 19 1 26 390 4
209.722 86.591 134.171 20 1 26 390 4
237.517 75.929 344.199 21 1 26 388 4
237.517 75.929 344.199 22 1 26 388 4
237.517 75.929 344.199 23 1 26 388 4
237.517 75.929 344.199 24 1 26 388 4
237.517 75.929 344.199 25 1 26 388 4
237.517 75.929 344.199 26 1 26 388 4
237.517 75.929 344.199 27 1 26 388 4
237.517 75.929 344.199 28 1 26 388 4
237.517 75.929 344.199 29 1 26 388 4
237.517 75.929 344.199 30 1 26 388 4
171.298 59.102 266.611 1 2 26 232 1
251.722 147.026 283.852 2 2 26 165 1
320.164 63.032 329.240 3 2 26 379 3
320.164 63.032 329.240 4 2 26 379 3
320.164 63.032 329.240 5 2 26 379 3
320.164 63.032 329.240 6 2 26 379 3
320.164 63.032 329.240 7 2 26 379 3
259.816 66.703 105.083 8 2 26 387 4
259.816 66.703 105.083 9 2 26 387 4
320.164 63.032 329.240 10 2 26 379 3
320.164 63.032 329.240 11 2 26 379 3
320.164 63.032 329.240 12 2 26 379 3
288.232 72.747 316.942 13 2 26 337 2
288.232 72.747 316.942 14 2 26 337 2
30.671 75.156 351.539 15 2 26 342 2
30.671 75.156 351.539 16 2 26 342 2
30.671 75.156 351.539 17 2 26 342 2
209.722 86.591 134.171 18 2 26 390 4
209.722 86.591 134.171 19 2 26 390 4
209.722 86.591 134.171 20 2 26 390 4
209.722 86.591 134.171 21 2 26 390 4
237.517 75.929 344.199 22 2 26 388 4
237.517 75.929 344.199 23 2 26 388 4
237.517 75.929 344.199 24 2 26 388 4
237.517 75.929 344.199 25 2 26 388 4
237.517 75.929 344.199 26 2 26 388 4
237.517 75.929 344.199 27 2 26 388 4
237.517 75.929 344.199 28 2 26 388 4
237.517 75.929 344.199 29 2 26 388 4
237.517 75.929 344.199 30 2 26 388 4
171.298 59.102 266.611 1 3 26 232 1
171.298 59.102 266.611 2 3 26 232 1
320.164 63.032 329.240 3 3 26 379 3
320.164 63.032 329.240 4 3 26 379 3
320.164 63.032 329.240 5 3 26 379 3
320.164 63.032 329.240 6 3 26 379 3
259.816 66.703 105.083 7 3 26 387 4
259.816 66.703 105.083 8 3 26 387 4
259.816 66.703 105.083 9 3 26 387 4
320.164 63.032 329.240 10 3 26 379 3
320.164 63.032 329.240 11 3 26 379 3
320.164 63.032 329.240 12 3 26 379 3
288.232 72.747 316.942 13 3 26 337 2
288.232 72.747 316.942 14 3 26 337 2
30.671 75.156 351.539 15 3 26 342 2
30.671 75.156 351.539 16 3 26 342 2
30.671 75.156 351.539 17 3 26 342 2
209.722 86.591 134.171 18 3 26 390 4
209.722 86.591 134.171 19 3 26 390 4
209.722 86.591 134.171 20 3 26 390 4
209.722 86.591 134.171 21 3 26 390 4
209.722 86.591 134.171 22 3 26 390 4
209.722 86.591 134.171 23 3 26 390 4
237.517 75.929 344.199 24 3 26 388 4
237.517 75.929 344.199 25 3 26 388 4
237.517 75.929 344.199 26 3 26 388 4
237.517 75.929 344.199 27 3 26 388 4
237.517 75.929 344.199 28 3 26 388 4
237.517 75.929 344.199 29 3 26 388 4
237.517 75.929 344.199 30 3 26 388 4
171.298 59.102 266.611 1 4 26 232 1
320.164 63.032 329.240 2 4 26 379 3
320.164 63.032 329.240 3 4 26 379 3
320.164 63.032 329.240 4 4 26 379 3
320.164 63.032 329.240 5 4 26 379 3
259.816 66.703 105.083 6 4 26 387 4
259.816 66.703 105.083 7 4 26 387 4
259.816 66.703 105.083 8 4 26 387 4
320.164 63.032 329.240 9 4 26 379 3
320.164 63.032 329.240 10 4 26 379 3
320.164 63.032 329.240 11 4 26 379 3
320.164 63.032 329.240 12 4 26 379 3
320.164 63.032 329.240 13 4 26 379 3
288.232 72.747 316.942 14 4 26 337 2
30.671 75.156 351.539 15 4 26 342 2
30.671 75.156 351.539 16 4 26 342 2
30.671 75.156 351.539 17 4 26 342 2
209.722 86.591 134.171 18 4 26 390 4
209.722 86.591 134.171 19 4 26 390 4
209.722 86.591 134.171 20 4 26 390 4
209.722 86.591 134.171 21 4 26 390 4
209.722 86.591 134.171 22 4 26 390 4
209.722 86.591 134.171 23 4 26 390 4
209.722 86.591 134.171 24 4 26 390 4
209.722 86.591 134.171 25 4 26 390 4
209.722 86.591 134.171 26 4 26 390 4
237.517 75.929 344.199 27 4 26 388 4
237.517 75.929 344.199 28 4 26 388 4
237.517 75.929 344.199 29 4 26 388 4
237.517 75.929 344.199 30 4 26 388 4
320.164 63.032 329.240 1 5 26 379 3
320.164 63.032 329.240 2 5 26 379 3
320.164 63.032 329.240 3 5 26 379 3
320.164 63.032 329.240 4 5 26 379 3
259.816 66.703 105.083 5 5 26 387 4
259.816 66.703 105.083 6 5 26 387 4
259.816 66.703 105.083 7 5 26 387 4
259.816 66.703 105.083 8 5 26 387 4
320.164 63.032 329.240 9 5 26 379 3
320.164 63.032 329.240 10 5 26 379 3
320.164 63.032 329.240 11 5 26 379 3
284.482 17.519 90.447 12 5 26 384 4
284.482 17.519 90.447 13 5 26 384 4
284.482 17.519 90.447 14 5 26 384 4
30.671 75.156 351.539 15 5 26 342 2
30.671 75.156 351.539 16 5 26 342 2
209.722 86.591 134.171 17 5 26 390 4
209.722 86.591 134.171 18 5 26 390 4
83.075 87.075 84.445 19 5 26 132 1
83.075 87.075 84.445 20 5 26 132 1
209.722 86.591 134.171 21 5 26 390 4
209.722 86.591 134.171 22 5 26 390 4
209.722 86.591 134.171 23 5 26 390 4
209.722 86.591 134.171 24 5 26 390 4
209.722 86.591 134.171 25 5 26 390 4
209.722 86.591 134.171 26 5 26 390 4
209.722 86.591 134.171 27 5 26 390 4
209.722 86.591 134.171 28 5 26 390 4
341.616 19.528 29.373 29 5 26 152 1
341.616 19.528 29.373 30 5 26 152 1
320.164 63.032 329.240 1 6 26 379 3
320.164 63.032 329.240 2 6 26 379 3
320.164 63.032 329.240 3 6 26 379 3
320.164 63.032 329.240 4 6 26 379 3
259.816 66.703 105.083 5 6 26 387 4
259.816 66.703 105.083 6 6 26 387 4
259.816 66.703 105.083 7 6 26 387 4
320.164 63.032 329.240 8 6 26 379 3
284.482 17.519 90.447 9 6 26 384 4
284.482 17.519 90.447 10 6 26 384 4
284.482 17.519 90.447 11 6 26 384 4
284.482 17.519 90.447 12 6 26 384 4
284.482 17.519 90.447 13 6 26 384 4
284.482 17.519 90.447 14 6 26 384 4
284.482 17.519 90.447 15 6 26 384 4
209.722 86.591 134.171 16 6 26 390 4
209.722 86.591 134.171 17 6 26 390 4
209.722 86.591 134.171 18 6 26 390 4
83.075 87.075 84.445 19 6 26 132 1
275.276 68.079 207.035 20 6 26 49 1
209.722 86.591 134.171 21 6 26 390 4
209.722 86.591 134.171 22 6 26 390 4
209.722 86.591 134.171 23 6 26 390 4
209.722 86.591 134.171 24 6 26 390 4
209.722 86.591 134.171 25 6 26 390 4
209.722 86.591 134.171 26 6 26 390 4
209.722 86.591 134.171 27 6 26 390 4
209.722 86.591 134.171 28 6 26 390 4
341.616 19.528 29.373 29 6 26 152 1
341.616 19.528 29.373 30 6 26 152 1
320.164 63.032 329.240 1 7 26 379 3
320.164 63.032 329.240 2 7 26 379 3
93.210 121.245 273.371 3 7 26 299 1
259.816 66.703 105.083 4 7 26 387 4
259.816 66.703 105.083 5 7 26 387 4
259.816 66.703 105.083 6 7 26 387 4
259.816 66.703 105.083 7 7 26 387 4
284.482 17.519 90.447 8 7 26 384 4
284.482 17.519 90.447 9 7 26 384 4
284.482 17.519 90.447 10 7 26 384 4
284.482 17.519 90.447 11 7 26 384 4
284.482 17.519 90.447 12 7 26 384 4
284.482 17.519 90.447 13 7 26 384 4
284.482 17.519 90.447 14 7 26 384 4
284.482 17.519 90.447 15 7 26 384 4
284.482 17.519 90.447 16 7 26 384 4
209.722 86.591 134.171 17 7 26 390 4
209.722 86.591 134.171 18 7 26 390 4
209.722 86.591 134.171 19 7 26 390 4
209.722 86.591 134.171 20 7 26 390 4
209.722 86.591 134.171 21 7 26 390 4
209.722 86.591 134.171 22 7 26 390 4
209.722 86.591 134.171 23 7 26 390 4
209.722 86.591 134.171 24 7 26 390 4
209.722 86.591 134.171 25 7 26 390 4
209.722 86.591 134.171 26 7 26 390 4
209.722 86.591 134.171 27 7 26 390 4
324.197 69.553 80.550 28 7 26 236 1
324.197 69.553 80.550 29 7 26 236 1
341.616 19.528 29.373 30 7 26 152 1
320.164 63.032 329.240 1 8 26 379 3
320.164 63.032 329.240 2 8 26 379 3
320.164 63.032 329.240 3 8 26 379 3
259.816 66.703 105.083 4 8 26 387 4
259.816 66.703 105.083 5 8 26 387 4
259.816 66.703 105.083 6 8 26 387 4
284.482 17.519 90.447 7 8 26 384 4
284.482 17.519 90.447 8 8 26 384 4
284.482 17.519 90.447 9 8 26 384 4
284.482 17.519 90.447 10 8 26 384 4
284.482 17.519 90.447 11 8 26 384 4
284.482 17.519 90.447 12 8 26 384 4
284.482 17.519 90.447 13 8 26 384 4
284.482 17.519 90.447 14 8 26 384 4
284.482 17.519 90.447 15 8 26 384 4
284.482 17.519 90.447 16 8 26 384 4
209.722 86.591 134.171 17 8 26 390 4
209.722 86.591 134.171 18 8 26 390 4
209.722 86.591 134.171 19 8 26 390 4
209.722 86.591 134.171 20 8 26 390 4
209.722 86.591 134.171 21 8 26 390 4
209.722 86.591 134.171 22 8 26 390 4
209.722 86.591 134.171 23 8 26 390 4
209.722 86.591 134.171 24 8 26 390 4
209.722 86.591 134.171 25 8 26 390 4
209.722 86.591 134.171 26 8 26 390 4
324.197 69.553 80.550 27 8 26 236 1
198.330 92.966 37.872 28 8 26 119 1
324.197 69.553 80.550 29 8 26 236 1
341.616 19.528 29.373 30 8 26 152 1
320.164 63.032 329.240 1 9 26 379 3
320.164 63.032 329.240 2 9 26 379 3
320.164 63.032 329.240 3 9 26 379 3
259.816 66.703 105.083 4 9 26 387 4
284.482 17.519 90.447 5 9 26 384 4
284.482 17.519 90.447 6 9 26 384 4
284.482 17.519 90.447 7 9 26 384 4
284.482 17.519 90.447 8 9 26 384 4
284.482 17.519 90.447 9 9 26 384 4
284.482 17.519 90.447 10 9 26 384 4
284.482 17.519 90.447 11 9 26 384 4
284.482 17.519 90.447 12 9 26 384 4
284.482 17.519 90.447 13 9 26 384 4
284.482 17.519 90.447 14 9 26 384 4
284.482 17.519 90.447 15 9 26 384 4
107.246 97.076 256.127 16 9 26 364 2
107.246 97.076 256.127 17 9 26 364 2
226.908 125.328 108.823 18 9 26 431 1
226.908 125.328 108.823 19 9 26 431 1
209.722 86.591 134.171 20 9 26 390 4
209.722 86.591 134.171 21 9 26 390 4
209.722 86.591 134.171 22 9 26 390 4
209.722 86.591 134.171 23 9 26 390 4
209.722 86.591 134.171 24 9 26 390 4
209.722 86.591 134.171 25 9 26 390 4
209.722 86.591 134.171 26 9 26 390 4
324.197 69.553 80.550 27 9 26 236 1
209.722 86.591 134.171 28 9 26 390 4
23.916 103.192 14.361 29 9 26 130 1
23.916 103.192 14.361 30 9 26 130 1
320.164 63.032 329.240 1 10 26 379 3
320.164 63.032 329.240 2 10 26 379 3
320.164 63.032 329.240 3 10 26 379 3
284.482 17.519 90.447 4 10 26 384 4
284.482 17.519 90.447 5 10 26 384 4
284.482 17.519 90.447 6 10 26 384 4
284.482 17.519 90.447 7 10 26 384 4
284.482 17.519 90.447 8 10 26 384 4
284.482 17.519 90.447 9 10 26 384 4
284.482 17.519 90.447 10 10 26 384 4
284.482 17.519 90.447 11 10 26 384 4
284.482 17.519 90.447 12 10 26 384 4
284.482 17.519 90.447 13 10 26 384 4
284.482 17.519 90.447 14 10 26 384 4
284.482 17.519 90.447 15 10 26 384 4
107.246 97.076 256.127 16 10 26 364 2
107.246 97.076 256.127 17 10 26 364 2
226.908 125.328 108.823 18 10 26 431 1
226.908 125.328 108.823 19 10 26 431 1
209.722 86.591 134.171 20 10 26 390 4
209.722 86.591 134.171 21 10 26 390 4
209.722 86.591 134.171 22 10 26 390 4
209.722 86.591 134.171 23 10 26 390 4
209.722 86.591 134.171 24 10 26 390 4
209.722 86.591 134.171 25 10 26 390 4
209.722 86.591 134.171 26 10 26 390 4
209.722 86.591 134.171 27 10 26 390 4
209.722 86.591 134.171 28 10 26 390 4
23.916 103.192 14.361 29 10 26 130 1
23.916 103.192 14.361 30 10 26 130 1
320.164 63.032 329.240 1 11 26 379 3
320.164 63.032 329.240 2 11 26 379 3
30.148 90.959 152.086 3 11 26 74 1
284.482 17.519 90.447 4 11 26 384 4
284.482 17.519 90.447 5 11 26 384 4
284.482 17.519 90.447 6 11 26 384 4
284.482 17.519 90.447 7 11 26 384 4
284.482 17.519 90.447 8 11 26 384 4
284.482 17.519 90.447 9 11 26 384 4
284.482 17.519 90.447 10 11 26 384 4
284.482 17.519 90.447 11 11 26 384 4
284.482 17.519 90.447 12 11 26 384 4
284.482 17.519 90.447 13 11 26 384 4
284.482 17.519 90.447 14 11 26 384 4
284.482 17.519 90.447 15 11 26 384 4
107.246 97.076 256.127 16 11 26 364 2
107.246 97.076 256.127 17 11 26 364 2
207.770 141.177 139.221 18 11 26 335 2
207.770 141.177 139.221 19 11 26 335 2
207.770 141.177 139.221 20 11 26 335 2
207.770 141.177 139.221 21 11 26 335 2
209.722 86.591 134.171 22 11 26 390 4
209.722 86.591 134.171 23 11 26 390 4
209.722 86.591 134.171 24 11 26 390 4
209.722 86.591 134.171 25 11 26 390 4
209.722 86.591 134.171 26 11 26 390 4
209.722 86.591 134.171 27 11 26 390 4
209.722 86.591 134.171 28 11 26 390 4
23.916 103.192 14.361 29 11 26 130 1
23.916 103.192 14.361 30 11 26 130 1
320.164 63.032 329.240 1 12 26 379 3
284.482 17.519 90.447 2 12 26 384 4
30.148 90.959 152.086 3 12 26 74 1
284.482 17.519 90.447 4 12 26 384 4
284.482 17.519 90.447 5 12 26 384 4
284.482 17.519 90.447 6 12 26 384 4
284.482 17.519 90.447 7 12 26 384 4
284.482 17.519 90.447 8 12 26 384 4
284.482 17.519 90.447 9 12 26 384 4
284.482 17.519 90.447 10 12 26 384 4
284.482 17.519 90.447 11 12 26 384 4
284.482 17.519 90.447 12 12 26 384 4
284.482 17.519 90.447 13 12 26 384 4
284.482 17.519 90.447 14 12 26 384 4
284.482 17.519 90.447 15 12 26 384 4
107.246 97.076 256.127 16 12 26 364 2
107.246 97.076 256.127 17 12 26 364 2
207.770 141.177 139.221 18 12 26 335 2
207.770 141.177 139.221 19 12 26 335 2
207.770 141.177 139.221 20 12 26 335 2
207.770 141.177 139.221 21 12 26 335 2
207.770 141.177 139.221 22 12 26 335 2
209.722 86.591 134.171 23 12 26 390 4
209.722 86.591 134.171 24 12 26 390 4
209.722 86.591 134.171 25 12 26 390 4
209.722 86.591 134.171 26 12 26 390 4
209.722 86.591 134.171 27 12 26 390 4
209.722 86.591 134.171 28 12 26 390 4
209.722 86.591 134.171 29 12 26 390 4
23.916 103.192 14.361 30 12 26 130 1
320.164 63.032 329.240 1 13 26 379 3
284.482 17.519 90.447 2 13 26 384 4
284.482 17.519 90.447 3 13 26 384 4
284.482 17.519 90.447 4 13 26 384 4
284.482 17.519 90.447 5 13 26 384 4
284.482 17.519 90.447 6 13 26 384 4
284.482 17.519 90.447 7 13 26 384 4
284.482 17.519 90.447 8 13 26 384 4
284.482 17.519 90.447 9 13 26 384 4
284.482 17.519 90.447 10 13 26 384 4
284.482 17.519 90.447 11 13 26 384 4
284.482 17.519 90.447 12 13 26 384 4
284.482 17.519 90.447 13 13 26 384 4
284.482 17.519 90.447 14 13 26 384 4
284.482 17.519 90.447 15 13 26 384 4
148.064 134.946 90.860 16 13 26 171 1
148.064 134.946 90.860 17 13 26 171 1
238.178 137.326 298.072 18 13 26 409 1
207.770 141.177 139.221 19 13 26 335 2
207.770 141.177 139.221 20 13 26 335 2
207.770 141.177 139.221 21 13 26 335 2
207.770 141.177 139.221 22 13 26 335 2
209.722 86.591 134.171 23 13 26 390 4
209.722 86.591 134.171 24 13 26 390 4
209.722 86.591 134.171 25 13 26 390 4
209.722 86.591 134.171 26 13 26 390 4
209.722 86.591 134.171 27 13 26 390 4
110.071 30.482 191.893 28 13 26 393 4
110.071 30.482 191.893 29 13 26 393 4
110.071 30.482 191.893 30 13 26 393 4
284.482 17.519 90.447 1 14 26 384 4
284.482 17.519 90.447 2 14 26 384 4
284.482 17.519 90.447 3 14 26 384 4
284.482 17.519 90.447 4 14 26 384 4
284.482 17.519 90.447 5 14 26 384 4
284.482 17.519 90.447 6 14 26 384 4
284.482 17.519 90.447 7 14 26 384 4
284.482 17.519 90.447 8 14 26 384 4
284.482 17.519 90.447 9 14 26 384 4
284.482 17.519 90.447 10 14 26 384 4
284.482 17.519 90.447 11 14 26 384 4
284.482 17.519 90.447 12 14 26 384 4
284.482 17.519 90.447 13 14 26 384 4
284.482 17.519 90.447 14 14 26 384 4
148.064 134.946 90.860 15 14 26 171 1
148.064 134.946 90.860 16 14 26 171 1
148.064 134.946 90.860 17 14 26 171 1
238.178 137.326 298.072 18 14 26 409 1
207.770 141.177 139.221 19 14 26 335 2
207.770 141.177 139.221 20 14 26 335 2
207.770 141.177 139.221 21 14 26 335 2
110.071 30.482 191.893 22 14 26 393 4
110.071 30.482 191.893 23 14 26 393 4
110.071 30.482 191.893 24 14 26 393 4
110.071 30.482 191.893 25 14 26 393 4
110.071 30.482 191.893 26 14 26 393 4
110.071 30.482 191.893 27 14 26 393 4
110.071 30.482 191.893 28 14 26 393 4
110.071 30.482 191.893 29 14 26 393 4
110.071 30.482 191.893 30 14 26 393 4
284.482 17.519 90.447 1 15 26 384 4
284.482 17.519 90.447 2 15 26 384 4
284.482 17.519 90.447 3 15 26 384 4
284.482 17.519 90.447 4 15 26 384 4
284.482 17.519 90.447 5 15 26 384 4
284.482 17.519 90.447 6 15 26 384 4
284.482 17.519 90.447 7 15 26 384 4
284.482 17.519 90.447 8 15 26 384 4
284.482 17.519 90.447 9 15 26 384 4
284.482 17.519 90.447 10 15 26 384 4
284.482 17.519 90.447 11 15 26 384 4
284.482 17.519 90.447 12 15 26 384 4
284.482 17.519 90.447 13 15 26 384 4
284.482 17.519 90.447 14 15 26 384 4
148.064 134.946 90.860 15 15 26 171 1
148.064 134.946 90.860 16 15 26 171 1
238.178 137.326 298.072 17 15 26 409 1
238.178 137.326 298.072 18 15 26 409 1
238.178 137.326 298.072 19 15 26 409 1
56.601 94.677 265.096 20 15 26 18 1
110.071 30.482 191.893 21 15 26 393 4
110.071 30.482 191.893 22 15 26 393 4
110.071 30.482 191.893 23 15 26 393 4
110.071 30.482 191.893 24 15 26 393 4
110.071 30.482 191.893 25 15 26 393 4
110.071 30.482 191.893 26 15 26 393 4
110.071 30.482 191.893 27 15 26 393 4
110.071 30.482 191.893 28 15 26 393 4
110.071 30.482 191.893 29 15 26 393 4
110.071 30.482 191.893 30 15 26 393 4
284.482 17.519 90.447 1 16 26 384 4
284.482 17.519 90.447 2 16 26 384 4
284.482 17.519 90.447 3 16 26 384 4
284.482 17.519 90.447 4 16 26 384 4
284.482 17.519 90.447 5 16 26 384 4
284.482 17.519 90.447 6 16 26 384 4
284.482 17.519 90.447 7 16 26 384 4
284.482 17.519 90.447 8 16 26 384 4
284.482 17.519 90.447 9 16 26 384 4
284.482 17.519 90.447 10 16 26 384 4
284.482 17.519 90.447 11 16 26 384 4
284.482 17.519 90.447 12 16 26 384 4
284.482 17.519 90.447 13 16 26 384 4
284.482 17.519 90.447 14 16 26 384 4
148.064 134.946 90.860 15 16 26 171 1
238.178 137.326 298.072 16 16 26 409 1
238.178 137.326 298.072 17 16 26 409 1
110.071 30.482 191.893 18 16 26 393 4
110.071 30.482 191.893 19 16 26 393 4
56.601 94.677 265.096 20 16 26 18 1
110.071 30.482 191.893 21 16 26 393 4
110.071 30.482 191.893 22 16 26 393 4
110.071 30.482 191.893 23 16 26 393 4
110.071 30.482 191.893 24 16 26 393 4
110.071 30.482 191.893 25 16 26 393 4
110.071 30.482 191.893 26 16 26 393 4
110.071 30.482 191.893 27 16 26 393 4
110.071 30.482 191.893 28 16 26 393 4
110.071 30.482 191.893 29 16 26 393 4
110.071 30.482 191.893 30 16 26 393 4
284.482 17.519 90.447 1 17 26 384 4
284.482 17.519 90.447 2 17 26 384 4
284.482 17.519 90.447 3 17 26 384 4
284.482 17.519 90.447 4 17 26 384 4
284.482 17.519 90.447 5 17 26 384 4
284.482 17.519 90.447 6 17 26 384 4
284.482 17.519 90.447 7 17 26 384 4
284.482 17.519 90.447 8 17 26 384 4
284.482 17.519 90.447 9 17 26 384 4
284.482 17.519 90.447 10 17 26 384 4
284.482 17.519 90.447 11 17 26 384 4
284.482 17.519 90.447 12 17 26 384 4
284.482 17.519 90.447 13 17 26 384 4
12.956 137.376 237.711 14 17 26 385 4
110.071 30.482 191.893 15 17 26 393 4
110.071 30.482 191.893 16 17 26 393 4
110.071 30.482 191.893 17 17 26 393 4
110.071 30.482 191.893 18 17 26 393 4
110.071 30.482 191.893 19 17 26 393 4
56.601 94.677 265.096 20 17 26 18 1
110.071 30.482 191.893 21 17 26 393 4
110.071 30.482 191.893 22 17 26 393 4
110.071 30.482 191.893 23 17 26 393 4
110.071 30.482 191.893 24 17 26 393 4
110.071 30.482 191.893 25 17 26 393 4
110.071 30.482 191.893 26 17 26 393 4
110.071 30.482 191.893 27 17 26 393 4
110.071 30.482 191.893 28 17 26 393 4
110.071 30.482 191.893 29 17 26 393 4
110.071 30.482 191.893 30 17 26 393 4
284.482 17.519 90.447 1 18 26 384 4
284.482 17.519 90.447 2 18 26 384 4
284.482 17.519 90.447 3 18 26 384 4
284.482 17.519 90.447 4 18 26 384 4
284.482 17.519 90.447 5 18 26 384 4
284.482 17.519 90.447 6 18 26 384 4
284.482 17.519 90.447 7 18 26 384 4
284.482 17.519 90.447 8 18 26 384 4
284.482 17.519 90.447 9 18 26 384 4
284.482 17.519 90.447 10 18 26 384 4
284.482 17.519 90.447 11 18 26 384 4
284.482 17.519 90.447 12 18 26 384 4
110.071 30.482 191.893 13 18 26 393 4
110.071 30.482 191.893 14 18 26 393 4
110.071 30.482 191.893 15 18 26 393 4
110.071 30.482 191.893 16 18 26 393 4
110.071 30.482 191.893 17 18 26 393 4
167.429 66.426 266.466 18 18 26 38 1
110.071 30.482 191.893 19 18 26 393 4
110.071 30.482 191.893 20 18 26 393 4
110.071 30.482 191.893 21 18 26 393 4
110.071 30.482 191.893 22 18 26 393 4
110.071 30.482 191.893 23 18 26 393 4
110.071 30.482 191.893 24 18 26 393 4
110.071 30.482 191.893 25 18 26 393 4
110.071 30.482 191.893 26 18 26 393 4
110.071 30.482 191.893 27 18 26 393 4
110.071 30.482 191.893 28 18 26 393 4
110.071 30.482 191.893 29 18 26 393 4
110.071 30.482 191.893 30 18 26 393 4
284.482 17.519 90.447 1 19 26 384 4
284.482 17.519 90.447 2 19 26 384 4
284.482 17.519 90.447 3 19 26 384 4
284.482 17.519 90.447 4 19 26 384 4
284.482 17.519 90.447 5 19 26 384 4
284.482 17.519 90.447 6 19 26 384 4
284.482 17.519 90.447 7 19 26 384 4
284.482 17.519 90.447 8 19 26 384 4
284.482 17.519 90.447 9 19 26 384 4
284.482 17.519 90.447 10 19 26 384 4
284.482 17.519 90.447 11 19 26 384 4
110.071 30.482 191.893 12 19 26 393 4
110.071 30.482 191.893 13 19 26 393 4
110.071 30.482 191.893 14 19 26 393 4
110.071 30.482 191.893 15 19 26 393 4
110.071 30.482 191.893 16 19 26 393 4
110.071 30.482 191.893 17 19 26 393 4
110.071 30.482 191.893 18 19 26 393 4
110.071 30.482 191.893 19 19 26 393 4
110.071 30.482 191.893 20 19 26 393 4
110.071 30.482 191.893 21 19 26 393 4
110.071 30.482 191.893 22 19 26 393 4
110.071 30.482 191.893 23 19 26 393 4
110.071 30.482 191.893 24 19 26 393 4
110.071 30.482 191.893 25 19 26 393 4
110.071 30.482 191.893 26 19 26 393 4
110.071 30.482 191.893 27 19 26 393 4
110.071 30.482 191.893 28 19 26 393 4
110.071 30.482 191.893 29 19 26 393 4
110.071 30.482 191.893 30 19 26 393 4
284.482 17.519 90.447 1 20 26 384 4
284.482 17.519 90.447 2 20 26 384 4
284.482 17.519 90.447 3 20 26 384 4
284.482 17.519 90.447 4 20 26 384 4
284.482 17.519 90.447 5 20 26 384 4
284.482 17.519 90.447 6 20 26 384 4
284.482 17.519 90.447 7 20 26 384 4
284.482 17.519 90.447 8 20 26 384 4
284.482 17.519 90.447 9 20 26 384 4
284.482 17.519 90.447 10 20 26 384 4
110.071 30.482 191.893 11 20 26 393 4
110.071 30.482 191.893 12 20 26 393 4
110.071 30.482 191.893 13 20 26 393 4
110.071 30.482 191.893 14 20 26 393 4
110.071 30.482 191.893 15 20 26 393 4
110.071 30.482 191.893 16 20 26 393 4
110.071 30.482 191.893 17 20 26 393 4
110.071 30.482 191.893 18 20 26 393 4
110.071 30.482 191.893 19 20 26 393 4
200.008 119.526 111.270 20 20 26 426 1
110.071 30.482 191.893 21 20 26 393 4
110.071 30.482 191.893 22 20 26 393 4
110.071 30.482 191.893 23 20 26 393 4
110.071 30.482 191.893 24 20 26 393 4
110.071 30.482 191.893 25 20 26 393 4
110.071 30.482 191.893 26 20 26 393 4
110.071 30.482 191.893 27 20 26 393 4
110.071 30.482 191.893 28 20 26 393 4
110.071 30.482 191.893 29 20 26 393 4
110.071 30.482 191.893 30 20 26 393 4
284.482 17.519 90.447 1 21 26 384 4
284.482 17.519 90.447 2 21 26 384 4
284.482 17.519 90.447 3 21 26 384 4
284.482 17.519 90.447 4 21 26 384 4
284.482 17.519 90.447 5 21 26 384 4
284.482 17.519 90.447 6 21 26 384 4
284.482 17.519 90.447 7 21 26 384 4
284.482 17.519 90.447 8 21 26 384 4
110.071 30.482 191.893 9 21 26 393 4
110.071 30.482 191.893 10 21 26 393 4
110.071 30.482 191.893 11 21 26 393 4
110.071 30.482 191.893 12 21 26 393 4
110.071 30.482 191.893 13 21 26 393 4
110.071 30.482 191.893 14 21 26 393 4
110.071 30.482 191.893 15 21 26 393 4
110.071 30.482 191.893 16 21 26 393 4
110.071 30.482 191.893 17 21 26 393 4
110.071 30.482 191.893 18 21 26 393 4
110.071 30.482 191.893 19 21 26 393 4
110.071 30.482 191.893 20 21 26 393 4
110.071 30.482 191.893 21 21 26 393 4
110.071 30.482 191.893 22 21 26 393 4
110.071 30.482 191.893 23 21 26 393 4
110.071 30.482 191.893 24 21 26 393 4
110.071 30.482 191.893 25 21 26 393 4
110.071 30.482 191.893 26 21 26 393 4
110.071 30.482 191.893 27 21 26 393 4
110.071 30.482 191.893 28 21 26 393 4
110.071 30.482 191.893 29 21 26 393 4
110.071 30.482 191.893 30 21 26 393 4
284.482 17.519 90.447 1 22 26 384 4
284.482 17.519 90.447 2 22 26 384 4
284.482 17.519 90.447 3 22 26 384 4
284.482 17.519 90.447 4 22 26 384 4
284.482 17.519 90.447 5 22 26 384 4
284.482 17.519 90.447 6 22 26 384 4
284.482 17.519 90.447 7 22 26 384 4
110.071 30.482 191.893 8 22 26 393 4
110.071 30.482 191.893 9 22 26 393 4
110.071 30.482 191.893 10 22 26 393 4
110.071 30.482 191.893 11 22 26 393 4
110.071 30.482 191.893 12 22 26 393 4
110.071 30.482 191.893 13 22 26 393 4
110.071 30.482 191.893 14 22 26 393 4
110.071 30.482 191.893 15 22 26 393 4
110.071 30.482 191.893 16 22 26 393 4
110.071 30.482 191.893 17 22 26 393 4
110.071 30.482 191.893 18 22 26 393 4
110.071 30.482 191.893 19 22 26 393 4
110.071 30.482 191.893 20 22 26 393 4
110.071 30.482 191.893 21 22 26 393 4
110.071 30.482 191.893 22 22 26 393 4
110.071 30.482 191.893 23 22 26 393 4
110.071 30.482 191.893 24 22 26 393 4
110.071 30.482 191.893 25 22 26 393 4
110.071 30.482 191.893 26 22 26 393 4
110.071 30.482 191.893 27 22 26 393 4
110.071 30.482 191.893 28 22 26 393 4
110.071 30.482 191.893 29 22 26 393 4
110.071 30.482 191.893 30 22 26 393 4
284.482 17.519 90.447 1 23 26 384 4
284.482 17.519 90.447 2 23 26 384 4
284.482 17.519 90.447 3 23 26 384 4
284.482 17.519 90.447 4 23 26 384 4
284.482 17.519 90.447 5 23 26 384 4
75.639 97.165 269.242 6 23 26 149 1
75.639 97.165 269.242 7 23 26 149 1
110.071 30.482 191.893 8 23 26 393 4
110.071 30.482 191.893 9 23 26 393 4
110.071 30.482 191.893 10 23 26 393 4
110.071 30.482 191.893 11 23 26 393 4
110.071 30.482 191.893 12 23 26 393 4
110.071 30.482 191.893 13 23 26 393 4
110.071 30.482 191.893 14 23 26 393 4
110.071 30.482 191.893 15 23 26 393 4
110.071 30.482 191.893 16 23 26 393 4
110.071 30.482 191.893 17 23 26 393 4
110.071 30.482 191.893 18 23 26 393 4
110.071 30.482 191.893 19 23 26 393 4
110.071 30.482 191.893 20 23 26 393 4
110.071 30.482 191.893 21 23 26 393 4
110.071 30.482 191.893 22 23 26 393 4
110.071 30.482 191.893 23 23 26 393 4
110.071 30.482 191.893 24 23 26 393 4
110.071 30.482 191.893 25 23 26 393 4
110.071 30.482 191.893 26 23 26 393 4
110.071 30.482 191.893 27 23 26 393 4
110.071 30.482 191.893 28 23 26 393 4
110.071 30.482 191.893 29 23 26 393 4
110.071 30.482 191.893 30 23 26 393 4
284.482 17.519 90.447 1 24 26 384 4
284.482 17.519 90.447 2 24 26 384 4
284.482 17.519 90.447 3 24 26 384 4
75.639 97.165 269.242 4 24 26 149 1
75.639 97.165 269.242 5 24 26 149 1
75.639 97.165 269.242 6 24 26 149 1
75.639 97.165 269.242 7 24 26 149 1
110.071 30.482 191.893 8 24 26 393 4
110.071 30.482 191.893 9 24 26 393 4
110.071 30.482 191.893 10 24 26 393 4
110.071 30.482 191.893 11 24 26 393 4
110.071 30.482 191.893 12 24 26 393 4
110.071 30.482 191.893 13 24 26 393 4
110.071 30.482 191.893 14 24 26 393 4
110.071 30.482 191.893 15 24 26 393 4
110.071 30.482 191.893 16 24 26 393 4
110.071 30.482 191.893 17 24 26 393 4
110.071 30.482 191.893 18 24 26 393 4
110.071 30.482 191.893 19 24 26 393 4
110.071 30.482 191.893 20 24 26 393 4
110.071 30.482 191.893 21 24 26 393 4
110.071 30.482 191.893 22 24 26 393 4
110.071 30.482 191.893 23 24 26 393 4
110.071 30.482 191.893 24 24 26 393 4
110.071 30.482 191.893 25 24 26 393 4
110.071 30.482 191.893 26 24 26 393 4
110.071 30.482 191.893 27 24 26 393 4
110.071 30.482 191.893 28 24 26 393 4
110.071 30.482 191.893 29 24 26 393 4
110.071 30.482 191.893 30 24 26 393 4
75.296 142.514 41.103 1 25 26 216 1
75.296 142.514 41.103 2 25 26 216 1
75.639 97.165 269.242 3 25 26 149 1
75.639 97.165 269.242 4 25 26 149 1
75.639 97.165 269.242 5 25 26 149 1
75.639 97.165 269.242 6 25 26 149 1
75.639 97.165 269.242 7 25 26 149 1
110.071 30.482 191.893 8 25 26 393 4
110.071 30.482 191.893 9 25 26 393 4
110.071 30.482 191.893 10 25 26 393 4
110.071 30.482 191.893 11 25 26 393 4
110.071 30.482 191.893 12 25 26 393 4
110.071 30.482 191.893 13 25 26 393 4
110.071 30.482 191.893 14 25 26 393 4
110.071 30.482 191.893 15 25 26 393 4
110.071 30.482 191.893 16 25 26 393 4
110.071 30.482 191.893 17 25 26 393 4
110.071 30.482 191.893 18 25 26 393 4
110.071 30.482 191.893 19 25 26 393 4
110.071 30.482 191.893 20 25 26 393 4
110.071 30.482 191.893 21 25 26 393 4
110.071 30.482 191.893 22 25 26 393 4
110.071 30.482 191.893 23 25 26 393 4
110.071 30.482 191.893 24 25 26 393 4
110.071 30.482 191.893 25 25 26 393 4
110.071 30.482 191.893 26 25 26 393 4
110.071 30.482 191.893 27 25 26 393 4
110.071 30.482 191.893 28 25 26 393 4
110.071 30.482 191.893 29 25 26 393 4
110.071 30.482 191.893 30 25 26 393 4
75.296 142.514 41.103 1 26 26 216 1
75.296 142.514 41.103 2 26 26 216 1
75.296 142.514 41.103 3 26 26 216 1
75.639 97.165 269.242 4 26 26 149 1
75.639 97.165 269.242 5 26 26 149 1
75.639 97.165 269.242 6 26 26 149 1
75.639 97.165 269.242 7 26 26 149 1
110.071 30.482 191.893 8 26 26 393 4
110.071 30.482 191.893 9 26 26 393 4
110.071 30.482 191.893 10 26 26 393 4
110.071 30.482 191.893 11 26 26 393 4
110.071 30.482 191.893 12 26 26 393 4
110.071 30.482 191.893 13 26 26 393 4
110.071 30.482 191.893 14 26 26 393 4
110.071 30.482 191.893 15 26 26 393 4
110.071 30.482 191.893 16 26 26 393 4
110.071 30.482 191.893 17 26 26 393 4
110.071 30.482 191.893 18 26 26 393 4
110.071 30.482 191.893 19 26 26 393 4
110.071 30.482 191.893 20 26 26 393 4
110.071 30.482 191.893 21 26 26 393 4
110.071 30.482 191.893 22 26 26 393 4
110.071 30.482 191.893 23 26 26 393 4
110.071 30.482 191.893 24 26 26 393 4
110.071 30.482 191.893 25 26 26 393 4
110.071 30.482 191.893 26 26 26 393 4
110.071 30.482 191.893 27 26 26 393 4
110.071 30.482 191.893 28 26 26 393 4
110.071 30.482 191.893 29 26 26 393 4
110.071 30.482 191.893 30 26 26 393 4
6.506 43.140 229.426 1 27 26 360 2
6.506 43.140 229.426 2 27 26 360 2
6.506 43.140 229.426 3 27 26 360 2
6.506 43.140 229.426 4 27 26 360 2
75.639 97.165 269.242 5 27 26 149 1
75.639 97.165 269.242 6 27 26 149 1
110.071 30.482 191.893 7 27 26 393 4
110.071 30.482 191.893 8 27 26 393 4
110.071 30.482 191.893 9 27 26 393 4
110.071 30.482 191.893 10 27 26 393 4
110.071 30.482 191.893 11 27 26 393 4
110.071 30.482 191.893 12 27 26 393 4
110.071 30.482 191.893 13 27 26 393 4
110.071 30.482 191.893 14 27 26 393 4
110.071 30.482 191.893 15 27 26 393 4
110.071 30.482 191.893 16 27 26 393 4
110.071 30.482 191.893 17 27 26 393 4
110.071 30.482 191.893 18 27 26 393 4
110.071 30.482 191.893 19 27 26 393 4
110.071 30.482 191.893 20 27 26 393 4
110.071 30.482 191.893 21 27 26 393 4
110.071 30.482 191.893 22 27 26 393 4
110.071 30.482 191.893 23 27 26 393 4
110.071 30.482 191.893 24 27 26 393 4
110.071 30.482 191.893 25 27 26 393 4
13.382 151.127 264.100 26 27 26 142 1
110.071 30.482 191.893 27 27 26 393 4
110.071 30.482 191.893 28 27 26 393 4
110.071 30.482 191.893 29 27 26 393 4
110.071 30.482 191.893 30 27 26 393 4
6.506 43.140 229.426 1 28 26 360 2
6.506 43.140 229.426 2 28 26 360 2
6.506 43.140 229.426 3 28 26 360 2
20.098 120.974 47.951 4 28 26 381 4
179.071 77.218 129.850 5 28 26 378 3
179.071 77.218 129.850 6 28 26 378 3
110.071 30.482 191.893 7 28 26 393 4
110.071 30.482 191.893 8 28 26 393 4
110.071 30.482 191.893 9 28 26 393 4
110.071 30.482 191.893 10 28 26 393 4
110.071 30.482 191.893 11 28 26 393 4
74.870 116.706 41.647 12 28 26 274 1
110.071 30.482 191.893 13 28 26 393 4
110.071 30.482 191.893 14 28 26 393 4
110.071 30.482 191.893 15 28 26 393 4
110.071 30.482 191.893 16 28 26 393 4
110.071 30.482 191.893 17 28 26 393 4
110.071 30.482 191.893 18 28 26 393 4
110.071 30.482 191.893 19 28 26 393 4
110.071 30.482 191.893 20 28 26 393 4
110.071 30.482 191.893 21 28 26 393 4
110.071 30.482 191.893 22 28 26 393 4
110.071 30.482 191.893 23 28 26 393 4
110.071 30.482 191.893 24 28 26 393 4
110.071 30.482 191.893 25 28 26 393 4
110.071 30.482 191.893 26 28 26 393 4
110.071 30.482 191.893 27 28 26 393 4
110.071 30.482 191.893 28 28 26 393 4
110.071 30.482 191.893 29 28 26 393 4
110.071 30.482 191.893 30 28 26 393 4
20.098 120.974 47.951 1 29 26 381 4
20.098 120.974 47.951 2 29 26 381 4
179.071 77.218 129.850 3 29 26 378 3
20.098 120.974 47.951 4 29 26 381 4
179.071 77.218 129.850 5 29 26 378 3
179.071 77.218 129.850 6 29 26 378 3
179.071 77.218 129.850 7 29 26 378 3
110.071 30.482 191.893 8 29 26 393 4
110.071 30.482 191.893 9 29 26 393 4
110.071 30.482 191.893 10 29 26 393 4
110.071 30.482 191.893 11 29 26 393 4
110.071 30.482 191.893 12 29 26 393 4
110.071 30.482 191.893 13 29 26 393 4
110.071 30.482 191.893 14 29 26 393 4
110.071 30.482 191.893 15 29 26 393 4
110.071 30.482 191.893 16 29 26 393 4
110.071 30.482 191.893 17 29 26 393 4
110.071 30.482 191.893 18 29 26 393 4
110.071 30.482 191.893 19 29 26 393 4
110.071 30.482 191.893 20 29 26 393 4
110.071 30.482 191.893 21 29 26 393 4
110.071 30.482 191.893 22 29 26 393 4
110.071 30.482 191.893 23 29 26 393 4
110.071 30.482 191.893 24 29 26 393 4
110.071 30.482 191.893 25 29 26 393 4
110.071 30.482 191.893 26 29 26 393 4
110.071 30.482 191.893 27 29 26 393 4
110.071 30.482 191.893 28 29 26 393 4
47.925 111.671 12.462 29 29 26 140 1
47.925 111.671 12.462 30 29 26 140 1
20.098 120.974 47.951 1 30 26 381 4
179.071 77.218 129.850 2 30 26 378 3
179.071 77.218 129.850 3 30 26 378 3
43.544 58.209 288.392 4 30 26 24 1
179.071 77.218 129.850 5 30 26 378 3
179.071 77.218 129.850 6 30 26 378 3
179.071 77.218 129.850 7 30 26 378 3
110.071 30.482 191.893 8 30 26 393 4
110.071 30.482 191.893 9 30 26 393 4
110.071 30.482 191.893 10 30 26 393 4
110.071 30.482 191.893 11 30 26 393 4
110.071 30.482 191.893 12 30 26 393 4
110.071 30.482 191.893 13 30 26 393 4
110.071 30.482 191.893 14 30 26 393 4
110.071 30.482 191.893 15 30 26 393 4
110.071 30.482 191.893 16 30 26 393 4
110.071 30.482 191.893 17 30 26 393 4
110.071 30.482 191.893 18 30 26 393 4
110.071 30.482 191.893 19 30 26 393 4
110.071 30.482 191.893 20 30 26 393 4
110.071 30.482 191.893 21 30 26 393 4
110.071 30.482 191.893 22 30 26 393 4
110.071 30.482 191.893 23 30 26 393 4
110.071 30.482 191.893 24 30 26 393 4
110.071 30.482 191.893 25 30 26 393 4
110.071 30.482 191.893 26 30 26 393 4
110.071 30.482 191.893 27 30 26 393 4
47.925 111.671 12.462 28 30 26 140 1
47.925 111.671 12.462 29 30 26 140 1
47.925 111.671 12.462 30 30 26 140 1
