320.164 63.032 329.240 1 1 21 379 3
320.164 63.032 329.240 2 1 21 379 3
320.164 63.032 329.240 3 1 21 379 3
320.164 63.032 329.240 4 1 21 379 3
320.164 63.032 329.240 5 1 21 379 3
320.164 63.032 329.240 6 1 21 379 3
320.164 63.032 329.240 7 1 21 379 3
320.164 63.032 329.240 8 1 21 379 3
320.164 63.032 329.240 9 1 21 379 3
320.164 63.032 329.240 10 1 21 379 3
320.164 63.032 329.240 11 1 21 379 3
320.164 63.032 329.240 12 1 21 379 3
320.164 63.032 329.240 13 1 21 379 3
320.164 63.032 329.240 14 1 21 379 3
320.164 63.032 329.240 15 1 21 379 3
320.164 63.032 329.240 16 1 21 379 3
320.164 63.032 329.240 17 1 21 379 3
320.164 63.032 329.240 18 1 21 379 3
320.164 63.032 329.240 19 1 21 379 3
209.722 86.591 134.171 20 1 21 390 4
209.722 86.591 134.171 21 1 21 390 4
209.722 86.591 134.171 22 1 21 390 4
209.722 86.591 134.171 23 1 21 390 4
209.722 86.591 134.171 24 1 21 390 4
209.722 86.591 134.171 25 1 21 390 4
209.722 86.591 134.171 26 1 21 390 4
209.722 86.591 134.171 27 1 21 390 4
209.722 86.591 134.171 28 1 21 390 4
209.722 86.591 134.171 29 1 21 390 4
266.644 79.571 173.025 30 1 21 44 1
320.164 63.032 329.240 1 2 21 379 3
320.164 63.032 329.240 2 2 21 379 3
320.164 63.032 329.240 3 2 21 379 3
320.164 63.032 329.240 4 2 21 379 3
320.164 63.032 329.240 5 2 21 379 3
320.164 63.032 329.240 6 2 21 379 3
320.164 63.032 329.240 7 2 21 379 3
320.164 63.032 329.240 8 2 21 379 3
320.164 63.032 329.240 9 2 21 379 3
320.164 63.032 329.240 10 2 21 379 3
320.164 63.032 329.240 11 2 21 379 3
320.164 63.032 329.240 12 2 21 379 3
320.164 63.032 329.240 13 2 21 379 3
320.164 63.032 329.240 14 2 21 379 3
320.164 63.032 329.240 15 2 21 379 3
320.164 63.032 329.240 16 2 21 379 3
320.164 63.032 329.240 17 2 21 379 3
320.164 63.032 329.240 18 2 21 379 3
209.722 86.591 134.171 19 2 21 390 4
209.722 86.591 134.171 20 2 21 390 4
209.722 86.591 134.171 21 2 21 390 4
209.722 86.591 134.171 22 2 21 390 4
209.722 86.591 134.171 23 2 21 390 4
209.722 86.591 134.171 24 2 21 390 4
209.722 86.591 134.171 25 2 21 390 4
209.722 86.591 134.171 26 2 21 390 4
209.722 86.591 134.171 27 2 21 390 4
209.722 86.591 134.171 28 2 21 390 4
209.722 86.591 134.171 29 2 21 390 4
266.644 79.571 173.025 30 2 21 44 1
320.164 63.032 329.240 1 3 21 379 3
320.164 63.032 329.240 2 3 21 379 3
320.164 63.032 329.240 3 3 21 379 3
320.164 63.032 329.240 4 3 21 379 3
320.164 63.032 329.240 5 3 21 379 3
320.164 63.032 329.240 6 3 21 379 3
320.164 63.032 329.240 7 3 21 379 3
320.164 63.032 329.240 8 3 21 379 3
320.164 63.032 329.240 9 3 21 379 3
320.164 63.032 329.240 10 3 21 379 3
320.164 63.032 329.240 11 3 21 379 3
320.164 63.032 329.240 12 3 21 379 3
320.164 63.032 329.240 13 3 21 379 3
320.164 63.032 329.240 14 3 21 379 3
320.164 63.032 329.240 15 3 21 379 3
320.164 63.032 329.240 16 3 21 379 3
320.164 63.032 329.240 17 3 21 379 3
209.722 86.591 134.171 18 3 21 390 4
209.722 86.591 134.171 19 3 21 390 4
209.722 86.591 134.171 20 3 21 390 4
209.722 86.591 134.171 21 3 21 390 4
209.722 86.591 134.171 22 3 21 390 4
209.722 86.591 134.171 23 3 21 390 4
209.722 86.591 134.171 24 3 21 390 4
209.722 86.591 134.171 25 3 21 390 4
209.722 86.591 134.171 26 3 21 390 4
209.722 86.591 134.171 27 3 21 390 4
209.722 86.591 134.171 28 3 21 390 4
209.722 86.591 134.171 29 3 21 390 4
209.722 86.591 134.171 30 3 21 390 4
320.164 63.032 329.240 1 4 21 379 3
320.164 63.032 329.240 2 4 21 379 3
320.164 63.032 329.240 3 4 21 379 3
320.164 63.032 329.240 4 4 21 379 3
320.164 63.032 329.240 5 4 21 379 3
320.164 63.032 329.240 6 4 21 379 3
320.164 63.032 329.240 7 4 21 379 3
320.164 63.032 329.240 8 4 21 379 3
320.164 63.032 329.240 9 4 21 379 3
320.164 63.032 329.240 10 4 21 379 3
320.164 63.032 329.240 11 4 21 379 3
320.164 63.032 329.240 12 4 21 379 3
320.164 63.032 329.240 13 4 21 379 3
320.164 63.032 329.240 14 4 21 379 3
320.164 63.032 329.240 15 4 21 379 3
320.164 63.032 329.240 16 4 21 379 3
320.164 63.032 329.240 17 4 21 379 3
209.722 86.591 134.171 18 4 21 390 4
209.722 86.591 134.171 19 4 21 390 4
209.722 86.591 134.171 20 4 21 390 4
209.722 86.591 134.171 21 4 21 390 4
209.722 86.591 134.171 22 4 21 390 4
209.722 86.591 134.171 23 4 21 390 4
209.722 86.591 134.171 24 4 21 390 4
209.722 86.591 134.171 25 4 21 390 4
209.722 86.591 134.171 26 4 21 390 4
209.722 86.591 134.171 27 4 21 390 4
209.722 86.591 134.171 28 4 21 390 4
209.722 86.591 134.171 29 4 21 390 4
209.722 86.591 134.171 30 4 21 390 4
320.164 63.032 329.240 1 5 21 379 3
320.164 63.032 329.240 2 5 21 379 3
320.164 63.032 329.240 3 5 21 379 3
320.164 63.032 329.240 4 5 21 379 3
320.164 63.032 329.240 5 5 21 379 3
320.164 63.032 329.240 6 5 21 379 3
320.164 63.032 329.240 7 5 21 379 3
320.164 63.032 329.240 8 5 21 379 3
320.164 63.032 329.240 9 5 21 379 3
320.164 63.032 329.240 10 5 21 379 3
320.164 63.032 329.240 11 5 21 379 3
320.164 63.032 329.240 12 5 21 379 3
320.164 63.032 329.240 13 5 21 379 3
320.164 63.032 329.240 14 5 21 379 3
320.164 63.032 329.240 15 5 21 379 3
320.164 63.032 329.240 16 5 21 379 3
320.164 63.032 329.240 17 5 21 379 3
209.722 86.591 134.171 18 5 21 390 4
209.722 86.591 134.171 19 5 21 390 4
209.722 86.591 134.171 20 5 21 390 4
209.722 86.591 134.171 21 5 21 390 4
209.722 86.591 134.171 22 5 21 390 4
209.722 86.591 134.171 23 5 21 390 4
209.722 86.591 134.171 24 5 21 390 4
209.722 86.591 134.171 25 5 21 390 4
209.722 86.591 134.171 26 5 21 390 4
209.722 86.591 134.171 27 5 21 390 4
209.722 86.591 134.171 28 5 21 390 4
209.722 86.591 134.171 29 5 21 390 4
209.722 86.591 134.171 30 5 21 390 4
320.164 63.032 329.240 1 6 21 379 3
320.164 63.032 329.240 2 6 21 379 3
320.164 63.032 329.240 3 6 21 379 3
320.164 63.032 329.240 4 6 21 379 3
320.164 63.032 329.240 5 6 21 379 3
320.164 63.032 329.240 6 6 21 379 3
320.164 63.032 329.240 7 6 21 379 3
320.164 63.032 329.240 8 6 21 379 3
320.164 63.032 329.240 9 6 21 379 3
320.164 63.032 329.240 10 6 21 379 3
320.164 63.032 329.240 11 6 21 379 3
320.164 63.032 329.240 12 6 21 379 3
320.164 63.032 329.240 13 6 21 379 3
320.164 63.032 329.240 14 6 21 379 3
320.164 63.032 329.240 15 6 21 379 3
320.164 63.032 329.240 16 6 21 379 3
209.722 86.591 134.171 17 6 21 390 4
209.722 86.591 134.171 18 6 21 390 4
209.722 86.591 134.171 19 6 21 390 4
209.722 86.591 134.171 20 6 21 390 4
209.722 86.591 134.171 21 6 21 390 4
209.722 86.591 134.171 22 6 21 390 4
209.722 86.591 134.171 23 6 21 390 4
209.722 86.591 134.171 24 6 21 390 4
209.722 86.591 134.171 25 6 21 390 4
209.722 86.591 134.171 26 6 21 390 4
209.722 86.591 134.171 27 6 21 390 4
209.722 86.591 134.171 28 6 21 390 4
209.722 86.591 134.171 29 6 21 390 4
209.722 86.591 134.171 30 6 21 390 4
320.164 63.032 329.240 1 7 21 379 3
320.164 63.032 329.240 2 7 21 379 3
320.164 63.032 329.240 3 7 21 379 3
320.164 63.032 329.240 4 7 21 379 3
320.164 63.032 329.240 5 7 21 379 3
320.164 63.032 329.240 6 7 21 379 3
320.164 63.032 329.240 7 7 21 379 3
320.164 63.032 329.240 8 7 21 379 3
320.164 63.032 329.240 9 7 21 379 3
320.164 63.032 329.240 10 7 21 379 3
320.164 63.032 329.240 11 7 21 379 3
320.164 63.032 329.240 12 7 21 379 3
320.164 63.032 329.240 13 7 21 379 3
320.164 63.032 329.240 14 7 21 379 3
320.164 63.032 329.240 15 7 21 379 3
320.164 63.032 329.240 16 7 21 379 3
209.722 86.591 134.171 17 7 21 390 4
209.722 86.591 134.171 18 7 21 390 4
209.722 86.591 134.171 19 7 21 390 4
209.722 86.591 134.171 20 7 21 390 4
209.722 86.591 134.171 21 7 21 390 4
209.722 86.591 134.171 22 7 21 390 4
209.722 86.591 134.171 23 7 21 390 4
209.722 86.591 134.171 24 7 21 390 4
209.722 86.591 134.171 25 7 21 390 4
209.722 86.591 134.171 26 7 21 390 4
209.722 86.591 134.171 27 7 21 390 4
209.722 86.591 134.171 28 7 21 390 4
209.722 86.591 134.171 29 7 21 390 4
209.722 86.591 134.171 30 7 21 390 4
320.164 63.032 329.240 1 8 21 379 3
320.164 63.032 329.240 2 8 21 379 3
320.164 63.032 329.240 3 8 21 379 3
320.164 63.032 329.240 4 8 21 379 3
320.164 63.032 329.240 5 8 21 379 3
320.164 63.032 329.240 6 8 21 379 3
320.164 63.032 329.240 7 8 21 379 3
320.164 63.032 329.240 8 8 21 379 3
320.164 63.032 329.240 9 8 21 379 3
320.164 63.032 329.240 10 8 21 379 3
320.164 63.032 329.240 11 8 21 379 3
320.164 63.032 329.240 12 8 21 379 3
320.164 63.032 329.240 13 8 21 379 3
320.164 63.032 329.240 14 8 21 379 3
85.038 88.848 337.742 15 8 21 123 1
320.164 63.032 329.240 16 8 21 379 3
209.722 86.591 134.171 17 8 21 390 4
209.722 86.591 134.171 18 8 21 390 4
209.722 86.591 134.171 19 8 21 390 4
209.722 86.591 134.171 20 8 21 390 4
209.722 86.591 134.171 21 8 21 390 4
209.722 86.591 134.171 22 8 21 390 4
209.722 86.591 134.171 23 8 21 390 4
209.722 86.591 134.171 24 8 21 390 4
209.722 86.591 134.171 25 8 21 390 4
209.722 86.591 134.171 26 8 21 390 4
209.722 86.591 134.171 27 8 21 390 4
209.722 86.591 134.171 28 8 21 390 4
209.722 86.591 134.171 29 8 21 390 4
209.722 86.591 134.171 30 8 21 390 4
320.164 63.032 329.240 1 9 21 379 3
320.164 63.032 329.240 2 9 21 379 3
320.164 63.032 329.240 3 9 21 379 3
320.164 63.032 329.240 4 9 21 379 3
320.164 63.032 329.240 5 9 21 379 3
320.164 63.032 329.240 6 9 21 379 3
320.164 63.032 329.240 7 9 21 379 3
320.164 63.032 329.240 8 9 21 379 3
320.164 63.032 329.240 9 9 21 379 3
320.164 63.032 329.240 10 9 21 379 3
320.164 63.032 329.240 11 9 21 379 3
320.164 63.032 329.240 12 9 21 379 3
320.164 63.032 329.240 13 9 21 379 3
320.164 63.032 329.240 14 9 21 379 3
85.038 88.848 337.742 15 9 21 123 1
302.563 42.259 69.956 16 9 21 401 1
302.563 42.259 69.956 17 9 21 401 1
209.722 86.591 134.171 18 9 21 390 4
209.722 86.591 134.171 19 9 21 390 4
209.722 86.591 134.171 20 9 21 390 4
209.722 86.591 134.171 21 9 21 390 4
209.722 86.591 134.171 22 9 21 390 4
209.722 86.591 134.171 23 9 21 390 4
209.722 86.591 134.171 24 9 21 390 4
209.722 86.591 134.171 25 9 21 390 4
209.722 86.591 134.171 26 9 21 390 4
209.722 86.591 134.171 27 9 21 390 4
209.722 86.591 134.171 28 9 21 390 4
209.722 86.591 134.171 29 9 21 390 4
209.722 86.591 134.171 30 9 21 390 4
320.164 63.032 329.240 1 10 21 379 3
320.164 63.032 329.240 2 10 21 379 3
320.164 63.032 329.240 3 10 21 379 3
320.164 63.032 329.240 4 10 21 379 3
320.164 63.032 329.240 5 10 21 379 3
320.164 63.032 329.240 6 10 21 379 3
320.164 63.032 329.240 7 10 21 379 3
320.164 63.032 329.240 8 10 21 379 3
320.164 63.032 329.240 9 10 21 379 3
320.164 63.032 329.240 10 10 21 379 3
320.164 63.032 329.240 11 10 21 379 3
320.164 63.032 329.240 12 10 21 379 3
320.164 63.032 329.240 13 10 21 379 3
320.164 63.032 329.240 14 10 21 379 3
85.038 88.848 337.742 15 10 21 123 1
302.563 42.259 69.956 16 10 21 401 1
302.563 42.259 69.956 17 10 21 401 1
318.607 66.380 311.245 18 10 21 86 1
209.722 86.591 134.171 19 10 21 390 4
209.722 86.591 134.171 20 10 21 390 4
209.722 86.591 134.171 21 10 21 390 4
209.722 86.591 134.171 22 10 21 390 4
209.722 86.591 134.171 23 10 21 390 4
209.722 86.591 134.171 24 10 21 390 4
209.722 86.591 134.171 25 10 21 390 4
209.722 86.591 134.171 26 10 21 390 4
209.722 86.591 134.171 27 10 21 390 4
209.722 86.591 134.171 28 10 21 390 4
209.722 86.591 134.171 29 10 21 390 4
209.722 86.591 134.171 30 10 21 390 4
320.164 63.032 329.240 1 11 21 379 3
320.164 63.032 329.240 2 11 21 379 3
320.164 63.032 329.240 3 11 21 379 3
320.164 63.032 329.240 4 11 21 379 3
320.164 63.032 329.240 5 11 21 379 3
320.164 63.032 329.240 6 11 21 379 3
320.164 63.032 329.240 7 11 21 379 3
320.164 63.032 329.240 8 11 21 379 3
320.164 63.032 329.240 9 11 21 379 3
320.164 63.032 329.240 10 11 21 379 3
320.164 63.032 329.240 11 11 21 379 3
320.164 63.032 329.240 12 11 21 379 3
320.164 63.032 329.240 13 11 21 379 3
320.164 63.032 329.240 14 11 21 379 3
85.038 88.848 337.742 15 11 21 123 1
318.607 66.380 311.245 16 11 21 86 1
318.607 66.380 311.245 17 11 21 86 1
318.607 66.380 311.245 18 11 21 86 1
209.722 86.591 134.171 19 11 21 390 4
345.076 32.857 15.780 20 11 21 334 2
209.722 86.591 134.171 21 11 21 390 4
209.722 86.591 134.171 22 11 21 390 4
209.722 86.591 134.171 23 11 21 390 4
209.722 86.591 134.171 24 11 21 390 4
209.722 86.591 134.171 25 11 21 390 4
209.722 86.591 134.171 26 11 21 390 4
209.722 86.591 134.171 27 11 21 390 4
209.722 86.591 134.171 28 11 21 390 4
209.722 86.591 134.171 29 11 21 390 4
209.722 86.591 134.171 30 11 21 390 4
320.164 63.032 329.240 1 12 21 379 3
320.164 63.032 329.240 2 12 21 379 3
320.164 63.032 329.240 3 12 21 379 3
320.164 63.032 329.240 4 12 21 379 3
320.164 63.032 329.240 5 12 21 379 3
320.164 63.032 329.240 6 12 21 379 3
320.164 63.032 329.240 7 12 21 379 3
320.164 63.032 329.240 8 12 21 379 3
320.164 63.032 329.240 9 12 21 379 3
320.164 63.032 329.240 10 12 21 379 3
357.414 169.074 261.141 11 12 21 247 1
320.164 63.032 329.240 12 12 21 379 3
320.164 63.032 329.240 13 12 21 379 3
12.956 137.376 237.711 14 12 21 385 4
12.956 137.376 237.711 15 12 21 385 4
318.607 66.380 311.245 16 12 21 86 1
318.607 66.380 311.245 17 12 21 86 1
328.438 49.170 184.962 18 12 21 270 1
328.438 49.170 184.962 19 12 21 270 1
345.076 32.857 15.780 20 12 21 334 2
345.076 32.857 15.780 21 12 21 334 2
209.722 86.591 134.171 22 12 21 390 4
209.722 86.591 134.171 23 12 21 390 4
209.722 86.591 134.171 24 12 21 390 4
209.722 86.591 134.171 25 12 21 390 4
209.722 86.591 134.171 26 12 21 390 4
209.722 86.591 134.171 27 12 21 390 4
209.722 86.591 134.171 28 12 21 390 4
209.722 86.591 134.171 29 12 21 390 4
209.722 86.591 134.171 30 12 21 390 4
320.164 63.032 329.240 1 13 21 379 3
320.164 63.032 329.240 2 13 21 379 3
320.164 63.032 329.240 3 13 21 379 3
320.164 63.032 329.240 4 13 21 379 3
320.164 63.032 329.240 5 13 21 379 3
320.164 63.032 329.240 6 13 21 379 3
320.164 63.032 329.240 7 13 21 379 3
320.164 63.032 329.240 8 13 21 379 3
320.164 63.032 329.240 9 13 21 379 3
320.164 63.032 329.240 10 13 21 379 3
320.164 63.032 329.240 11 13 21 379 3
320.164 63.032 329.240 12 13 21 379 3
12.956 137.376 237.711 13 13 21 385 4
12.956 137.376 237.711 14 13 21 385 4
12.956 137.376 237.711 15 13 21 385 4
318.607 66.380 311.245 16 13 21 86 1
12.956 137.376 237.711 17 13 21 385 4
12.956 137.376 237.711 18 13 21 385 4
328.438 49.170 184.962 19 13 21 270 1
345.076 32.857 15.780 20 13 21 334 2
345.076 32.857 15.780 21 13 21 334 2
209.722 86.591 134.171 22 13 21 390 4
209.722 86.591 134.171 23 13 21 390 4
209.722 86.591 134.171 24 13 21 390 4
209.722 86.591 134.171 25 13 21 390 4
209.722 86.591 134.171 26 13 21 390 4
209.722 86.591 134.171 27 13 21 390 4
209.722 86.591 134.171 28 13 21 390 4
209.722 86.591 134.171 29 13 21 390 4
209.722 86.591 134.171 30 13 21 390 4
320.164 63.032 329.240 1 14 21 379 3
320.164 63.032 329.240 2 14 21 379 3
320.164 63.032 329.240 3 14 21 379 3
320.164 63.032 329.240 4 14 21 379 3
320.164 63.032 329.240 5 14 21 379 3
320.164 63.032 329.240 6 14 21 379 3
320.164 63.032 329.240 7 14 21 379 3
320.164 63.032 329.240 8 14 21 379 3
320.164 63.032 329.240 9 14 21 379 3
320.164 63.032 329.240 10 14 21 379 3
320.164 63.032 329.240 11 14 21 379 3
12.956 137.376 237.711 12 14 21 385 4
12.956 137.376 237.711 13 14 21 385 4
12.956 137.376 237.711 14 14 21 385 4
12.956 137.376 237.711 15 14 21 385 4
12.956 137.376 237.711 16 14 21 385 4
12.956 137.376 237.711 17 14 21 385 4
12.956 137.376 237.711 18 14 21 385 4
328.438 49.170 184.962 19 14 21 270 1
215.804 91.847 173.889 20 14 21 87 1
215.804 91.847 173.889 21 14 21 87 1
215.804 91.847 173.889 22 14 21 87 1
209.722 86.591 134.171 23 14 21 390 4
209.722 86.591 134.171 24 14 21 390 4
209.722 86.591 134.171 25 14 21 390 4
209.722 86.591 134.171 26 14 21 390 4
209.722 86.591 134.171 27 14 21 390 4
209.722 86.591 134.171 28 14 21 390 4
209.722 86.591 134.171 29 14 21 390 4
209.722 86.591 134.171 30 14 21 390 4
320.164 63.032 329.240 1 15 21 379 3
320.164 63.032 329.240 2 15 21 379 3
320.164 63.032 329.240 3 15 21 379 3
320.164 63.032 329.240 4 15 21 379 3
320.164 63.032 329.240 5 15 21 379 3
320.164 63.032 329.240 6 15 21 379 3
320.164 63.032 329.240 7 15 21 379 3
320.164 63.032 329.240 8 15 21 379 3
320.164 63.032 329.240 9 15 21 379 3
320.164 63.032 329.240 10 15 21 379 3
12.956 137.376 237.711 11 15 21 385 4
12.956 137.376 237.711 12 15 21 385 4
12.956 137.376 237.711 13 15 21 385 4
12.956 137.376 237.711 14 15 21 385 4
12.956 137.376 237.711 15 15 21 385 4
12.956 137.376 237.711 16 15 21 385 4
12.956 137.376 237.711 17 15 21 385 4
12.956 137.376 237.711 18 15 21 385 4
12.956 137.376 237.711 19 15 21 385 4
215.804 91.847 173.889 20 15 21 87 1
215.804 91.847 173.889 21 15 21 87 1
215.804 91.847 173.889 22 15 21 87 1
215.804 91.847 173.889 23 15 21 87 1
110.071 30.482 191.893 24 15 21 393 4
209.722 86.591 134.171 25 15 21 390 4
209.722 86.591 134.171 26 15 21 390 4
209.722 86.591 134.171 27 15 21 390 4
209.722 86.591 134.171 28 15 21 390 4
209.722 86.591 134.171 29 15 21 390 4
209.722 86.591 134.171 30 15 21 390 4
320.164 63.032 329.240 1 16 21 379 3
320.164 63.032 329.240 2 16 21 379 3
320.164 63.032 329.240 3 16 21 379 3
320.164 63.032 329.240 4 16 21 379 3
320.164 63.032 329.240 5 16 21 379 3
320.164 63.032 329.240 6 16 21 379 3
320.164 63.032 329.240 7 16 21 379 3
320.164 63.032 329.240 8 16 21 379 3
320.164 63.032 329.240 9 16 21 379 3
12.956 137.376 237.711 10 16 21 385 4
12.956 137.376 237.711 11 16 21 385 4
12.956 137.376 237.711 12 16 21 385 4
12.956 137.376 237.711 13 16 21 385 4
12.956 137.376 237.711 14 16 21 385 4
12.956 137.376 237.711 15 16 21 385 4
12.956 137.376 237.711 16 16 21 385 4
12.956 137.376 237.711 17 16 21 385 4
12.956 137.376 237.711 18 16 21 385 4
12.956 137.376 237.711 19 16 21 385 4
110.071 30.482 191.893 20 16 21 393 4
110.071 30.482 191.893 21 16 21 393 4
110.071 30.482 191.893 22 16 21 393 4
110.071 30.482 191.893 23 16 21 393 4
110.071 30.482 191.893 24 16 21 393 4
110.071 30.482 191.893 25 16 21 393 4
110.071 30.482 191.893 26 16 21 393 4
110.071 30.482 191.893 27 16 21 393 4
110.071 30.482 191.893 28 16 21 393 4
110.071 30.482 191.893 29 16 21 393 4
110.071 30.482 191.893 30 16 21 393 4
320.164 63.032 329.240 1 17 21 379 3
320.164 63.032 329.240 2 17 21 379 3
320.164 63.032 329.240 3 17 21 379 3
320.164 63.032 329.240 4 17 21 379 3
320.164 63.032 329.240 5 17 21 379 3
320.164 63.032 329.240 6 17 21 379 3
320.164 63.032 329.240 7 17 21 379 3
320.164 63.032 329.240 8 17 21 379 3
12.956 137.376 237.711 9 17 21 385 4
12.956 137.376 237.711 10 17 21 385 4
12.956 137.376 237.711 11 17 21 385 4
12.956 137.376 237.711 12 17 21 385 4
12.956 137.376 237.711 13 17 21 385 4
12.956 137.376 237.711 14 17 21 385 4
12.956 137.376 237.711 15 17 21 385 4
12.956 137.376 237.711 16 17 21 385 4
12.956 137.376 237.711 17 17 21 385 4
12.956 137.376 237.711 18 17 21 385 4
110.071 30.482 191.893 19 17 21 393 4
110.071 30.482 191.893 20 17 21 393 4
110.071 30.482 191.893 21 17 21 393 4
10.369 158.050 155.756 22 17 21 187 1
110.071 30.482 191.893 23 17 21 393 4
110.071 30.482 191.893 24 17 21 393 4
110.071 30.482 191.893 25 17 21 393 4
110.071 30.482 191.893 26 17 21 393 4
110.071 30.482 191.893 27 17 21 393 4
110.071 30.482 191.893 28 17 21 393 4
110.071 30.482 191.893 29 17 21 393 4
110.071 30.482 191.893 30 17 21 393 4
320.164 63.032 329.240 1 18 21 379 3
320.164 63.032 329.240 2 18 21 379 3
320.164 63.032 329.240 3 18 21 379 3
320.164 63.032 329.240 4 18 21 379 3
320.164 63.032 329.240 5 18 21 379 3
320.164 63.032 329.240 6 18 21 379 3
320.164 63.032 329.240 7 18 21 379 3
12.956 137.376 237.711 8 18 21 385 4
12.956 137.376 237.711 9 18 21 385 4
12.956 137.376 237.711 10 18 21 385 4
12.956 137.376 237.711 11 18 21 385 4
12.956 137.376 237.711 12 18 21 385 4
12.956 137.376 237.711 13 18 21 385 4
12.956 137.376 237.711 14 18 21 385 4
12.956 137.376 237.711 15 18 21 385 4
12.956 137.376 237.711 16 18 21 385 4
12.956 137.376 237.711 17 18 21 385 4
12.956 137.376 237.711 18 18 21 385 4
110.071 30.482 191.893 19 18 21 393 4
110.071 30.482 191.893 20 18 21 393 4
110.071 30.482 191.893 21 18 21 393 4
10.369 158.050 155.756 22 18 21 187 1
110.071 30.482 191.893 23 18 21 393 4
110.071 30.482 191.893 24 18 21 393 4
110.071 30.482 191.893 25 18 21 393 4
110.071 30.482 191.893 26 18 21 393 4
110.071 30.482 191.893 27 18 21 393 4
110.071 30.482 191.893 28 18 21 393 4
110.071 30.482 191.893 29 18 21 393 4
110.071 30.482 191.893 30 18 21 393 4
320.164 63.032 329.240 1 19 21 379 3
320.164 63.032 329.240 2 19 21 379 3
320.164 63.032 329.240 3 19 21 379 3
320.164 63.032 329.240 4 19 21 379 3
80.811 103.406 32.809 5 19 21 340 2
80.811 103.406 32.809 6 19 21 340 2
80.811 103.406 32.809 7 19 21 340 2
12.956 137.376 237.711 8 19 21 385 4
12.956 137.376 237.711 9 19 21 385 4
12.956 137.376 237.711 10 19 21 385 4
12.956 137.376 237.711 11 19 21 385 4
12.956 137.376 237.711 12 19 21 385 4
12.956 137.376 237.711 13 19 21 385 4
12.956 137.376 237.711 14 19 21 385 4
12.956 137.376 237.711 15 19 21 385 4
12.956 137.376 237.711 16 19 21 385 4
12.956 137.376 237.711 17 19 21 385 4
110.071 30.482 191.893 18 19 21 393 4
110.071 30.482 191.893 19 19 21 393 4
110.071 30.482 191.893 20 19 21 393 4
110.071 30.482 191.893 21 19 21 393 4
110.071 30.482 191.893 22 19 21 393 4
110.071 30.482 191.893 23 19 21 393 4
110.071 30.482 191.893 24 19 21 393 4
110.071 30.482 191.893 25 19 21 393 4
110.071 30.482 191.893 26 19 21 393 4
110.071 30.482 191.893 27 19 21 393 4
110.071 30.482 191.893 28 19 21 393 4
110.071 30.482 191.893 29 19 21 393 4
110.071 30.482 191.893 30 19 21 393 4
320.164 63.032 329.240 1 20 21 379 3
320.164 63.032 329.240 2 20 21 379 3
320.164 63.032 329.240 3 20 21 379 3
199.351 60.559 114.990 4 20 21 95 1
199.351 60.559 114.990 5 20 21 95 1
199.351 60.559 114.990 6 20 21 95 1
199.351 60.559 114.990 7 20 21 95 1
12.956 137.376 237.711 8 20 21 385 4
12.956 137.376 237.711 9 20 21 385 4
12.956 137.376 237.711 10 20 21 385 4
12.956 137.376 237.711 11 20 21 385 4
12.956 137.376 237.711 12 20 21 385 4
12.956 137.376 237.711 13 20 21 385 4
12.956 137.376 237.711 14 20 21 385 4
12.956 137.376 237.711 15 20 21 385 4
12.956 137.376 237.711 16 20 21 385 4
12.956 137.376 237.711 17 20 21 385 4
110.071 30.482 191.893 18 20 21 393 4
110.071 30.482 191.893 19 20 21 393 4
110.071 30.482 191.893 20 20 21 393 4
110.071 30.482 191.893 21 20 21 393 4
110.071 30.482 191.893 22 20 21 393 4
110.071 30.482 191.893 23 20 21 393 4
110.071 30.482 191.893 24 20 21 393 4
110.071 30.482 191.893 25 20 21 393 4
110.071 30.482 191.893 26 20 21 393 4
291.877 68.096 348.999 27 20 21 394 1
110.071 30.482 191.893 28 20 21 393 4
110.071 30.482 191.893 29 20 21 393 4
110.071 30.482 191.893 30 20 21 393 4
320.164 63.032 329.240 1 21 21 379 3
269.068 153.263 229.556 2 21 21 262 1
199.351 60.559 114.990 3 21 21 95 1
199.351 60.559 114.990 4 21 21 95 1
199.351 60.559 114.990 5 21 21 95 1
199.351 60.559 114.990 6 21 21 95 1
199.351 60.559 114.990 7 21 21 95 1
12.956 137.376 237.711 8 21 21 385 4
12.956 137.376 237.711 9 21 21 385 4
12.956 137.376 237.711 10 21 21 385 4
12.956 137.376 237.711 11 21 21 385 4
12.956 137.376 237.711 12 21 21 385 4
12.956 137.376 237.711 13 21 21 385 4
12.956 137.376 237.711 14 21 21 385 4
12.956 137.376 237.711 15 21 21 385 4
12.956 137.376 237.711 16 21 21 385 4
110.071 30.482 191.893 17 21 21 393 4
110.071 30.482 191.893 18 21 21 393 4
110.071 30.482 191.893 19 21 21 393 4
110.071 30.482 191.893 20 21 21 393 4
110.071 30.482 191.893 21 21 21 393 4
110.071 30.482 191.893 22 21 21 393 4
110.071 30.482 191.893 23 21 21 393 4
110.071 30.482 191.893 24 21 21 393 4
110.071 30.482 191.893 25 21 21 393 4
110.071 30.482 191.893 26 21 21 393 4
311.371 72.815 85.686 27 21 21 392 4
311.371 72.815 85.686 28 21 21 392 4
311.371 72.815 85.686 29 21 21 392 4
311.371 72.815 85.686 30 21 21 392 4
269.068 153.263 229.556 1 22 21 262 1
269.068 153.263 229.556 2 22 21 262 1
269.068 153.263 229.556 3 22 21 262 1
199.351 60.559 114.990 4 22 21 95 1
8.525 63.912 139.911 5 22 21 237 1
199.351 60.559 114.990 6 22 21 95 1
12.956 137.376 237.711 7 22 21 385 4
12.956 137.376 237.711 8 22 21 385 4
12.956 137.376 237.711 9 22 21 385 4
12.956 137.376 237.711 10 22 21 385 4
12.956 137.376 237.711 11 22 21 385 4
12.956 137.376 237.711 12 22 21 385 4
12.956 137.376 237.711 13 22 21 385 4
12.956 137.376 237.711 14 22 21 385 4
12.956 137.376 237.711 15 22 21 385 4
110.071 30.482 191.893 16 22 21 393 4
110.071 30.482 191.893 17 22 21 393 4
110.071 30.482 191.893 18 22 21 393 4
110.071 30.482 191.893 19 22 21 393 4
110.071 30.482 191.893 20 22 21 393 4
110.071 30.482 191.893 21 22 21 393 4
110.071 30.482 191.893 22 22 21 393 4
110.071 30.482 191.893 23 22 21 393 4
110.071 30.482 191.893 24 22 21 393 4
110.071 30.482 191.893 25 22 21 393 4
110.071 30.482 191.893 26 22 21 393 4
311.371 72.815 85.686 27 22 21 392 4
311.371 72.815 85.686 28 22 21 392 4
311.371 72.815 85.686 29 22 21 392 4
311.371 72.815 85.686 30 22 21 392 4
296.134 141.267 348.887 1 23 21 84 1
296.134 141.267 348.887 2 23 21 84 1
296.134 141.267 348.887 3 23 21 84 1
8.525 63.912 139.911 4 23 21 237 1
8.525 63.912 139.911 5 23 21 237 1
8.525 63.912 139.911 6 23 21 237 1
12.956 137.376 237.711 7 23 21 385 4
12.956 137.376 237.711 8 23 21 385 4
12.956 137.376 237.711 9 23 21 385 4
12.956 137.376 237.711 10 23 21 385 4
12.956 137.376 237.711 11 23 21 385 4
12.956 137.376 237.711 12 23 21 385 4
12.956 137.376 237.711 13 23 21 385 4
12.956 137.376 237.711 14 23 21 385 4
12.956 137.376 237.711 15 23 21 385 4
110.071 30.482 191.893 16 23 21 393 4
110.071 30.482 191.893 17 23 21 393 4
110.071 30.482 191.893 18 23 21 393 4
110.071 30.482 191.893 19 23 21 393 4
110.071 30.482 191.893 20 23 21 393 4
110.071 30.482 191.893 21 23 21 393 4
110.071 30.482 191.893 22 23 21 393 4
248.485 38.197 323.233 23 23 21 238 1
110.071 30.482 191.893 24 23 21 393 4
110.071 30.482 191.893 25 23 21 393 4
311.371 72.815 85.686 26 23 21 392 4
311.371 72.815 85.686 27 23 21 392 4
311.371 72.815 85.686 28 23 21 392 4
311.371 72.815 85.686 29 23 21 392 4
311.371 72.815 85.686 30 23 21 392 4
296.134 141.267 348.887 1 24 21 84 1
296.134 141.267 348.887 2 24 21 84 1
296.134 141.267 348.887 3 24 21 84 1
20.098 120.974 47.951 4 24 21 381 4
20.098 120.974 47.951 5 24 21 381 4
20.098 120.974 47.951 6 24 21 381 4
12.956 137.376 237.711 7 24 21 385 4
12.956 137.376 237.711 8 24 21 385 4
12.956 137.376 237.711 9 24 21 385 4
12.956 137.376 237.711 10 24 21 385 4
12.956 137.376 237.711 11 24 21 385 4
12.956 137.376 237.711 12 24 21 385 4
12.956 137.376 237.711 13 24 21 385 4
12.956 137.376 237.711 14 24 21 385 4
110.071 30.482 191.893 15 24 21 393 4
110.071 30.482 191.893 16 24 21 393 4
110.071 30.482 191.893 17 24 21 393 4
110.071 30.482 191.893 18 24 21 393 4
110.071 30.482 191.893 19 24 21 393 4
110.071 30.482 191.893 20 24 21 393 4
110.071 30.482 191.893 21 24 21 393 4
110.071 30.482 191.893 22 24 21 393 4
110.071 30.482 191.893 23 24 21 393 4
110.071 30.482 191.893 24 24 21 393 4
110.071 30.482 191.893 25 24 21 393 4
311.371 72.815 85.686 26 24 21 392 4
311.371 72.815 85.686 27 24 21 392 4
311.371 72.815 85.686 28 24 21 392 4
311.371 72.815 85.686 29 24 21 392 4
311.371 72.815 85.686 30 24 21 392 4
20.098 120.974 47.951 1 25 21 381 4
20.098 120.974 47.951 2 25 21 381 4
20.098 120.974 47.951 3 25 21 381 4
20.098 120.974 47.951 4 25 21 381 4
20.098 120.974 47.951 5 25 21 381 4
20.098 120.974 47.951 6 25 21 381 4
20.098 120.974 47.951 7 25 21 381 4
12.956 137.376 237.711 8 25 21 385 4
12.956 137.376 237.711 9 25 21 385 4
12.956 137.376 237.711 10 25 21 385 4
12.956 137.376 237.711 11 25 21 385 4
12.956 137.376 237.711 12 25 21 385 4
12.956 137.376 237.711 13 25 21 385 4
110.071 30.482 191.893 14 25 21 393 4
110.071 30.482 191.893 15 25 21 393 4
110.071 30.482 191.893 16 25 21 393 4
110.071 30.482 191.893 17 25 21 393 4
110.071 30.482 191.893 18 25 21 393 4
110.071 30.482 191.893 19 25 21 393 4
110.071 30.482 191.893 20 25 21 393 4
110.071 30.482 191.893 21 25 21 393 4
110.071 30.482 191.893 22 25 21 393 4
110.071 30.482 191.893 23 25 21 393 4
110.071 30.482 191.893 24 25 21 393 4
110.071 30.482 191.893 25 25 21 393 4
110.071 30.482 191.893 26 25 21 393 4
311.371 72.815 85.686 27 25 21 392 4
311.371 72.815 85.686 28 25 21 392 4
311.371 72.815 85.686 29 25 21 392 4
311.371 72.815 85.686 30 25 21 392 4
20.098 120.974 47.951 1 26 21 381 4
20.098 120.974 47.951 2 26 21 381 4
20.098 120.974 47.951 3 26 21 381 4
20.098 120.974 47.951 4 26 21 381 4
20.098 120.974 47.951 5 26 21 381 4
20.098 120.974 47.951 6 26 21 381 4
20.098 120.974 47.951 7 26 21 381 4
20.098 120.974 47.951 8 26 21 381 4
12.956 137.376 237.711 9 26 21 385 4
12.956 137.376 237.711 10 26 21 385 4
12.956 137.376 237.711 11 26 21 385 4
12.956 137.376 237.711 12 26 21 385 4
110.071 30.482 191.893 13 26 21 393 4
110.071 30.482 191.893 14 26 21 393 4
110.071 30.482 191.893 15 26 21 393 4
110.071 30.482 191.893 16 26 21 393 4
110.071 30.482 191.893 17 26 21 393 4
110.071 30.482 191.893 18 26 21 393 4
110.071 30.482 191.893 19 26 21 393 4
110.071 30.482 191.893 20 26 21 393 4
110.071 30.482 191.893 21 26 21 393 4
110.071 30.482 191.893 22 26 21 393 4
110.071 30.482 191.893 23 26 21 393 4
110.071 30.482 191.893 24 26 21 393 4
110.071 30.482 191.893 25 26 21 393 4
110.071 30.482 191.893 26 26 21 393 4
311.371 72.815 85.686 27 26 21 392 4
311.371 72.815 85.686 28 26 21 392 4
24.265 59.078 178.587 29 26 21 20 1
311.371 72.815 85.686 30 26 21 392 4
20.098 120.974 47.951 1 27 21 381 4
20.098 120.974 47.951 2 27 21 381 4
20.098 120.974 47.951 3 27 21 381 4
20.098 120.974 47.951 4 27 21 381 4
20.098 120.974 47.951 5 27 21 381 4
20.098 120.974 47.951 6 27 21 381 4
20.098 120.974 47.951 7 27 21 381 4
20.098 120.974 47.951 8 27 21 381 4
20.098 120.974 47.951 9 27 21 381 4
12.956 137.376 237.711 10 27 21 385 4
110.071 30.482 191.893 11 27 21 393 4
110.071 30.482 191.893 12 27 21 393 4
110.071 30.482 191.893 13 27 21 393 4
110.071 30.482 191.893 14 27 21 393 4
110.071 30.482 191.893 15 27 21 393 4
110.071 30.482 191.893 16 27 21 393 4
110.071 30.482 191.893 17 27 21 393 4
110.071 30.482 191.893 18 27 21 393 4
110.071 30.482 191.893 19 27 21 393 4
110.071 30.482 191.893 20 27 21 393 4
110.071 30.482 191.893 21 27 21 393 4
110.071 30.482 191.893 22 27 21 393 4
110.071 30.482 191.893 23 27 21 393 4
110.071 30.482 191.893 24 27 21 393 4
110.071 30.482 191.893 25 27 21 393 4
110.071 30.482 191.893 26 27 21 393 4
110.071 30.482 191.893 27 27 21 393 4
110.071 30.482 191.893 28 27 21 393 4
24.265 59.078 178.587 29 27 21 20 1
311.371 72.815 85.686 30 27 21 392 4
20.098 120.974 47.951 1 28 21 381 4
20.098 120.974 47.951 2 28 21 381 4
20.098 120.974 47.951 3 28 21 381 4
20.098 120.974 47.951 4 28 21 381 4
20.098 120.974 47.951 5 28 21 381 4
20.098 120.974 47.951 6 28 21 381 4
20.098 120.974 47.951 7 28 21 381 4
20.098 120.974 47.951 8 28 21 381 4
269.847 36.685 151.012 9 28 21 259 1
269.847 36.685 151.012 10 28 21 259 1
269.847 36.685 151.012 11 28 21 259 1
110.071 30.482 191.893 12 28 21 393 4
110.071 30.482 191.893 13 28 21 393 4
110.071 30.482 191.893 14 28 21 393 4
110.071 30.482 191.893 15 28 21 393 4
56.521 70.299 33.040 16 28 21 389 4
110.071 30.482 191.893 17 28 21 393 4
75.608 77.618 351.984 18 28 21 423 1
75.608 77.618 351.984 19 28 21 423 1
110.071 30.482 191.893 20 28 21 393 4
110.071 30.482 191.893 21 28 21 393 4
45.207 80.480 321.446 22 28 21 435 2
45.207 80.480 321.446 23 28 21 435 2
45.207 80.480 321.446 24 28 21 435 2
45.207 80.480 321.446 25 28 21 435 2
45.207 80.480 321.446 26 28 21 435 2
110.071 30.482 191.893 27 28 21 393 4
30.534 112.937 202.014 28 28 21 398 1
24.265 59.078 178.587 29 28 21 20 1
30.534 112.937 202.014 30 28 21 398 1
20.098 120.974 47.951 1 29 21 381 4
20.098 120.974 47.951 2 29 21 381 4
20.098 120.974 47.951 3 29 21 381 4
20.098 120.974 47.951 4 29 21 381 4
20.098 120.974 47.951 5 29 21 381 4
20.098 120.974 47.951 6 29 21 381 4
20.098 120.974 47.951 7 29 21 381 4
58.955 44.700 234.694 8 29 21 169 1
269.847 36.685 151.012 9 29 21 259 1
269.847 36.685 151.012 10 29 21 259 1
269.847 36.685 151.012 11 29 21 259 1
269.847 36.685 151.012 12 29 21 259 1
110.071 30.482 191.893 13 29 21 393 4
110.071 30.482 191.893 14 29 21 393 4
56.521 70.299 33.040 15 29 21 389 4
56.521 70.299 33.040 16 29 21 389 4
56.521 70.299 33.040 17 29 21 389 4
75.608 77.618 351.984 18 29 21 423 1
110.071 30.482 191.893 19 29 21 393 4
110.071 30.482 191.893 20 29 21 393 4
45.207 80.480 321.446 21 29 21 435 2
45.207 80.480 321.446 22 29 21 435 2
45.207 80.480 321.446 23 29 21 435 2
45.207 80.480 321.446 24 29 21 435 2
45.207 80.480 321.446 25 29 21 435 2
45.207 80.480 321.446 26 29 21 435 2
45.207 80.480 321.446 27 29 21 435 2
30.534 112.937 202.014 28 29 21 398 1
30.534 112.937 202.014 29 29 21 398 1
30.534 112.937 202.014 30 29 21 398 1
20.098 120.974 47.951 1 30 21 381 4
20.098 120.974 47.951 2 30 21 381 4
20.098 120.974 47.951 3 30 21 381 4
20.098 120.974 47.951 4 30 21 381 4
20.098 120.974 47.951 5 30 21 381 4
20.098 120.974 47.951 6 30 21 381 4
20.098 120.974 47.951 7 30 21 381 4
58.955 44.700 234.694 8 30 21 169 1
58.955 44.700 234.694 9 30 21 169 1
269.847 36.685 151.012 10 30 21 259 1
269.847 36.685 151.012 11 30 21 259 1
269.847 36.685 151.012 12 30 21 259 1
110.071 30.482 191.893 13 30 21 393 4
110.071 30.482 191.893 14 30 21 393 4
56.521 70.299 33.040 15 30 21 389 4
56.521 70.299 33.040 16 30 21 389 4
56.521 70.299 33.040 17 30 21 389 4
75.608 77.618 351.984 18 30 21 423 1
110.071 30.482 191.893 19 30 21 393 4
110.071 30.482 191.893 20 30 21 393 4
45.207 80.480 321.446 21 30 21 435 2
45.207 80.480 321.446 22 30 21 435 2
45.207 80.480 321.446 23 30 21 435 2
45.207 80.480 321.446 24 30 21 435 2
45.207 80.480 321.446 25 30 21 435 2
45.207 80.480 321.446 26 30 21 435 2
30.534 112.937 202.014 27 30 21 398 1
30.534 112.937 202.014 28 30 21 398 1
30.534 112.937 202.014 29 30 21 398 1
30.534 112.937 202.014 30 30 21 398 1
