320.164 63.032 329.240 1 1 19 379 3
320.164 63.032 329.240 2 1 19 379 3
320.164 63.032 329.240 3 1 19 379 3
320.164 63.032 329.240 4 1 19 379 3
320.164 63.032 329.240 5 1 19 379 3
320.164 63.032 329.240 6 1 19 379 3
320.164 63.032 329.240 7 1 19 379 3
320.164 63.032 329.240 8 1 19 379 3
320.164 63.032 329.240 9 1 19 379 3
320.164 63.032 329.240 10 1 19 379 3
320.164 63.032 329.240 11 1 19 379 3
320.164 63.032 329.240 12 1 19 379 3
320.164 63.032 329.240 13 1 19 379 3
320.164 63.032 329.240 14 1 19 379 3
320.164 63.032 329.240 15 1 19 379 3
320.164 63.032 329.240 16 1 19 379 3
320.164 63.032 329.240 17 1 19 379 3
320.164 63.032 329.240 18 1 19 379 3
320.164 63.032 329.240 19 1 19 379 3
320.164 63.032 329.240 20 1 19 379 3
320.164 63.032 329.240 21 1 19 379 3
209.722 86.591 134.171 22 1 19 390 4
209.722 86.591 134.171 23 1 19 390 4
209.722 86.591 134.171 24 1 19 390 4
209.722 86.591 134.171 25 1 19 390 4
209.722 86.591 134.171 26 1 19 390 4
209.722 86.591 134.171 27 1 19 390 4
209.722 86.591 134.171 28 1 19 390 4
209.722 86.591 134.171 29 1 19 390 4
209.722 86.591 134.171 30 1 19 390 4
320.164 63.032 329.240 1 2 19 379 3
320.164 63.032 329.240 2 2 19 379 3
320.164 63.032 329.240 3 2 19 379 3
320.164 63.032 329.240 4 2 19 379 3
320.164 63.032 329.240 5 2 19 379 3
320.164 63.032 329.240 6 2 19 379 3
320.164 63.032 329.240 7 2 19 379 3
320.164 63.032 329.240 8 2 19 379 3
320.164 63.032 329.240 9 2 19 379 3
320.164 63.032 329.240 10 2 19 379 3
320.164 63.032 329.240 11 2 19 379 3
320.164 63.032 329.240 12 2 19 379 3
320.164 63.032 329.240 13 2 19 379 3
320.164 63.032 329.240 14 2 19 379 3
320.164 63.032 329.240 15 2 19 379 3
320.164 63.032 329.240 16 2 19 379 3
320.164 63.032 329.240 17 2 19 379 3
320.164 63.032 329.240 18 2 19 379 3
320.164 63.032 329.240 19 2 19 379 3
320.164 63.032 329.240 20 2 19 379 3
209.722 86.591 134.171 21 2 19 390 4
209.722 86.591 134.171 22 2 19 390 4
209.722 86.591 134.171 23 2 19 390 4
209.722 86.591 134.171 24 2 19 390 4
209.722 86.591 134.171 25 2 19 390 4
209.722 86.591 134.171 26 2 19 390 4
209.722 86.591 134.171 27 2 19 390 4
209.722 86.591 134.171 28 2 19 390 4
209.722 86.591 134.171 29 2 19 390 4
209.722 86.591 134.171 30 2 19 390 4
320.164 63.032 329.240 1 3 19 379 3
320.164 63.032 329.240 2 3 19 379 3
320.164 63.032 329.240 3 3 19 379 3
320.164 63.032 329.240 4 3 19 379 3
320.164 63.032 329.240 5 3 19 379 3
320.164 63.032 329.240 6 3 19 379 3
320.164 63.032 329.240 7 3 19 379 3
320.164 63.032 329.240 8 3 19 379 3
320.164 63.032 329.240 9 3 19 379 3
320.164 63.032 329.240 10 3 19 379 3
320.164 63.032 329.240 11 3 19 379 3
320.164 63.032 329.240 12 3 19 379 3
320.164 63.032 329.240 13 3 19 379 3
320.164 63.032 329.240 14 3 19 379 3
320.164 63.032 329.240 15 3 19 379 3
320.164 63.032 329.240 16 3 19 379 3
320.164 63.032 329.240 17 3 19 379 3
320.164 63.032 329.240 18 3 19 379 3
320.164 63.032 329.240 19 3 19 379 3
209.722 86.591 134.171 20 3 19 390 4
209.722 86.591 134.171 21 3 19 390 4
209.722 86.591 134.171 22 3 19 390 4
209.722 86.591 134.171 23 3 19 390 4
209.722 86.591 134.171 24 3 19 390 4
209.722 86.591 134.171 25 3 19 390 4
209.722 86.591 134.171 26 3 19 390 4
209.722 86.591 134.171 27 3 19 390 4
209.722 86.591 134.171 28 3 19 390 4
209.722 86.591 134.171 29 3 19 390 4
209.722 86.591 134.171 30 3 19 390 4
320.164 63.032 329.240 1 4 19 379 3
320.164 63.032 329.240 2 4 19 379 3
320.164 63.032 329.240 3 4 19 379 3
320.164 63.032 329.240 4 4 19 379 3
320.164 63.032 329.240 5 4 19 379 3
320.164 63.032 329.240 6 4 19 379 3
320.164 63.032 329.240 7 4 19 379 3
320.164 63.032 329.240 8 4 19 379 3
320.164 63.032 329.240 9 4 19 379 3
320.164 63.032 329.240 10 4 19 379 3
320.164 63.032 329.240 11 4 19 379 3
320.164 63.032 329.240 12 4 19 379 3
320.164 63.032 329.240 13 4 19 379 3
320.164 63.032 329.240 14 4 19 379 3
320.164 63.032 329.240 15 4 19 379 3
320.164 63.032 329.240 16 4 19 379 3
320.164 63.032 329.240 17 4 19 379 3
320.164 63.032 329.240 18 4 19 379 3
209.722 86.591 134.171 19 4 19 390 4
209.722 86.591 134.171 20 4 19 390 4
209.722 86.591 134.171 21 4 19 390 4
209.722 86.591 134.171 22 4 19 390 4
209.722 86.591 134.171 23 4 19 390 4
209.722 86.591 134.171 24 4 19 390 4
209.722 86.591 134.171 25 4 19 390 4
209.722 86.591 134.171 26 4 19 390 4
209.722 86.591 134.171 27 4 19 390 4
209.722 86.591 134.171 28 4 19 390 4
209.722 86.591 134.171 29 4 19 390 4
209.722 86.591 134.171 30 4 19 390 4
320.164 63.032 329.240 1 5 19 379 3
320.164 63.032 329.240 2 5 19 379 3
320.164 63.032 329.240 3 5 19 379 3
320.164 63.032 329.240 4 5 19 379 3
320.164 63.032 329.240 5 5 19 379 3
320.164 63.032 329.240 6 5 19 379 3
320.164 63.032 329.240 7 5 19 379 3
320.164 63.032 329.240 8 5 19 379 3
320.164 63.032 329.240 9 5 19 379 3
320.164 63.032 329.240 10 5 19 379 3
320.164 63.032 329.240 11 5 19 379 3
320.164 63.032 329.240 12 5 19 379 3
320.164 63.032 329.240 13 5 19 379 3
320.164 63.032 329.240 14 5 19 379 3
320.164 63.032 329.240 15 5 19 379 3
320.164 63.032 329.240 16 5 19 379 3
320.164 63.032 329.240 17 5 19 379 3
320.164 63.032 329.240 18 5 19 379 3
209.722 86.591 134.171 19 5 19 390 4
209.722 86.591 134.171 20 5 19 390 4
209.722 86.591 134.171 21 5 19 390 4
209.722 86.591 134.171 22 5 19 390 4
209.722 86.591 134.171 23 5 19 390 4
209.722 86.591 134.171 24 5 19 390 4
209.722 86.591 134.171 25 5 19 390 4
209.722 86.591 134.171 26 5 19 390 4
209.722 86.591 134.171 27 5 19 390 4
209.722 86.591 134.171 28 5 19 390 4
209.722 86.591 134.171 29 5 19 390 4
209.722 86.591 134.171 30 5 19 390 4
320.164 63.032 329.240 1 6 19 379 3
320.164 63.032 329.240 2 6 19 379 3
320.164 63.032 329.240 3 6 19 379 3
320.164 63.032 329.240 4 6 19 379 3
320.164 63.032 329.240 5 6 19 379 3
320.164 63.032 329.240 6 6 19 379 3
320.164 63.032 329.240 7 6 19 379 3
320.164 63.032 329.240 8 6 19 379 3
320.164 63.032 329.240 9 6 19 379 3
320.164 63.032 329.240 10 6 19 379 3
320.164 63.032 329.240 11 6 19 379 3
320.164 63.032 329.240 12 6 19 379 3
320.164 63.032 329.240 13 6 19 379 3
320.164 63.032 329.240 14 6 19 379 3
320.164 63.032 329.240 15 6 19 379 3
320.164 63.032 329.240 16 6 19 379 3
320.164 63.032 329.240 17 6 19 379 3
320.164 63.032 329.240 18 6 19 379 3
209.722 86.591 134.171 19 6 19 390 4
209.722 86.591 134.171 20 6 19 390 4
209.722 86.591 134.171 21 6 19 390 4
209.722 86.591 134.171 22 6 19 390 4
209.722 86.591 134.171 23 6 19 390 4
209.722 86.591 134.171 24 6 19 390 4
209.722 86.591 134.171 25 6 19 390 4
209.722 86.591 134.171 26 6 19 390 4
209.722 86.591 134.171 27 6 19 390 4
209.722 86.591 134.171 28 6 19 390 4
209.722 86.591 134.171 29 6 19 390 4
209.722 86.591 134.171 30 6 19 390 4
320.164 63.032 329.240 1 7 19 379 3
320.164 63.032 329.240 2 7 19 379 3
320.164 63.032 329.240 3 7 19 379 3
320.164 63.032 329.240 4 7 19 379 3
73.268 73.563 84.398 5 7 19 257 1
320.164 63.032 329.240 6 7 19 379 3
320.164 63.032 329.240 7 7 19 379 3
320.164 63.032 329.240 8 7 19 379 3
320.164 63.032 329.240 9 7 19 379 3
320.164 63.032 329.240 10 7 19 379 3
320.164 63.032 329.240 11 7 19 379 3
320.164 63.032 329.240 12 7 19 379 3
320.164 63.032 329.240 13 7 19 379 3
320.164 63.032 329.240 14 7 19 379 3
320.164 63.032 329.240 15 7 19 379 3
320.164 63.032 329.240 16 7 19 379 3
320.164 63.032 329.240 17 7 19 379 3
320.164 63.032 329.240 18 7 19 379 3
209.722 86.591 134.171 19 7 19 390 4
209.722 86.591 134.171 20 7 19 390 4
209.722 86.591 134.171 21 7 19 390 4
209.722 86.591 134.171 22 7 19 390 4
209.722 86.591 134.171 23 7 19 390 4
209.722 86.591 134.171 24 7 19 390 4
209.722 86.591 134.171 25 7 19 390 4
209.722 86.591 134.171 26 7 19 390 4
209.722 86.591 134.171 27 7 19 390 4
209.722 86.591 134.171 28 7 19 390 4
209.722 86.591 134.171 29 7 19 390 4
209.722 86.591 134.171 30 7 19 390 4
320.164 63.032 329.240 1 8 19 379 3
320.164 63.032 329.240 2 8 19 379 3
320.164 63.032 329.240 3 8 19 379 3
320.164 63.032 329.240 4 8 19 379 3
320.164 63.032 329.240 5 8 19 379 3
320.164 63.032 329.240 6 8 19 379 3
320.164 63.032 329.240 7 8 19 379 3
320.164 63.032 329.240 8 8 19 379 3
320.164 63.032 329.240 9 8 19 379 3
320.164 63.032 329.240 10 8 19 379 3
320.164 63.032 329.240 11 8 19 379 3
320.164 63.032 329.240 12 8 19 379 3
320.164 63.032 329.240 13 8 19 379 3
320.164 63.032 329.240 14 8 19 379 3
320.164 63.032 329.240 15 8 19 379 3
320.164 63.032 329.240 16 8 19 379 3
320.164 63.032 329.240 17 8 19 379 3
320.164 63.032 329.240 18 8 19 379 3
209.722 86.591 134.171 19 8 19 390 4
209.722 86.591 134.171 20 8 19 390 4
209.722 86.591 134.171 21 8 19 390 4
209.722 86.591 134.171 22 8 19 390 4
209.722 86.591 134.171 23 8 19 390 4
209.722 86.591 134.171 24 8 19 390 4
209.722 86.591 134.171 25 8 19 390 4
209.722 86.591 134.171 26 8 19 390 4
209.722 86.591 134.171 27 8 19 390 4
209.722 86.591 134.171 28 8 19 390 4
209.722 86.591 134.171 29 8 19 390 4
209.722 86.591 134.171 30 8 19 390 4
320.164 63.032 329.240 1 9 19 379 3
320.164 63.032 329.240 2 9 19 379 3
320.164 63.032 329.240 3 9 19 379 3
320.164 63.032 329.240 4 9 19 379 3
320.164 63.032 329.240 5 9 19 379 3
320.164 63.032 329.240 6 9 19 379 3
320.164 63.032 329.240 7 9 19 379 3
320.164 63.032 329.240 8 9 19 379 3
320.164 63.032 329.240 9 9 19 379 3
320.164 63.032 329.240 10 9 19 379 3
320.164 63.032 329.240 11 9 19 379 3
320.164 63.032 329.240 12 9 19 379 3
320.164 63.032 329.240 13 9 19 379 3
320.164 63.032 329.240 14 9 19 379 3
320.164 63.032 329.240 15 9 19 379 3
320.164 63.032 329.240 16 9 19 379 3
320.164 63.032 329.240 17 9 19 379 3
248.989 87.235 226.530 18 9 19 375 2
209.722 86.591 134.171 19 9 19 390 4
209.722 86.591 134.171 20 9 19 390 4
209.722 86.591 134.171 21 9 19 390 4
209.722 86.591 134.171 22 9 19 390 4
209.722 86.591 134.171 23 9 19 390 4
209.722 86.591 134.171 24 9 19 390 4
209.722 86.591 134.171 25 9 19 390 4
209.722 86.591 134.171 26 9 19 390 4
209.722 86.591 134.171 27 9 19 390 4
209.722 86.591 134.171 28 9 19 390 4
209.722 86.591 134.171 29 9 19 390 4
209.722 86.591 134.171 30 9 19 390 4
320.164 63.032 329.240 1 10 19 379 3
320.164 63.032 329.240 2 10 19 379 3
320.164 63.032 329.240 3 10 19 379 3
320.164 63.032 329.240 4 10 19 379 3
320.164 63.032 329.240 5 10 19 379 3
320.164 63.032 329.240 6 10 19 379 3
320.164 63.032 329.240 7 10 19 379 3
320.164 63.032 329.240 8 10 19 379 3
320.164 63.032 329.240 9 10 19 379 3
320.164 63.032 329.240 10 10 19 379 3
320.164 63.032 329.240 11 10 19 379 3
320.164 63.032 329.240 12 10 19 379 3
320.164 63.032 329.240 13 10 19 379 3
320.164 63.032 329.240 14 10 19 379 3
320.164 63.032 329.240 15 10 19 379 3
302.563 42.259 69.956 16 10 19 401 1
85.038 88.848 337.742 17 10 19 123 1
85.038 88.848 337.742 18 10 19 123 1
209.722 86.591 134.171 19 10 19 390 4
209.722 86.591 134.171 20 10 19 390 4
209.722 86.591 134.171 21 10 19 390 4
209.722 86.591 134.171 22 10 19 390 4
209.722 86.591 134.171 23 10 19 390 4
209.722 86.591 134.171 24 10 19 390 4
209.722 86.591 134.171 25 10 19 390 4
209.722 86.591 134.171 26 10 19 390 4
209.722 86.591 134.171 27 10 19 390 4
209.722 86.591 134.171 28 10 19 390 4
209.722 86.591 134.171 29 10 19 390 4
209.722 86.591 134.171 30 10 19 390 4
320.164 63.032 329.240 1 11 19 379 3
320.164 63.032 329.240 2 11 19 379 3
320.164 63.032 329.240 3 11 19 379 3
320.164 63.032 329.240 4 11 19 379 3
320.164 63.032 329.240 5 11 19 379 3
320.164 63.032 329.240 6 11 19 379 3
320.164 63.032 329.240 7 11 19 379 3
320.164 63.032 329.240 8 11 19 379 3
320.164 63.032 329.240 9 11 19 379 3
320.164 63.032 329.240 10 11 19 379 3
320.164 63.032 329.240 11 11 19 379 3
320.164 63.032 329.240 12 11 19 379 3
320.164 63.032 329.240 13 11 19 379 3
320.164 63.032 329.240 14 11 19 379 3
320.164 63.032 329.240 15 11 19 379 3
302.563 42.259 69.956 16 11 19 401 1
85.038 88.848 337.742 17 11 19 123 1
65.329 164.869 234.521 18 11 19 254 1
65.329 164.869 234.521 19 11 19 254 1
209.722 86.591 134.171 20 11 19 390 4
209.722 86.591 134.171 21 11 19 390 4
209.722 86.591 134.171 22 11 19 390 4
209.722 86.591 134.171 23 11 19 390 4
209.722 86.591 134.171 24 11 19 390 4
209.722 86.591 134.171 25 11 19 390 4
209.722 86.591 134.171 26 11 19 390 4
209.722 86.591 134.171 27 11 19 390 4
209.722 86.591 134.171 28 11 19 390 4
209.722 86.591 134.171 29 11 19 390 4
209.722 86.591 134.171 30 11 19 390 4
320.164 63.032 329.240 1 12 19 379 3
320.164 63.032 329.240 2 12 19 379 3
320.164 63.032 329.240 3 12 19 379 3
320.164 63.032 329.240 4 12 19 379 3
320.164 63.032 329.240 5 12 19 379 3
320.164 63.032 329.240 6 12 19 379 3
320.164 63.032 329.240 7 12 19 379 3
320.164 63.032 329.240 8 12 19 379 3
320.164 63.032 329.240 9 12 19 379 3
320.164 63.032 329.240 10 12 19 379 3
320.164 63.032 329.240 11 12 19 379 3
320.164 63.032 329.240 12 12 19 379 3
320.164 63.032 329.240 13 12 19 379 3
12.956 137.376 237.711 14 12 19 385 4
12.956 137.376 237.711 15 12 19 385 4
12.956 137.376 237.711 16 12 19 385 4
85.038 88.848 337.742 17 12 19 123 1
65.329 164.869 234.521 18 12 19 254 1
65.329 164.869 234.521 19 12 19 254 1
209.722 86.591 134.171 20 12 19 390 4
209.722 86.591 134.171 21 12 19 390 4
209.722 86.591 134.171 22 12 19 390 4
209.722 86.591 134.171 23 12 19 390 4
209.722 86.591 134.171 24 12 19 390 4
209.722 86.591 134.171 25 12 19 390 4
209.722 86.591 134.171 26 12 19 390 4
209.722 86.591 134.171 27 12 19 390 4
209.722 86.591 134.171 28 12 19 390 4
209.722 86.591 134.171 29 12 19 390 4
209.722 86.591 134.171 30 12 19 390 4
320.164 63.032 329.240 1 13 19 379 3
320.164 63.032 329.240 2 13 19 379 3
320.164 63.032 329.240 3 13 19 379 3
320.164 63.032 329.240 4 13 19 379 3
320.164 63.032 329.240 5 13 19 379 3
320.164 63.032 329.240 6 13 19 379 3
320.164 63.032 329.240 7 13 19 379 3
320.164 63.032 329.240 8 13 19 379 3
320.164 63.032 329.240 9 13 19 379 3
320.164 63.032 329.240 10 13 19 379 3
320.164 63.032 329.240 11 13 19 379 3
320.164 63.032 329.240 12 13 19 379 3
12.956 137.376 237.711 13 13 19 385 4
12.956 137.376 237.711 14 13 19 385 4
12.956 137.376 237.711 15 13 19 385 4
12.956 137.376 237.711 16 13 19 385 4
12.956 137.376 237.711 17 13 19 385 4
65.329 164.869 234.521 18 13 19 254 1
65.329 164.869 234.521 19 13 19 254 1
320.640 88.543 348.961 20 13 19 432 1
320.640 88.543 348.961 21 13 19 432 1
320.640 88.543 348.961 22 13 19 432 1
209.722 86.591 134.171 23 13 19 390 4
209.722 86.591 134.171 24 13 19 390 4
209.722 86.591 134.171 25 13 19 390 4
209.722 86.591 134.171 26 13 19 390 4
209.722 86.591 134.171 27 13 19 390 4
209.722 86.591 134.171 28 13 19 390 4
209.722 86.591 134.171 29 13 19 390 4
209.722 86.591 134.171 30 13 19 390 4
320.164 63.032 329.240 1 14 19 379 3
320.164 63.032 329.240 2 14 19 379 3
320.164 63.032 329.240 3 14 19 379 3
320.164 63.032 329.240 4 14 19 379 3
320.164 63.032 329.240 5 14 19 379 3
320.164 63.032 329.240 6 14 19 379 3
320.164 63.032 329.240 7 14 19 379 3
320.164 63.032 329.240 8 14 19 379 3
320.164 63.032 329.240 9 14 19 379 3
320.164 63.032 329.240 10 14 19 379 3
320.164 63.032 329.240 11 14 19 379 3
12.956 137.376 237.711 12 14 19 385 4
12.956 137.376 237.711 13 14 19 385 4
12.956 137.376 237.711 14 14 19 385 4
12.956 137.376 237.711 15 14 19 385 4
12.956 137.376 237.711 16 14 19 385 4
12.956 137.376 237.711 17 14 19 385 4
12.956 137.376 237.711 18 14 19 385 4
12.956 137.376 237.711 19 14 19 385 4
320.640 88.543 348.961 20 14 19 432 1
215.804 91.847 173.889 21 14 19 87 1
320.640 88.543 348.961 22 14 19 432 1
76.632 74.194 230.415 23 14 19 69 1
76.632 74.194 230.415 24 14 19 69 1
209.722 86.591 134.171 25 14 19 390 4
209.722 86.591 134.171 26 14 19 390 4
209.722 86.591 134.171 27 14 19 390 4
209.722 86.591 134.171 28 14 19 390 4
209.722 86.591 134.171 29 14 19 390 4
209.722 86.591 134.171 30 14 19 390 4
320.164 63.032 329.240 1 15 19 379 3
320.164 63.032 329.240 2 15 19 379 3
320.164 63.032 329.240 3 15 19 379 3
320.164 63.032 329.240 4 15 19 379 3
320.164 63.032 329.240 5 15 19 379 3
320.164 63.032 329.240 6 15 19 379 3
320.164 63.032 329.240 7 15 19 379 3
320.164 63.032 329.240 8 15 19 379 3
320.164 63.032 329.240 9 15 19 379 3
320.164 63.032 329.240 10 15 19 379 3
12.956 137.376 237.711 11 15 19 385 4
12.956 137.376 237.711 12 15 19 385 4
12.956 137.376 237.711 13 15 19 385 4
12.956 137.376 237.711 14 15 19 385 4
12.956 137.376 237.711 15 15 19 385 4
12.956 137.376 237.711 16 15 19 385 4
12.956 137.376 237.711 17 15 19 385 4
12.956 137.376 237.711 18 15 19 385 4
12.956 137.376 237.711 19 15 19 385 4
12.956 137.376 237.711 20 15 19 385 4
320.640 88.543 348.961 21 15 19 432 1
320.640 88.543 348.961 22 15 19 432 1
76.632 74.194 230.415 23 15 19 69 1
76.632 74.194 230.415 24 15 19 69 1
209.722 86.591 134.171 25 15 19 390 4
209.722 86.591 134.171 26 15 19 390 4
209.722 86.591 134.171 27 15 19 390 4
209.722 86.591 134.171 28 15 19 390 4
209.722 86.591 134.171 29 15 19 390 4
209.722 86.591 134.171 30 15 19 390 4
320.164 63.032 329.240 1 16 19 379 3
320.164 63.032 329.240 2 16 19 379 3
320.164 63.032 329.240 3 16 19 379 3
320.164 63.032 329.240 4 16 19 379 3
320.164 63.032 329.240 5 16 19 379 3
320.164 63.032 329.240 6 16 19 379 3
320.164 63.032 329.240 7 16 19 379 3
320.164 63.032 329.240 8 16 19 379 3
320.164 63.032 329.240 9 16 19 379 3
12.956 137.376 237.711 10 16 19 385 4
12.956 137.376 237.711 11 16 19 385 4
12.956 137.376 237.711 12 16 19 385 4
12.956 137.376 237.711 13 16 19 385 4
12.956 137.376 237.711 14 16 19 385 4
12.956 137.376 237.711 15 16 19 385 4
295.935 77.394 235.280 16 16 19 404 1
12.956 137.376 237.711 17 16 19 385 4
12.956 137.376 237.711 18 16 19 385 4
12.956 137.376 237.711 19 16 19 385 4
12.956 137.376 237.711 20 16 19 385 4
28.344 125.975 314.322 21 16 19 303 1
28.344 125.975 314.322 22 16 19 303 1
76.632 74.194 230.415 23 16 19 69 1
76.632 74.194 230.415 24 16 19 69 1
76.632 74.194 230.415 25 16 19 69 1
209.722 86.591 134.171 26 16 19 390 4
209.722 86.591 134.171 27 16 19 390 4
209.722 86.591 134.171 28 16 19 390 4
209.722 86.591 134.171 29 16 19 390 4
209.722 86.591 134.171 30 16 19 390 4
320.164 63.032 329.240 1 17 19 379 3
320.164 63.032 329.240 2 17 19 379 3
320.164 63.032 329.240 3 17 19 379 3
320.164 63.032 329.240 4 17 19 379 3
320.164 63.032 329.240 5 17 19 379 3
320.164 63.032 329.240 6 17 19 379 3
320.164 63.032 329.240 7 17 19 379 3
320.164 63.032 329.240 8 17 19 379 3
320.164 63.032 329.240 9 17 19 379 3
12.956 137.376 237.711 10 17 19 385 4
12.956 137.376 237.711 11 17 19 385 4
12.956 137.376 237.711 12 17 19 385 4
12.956 137.376 237.711 13 17 19 385 4
12.956 137.376 237.711 14 17 19 385 4
12.956 137.376 237.711 15 17 19 385 4
12.956 137.376 237.711 16 17 19 385 4
12.956 137.376 237.711 17 17 19 385 4
12.956 137.376 237.711 18 17 19 385 4
12.956 137.376 237.711 19 17 19 385 4
107.929 69.415 324.285 20 17 19 380 4
107.929 69.415 324.285 21 17 19 380 4
107.929 69.415 324.285 22 17 19 380 4
107.929 69.415 324.285 23 17 19 380 4
76.632 74.194 230.415 24 17 19 69 1
110.071 30.482 191.893 25 17 19 393 4
110.071 30.482 191.893 26 17 19 393 4
110.071 30.482 191.893 27 17 19 393 4
110.071 30.482 191.893 28 17 19 393 4
209.722 86.591 134.171 29 17 19 390 4
209.722 86.591 134.171 30 17 19 390 4
320.164 63.032 329.240 1 18 19 379 3
320.164 63.032 329.240 2 18 19 379 3
320.164 63.032 329.240 3 18 19 379 3
320.164 63.032 329.240 4 18 19 379 3
320.164 63.032 329.240 5 18 19 379 3
320.164 63.032 329.240 6 18 19 379 3
320.164 63.032 329.240 7 18 19 379 3
320.164 63.032 329.240 8 18 19 379 3
12.956 137.376 237.711 9 18 19 385 4
268.775 69.497 302.821 10 18 19 267 1
12.956 137.376 237.711 11 18 19 385 4
12.956 137.376 237.711 12 18 19 385 4
12.956 137.376 237.711 13 18 19 385 4
12.956 137.376 237.711 14 18 19 385 4
12.956 137.376 237.711 15 18 19 385 4
12.956 137.376 237.711 16 18 19 385 4
12.956 137.376 237.711 17 18 19 385 4
12.956 137.376 237.711 18 18 19 385 4
107.929 69.415 324.285 19 18 19 380 4
107.929 69.415 324.285 20 18 19 380 4
107.929 69.415 324.285 21 18 19 380 4
107.929 69.415 324.285 22 18 19 380 4
107.929 69.415 324.285 23 18 19 380 4
110.071 30.482 191.893 24 18 19 393 4
110.071 30.482 191.893 25 18 19 393 4
110.071 30.482 191.893 26 18 19 393 4
220.264 100.656 41.179 27 18 19 72 1
220.264 100.656 41.179 28 18 19 72 1
220.264 100.656 41.179 29 18 19 72 1
110.071 30.482 191.893 30 18 19 393 4
320.164 63.032 329.240 1 19 19 379 3
320.164 63.032 329.240 2 19 19 379 3
320.164 63.032 329.240 3 19 19 379 3
112.723 58.832 113.646 4 19 19 309 2
80.811 103.406 32.809 5 19 19 340 2
80.811 103.406 32.809 6 19 19 340 2
80.811 103.406 32.809 7 19 19 340 2
12.956 137.376 237.711 8 19 19 385 4
12.956 137.376 237.711 9 19 19 385 4
12.956 137.376 237.711 10 19 19 385 4
12.956 137.376 237.711 11 19 19 385 4
12.956 137.376 237.711 12 19 19 385 4
12.956 137.376 237.711 13 19 19 385 4
12.956 137.376 237.711 14 19 19 385 4
12.956 137.376 237.711 15 19 19 385 4
12.956 137.376 237.711 16 19 19 385 4
12.956 137.376 237.711 17 19 19 385 4
107.929 69.415 324.285 18 19 19 380 4
107.929 69.415 324.285 19 19 19 380 4
107.929 69.415 324.285 20 19 19 380 4
107.929 69.415 324.285 21 19 19 380 4
107.929 69.415 324.285 22 19 19 380 4
107.929 69.415 324.285 23 19 19 380 4
110.071 30.482 191.893 24 19 19 393 4
110.071 30.482 191.893 25 19 19 393 4
110.071 30.482 191.893 26 19 19 393 4
311.371 72.815 85.686 27 19 19 392 4
311.371 72.815 85.686 28 19 19 392 4
311.371 72.815 85.686 29 19 19 392 4
311.371 72.815 85.686 30 19 19 392 4
320.164 63.032 329.240 1 20 19 379 3
320.164 63.032 329.240 2 20 19 379 3
320.164 63.032 329.240 3 20 19 379 3
112.723 58.832 113.646 4 20 19 309 2
80.811 103.406 32.809 5 20 19 340 2
80.811 103.406 32.809 6 20 19 340 2
80.811 103.406 32.809 7 20 19 340 2
12.956 137.376 237.711 8 20 19 385 4
12.956 137.376 237.711 9 20 19 385 4
12.956 137.376 237.711 10 20 19 385 4
12.956 137.376 237.711 11 20 19 385 4
12.956 137.376 237.711 12 20 19 385 4
12.956 137.376 237.711 13 20 19 385 4
12.956 137.376 237.711 14 20 19 385 4
12.956 137.376 237.711 15 20 19 385 4
12.956 137.376 237.711 16 20 19 385 4
12.956 137.376 237.711 17 20 19 385 4
107.929 69.415 324.285 18 20 19 380 4
107.929 69.415 324.285 19 20 19 380 4
107.929 69.415 324.285 20 20 19 380 4
107.929 69.415 324.285 21 20 19 380 4
107.929 69.415 324.285 22 20 19 380 4
110.071 30.482 191.893 23 20 19 393 4
110.071 30.482 191.893 24 20 19 393 4
110.071 30.482 191.893 25 20 19 393 4
110.071 30.482 191.893 26 20 19 393 4
311.371 72.815 85.686 27 20 19 392 4
311.371 72.815 85.686 28 20 19 392 4
311.371 72.815 85.686 29 20 19 392 4
311.371 72.815 85.686 30 20 19 392 4
320.164 63.032 329.240 1 21 19 379 3
320.164 63.032 329.240 2 21 19 379 3
320.164 63.032 329.240 3 21 19 379 3
112.723 58.832 113.646 4 21 19 309 2
80.811 103.406 32.809 5 21 19 340 2
80.811 103.406 32.809 6 21 19 340 2
80.811 103.406 32.809 7 21 19 340 2
12.956 137.376 237.711 8 21 19 385 4
12.956 137.376 237.711 9 21 19 385 4
12.956 137.376 237.711 10 21 19 385 4
12.956 137.376 237.711 11 21 19 385 4
12.956 137.376 237.711 12 21 19 385 4
12.956 137.376 237.711 13 21 19 385 4
12.956 137.376 237.711 14 21 19 385 4
12.956 137.376 237.711 15 21 19 385 4
12.956 137.376 237.711 16 21 19 385 4
12.956 137.376 237.711 17 21 19 385 4
107.929 69.415 324.285 18 21 19 380 4
107.929 69.415 324.285 19 21 19 380 4
107.929 69.415 324.285 20 21 19 380 4
107.929 69.415 324.285 21 21 19 380 4
110.071 30.482 191.893 22 21 19 393 4
110.071 30.482 191.893 23 21 19 393 4
110.071 30.482 191.893 24 21 19 393 4
110.071 30.482 191.893 25 21 19 393 4
311.371 72.815 85.686 26 21 19 392 4
311.371 72.815 85.686 27 21 19 392 4
311.371 72.815 85.686 28 21 19 392 4
311.371 72.815 85.686 29 21 19 392 4
311.371 72.815 85.686 30 21 19 392 4
269.068 153.263 229.556 1 22 19 262 1
269.068 153.263 229.556 2 22 19 262 1
269.068 153.263 229.556 3 22 19 262 1
269.068 153.263 229.556 4 22 19 262 1
80.811 103.406 32.809 5 22 19 340 2
80.811 103.406 32.809 6 22 19 340 2
12.956 137.376 237.711 7 22 19 385 4
12.956 137.376 237.711 8 22 19 385 4
12.956 137.376 237.711 9 22 19 385 4
12.956 137.376 237.711 10 22 19 385 4
12.956 137.376 237.711 11 22 19 385 4
12.956 137.376 237.711 12 22 19 385 4
12.956 137.376 237.711 13 22 19 385 4
12.956 137.376 237.711 14 22 19 385 4
12.956 137.376 237.711 15 22 19 385 4
12.956 137.376 237.711 16 22 19 385 4
110.071 30.482 191.893 17 22 19 393 4
110.071 30.482 191.893 18 22 19 393 4
110.071 30.482 191.893 19 22 19 393 4
110.071 30.482 191.893 20 22 19 393 4
110.071 30.482 191.893 21 22 19 393 4
110.071 30.482 191.893 22 22 19 393 4
110.071 30.482 191.893 23 22 19 393 4
110.071 30.482 191.893 24 22 19 393 4
311.371 72.815 85.686 25 22 19 392 4
311.371 72.815 85.686 26 22 19 392 4
311.371 72.815 85.686 27 22 19 392 4
311.371 72.815 85.686 28 22 19 392 4
311.371 72.815 85.686 29 22 19 392 4
311.371 72.815 85.686 30 22 19 392 4
269.068 153.263 229.556 1 23 19 262 1
269.068 153.263 229.556 2 23 19 262 1
20.098 120.974 47.951 3 23 19 381 4
20.098 120.974 47.951 4 23 19 381 4
20.098 120.974 47.951 5 23 19 381 4
20.098 120.974 47.951 6 23 19 381 4
322.666 74.436 199.413 7 23 19 417 1
322.666 74.436 199.413 8 23 19 417 1
12.956 137.376 237.711 9 23 19 385 4
12.956 137.376 237.711 10 23 19 385 4
12.956 137.376 237.711 11 23 19 385 4
12.956 137.376 237.711 12 23 19 385 4
12.956 137.376 237.711 13 23 19 385 4
12.956 137.376 237.711 14 23 19 385 4
12.956 137.376 237.711 15 23 19 385 4
12.956 137.376 237.711 16 23 19 385 4
110.071 30.482 191.893 17 23 19 393 4
110.071 30.482 191.893 18 23 19 393 4
110.071 30.482 191.893 19 23 19 393 4
110.071 30.482 191.893 20 23 19 393 4
110.071 30.482 191.893 21 23 19 393 4
110.071 30.482 191.893 22 23 19 393 4
110.071 30.482 191.893 23 23 19 393 4
110.071 30.482 191.893 24 23 19 393 4
311.371 72.815 85.686 25 23 19 392 4
311.371 72.815 85.686 26 23 19 392 4
311.371 72.815 85.686 27 23 19 392 4
311.371 72.815 85.686 28 23 19 392 4
311.371 72.815 85.686 29 23 19 392 4
311.371 72.815 85.686 30 23 19 392 4
20.098 120.974 47.951 1 24 19 381 4
20.098 120.974 47.951 2 24 19 381 4
20.098 120.974 47.951 3 24 19 381 4
20.098 120.974 47.951 4 24 19 381 4
20.098 120.974 47.951 5 24 19 381 4
20.098 120.974 47.951 6 24 19 381 4
20.098 120.974 47.951 7 24 19 381 4
322.666 74.436 199.413 8 24 19 417 1
12.956 137.376 237.711 9 24 19 385 4
12.956 137.376 237.711 10 24 19 385 4
12.956 137.376 237.711 11 24 19 385 4
12.956 137.376 237.711 12 24 19 385 4
12.956 137.376 237.711 13 24 19 385 4
12.956 137.376 237.711 14 24 19 385 4
12.956 137.376 237.711 15 24 19 385 4
110.071 30.482 191.893 16 24 19 393 4
110.071 30.482 191.893 17 24 19 393 4
110.071 30.482 191.893 18 24 19 393 4
110.071 30.482 191.893 19 24 19 393 4
110.071 30.482 191.893 20 24 19 393 4
110.071 30.482 191.893 21 24 19 393 4
110.071 30.482 191.893 22 24 19 393 4
110.071 30.482 191.893 23 24 19 393 4
110.071 30.482 191.893 24 24 19 393 4
311.371 72.815 85.686 25 24 19 392 4
311.371 72.815 85.686 26 24 19 392 4
311.371 72.815 85.686 27 24 19 392 4
311.371 72.815 85.686 28 24 19 392 4
311.371 72.815 85.686 29 24 19 392 4
311.371 72.815 85.686 30 24 19 392 4
20.098 120.974 47.951 1 25 19 381 4
20.098 120.974 47.951 2 25 19 381 4
20.098 120.974 47.951 3 25 19 381 4
20.098 120.974 47.951 4 25 19 381 4
20.098 120.974 47.951 5 25 19 381 4
20.098 120.974 47.951 6 25 19 381 4
20.098 120.974 47.951 7 25 19 381 4
20.098 120.974 47.951 8 25 19 381 4
12.956 137.376 237.711 9 25 19 385 4
12.956 137.376 237.711 10 25 19 385 4
12.956 137.376 237.711 11 25 19 385 4
12.956 137.376 237.711 12 25 19 385 4
12.956 137.376 237.711 13 25 19 385 4
12.956 137.376 237.711 14 25 19 385 4
56.521 70.299 33.040 15 25 19 389 4
56.521 70.299 33.040 16 25 19 389 4
110.071 30.482 191.893 17 25 19 393 4
110.071 30.482 191.893 18 25 19 393 4
110.071 30.482 191.893 19 25 19 393 4
110.071 30.482 191.893 20 25 19 393 4
110.071 30.482 191.893 21 25 19 393 4
110.071 30.482 191.893 22 25 19 393 4
110.071 30.482 191.893 23 25 19 393 4
110.071 30.482 191.893 24 25 19 393 4
311.371 72.815 85.686 25 25 19 392 4
311.371 72.815 85.686 26 25 19 392 4
311.371 72.815 85.686 27 25 19 392 4
311.371 72.815 85.686 28 25 19 392 4
311.371 72.815 85.686 29 25 19 392 4
311.371 72.815 85.686 30 25 19 392 4
20.098 120.974 47.951 1 26 19 381 4
20.098 120.974 47.951 2 26 19 381 4
20.098 120.974 47.951 3 26 19 381 4
20.098 120.974 47.951 4 26 19 381 4
20.098 120.974 47.951 5 26 19 381 4
20.098 120.974 47.951 6 26 19 381 4
20.098 120.974 47.951 7 26 19 381 4
20.098 120.974 47.951 8 26 19 381 4
20.098 120.974 47.951 9 26 19 381 4
12.956 137.376 237.711 10 26 19 385 4
12.956 137.376 237.711 11 26 19 385 4
12.956 137.376 237.711 12 26 19 385 4
56.521 70.299 33.040 13 26 19 389 4
56.521 70.299 33.040 14 26 19 389 4
56.521 70.299 33.040 15 26 19 389 4
56.521 70.299 33.040 16 26 19 389 4
56.521 70.299 33.040 17 26 19 389 4
75.608 77.618 351.984 18 26 19 423 1
110.071 30.482 191.893 19 26 19 393 4
110.071 30.482 191.893 20 26 19 393 4
45.207 80.480 321.446 21 26 19 435 2
45.207 80.480 321.446 22 26 19 435 2
45.207 80.480 321.446 23 26 19 435 2
45.207 80.480 321.446 24 26 19 435 2
45.207 80.480 321.446 25 26 19 435 2
311.371 72.815 85.686 26 26 19 392 4
311.371 72.815 85.686 27 26 19 392 4
311.371 72.815 85.686 28 26 19 392 4
311.371 72.815 85.686 29 26 19 392 4
311.371 72.815 85.686 30 26 19 392 4
20.098 120.974 47.951 1 27 19 381 4
20.098 120.974 47.951 2 27 19 381 4
20.098 120.974 47.951 3 27 19 381 4
20.098 120.974 47.951 4 27 19 381 4
20.098 120.974 47.951 5 27 19 381 4
20.098 120.974 47.951 6 27 19 381 4
20.098 120.974 47.951 7 27 19 381 4
20.098 120.974 47.951 8 27 19 381 4
20.098 120.974 47.951 9 27 19 381 4
20.098 120.974 47.951 10 27 19 381 4
99.285 78.183 288.774 11 27 19 66 1
99.285 78.183 288.774 12 27 19 66 1
56.521 70.299 33.040 13 27 19 389 4
56.521 70.299 33.040 14 27 19 389 4
56.521 70.299 33.040 15 27 19 389 4
56.521 70.299 33.040 16 27 19 389 4
56.521 70.299 33.040 17 27 19 389 4
75.608 77.618 351.984 18 27 19 423 1
75.608 77.618 351.984 19 27 19 423 1
45.207 80.480 321.446 20 27 19 435 2
45.207 80.480 321.446 21 27 19 435 2
45.207 80.480 321.446 22 27 19 435 2
45.207 80.480 321.446 23 27 19 435 2
45.207 80.480 321.446 24 27 19 435 2
45.207 80.480 321.446 25 27 19 435 2
45.207 80.480 321.446 26 27 19 435 2
45.207 80.480 321.446 27 27 19 435 2
311.371 72.815 85.686 28 27 19 392 4
311.371 72.815 85.686 29 27 19 392 4
311.371 72.815 85.686 30 27 19 392 4
20.098 120.974 47.951 1 28 19 381 4
20.098 120.974 47.951 2 28 19 381 4
20.098 120.974 47.951 3 28 19 381 4
20.098 120.974 47.951 4 28 19 381 4
20.098 120.974 47.951 5 28 19 381 4
20.098 120.974 47.951 6 28 19 381 4
20.098 120.974 47.951 7 28 19 381 4
20.098 120.974 47.951 8 28 19 381 4
20.098 120.974 47.951 9 28 19 381 4
99.285 78.183 288.774 10 28 19 66 1
99.285 78.183 288.774 11 28 19 66 1
99.285 78.183 288.774 12 28 19 66 1
56.521 70.299 33.040 13 28 19 389 4
56.521 70.299 33.040 14 28 19 389 4
56.521 70.299 33.040 15 28 19 389 4
56.521 70.299 33.040 16 28 19 389 4
56.521 70.299 33.040 17 28 19 389 4
75.608 77.618 351.984 18 28 19 423 1
201.103 102.050 213.786 19 28 19 305 1
45.207 80.480 321.446 20 28 19 435 2
45.207 80.480 321.446 21 28 19 435 2
45.207 80.480 321.446 22 28 19 435 2
45.207 80.480 321.446 23 28 19 435 2
45.207 80.480 321.446 24 28 19 435 2
45.207 80.480 321.446 25 28 19 435 2
45.207 80.480 321.446 26 28 19 435 2
45.207 80.480 321.446 27 28 19 435 2
311.371 72.815 85.686 28 28 19 392 4
311.371 72.815 85.686 29 28 19 392 4
311.371 72.815 85.686 30 28 19 392 4
20.098 120.974 47.951 1 29 19 381 4
20.098 120.974 47.951 2 29 19 381 4
20.098 120.974 47.951 3 29 19 381 4
20.098 120.974 47.951 4 29 19 381 4
20.098 120.974 47.951 5 29 19 381 4
20.098 120.974 47.951 6 29 19 381 4
20.098 120.974 47.951 7 29 19 381 4
58.955 44.700 234.694 8 29 19 169 1
58.955 44.700 234.694 9 29 19 169 1
99.285 78.183 288.774 10 29 19 66 1
99.285 78.183 288.774 11 29 19 66 1
99.285 78.183 288.774 12 29 19 66 1
99.285 78.183 288.774 13 29 19 66 1
56.521 70.299 33.040 14 29 19 389 4
56.521 70.299 33.040 15 29 19 389 4
56.521 70.299 33.040 16 29 19 389 4
56.521 70.299 33.040 17 29 19 389 4
56.521 70.299 33.040 18 29 19 389 4
56.521 70.299 33.040 19 29 19 389 4
45.207 80.480 321.446 20 29 19 435 2
45.207 80.480 321.446 21 29 19 435 2
45.207 80.480 321.446 22 29 19 435 2
45.207 80.480 321.446 23 29 19 435 2
45.207 80.480 321.446 24 29 19 435 2
45.207 80.480 321.446 25 29 19 435 2
45.207 80.480 321.446 26 29 19 435 2
45.207 80.480 321.446 27 29 19 435 2
45.207 80.480 321.446 28 29 19 435 2
79.025 63.694 358.691 29 29 19 217 1
79.025 63.694 358.691 30 29 19 217 1
20.098 120.974 47.951 1 30 19 381 4
20.098 120.974 47.951 2 30 19 381 4
20.098 120.974 47.951 3 30 19 381 4
20.098 120.974 47.951 4 30 19 381 4
20.098 120.974 47.951 5 30 19 381 4
20.098 120.974 47.951 6 30 19 381 4
20.098 120.974 47.951 7 30 19 381 4
58.955 44.700 234.694 8 30 19 169 1
58.955 44.700 234.694 9 30 19 169 1
269.847 36.685 151.012 10 30 19 259 1
99.285 78.183 288.774 11 30 19 66 1
99.285 78.183 288.774 12 30 19 66 1
56.521 70.299 33.040 13 30 19 389 4
56.521 70.299 33.040 14 30 19 389 4
56.521 70.299 33.040 15 30 19 389 4
56.521 70.299 33.040 16 30 19 389 4
56.521 70.299 33.040 17 30 19 389 4
56.521 70.299 33.040 18 30 19 389 4
56.521 70.299 33.040 19 30 19 389 4
45.207 80.480 321.446 20 30 19 435 2
45.207 80.480 321.446 21 30 19 435 2
45.207 80.480 321.446 22 30 19 435 2
45.207 80.480 321.446 23 30 19 435 2
45.207 80.480 321.446 24 30 19 435 2
45.207 80.480 321.446 25 30 19 435 2
45.207 80.480 321.446 26 30 19 435 2
45.207 80.480 321.446 27 30 19 435 2
45.207 80.480 321.446 28 30 19 435 2
79.025 63.694 358.691 29 30 19 217 1
79.025 63.694 358.691 30 30 19 217 1
