320.164 63.032 329.240 1 1 18 379 3
320.164 63.032 329.240 2 1 18 379 3
320.164 63.032 329.240 3 1 18 379 3
320.164 63.032 329.240 4 1 18 379 3
320.164 63.032 329.240 5 1 18 379 3
320.164 63.032 329.240 6 1 18 379 3
320.164 63.032 329.240 7 1 18 379 3
320.164 63.032 329.240 8 1 18 379 3
320.164 63.032 329.240 9 1 18 379 3
320.164 63.032 329.240 10 1 18 379 3
320.164 63.032 329.240 11 1 18 379 3
320.164 63.032 329.240 12 1 18 379 3
320.164 63.032 329.240 13 1 18 379 3
320.164 63.032 329.240 14 1 18 379 3
320.164 63.032 329.240 15 1 18 379 3
320.164 63.032 329.240 16 1 18 379 3
320.164 63.032 329.240 17 1 18 379 3
320.164 63.032 329.240 18 1 18 379 3
320.164 63.032 329.240 19 1 18 379 3
320.164 63.032 329.240 20 1 18 379 3
320.164 63.032 329.240 21 1 18 379 3
320.164 63.032 329.240 22 1 18 379 3
209.722 86.591 134.171 23 1 18 390 4
209.722 86.591 134.171 24 1 18 390 4
209.722 86.591 134.171 25 1 18 390 4
209.722 86.591 134.171 26 1 18 390 4
209.722 86.591 134.171 27 1 18 390 4
209.722 86.591 134.171 28 1 18 390 4
209.722 86.591 134.171 29 1 18 390 4
209.722 86.591 134.171 30 1 18 390 4
320.164 63.032 329.240 1 2 18 379 3
320.164 63.032 329.240 2 2 18 379 3
320.164 63.032 329.240 3 2 18 379 3
320.164 63.032 329.240 4 2 18 379 3
320.164 63.032 329.240 5 2 18 379 3
320.164 63.032 329.240 6 2 18 379 3
320.164 63.032 329.240 7 2 18 379 3
320.164 63.032 329.240 8 2 18 379 3
320.164 63.032 329.240 9 2 18 379 3
320.164 63.032 329.240 10 2 18 379 3
320.164 63.032 329.240 11 2 18 379 3
320.164 63.032 329.240 12 2 18 379 3
320.164 63.032 329.240 13 2 18 379 3
320.164 63.032 329.240 14 2 18 379 3
320.164 63.032 329.240 15 2 18 379 3
320.164 63.032 329.240 16 2 18 379 3
320.164 63.032 329.240 17 2 18 379 3
320.164 63.032 329.240 18 2 18 379 3
320.164 63.032 329.240 19 2 18 379 3
320.164 63.032 329.240 20 2 18 379 3
209.722 86.591 134.171 21 2 18 390 4
209.722 86.591 134.171 22 2 18 390 4
209.722 86.591 134.171 23 2 18 390 4
209.722 86.591 134.171 24 2 18 390 4
209.722 86.591 134.171 25 2 18 390 4
209.722 86.591 134.171 26 2 18 390 4
209.722 86.591 134.171 27 2 18 390 4
209.722 86.591 134.171 28 2 18 390 4
209.722 86.591 134.171 29 2 18 390 4
209.722 86.591 134.171 30 2 18 390 4
320.164 63.032 329.240 1 3 18 379 3
320.164 63.032 329.240 2 3 18 379 3
144.800 51.211 292.013 3 3 18 312 2
320.164 63.032 329.240 4 3 18 379 3
320.164 63.032 329.240 5 3 18 379 3
320.164 63.032 329.240 6 3 18 379 3
320.164 63.032 329.240 7 3 18 379 3
320.164 63.032 329.240 8 3 18 379 3
320.164 63.032 329.240 9 3 18 379 3
320.164 63.032 329.240 10 3 18 379 3
320.164 63.032 329.240 11 3 18 379 3
320.164 63.032 329.240 12 3 18 379 3
320.164 63.032 329.240 13 3 18 379 3
320.164 63.032 329.240 14 3 18 379 3
320.164 63.032 329.240 15 3 18 379 3
320.164 63.032 329.240 16 3 18 379 3
320.164 63.032 329.240 17 3 18 379 3
320.164 63.032 329.240 18 3 18 379 3
320.164 63.032 329.240 19 3 18 379 3
320.164 63.032 329.240 20 3 18 379 3
209.722 86.591 134.171 21 3 18 390 4
209.722 86.591 134.171 22 3 18 390 4
209.722 86.591 134.171 23 3 18 390 4
209.722 86.591 134.171 24 3 18 390 4
209.722 86.591 134.171 25 3 18 390 4
209.722 86.591 134.171 26 3 18 390 4
209.722 86.591 134.171 27 3 18 390 4
209.722 86.591 134.171 28 3 18 390 4
209.722 86.591 134.171 29 3 18 390 4
209.722 86.591 134.171 30 3 18 390 4
320.164 63.032 329.240 1 4 18 379 3
320.164 63.032 329.240 2 4 18 379 3
144.800 51.211 292.013 3 4 18 312 2
320.164 63.032 329.240 4 4 18 379 3
320.164 63.032 329.240 5 4 18 379 3
320.164 63.032 329.240 6 4 18 379 3
320.164 63.032 329.240 7 4 18 379 3
320.164 63.032 329.240 8 4 18 379 3
320.164 63.032 329.240 9 4 18 379 3
320.164 63.032 329.240 10 4 18 379 3
320.164 63.032 329.240 11 4 18 379 3
320.164 63.032 329.240 12 4 18 379 3
320.164 63.032 329.240 13 4 18 379 3
320.164 63.032 329.240 14 4 18 379 3
320.164 63.032 329.240 15 4 18 379 3
320.164 63.032 329.240 16 4 18 379 3
320.164 63.032 329.240 17 4 18 379 3
320.164 63.032 329.240 18 4 18 379 3
320.164 63.032 329.240 19 4 18 379 3
209.722 86.591 134.171 20 4 18 390 4
209.722 86.591 134.171 21 4 18 390 4
209.722 86.591 134.171 22 4 18 390 4
209.722 86.591 134.171 23 4 18 390 4
209.722 86.591 134.171 24 4 18 390 4
209.722 86.591 134.171 25 4 18 390 4
209.722 86.591 134.171 26 4 18 390 4
209.722 86.591 134.171 27 4 18 390 4
209.722 86.591 134.171 28 4 18 390 4
209.722 86.591 134.171 29 4 18 390 4
209.722 86.591 134.171 30 4 18 390 4
320.164 63.032 329.240 1 5 18 379 3
320.164 63.032 329.240 2 5 18 379 3
144.800 51.211 292.013 3 5 18 312 2
320.164 63.032 329.240 4 5 18 379 3
320.164 63.032 329.240 5 5 18 379 3
320.164 63.032 329.240 6 5 18 379 3
320.164 63.032 329.240 7 5 18 379 3
320.164 63.032 329.240 8 5 18 379 3
320.164 63.032 329.240 9 5 18 379 3
320.164 63.032 329.240 10 5 18 379 3
320.164 63.032 329.240 11 5 18 379 3
320.164 63.032 329.240 12 5 18 379 3
320.164 63.032 329.240 13 5 18 379 3
320.164 63.032 329.240 14 5 18 379 3
320.164 63.032 329.240 15 5 18 379 3
320.164 63.032 329.240 16 5 18 379 3
320.164 63.032 329.240 17 5 18 379 3
320.164 63.032 329.240 18 5 18 379 3
320.164 63.032 329.240 19 5 18 379 3
209.722 86.591 134.171 20 5 18 390 4
209.722 86.591 134.171 21 5 18 390 4
209.722 86.591 134.171 22 5 18 390 4
209.722 86.591 134.171 23 5 18 390 4
209.722 86.591 134.171 24 5 18 390 4
209.722 86.591 134.171 25 5 18 390 4
209.722 86.591 134.171 26 5 18 390 4
209.722 86.591 134.171 27 5 18 390 4
209.722 86.591 134.171 28 5 18 390 4
209.722 86.591 134.171 29 5 18 390 4
209.722 86.591 134.171 30 5 18 390 4
320.164 63.032 329.240 1 6 18 379 3
320.164 63.032 329.240 2 6 18 379 3
320.164 63.032 329.240 3 6 18 379 3
320.164 63.032 329.240 4 6 18 379 3
320.164 63.032 329.240 5 6 18 379 3
320.164 63.032 329.240 6 6 18 379 3
320.164 63.032 329.240 7 6 18 379 3
320.164 63.032 329.240 8 6 18 379 3
320.164 63.032 329.240 9 6 18 379 3
320.164 63.032 329.240 10 6 18 379 3
320.164 63.032 329.240 11 6 18 379 3
320.164 63.032 329.240 12 6 18 379 3
320.164 63.032 329.240 13 6 18 379 3
320.164 63.032 329.240 14 6 18 379 3
320.164 63.032 329.240 15 6 18 379 3
320.164 63.032 329.240 16 6 18 379 3
320.164 63.032 329.240 17 6 18 379 3
320.164 63.032 329.240 18 6 18 379 3
320.164 63.032 329.240 19 6 18 379 3
209.722 86.591 134.171 20 6 18 390 4
209.722 86.591 134.171 21 6 18 390 4
209.722 86.591 134.171 22 6 18 390 4
209.722 86.591 134.171 23 6 18 390 4
209.722 86.591 134.171 24 6 18 390 4
209.722 86.591 134.171 25 6 18 390 4
209.722 86.591 134.171 26 6 18 390 4
209.722 86.591 134.171 27 6 18 390 4
209.722 86.591 134.171 28 6 18 390 4
209.722 86.591 134.171 29 6 18 390 4
209.722 86.591 134.171 30 6 18 390 4
320.164 63.032 329.240 1 7 18 379 3
320.164 63.032 329.240 2 7 18 379 3
320.164 63.032 329.240 3 7 18 379 3
320.164 63.032 329.240 4 7 18 379 3
320.164 63.032 329.240 5 7 18 379 3
320.164 63.032 329.240 6 7 18 379 3
320.164 63.032 329.240 7 7 18 379 3
320.164 63.032 329.240 8 7 18 379 3
320.164 63.032 329.240 9 7 18 379 3
320.164 63.032 329.240 10 7 18 379 3
320.164 63.032 329.240 11 7 18 379 3
320.164 63.032 329.240 12 7 18 379 3
320.164 63.032 329.240 13 7 18 379 3
320.164 63.032 329.240 14 7 18 379 3
320.164 63.032 329.240 15 7 18 379 3
320.164 63.032 329.240 16 7 18 379 3
320.164 63.032 329.240 17 7 18 379 3
320.164 63.032 329.240 18 7 18 379 3
209.722 86.591 134.171 19 7 18 390 4
209.722 86.591 134.171 20 7 18 390 4
209.722 86.591 134.171 21 7 18 390 4
209.722 86.591 134.171 22 7 18 390 4
209.722 86.591 134.171 23 7 18 390 4
209.722 86.591 134.171 24 7 18 390 4
209.722 86.591 134.171 25 7 18 390 4
209.722 86.591 134.171 26 7 18 390 4
209.722 86.591 134.171 27 7 18 390 4
209.722 86.591 134.171 28 7 18 390 4
209.722 86.591 134.171 29 7 18 390 4
209.722 86.591 134.171 30 7 18 390 4
320.164 63.032 329.240 1 8 18 379 3
320.164 63.032 329.240 2 8 18 379 3
320.164 63.032 329.240 3 8 18 379 3
320.164 63.032 329.240 4 8 18 379 3
320.164 63.032 329.240 5 8 18 379 3
320.164 63.032 329.240 6 8 18 379 3
320.164 63.032 329.240 7 8 18 379 3
320.164 63.032 329.240 8 8 18 379 3
320.164 63.032 329.240 9 8 18 379 3
320.164 63.032 329.240 10 8 18 379 3
320.164 63.032 329.240 11 8 18 379 3
320.164 63.032 329.240 12 8 18 379 3
320.164 63.032 329.240 13 8 18 379 3
320.164 63.032 329.240 14 8 18 379 3
320.164 63.032 329.240 15 8 18 379 3
320.164 63.032 329.240 16 8 18 379 3
320.164 63.032 329.240 17 8 18 379 3
320.164 63.032 329.240 18 8 18 379 3
209.722 86.591 134.171 19 8 18 390 4
209.722 86.591 134.171 20 8 18 390 4
209.722 86.591 134.171 21 8 18 390 4
126.152 76.195 325.617 22 8 18 33 1
209.722 86.591 134.171 23 8 18 390 4
209.722 86.591 134.171 24 8 18 390 4
209.722 86.591 134.171 25 8 18 390 4
209.722 86.591 134.171 26 8 18 390 4
209.722 86.591 134.171 27 8 18 390 4
302.288 116.957 152.566 28 8 18 256 1
209.722 86.591 134.171 29 8 18 390 4
209.722 86.591 134.171 30 8 18 390 4
320.164 63.032 329.240 1 9 18 379 3
320.164 63.032 329.240 2 9 18 379 3
320.164 63.032 329.240 3 9 18 379 3
320.164 63.032 329.240 4 9 18 379 3
320.164 63.032 329.240 5 9 18 379 3
320.164 63.032 329.240 6 9 18 379 3
320.164 63.032 329.240 7 9 18 379 3
320.164 63.032 329.240 8 9 18 379 3
320.164 63.032 329.240 9 9 18 379 3
320.164 63.032 329.240 10 9 18 379 3
320.164 63.032 329.240 11 9 18 379 3
320.164 63.032 329.240 12 9 18 379 3
320.164 63.032 329.240 13 9 18 379 3
320.164 63.032 329.240 14 9 18 379 3
320.164 63.032 329.240 15 9 18 379 3
320.164 63.032 329.240 16 9 18 379 3
320.164 63.032 329.240 17 9 18 379 3
248.989 87.235 226.530 18 9 18 375 2
248.989 87.235 226.530 19 9 18 375 2
209.722 86.591 134.171 20 9 18 390 4
209.722 86.591 134.171 21 9 18 390 4
209.722 86.591 134.171 22 9 18 390 4
209.722 86.591 134.171 23 9 18 390 4
209.722 86.591 134.171 24 9 18 390 4
209.722 86.591 134.171 25 9 18 390 4
209.722 86.591 134.171 26 9 18 390 4
209.722 86.591 134.171 27 9 18 390 4
209.722 86.591 134.171 28 9 18 390 4
209.722 86.591 134.171 29 9 18 390 4
209.722 86.591 134.171 30 9 18 390 4
320.164 63.032 329.240 1 10 18 379 3
320.164 63.032 329.240 2 10 18 379 3
320.164 63.032 329.240 3 10 18 379 3
320.164 63.032 329.240 4 10 18 379 3
320.164 63.032 329.240 5 10 18 379 3
320.164 63.032 329.240 6 10 18 379 3
320.164 63.032 329.240 7 10 18 379 3
320.164 63.032 329.240 8 10 18 379 3
320.164 63.032 329.240 9 10 18 379 3
320.164 63.032 329.240 10 10 18 379 3
320.164 63.032 329.240 11 10 18 379 3
320.164 63.032 329.240 12 10 18 379 3
320.164 63.032 329.240 13 10 18 379 3
320.164 63.032 329.240 14 10 18 379 3
320.164 63.032 329.240 15 10 18 379 3
320.164 63.032 329.240 16 10 18 379 3
320.164 63.032 329.240 17 10 18 379 3
248.989 87.235 226.530 18 10 18 375 2
248.989 87.235 226.530 19 10 18 375 2
209.722 86.591 134.171 20 10 18 390 4
209.722 86.591 134.171 21 10 18 390 4
209.722 86.591 134.171 22 10 18 390 4
209.722 86.591 134.171 23 10 18 390 4
209.722 86.591 134.171 24 10 18 390 4
209.722 86.591 134.171 25 10 18 390 4
209.722 86.591 134.171 26 10 18 390 4
209.722 86.591 134.171 27 10 18 390 4
209.722 86.591 134.171 28 10 18 390 4
209.722 86.591 134.171 29 10 18 390 4
209.722 86.591 134.171 30 10 18 390 4
320.164 63.032 329.240 1 11 18 379 3
320.164 63.032 329.240 2 11 18 379 3
320.164 63.032 329.240 3 11 18 379 3
320.164 63.032 329.240 4 11 18 379 3
320.164 63.032 329.240 5 11 18 379 3
320.164 63.032 329.240 6 11 18 379 3
320.164 63.032 329.240 7 11 18 379 3
320.164 63.032 329.240 8 11 18 379 3
320.164 63.032 329.240 9 11 18 379 3
320.164 63.032 329.240 10 11 18 379 3
320.164 63.032 329.240 11 11 18 379 3
320.164 63.032 329.240 12 11 18 379 3
320.164 63.032 329.240 13 11 18 379 3
320.164 63.032 329.240 14 11 18 379 3
320.164 63.032 329.240 15 11 18 379 3
12.956 137.376 237.711 16 11 18 385 4
12.956 137.376 237.711 17 11 18 385 4
248.989 87.235 226.530 18 11 18 375 2
248.989 87.235 226.530 19 11 18 375 2
209.722 86.591 134.171 20 11 18 390 4
209.722 86.591 134.171 21 11 18 390 4
209.722 86.591 134.171 22 11 18 390 4
209.722 86.591 134.171 23 11 18 390 4
209.722 86.591 134.171 24 11 18 390 4
209.722 86.591 134.171 25 11 18 390 4
209.722 86.591 134.171 26 11 18 390 4
209.722 86.591 134.171 27 11 18 390 4
209.722 86.591 134.171 28 11 18 390 4
209.722 86.591 134.171 29 11 18 390 4
209.722 86.591 134.171 30 11 18 390 4
320.164 63.032 329.240 1 12 18 379 3
320.164 63.032 329.240 2 12 18 379 3
320.164 63.032 329.240 3 12 18 379 3
320.164 63.032 329.240 4 12 18 379 3
320.164 63.032 329.240 5 12 18 379 3
320.164 63.032 329.240 6 12 18 379 3
320.164 63.032 329.240 7 12 18 379 3
320.164 63.032 329.240 8 12 18 379 3
320.164 63.032 329.240 9 12 18 379 3
320.164 63.032 329.240 10 12 18 379 3
320.164 63.032 329.240 11 12 18 379 3
320.164 63.032 329.240 12 12 18 379 3
320.164 63.032 329.240 13 12 18 379 3
12.956 137.376 237.711 14 12 18 385 4
12.956 137.376 237.711 15 12 18 385 4
12.956 137.376 237.711 16 12 18 385 4
12.956 137.376 237.711 17 12 18 385 4
12.956 137.376 237.711 18 12 18 385 4
12.956 137.376 237.711 19 12 18 385 4
320.640 88.543 348.961 20 12 18 432 1
320.640 88.543 348.961 21 12 18 432 1
209.722 86.591 134.171 22 12 18 390 4
209.722 86.591 134.171 23 12 18 390 4
209.722 86.591 134.171 24 12 18 390 4
209.722 86.591 134.171 25 12 18 390 4
209.722 86.591 134.171 26 12 18 390 4
209.722 86.591 134.171 27 12 18 390 4
209.722 86.591 134.171 28 12 18 390 4
209.722 86.591 134.171 29 12 18 390 4
174.149 118.126 294.898 30 12 18 273 1
320.164 63.032 329.240 1 13 18 379 3
320.164 63.032 329.240 2 13 18 379 3
320.164 63.032 329.240 3 13 18 379 3
320.164 63.032 329.240 4 13 18 379 3
320.164 63.032 329.240 5 13 18 379 3
320.164 63.032 329.240 6 13 18 379 3
320.164 63.032 329.240 7 13 18 379 3
320.164 63.032 329.240 8 13 18 379 3
320.164 63.032 329.240 9 13 18 379 3
320.164 63.032 329.240 10 13 18 379 3
320.164 63.032 329.240 11 13 18 379 3
320.164 63.032 329.240 12 13 18 379 3
12.956 137.376 237.711 13 13 18 385 4
12.956 137.376 237.711 14 13 18 385 4
12.956 137.376 237.711 15 13 18 385 4
12.956 137.376 237.711 16 13 18 385 4
12.956 137.376 237.711 17 13 18 385 4
12.956 137.376 237.711 18 13 18 385 4
12.956 137.376 237.711 19 13 18 385 4
320.640 88.543 348.961 20 13 18 432 1
320.640 88.543 348.961 21 13 18 432 1
320.640 88.543 348.961 22 13 18 432 1
209.722 86.591 134.171 23 13 18 390 4
209.722 86.591 134.171 24 13 18 390 4
209.722 86.591 134.171 25 13 18 390 4
209.722 86.591 134.171 26 13 18 390 4
209.722 86.591 134.171 27 13 18 390 4
209.722 86.591 134.171 28 13 18 390 4
209.722 86.591 134.171 29 13 18 390 4
209.722 86.591 134.171 30 13 18 390 4
320.164 63.032 329.240 1 14 18 379 3
320.164 63.032 329.240 2 14 18 379 3
320.164 63.032 329.240 3 14 18 379 3
320.164 63.032 329.240 4 14 18 379 3
320.164 63.032 329.240 5 14 18 379 3
320.164 63.032 329.240 6 14 18 379 3
320.164 63.032 329.240 7 14 18 379 3
320.164 63.032 329.240 8 14 18 379 3
320.164 63.032 329.240 9 14 18 379 3
320.164 63.032 329.240 10 14 18 379 3
320.164 63.032 329.240 11 14 18 379 3
12.956 137.376 237.711 12 14 18 385 4
12.956 137.376 237.711 13 14 18 385 4
12.956 137.376 237.711 14 14 18 385 4
12.956 137.376 237.711 15 14 18 385 4
12.956 137.376 237.711 16 14 18 385 4
12.956 137.376 237.711 17 14 18 385 4
12.956 137.376 237.711 18 14 18 385 4
12.956 137.376 237.711 19 14 18 385 4
320.640 88.543 348.961 20 14 18 432 1
320.640 88.543 348.961 21 14 18 432 1
320.640 88.543 348.961 22 14 18 432 1
76.632 74.194 230.415 23 14 18 69 1
76.632 74.194 230.415 24 14 18 69 1
209.722 86.591 134.171 25 14 18 390 4
209.722 86.591 134.171 26 14 18 390 4
209.722 86.591 134.171 27 14 18 390 4
209.722 86.591 134.171 28 14 18 390 4
209.722 86.591 134.171 29 14 18 390 4
209.722 86.591 134.171 30 14 18 390 4
320.164 63.032 329.240 1 15 18 379 3
320.164 63.032 329.240 2 15 18 379 3
320.164 63.032 329.240 3 15 18 379 3
320.164 63.032 329.240 4 15 18 379 3
320.164 63.032 329.240 5 15 18 379 3
320.164 63.032 329.240 6 15 18 379 3
320.164 63.032 329.240 7 15 18 379 3
320.164 63.032 329.240 8 15 18 379 3
320.164 63.032 329.240 9 15 18 379 3
320.164 63.032 329.240 10 15 18 379 3
12.956 137.376 237.711 11 15 18 385 4
12.956 137.376 237.711 12 15 18 385 4
12.956 137.376 237.711 13 15 18 385 4
12.956 137.376 237.711 14 15 18 385 4
12.956 137.376 237.711 15 15 18 385 4
12.956 137.376 237.711 16 15 18 385 4
12.956 137.376 237.711 17 15 18 385 4
12.956 137.376 237.711 18 15 18 385 4
12.956 137.376 237.711 19 15 18 385 4
320.640 88.543 348.961 20 15 18 432 1
320.640 88.543 348.961 21 15 18 432 1
320.640 88.543 348.961 22 15 18 432 1
76.632 74.194 230.415 23 15 18 69 1
76.632 74.194 230.415 24 15 18 69 1
76.632 74.194 230.415 25 15 18 69 1
209.722 86.591 134.171 26 15 18 390 4
209.722 86.591 134.171 27 15 18 390 4
209.722 86.591 134.171 28 15 18 390 4
209.722 86.591 134.171 29 15 18 390 4
209.722 86.591 134.171 30 15 18 390 4
320.164 63.032 329.240 1 16 18 379 3
320.164 63.032 329.240 2 16 18 379 3
320.164 63.032 329.240 3 16 18 379 3
320.164 63.032 329.240 4 16 18 379 3
320.164 63.032 329.240 5 16 18 379 3
33.530 43.056 313.807 6 16 18 7 1
320.164 63.032 329.240 7 16 18 379 3
320.164 63.032 329.240 8 16 18 379 3
320.164 63.032 329.240 9 16 18 379 3
12.956 137.376 237.711 10 16 18 385 4
12.956 137.376 237.711 11 16 18 385 4
12.956 137.376 237.711 12 16 18 385 4
12.956 137.376 237.711 13 16 18 385 4
12.956 137.376 237.711 14 16 18 385 4
12.956 137.376 237.711 15 16 18 385 4
169.429 135.785 313.314 16 16 18 117 1
12.956 137.376 237.711 17 16 18 385 4
12.956 137.376 237.711 18 16 18 385 4
12.956 137.376 237.711 19 16 18 385 4
107.929 69.415 324.285 20 16 18 380 4
320.640 88.543 348.961 21 16 18 432 1
320.640 88.543 348.961 22 16 18 432 1
76.632 74.194 230.415 23 16 18 69 1
76.632 74.194 230.415 24 16 18 69 1
76.632 74.194 230.415 25 16 18 69 1
76.632 74.194 230.415 26 16 18 69 1
209.722 86.591 134.171 27 16 18 390 4
209.722 86.591 134.171 28 16 18 390 4
209.722 86.591 134.171 29 16 18 390 4
209.722 86.591 134.171 30 16 18 390 4
320.164 63.032 329.240 1 17 18 379 3
320.164 63.032 329.240 2 17 18 379 3
320.164 63.032 329.240 3 17 18 379 3
320.164 63.032 329.240 4 17 18 379 3
320.164 63.032 329.240 5 17 18 379 3
320.164 63.032 329.240 6 17 18 379 3
320.164 63.032 329.240 7 17 18 379 3
320.164 63.032 329.240 8 17 18 379 3
320.164 63.032 329.240 9 17 18 379 3
12.956 137.376 237.711 10 17 18 385 4
12.956 137.376 237.711 11 17 18 385 4
12.956 137.376 237.711 12 17 18 385 4
12.956 137.376 237.711 13 17 18 385 4
12.956 137.376 237.711 14 17 18 385 4
12.956 137.376 237.711 15 17 18 385 4
12.956 137.376 237.711 16 17 18 385 4
12.956 137.376 237.711 17 17 18 385 4
12.956 137.376 237.711 18 17 18 385 4
107.929 69.415 324.285 19 17 18 380 4
107.929 69.415 324.285 20 17 18 380 4
107.929 69.415 324.285 21 17 18 380 4
107.929 69.415 324.285 22 17 18 380 4
107.929 69.415 324.285 23 17 18 380 4
76.632 74.194 230.415 24 17 18 69 1
76.632 74.194 230.415 25 17 18 69 1
76.632 74.194 230.415 26 17 18 69 1
220.264 100.656 41.179 27 17 18 72 1
220.264 100.656 41.179 28 17 18 72 1
209.722 86.591 134.171 29 17 18 390 4
209.722 86.591 134.171 30 17 18 390 4
320.164 63.032 329.240 1 18 18 379 3
320.164 63.032 329.240 2 18 18 379 3
320.164 63.032 329.240 3 18 18 379 3
320.164 63.032 329.240 4 18 18 379 3
320.164 63.032 329.240 5 18 18 379 3
320.164 63.032 329.240 6 18 18 379 3
320.164 63.032 329.240 7 18 18 379 3
320.164 63.032 329.240 8 18 18 379 3
268.775 69.497 302.821 9 18 18 267 1
268.775 69.497 302.821 10 18 18 267 1
12.956 137.376 237.711 11 18 18 385 4
12.956 137.376 237.711 12 18 18 385 4
12.956 137.376 237.711 13 18 18 385 4
190.215 109.432 191.175 14 18 18 52 1
12.956 137.376 237.711 15 18 18 385 4
12.956 137.376 237.711 16 18 18 385 4
12.956 137.376 237.711 17 18 18 385 4
12.956 137.376 237.711 18 18 18 385 4
107.929 69.415 324.285 19 18 18 380 4
107.929 69.415 324.285 20 18 18 380 4
107.929 69.415 324.285 21 18 18 380 4
107.929 69.415 324.285 22 18 18 380 4
107.929 69.415 324.285 23 18 18 380 4
107.929 69.415 324.285 24 18 18 380 4
110.071 30.482 191.893 25 18 18 393 4
220.264 100.656 41.179 26 18 18 72 1
220.264 100.656 41.179 27 18 18 72 1
220.264 100.656 41.179 28 18 18 72 1
220.264 100.656 41.179 29 18 18 72 1
220.264 100.656 41.179 30 18 18 72 1
320.164 63.032 329.240 1 19 18 379 3
320.164 63.032 329.240 2 19 18 379 3
112.723 58.832 113.646 3 19 18 309 2
112.723 58.832 113.646 4 19 18 309 2
320.164 63.032 329.240 5 19 18 379 3
320.164 63.032 329.240 6 19 18 379 3
320.164 63.032 329.240 7 19 18 379 3
12.956 137.376 237.711 8 19 18 385 4
12.956 137.376 237.711 9 19 18 385 4
12.956 137.376 237.711 10 19 18 385 4
12.956 137.376 237.711 11 19 18 385 4
12.956 137.376 237.711 12 19 18 385 4
12.956 137.376 237.711 13 19 18 385 4
12.956 137.376 237.711 14 19 18 385 4
12.956 137.376 237.711 15 19 18 385 4
12.956 137.376 237.711 16 19 18 385 4
12.956 137.376 237.711 17 19 18 385 4
107.929 69.415 324.285 18 19 18 380 4
107.929 69.415 324.285 19 19 18 380 4
107.929 69.415 324.285 20 19 18 380 4
107.929 69.415 324.285 21 19 18 380 4
107.929 69.415 324.285 22 19 18 380 4
107.929 69.415 324.285 23 19 18 380 4
107.929 69.415 324.285 24 19 18 380 4
110.071 30.482 191.893 25 19 18 393 4
311.371 72.815 85.686 26 19 18 392 4
311.371 72.815 85.686 27 19 18 392 4
311.371 72.815 85.686 28 19 18 392 4
311.371 72.815 85.686 29 19 18 392 4
311.371 72.815 85.686 30 19 18 392 4
320.164 63.032 329.240 1 20 18 379 3
320.164 63.032 329.240 2 20 18 379 3
112.723 58.832 113.646 3 20 18 309 2
112.723 58.832 113.646 4 20 18 309 2
80.811 103.406 32.809 5 20 18 340 2
80.811 103.406 32.809 6 20 18 340 2
80.811 103.406 32.809 7 20 18 340 2
12.956 137.376 237.711 8 20 18 385 4
12.956 137.376 237.711 9 20 18 385 4
12.956 137.376 237.711 10 20 18 385 4
12.956 137.376 237.711 11 20 18 385 4
12.956 137.376 237.711 12 20 18 385 4
12.956 137.376 237.711 13 20 18 385 4
12.956 137.376 237.711 14 20 18 385 4
12.956 137.376 237.711 15 20 18 385 4
12.956 137.376 237.711 16 20 18 385 4
12.956 137.376 237.711 17 20 18 385 4
107.929 69.415 324.285 18 20 18 380 4
107.929 69.415 324.285 19 20 18 380 4
107.929 69.415 324.285 20 20 18 380 4
107.929 69.415 324.285 21 20 18 380 4
107.929 69.415 324.285 22 20 18 380 4
107.929 69.415 324.285 23 20 18 380 4
232.144 75.526 45.222 24 20 18 288 1
311.371 72.815 85.686 25 20 18 392 4
311.371 72.815 85.686 26 20 18 392 4
311.371 72.815 85.686 27 20 18 392 4
311.371 72.815 85.686 28 20 18 392 4
311.371 72.815 85.686 29 20 18 392 4
311.371 72.815 85.686 30 20 18 392 4
320.164 63.032 329.240 1 21 18 379 3
320.164 63.032 329.240 2 21 18 379 3
320.164 63.032 329.240 3 21 18 379 3
240.975 143.145 352.816 4 21 18 35 1
80.811 103.406 32.809 5 21 18 340 2
80.811 103.406 32.809 6 21 18 340 2
80.811 103.406 32.809 7 21 18 340 2
12.956 137.376 237.711 8 21 18 385 4
12.956 137.376 237.711 9 21 18 385 4
12.956 137.376 237.711 10 21 18 385 4
12.956 137.376 237.711 11 21 18 385 4
12.956 137.376 237.711 12 21 18 385 4
71.413 57.566 269.818 13 21 18 214 1
12.956 137.376 237.711 14 21 18 385 4
12.956 137.376 237.711 15 21 18 385 4
12.956 137.376 237.711 16 21 18 385 4
12.956 137.376 237.711 17 21 18 385 4
107.929 69.415 324.285 18 21 18 380 4
107.929 69.415 324.285 19 21 18 380 4
107.929 69.415 324.285 20 21 18 380 4
107.929 69.415 324.285 21 21 18 380 4
107.929 69.415 324.285 22 21 18 380 4
232.144 75.526 45.222 23 21 18 288 1
232.144 75.526 45.222 24 21 18 288 1
232.144 75.526 45.222 25 21 18 288 1
311.371 72.815 85.686 26 21 18 392 4
311.371 72.815 85.686 27 21 18 392 4
311.371 72.815 85.686 28 21 18 392 4
311.371 72.815 85.686 29 21 18 392 4
311.371 72.815 85.686 30 21 18 392 4
269.068 153.263 229.556 1 22 18 262 1
269.068 153.263 229.556 2 22 18 262 1
269.068 153.263 229.556 3 22 18 262 1
240.975 143.145 352.816 4 22 18 35 1
240.975 143.145 352.816 5 22 18 35 1
80.811 103.406 32.809 6 22 18 340 2
12.956 137.376 237.711 7 22 18 385 4
12.956 137.376 237.711 8 22 18 385 4
12.956 137.376 237.711 9 22 18 385 4
12.956 137.376 237.711 10 22 18 385 4
12.956 137.376 237.711 11 22 18 385 4
12.956 137.376 237.711 12 22 18 385 4
12.956 137.376 237.711 13 22 18 385 4
12.956 137.376 237.711 14 22 18 385 4
12.956 137.376 237.711 15 22 18 385 4
12.956 137.376 237.711 16 22 18 385 4
107.929 69.415 324.285 17 22 18 380 4
107.929 69.415 324.285 18 22 18 380 4
107.929 69.415 324.285 19 22 18 380 4
107.929 69.415 324.285 20 22 18 380 4
107.929 69.415 324.285 21 22 18 380 4
232.144 75.526 45.222 22 22 18 288 1
232.144 75.526 45.222 23 22 18 288 1
232.144 75.526 45.222 24 22 18 288 1
311.371 72.815 85.686 25 22 18 392 4
311.371 72.815 85.686 26 22 18 392 4
311.371 72.815 85.686 27 22 18 392 4
311.371 72.815 85.686 28 22 18 392 4
311.371 72.815 85.686 29 22 18 392 4
311.371 72.815 85.686 30 22 18 392 4
20.098 120.974 47.951 1 23 18 381 4
20.098 120.974 47.951 2 23 18 381 4
20.098 120.974 47.951 3 23 18 381 4
20.098 120.974 47.951 4 23 18 381 4
20.098 120.974 47.951 5 23 18 381 4
20.098 120.974 47.951 6 23 18 381 4
20.098 120.974 47.951 7 23 18 381 4
12.956 137.376 237.711 8 23 18 385 4
12.956 137.376 237.711 9 23 18 385 4
12.956 137.376 237.711 10 23 18 385 4
12.956 137.376 237.711 11 23 18 385 4
12.956 137.376 237.711 12 23 18 385 4
12.956 137.376 237.711 13 23 18 385 4
12.956 137.376 237.711 14 23 18 385 4
12.956 137.376 237.711 15 23 18 385 4
12.956 137.376 237.711 16 23 18 385 4
110.071 30.482 191.893 17 23 18 393 4
107.929 69.415 324.285 18 23 18 380 4
107.929 69.415 324.285 19 23 18 380 4
107.929 69.415 324.285 20 23 18 380 4
110.071 30.482 191.893 21 23 18 393 4
110.071 30.482 191.893 22 23 18 393 4
32.382 102.716 123.806 23 23 18 77 1
311.371 72.815 85.686 24 23 18 392 4
311.371 72.815 85.686 25 23 18 392 4
311.371 72.815 85.686 26 23 18 392 4
311.371 72.815 85.686 27 23 18 392 4
311.371 72.815 85.686 28 23 18 392 4
311.371 72.815 85.686 29 23 18 392 4
311.371 72.815 85.686 30 23 18 392 4
20.098 120.974 47.951 1 24 18 381 4
20.098 120.974 47.951 2 24 18 381 4
20.098 120.974 47.951 3 24 18 381 4
302.620 152.619 211.578 4 24 18 151 1
209.543 131.286 273.837 5 24 18 166 1
209.543 131.286 273.837 6 24 18 166 1
209.543 131.286 273.837 7 24 18 166 1
20.098 120.974 47.951 8 24 18 381 4
12.956 137.376 237.711 9 24 18 385 4
12.956 137.376 237.711 10 24 18 385 4
12.956 137.376 237.711 11 24 18 385 4
12.956 137.376 237.711 12 24 18 385 4
12.956 137.376 237.711 13 24 18 385 4
12.956 137.376 237.711 14 24 18 385 4
12.956 137.376 237.711 15 24 18 385 4
56.521 70.299 33.040 16 24 18 389 4
110.071 30.482 191.893 17 24 18 393 4
110.071 30.482 191.893 18 24 18 393 4
110.071 30.482 191.893 19 24 18 393 4
110.071 30.482 191.893 20 24 18 393 4
110.071 30.482 191.893 21 24 18 393 4
110.071 30.482 191.893 22 24 18 393 4
32.382 102.716 123.806 23 24 18 77 1
32.382 102.716 123.806 24 24 18 77 1
311.371 72.815 85.686 25 24 18 392 4
311.371 72.815 85.686 26 24 18 392 4
311.371 72.815 85.686 27 24 18 392 4
311.371 72.815 85.686 28 24 18 392 4
311.371 72.815 85.686 29 24 18 392 4
311.371 72.815 85.686 30 24 18 392 4
20.098 120.974 47.951 1 25 18 381 4
20.098 120.974 47.951 2 25 18 381 4
20.098 120.974 47.951 3 25 18 381 4
20.098 120.974 47.951 4 25 18 381 4
20.098 120.974 47.951 5 25 18 381 4
20.098 120.974 47.951 6 25 18 381 4
20.098 120.974 47.951 7 25 18 381 4
20.098 120.974 47.951 8 25 18 381 4
20.098 120.974 47.951 9 25 18 381 4
12.956 137.376 237.711 10 25 18 385 4
12.956 137.376 237.711 11 25 18 385 4
12.956 137.376 237.711 12 25 18 385 4
56.521 70.299 33.040 13 25 18 389 4
56.521 70.299 33.040 14 25 18 389 4
56.521 70.299 33.040 15 25 18 389 4
56.521 70.299 33.040 16 25 18 389 4
56.521 70.299 33.040 17 25 18 389 4
56.521 70.299 33.040 18 25 18 389 4
110.071 30.482 191.893 19 25 18 393 4
110.071 30.482 191.893 20 25 18 393 4
45.207 80.480 321.446 21 25 18 435 2
161.109 38.101 186.983 22 25 18 307 1
161.109 38.101 186.983 23 25 18 307 1
32.382 102.716 123.806 24 25 18 77 1
311.371 72.815 85.686 25 25 18 392 4
311.371 72.815 85.686 26 25 18 392 4
311.371 72.815 85.686 27 25 18 392 4
311.371 72.815 85.686 28 25 18 392 4
311.371 72.815 85.686 29 25 18 392 4
311.371 72.815 85.686 30 25 18 392 4
20.098 120.974 47.951 1 26 18 381 4
215.166 63.279 124.585 2 26 18 79 1
20.098 120.974 47.951 3 26 18 381 4
33.626 106.906 41.864 4 26 18 56 1
20.098 120.974 47.951 5 26 18 381 4
20.098 120.974 47.951 6 26 18 381 4
20.098 120.974 47.951 7 26 18 381 4
20.098 120.974 47.951 8 26 18 381 4
20.098 120.974 47.951 9 26 18 381 4
20.098 120.974 47.951 10 26 18 381 4
12.956 137.376 237.711 11 26 18 385 4
12.956 137.376 237.711 12 26 18 385 4
56.521 70.299 33.040 13 26 18 389 4
56.521 70.299 33.040 14 26 18 389 4
56.521 70.299 33.040 15 26 18 389 4
56.521 70.299 33.040 16 26 18 389 4
56.521 70.299 33.040 17 26 18 389 4
56.521 70.299 33.040 18 26 18 389 4
56.521 70.299 33.040 19 26 18 389 4
45.207 80.480 321.446 20 26 18 435 2
45.207 80.480 321.446 21 26 18 435 2
161.109 38.101 186.983 22 26 18 307 1
45.207 80.480 321.446 23 26 18 435 2
45.207 80.480 321.446 24 26 18 435 2
45.207 80.480 321.446 25 26 18 435 2
311.371 72.815 85.686 26 26 18 392 4
311.371 72.815 85.686 27 26 18 392 4
311.371 72.815 85.686 28 26 18 392 4
311.371 72.815 85.686 29 26 18 392 4
311.371 72.815 85.686 30 26 18 392 4
20.098 120.974 47.951 1 27 18 381 4
20.098 120.974 47.951 2 27 18 381 4
20.098 120.974 47.951 3 27 18 381 4
20.098 120.974 47.951 4 27 18 381 4
20.098 120.974 47.951 5 27 18 381 4
20.098 120.974 47.951 6 27 18 381 4
20.098 120.974 47.951 7 27 18 381 4
20.098 120.974 47.951 8 27 18 381 4
20.098 120.974 47.951 9 27 18 381 4
20.098 120.974 47.951 10 27 18 381 4
99.285 78.183 288.774 11 27 18 66 1
99.285 78.183 288.774 12 27 18 66 1
56.521 70.299 33.040 13 27 18 389 4
56.521 70.299 33.040 14 27 18 389 4
56.521 70.299 33.040 15 27 18 389 4
56.521 70.299 33.040 16 27 18 389 4
56.521 70.299 33.040 17 27 18 389 4
56.521 70.299 33.040 18 27 18 389 4
56.521 70.299 33.040 19 27 18 389 4
45.207 80.480 321.446 20 27 18 435 2
45.207 80.480 321.446 21 27 18 435 2
161.109 38.101 186.983 22 27 18 307 1
45.207 80.480 321.446 23 27 18 435 2
45.207 80.480 321.446 24 27 18 435 2
45.207 80.480 321.446 25 27 18 435 2
45.207 80.480 321.446 26 27 18 435 2
45.207 80.480 321.446 27 27 18 435 2
311.371 72.815 85.686 28 27 18 392 4
311.371 72.815 85.686 29 27 18 392 4
311.371 72.815 85.686 30 27 18 392 4
20.098 120.974 47.951 1 28 18 381 4
20.098 120.974 47.951 2 28 18 381 4
20.098 120.974 47.951 3 28 18 381 4
20.098 120.974 47.951 4 28 18 381 4
20.098 120.974 47.951 5 28 18 381 4
20.098 120.974 47.951 6 28 18 381 4
20.098 120.974 47.951 7 28 18 381 4
20.098 120.974 47.951 8 28 18 381 4
20.098 120.974 47.951 9 28 18 381 4
20.098 120.974 47.951 10 28 18 381 4
99.285 78.183 288.774 11 28 18 66 1
99.285 78.183 288.774 12 28 18 66 1
99.285 78.183 288.774 13 28 18 66 1
56.521 70.299 33.040 14 28 18 389 4
56.521 70.299 33.040 15 28 18 389 4
56.521 70.299 33.040 16 28 18 389 4
56.521 70.299 33.040 17 28 18 389 4
56.521 70.299 33.040 18 28 18 389 4
201.103 102.050 213.786 19 28 18 305 1
45.207 80.480 321.446 20 28 18 435 2
45.207 80.480 321.446 21 28 18 435 2
45.207 80.480 321.446 22 28 18 435 2
232.637 41.466 156.299 23 28 18 251 1
45.207 80.480 321.446 24 28 18 435 2
45.207 80.480 321.446 25 28 18 435 2
45.207 80.480 321.446 26 28 18 435 2
45.207 80.480 321.446 27 28 18 435 2
311.371 72.815 85.686 28 28 18 392 4
311.371 72.815 85.686 29 28 18 392 4
311.371 72.815 85.686 30 28 18 392 4
20.098 120.974 47.951 1 29 18 381 4
20.098 120.974 47.951 2 29 18 381 4
20.098 120.974 47.951 3 29 18 381 4
20.098 120.974 47.951 4 29 18 381 4
20.098 120.974 47.951 5 29 18 381 4
20.098 120.974 47.951 6 29 18 381 4
20.098 120.974 47.951 7 29 18 381 4
58.955 44.700 234.694 8 29 18 169 1
58.955 44.700 234.694 9 29 18 169 1
20.098 120.974 47.951 10 29 18 381 4
99.285 78.183 288.774 11 29 18 66 1
99.285 78.183 288.774 12 29 18 66 1
99.285 78.183 288.774 13 29 18 66 1
56.521 70.299 33.040 14 29 18 389 4
56.521 70.299 33.040 15 29 18 389 4
141.422 66.225 332.586 16 29 18 235 1
56.521 70.299 33.040 17 29 18 389 4
56.521 70.299 33.040 18 29 18 389 4
56.521 70.299 33.040 19 29 18 389 4
45.207 80.480 321.446 20 29 18 435 2
45.207 80.480 321.446 21 29 18 435 2
45.207 80.480 321.446 22 29 18 435 2
45.207 80.480 321.446 23 29 18 435 2
45.207 80.480 321.446 24 29 18 435 2
45.207 80.480 321.446 25 29 18 435 2
45.207 80.480 321.446 26 29 18 435 2
45.207 80.480 321.446 27 29 18 435 2
45.207 80.480 321.446 28 29 18 435 2
79.025 63.694 358.691 29 29 18 217 1
79.025 63.694 358.691 30 29 18 217 1
20.098 120.974 47.951 1 30 18 381 4
20.098 120.974 47.951 2 30 18 381 4
20.098 120.974 47.951 3 30 18 381 4
20.098 120.974 47.951 4 30 18 381 4
20.098 120.974 47.951 5 30 18 381 4
20.098 120.974 47.951 6 30 18 381 4
20.098 120.974 47.951 7 30 18 381 4
20.098 120.974 47.951 8 30 18 381 4
20.098 120.974 47.951 9 30 18 381 4
20.098 120.974 47.951 10 30 18 381 4
99.285 78.183 288.774 11 30 18 66 1
99.285 78.183 288.774 12 30 18 66 1
99.285 78.183 288.774 13 30 18 66 1
56.521 70.299 33.040 14 30 18 389 4
56.521 70.299 33.040 15 30 18 389 4
56.521 70.299 33.040 16 30 18 389 4
56.521 70.299 33.040 17 30 18 389 4
56.521 70.299 33.040 18 30 18 389 4
56.521 70.299 33.040 19 30 18 389 4
45.207 80.480 321.446 20 30 18 435 2
45.207 80.480 321.446 21 30 18 435 2
45.207 80.480 321.446 22 30 18 435 2
45.207 80.480 321.446 23 30 18 435 2
45.207 80.480 321.446 24 30 18 435 2
45.207 80.480 321.446 25 30 18 435 2
45.207 80.480 321.446 26 30 18 435 2
45.207 80.480 321.446 27 30 18 435 2
45.207 80.480 321.446 28 30 18 435 2
79.025 63.694 358.691 29 30 18 217 1
79.025 63.694 358.691 30 30 18 217 1
