137.499 45.234 88.387 1 1 5 328 2
137.499 45.234 88.387 2 1 5 328 2
137.499 45.234 88.387 3 1 5 328 2
137.499 45.234 88.387 4 1 5 328 2
320.164 63.032 329.240 5 1 5 379 3
320.164 63.032 329.240 6 1 5 379 3
320.164 63.032 329.240 7 1 5 379 3
320.164 63.032 329.240 8 1 5 379 3
320.164 63.032 329.240 9 1 5 379 3
320.164 63.032 329.240 10 1 5 379 3
320.164 63.032 329.240 11 1 5 379 3
320.164 63.032 329.240 12 1 5 379 3
320.164 63.032 329.240 13 1 5 379 3
320.164 63.032 329.240 14 1 5 379 3
320.164 63.032 329.240 15 1 5 379 3
320.164 63.032 329.240 16 1 5 379 3
320.164 63.032 329.240 17 1 5 379 3
320.164 63.032 329.240 18 1 5 379 3
320.164 63.032 329.240 19 1 5 379 3
320.164 63.032 329.240 20 1 5 379 3
320.164 63.032 329.240 21 1 5 379 3
320.164 63.032 329.240 22 1 5 379 3
320.164 63.032 329.240 23 1 5 379 3
320.164 63.032 329.240 24 1 5 379 3
320.164 63.032 329.240 25 1 5 379 3
320.164 63.032 329.240 26 1 5 379 3
320.164 63.032 329.240 27 1 5 379 3
320.164 63.032 329.240 28 1 5 379 3
104.066 92.919 353.998 29 1 5 67 1
104.066 92.919 353.998 30 1 5 67 1
137.499 45.234 88.387 1 2 5 328 2
137.499 45.234 88.387 2 2 5 328 2
137.499 45.234 88.387 3 2 5 328 2
137.499 45.234 88.387 4 2 5 328 2
320.164 63.032 329.240 5 2 5 379 3
320.164 63.032 329.240 6 2 5 379 3
320.164 63.032 329.240 7 2 5 379 3
320.164 63.032 329.240 8 2 5 379 3
320.164 63.032 329.240 9 2 5 379 3
320.164 63.032 329.240 10 2 5 379 3
320.164 63.032 329.240 11 2 5 379 3
320.164 63.032 329.240 12 2 5 379 3
320.164 63.032 329.240 13 2 5 379 3
320.164 63.032 329.240 14 2 5 379 3
320.164 63.032 329.240 15 2 5 379 3
320.164 63.032 329.240 16 2 5 379 3
320.164 63.032 329.240 17 2 5 379 3
320.164 63.032 329.240 18 2 5 379 3
320.164 63.032 329.240 19 2 5 379 3
320.164 63.032 329.240 20 2 5 379 3
320.164 63.032 329.240 21 2 5 379 3
320.164 63.032 329.240 22 2 5 379 3
320.164 63.032 329.240 23 2 5 379 3
320.164 63.032 329.240 24 2 5 379 3
320.164 63.032 329.240 25 2 5 379 3
320.164 63.032 329.240 26 2 5 379 3
320.164 63.032 329.240 27 2 5 379 3
104.066 92.919 353.998 28 2 5 67 1
104.066 92.919 353.998 29 2 5 67 1
104.066 92.919 353.998 30 2 5 67 1
137.499 45.234 88.387 1 3 5 328 2
137.499 45.234 88.387 2 3 5 328 2
137.499 45.234 88.387 3 3 5 328 2
137.499 45.234 88.387 4 3 5 328 2
320.164 63.032 329.240 5 3 5 379 3
320.164 63.032 329.240 6 3 5 379 3
320.164 63.032 329.240 7 3 5 379 3
320.164 63.032 329.240 8 3 5 379 3
320.164 63.032 329.240 9 3 5 379 3
320.164 63.032 329.240 10 3 5 379 3
320.164 63.032 329.240 11 3 5 379 3
320.164 63.032 329.240 12 3 5 379 3
320.164 63.032 329.240 13 3 5 379 3
320.164 63.032 329.240 14 3 5 379 3
320.164 63.032 329.240 15 3 5 379 3
320.164 63.032 329.240 16 3 5 379 3
320.164 63.032 329.240 17 3 5 379 3
320.164 63.032 329.240 18 3 5 379 3
320.164 63.032 329.240 19 3 5 379 3
320.164 63.032 329.240 20 3 5 379 3
320.164 63.032 329.240 21 3 5 379 3
320.164 63.032 329.240 22 3 5 379 3
320.164 63.032 329.240 23 3 5 379 3
320.164 63.032 329.240 24 3 5 379 3
320.164 63.032 329.240 25 3 5 379 3
110.569 145.974 104.178 26 3 5 108 1
320.164 63.032 329.240 27 3 5 379 3
104.066 92.919 353.998 28 3 5 67 1
104.066 92.919 353.998 29 3 5 67 1
69.702 59.692 0.942 30 3 5 75 1
137.499 45.234 88.387 1 4 5 328 2
137.499 45.234 88.387 2 4 5 328 2
137.499 45.234 88.387 3 4 5 328 2
137.499 45.234 88.387 4 4 5 328 2
320.164 63.032 329.240 5 4 5 379 3
320.164 63.032 329.240 6 4 5 379 3
320.164 63.032 329.240 7 4 5 379 3
320.164 63.032 329.240 8 4 5 379 3
320.164 63.032 329.240 9 4 5 379 3
320.164 63.032 329.240 10 4 5 379 3
320.164 63.032 329.240 11 4 5 379 3
320.164 63.032 329.240 12 4 5 379 3
320.164 63.032 329.240 13 4 5 379 3
320.164 63.032 329.240 14 4 5 379 3
320.164 63.032 329.240 15 4 5 379 3
320.164 63.032 329.240 16 4 5 379 3
320.164 63.032 329.240 17 4 5 379 3
320.164 63.032 329.240 18 4 5 379 3
320.164 63.032 329.240 19 4 5 379 3
320.164 63.032 329.240 20 4 5 379 3
320.164 63.032 329.240 21 4 5 379 3
320.164 63.032 329.240 22 4 5 379 3
320.164 63.032 329.240 23 4 5 379 3
320.164 63.032 329.240 24 4 5 379 3
320.164 63.032 329.240 25 4 5 379 3
110.569 145.974 104.178 26 4 5 108 1
134.758 133.394 211.918 27 4 5 278 1
69.702 59.692 0.942 28 4 5 75 1
69.702 59.692 0.942 29 4 5 75 1
69.702 59.692 0.942 30 4 5 75 1
137.499 45.234 88.387 1 5 5 328 2
137.499 45.234 88.387 2 5 5 328 2
137.499 45.234 88.387 3 5 5 328 2
320.164 63.032 329.240 4 5 5 379 3
320.164 63.032 329.240 5 5 5 379 3
320.164 63.032 329.240 6 5 5 379 3
320.164 63.032 329.240 7 5 5 379 3
320.164 63.032 329.240 8 5 5 379 3
320.164 63.032 329.240 9 5 5 379 3
320.164 63.032 329.240 10 5 5 379 3
320.164 63.032 329.240 11 5 5 379 3
320.164 63.032 329.240 12 5 5 379 3
320.164 63.032 329.240 13 5 5 379 3
320.164 63.032 329.240 14 5 5 379 3
320.164 63.032 329.240 15 5 5 379 3
320.164 63.032 329.240 16 5 5 379 3
320.164 63.032 329.240 17 5 5 379 3
320.164 63.032 329.240 18 5 5 379 3
320.164 63.032 329.240 19 5 5 379 3
320.164 63.032 329.240 20 5 5 379 3
320.164 63.032 329.240 21 5 5 379 3
320.164 63.032 329.240 22 5 5 379 3
320.164 63.032 329.240 23 5 5 379 3
320.164 63.032 329.240 24 5 5 379 3
320.164 63.032 329.240 25 5 5 379 3
110.569 145.974 104.178 26 5 5 108 1
110.569 145.974 104.178 27 5 5 108 1
69.702 59.692 0.942 28 5 5 75 1
69.702 59.692 0.942 29 5 5 75 1
210.280 128.833 333.506 30 5 5 174 1
137.499 45.234 88.387 1 6 5 328 2
137.499 45.234 88.387 2 6 5 328 2
320.164 63.032 329.240 3 6 5 379 3
320.164 63.032 329.240 4 6 5 379 3
320.164 63.032 329.240 5 6 5 379 3
320.164 63.032 329.240 6 6 5 379 3
320.164 63.032 329.240 7 6 5 379 3
320.164 63.032 329.240 8 6 5 379 3
320.164 63.032 329.240 9 6 5 379 3
320.164 63.032 329.240 10 6 5 379 3
320.164 63.032 329.240 11 6 5 379 3
320.164 63.032 329.240 12 6 5 379 3
320.164 63.032 329.240 13 6 5 379 3
320.164 63.032 329.240 14 6 5 379 3
320.164 63.032 329.240 15 6 5 379 3
320.164 63.032 329.240 16 6 5 379 3
320.164 63.032 329.240 17 6 5 379 3
320.164 63.032 329.240 18 6 5 379 3
320.164 63.032 329.240 19 6 5 379 3
320.164 63.032 329.240 20 6 5 379 3
320.164 63.032 329.240 21 6 5 379 3
320.164 63.032 329.240 22 6 5 379 3
320.164 63.032 329.240 23 6 5 379 3
122.788 77.785 158.734 24 6 5 348 2
122.788 77.785 158.734 25 6 5 348 2
110.569 145.974 104.178 26 6 5 108 1
110.569 145.974 104.178 27 6 5 108 1
69.702 59.692 0.942 28 6 5 75 1
124.249 57.553 224.074 29 6 5 163 1
210.280 128.833 333.506 30 6 5 174 1
320.164 63.032 329.240 1 7 5 379 3
320.164 63.032 329.240 2 7 5 379 3
320.164 63.032 329.240 3 7 5 379 3
320.164 63.032 329.240 4 7 5 379 3
320.164 63.032 329.240 5 7 5 379 3
320.164 63.032 329.240 6 7 5 379 3
320.164 63.032 329.240 7 7 5 379 3
320.164 63.032 329.240 8 7 5 379 3
320.164 63.032 329.240 9 7 5 379 3
320.164 63.032 329.240 10 7 5 379 3
320.164 63.032 329.240 11 7 5 379 3
320.164 63.032 329.240 12 7 5 379 3
320.164 63.032 329.240 13 7 5 379 3
320.164 63.032 329.240 14 7 5 379 3
320.164 63.032 329.240 15 7 5 379 3
320.164 63.032 329.240 16 7 5 379 3
320.164 63.032 329.240 17 7 5 379 3
320.164 63.032 329.240 18 7 5 379 3
320.164 63.032 329.240 19 7 5 379 3
320.164 63.032 329.240 20 7 5 379 3
320.164 63.032 329.240 21 7 5 379 3
320.164 63.032 329.240 22 7 5 379 3
122.788 77.785 158.734 23 7 5 348 2
122.788 77.785 158.734 24 7 5 348 2
122.788 77.785 158.734 25 7 5 348 2
110.047 111.708 59.211 26 7 5 336 2
110.047 111.708 59.211 27 7 5 336 2
124.249 57.553 224.074 28 7 5 163 1
124.249 57.553 224.074 29 7 5 163 1
124.249 57.553 224.074 30 7 5 163 1
320.164 63.032 329.240 1 8 5 379 3
320.164 63.032 329.240 2 8 5 379 3
320.164 63.032 329.240 3 8 5 379 3
320.164 63.032 329.240 4 8 5 379 3
320.164 63.032 329.240 5 8 5 379 3
320.164 63.032 329.240 6 8 5 379 3
320.164 63.032 329.240 7 8 5 379 3
320.164 63.032 329.240 8 8 5 379 3
320.164 63.032 329.240 9 8 5 379 3
320.164 63.032 329.240 10 8 5 379 3
320.164 63.032 329.240 11 8 5 379 3
320.164 63.032 329.240 12 8 5 379 3
320.164 63.032 329.240 13 8 5 379 3
320.164 63.032 329.240 14 8 5 379 3
320.164 63.032 329.240 15 8 5 379 3
320.164 63.032 329.240 16 8 5 379 3
320.164 63.032 329.240 17 8 5 379 3
320.164 63.032 329.240 18 8 5 379 3
320.164 63.032 329.240 19 8 5 379 3
320.164 63.032 329.240 20 8 5 379 3
320.164 63.032 329.240 21 8 5 379 3
320.164 63.032 329.240 22 8 5 379 3
122.788 77.785 158.734 23 8 5 348 2
122.788 77.785 158.734 24 8 5 348 2
110.047 111.708 59.211 25 8 5 336 2
110.047 111.708 59.211 26 8 5 336 2
110.047 111.708 59.211 27 8 5 336 2
195.662 58.666 51.460 28 8 5 367 2
124.249 57.553 224.074 29 8 5 163 1
124.249 57.553 224.074 30 8 5 163 1
320.164 63.032 329.240 1 9 5 379 3
320.164 63.032 329.240 2 9 5 379 3
320.164 63.032 329.240 3 9 5 379 3
320.164 63.032 329.240 4 9 5 379 3
320.164 63.032 329.240 5 9 5 379 3
320.164 63.032 329.240 6 9 5 379 3
320.164 63.032 329.240 7 9 5 379 3
320.164 63.032 329.240 8 9 5 379 3
320.164 63.032 329.240 9 9 5 379 3
320.164 63.032 329.240 10 9 5 379 3
320.164 63.032 329.240 11 9 5 379 3
320.164 63.032 329.240 12 9 5 379 3
320.164 63.032 329.240 13 9 5 379 3
320.164 63.032 329.240 14 9 5 379 3
320.164 63.032 329.240 15 9 5 379 3
320.164 63.032 329.240 16 9 5 379 3
320.164 63.032 329.240 17 9 5 379 3
320.164 63.032 329.240 18 9 5 379 3
320.164 63.032 329.240 19 9 5 379 3
320.164 63.032 329.240 20 9 5 379 3
320.164 63.032 329.240 21 9 5 379 3
320.164 63.032 329.240 22 9 5 379 3
257.989 176.215 341.495 23 9 5 17 1
122.788 77.785 158.734 24 9 5 348 2
110.047 111.708 59.211 25 9 5 336 2
110.047 111.708 59.211 26 9 5 336 2
110.047 111.708 59.211 27 9 5 336 2
195.662 58.666 51.460 28 9 5 367 2
124.249 57.553 224.074 29 9 5 163 1
124.249 57.553 224.074 30 9 5 163 1
320.164 63.032 329.240 1 10 5 379 3
320.164 63.032 329.240 2 10 5 379 3
320.164 63.032 329.240 3 10 5 379 3
320.164 63.032 329.240 4 10 5 379 3
320.164 63.032 329.240 5 10 5 379 3
320.164 63.032 329.240 6 10 5 379 3
320.164 63.032 329.240 7 10 5 379 3
320.164 63.032 329.240 8 10 5 379 3
320.164 63.032 329.240 9 10 5 379 3
320.164 63.032 329.240 10 10 5 379 3
320.164 63.032 329.240 11 10 5 379 3
320.164 63.032 329.240 12 10 5 379 3
320.164 63.032 329.240 13 10 5 379 3
320.164 63.032 329.240 14 10 5 379 3
320.164 63.032 329.240 15 10 5 379 3
320.164 63.032 329.240 16 10 5 379 3
320.164 63.032 329.240 17 10 5 379 3
320.164 63.032 329.240 18 10 5 379 3
320.164 63.032 329.240 19 10 5 379 3
320.164 63.032 329.240 20 10 5 379 3
257.989 176.215 341.495 21 10 5 17 1
257.989 176.215 341.495 22 10 5 17 1
257.989 176.215 341.495 23 10 5 17 1
257.989 176.215 341.495 24 10 5 17 1
110.047 111.708 59.211 25 10 5 336 2
110.047 111.708 59.211 26 10 5 336 2
110.047 111.708 59.211 27 10 5 336 2
301.609 54.372 219.659 28 10 5 280 1
301.609 54.372 219.659 29 10 5 280 1
153.944 34.055 289.522 30 10 5 411 1
320.164 63.032 329.240 1 11 5 379 3
320.164 63.032 329.240 2 11 5 379 3
320.164 63.032 329.240 3 11 5 379 3
320.164 63.032 329.240 4 11 5 379 3
320.164 63.032 329.240 5 11 5 379 3
320.164 63.032 329.240 6 11 5 379 3
320.164 63.032 329.240 7 11 5 379 3
320.164 63.032 329.240 8 11 5 379 3
320.164 63.032 329.240 9 11 5 379 3
320.164 63.032 329.240 10 11 5 379 3
320.164 63.032 329.240 11 11 5 379 3
320.164 63.032 329.240 12 11 5 379 3
320.164 63.032 329.240 13 11 5 379 3
320.164 63.032 329.240 14 11 5 379 3
320.164 63.032 329.240 15 11 5 379 3
320.164 63.032 329.240 16 11 5 379 3
320.164 63.032 329.240 17 11 5 379 3
320.164 63.032 329.240 18 11 5 379 3
320.164 63.032 329.240 19 11 5 379 3
320.164 63.032 329.240 20 11 5 379 3
144.010 133.231 106.310 21 11 5 327 2
257.989 176.215 341.495 22 11 5 17 1
257.989 176.215 341.495 23 11 5 17 1
257.989 176.215 341.495 24 11 5 17 1
110.047 111.708 59.211 25 11 5 336 2
110.047 111.708 59.211 26 11 5 336 2
110.047 111.708 59.211 27 11 5 336 2
301.609 54.372 219.659 28 11 5 280 1
301.609 54.372 219.659 29 11 5 280 1
190.279 36.071 144.345 30 11 5 292 1
320.164 63.032 329.240 1 12 5 379 3
320.164 63.032 329.240 2 12 5 379 3
320.164 63.032 329.240 3 12 5 379 3
320.164 63.032 329.240 4 12 5 379 3
320.164 63.032 329.240 5 12 5 379 3
320.164 63.032 329.240 6 12 5 379 3
320.164 63.032 329.240 7 12 5 379 3
320.164 63.032 329.240 8 12 5 379 3
320.164 63.032 329.240 9 12 5 379 3
320.164 63.032 329.240 10 12 5 379 3
320.164 63.032 329.240 11 12 5 379 3
320.164 63.032 329.240 12 12 5 379 3
320.164 63.032 329.240 13 12 5 379 3
320.164 63.032 329.240 14 12 5 379 3
320.164 63.032 329.240 15 12 5 379 3
320.164 63.032 329.240 16 12 5 379 3
123.903 36.002 288.205 17 12 5 374 2
123.903 36.002 288.205 18 12 5 374 2
326.934 26.777 123.434 19 12 5 416 1
326.934 26.777 123.434 20 12 5 416 1
144.010 133.231 106.310 21 12 5 327 2
144.010 133.231 106.310 22 12 5 327 2
144.010 133.231 106.310 23 12 5 327 2
144.010 133.231 106.310 24 12 5 327 2
110.047 111.708 59.211 25 12 5 336 2
110.047 111.708 59.211 26 12 5 336 2
301.609 54.372 219.659 27 12 5 280 1
301.609 54.372 219.659 28 12 5 280 1
190.279 36.071 144.345 29 12 5 292 1
190.279 36.071 144.345 30 12 5 292 1
320.164 63.032 329.240 1 13 5 379 3
320.164 63.032 329.240 2 13 5 379 3
320.164 63.032 329.240 3 13 5 379 3
320.164 63.032 329.240 4 13 5 379 3
320.164 63.032 329.240 5 13 5 379 3
320.164 63.032 329.240 6 13 5 379 3
320.164 63.032 329.240 7 13 5 379 3
320.164 63.032 329.240 8 13 5 379 3
320.164 63.032 329.240 9 13 5 379 3
320.164 63.032 329.240 10 13 5 379 3
320.164 63.032 329.240 11 13 5 379 3
320.164 63.032 329.240 12 13 5 379 3
320.164 63.032 329.240 13 13 5 379 3
320.164 63.032 329.240 14 13 5 379 3
320.164 63.032 329.240 15 13 5 379 3
320.164 63.032 329.240 16 13 5 379 3
123.903 36.002 288.205 17 13 5 374 2
123.903 36.002 288.205 18 13 5 374 2
123.903 36.002 288.205 19 13 5 374 2
123.903 36.002 288.205 20 13 5 374 2
144.010 133.231 106.310 21 13 5 327 2
144.010 133.231 106.310 22 13 5 327 2
144.010 133.231 106.310 23 13 5 327 2
144.010 133.231 106.310 24 13 5 327 2
308.006 65.709 3.261 25 13 5 198 1
301.609 54.372 219.659 26 13 5 280 1
301.609 54.372 219.659 27 13 5 280 1
301.609 54.372 219.659 28 13 5 280 1
190.279 36.071 144.345 29 13 5 292 1
190.279 36.071 144.345 30 13 5 292 1
320.164 63.032 329.240 1 14 5 379 3
320.164 63.032 329.240 2 14 5 379 3
320.164 63.032 329.240 3 14 5 379 3
320.164 63.032 329.240 4 14 5 379 3
320.164 63.032 329.240 5 14 5 379 3
320.164 63.032 329.240 6 14 5 379 3
320.164 63.032 329.240 7 14 5 379 3
320.164 63.032 329.240 8 14 5 379 3
320.164 63.032 329.240 9 14 5 379 3
320.164 63.032 329.240 10 14 5 379 3
320.164 63.032 329.240 11 14 5 379 3
320.164 63.032 329.240 12 14 5 379 3
320.164 63.032 329.240 13 14 5 379 3
320.164 63.032 329.240 14 14 5 379 3
351.596 105.711 233.925 15 14 5 377 2
351.596 105.711 233.925 16 14 5 377 2
207.398 27.357 103.593 17 14 5 177 1
53.499 151.993 275.265 18 14 5 357 2
123.903 36.002 288.205 19 14 5 374 2
123.903 36.002 288.205 20 14 5 374 2
312.558 78.930 253.781 21 14 5 324 2
226.913 132.018 281.805 22 14 5 181 1
144.010 133.231 106.310 23 14 5 327 2
144.010 133.231 106.310 24 14 5 327 2
308.006 65.709 3.261 25 14 5 198 1
301.609 54.372 219.659 26 14 5 280 1
280.565 85.027 12.726 27 14 5 362 2
190.279 36.071 144.345 28 14 5 292 1
190.279 36.071 144.345 29 14 5 292 1
190.279 36.071 144.345 30 14 5 292 1
320.164 63.032 329.240 1 15 5 379 3
320.164 63.032 329.240 2 15 5 379 3
320.164 63.032 329.240 3 15 5 379 3
320.164 63.032 329.240 4 15 5 379 3
320.164 63.032 329.240 5 15 5 379 3
320.164 63.032 329.240 6 15 5 379 3
320.164 63.032 329.240 7 15 5 379 3
320.164 63.032 329.240 8 15 5 379 3
320.164 63.032 329.240 9 15 5 379 3
320.164 63.032 329.240 10 15 5 379 3
320.164 63.032 329.240 11 15 5 379 3
320.164 63.032 329.240 12 15 5 379 3
320.164 63.032 329.240 13 15 5 379 3
320.164 63.032 329.240 14 15 5 379 3
351.596 105.711 233.925 15 15 5 377 2
351.596 105.711 233.925 16 15 5 377 2
139.451 91.665 105.844 17 15 5 275 1
139.451 91.665 105.844 18 15 5 275 1
139.451 91.665 105.844 19 15 5 275 1
312.558 78.930 253.781 20 15 5 324 2
312.558 78.930 253.781 21 15 5 324 2
312.558 78.930 253.781 22 15 5 324 2
136.535 102.954 77.485 23 15 5 81 1
136.535 102.954 77.485 24 15 5 81 1
28.559 98.703 237.486 25 15 5 323 2
251.197 89.396 300.478 26 15 5 433 2
280.565 85.027 12.726 27 15 5 362 2
280.565 85.027 12.726 28 15 5 362 2
190.279 36.071 144.345 29 15 5 292 1
190.279 36.071 144.345 30 15 5 292 1
320.164 63.032 329.240 1 16 5 379 3
320.164 63.032 329.240 2 16 5 379 3
320.164 63.032 329.240 3 16 5 379 3
320.164 63.032 329.240 4 16 5 379 3
320.164 63.032 329.240 5 16 5 379 3
320.164 63.032 329.240 6 16 5 379 3
320.164 63.032 329.240 7 16 5 379 3
287.027 24.941 348.276 8 16 5 391 4
287.027 24.941 348.276 9 16 5 391 4
287.027 24.941 348.276 10 16 5 391 4
287.027 24.941 348.276 11 16 5 391 4
287.027 24.941 348.276 12 16 5 391 4
287.027 24.941 348.276 13 16 5 391 4
351.596 105.711 233.925 14 16 5 377 2
351.596 105.711 233.925 15 16 5 377 2
351.596 105.711 233.925 16 16 5 377 2
139.451 91.665 105.844 17 16 5 275 1
139.451 91.665 105.844 18 16 5 275 1
139.451 91.665 105.844 19 16 5 275 1
312.558 78.930 253.781 20 16 5 324 2
312.558 78.930 253.781 21 16 5 324 2
312.558 78.930 253.781 22 16 5 324 2
136.535 102.954 77.485 23 16 5 81 1
136.535 102.954 77.485 24 16 5 81 1
28.559 98.703 237.486 25 16 5 323 2
251.197 89.396 300.478 26 16 5 433 2
251.197 89.396 300.478 27 16 5 433 2
274.788 71.078 269.738 28 16 5 70 1
280.565 85.027 12.726 29 16 5 362 2
280.565 85.027 12.726 30 16 5 362 2
320.164 63.032 329.240 1 17 5 379 3
320.164 63.032 329.240 2 17 5 379 3
320.164 63.032 329.240 3 17 5 379 3
320.164 63.032 329.240 4 17 5 379 3
301.534 125.075 143.717 5 17 5 173 1
320.164 63.032 329.240 6 17 5 379 3
287.027 24.941 348.276 7 17 5 391 4
287.027 24.941 348.276 8 17 5 391 4
287.027 24.941 348.276 9 17 5 391 4
287.027 24.941 348.276 10 17 5 391 4
287.027 24.941 348.276 11 17 5 391 4
287.027 24.941 348.276 12 17 5 391 4
287.027 24.941 348.276 13 17 5 391 4
287.027 24.941 348.276 14 17 5 391 4
194.253 51.371 75.087 15 17 5 386 4
194.253 51.371 75.087 16 17 5 386 4
194.253 51.371 75.087 17 17 5 386 4
194.253 51.371 75.087 18 17 5 386 4
194.253 51.371 75.087 19 17 5 386 4
194.253 51.371 75.087 20 17 5 386 4
194.253 51.371 75.087 21 17 5 386 4
136.535 102.954 77.485 22 17 5 81 1
136.535 102.954 77.485 23 17 5 81 1
146.682 13.728 123.741 24 17 5 333 2
28.559 98.703 237.486 25 17 5 323 2
251.197 89.396 300.478 26 17 5 433 2
280.565 85.027 12.726 27 17 5 362 2
280.565 85.027 12.726 28 17 5 362 2
280.565 85.027 12.726 29 17 5 362 2
280.565 85.027 12.726 30 17 5 362 2
320.164 63.032 329.240 1 18 5 379 3
320.164 63.032 329.240 2 18 5 379 3
320.164 63.032 329.240 3 18 5 379 3
320.164 63.032 329.240 4 18 5 379 3
320.164 63.032 329.240 5 18 5 379 3
287.027 24.941 348.276 6 18 5 391 4
287.027 24.941 348.276 7 18 5 391 4
287.027 24.941 348.276 8 18 5 391 4
287.027 24.941 348.276 9 18 5 391 4
287.027 24.941 348.276 10 18 5 391 4
287.027 24.941 348.276 11 18 5 391 4
287.027 24.941 348.276 12 18 5 391 4
287.027 24.941 348.276 13 18 5 391 4
287.027 24.941 348.276 14 18 5 391 4
194.253 51.371 75.087 15 18 5 386 4
194.253 51.371 75.087 16 18 5 386 4
194.253 51.371 75.087 17 18 5 386 4
194.253 51.371 75.087 18 18 5 386 4
194.253 51.371 75.087 19 18 5 386 4
194.253 51.371 75.087 20 18 5 386 4
194.253 51.371 75.087 21 18 5 386 4
146.682 13.728 123.741 22 18 5 333 2
146.682 13.728 123.741 23 18 5 333 2
146.682 13.728 123.741 24 18 5 333 2
146.682 13.728 123.741 25 18 5 333 2
146.682 13.728 123.741 26 18 5 333 2
146.682 13.728 123.741 27 18 5 333 2
121.726 52.496 148.763 28 18 5 366 2
280.565 85.027 12.726 29 18 5 362 2
280.565 85.027 12.726 30 18 5 362 2
347.314 175.925 214.970 1 19 5 233 1
347.314 175.925 214.970 2 19 5 233 1
347.314 175.925 214.970 3 19 5 233 1
320.164 63.032 329.240 4 19 5 379 3
320.164 63.032 329.240 5 19 5 379 3
287.027 24.941 348.276 6 19 5 391 4
287.027 24.941 348.276 7 19 5 391 4
287.027 24.941 348.276 8 19 5 391 4
287.027 24.941 348.276 9 19 5 391 4
287.027 24.941 348.276 10 19 5 391 4
287.027 24.941 348.276 11 19 5 391 4
287.027 24.941 348.276 12 19 5 391 4
287.027 24.941 348.276 13 19 5 391 4
287.027 24.941 348.276 14 19 5 391 4
287.027 24.941 348.276 15 19 5 391 4
194.253 51.371 75.087 16 19 5 386 4
194.253 51.371 75.087 17 19 5 386 4
194.253 51.371 75.087 18 19 5 386 4
194.253 51.371 75.087 19 19 5 386 4
194.253 51.371 75.087 20 19 5 386 4
194.253 51.371 75.087 21 19 5 386 4
146.682 13.728 123.741 22 19 5 333 2
146.682 13.728 123.741 23 19 5 333 2
146.682 13.728 123.741 24 19 5 333 2
146.682 13.728 123.741 25 19 5 333 2
146.682 13.728 123.741 26 19 5 333 2
146.682 13.728 123.741 27 19 5 333 2
146.682 13.728 123.741 28 19 5 333 2
280.565 85.027 12.726 29 19 5 362 2
311.371 72.815 85.686 30 19 5 392 4
119.751 54.075 53.964 1 20 5 365 2
347.314 175.925 214.970 2 20 5 233 1
347.314 175.925 214.970 3 20 5 233 1
20.098 120.974 47.951 4 20 5 381 4
287.027 24.941 348.276 5 20 5 391 4
287.027 24.941 348.276 6 20 5 391 4
287.027 24.941 348.276 7 20 5 391 4
287.027 24.941 348.276 8 20 5 391 4
287.027 24.941 348.276 9 20 5 391 4
287.027 24.941 348.276 10 20 5 391 4
287.027 24.941 348.276 11 20 5 391 4
287.027 24.941 348.276 12 20 5 391 4
215.959 119.056 315.985 13 20 5 40 1
287.027 24.941 348.276 14 20 5 391 4
287.027 24.941 348.276 15 20 5 391 4
287.027 24.941 348.276 16 20 5 391 4
194.253 51.371 75.087 17 20 5 386 4
194.253 51.371 75.087 18 20 5 386 4
194.253 51.371 75.087 19 20 5 386 4
194.253 51.371 75.087 20 20 5 386 4
146.682 13.728 123.741 21 20 5 333 2
146.682 13.728 123.741 22 20 5 333 2
146.682 13.728 123.741 23 20 5 333 2
146.682 13.728 123.741 24 20 5 333 2
146.682 13.728 123.741 25 20 5 333 2
146.682 13.728 123.741 26 20 5 333 2
146.682 13.728 123.741 27 20 5 333 2
146.682 13.728 123.741 28 20 5 333 2
247.695 45.142 195.213 29 20 5 184 1
311.371 72.815 85.686 30 20 5 392 4
119.751 54.075 53.964 1 21 5 365 2
20.098 120.974 47.951 2 21 5 381 4
20.098 120.974 47.951 3 21 5 381 4
20.098 120.974 47.951 4 21 5 381 4
20.098 120.974 47.951 5 21 5 381 4
287.027 24.941 348.276 6 21 5 391 4
287.027 24.941 348.276 7 21 5 391 4
287.027 24.941 348.276 8 21 5 391 4
287.027 24.941 348.276 9 21 5 391 4
287.027 24.941 348.276 10 21 5 391 4
287.027 24.941 348.276 11 21 5 391 4
287.027 24.941 348.276 12 21 5 391 4
287.027 24.941 348.276 13 21 5 391 4
287.027 24.941 348.276 14 21 5 391 4
287.027 24.941 348.276 15 21 5 391 4
287.027 24.941 348.276 16 21 5 391 4
287.027 24.941 348.276 17 21 5 391 4
194.253 51.371 75.087 18 21 5 386 4
194.253 51.371 75.087 19 21 5 386 4
194.253 51.371 75.087 20 21 5 386 4
146.682 13.728 123.741 21 21 5 333 2
146.682 13.728 123.741 22 21 5 333 2
146.682 13.728 123.741 23 21 5 333 2
146.682 13.728 123.741 24 21 5 333 2
146.682 13.728 123.741 25 21 5 333 2
146.682 13.728 123.741 26 21 5 333 2
146.682 13.728 123.741 27 21 5 333 2
278.249 111.731 164.578 28 21 5 209 1
247.695 45.142 195.213 29 21 5 184 1
311.371 72.815 85.686 30 21 5 392 4
20.098 120.974 47.951 1 22 5 381 4
20.098 120.974 47.951 2 22 5 381 4
20.098 120.974 47.951 3 22 5 381 4
20.098 120.974 47.951 4 22 5 381 4
20.098 120.974 47.951 5 22 5 381 4
20.098 120.974 47.951 6 22 5 381 4
287.027 24.941 348.276 7 22 5 391 4
287.027 24.941 348.276 8 22 5 391 4
287.027 24.941 348.276 9 22 5 391 4
287.027 24.941 348.276 10 22 5 391 4
287.027 24.941 348.276 11 22 5 391 4
287.027 24.941 348.276 12 22 5 391 4
287.027 24.941 348.276 13 22 5 391 4
287.027 24.941 348.276 14 22 5 391 4
287.027 24.941 348.276 15 22 5 391 4
287.027 24.941 348.276 16 22 5 391 4
287.027 24.941 348.276 17 22 5 391 4
287.027 24.941 348.276 18 22 5 391 4
146.682 13.728 123.741 19 22 5 333 2
146.682 13.728 123.741 20 22 5 333 2
146.682 13.728 123.741 21 22 5 333 2
146.682 13.728 123.741 22 22 5 333 2
146.682 13.728 123.741 23 22 5 333 2
146.682 13.728 123.741 24 22 5 333 2
146.682 13.728 123.741 25 22 5 333 2
146.682 13.728 123.741 26 22 5 333 2
146.682 13.728 123.741 27 22 5 333 2
278.249 111.731 164.578 28 22 5 209 1
278.249 111.731 164.578 29 22 5 209 1
311.371 72.815 85.686 30 22 5 392 4
20.098 120.974 47.951 1 23 5 381 4
345.518 70.749 90.528 2 23 5 47 1
20.098 120.974 47.951 3 23 5 381 4
20.098 120.974 47.951 4 23 5 381 4
20.098 120.974 47.951 5 23 5 381 4
20.098 120.974 47.951 6 23 5 381 4
20.098 120.974 47.951 7 23 5 381 4
287.027 24.941 348.276 8 23 5 391 4
287.027 24.941 348.276 9 23 5 391 4
287.027 24.941 348.276 10 23 5 391 4
287.027 24.941 348.276 11 23 5 391 4
287.027 24.941 348.276 12 23 5 391 4
287.027 24.941 348.276 13 23 5 391 4
287.027 24.941 348.276 14 23 5 391 4
287.027 24.941 348.276 15 23 5 391 4
287.027 24.941 348.276 16 23 5 391 4
287.027 24.941 348.276 17 23 5 391 4
287.027 24.941 348.276 18 23 5 391 4
146.682 13.728 123.741 19 23 5 333 2
146.682 13.728 123.741 20 23 5 333 2
146.682 13.728 123.741 21 23 5 333 2
146.682 13.728 123.741 22 23 5 333 2
146.682 13.728 123.741 23 23 5 333 2
146.682 13.728 123.741 24 23 5 333 2
146.682 13.728 123.741 25 23 5 333 2
146.682 13.728 123.741 26 23 5 333 2
146.682 13.728 123.741 27 23 5 333 2
311.371 72.815 85.686 28 23 5 392 4
311.371 72.815 85.686 29 23 5 392 4
311.371 72.815 85.686 30 23 5 392 4
20.098 120.974 47.951 1 24 5 381 4
20.098 120.974 47.951 2 24 5 381 4
20.098 120.974 47.951 3 24 5 381 4
20.098 120.974 47.951 4 24 5 381 4
20.098 120.974 47.951 5 24 5 381 4
20.098 120.974 47.951 6 24 5 381 4
20.098 120.974 47.951 7 24 5 381 4
287.027 24.941 348.276 8 24 5 391 4
287.027 24.941 348.276 9 24 5 391 4
287.027 24.941 348.276 10 24 5 391 4
287.027 24.941 348.276 11 24 5 391 4
287.027 24.941 348.276 12 24 5 391 4
287.027 24.941 348.276 13 24 5 391 4
287.027 24.941 348.276 14 24 5 391 4
287.027 24.941 348.276 15 24 5 391 4
287.027 24.941 348.276 16 24 5 391 4
287.027 24.941 348.276 17 24 5 391 4
287.027 24.941 348.276 18 24 5 391 4
287.027 24.941 348.276 19 24 5 391 4
146.682 13.728 123.741 20 24 5 333 2
146.682 13.728 123.741 21 24 5 333 2
146.682 13.728 123.741 22 24 5 333 2
146.682 13.728 123.741 23 24 5 333 2
146.682 13.728 123.741 24 24 5 333 2
146.682 13.728 123.741 25 24 5 333 2
146.682 13.728 123.741 26 24 5 333 2
146.682 13.728 123.741 27 24 5 333 2
146.682 13.728 123.741 28 24 5 333 2
311.371 72.815 85.686 29 24 5 392 4
311.371 72.815 85.686 30 24 5 392 4
20.098 120.974 47.951 1 25 5 381 4
20.098 120.974 47.951 2 25 5 381 4
20.098 120.974 47.951 3 25 5 381 4
20.098 120.974 47.951 4 25 5 381 4
20.098 120.974 47.951 5 25 5 381 4
20.098 120.974 47.951 6 25 5 381 4
20.098 120.974 47.951 7 25 5 381 4
20.098 120.974 47.951 8 25 5 381 4
287.027 24.941 348.276 9 25 5 391 4
287.027 24.941 348.276 10 25 5 391 4
287.027 24.941 348.276 11 25 5 391 4
287.027 24.941 348.276 12 25 5 391 4
287.027 24.941 348.276 13 25 5 391 4
287.027 24.941 348.276 14 25 5 391 4
287.027 24.941 348.276 15 25 5 391 4
287.027 24.941 348.276 16 25 5 391 4
287.027 24.941 348.276 17 25 5 391 4
287.027 24.941 348.276 18 25 5 391 4
287.027 24.941 348.276 19 25 5 391 4
146.682 13.728 123.741 20 25 5 333 2
146.682 13.728 123.741 21 25 5 333 2
146.682 13.728 123.741 22 25 5 333 2
146.682 13.728 123.741 23 25 5 333 2
146.682 13.728 123.741 24 25 5 333 2
146.682 13.728 123.741 25 25 5 333 2
146.682 13.728 123.741 26 25 5 333 2
146.682 13.728 123.741 27 25 5 333 2
146.682 13.728 123.741 28 25 5 333 2
347.929 154.870 212.681 29 25 5 265 1
311.371 72.815 85.686 30 25 5 392 4
20.098 120.974 47.951 1 26 5 381 4
20.098 120.974 47.951 2 26 5 381 4
20.098 120.974 47.951 3 26 5 381 4
20.098 120.974 47.951 4 26 5 381 4
20.098 120.974 47.951 5 26 5 381 4
20.098 120.974 47.951 6 26 5 381 4
20.098 120.974 47.951 7 26 5 381 4
20.098 120.974 47.951 8 26 5 381 4
287.027 24.941 348.276 9 26 5 391 4
287.027 24.941 348.276 10 26 5 391 4
287.027 24.941 348.276 11 26 5 391 4
287.027 24.941 348.276 12 26 5 391 4
287.027 24.941 348.276 13 26 5 391 4
287.027 24.941 348.276 14 26 5 391 4
287.027 24.941 348.276 15 26 5 391 4
325.367 117.429 313.192 16 26 5 55 1
325.367 117.429 313.192 17 26 5 55 1
287.027 24.941 348.276 18 26 5 391 4
287.027 24.941 348.276 19 26 5 391 4
146.682 13.728 123.741 20 26 5 333 2
146.682 13.728 123.741 21 26 5 333 2
146.682 13.728 123.741 22 26 5 333 2
146.682 13.728 123.741 23 26 5 333 2
146.682 13.728 123.741 24 26 5 333 2
146.682 13.728 123.741 25 26 5 333 2
146.682 13.728 123.741 26 26 5 333 2
146.682 13.728 123.741 27 26 5 333 2
347.929 154.870 212.681 28 26 5 265 1
347.929 154.870 212.681 29 26 5 265 1
347.929 154.870 212.681 30 26 5 265 1
20.098 120.974 47.951 1 27 5 381 4
20.098 120.974 47.951 2 27 5 381 4
20.098 120.974 47.951 3 27 5 381 4
20.098 120.974 47.951 4 27 5 381 4
20.098 120.974 47.951 5 27 5 381 4
20.098 120.974 47.951 6 27 5 381 4
20.098 120.974 47.951 7 27 5 381 4
20.098 120.974 47.951 8 27 5 381 4
287.027 24.941 348.276 9 27 5 391 4
287.027 24.941 348.276 10 27 5 391 4
287.027 24.941 348.276 11 27 5 391 4
287.027 24.941 348.276 12 27 5 391 4
287.027 24.941 348.276 13 27 5 391 4
287.027 24.941 348.276 14 27 5 391 4
287.027 24.941 348.276 15 27 5 391 4
287.027 24.941 348.276 16 27 5 391 4
287.027 24.941 348.276 17 27 5 391 4
261.387 160.791 147.625 18 27 5 345 2
261.387 160.791 147.625 19 27 5 345 2
146.682 13.728 123.741 20 27 5 333 2
146.682 13.728 123.741 21 27 5 333 2
146.682 13.728 123.741 22 27 5 333 2
146.682 13.728 123.741 23 27 5 333 2
146.682 13.728 123.741 24 27 5 333 2
146.682 13.728 123.741 25 27 5 333 2
146.682 13.728 123.741 26 27 5 333 2
146.682 13.728 123.741 27 27 5 333 2
347.929 154.870 212.681 28 27 5 265 1
347.929 154.870 212.681 29 27 5 265 1
347.929 154.870 212.681 30 27 5 265 1
20.098 120.974 47.951 1 28 5 381 4
20.098 120.974 47.951 2 28 5 381 4
20.098 120.974 47.951 3 28 5 381 4
20.098 120.974 47.951 4 28 5 381 4
20.098 120.974 47.951 5 28 5 381 4
20.098 120.974 47.951 6 28 5 381 4
20.098 120.974 47.951 7 28 5 381 4
20.098 120.974 47.951 8 28 5 381 4
20.098 120.974 47.951 9 28 5 381 4
261.909 131.502 342.983 10 28 5 227 1
287.027 24.941 348.276 11 28 5 391 4
287.027 24.941 348.276 12 28 5 391 4
287.027 24.941 348.276 13 28 5 391 4
287.027 24.941 348.276 14 28 5 391 4
287.027 24.941 348.276 15 28 5 391 4
287.027 24.941 348.276 16 28 5 391 4
287.027 24.941 348.276 17 28 5 391 4
261.387 160.791 147.625 18 28 5 345 2
261.387 160.791 147.625 19 28 5 345 2
146.682 13.728 123.741 20 28 5 333 2
146.682 13.728 123.741 21 28 5 333 2
146.682 13.728 123.741 22 28 5 333 2
146.682 13.728 123.741 23 28 5 333 2
146.682 13.728 123.741 24 28 5 333 2
146.682 13.728 123.741 25 28 5 333 2
146.682 13.728 123.741 26 28 5 333 2
146.682 13.728 123.741 27 28 5 333 2
347.929 154.870 212.681 28 28 5 265 1
347.929 154.870 212.681 29 28 5 265 1
347.929 154.870 212.681 30 28 5 265 1
20.098 120.974 47.951 1 29 5 381 4
20.098 120.974 47.951 2 29 5 381 4
20.098 120.974 47.951 3 29 5 381 4
20.098 120.974 47.951 4 29 5 381 4
20.098 120.974 47.951 5 29 5 381 4
20.098 120.974 47.951 6 29 5 381 4
20.098 120.974 47.951 7 29 5 381 4
20.098 120.974 47.951 8 29 5 381 4
20.098 120.974 47.951 9 29 5 381 4
261.909 131.502 342.983 10 29 5 227 1
287.027 24.941 348.276 11 29 5 391 4
287.027 24.941 348.276 12 29 5 391 4
287.027 24.941 348.276 13 29 5 391 4
287.027 24.941 348.276 14 29 5 391 4
287.027 24.941 348.276 15 29 5 391 4
287.027 24.941 348.276 16 29 5 391 4
287.027 24.941 348.276 17 29 5 391 4
261.387 160.791 147.625 18 29 5 345 2
261.387 160.791 147.625 19 29 5 345 2
146.682 13.728 123.741 20 29 5 333 2
146.682 13.728 123.741 21 29 5 333 2
146.682 13.728 123.741 22 29 5 333 2
146.682 13.728 123.741 23 29 5 333 2
146.682 13.728 123.741 24 29 5 333 2
146.682 13.728 123.741 25 29 5 333 2
146.682 13.728 123.741 26 29 5 333 2
146.682 13.728 123.741 27 29 5 333 2
347.929 154.870 212.681 28 29 5 265 1
347.929 154.870 212.681 29 29 5 265 1
347.929 154.870 212.681 30 29 5 265 1
20.098 120.974 47.951 1 30 5 381 4
20.098 120.974 47.951 2 30 5 381 4
20.098 120.974 47.951 3 30 5 381 4
20.098 120.974 47.951 4 30 5 381 4
20.098 120.974 47.951 5 30 5 381 4
20.098 120.974 47.951 6 30 5 381 4
20.098 120.974 47.951 7 30 5 381 4
20.098 120.974 47.951 8 30 5 381 4
20.098 120.974 47.951 9 30 5 381 4
1.837 53.652 224.517 10 30 5 249 1
208.521 83.845 154.072 11 30 5 363 2
208.521 83.845 154.072 12 30 5 363 2
208.521 83.845 154.072 13 30 5 363 2
287.027 24.941 348.276 14 30 5 391 4
287.027 24.941 348.276 15 30 5 391 4
287.027 24.941 348.276 16 30 5 391 4
287.027 24.941 348.276 17 30 5 391 4
287.027 24.941 348.276 18 30 5 391 4
146.682 13.728 123.741 19 30 5 333 2
146.682 13.728 123.741 20 30 5 333 2
146.682 13.728 123.741 21 30 5 333 2
146.682 13.728 123.741 22 30 5 333 2
146.682 13.728 123.741 23 30 5 333 2
146.682 13.728 123.741 24 30 5 333 2
146.682 13.728 123.741 25 30 5 333 2
146.682 13.728 123.741 26 30 5 333 2
146.682 13.728 123.741 27 30 5 333 2
347.929 154.870 212.681 28 30 5 265 1
347.929 154.870 212.681 29 30 5 265 1
347.929 154.870 212.681 30 30 5 265 1
