240.413 46.563 325.425 1 1 30 569 3
240.413 46.563 325.425 2 1 30 569 3
240.413 46.563 325.425 3 1 30 569 3
240.413 46.563 325.425 4 1 30 569 3
240.413 46.563 325.425 5 1 30 569 3
240.413 46.563 325.425 6 1 30 569 3
240.413 46.563 325.425 7 1 30 569 3
240.413 46.563 325.425 8 1 30 569 3
240.413 46.563 325.425 9 1 30 569 3
240.413 46.563 325.425 10 1 30 569 3
240.413 46.563 325.425 11 1 30 569 3
240.413 46.563 325.425 12 1 30 569 3
240.413 46.563 325.425 13 1 30 569 3
240.413 46.563 325.425 14 1 30 569 3
54.242 103.236 325.736 15 1 30 582 4
54.242 103.236 325.736 16 1 30 582 4
54.242 103.236 325.736 17 1 30 582 4
54.242 103.236 325.736 18 1 30 582 4
54.242 103.236 325.736 19 1 30 582 4
88.802 59.322 291.388 20 1 30 86 1
354.924 50.239 6.650 21 1 30 471 2
354.924 50.239 6.650 22 1 30 471 2
354.924 50.239 6.650 23 1 30 471 2
354.924 50.239 6.650 24 1 30 471 2
354.924 50.239 6.650 25 1 30 471 2
354.924 50.239 6.650 26 1 30 471 2
354.924 50.239 6.650 27 1 30 471 2
311.665 79.386 38.217 28 1 30 512 2
311.665 79.386 38.217 29 1 30 512 2
311.665 79.386 38.217 30 1 30 512 2
240.413 46.563 325.425 1 2 30 569 3
240.413 46.563 325.425 2 2 30 569 3
240.413 46.563 325.425 3 2 30 569 3
240.413 46.563 325.425 4 2 30 569 3
240.413 46.563 325.425 5 2 30 569 3
240.413 46.563 325.425 6 2 30 569 3
240.413 46.563 325.425 7 2 30 569 3
240.413 46.563 325.425 8 2 30 569 3
240.413 46.563 325.425 9 2 30 569 3
240.413 46.563 325.425 10 2 30 569 3
240.413 46.563 325.425 11 2 30 569 3
240.413 46.563 325.425 12 2 30 569 3
240.413 46.563 325.425 13 2 30 569 3
240.413 46.563 325.425 14 2 30 569 3
54.242 103.236 325.736 15 2 30 582 4
54.242 103.236 325.736 16 2 30 582 4
54.242 103.236 325.736 17 2 30 582 4
54.242 103.236 325.736 18 2 30 582 4
54.242 103.236 325.736 19 2 30 582 4
88.802 59.322 291.388 20 2 30 86 1
354.924 50.239 6.650 21 2 30 471 2
354.924 50.239 6.650 22 2 30 471 2
354.924 50.239 6.650 23 2 30 471 2
354.924 50.239 6.650 24 2 30 471 2
354.924 50.239 6.650 25 2 30 471 2
354.924 50.239 6.650 26 2 30 471 2
354.924 50.239 6.650 27 2 30 471 2
354.924 50.239 6.650 28 2 30 471 2
311.665 79.386 38.217 29 2 30 512 2
311.665 79.386 38.217 30 2 30 512 2
240.413 46.563 325.425 1 3 30 569 3
240.413 46.563 325.425 2 3 30 569 3
240.413 46.563 325.425 3 3 30 569 3
240.413 46.563 325.425 4 3 30 569 3
240.413 46.563 325.425 5 3 30 569 3
240.413 46.563 325.425 6 3 30 569 3
240.413 46.563 325.425 7 3 30 569 3
240.413 46.563 325.425 8 3 30 569 3
240.413 46.563 325.425 9 3 30 569 3
240.413 46.563 325.425 10 3 30 569 3
240.413 46.563 325.425 11 3 30 569 3
240.413 46.563 325.425 12 3 30 569 3
240.413 46.563 325.425 13 3 30 569 3
240.413 46.563 325.425 14 3 30 569 3
54.242 103.236 325.736 15 3 30 582 4
54.242 103.236 325.736 16 3 30 582 4
54.242 103.236 325.736 17 3 30 582 4
54.242 103.236 325.736 18 3 30 582 4
54.242 103.236 325.736 19 3 30 582 4
354.924 50.239 6.650 20 3 30 471 2
354.924 50.239 6.650 21 3 30 471 2
354.924 50.239 6.650 22 3 30 471 2
354.924 50.239 6.650 23 3 30 471 2
354.924 50.239 6.650 24 3 30 471 2
354.924 50.239 6.650 25 3 30 471 2
354.924 50.239 6.650 26 3 30 471 2
354.924 50.239 6.650 27 3 30 471 2
354.924 50.239 6.650 28 3 30 471 2
354.924 50.239 6.650 29 3 30 471 2
311.665 79.386 38.217 30 3 30 512 2
240.413 46.563 325.425 1 4 30 569 3
240.413 46.563 325.425 2 4 30 569 3
240.413 46.563 325.425 3 4 30 569 3
240.413 46.563 325.425 4 4 30 569 3
240.413 46.563 325.425 5 4 30 569 3
240.413 46.563 325.425 6 4 30 569 3
240.413 46.563 325.425 7 4 30 569 3
98.368 14.784 326.994 8 4 30 600 1
240.413 46.563 325.425 9 4 30 569 3
240.413 46.563 325.425 10 4 30 569 3
240.413 46.563 325.425 11 4 30 569 3
240.413 46.563 325.425 12 4 30 569 3
147.806 133.121 200.249 13 4 30 242 1
240.413 46.563 325.425 14 4 30 569 3
54.242 103.236 325.736 15 4 30 582 4
54.242 103.236 325.736 16 4 30 582 4
54.242 103.236 325.736 17 4 30 582 4
54.242 103.236 325.736 18 4 30 582 4
54.242 103.236 325.736 19 4 30 582 4
241.394 67.422 111.644 20 4 30 190 1
354.924 50.239 6.650 21 4 30 471 2
358.607 69.290 91.530 22 4 30 377 1
354.924 50.239 6.650 23 4 30 471 2
354.924 50.239 6.650 24 4 30 471 2
354.924 50.239 6.650 25 4 30 471 2
354.924 50.239 6.650 26 4 30 471 2
354.924 50.239 6.650 27 4 30 471 2
354.924 50.239 6.650 28 4 30 471 2
354.924 50.239 6.650 29 4 30 471 2
311.665 79.386 38.217 30 4 30 512 2
240.413 46.563 325.425 1 5 30 569 3
240.413 46.563 325.425 2 5 30 569 3
240.413 46.563 325.425 3 5 30 569 3
240.413 46.563 325.425 4 5 30 569 3
240.413 46.563 325.425 5 5 30 569 3
240.413 46.563 325.425 6 5 30 569 3
240.413 46.563 325.425 7 5 30 569 3
240.413 46.563 325.425 8 5 30 569 3
240.413 46.563 325.425 9 5 30 569 3
240.413 46.563 325.425 10 5 30 569 3
240.413 46.563 325.425 11 5 30 569 3
240.413 46.563 325.425 12 5 30 569 3
147.806 133.121 200.249 13 5 30 242 1
240.413 46.563 325.425 14 5 30 569 3
54.242 103.236 325.736 15 5 30 582 4
54.242 103.236 325.736 16 5 30 582 4
54.242 103.236 325.736 17 5 30 582 4
54.242 103.236 325.736 18 5 30 582 4
54.242 103.236 325.736 19 5 30 582 4
354.924 50.239 6.650 20 5 30 471 2
354.924 50.239 6.650 21 5 30 471 2
354.924 50.239 6.650 22 5 30 471 2
354.924 50.239 6.650 23 5 30 471 2
354.924 50.239 6.650 24 5 30 471 2
354.924 50.239 6.650 25 5 30 471 2
354.924 50.239 6.650 26 5 30 471 2
354.924 50.239 6.650 27 5 30 471 2
354.924 50.239 6.650 28 5 30 471 2
356.487 113.338 90.984 29 5 30 350 1
356.487 113.338 90.984 30 5 30 350 1
240.413 46.563 325.425 1 6 30 569 3
240.413 46.563 325.425 2 6 30 569 3
240.413 46.563 325.425 3 6 30 569 3
240.413 46.563 325.425 4 6 30 569 3
240.413 46.563 325.425 5 6 30 569 3
240.413 46.563 325.425 6 6 30 569 3
240.413 46.563 325.425 7 6 30 569 3
240.413 46.563 325.425 8 6 30 569 3
240.413 46.563 325.425 9 6 30 569 3
12.980 131.590 222.284 10 6 30 58 1
240.413 46.563 325.425 11 6 30 569 3
240.413 46.563 325.425 12 6 30 569 3
147.806 133.121 200.249 13 6 30 242 1
240.413 46.563 325.425 14 6 30 569 3
54.242 103.236 325.736 15 6 30 582 4
54.242 103.236 325.736 16 6 30 582 4
54.242 103.236 325.736 17 6 30 582 4
54.242 103.236 325.736 18 6 30 582 4
34.440 116.029 127.081 19 6 30 486 2
278.387 89.296 135.890 20 6 30 3 1
34.440 116.029 127.081 21 6 30 486 2
354.924 50.239 6.650 22 6 30 471 2
354.924 50.239 6.650 23 6 30 471 2
354.924 50.239 6.650 24 6 30 471 2
354.924 50.239 6.650 25 6 30 471 2
354.924 50.239 6.650 26 6 30 471 2
354.924 50.239 6.650 27 6 30 471 2
354.924 50.239 6.650 28 6 30 471 2
356.487 113.338 90.984 29 6 30 350 1
356.487 113.338 90.984 30 6 30 350 1
240.413 46.563 325.425 1 7 30 569 3
240.413 46.563 325.425 2 7 30 569 3
240.413 46.563 325.425 3 7 30 569 3
240.413 46.563 325.425 4 7 30 569 3
240.413 46.563 325.425 5 7 30 569 3
240.413 46.563 325.425 6 7 30 569 3
240.413 46.563 325.425 7 7 30 569 3
240.413 46.563 325.425 8 7 30 569 3
240.413 46.563 325.425 9 7 30 569 3
240.413 46.563 325.425 10 7 30 569 3
240.413 46.563 325.425 11 7 30 569 3
240.413 46.563 325.425 12 7 30 569 3
147.806 133.121 200.249 13 7 30 242 1
240.413 46.563 325.425 14 7 30 569 3
240.413 46.563 325.425 15 7 30 569 3
54.242 103.236 325.736 16 7 30 582 4
54.242 103.236 325.736 17 7 30 582 4
54.242 103.236 325.736 18 7 30 582 4
54.242 103.236 325.736 19 7 30 582 4
278.387 89.296 135.890 20 7 30 3 1
174.431 80.346 167.920 21 7 30 561 2
174.431 80.346 167.920 22 7 30 561 2
354.924 50.239 6.650 23 7 30 471 2
354.924 50.239 6.650 24 7 30 471 2
354.924 50.239 6.650 25 7 30 471 2
354.924 50.239 6.650 26 7 30 471 2
354.924 50.239 6.650 27 7 30 471 2
107.047 65.914 356.233 28 7 30 531 2
107.047 65.914 356.233 29 7 30 531 2
310.415 52.546 22.296 30 7 30 416 1
240.413 46.563 325.425 1 8 30 569 3
240.413 46.563 325.425 2 8 30 569 3
240.413 46.563 325.425 3 8 30 569 3
240.413 46.563 325.425 4 8 30 569 3
240.413 46.563 325.425 5 8 30 569 3
129.109 85.285 324.037 6 8 30 407 1
240.413 46.563 325.425 7 8 30 569 3
240.413 46.563 325.425 8 8 30 569 3
240.413 46.563 325.425 9 8 30 569 3
240.413 46.563 325.425 10 8 30 569 3
240.413 46.563 325.425 11 8 30 569 3
240.413 46.563 325.425 12 8 30 569 3
240.413 46.563 325.425 13 8 30 569 3
240.413 46.563 325.425 14 8 30 569 3
240.413 46.563 325.425 15 8 30 569 3
54.242 103.236 325.736 16 8 30 582 4
54.242 103.236 325.736 17 8 30 582 4
54.242 103.236 325.736 18 8 30 582 4
54.242 103.236 325.736 19 8 30 582 4
54.242 103.236 325.736 20 8 30 582 4
174.431 80.346 167.920 21 8 30 561 2
185.089 83.648 351.020 22 8 30 1 1
174.431 80.346 167.920 23 8 30 561 2
354.924 50.239 6.650 24 8 30 471 2
354.924 50.239 6.650 25 8 30 471 2
4.699 127.492 229.855 26 8 30 266 1
4.699 127.492 229.855 27 8 30 266 1
107.047 65.914 356.233 28 8 30 531 2
107.047 65.914 356.233 29 8 30 531 2
310.415 52.546 22.296 30 8 30 416 1
240.413 46.563 325.425 1 9 30 569 3
240.413 46.563 325.425 2 9 30 569 3
240.413 46.563 325.425 3 9 30 569 3
240.413 46.563 325.425 4 9 30 569 3
240.413 46.563 325.425 5 9 30 569 3
240.413 46.563 325.425 6 9 30 569 3
240.413 46.563 325.425 7 9 30 569 3
240.413 46.563 325.425 8 9 30 569 3
240.413 46.563 325.425 9 9 30 569 3
240.413 46.563 325.425 10 9 30 569 3
240.413 46.563 325.425 11 9 30 569 3
240.413 46.563 325.425 12 9 30 569 3
240.413 46.563 325.425 13 9 30 569 3
240.413 46.563 325.425 14 9 30 569 3
240.413 46.563 325.425 15 9 30 569 3
54.242 103.236 325.736 16 9 30 582 4
54.242 103.236 325.736 17 9 30 582 4
54.242 103.236 325.736 18 9 30 582 4
54.242 103.236 325.736 19 9 30 582 4
184.250 151.638 171.633 20 9 30 494 2
184.250 151.638 171.633 21 9 30 494 2
174.431 80.346 167.920 22 9 30 561 2
174.431 80.346 167.920 23 9 30 561 2
36.161 153.654 212.373 24 9 30 572 4
4.699 127.492 229.855 25 9 30 266 1
4.699 127.492 229.855 26 9 30 266 1
4.699 127.492 229.855 27 9 30 266 1
107.047 65.914 356.233 28 9 30 531 2
107.047 65.914 356.233 29 9 30 531 2
158.260 119.018 318.001 30 9 30 563 2
240.413 46.563 325.425 1 10 30 569 3
240.413 46.563 325.425 2 10 30 569 3
240.413 46.563 325.425 3 10 30 569 3
240.413 46.563 325.425 4 10 30 569 3
240.413 46.563 325.425 5 10 30 569 3
240.413 46.563 325.425 6 10 30 569 3
240.413 46.563 325.425 7 10 30 569 3
240.413 46.563 325.425 8 10 30 569 3
240.413 46.563 325.425 9 10 30 569 3
240.413 46.563 325.425 10 10 30 569 3
240.413 46.563 325.425 11 10 30 569 3
240.413 46.563 325.425 12 10 30 569 3
240.413 46.563 325.425 13 10 30 569 3
240.413 46.563 325.425 14 10 30 569 3
240.413 46.563 325.425 15 10 30 569 3
54.242 103.236 325.736 16 10 30 582 4
54.242 103.236 325.736 17 10 30 582 4
54.242 103.236 325.736 18 10 30 582 4
54.242 103.236 325.736 19 10 30 582 4
184.250 151.638 171.633 20 10 30 494 2
36.161 153.654 212.373 21 10 30 572 4
36.161 153.654 212.373 22 10 30 572 4
36.161 153.654 212.373 23 10 30 572 4
4.699 127.492 229.855 24 10 30 266 1
4.699 127.492 229.855 25 10 30 266 1
73.748 68.121 357.530 26 10 30 148 1
4.699 127.492 229.855 27 10 30 266 1
4.699 127.492 229.855 28 10 30 266 1
158.260 119.018 318.001 29 10 30 563 2
158.260 119.018 318.001 30 10 30 563 2
240.413 46.563 325.425 1 11 30 569 3
240.413 46.563 325.425 2 11 30 569 3
240.413 46.563 325.425 3 11 30 569 3
129.445 72.415 349.549 4 11 30 95 1
129.445 72.415 349.549 5 11 30 95 1
240.413 46.563 325.425 6 11 30 569 3
240.413 46.563 325.425 7 11 30 569 3
240.413 46.563 325.425 8 11 30 569 3
240.413 46.563 325.425 9 11 30 569 3
240.413 46.563 325.425 10 11 30 569 3
240.413 46.563 325.425 11 11 30 569 3
240.413 46.563 325.425 12 11 30 569 3
240.413 46.563 325.425 13 11 30 569 3
240.413 46.563 325.425 14 11 30 569 3
101.807 52.241 339.281 15 11 30 586 4
101.807 52.241 339.281 16 11 30 586 4
101.807 52.241 339.281 17 11 30 586 4
101.807 52.241 339.281 18 11 30 586 4
101.807 52.241 339.281 19 11 30 586 4
101.807 52.241 339.281 20 11 30 586 4
101.807 52.241 339.281 21 11 30 586 4
101.807 52.241 339.281 22 11 30 586 4
101.807 52.241 339.281 23 11 30 586 4
101.807 52.241 339.281 24 11 30 586 4
101.807 52.241 339.281 25 11 30 586 4
73.748 68.121 357.530 26 11 30 148 1
4.699 127.492 229.855 27 11 30 266 1
4.699 127.492 229.855 28 11 30 266 1
158.260 119.018 318.001 29 11 30 563 2
158.260 119.018 318.001 30 11 30 563 2
240.413 46.563 325.425 1 12 30 569 3
240.413 46.563 325.425 2 12 30 569 3
240.413 46.563 325.425 3 12 30 569 3
240.413 46.563 325.425 4 12 30 569 3
240.413 46.563 325.425 5 12 30 569 3
240.413 46.563 325.425 6 12 30 569 3
240.413 46.563 325.425 7 12 30 569 3
240.413 46.563 325.425 8 12 30 569 3
240.413 46.563 325.425 9 12 30 569 3
240.413 46.563 325.425 10 12 30 569 3
240.413 46.563 325.425 11 12 30 569 3
174.824 81.783 22.126 12 12 30 507 2
101.807 52.241 339.281 13 12 30 586 4
101.807 52.241 339.281 14 12 30 586 4
101.807 52.241 339.281 15 12 30 586 4
101.807 52.241 339.281 16 12 30 586 4
101.807 52.241 339.281 17 12 30 586 4
101.807 52.241 339.281 18 12 30 586 4
101.807 52.241 339.281 19 12 30 586 4
101.807 52.241 339.281 20 12 30 586 4
101.807 52.241 339.281 21 12 30 586 4
101.807 52.241 339.281 22 12 30 586 4
101.807 52.241 339.281 23 12 30 586 4
101.807 52.241 339.281 24 12 30 586 4
101.807 52.241 339.281 25 12 30 586 4
101.807 52.241 339.281 26 12 30 586 4
101.807 52.241 339.281 27 12 30 586 4
165.094 156.581 168.107 28 12 30 616 1
165.094 156.581 168.107 29 12 30 616 1
250.043 118.218 39.375 30 12 30 424 1
240.413 46.563 325.425 1 13 30 569 3
240.413 46.563 325.425 2 13 30 569 3
240.413 46.563 325.425 3 13 30 569 3
240.413 46.563 325.425 4 13 30 569 3
240.413 46.563 325.425 5 13 30 569 3
240.413 46.563 325.425 6 13 30 569 3
240.413 46.563 325.425 7 13 30 569 3
240.413 46.563 325.425 8 13 30 569 3
101.807 52.241 339.281 9 13 30 586 4
101.807 52.241 339.281 10 13 30 586 4
101.807 52.241 339.281 11 13 30 586 4
101.807 52.241 339.281 12 13 30 586 4
101.807 52.241 339.281 13 13 30 586 4
101.807 52.241 339.281 14 13 30 586 4
101.807 52.241 339.281 15 13 30 586 4
101.807 52.241 339.281 16 13 30 586 4
101.807 52.241 339.281 17 13 30 586 4
101.807 52.241 339.281 18 13 30 586 4
101.807 52.241 339.281 19 13 30 586 4
101.807 52.241 339.281 20 13 30 586 4
101.807 52.241 339.281 21 13 30 586 4
101.807 52.241 339.281 22 13 30 586 4
101.807 52.241 339.281 23 13 30 586 4
101.807 52.241 339.281 24 13 30 586 4
101.807 52.241 339.281 25 13 30 586 4
101.807 52.241 339.281 26 13 30 586 4
101.807 52.241 339.281 27 13 30 586 4
165.094 156.581 168.107 28 13 30 616 1
165.094 156.581 168.107 29 13 30 616 1
165.094 156.581 168.107 30 13 30 616 1
240.413 46.563 325.425 1 14 30 569 3
240.413 46.563 325.425 2 14 30 569 3
213.072 85.813 129.125 3 14 30 163 1
80.737 105.314 16.289 4 14 30 35 1
240.413 46.563 325.425 5 14 30 569 3
240.413 46.563 325.425 6 14 30 569 3
101.807 52.241 339.281 7 14 30 586 4
101.807 52.241 339.281 8 14 30 586 4
101.807 52.241 339.281 9 14 30 586 4
101.807 52.241 339.281 10 14 30 586 4
101.807 52.241 339.281 11 14 30 586 4
101.807 52.241 339.281 12 14 30 586 4
101.807 52.241 339.281 13 14 30 586 4
101.807 52.241 339.281 14 14 30 586 4
101.807 52.241 339.281 15 14 30 586 4
101.807 52.241 339.281 16 14 30 586 4
101.807 52.241 339.281 17 14 30 586 4
101.807 52.241 339.281 18 14 30 586 4
101.807 52.241 339.281 19 14 30 586 4
101.807 52.241 339.281 20 14 30 586 4
101.807 52.241 339.281 21 14 30 586 4
101.807 52.241 339.281 22 14 30 586 4
101.807 52.241 339.281 23 14 30 586 4
101.807 52.241 339.281 24 14 30 586 4
101.807 52.241 339.281 25 14 30 586 4
101.807 52.241 339.281 26 14 30 586 4
101.807 52.241 339.281 27 14 30 586 4
165.094 156.581 168.107 28 14 30 616 1
165.094 156.581 168.107 29 14 30 616 1
165.094 156.581 168.107 30 14 30 616 1
170.960 161.502 247.608 1 15 30 248 1
170.960 161.502 247.608 2 15 30 248 1
213.072 85.813 129.125 3 15 30 163 1
213.072 85.813 129.125 4 15 30 163 1
101.807 52.241 339.281 5 15 30 586 4
101.807 52.241 339.281 6 15 30 586 4
101.807 52.241 339.281 7 15 30 586 4
101.807 52.241 339.281 8 15 30 586 4
101.807 52.241 339.281 9 15 30 586 4
101.807 52.241 339.281 10 15 30 586 4
101.807 52.241 339.281 11 15 30 586 4
101.807 52.241 339.281 12 15 30 586 4
101.807 52.241 339.281 13 15 30 586 4
101.807 52.241 339.281 14 15 30 586 4
101.807 52.241 339.281 15 15 30 586 4
101.807 52.241 339.281 16 15 30 586 4
101.807 52.241 339.281 17 15 30 586 4
101.807 52.241 339.281 18 15 30 586 4
101.807 52.241 339.281 19 15 30 586 4
101.807 52.241 339.281 20 15 30 586 4
101.807 52.241 339.281 21 15 30 586 4
101.807 52.241 339.281 22 15 30 586 4
101.807 52.241 339.281 23 15 30 586 4
101.807 52.241 339.281 24 15 30 586 4
101.807 52.241 339.281 25 15 30 586 4
101.807 52.241 339.281 26 15 30 586 4
101.807 52.241 339.281 27 15 30 586 4
39.832 97.377 316.090 28 15 30 321 1
165.094 156.581 168.107 29 15 30 616 1
165.094 156.581 168.107 30 15 30 616 1
170.960 161.502 247.608 1 16 30 248 1
170.960 161.502 247.608 2 16 30 248 1
170.960 161.502 247.608 3 16 30 248 1
101.807 52.241 339.281 4 16 30 586 4
101.807 52.241 339.281 5 16 30 586 4
101.807 52.241 339.281 6 16 30 586 4
101.807 52.241 339.281 7 16 30 586 4
101.807 52.241 339.281 8 16 30 586 4
101.807 52.241 339.281 9 16 30 586 4
101.807 52.241 339.281 10 16 30 586 4
101.807 52.241 339.281 11 16 30 586 4
101.807 52.241 339.281 12 16 30 586 4
101.807 52.241 339.281 13 16 30 586 4
101.807 52.241 339.281 14 16 30 586 4
101.807 52.241 339.281 15 16 30 586 4
101.807 52.241 339.281 16 16 30 586 4
101.807 52.241 339.281 17 16 30 586 4
101.807 52.241 339.281 18 16 30 586 4
101.807 52.241 339.281 19 16 30 586 4
101.807 52.241 339.281 20 16 30 586 4
101.807 52.241 339.281 21 16 30 586 4
101.807 52.241 339.281 22 16 30 586 4
101.807 52.241 339.281 23 16 30 586 4
101.807 52.241 339.281 24 16 30 586 4
101.807 52.241 339.281 25 16 30 586 4
101.807 52.241 339.281 26 16 30 586 4
101.807 52.241 339.281 27 16 30 586 4
39.832 97.377 316.090 28 16 30 321 1
39.832 97.377 316.090 29 16 30 321 1
165.094 156.581 168.107 30 16 30 616 1
101.807 52.241 339.281 1 17 30 586 4
170.960 161.502 247.608 2 17 30 248 1
170.960 161.502 247.608 3 17 30 248 1
101.807 52.241 339.281 4 17 30 586 4
101.807 52.241 339.281 5 17 30 586 4
101.807 52.241 339.281 6 17 30 586 4
101.807 52.241 339.281 7 17 30 586 4
101.807 52.241 339.281 8 17 30 586 4
101.807 52.241 339.281 9 17 30 586 4
101.807 52.241 339.281 10 17 30 586 4
101.807 52.241 339.281 11 17 30 586 4
101.807 52.241 339.281 12 17 30 586 4
101.807 52.241 339.281 13 17 30 586 4
101.807 52.241 339.281 14 17 30 586 4
101.807 52.241 339.281 15 17 30 586 4
101.807 52.241 339.281 16 17 30 586 4
101.807 52.241 339.281 17 17 30 586 4
101.807 52.241 339.281 18 17 30 586 4
101.807 52.241 339.281 19 17 30 586 4
101.807 52.241 339.281 20 17 30 586 4
101.807 52.241 339.281 21 17 30 586 4
101.807 52.241 339.281 22 17 30 586 4
101.807 52.241 339.281 23 17 30 586 4
101.807 52.241 339.281 24 17 30 586 4
101.807 52.241 339.281 25 17 30 586 4
101.807 52.241 339.281 26 17 30 586 4
39.832 97.377 316.090 27 17 30 321 1
39.832 97.377 316.090 28 17 30 321 1
39.832 97.377 316.090 29 17 30 321 1
39.832 97.377 316.090 30 17 30 321 1
101.807 52.241 339.281 1 18 30 586 4
101.807 52.241 339.281 2 18 30 586 4
101.807 52.241 339.281 3 18 30 586 4
101.807 52.241 339.281 4 18 30 586 4
101.807 52.241 339.281 5 18 30 586 4
101.807 52.241 339.281 6 18 30 586 4
101.807 52.241 339.281 7 18 30 586 4
101.807 52.241 339.281 8 18 30 586 4
101.807 52.241 339.281 9 18 30 586 4
101.807 52.241 339.281 10 18 30 586 4
101.807 52.241 339.281 11 18 30 586 4
101.807 52.241 339.281 12 18 30 586 4
101.807 52.241 339.281 13 18 30 586 4
101.807 52.241 339.281 14 18 30 586 4
101.807 52.241 339.281 15 18 30 586 4
101.807 52.241 339.281 16 18 30 586 4
101.807 52.241 339.281 17 18 30 586 4
101.807 52.241 339.281 18 18 30 586 4
101.807 52.241 339.281 19 18 30 586 4
101.807 52.241 339.281 20 18 30 586 4
101.807 52.241 339.281 21 18 30 586 4
101.807 52.241 339.281 22 18 30 586 4
101.807 52.241 339.281 23 18 30 586 4
101.807 52.241 339.281 24 18 30 586 4
101.807 52.241 339.281 25 18 30 586 4
307.180 72.449 133.061 26 18 30 230 1
39.832 97.377 316.090 27 18 30 321 1
39.832 97.377 316.090 28 18 30 321 1
39.832 97.377 316.090 29 18 30 321 1
125.239 59.882 44.933 30 18 30 485 2
101.807 52.241 339.281 1 19 30 586 4
101.807 52.241 339.281 2 19 30 586 4
101.807 52.241 339.281 3 19 30 586 4
101.807 52.241 339.281 4 19 30 586 4
101.807 52.241 339.281 5 19 30 586 4
101.807 52.241 339.281 6 19 30 586 4
101.807 52.241 339.281 7 19 30 586 4
101.807 52.241 339.281 8 19 30 586 4
101.807 52.241 339.281 9 19 30 586 4
101.807 52.241 339.281 10 19 30 586 4
101.807 52.241 339.281 11 19 30 586 4
101.807 52.241 339.281 12 19 30 586 4
101.807 52.241 339.281 13 19 30 586 4
101.807 52.241 339.281 14 19 30 586 4
101.807 52.241 339.281 15 19 30 586 4
101.807 52.241 339.281 16 19 30 586 4
101.807 52.241 339.281 17 19 30 586 4
101.807 52.241 339.281 18 19 30 586 4
101.807 52.241 339.281 19 19 30 586 4
101.807 52.241 339.281 20 19 30 586 4
101.807 52.241 339.281 21 19 30 586 4
101.807 52.241 339.281 22 19 30 586 4
101.807 52.241 339.281 23 19 30 586 4
101.807 52.241 339.281 24 19 30 586 4
307.180 72.449 133.061 25 19 30 230 1
307.180 72.449 133.061 26 19 30 230 1
307.180 72.449 133.061 27 19 30 230 1
125.239 59.882 44.933 28 19 30 485 2
125.239 59.882 44.933 29 19 30 485 2
125.239 59.882 44.933 30 19 30 485 2
101.807 52.241 339.281 1 20 30 586 4
101.807 52.241 339.281 2 20 30 586 4
101.807 52.241 339.281 3 20 30 586 4
101.807 52.241 339.281 4 20 30 586 4
101.807 52.241 339.281 5 20 30 586 4
101.807 52.241 339.281 6 20 30 586 4
101.807 52.241 339.281 7 20 30 586 4
101.807 52.241 339.281 8 20 30 586 4
101.807 52.241 339.281 9 20 30 586 4
101.807 52.241 339.281 10 20 30 586 4
101.807 52.241 339.281 11 20 30 586 4
101.807 52.241 339.281 12 20 30 586 4
101.807 52.241 339.281 13 20 30 586 4
101.807 52.241 339.281 14 20 30 586 4
101.807 52.241 339.281 15 20 30 586 4
101.807 52.241 339.281 16 20 30 586 4
297.225 87.360 53.477 17 20 30 583 4
297.225 87.360 53.477 18 20 30 583 4
101.807 52.241 339.281 19 20 30 586 4
101.807 52.241 339.281 20 20 30 586 4
101.807 52.241 339.281 21 20 30 586 4
101.807 52.241 339.281 22 20 30 586 4
307.180 72.449 133.061 23 20 30 230 1
307.180 72.449 133.061 24 20 30 230 1
307.180 72.449 133.061 25 20 30 230 1
307.180 72.449 133.061 26 20 30 230 1
307.180 72.449 133.061 27 20 30 230 1
125.239 59.882 44.933 28 20 30 485 2
125.239 59.882 44.933 29 20 30 485 2
125.239 59.882 44.933 30 20 30 485 2
101.807 52.241 339.281 1 21 30 586 4
101.807 52.241 339.281 2 21 30 586 4
101.807 52.241 339.281 3 21 30 586 4
101.807 52.241 339.281 4 21 30 586 4
101.807 52.241 339.281 5 21 30 586 4
101.807 52.241 339.281 6 21 30 586 4
101.807 52.241 339.281 7 21 30 586 4
101.807 52.241 339.281 8 21 30 586 4
101.807 52.241 339.281 9 21 30 586 4
101.807 52.241 339.281 10 21 30 586 4
139.083 148.915 210.513 11 21 30 452 1
101.807 52.241 339.281 12 21 30 586 4
101.807 52.241 339.281 13 21 30 586 4
297.225 87.360 53.477 14 21 30 583 4
297.225 87.360 53.477 15 21 30 583 4
297.225 87.360 53.477 16 21 30 583 4
297.225 87.360 53.477 17 21 30 583 4
297.225 87.360 53.477 18 21 30 583 4
297.225 87.360 53.477 19 21 30 583 4
297.225 87.360 53.477 20 21 30 583 4
297.225 87.360 53.477 21 21 30 583 4
297.225 87.360 53.477 22 21 30 583 4
307.180 72.449 133.061 23 21 30 230 1
307.180 72.449 133.061 24 21 30 230 1
307.180 72.449 133.061 25 21 30 230 1
307.180 72.449 133.061 26 21 30 230 1
307.180 72.449 133.061 27 21 30 230 1
288.889 23.978 275.726 28 21 30 46 1
288.889 23.978 275.726 29 21 30 46 1
288.889 23.978 275.726 30 21 30 46 1
101.807 52.241 339.281 1 22 30 586 4
101.807 52.241 339.281 2 22 30 586 4
101.807 52.241 339.281 3 22 30 586 4
101.807 52.241 339.281 4 22 30 586 4
101.807 52.241 339.281 5 22 30 586 4
101.807 52.241 339.281 6 22 30 586 4
101.807 52.241 339.281 7 22 30 586 4
101.807 52.241 339.281 8 22 30 586 4
101.807 52.241 339.281 9 22 30 586 4
139.083 148.915 210.513 10 22 30 452 1
139.083 148.915 210.513 11 22 30 452 1
101.807 52.241 339.281 12 22 30 586 4
297.225 87.360 53.477 13 22 30 583 4
297.225 87.360 53.477 14 22 30 583 4
297.225 87.360 53.477 15 22 30 583 4
297.225 87.360 53.477 16 22 30 583 4
297.225 87.360 53.477 17 22 30 583 4
297.225 87.360 53.477 18 22 30 583 4
297.225 87.360 53.477 19 22 30 583 4
297.225 87.360 53.477 20 22 30 583 4
297.225 87.360 53.477 21 22 30 583 4
297.225 87.360 53.477 22 22 30 583 4
307.180 72.449 133.061 23 22 30 230 1
307.180 72.449 133.061 24 22 30 230 1
307.180 72.449 133.061 25 22 30 230 1
307.180 72.449 133.061 26 22 30 230 1
288.889 23.978 275.726 27 22 30 46 1
288.889 23.978 275.726 28 22 30 46 1
288.889 23.978 275.726 29 22 30 46 1
288.889 23.978 275.726 30 22 30 46 1
101.807 52.241 339.281 1 23 30 586 4
101.807 52.241 339.281 2 23 30 586 4
101.807 52.241 339.281 3 23 30 586 4
101.807 52.241 339.281 4 23 30 586 4
101.807 52.241 339.281 5 23 30 586 4
311.227 98.194 71.671 6 23 30 491 2
311.227 98.194 71.671 7 23 30 491 2
311.227 98.194 71.671 8 23 30 491 2
101.807 52.241 339.281 9 23 30 586 4
139.083 148.915 210.513 10 23 30 452 1
297.225 87.360 53.477 11 23 30 583 4
297.225 87.360 53.477 12 23 30 583 4
297.225 87.360 53.477 13 23 30 583 4
297.225 87.360 53.477 14 23 30 583 4
297.225 87.360 53.477 15 23 30 583 4
297.225 87.360 53.477 16 23 30 583 4
297.225 87.360 53.477 17 23 30 583 4
297.225 87.360 53.477 18 23 30 583 4
297.225 87.360 53.477 19 23 30 583 4
297.225 87.360 53.477 20 23 30 583 4
297.225 87.360 53.477 21 23 30 583 4
297.225 87.360 53.477 22 23 30 583 4
307.180 72.449 133.061 23 23 30 230 1
307.180 72.449 133.061 24 23 30 230 1
307.180 72.449 133.061 25 23 30 230 1
288.889 23.978 275.726 26 23 30 46 1
288.889 23.978 275.726 27 23 30 46 1
288.889 23.978 275.726 28 23 30 46 1
288.889 23.978 275.726 29 23 30 46 1
288.889 23.978 275.726 30 23 30 46 1
161.846 75.361 189.042 1 24 30 584 4
161.846 75.361 189.042 2 24 30 584 4
161.846 75.361 189.042 3 24 30 584 4
161.846 75.361 189.042 4 24 30 584 4
311.227 98.194 71.671 5 24 30 491 2
311.227 98.194 71.671 6 24 30 491 2
311.227 98.194 71.671 7 24 30 491 2
311.227 98.194 71.671 8 24 30 491 2
311.227 98.194 71.671 9 24 30 491 2
311.227 98.194 71.671 10 24 30 491 2
297.225 87.360 53.477 11 24 30 583 4
297.225 87.360 53.477 12 24 30 583 4
297.225 87.360 53.477 13 24 30 583 4
297.225 87.360 53.477 14 24 30 583 4
297.225 87.360 53.477 15 24 30 583 4
297.225 87.360 53.477 16 24 30 583 4
297.225 87.360 53.477 17 24 30 583 4
297.225 87.360 53.477 18 24 30 583 4
297.225 87.360 53.477 19 24 30 583 4
297.225 87.360 53.477 20 24 30 583 4
297.225 87.360 53.477 21 24 30 583 4
297.225 87.360 53.477 22 24 30 583 4
307.180 72.449 133.061 23 24 30 230 1
307.180 72.449 133.061 24 24 30 230 1
307.180 72.449 133.061 25 24 30 230 1
288.889 23.978 275.726 26 24 30 46 1
288.889 23.978 275.726 27 24 30 46 1
288.889 23.978 275.726 28 24 30 46 1
323.593 13.120 321.185 29 24 30 409 1
323.593 13.120 321.185 30 24 30 409 1
161.846 75.361 189.042 1 25 30 584 4
161.846 75.361 189.042 2 25 30 584 4
161.846 75.361 189.042 3 25 30 584 4
161.846 75.361 189.042 4 25 30 584 4
161.846 75.361 189.042 5 25 30 584 4
311.227 98.194 71.671 6 25 30 491 2
311.227 98.194 71.671 7 25 30 491 2
311.227 98.194 71.671 8 25 30 491 2
311.227 98.194 71.671 9 25 30 491 2
311.227 98.194 71.671 10 25 30 491 2
297.225 87.360 53.477 11 25 30 583 4
297.225 87.360 53.477 12 25 30 583 4
297.225 87.360 53.477 13 25 30 583 4
297.225 87.360 53.477 14 25 30 583 4
297.225 87.360 53.477 15 25 30 583 4
297.225 87.360 53.477 16 25 30 583 4
297.225 87.360 53.477 17 25 30 583 4
297.225 87.360 53.477 18 25 30 583 4
297.225 87.360 53.477 19 25 30 583 4
297.225 87.360 53.477 20 25 30 583 4
297.225 87.360 53.477 21 25 30 583 4
297.225 87.360 53.477 22 25 30 583 4
307.180 72.449 133.061 23 25 30 230 1
307.180 72.449 133.061 24 25 30 230 1
288.889 23.978 275.726 25 25 30 46 1
288.889 23.978 275.726 26 25 30 46 1
288.889 23.978 275.726 27 25 30 46 1
143.248 44.837 84.891 28 25 30 464 1
143.248 44.837 84.891 29 25 30 464 1
143.248 44.837 84.891 30 25 30 464 1
161.846 75.361 189.042 1 26 30 584 4
161.846 75.361 189.042 2 26 30 584 4
161.846 75.361 189.042 3 26 30 584 4
161.846 75.361 189.042 4 26 30 584 4
161.846 75.361 189.042 5 26 30 584 4
161.846 75.361 189.042 6 26 30 584 4
311.227 98.194 71.671 7 26 30 491 2
311.227 98.194 71.671 8 26 30 491 2
311.227 98.194 71.671 9 26 30 491 2
321.082 111.721 69.379 10 26 30 580 4
321.082 111.721 69.379 11 26 30 580 4
297.225 87.360 53.477 12 26 30 583 4
297.225 87.360 53.477 13 26 30 583 4
297.225 87.360 53.477 14 26 30 583 4
297.225 87.360 53.477 15 26 30 583 4
297.225 87.360 53.477 16 26 30 583 4
297.225 87.360 53.477 17 26 30 583 4
297.225 87.360 53.477 18 26 30 583 4
297.225 87.360 53.477 19 26 30 583 4
297.225 87.360 53.477 20 26 30 583 4
297.225 87.360 53.477 21 26 30 583 4
297.225 87.360 53.477 22 26 30 583 4
274.707 46.894 28.076 23 26 30 532 2
307.180 72.449 133.061 24 26 30 230 1
288.889 23.978 275.726 25 26 30 46 1
288.889 23.978 275.726 26 26 30 46 1
143.248 44.837 84.891 27 26 30 464 1
143.248 44.837 84.891 28 26 30 464 1
143.248 44.837 84.891 29 26 30 464 1
143.248 44.837 84.891 30 26 30 464 1
161.846 75.361 189.042 1 27 30 584 4
161.846 75.361 189.042 2 27 30 584 4
161.846 75.361 189.042 3 27 30 584 4
161.846 75.361 189.042 4 27 30 584 4
161.846 75.361 189.042 5 27 30 584 4
161.846 75.361 189.042 6 27 30 584 4
161.846 75.361 189.042 7 27 30 584 4
311.227 98.194 71.671 8 27 30 491 2
311.227 98.194 71.671 9 27 30 491 2
311.227 98.194 71.671 10 27 30 491 2
321.082 111.721 69.379 11 27 30 580 4
321.082 111.721 69.379 12 27 30 580 4
321.082 111.721 69.379 13 27 30 580 4
297.225 87.360 53.477 14 27 30 583 4
297.225 87.360 53.477 15 27 30 583 4
297.225 87.360 53.477 16 27 30 583 4
297.225 87.360 53.477 17 27 30 583 4
297.225 87.360 53.477 18 27 30 583 4
297.225 87.360 53.477 19 27 30 583 4
297.225 87.360 53.477 20 27 30 583 4
297.225 87.360 53.477 21 27 30 583 4
274.707 46.894 28.076 22 27 30 532 2
274.707 46.894 28.076 23 27 30 532 2
274.707 46.894 28.076 24 27 30 532 2
274.707 46.894 28.076 25 27 30 532 2
227.398 130.623 290.536 26 27 30 496 2
227.398 130.623 290.536 27 27 30 496 2
143.248 44.837 84.891 28 27 30 464 1
143.248 44.837 84.891 29 27 30 464 1
143.248 44.837 84.891 30 27 30 464 1
161.846 75.361 189.042 1 28 30 584 4
161.846 75.361 189.042 2 28 30 584 4
161.846 75.361 189.042 3 28 30 584 4
161.846 75.361 189.042 4 28 30 584 4
161.846 75.361 189.042 5 28 30 584 4
161.846 75.361 189.042 6 28 30 584 4
161.846 75.361 189.042 7 28 30 584 4
261.943 50.418 75.337 8 28 30 492 2
261.943 50.418 75.337 9 28 30 492 2
321.082 111.721 69.379 10 28 30 580 4
321.082 111.721 69.379 11 28 30 580 4
317.121 116.698 325.595 12 28 30 227 1
321.082 111.721 69.379 13 28 30 580 4
321.082 111.721 69.379 14 28 30 580 4
321.082 111.721 69.379 15 28 30 580 4
297.225 87.360 53.477 16 28 30 583 4
297.225 87.360 53.477 17 28 30 583 4
297.225 87.360 53.477 18 28 30 583 4
297.225 87.360 53.477 19 28 30 583 4
297.225 87.360 53.477 20 28 30 583 4
274.707 46.894 28.076 21 28 30 532 2
274.707 46.894 28.076 22 28 30 532 2
274.707 46.894 28.076 23 28 30 532 2
274.707 46.894 28.076 24 28 30 532 2
274.707 46.894 28.076 25 28 30 532 2
227.398 130.623 290.536 26 28 30 496 2
227.398 130.623 290.536 27 28 30 496 2
227.398 130.623 290.536 28 28 30 496 2
227.398 130.623 290.536 29 28 30 496 2
143.248 44.837 84.891 30 28 30 464 1
161.846 75.361 189.042 1 29 30 584 4
161.846 75.361 189.042 2 29 30 584 4
161.846 75.361 189.042 3 29 30 584 4
161.846 75.361 189.042 4 29 30 584 4
161.846 75.361 189.042 5 29 30 584 4
161.846 75.361 189.042 6 29 30 584 4
161.846 75.361 189.042 7 29 30 584 4
261.943 50.418 75.337 8 29 30 492 2
321.082 111.721 69.379 9 29 30 580 4
321.082 111.721 69.379 10 29 30 580 4
321.082 111.721 69.379 11 29 30 580 4
321.082 111.721 69.379 12 29 30 580 4
321.082 111.721 69.379 13 29 30 580 4
321.082 111.721 69.379 14 29 30 580 4
321.082 111.721 69.379 15 29 30 580 4
321.082 111.721 69.379 16 29 30 580 4
297.225 87.360 53.477 17 29 30 583 4
297.225 87.360 53.477 18 29 30 583 4
297.225 87.360 53.477 19 29 30 583 4
297.225 87.360 53.477 20 29 30 583 4
274.707 46.894 28.076 21 29 30 532 2
274.707 46.894 28.076 22 29 30 532 2
274.707 46.894 28.076 23 29 30 532 2
274.707 46.894 28.076 24 29 30 532 2
274.707 46.894 28.076 25 29 30 532 2
227.398 130.623 290.536 26 29 30 496 2
227.398 130.623 290.536 27 29 30 496 2
227.398 130.623 290.536 28 29 30 496 2
227.398 130.623 290.536 29 29 30 496 2
227.398 130.623 290.536 30 29 30 496 2
161.846 75.361 189.042 1 30 30 584 4
161.846 75.361 189.042 2 30 30 584 4
161.846 75.361 189.042 3 30 30 584 4
161.846 75.361 189.042 4 30 30 584 4
161.846 75.361 189.042 5 30 30 584 4
161.846 75.361 189.042 6 30 30 584 4
161.846 75.361 189.042 7 30 30 584 4
161.846 75.361 189.042 8 30 30 584 4
321.082 111.721 69.379 9 30 30 580 4
321.082 111.721 69.379 10 30 30 580 4
321.082 111.721 69.379 11 30 30 580 4
118.283 84.619 64.734 12 30 30 197 1
321.082 111.721 69.379 13 30 30 580 4
321.082 111.721 69.379 14 30 30 580 4
321.082 111.721 69.379 15 30 30 580 4
321.082 111.721 69.379 16 30 30 580 4
321.082 111.721 69.379 17 30 30 580 4
321.082 111.721 69.379 18 30 30 580 4
297.225 87.360 53.477 19 30 30 583 4
128.513 104.791 132.296 20 30 30 329 1
274.707 46.894 28.076 21 30 30 532 2
274.707 46.894 28.076 22 30 30 532 2
274.707 46.894 28.076 23 30 30 532 2
274.707 46.894 28.076 24 30 30 532 2
274.707 46.894 28.076 25 30 30 532 2
274.707 46.894 28.076 26 30 30 532 2
227.398 130.623 290.536 27 30 30 496 2
227.398 130.623 290.536 28 30 30 496 2
227.398 130.623 290.536 29 30 30 496 2
227.398 130.623 290.536 30 30 30 496 2
