333.562 100.457 264.474 1 1 6 362 1
333.562 100.457 264.474 2 1 6 362 1
333.562 100.457 264.474 3 1 6 362 1
174.672 119.185 167.066 4 1 6 392 1
171.053 122.217 88.002 5 1 6 526 2
102.525 78.412 271.285 6 1 6 87 1
240.413 46.563 325.425 7 1 6 569 3
240.413 46.563 325.425 8 1 6 569 3
240.413 46.563 325.425 9 1 6 569 3
240.413 46.563 325.425 10 1 6 569 3
240.413 46.563 325.425 11 1 6 569 3
240.413 46.563 325.425 12 1 6 569 3
240.413 46.563 325.425 13 1 6 569 3
240.413 46.563 325.425 14 1 6 569 3
240.413 46.563 325.425 15 1 6 569 3
240.413 46.563 325.425 16 1 6 569 3
240.413 46.563 325.425 17 1 6 569 3
240.413 46.563 325.425 18 1 6 569 3
240.413 46.563 325.425 19 1 6 569 3
240.413 46.563 325.425 20 1 6 569 3
240.413 46.563 325.425 21 1 6 569 3
240.413 46.563 325.425 22 1 6 569 3
240.413 46.563 325.425 23 1 6 569 3
240.413 46.563 325.425 24 1 6 569 3
240.413 46.563 325.425 25 1 6 569 3
240.413 46.563 325.425 26 1 6 569 3
240.413 46.563 325.425 27 1 6 569 3
240.413 46.563 325.425 28 1 6 569 3
240.413 46.563 325.425 29 1 6 569 3
240.413 46.563 325.425 30 1 6 569 3
333.562 100.457 264.474 1 2 6 362 1
333.562 100.457 264.474 2 2 6 362 1
333.562 100.457 264.474 3 2 6 362 1
174.672 119.185 167.066 4 2 6 392 1
171.053 122.217 88.002 5 2 6 526 2
102.525 78.412 271.285 6 2 6 87 1
102.525 78.412 271.285 7 2 6 87 1
240.413 46.563 325.425 8 2 6 569 3
240.413 46.563 325.425 9 2 6 569 3
240.413 46.563 325.425 10 2 6 569 3
240.413 46.563 325.425 11 2 6 569 3
240.413 46.563 325.425 12 2 6 569 3
240.413 46.563 325.425 13 2 6 569 3
240.413 46.563 325.425 14 2 6 569 3
240.413 46.563 325.425 15 2 6 569 3
240.413 46.563 325.425 16 2 6 569 3
240.413 46.563 325.425 17 2 6 569 3
240.413 46.563 325.425 18 2 6 569 3
240.413 46.563 325.425 19 2 6 569 3
29.141 60.435 196.874 20 2 6 57 1
240.413 46.563 325.425 21 2 6 569 3
240.413 46.563 325.425 22 2 6 569 3
351.069 144.252 1.432 23 2 6 591 1
240.413 46.563 325.425 24 2 6 569 3
240.413 46.563 325.425 25 2 6 569 3
240.413 46.563 325.425 26 2 6 569 3
240.413 46.563 325.425 27 2 6 569 3
240.413 46.563 325.425 28 2 6 569 3
240.413 46.563 325.425 29 2 6 569 3
240.413 46.563 325.425 30 2 6 569 3
333.562 100.457 264.474 1 3 6 362 1
333.562 100.457 264.474 2 3 6 362 1
333.562 100.457 264.474 3 3 6 362 1
333.562 100.457 264.474 4 3 6 362 1
102.525 78.412 271.285 5 3 6 87 1
102.525 78.412 271.285 6 3 6 87 1
102.525 78.412 271.285 7 3 6 87 1
240.413 46.563 325.425 8 3 6 569 3
240.413 46.563 325.425 9 3 6 569 3
240.413 46.563 325.425 10 3 6 569 3
240.413 46.563 325.425 11 3 6 569 3
240.413 46.563 325.425 12 3 6 569 3
240.413 46.563 325.425 13 3 6 569 3
240.413 46.563 325.425 14 3 6 569 3
240.413 46.563 325.425 15 3 6 569 3
240.413 46.563 325.425 16 3 6 569 3
240.413 46.563 325.425 17 3 6 569 3
240.413 46.563 325.425 18 3 6 569 3
240.413 46.563 325.425 19 3 6 569 3
240.413 46.563 325.425 20 3 6 569 3
240.413 46.563 325.425 21 3 6 569 3
240.413 46.563 325.425 22 3 6 569 3
240.413 46.563 325.425 23 3 6 569 3
240.413 46.563 325.425 24 3 6 569 3
240.413 46.563 325.425 25 3 6 569 3
240.413 46.563 325.425 26 3 6 569 3
240.413 46.563 325.425 27 3 6 569 3
240.413 46.563 325.425 28 3 6 569 3
240.413 46.563 325.425 29 3 6 569 3
240.413 46.563 325.425 30 3 6 569 3
333.562 100.457 264.474 1 4 6 362 1
79.361 141.072 221.096 2 4 6 403 1
79.361 141.072 221.096 3 4 6 403 1
333.562 100.457 264.474 4 4 6 362 1
240.413 46.563 325.425 5 4 6 569 3
240.413 46.563 325.425 6 4 6 569 3
240.413 46.563 325.425 7 4 6 569 3
240.413 46.563 325.425 8 4 6 569 3
240.413 46.563 325.425 9 4 6 569 3
240.413 46.563 325.425 10 4 6 569 3
240.413 46.563 325.425 11 4 6 569 3
240.413 46.563 325.425 12 4 6 569 3
240.413 46.563 325.425 13 4 6 569 3
240.413 46.563 325.425 14 4 6 569 3
240.413 46.563 325.425 15 4 6 569 3
240.413 46.563 325.425 16 4 6 569 3
240.413 46.563 325.425 17 4 6 569 3
240.413 46.563 325.425 18 4 6 569 3
240.413 46.563 325.425 19 4 6 569 3
240.413 46.563 325.425 20 4 6 569 3
240.413 46.563 325.425 21 4 6 569 3
240.413 46.563 325.425 22 4 6 569 3
240.413 46.563 325.425 23 4 6 569 3
85.537 101.438 171.104 24 4 6 139 1
240.413 46.563 325.425 25 4 6 569 3
240.413 46.563 325.425 26 4 6 569 3
240.413 46.563 325.425 27 4 6 569 3
240.413 46.563 325.425 28 4 6 569 3
240.413 46.563 325.425 29 4 6 569 3
240.413 46.563 325.425 30 4 6 569 3
333.562 100.457 264.474 1 5 6 362 1
79.361 141.072 221.096 2 5 6 403 1
79.361 141.072 221.096 3 5 6 403 1
334.972 27.370 146.776 4 5 6 415 1
334.972 27.370 146.776 5 5 6 415 1
240.413 46.563 325.425 6 5 6 569 3
240.413 46.563 325.425 7 5 6 569 3
240.413 46.563 325.425 8 5 6 569 3
240.413 46.563 325.425 9 5 6 569 3
240.413 46.563 325.425 10 5 6 569 3
240.413 46.563 325.425 11 5 6 569 3
240.413 46.563 325.425 12 5 6 569 3
240.413 46.563 325.425 13 5 6 569 3
240.413 46.563 325.425 14 5 6 569 3
240.413 46.563 325.425 15 5 6 569 3
240.413 46.563 325.425 16 5 6 569 3
240.413 46.563 325.425 17 5 6 569 3
240.413 46.563 325.425 18 5 6 569 3
240.413 46.563 325.425 19 5 6 569 3
240.413 46.563 325.425 20 5 6 569 3
240.413 46.563 325.425 21 5 6 569 3
240.413 46.563 325.425 22 5 6 569 3
240.413 46.563 325.425 23 5 6 569 3
240.413 46.563 325.425 24 5 6 569 3
240.413 46.563 325.425 25 5 6 569 3
240.413 46.563 325.425 26 5 6 569 3
240.413 46.563 325.425 27 5 6 569 3
240.413 46.563 325.425 28 5 6 569 3
240.413 46.563 325.425 29 5 6 569 3
240.413 46.563 325.425 30 5 6 569 3
20.195 20.846 321.525 1 6 6 312 1
20.195 20.846 321.525 2 6 6 312 1
334.972 27.370 146.776 3 6 6 415 1
348.679 118.371 115.185 4 6 6 19 1
334.972 27.370 146.776 5 6 6 415 1
240.413 46.563 325.425 6 6 6 569 3
240.413 46.563 325.425 7 6 6 569 3
240.413 46.563 325.425 8 6 6 569 3
240.413 46.563 325.425 9 6 6 569 3
240.413 46.563 325.425 10 6 6 569 3
240.413 46.563 325.425 11 6 6 569 3
240.413 46.563 325.425 12 6 6 569 3
240.413 46.563 325.425 13 6 6 569 3
240.413 46.563 325.425 14 6 6 569 3
240.413 46.563 325.425 15 6 6 569 3
240.413 46.563 325.425 16 6 6 569 3
240.413 46.563 325.425 17 6 6 569 3
240.413 46.563 325.425 18 6 6 569 3
240.413 46.563 325.425 19 6 6 569 3
240.413 46.563 325.425 20 6 6 569 3
240.413 46.563 325.425 21 6 6 569 3
240.413 46.563 325.425 22 6 6 569 3
240.413 46.563 325.425 23 6 6 569 3
240.413 46.563 325.425 24 6 6 569 3
240.413 46.563 325.425 25 6 6 569 3
240.413 46.563 325.425 26 6 6 569 3
240.413 46.563 325.425 27 6 6 569 3
240.413 46.563 325.425 28 6 6 569 3
240.413 46.563 325.425 29 6 6 569 3
240.413 46.563 325.425 30 6 6 569 3
20.195 20.846 321.525 1 7 6 312 1
20.195 20.846 321.525 2 7 6 312 1
334.972 27.370 146.776 3 7 6 415 1
334.972 27.370 146.776 4 7 6 415 1
334.972 27.370 146.776 5 7 6 415 1
240.413 46.563 325.425 6 7 6 569 3
240.413 46.563 325.425 7 7 6 569 3
240.413 46.563 325.425 8 7 6 569 3
240.413 46.563 325.425 9 7 6 569 3
240.413 46.563 325.425 10 7 6 569 3
240.413 46.563 325.425 11 7 6 569 3
240.413 46.563 325.425 12 7 6 569 3
240.413 46.563 325.425 13 7 6 569 3
240.413 46.563 325.425 14 7 6 569 3
240.413 46.563 325.425 15 7 6 569 3
240.413 46.563 325.425 16 7 6 569 3
240.413 46.563 325.425 17 7 6 569 3
240.413 46.563 325.425 18 7 6 569 3
240.413 46.563 325.425 19 7 6 569 3
240.413 46.563 325.425 20 7 6 569 3
240.413 46.563 325.425 21 7 6 569 3
240.413 46.563 325.425 22 7 6 569 3
240.413 46.563 325.425 23 7 6 569 3
240.413 46.563 325.425 24 7 6 569 3
240.413 46.563 325.425 25 7 6 569 3
240.413 46.563 325.425 26 7 6 569 3
240.413 46.563 325.425 27 7 6 569 3
240.413 46.563 325.425 28 7 6 569 3
240.413 46.563 325.425 29 7 6 569 3
240.413 46.563 325.425 30 7 6 569 3
38.553 161.159 61.399 1 8 6 571 4
38.553 161.159 61.399 2 8 6 571 4
275.994 129.310 306.466 3 8 6 2 1
275.994 129.310 306.466 4 8 6 2 1
240.413 46.563 325.425 5 8 6 569 3
240.413 46.563 325.425 6 8 6 569 3
240.413 46.563 325.425 7 8 6 569 3
240.413 46.563 325.425 8 8 6 569 3
240.413 46.563 325.425 9 8 6 569 3
240.413 46.563 325.425 10 8 6 569 3
240.413 46.563 325.425 11 8 6 569 3
240.413 46.563 325.425 12 8 6 569 3
240.413 46.563 325.425 13 8 6 569 3
240.413 46.563 325.425 14 8 6 569 3
240.413 46.563 325.425 15 8 6 569 3
240.413 46.563 325.425 16 8 6 569 3
240.413 46.563 325.425 17 8 6 569 3
249.197 65.328 301.290 18 8 6 60 1
240.413 46.563 325.425 19 8 6 569 3
240.413 46.563 325.425 20 8 6 569 3
240.413 46.563 325.425 21 8 6 569 3
240.413 46.563 325.425 22 8 6 569 3
240.413 46.563 325.425 23 8 6 569 3
240.413 46.563 325.425 24 8 6 569 3
240.413 46.563 325.425 25 8 6 569 3
240.413 46.563 325.425 26 8 6 569 3
240.413 46.563 325.425 27 8 6 569 3
178.579 32.322 266.068 28 8 6 282 1
240.413 46.563 325.425 29 8 6 569 3
240.413 46.563 325.425 30 8 6 569 3
38.553 161.159 61.399 1 9 6 571 4
38.553 161.159 61.399 2 9 6 571 4
38.553 161.159 61.399 3 9 6 571 4
38.553 161.159 61.399 4 9 6 571 4
38.553 161.159 61.399 5 9 6 571 4
38.553 161.159 61.399 6 9 6 571 4
240.413 46.563 325.425 7 9 6 569 3
240.413 46.563 325.425 8 9 6 569 3
240.413 46.563 325.425 9 9 6 569 3
240.413 46.563 325.425 10 9 6 569 3
240.413 46.563 325.425 11 9 6 569 3
240.413 46.563 325.425 12 9 6 569 3
240.413 46.563 325.425 13 9 6 569 3
29.549 84.338 298.218 14 9 6 476 2
240.413 46.563 325.425 15 9 6 569 3
240.413 46.563 325.425 16 9 6 569 3
240.413 46.563 325.425 17 9 6 569 3
240.413 46.563 325.425 18 9 6 569 3
240.413 46.563 325.425 19 9 6 569 3
240.413 46.563 325.425 20 9 6 569 3
240.413 46.563 325.425 21 9 6 569 3
240.413 46.563 325.425 22 9 6 569 3
240.413 46.563 325.425 23 9 6 569 3
240.413 46.563 325.425 24 9 6 569 3
240.413 46.563 325.425 25 9 6 569 3
240.413 46.563 325.425 26 9 6 569 3
240.413 46.563 325.425 27 9 6 569 3
240.413 46.563 325.425 28 9 6 569 3
240.413 46.563 325.425 29 9 6 569 3
180.865 30.664 252.683 30 9 6 546 2
38.553 161.159 61.399 1 10 6 571 4
38.553 161.159 61.399 2 10 6 571 4
38.553 161.159 61.399 3 10 6 571 4
38.553 161.159 61.399 4 10 6 571 4
38.553 161.159 61.399 5 10 6 571 4
38.553 161.159 61.399 6 10 6 571 4
38.553 161.159 61.399 7 10 6 571 4
240.413 46.563 325.425 8 10 6 569 3
240.413 46.563 325.425 9 10 6 569 3
240.413 46.563 325.425 10 10 6 569 3
240.413 46.563 325.425 11 10 6 569 3
240.413 46.563 325.425 12 10 6 569 3
240.413 46.563 325.425 13 10 6 569 3
29.549 84.338 298.218 14 10 6 476 2
240.413 46.563 325.425 15 10 6 569 3
240.413 46.563 325.425 16 10 6 569 3
240.413 46.563 325.425 17 10 6 569 3
240.413 46.563 325.425 18 10 6 569 3
240.413 46.563 325.425 19 10 6 569 3
240.413 46.563 325.425 20 10 6 569 3
240.413 46.563 325.425 21 10 6 569 3
240.413 46.563 325.425 22 10 6 569 3
240.413 46.563 325.425 23 10 6 569 3
240.413 46.563 325.425 24 10 6 569 3
240.413 46.563 325.425 25 10 6 569 3
240.413 46.563 325.425 26 10 6 569 3
240.413 46.563 325.425 27 10 6 569 3
240.413 46.563 325.425 28 10 6 569 3
240.413 46.563 325.425 29 10 6 569 3
240.413 46.563 325.425 30 10 6 569 3
38.553 161.159 61.399 1 11 6 571 4
38.553 161.159 61.399 2 11 6 571 4
38.553 161.159 61.399 3 11 6 571 4
38.553 161.159 61.399 4 11 6 571 4
38.553 161.159 61.399 5 11 6 571 4
38.553 161.159 61.399 6 11 6 571 4
38.553 161.159 61.399 7 11 6 571 4
38.553 161.159 61.399 8 11 6 571 4
240.413 46.563 325.425 9 11 6 569 3
240.413 46.563 325.425 10 11 6 569 3
240.413 46.563 325.425 11 11 6 569 3
240.413 46.563 325.425 12 11 6 569 3
240.413 46.563 325.425 13 11 6 569 3
29.549 84.338 298.218 14 11 6 476 2
240.413 46.563 325.425 15 11 6 569 3
240.413 46.563 325.425 16 11 6 569 3
240.413 46.563 325.425 17 11 6 569 3
240.413 46.563 325.425 18 11 6 569 3
240.413 46.563 325.425 19 11 6 569 3
240.413 46.563 325.425 20 11 6 569 3
240.413 46.563 325.425 21 11 6 569 3
240.413 46.563 325.425 22 11 6 569 3
240.413 46.563 325.425 23 11 6 569 3
240.413 46.563 325.425 24 11 6 569 3
240.413 46.563 325.425 25 11 6 569 3
240.413 46.563 325.425 26 11 6 569 3
240.413 46.563 325.425 27 11 6 569 3
240.413 46.563 325.425 28 11 6 569 3
240.413 46.563 325.425 29 11 6 569 3
240.413 46.563 325.425 30 11 6 569 3
38.553 161.159 61.399 1 12 6 571 4
38.553 161.159 61.399 2 12 6 571 4
38.553 161.159 61.399 3 12 6 571 4
38.553 161.159 61.399 4 12 6 571 4
38.553 161.159 61.399 5 12 6 571 4
38.553 161.159 61.399 6 12 6 571 4
38.553 161.159 61.399 7 12 6 571 4
38.553 161.159 61.399 8 12 6 571 4
38.553 161.159 61.399 9 12 6 571 4
240.413 46.563 325.425 10 12 6 569 3
240.413 46.563 325.425 11 12 6 569 3
240.413 46.563 325.425 12 12 6 569 3
240.413 46.563 325.425 13 12 6 569 3
240.413 46.563 325.425 14 12 6 569 3
240.413 46.563 325.425 15 12 6 569 3
240.413 46.563 325.425 16 12 6 569 3
240.413 46.563 325.425 17 12 6 569 3
240.413 46.563 325.425 18 12 6 569 3
240.413 46.563 325.425 19 12 6 569 3
240.413 46.563 325.425 20 12 6 569 3
240.413 46.563 325.425 21 12 6 569 3
213.703 23.798 79.138 22 12 6 340 1
240.413 46.563 325.425 23 12 6 569 3
240.413 46.563 325.425 24 12 6 569 3
240.413 46.563 325.425 25 12 6 569 3
240.413 46.563 325.425 26 12 6 569 3
240.413 46.563 325.425 27 12 6 569 3
240.413 46.563 325.425 28 12 6 569 3
240.413 46.563 325.425 29 12 6 569 3
240.413 46.563 325.425 30 12 6 569 3
38.553 161.159 61.399 1 13 6 571 4
38.553 161.159 61.399 2 13 6 571 4
38.553 161.159 61.399 3 13 6 571 4
38.553 161.159 61.399 4 13 6 571 4
38.553 161.159 61.399 5 13 6 571 4
38.553 161.159 61.399 6 13 6 571 4
38.553 161.159 61.399 7 13 6 571 4
38.553 161.159 61.399 8 13 6 571 4
38.553 161.159 61.399 9 13 6 571 4
38.553 161.159 61.399 10 13 6 571 4
240.413 46.563 325.425 11 13 6 569 3
240.413 46.563 325.425 12 13 6 569 3
240.413 46.563 325.425 13 13 6 569 3
240.413 46.563 325.425 14 13 6 569 3
240.413 46.563 325.425 15 13 6 569 3
240.413 46.563 325.425 16 13 6 569 3
240.413 46.563 325.425 17 13 6 569 3
240.413 46.563 325.425 18 13 6 569 3
240.413 46.563 325.425 19 13 6 569 3
240.413 46.563 325.425 20 13 6 569 3
240.413 46.563 325.425 21 13 6 569 3
240.413 46.563 325.425 22 13 6 569 3
240.413 46.563 325.425 23 13 6 569 3
240.413 46.563 325.425 24 13 6 569 3
240.413 46.563 325.425 25 13 6 569 3
240.413 46.563 325.425 26 13 6 569 3
240.413 46.563 325.425 27 13 6 569 3
240.413 46.563 325.425 28 13 6 569 3
240.413 46.563 325.425 29 13 6 569 3
240.413 46.563 325.425 30 13 6 569 3
38.553 161.159 61.399 1 14 6 571 4
148.613 15.570 100.926 2 14 6 79 1
38.553 161.159 61.399 3 14 6 571 4
38.553 161.159 61.399 4 14 6 571 4
38.553 161.159 61.399 5 14 6 571 4
38.553 161.159 61.399 6 14 6 571 4
38.553 161.159 61.399 7 14 6 571 4
38.553 161.159 61.399 8 14 6 571 4
38.553 161.159 61.399 9 14 6 571 4
45.767 82.546 39.199 10 14 6 592 1
38.553 161.159 61.399 11 14 6 571 4
240.413 46.563 325.425 12 14 6 569 3
240.413 46.563 325.425 13 14 6 569 3
240.413 46.563 325.425 14 14 6 569 3
240.413 46.563 325.425 15 14 6 569 3
240.413 46.563 325.425 16 14 6 569 3
240.413 46.563 325.425 17 14 6 569 3
240.413 46.563 325.425 18 14 6 569 3
240.413 46.563 325.425 19 14 6 569 3
240.413 46.563 325.425 20 14 6 569 3
240.413 46.563 325.425 21 14 6 569 3
240.413 46.563 325.425 22 14 6 569 3
240.413 46.563 325.425 23 14 6 569 3
240.413 46.563 325.425 24 14 6 569 3
240.413 46.563 325.425 25 14 6 569 3
240.413 46.563 325.425 26 14 6 569 3
240.413 46.563 325.425 27 14 6 569 3
240.413 46.563 325.425 28 14 6 569 3
240.413 46.563 325.425 29 14 6 569 3
359.392 81.007 259.773 30 14 6 576 4
38.553 161.159 61.399 1 15 6 571 4
38.553 161.159 61.399 2 15 6 571 4
38.553 161.159 61.399 3 15 6 571 4
38.553 161.159 61.399 4 15 6 571 4
38.553 161.159 61.399 5 15 6 571 4
38.553 161.159 61.399 6 15 6 571 4
38.553 161.159 61.399 7 15 6 571 4
38.553 161.159 61.399 8 15 6 571 4
38.553 161.159 61.399 9 15 6 571 4
38.553 161.159 61.399 10 15 6 571 4
38.553 161.159 61.399 11 15 6 571 4
38.553 161.159 61.399 12 15 6 571 4
240.413 46.563 325.425 13 15 6 569 3
240.413 46.563 325.425 14 15 6 569 3
65.562 39.568 293.043 15 15 6 455 1
65.562 39.568 293.043 16 15 6 455 1
240.413 46.563 325.425 17 15 6 569 3
240.413 46.563 325.425 18 15 6 569 3
240.413 46.563 325.425 19 15 6 569 3
240.413 46.563 325.425 20 15 6 569 3
240.413 46.563 325.425 21 15 6 569 3
240.413 46.563 325.425 22 15 6 569 3
240.413 46.563 325.425 23 15 6 569 3
240.413 46.563 325.425 24 15 6 569 3
38.171 83.275 18.576 25 15 6 138 1
240.413 46.563 325.425 26 15 6 569 3
240.413 46.563 325.425 27 15 6 569 3
240.413 46.563 325.425 28 15 6 569 3
359.392 81.007 259.773 29 15 6 576 4
359.392 81.007 259.773 30 15 6 576 4
38.553 161.159 61.399 1 16 6 571 4
38.553 161.159 61.399 2 16 6 571 4
38.553 161.159 61.399 3 16 6 571 4
100.150 85.866 156.853 4 16 6 488 2
38.553 161.159 61.399 5 16 6 571 4
61.586 55.038 161.032 6 16 6 140 1
38.553 161.159 61.399 7 16 6 571 4
38.553 161.159 61.399 8 16 6 571 4
38.553 161.159 61.399 9 16 6 571 4
251.574 128.897 294.073 10 16 6 158 1
38.553 161.159 61.399 11 16 6 571 4
38.553 161.159 61.399 12 16 6 571 4
38.553 161.159 61.399 13 16 6 571 4
240.413 46.563 325.425 14 16 6 569 3
45.666 68.598 255.871 15 16 6 547 2
45.666 68.598 255.871 16 16 6 547 2
45.666 68.598 255.871 17 16 6 547 2
240.413 46.563 325.425 18 16 6 569 3
240.413 46.563 325.425 19 16 6 569 3
240.413 46.563 325.425 20 16 6 569 3
240.413 46.563 325.425 21 16 6 569 3
240.413 46.563 325.425 22 16 6 569 3
240.413 46.563 325.425 23 16 6 569 3
240.413 46.563 325.425 24 16 6 569 3
38.171 83.275 18.576 25 16 6 138 1
240.413 46.563 325.425 26 16 6 569 3
359.392 81.007 259.773 27 16 6 576 4
359.392 81.007 259.773 28 16 6 576 4
359.392 81.007 259.773 29 16 6 576 4
359.392 81.007 259.773 30 16 6 576 4
38.553 161.159 61.399 1 17 6 571 4
38.553 161.159 61.399 2 17 6 571 4
38.553 161.159 61.399 3 17 6 571 4
38.553 161.159 61.399 4 17 6 571 4
38.553 161.159 61.399 5 17 6 571 4
38.553 161.159 61.399 6 17 6 571 4
38.553 161.159 61.399 7 17 6 571 4
38.553 161.159 61.399 8 17 6 571 4
38.553 161.159 61.399 9 17 6 571 4
38.553 161.159 61.399 10 17 6 571 4
38.553 161.159 61.399 11 17 6 571 4
38.553 161.159 61.399 12 17 6 571 4
38.553 161.159 61.399 13 17 6 571 4
45.666 68.598 255.871 14 17 6 547 2
45.666 68.598 255.871 15 17 6 547 2
65.562 39.568 293.043 16 17 6 455 1
65.562 39.568 293.043 17 17 6 455 1
240.413 46.563 325.425 18 17 6 569 3
240.413 46.563 325.425 19 17 6 569 3
240.413 46.563 325.425 20 17 6 569 3
240.413 46.563 325.425 21 17 6 569 3
240.413 46.563 325.425 22 17 6 569 3
240.413 46.563 325.425 23 17 6 569 3
240.413 46.563 325.425 24 17 6 569 3
38.171 83.275 18.576 25 17 6 138 1
359.392 81.007 259.773 26 17 6 576 4
228.036 76.707 219.148 27 17 6 133 1
228.036 76.707 219.148 28 17 6 133 1
359.392 81.007 259.773 29 17 6 576 4
359.392 81.007 259.773 30 17 6 576 4
38.553 161.159 61.399 1 18 6 571 4
38.553 161.159 61.399 2 18 6 571 4
38.553 161.159 61.399 3 18 6 571 4
38.553 161.159 61.399 4 18 6 571 4
38.553 161.159 61.399 5 18 6 571 4
41.575 114.460 76.584 6 18 6 43 1
38.553 161.159 61.399 7 18 6 571 4
38.553 161.159 61.399 8 18 6 571 4
38.553 161.159 61.399 9 18 6 571 4
38.553 161.159 61.399 10 18 6 571 4
38.553 161.159 61.399 11 18 6 571 4
326.477 48.393 121.563 12 18 6 215 1
38.553 161.159 61.399 13 18 6 571 4
355.395 144.881 306.395 14 18 6 570 4
355.395 144.881 306.395 15 18 6 570 4
355.395 144.881 306.395 16 18 6 570 4
65.562 39.568 293.043 17 18 6 455 1
190.388 107.760 281.164 18 18 6 519 2
190.388 107.760 281.164 19 18 6 519 2
311.445 55.821 306.005 20 18 6 478 2
168.000 118.190 82.347 21 18 6 573 4
168.000 118.190 82.347 22 18 6 573 4
168.000 118.190 82.347 23 18 6 573 4
168.000 118.190 82.347 24 18 6 573 4
359.392 81.007 259.773 25 18 6 576 4
359.392 81.007 259.773 26 18 6 576 4
359.392 81.007 259.773 27 18 6 576 4
359.392 81.007 259.773 28 18 6 576 4
359.392 81.007 259.773 29 18 6 576 4
359.392 81.007 259.773 30 18 6 576 4
38.553 161.159 61.399 1 19 6 571 4
38.553 161.159 61.399 2 19 6 571 4
38.553 161.159 61.399 3 19 6 571 4
38.553 161.159 61.399 4 19 6 571 4
38.553 161.159 61.399 5 19 6 571 4
38.553 161.159 61.399 6 19 6 571 4
38.553 161.159 61.399 7 19 6 571 4
38.553 161.159 61.399 8 19 6 571 4
38.553 161.159 61.399 9 19 6 571 4
38.553 161.159 61.399 10 19 6 571 4
38.553 161.159 61.399 11 19 6 571 4
38.553 161.159 61.399 12 19 6 571 4
355.395 144.881 306.395 13 19 6 570 4
355.395 144.881 306.395 14 19 6 570 4
355.395 144.881 306.395 15 19 6 570 4
355.395 144.881 306.395 16 19 6 570 4
355.395 144.881 306.395 17 19 6 570 4
190.388 107.760 281.164 18 19 6 519 2
190.388 107.760 281.164 19 19 6 519 2
168.000 118.190 82.347 20 19 6 573 4
168.000 118.190 82.347 21 19 6 573 4
168.000 118.190 82.347 22 19 6 573 4
168.000 118.190 82.347 23 19 6 573 4
168.000 118.190 82.347 24 19 6 573 4
359.392 81.007 259.773 25 19 6 576 4
359.392 81.007 259.773 26 19 6 576 4
359.392 81.007 259.773 27 19 6 576 4
359.392 81.007 259.773 28 19 6 576 4
359.392 81.007 259.773 29 19 6 576 4
359.392 81.007 259.773 30 19 6 576 4
38.553 161.159 61.399 1 20 6 571 4
38.553 161.159 61.399 2 20 6 571 4
38.553 161.159 61.399 3 20 6 571 4
38.553 161.159 61.399 4 20 6 571 4
38.553 161.159 61.399 5 20 6 571 4
38.553 161.159 61.399 6 20 6 571 4
38.553 161.159 61.399 7 20 6 571 4
38.553 161.159 61.399 8 20 6 571 4
38.553 161.159 61.399 9 20 6 571 4
38.553 161.159 61.399 10 20 6 571 4
38.553 161.159 61.399 11 20 6 571 4
355.395 144.881 306.395 12 20 6 570 4
355.395 144.881 306.395 13 20 6 570 4
355.395 144.881 306.395 14 20 6 570 4
355.395 144.881 306.395 15 20 6 570 4
355.395 144.881 306.395 16 20 6 570 4
355.395 144.881 306.395 17 20 6 570 4
190.388 107.760 281.164 18 20 6 519 2
190.388 107.760 281.164 19 20 6 519 2
168.000 118.190 82.347 20 20 6 573 4
168.000 118.190 82.347 21 20 6 573 4
168.000 118.190 82.347 22 20 6 573 4
168.000 118.190 82.347 23 20 6 573 4
168.000 118.190 82.347 24 20 6 573 4
359.392 81.007 259.773 25 20 6 576 4
359.392 81.007 259.773 26 20 6 576 4
359.392 81.007 259.773 27 20 6 576 4
359.392 81.007 259.773 28 20 6 576 4
359.392 81.007 259.773 29 20 6 576 4
359.392 81.007 259.773 30 20 6 576 4
38.553 161.159 61.399 1 21 6 571 4
38.553 161.159 61.399 2 21 6 571 4
38.553 161.159 61.399 3 21 6 571 4
38.553 161.159 61.399 4 21 6 571 4
38.553 161.159 61.399 5 21 6 571 4
38.553 161.159 61.399 6 21 6 571 4
38.553 161.159 61.399 7 21 6 571 4
38.553 161.159 61.399 8 21 6 571 4
38.553 161.159 61.399 9 21 6 571 4
38.553 161.159 61.399 10 21 6 571 4
355.395 144.881 306.395 11 21 6 570 4
355.395 144.881 306.395 12 21 6 570 4
355.395 144.881 306.395 13 21 6 570 4
355.395 144.881 306.395 14 21 6 570 4
355.395 144.881 306.395 15 21 6 570 4
355.395 144.881 306.395 16 21 6 570 4
355.395 144.881 306.395 17 21 6 570 4
355.395 144.881 306.395 18 21 6 570 4
168.000 118.190 82.347 19 21 6 573 4
168.000 118.190 82.347 20 21 6 573 4
168.000 118.190 82.347 21 21 6 573 4
168.000 118.190 82.347 22 21 6 573 4
168.000 118.190 82.347 23 21 6 573 4
168.000 118.190 82.347 24 21 6 573 4
359.392 81.007 259.773 25 21 6 576 4
359.392 81.007 259.773 26 21 6 576 4
359.392 81.007 259.773 27 21 6 576 4
359.392 81.007 259.773 28 21 6 576 4
359.392 81.007 259.773 29 21 6 576 4
359.392 81.007 259.773 30 21 6 576 4
38.553 161.159 61.399 1 22 6 571 4
122.802 84.842 124.215 2 22 6 74 1
38.553 161.159 61.399 3 22 6 571 4
38.553 161.159 61.399 4 22 6 571 4
38.553 161.159 61.399 5 22 6 571 4
38.553 161.159 61.399 6 22 6 571 4
38.553 161.159 61.399 7 22 6 571 4
38.553 161.159 61.399 8 22 6 571 4
38.553 161.159 61.399 9 22 6 571 4
341.066 96.361 307.460 10 22 6 102 1
355.395 144.881 306.395 11 22 6 570 4
355.395 144.881 306.395 12 22 6 570 4
355.395 144.881 306.395 13 22 6 570 4
355.395 144.881 306.395 14 22 6 570 4
355.395 144.881 306.395 15 22 6 570 4
355.395 144.881 306.395 16 22 6 570 4
355.395 144.881 306.395 17 22 6 570 4
355.395 144.881 306.395 18 22 6 570 4
168.000 118.190 82.347 19 22 6 573 4
168.000 118.190 82.347 20 22 6 573 4
168.000 118.190 82.347 21 22 6 573 4
168.000 118.190 82.347 22 22 6 573 4
168.000 118.190 82.347 23 22 6 573 4
168.000 118.190 82.347 24 22 6 573 4
359.392 81.007 259.773 25 22 6 576 4
359.392 81.007 259.773 26 22 6 576 4
359.392 81.007 259.773 27 22 6 576 4
144.019 69.470 275.033 28 22 6 449 1
359.392 81.007 259.773 29 22 6 576 4
359.392 81.007 259.773 30 22 6 576 4
38.553 161.159 61.399 1 23 6 571 4
38.553 161.159 61.399 2 23 6 571 4
38.553 161.159 61.399 3 23 6 571 4
38.553 161.159 61.399 4 23 6 571 4
38.553 161.159 61.399 5 23 6 571 4
38.553 161.159 61.399 6 23 6 571 4
38.553 161.159 61.399 7 23 6 571 4
38.553 161.159 61.399 8 23 6 571 4
38.553 161.159 61.399 9 23 6 571 4
38.553 161.159 61.399 10 23 6 571 4
355.395 144.881 306.395 11 23 6 570 4
355.395 144.881 306.395 12 23 6 570 4
355.395 144.881 306.395 13 23 6 570 4
355.395 144.881 306.395 14 23 6 570 4
355.395 144.881 306.395 15 23 6 570 4
355.395 144.881 306.395 16 23 6 570 4
355.395 144.881 306.395 17 23 6 570 4
168.000 118.190 82.347 18 23 6 573 4
168.000 118.190 82.347 19 23 6 573 4
168.000 118.190 82.347 20 23 6 573 4
168.000 118.190 82.347 21 23 6 573 4
168.000 118.190 82.347 22 23 6 573 4
168.000 118.190 82.347 23 23 6 573 4
168.000 118.190 82.347 24 23 6 573 4
359.392 81.007 259.773 25 23 6 576 4
359.392 81.007 259.773 26 23 6 576 4
359.392 81.007 259.773 27 23 6 576 4
359.392 81.007 259.773 28 23 6 576 4
359.392 81.007 259.773 29 23 6 576 4
359.392 81.007 259.773 30 23 6 576 4
38.553 161.159 61.399 1 24 6 571 4
38.553 161.159 61.399 2 24 6 571 4
38.553 161.159 61.399 3 24 6 571 4
38.553 161.159 61.399 4 24 6 571 4
38.553 161.159 61.399 5 24 6 571 4
18.949 158.086 142.394 6 24 6 38 1
38.553 161.159 61.399 7 24 6 571 4
38.553 161.159 61.399 8 24 6 571 4
38.553 161.159 61.399 9 24 6 571 4
38.553 161.159 61.399 10 24 6 571 4
103.952 82.217 152.150 11 24 6 37 1
103.952 82.217 152.150 12 24 6 37 1
103.952 82.217 152.150 13 24 6 37 1
355.395 144.881 306.395 14 24 6 570 4
355.395 144.881 306.395 15 24 6 570 4
355.395 144.881 306.395 16 24 6 570 4
168.000 118.190 82.347 17 24 6 573 4
168.000 118.190 82.347 18 24 6 573 4
168.000 118.190 82.347 19 24 6 573 4
168.000 118.190 82.347 20 24 6 573 4
168.000 118.190 82.347 21 24 6 573 4
80.022 30.315 34.574 22 24 6 297 1
168.000 118.190 82.347 23 24 6 573 4
359.392 81.007 259.773 24 24 6 576 4
359.392 81.007 259.773 25 24 6 576 4
359.392 81.007 259.773 26 24 6 576 4
359.392 81.007 259.773 27 24 6 576 4
359.392 81.007 259.773 28 24 6 576 4
359.392 81.007 259.773 29 24 6 576 4
359.392 81.007 259.773 30 24 6 576 4
38.553 161.159 61.399 1 25 6 571 4
38.553 161.159 61.399 2 25 6 571 4
38.553 161.159 61.399 3 25 6 571 4
38.553 161.159 61.399 4 25 6 571 4
38.553 161.159 61.399 5 25 6 571 4
38.553 161.159 61.399 6 25 6 571 4
38.553 161.159 61.399 7 25 6 571 4
38.553 161.159 61.399 8 25 6 571 4
38.553 161.159 61.399 9 25 6 571 4
103.952 82.217 152.150 10 25 6 37 1
103.952 82.217 152.150 11 25 6 37 1
103.952 82.217 152.150 12 25 6 37 1
103.952 82.217 152.150 13 25 6 37 1
238.218 45.043 155.225 14 25 6 585 4
238.218 45.043 155.225 15 25 6 585 4
238.218 45.043 155.225 16 25 6 585 4
168.000 118.190 82.347 17 25 6 573 4
168.000 118.190 82.347 18 25 6 573 4
168.000 118.190 82.347 19 25 6 573 4
168.000 118.190 82.347 20 25 6 573 4
168.000 118.190 82.347 21 25 6 573 4
168.000 118.190 82.347 22 25 6 573 4
168.000 118.190 82.347 23 25 6 573 4
359.392 81.007 259.773 24 25 6 576 4
359.392 81.007 259.773 25 25 6 576 4
359.392 81.007 259.773 26 25 6 576 4
359.392 81.007 259.773 27 25 6 576 4
359.392 81.007 259.773 28 25 6 576 4
359.392 81.007 259.773 29 25 6 576 4
359.392 81.007 259.773 30 25 6 576 4
38.553 161.159 61.399 1 26 6 571 4
38.553 161.159 61.399 2 26 6 571 4
185.398 142.526 34.283 3 26 6 581 4
185.398 142.526 34.283 4 26 6 581 4
185.398 142.526 34.283 5 26 6 581 4
315.546 45.184 325.960 6 26 6 388 1
185.398 142.526 34.283 7 26 6 581 4
185.398 142.526 34.283 8 26 6 581 4
185.398 142.526 34.283 9 26 6 581 4
204.468 85.731 341.311 10 26 6 121 1
204.468 85.731 341.311 11 26 6 121 1
116.577 125.677 18.554 12 26 6 555 2
116.577 125.677 18.554 13 26 6 555 2
238.218 45.043 155.225 14 26 6 585 4
238.218 45.043 155.225 15 26 6 585 4
238.218 45.043 155.225 16 26 6 585 4
168.000 118.190 82.347 17 26 6 573 4
168.000 118.190 82.347 18 26 6 573 4
168.000 118.190 82.347 19 26 6 573 4
168.000 118.190 82.347 20 26 6 573 4
168.000 118.190 82.347 21 26 6 573 4
168.000 118.190 82.347 22 26 6 573 4
359.392 81.007 259.773 23 26 6 576 4
359.392 81.007 259.773 24 26 6 576 4
359.392 81.007 259.773 25 26 6 576 4
359.392 81.007 259.773 26 26 6 576 4
359.392 81.007 259.773 27 26 6 576 4
359.392 81.007 259.773 28 26 6 576 4
359.392 81.007 259.773 29 26 6 576 4
359.392 81.007 259.773 30 26 6 576 4
38.553 161.159 61.399 1 27 6 571 4
237.199 36.967 343.660 2 27 6 426 1
185.398 142.526 34.283 3 27 6 581 4
185.398 142.526 34.283 4 27 6 581 4
185.398 142.526 34.283 5 27 6 581 4
185.398 142.526 34.283 6 27 6 581 4
185.398 142.526 34.283 7 27 6 581 4
185.398 142.526 34.283 8 27 6 581 4
185.398 142.526 34.283 9 27 6 581 4
192.653 138.677 277.600 10 27 6 567 2
116.577 125.677 18.554 11 27 6 555 2
116.577 125.677 18.554 12 27 6 555 2
116.577 125.677 18.554 13 27 6 555 2
238.218 45.043 155.225 14 27 6 585 4
238.218 45.043 155.225 15 27 6 585 4
238.218 45.043 155.225 16 27 6 585 4
238.218 45.043 155.225 17 27 6 585 4
168.000 118.190 82.347 18 27 6 573 4
168.000 118.190 82.347 19 27 6 573 4
168.000 118.190 82.347 20 27 6 573 4
168.000 118.190 82.347 21 27 6 573 4
168.000 118.190 82.347 22 27 6 573 4
359.392 81.007 259.773 23 27 6 576 4
359.392 81.007 259.773 24 27 6 576 4
359.392 81.007 259.773 25 27 6 576 4
359.392 81.007 259.773 26 27 6 576 4
359.392 81.007 259.773 27 27 6 576 4
359.392 81.007 259.773 28 27 6 576 4
359.392 81.007 259.773 29 27 6 576 4
359.392 81.007 259.773 30 27 6 576 4
38.553 161.159 61.399 1 28 6 571 4
185.398 142.526 34.283 2 28 6 581 4
185.398 142.526 34.283 3 28 6 581 4
185.398 142.526 34.283 4 28 6 581 4
185.398 142.526 34.283 5 28 6 581 4
185.398 142.526 34.283 6 28 6 581 4
185.398 142.526 34.283 7 28 6 581 4
185.398 142.526 34.283 8 28 6 581 4
185.398 142.526 34.283 9 28 6 581 4
19.376 47.367 172.841 10 28 6 425 1
19.376 47.367 172.841 11 28 6 425 1
238.218 45.043 155.225 12 28 6 585 4
238.218 45.043 155.225 13 28 6 585 4
238.218 45.043 155.225 14 28 6 585 4
238.218 45.043 155.225 15 28 6 585 4
238.218 45.043 155.225 16 28 6 585 4
238.218 45.043 155.225 17 28 6 585 4
168.000 118.190 82.347 18 28 6 573 4
168.000 118.190 82.347 19 28 6 573 4
168.000 118.190 82.347 20 28 6 573 4
168.000 118.190 82.347 21 28 6 573 4
359.392 81.007 259.773 22 28 6 576 4
359.392 81.007 259.773 23 28 6 576 4
359.392 81.007 259.773 24 28 6 576 4
359.392 81.007 259.773 25 28 6 576 4
359.392 81.007 259.773 26 28 6 576 4
359.392 81.007 259.773 27 28 6 576 4
359.392 81.007 259.773 28 28 6 576 4
359.392 81.007 259.773 29 28 6 576 4
359.392 81.007 259.773 30 28 6 576 4
132.162 137.878 19.634 1 29 6 460 1
132.162 137.878 19.634 2 29 6 460 1
185.398 142.526 34.283 3 29 6 581 4
185.398 142.526 34.283 4 29 6 581 4
185.398 142.526 34.283 5 29 6 581 4
185.398 142.526 34.283 6 29 6 581 4
185.398 142.526 34.283 7 29 6 581 4
185.398 142.526 34.283 8 29 6 581 4
185.398 142.526 34.283 9 29 6 581 4
19.376 47.367 172.841 10 29 6 425 1
19.376 47.367 172.841 11 29 6 425 1
287.541 167.124 271.209 12 29 6 470 2
287.541 167.124 271.209 13 29 6 470 2
238.218 45.043 155.225 14 29 6 585 4
238.218 45.043 155.225 15 29 6 585 4
238.218 45.043 155.225 16 29 6 585 4
238.218 45.043 155.225 17 29 6 585 4
168.000 118.190 82.347 18 29 6 573 4
168.000 118.190 82.347 19 29 6 573 4
168.000 118.190 82.347 20 29 6 573 4
359.392 81.007 259.773 21 29 6 576 4
359.392 81.007 259.773 22 29 6 576 4
359.392 81.007 259.773 23 29 6 576 4
359.392 81.007 259.773 24 29 6 576 4
359.392 81.007 259.773 25 29 6 576 4
359.392 81.007 259.773 26 29 6 576 4
359.392 81.007 259.773 27 29 6 576 4
359.392 81.007 259.773 28 29 6 576 4
359.392 81.007 259.773 29 29 6 576 4
359.392 81.007 259.773 30 29 6 576 4
132.162 137.878 19.634 1 30 6 460 1
132.162 137.878 19.634 2 30 6 460 1
185.398 142.526 34.283 3 30 6 581 4
185.398 142.526 34.283 4 30 6 581 4
185.398 142.526 34.283 5 30 6 581 4
185.398 142.526 34.283 6 30 6 581 4
185.398 142.526 34.283 7 30 6 581 4
185.398 142.526 34.283 8 30 6 581 4
185.398 142.526 34.283 9 30 6 581 4
19.376 47.367 172.841 10 30 6 425 1
287.541 167.124 271.209 11 30 6 470 2
287.541 167.124 271.209 12 30 6 470 2
287.541 167.124 271.209 13 30 6 470 2
238.218 45.043 155.225 14 30 6 585 4
238.218 45.043 155.225 15 30 6 585 4
238.218 45.043 155.225 16 30 6 585 4
168.000 118.190 82.347 17 30 6 573 4
168.000 118.190 82.347 18 30 6 573 4
168.000 118.190 82.347 19 30 6 573 4
168.000 118.190 82.347 20 30 6 573 4
359.392 81.007 259.773 21 30 6 576 4
359.392 81.007 259.773 22 30 6 576 4
359.392 81.007 259.773 23 30 6 576 4
359.392 81.007 259.773 24 30 6 576 4
359.392 81.007 259.773 25 30 6 576 4
359.392 81.007 259.773 26 30 6 576 4
359.392 81.007 259.773 27 30 6 576 4
359.392 81.007 259.773 28 30 6 576 4
359.392 81.007 259.773 29 30 6 576 4
140.396 36.654 60.748 30 30 6 559 2
