333.562 100.457 264.474 1 1 2 362 1
333.562 100.457 264.474 2 1 2 362 1
333.562 100.457 264.474 3 1 2 362 1
171.053 122.217 88.002 4 1 2 526 2
171.053 122.217 88.002 5 1 2 526 2
171.053 122.217 88.002 6 1 2 526 2
171.053 122.217 88.002 7 1 2 526 2
171.053 122.217 88.002 8 1 2 526 2
171.053 122.217 88.002 9 1 2 526 2
240.413 46.563 325.425 10 1 2 569 3
240.413 46.563 325.425 11 1 2 569 3
240.413 46.563 325.425 12 1 2 569 3
240.413 46.563 325.425 13 1 2 569 3
240.413 46.563 325.425 14 1 2 569 3
240.413 46.563 325.425 15 1 2 569 3
240.413 46.563 325.425 16 1 2 569 3
240.413 46.563 325.425 17 1 2 569 3
240.413 46.563 325.425 18 1 2 569 3
240.413 46.563 325.425 19 1 2 569 3
240.413 46.563 325.425 20 1 2 569 3
240.413 46.563 325.425 21 1 2 569 3
240.413 46.563 325.425 22 1 2 569 3
240.413 46.563 325.425 23 1 2 569 3
240.413 46.563 325.425 24 1 2 569 3
240.413 46.563 325.425 25 1 2 569 3
185.923 91.538 32.138 26 1 2 339 1
185.923 91.538 32.138 27 1 2 339 1
99.790 35.654 357.713 28 1 2 6 1
240.413 46.563 325.425 29 1 2 569 3
240.413 46.563 325.425 30 1 2 569 3
333.562 100.457 264.474 1 2 2 362 1
333.562 100.457 264.474 2 2 2 362 1
333.562 100.457 264.474 3 2 2 362 1
171.053 122.217 88.002 4 2 2 526 2
171.053 122.217 88.002 5 2 2 526 2
171.053 122.217 88.002 6 2 2 526 2
171.053 122.217 88.002 7 2 2 526 2
358.871 97.306 236.732 8 2 2 311 1
358.871 97.306 236.732 9 2 2 311 1
240.413 46.563 325.425 10 2 2 569 3
240.413 46.563 325.425 11 2 2 569 3
240.413 46.563 325.425 12 2 2 569 3
240.413 46.563 325.425 13 2 2 569 3
240.413 46.563 325.425 14 2 2 569 3
240.413 46.563 325.425 15 2 2 569 3
240.413 46.563 325.425 16 2 2 569 3
240.413 46.563 325.425 17 2 2 569 3
240.413 46.563 325.425 18 2 2 569 3
240.413 46.563 325.425 19 2 2 569 3
240.413 46.563 325.425 20 2 2 569 3
240.413 46.563 325.425 21 2 2 569 3
240.413 46.563 325.425 22 2 2 569 3
240.413 46.563 325.425 23 2 2 569 3
222.147 65.888 144.127 24 2 2 518 2
240.413 46.563 325.425 25 2 2 569 3
240.413 46.563 325.425 26 2 2 569 3
240.413 46.563 325.425 27 2 2 569 3
99.790 35.654 357.713 28 2 2 6 1
240.413 46.563 325.425 29 2 2 569 3
240.413 46.563 325.425 30 2 2 569 3
333.562 100.457 264.474 1 3 2 362 1
333.562 100.457 264.474 2 3 2 362 1
58.568 85.242 358.625 3 3 2 126 1
58.568 85.242 358.625 4 3 2 126 1
171.053 122.217 88.002 5 3 2 526 2
171.053 122.217 88.002 6 3 2 526 2
171.053 122.217 88.002 7 3 2 526 2
171.053 122.217 88.002 8 3 2 526 2
171.053 122.217 88.002 9 3 2 526 2
171.053 122.217 88.002 10 3 2 526 2
240.413 46.563 325.425 11 3 2 569 3
240.413 46.563 325.425 12 3 2 569 3
240.413 46.563 325.425 13 3 2 569 3
240.413 46.563 325.425 14 3 2 569 3
240.413 46.563 325.425 15 3 2 569 3
240.413 46.563 325.425 16 3 2 569 3
240.413 46.563 325.425 17 3 2 569 3
240.413 46.563 325.425 18 3 2 569 3
240.413 46.563 325.425 19 3 2 569 3
240.413 46.563 325.425 20 3 2 569 3
240.413 46.563 325.425 21 3 2 569 3
240.413 46.563 325.425 22 3 2 569 3
240.413 46.563 325.425 23 3 2 569 3
240.413 46.563 325.425 24 3 2 569 3
240.413 46.563 325.425 25 3 2 569 3
240.413 46.563 325.425 26 3 2 569 3
240.413 46.563 325.425 27 3 2 569 3
240.413 46.563 325.425 28 3 2 569 3
240.413 46.563 325.425 29 3 2 569 3
240.413 46.563 325.425 30 3 2 569 3
333.562 100.457 264.474 1 4 2 362 1
49.163 52.972 55.873 2 4 2 608 1
49.163 52.972 55.873 3 4 2 608 1
58.568 85.242 358.625 4 4 2 126 1
58.568 85.242 358.625 5 4 2 126 1
171.053 122.217 88.002 6 4 2 526 2
171.053 122.217 88.002 7 4 2 526 2
171.053 122.217 88.002 8 4 2 526 2
171.053 122.217 88.002 9 4 2 526 2
240.413 46.563 325.425 10 4 2 569 3
240.413 46.563 325.425 11 4 2 569 3
240.413 46.563 325.425 12 4 2 569 3
240.413 46.563 325.425 13 4 2 569 3
240.413 46.563 325.425 14 4 2 569 3
240.413 46.563 325.425 15 4 2 569 3
240.413 46.563 325.425 16 4 2 569 3
240.413 46.563 325.425 17 4 2 569 3
7.117 85.431 274.115 18 4 2 241 1
240.413 46.563 325.425 19 4 2 569 3
240.413 46.563 325.425 20 4 2 569 3
240.413 46.563 325.425 21 4 2 569 3
240.413 46.563 325.425 22 4 2 569 3
240.413 46.563 325.425 23 4 2 569 3
240.413 46.563 325.425 24 4 2 569 3
240.413 46.563 325.425 25 4 2 569 3
240.413 46.563 325.425 26 4 2 569 3
240.413 46.563 325.425 27 4 2 569 3
240.413 46.563 325.425 28 4 2 569 3
240.413 46.563 325.425 29 4 2 569 3
240.413 46.563 325.425 30 4 2 569 3
333.562 100.457 264.474 1 5 2 362 1
173.043 87.161 289.475 2 5 2 233 1
58.568 85.242 358.625 3 5 2 126 1
58.568 85.242 358.625 4 5 2 126 1
58.568 85.242 358.625 5 5 2 126 1
171.053 122.217 88.002 6 5 2 526 2
171.053 122.217 88.002 7 5 2 526 2
182.908 105.230 132.924 8 5 2 453 1
182.908 105.230 132.924 9 5 2 453 1
240.413 46.563 325.425 10 5 2 569 3
240.413 46.563 325.425 11 5 2 569 3
240.413 46.563 325.425 12 5 2 569 3
186.790 63.189 26.708 13 5 2 113 1
240.413 46.563 325.425 14 5 2 569 3
240.413 46.563 325.425 15 5 2 569 3
240.413 46.563 325.425 16 5 2 569 3
240.413 46.563 325.425 17 5 2 569 3
240.413 46.563 325.425 18 5 2 569 3
240.413 46.563 325.425 19 5 2 569 3
240.413 46.563 325.425 20 5 2 569 3
240.413 46.563 325.425 21 5 2 569 3
240.413 46.563 325.425 22 5 2 569 3
240.413 46.563 325.425 23 5 2 569 3
240.413 46.563 325.425 24 5 2 569 3
240.413 46.563 325.425 25 5 2 569 3
240.413 46.563 325.425 26 5 2 569 3
240.413 46.563 325.425 27 5 2 569 3
240.413 46.563 325.425 28 5 2 569 3
240.413 46.563 325.425 29 5 2 569 3
240.413 46.563 325.425 30 5 2 569 3
173.043 87.161 289.475 1 6 2 233 1
173.043 87.161 289.475 2 6 2 233 1
173.043 87.161 289.475 3 6 2 233 1
58.568 85.242 358.625 4 6 2 126 1
58.568 85.242 358.625 5 6 2 126 1
171.053 122.217 88.002 6 6 2 526 2
171.053 122.217 88.002 7 6 2 526 2
64.311 45.544 31.990 8 6 2 349 1
64.311 45.544 31.990 9 6 2 349 1
240.413 46.563 325.425 10 6 2 569 3
240.413 46.563 325.425 11 6 2 569 3
240.413 46.563 325.425 12 6 2 569 3
186.790 63.189 26.708 13 6 2 113 1
240.413 46.563 325.425 14 6 2 569 3
240.413 46.563 325.425 15 6 2 569 3
117.560 97.712 20.967 16 6 2 201 1
240.413 46.563 325.425 17 6 2 569 3
240.413 46.563 325.425 18 6 2 569 3
240.413 46.563 325.425 19 6 2 569 3
240.413 46.563 325.425 20 6 2 569 3
240.413 46.563 325.425 21 6 2 569 3
240.413 46.563 325.425 22 6 2 569 3
240.413 46.563 325.425 23 6 2 569 3
240.413 46.563 325.425 24 6 2 569 3
240.413 46.563 325.425 25 6 2 569 3
240.413 46.563 325.425 26 6 2 569 3
240.413 46.563 325.425 27 6 2 569 3
240.413 46.563 325.425 28 6 2 569 3
240.413 46.563 325.425 29 6 2 569 3
240.413 46.563 325.425 30 6 2 569 3
231.901 91.222 350.785 1 7 2 13 1
173.043 87.161 289.475 2 7 2 233 1
231.901 91.222 350.785 3 7 2 13 1
38.553 161.159 61.399 4 7 2 571 4
38.553 161.159 61.399 5 7 2 571 4
38.553 161.159 61.399 6 7 2 571 4
38.553 161.159 61.399 7 7 2 571 4
64.311 45.544 31.990 8 7 2 349 1
64.311 45.544 31.990 9 7 2 349 1
240.413 46.563 325.425 10 7 2 569 3
240.413 46.563 325.425 11 7 2 569 3
240.413 46.563 325.425 12 7 2 569 3
240.413 46.563 325.425 13 7 2 569 3
240.413 46.563 325.425 14 7 2 569 3
240.413 46.563 325.425 15 7 2 569 3
240.413 46.563 325.425 16 7 2 569 3
240.413 46.563 325.425 17 7 2 569 3
240.413 46.563 325.425 18 7 2 569 3
240.413 46.563 325.425 19 7 2 569 3
240.413 46.563 325.425 20 7 2 569 3
240.413 46.563 325.425 21 7 2 569 3
240.413 46.563 325.425 22 7 2 569 3
240.413 46.563 325.425 23 7 2 569 3
240.413 46.563 325.425 24 7 2 569 3
240.413 46.563 325.425 25 7 2 569 3
240.413 46.563 325.425 26 7 2 569 3
240.413 46.563 325.425 27 7 2 569 3
240.413 46.563 325.425 28 7 2 569 3
240.413 46.563 325.425 29 7 2 569 3
240.413 46.563 325.425 30 7 2 569 3
231.901 91.222 350.785 1 8 2 13 1
231.901 91.222 350.785 2 8 2 13 1
231.901 91.222 350.785 3 8 2 13 1
38.553 161.159 61.399 4 8 2 571 4
38.553 161.159 61.399 5 8 2 571 4
38.553 161.159 61.399 6 8 2 571 4
38.553 161.159 61.399 7 8 2 571 4
38.553 161.159 61.399 8 8 2 571 4
38.553 161.159 61.399 9 8 2 571 4
240.413 46.563 325.425 10 8 2 569 3
240.413 46.563 325.425 11 8 2 569 3
240.413 46.563 325.425 12 8 2 569 3
240.413 46.563 325.425 13 8 2 569 3
333.373 102.552 233.408 14 8 2 301 1
240.413 46.563 325.425 15 8 2 569 3
240.413 46.563 325.425 16 8 2 569 3
240.413 46.563 325.425 17 8 2 569 3
240.413 46.563 325.425 18 8 2 569 3
240.413 46.563 325.425 19 8 2 569 3
240.413 46.563 325.425 20 8 2 569 3
240.413 46.563 325.425 21 8 2 569 3
240.413 46.563 325.425 22 8 2 569 3
240.413 46.563 325.425 23 8 2 569 3
199.856 95.781 242.082 24 8 2 603 1
240.413 46.563 325.425 25 8 2 569 3
240.413 46.563 325.425 26 8 2 569 3
240.413 46.563 325.425 27 8 2 569 3
240.413 46.563 325.425 28 8 2 569 3
240.413 46.563 325.425 29 8 2 569 3
240.413 46.563 325.425 30 8 2 569 3
38.553 161.159 61.399 1 9 2 571 4
38.553 161.159 61.399 2 9 2 571 4
38.553 161.159 61.399 3 9 2 571 4
38.553 161.159 61.399 4 9 2 571 4
38.553 161.159 61.399 5 9 2 571 4
38.553 161.159 61.399 6 9 2 571 4
38.553 161.159 61.399 7 9 2 571 4
38.553 161.159 61.399 8 9 2 571 4
38.553 161.159 61.399 9 9 2 571 4
240.413 46.563 325.425 10 9 2 569 3
240.413 46.563 325.425 11 9 2 569 3
240.413 46.563 325.425 12 9 2 569 3
240.413 46.563 325.425 13 9 2 569 3
240.413 46.563 325.425 14 9 2 569 3
240.413 46.563 325.425 15 9 2 569 3
240.413 46.563 325.425 16 9 2 569 3
240.413 46.563 325.425 17 9 2 569 3
240.413 46.563 325.425 18 9 2 569 3
240.413 46.563 325.425 19 9 2 569 3
240.413 46.563 325.425 20 9 2 569 3
240.413 46.563 325.425 21 9 2 569 3
240.413 46.563 325.425 22 9 2 569 3
240.413 46.563 325.425 23 9 2 569 3
240.413 46.563 325.425 24 9 2 569 3
240.413 46.563 325.425 25 9 2 569 3
240.413 46.563 325.425 26 9 2 569 3
240.413 46.563 325.425 27 9 2 569 3
240.413 46.563 325.425 28 9 2 569 3
240.413 46.563 325.425 29 9 2 569 3
240.413 46.563 325.425 30 9 2 569 3
38.553 161.159 61.399 1 10 2 571 4
38.553 161.159 61.399 2 10 2 571 4
38.553 161.159 61.399 3 10 2 571 4
212.765 144.712 129.453 4 10 2 333 1
38.553 161.159 61.399 5 10 2 571 4
38.553 161.159 61.399 6 10 2 571 4
38.553 161.159 61.399 7 10 2 571 4
65.723 52.402 139.164 8 10 2 275 1
38.553 161.159 61.399 9 10 2 571 4
38.553 161.159 61.399 10 10 2 571 4
240.413 46.563 325.425 11 10 2 569 3
240.413 46.563 325.425 12 10 2 569 3
240.413 46.563 325.425 13 10 2 569 3
240.413 46.563 325.425 14 10 2 569 3
240.413 46.563 325.425 15 10 2 569 3
240.413 46.563 325.425 16 10 2 569 3
240.413 46.563 325.425 17 10 2 569 3
240.413 46.563 325.425 18 10 2 569 3
240.413 46.563 325.425 19 10 2 569 3
240.413 46.563 325.425 20 10 2 569 3
240.413 46.563 325.425 21 10 2 569 3
240.413 46.563 325.425 22 10 2 569 3
240.413 46.563 325.425 23 10 2 569 3
240.413 46.563 325.425 24 10 2 569 3
240.413 46.563 325.425 25 10 2 569 3
240.413 46.563 325.425 26 10 2 569 3
240.413 46.563 325.425 27 10 2 569 3
240.413 46.563 325.425 28 10 2 569 3
240.413 46.563 325.425 29 10 2 569 3
240.413 46.563 325.425 30 10 2 569 3
38.553 161.159 61.399 1 11 2 571 4
38.553 161.159 61.399 2 11 2 571 4
38.553 161.159 61.399 3 11 2 571 4
38.553 161.159 61.399 4 11 2 571 4
38.553 161.159 61.399 5 11 2 571 4
38.553 161.159 61.399 6 11 2 571 4
132.081 39.824 153.332 7 11 2 500 2
38.553 161.159 61.399 8 11 2 571 4
38.553 161.159 61.399 9 11 2 571 4
3.034 70.156 32.701 10 11 2 323 1
38.553 161.159 61.399 11 11 2 571 4
240.413 46.563 325.425 12 11 2 569 3
240.413 46.563 325.425 13 11 2 569 3
240.413 46.563 325.425 14 11 2 569 3
240.413 46.563 325.425 15 11 2 569 3
240.413 46.563 325.425 16 11 2 569 3
240.413 46.563 325.425 17 11 2 569 3
240.413 46.563 325.425 18 11 2 569 3
240.413 46.563 325.425 19 11 2 569 3
240.413 46.563 325.425 20 11 2 569 3
240.413 46.563 325.425 21 11 2 569 3
240.413 46.563 325.425 22 11 2 569 3
240.413 46.563 325.425 23 11 2 569 3
240.413 46.563 325.425 24 11 2 569 3
240.413 46.563 325.425 25 11 2 569 3
240.413 46.563 325.425 26 11 2 569 3
240.413 46.563 325.425 27 11 2 569 3
240.413 46.563 325.425 28 11 2 569 3
240.413 46.563 325.425 29 11 2 569 3
240.413 46.563 325.425 30 11 2 569 3
38.553 161.159 61.399 1 12 2 571 4
38.553 161.159 61.399 2 12 2 571 4
38.553 161.159 61.399 3 12 2 571 4
53.440 103.279 109.311 4 12 2 444 1
38.553 161.159 61.399 5 12 2 571 4
350.303 45.687 293.710 6 12 2 256 1
38.553 161.159 61.399 7 12 2 571 4
38.553 161.159 61.399 8 12 2 571 4
3.034 70.156 32.701 9 12 2 323 1
48.499 114.359 133.157 10 12 2 15 1
148.757 53.825 331.182 11 12 2 177 1
38.553 161.159 61.399 12 12 2 571 4
240.413 46.563 325.425 13 12 2 569 3
240.413 46.563 325.425 14 12 2 569 3
240.413 46.563 325.425 15 12 2 569 3
240.413 46.563 325.425 16 12 2 569 3
240.413 46.563 325.425 17 12 2 569 3
240.413 46.563 325.425 18 12 2 569 3
240.413 46.563 325.425 19 12 2 569 3
240.413 46.563 325.425 20 12 2 569 3
240.413 46.563 325.425 21 12 2 569 3
240.413 46.563 325.425 22 12 2 569 3
240.413 46.563 325.425 23 12 2 569 3
247.415 65.848 70.661 24 12 2 187 1
240.413 46.563 325.425 25 12 2 569 3
240.413 46.563 325.425 26 12 2 569 3
240.413 46.563 325.425 27 12 2 569 3
240.413 46.563 325.425 28 12 2 569 3
240.413 46.563 325.425 29 12 2 569 3
240.413 46.563 325.425 30 12 2 569 3
38.553 161.159 61.399 1 13 2 571 4
38.553 161.159 61.399 2 13 2 571 4
38.553 161.159 61.399 3 13 2 571 4
38.553 161.159 61.399 4 13 2 571 4
38.553 161.159 61.399 5 13 2 571 4
38.553 161.159 61.399 6 13 2 571 4
38.553 161.159 61.399 7 13 2 571 4
128.248 69.566 196.120 8 13 2 305 1
38.553 161.159 61.399 9 13 2 571 4
38.553 161.159 61.399 10 13 2 571 4
38.553 161.159 61.399 11 13 2 571 4
38.553 161.159 61.399 12 13 2 571 4
38.553 161.159 61.399 13 13 2 571 4
303.029 108.574 168.876 14 13 2 533 2
240.413 46.563 325.425 15 13 2 569 3
240.413 46.563 325.425 16 13 2 569 3
240.413 46.563 325.425 17 13 2 569 3
240.413 46.563 325.425 18 13 2 569 3
240.413 46.563 325.425 19 13 2 569 3
240.413 46.563 325.425 20 13 2 569 3
240.413 46.563 325.425 21 13 2 569 3
240.413 46.563 325.425 22 13 2 569 3
240.413 46.563 325.425 23 13 2 569 3
240.413 46.563 325.425 24 13 2 569 3
240.413 46.563 325.425 25 13 2 569 3
240.413 46.563 325.425 26 13 2 569 3
240.413 46.563 325.425 27 13 2 569 3
240.413 46.563 325.425 28 13 2 569 3
240.413 46.563 325.425 29 13 2 569 3
240.413 46.563 325.425 30 13 2 569 3
38.553 161.159 61.399 1 14 2 571 4
38.553 161.159 61.399 2 14 2 571 4
38.553 161.159 61.399 3 14 2 571 4
38.553 161.159 61.399 4 14 2 571 4
38.553 161.159 61.399 5 14 2 571 4
38.553 161.159 61.399 6 14 2 571 4
38.553 161.159 61.399 7 14 2 571 4
217.655 98.164 340.434 8 14 2 218 1
38.553 161.159 61.399 9 14 2 571 4
38.553 161.159 61.399 10 14 2 571 4
38.553 161.159 61.399 11 14 2 571 4
236.115 152.034 220.653 12 14 2 382 1
38.553 161.159 61.399 13 14 2 571 4
303.029 108.574 168.876 14 14 2 533 2
240.413 46.563 325.425 15 14 2 569 3
240.413 46.563 325.425 16 14 2 569 3
240.413 46.563 325.425 17 14 2 569 3
240.413 46.563 325.425 18 14 2 569 3
240.413 46.563 325.425 19 14 2 569 3
240.413 46.563 325.425 20 14 2 569 3
240.413 46.563 325.425 21 14 2 569 3
240.413 46.563 325.425 22 14 2 569 3
240.413 46.563 325.425 23 14 2 569 3
240.413 46.563 325.425 24 14 2 569 3
240.413 46.563 325.425 25 14 2 569 3
240.413 46.563 325.425 26 14 2 569 3
240.413 46.563 325.425 27 14 2 569 3
240.413 46.563 325.425 28 14 2 569 3
240.413 46.563 325.425 29 14 2 569 3
240.413 46.563 325.425 30 14 2 569 3
38.553 161.159 61.399 1 15 2 571 4
38.553 161.159 61.399 2 15 2 571 4
38.553 161.159 61.399 3 15 2 571 4
38.553 161.159 61.399 4 15 2 571 4
38.553 161.159 61.399 5 15 2 571 4
38.553 161.159 61.399 6 15 2 571 4
38.553 161.159 61.399 7 15 2 571 4
38.553 161.159 61.399 8 15 2 571 4
38.553 161.159 61.399 9 15 2 571 4
38.553 161.159 61.399 10 15 2 571 4
38.553 161.159 61.399 11 15 2 571 4
38.553 161.159 61.399 12 15 2 571 4
38.553 161.159 61.399 13 15 2 571 4
303.029 108.574 168.876 14 15 2 533 2
303.029 108.574 168.876 15 15 2 533 2
311.445 55.821 306.005 16 15 2 478 2
311.445 55.821 306.005 17 15 2 478 2
311.445 55.821 306.005 18 15 2 478 2
311.445 55.821 306.005 19 15 2 478 2
311.445 55.821 306.005 20 15 2 478 2
240.413 46.563 325.425 21 15 2 569 3
240.413 46.563 325.425 22 15 2 569 3
240.413 46.563 325.425 23 15 2 569 3
240.413 46.563 325.425 24 15 2 569 3
240.413 46.563 325.425 25 15 2 569 3
240.413 46.563 325.425 26 15 2 569 3
240.413 46.563 325.425 27 15 2 569 3
240.413 46.563 325.425 28 15 2 569 3
240.413 46.563 325.425 29 15 2 569 3
359.392 81.007 259.773 30 15 2 576 4
38.553 161.159 61.399 1 16 2 571 4
145.808 65.492 192.371 2 16 2 286 1
38.553 161.159 61.399 3 16 2 571 4
38.553 161.159 61.399 4 16 2 571 4
38.553 161.159 61.399 5 16 2 571 4
38.553 161.159 61.399 6 16 2 571 4
38.553 161.159 61.399 7 16 2 571 4
38.553 161.159 61.399 8 16 2 571 4
38.553 161.159 61.399 9 16 2 571 4
328.518 78.759 248.257 10 16 2 94 1
38.553 161.159 61.399 11 16 2 571 4
38.553 161.159 61.399 12 16 2 571 4
38.553 161.159 61.399 13 16 2 571 4
303.029 108.574 168.876 14 16 2 533 2
311.445 55.821 306.005 15 16 2 478 2
311.445 55.821 306.005 16 16 2 478 2
311.445 55.821 306.005 17 16 2 478 2
311.445 55.821 306.005 18 16 2 478 2
311.445 55.821 306.005 19 16 2 478 2
306.740 55.045 322.339 20 16 2 477 2
311.445 55.821 306.005 21 16 2 478 2
311.445 55.821 306.005 22 16 2 478 2
240.413 46.563 325.425 23 16 2 569 3
240.413 46.563 325.425 24 16 2 569 3
38.601 153.258 211.510 25 16 2 554 2
38.601 153.258 211.510 26 16 2 554 2
38.601 153.258 211.510 27 16 2 554 2
359.392 81.007 259.773 28 16 2 576 4
359.392 81.007 259.773 29 16 2 576 4
178.110 105.530 126.293 30 16 2 150 1
38.553 161.159 61.399 1 17 2 571 4
38.553 161.159 61.399 2 17 2 571 4
38.553 161.159 61.399 3 17 2 571 4
38.553 161.159 61.399 4 17 2 571 4
38.553 161.159 61.399 5 17 2 571 4
38.553 161.159 61.399 6 17 2 571 4
38.553 161.159 61.399 7 17 2 571 4
38.553 161.159 61.399 8 17 2 571 4
38.553 161.159 61.399 9 17 2 571 4
38.553 161.159 61.399 10 17 2 571 4
38.553 161.159 61.399 11 17 2 571 4
38.553 161.159 61.399 12 17 2 571 4
38.553 161.159 61.399 13 17 2 571 4
38.553 161.159 61.399 14 17 2 571 4
311.445 55.821 306.005 15 17 2 478 2
311.445 55.821 306.005 16 17 2 478 2
311.445 55.821 306.005 17 17 2 478 2
311.445 55.821 306.005 18 17 2 478 2
311.445 55.821 306.005 19 17 2 478 2
311.445 55.821 306.005 20 17 2 478 2
311.445 55.821 306.005 21 17 2 478 2
311.445 55.821 306.005 22 17 2 478 2
311.445 55.821 306.005 23 17 2 478 2
240.413 46.563 325.425 24 17 2 569 3
38.601 153.258 211.510 25 17 2 554 2
38.601 153.258 211.510 26 17 2 554 2
359.392 81.007 259.773 27 17 2 576 4
359.392 81.007 259.773 28 17 2 576 4
359.392 81.007 259.773 29 17 2 576 4
359.392 81.007 259.773 30 17 2 576 4
38.553 161.159 61.399 1 18 2 571 4
327.045 64.041 301.112 2 18 2 359 1
38.553 161.159 61.399 3 18 2 571 4
38.553 161.159 61.399 4 18 2 571 4
38.553 161.159 61.399 5 18 2 571 4
111.156 28.512 130.211 6 18 2 217 1
38.553 161.159 61.399 7 18 2 571 4
38.553 161.159 61.399 8 18 2 571 4
38.553 161.159 61.399 9 18 2 571 4
38.553 161.159 61.399 10 18 2 571 4
38.553 161.159 61.399 11 18 2 571 4
38.553 161.159 61.399 12 18 2 571 4
38.553 161.159 61.399 13 18 2 571 4
38.553 161.159 61.399 14 18 2 571 4
355.395 144.881 306.395 15 18 2 570 4
355.395 144.881 306.395 16 18 2 570 4
311.445 55.821 306.005 17 18 2 478 2
311.445 55.821 306.005 18 18 2 478 2
311.445 55.821 306.005 19 18 2 478 2
311.445 55.821 306.005 20 18 2 478 2
311.445 55.821 306.005 21 18 2 478 2
311.445 55.821 306.005 22 18 2 478 2
311.445 55.821 306.005 23 18 2 478 2
311.445 55.821 306.005 24 18 2 478 2
335.204 78.535 336.455 25 18 2 540 2
335.204 78.535 336.455 26 18 2 540 2
359.392 81.007 259.773 27 18 2 576 4
359.392 81.007 259.773 28 18 2 576 4
291.975 92.829 358.117 29 18 2 412 1
359.392 81.007 259.773 30 18 2 576 4
38.553 161.159 61.399 1 19 2 571 4
38.553 161.159 61.399 2 19 2 571 4
38.553 161.159 61.399 3 19 2 571 4
38.553 161.159 61.399 4 19 2 571 4
38.553 161.159 61.399 5 19 2 571 4
38.553 161.159 61.399 6 19 2 571 4
38.553 161.159 61.399 7 19 2 571 4
38.553 161.159 61.399 8 19 2 571 4
38.553 161.159 61.399 9 19 2 571 4
38.553 161.159 61.399 10 19 2 571 4
38.553 161.159 61.399 11 19 2 571 4
38.553 161.159 61.399 12 19 2 571 4
38.553 161.159 61.399 13 19 2 571 4
355.395 144.881 306.395 14 19 2 570 4
355.395 144.881 306.395 15 19 2 570 4
355.395 144.881 306.395 16 19 2 570 4
355.395 144.881 306.395 17 19 2 570 4
355.395 144.881 306.395 18 19 2 570 4
311.445 55.821 306.005 19 19 2 478 2
311.445 55.821 306.005 20 19 2 478 2
311.445 55.821 306.005 21 19 2 478 2
311.445 55.821 306.005 22 19 2 478 2
311.445 55.821 306.005 23 19 2 478 2
335.204 78.535 336.455 24 19 2 540 2
335.204 78.535 336.455 25 19 2 540 2
335.204 78.535 336.455 26 19 2 540 2
359.392 81.007 259.773 27 19 2 576 4
20.325 102.632 151.373 28 19 2 560 2
359.392 81.007 259.773 29 19 2 576 4
359.392 81.007 259.773 30 19 2 576 4
38.553 161.159 61.399 1 20 2 571 4
271.678 82.354 295.023 2 20 2 82 1
38.553 161.159 61.399 3 20 2 571 4
38.553 161.159 61.399 4 20 2 571 4
38.553 161.159 61.399 5 20 2 571 4
38.553 161.159 61.399 6 20 2 571 4
38.553 161.159 61.399 7 20 2 571 4
184.790 89.476 0.699 8 20 2 548 2
38.553 161.159 61.399 9 20 2 571 4
38.553 161.159 61.399 10 20 2 571 4
38.553 161.159 61.399 11 20 2 571 4
38.553 161.159 61.399 12 20 2 571 4
355.395 144.881 306.395 13 20 2 570 4
355.395 144.881 306.395 14 20 2 570 4
355.395 144.881 306.395 15 20 2 570 4
355.395 144.881 306.395 16 20 2 570 4
355.395 144.881 306.395 17 20 2 570 4
355.395 144.881 306.395 18 20 2 570 4
355.395 144.881 306.395 19 20 2 570 4
355.395 144.881 306.395 20 20 2 570 4
355.395 144.881 306.395 21 20 2 570 4
311.445 55.821 306.005 22 20 2 478 2
168.000 118.190 82.347 23 20 2 573 4
168.000 118.190 82.347 24 20 2 573 4
359.392 81.007 259.773 25 20 2 576 4
359.392 81.007 259.773 26 20 2 576 4
359.392 81.007 259.773 27 20 2 576 4
359.392 81.007 259.773 28 20 2 576 4
359.392 81.007 259.773 29 20 2 576 4
359.392 81.007 259.773 30 20 2 576 4
38.553 161.159 61.399 1 21 2 571 4
38.553 161.159 61.399 2 21 2 571 4
38.553 161.159 61.399 3 21 2 571 4
38.553 161.159 61.399 4 21 2 571 4
38.553 161.159 61.399 5 21 2 571 4
38.553 161.159 61.399 6 21 2 571 4
38.553 161.159 61.399 7 21 2 571 4
38.553 161.159 61.399 8 21 2 571 4
38.553 161.159 61.399 9 21 2 571 4
38.553 161.159 61.399 10 21 2 571 4
38.553 161.159 61.399 11 21 2 571 4
38.553 161.159 61.399 12 21 2 571 4
355.395 144.881 306.395 13 21 2 570 4
355.395 144.881 306.395 14 21 2 570 4
355.395 144.881 306.395 15 21 2 570 4
355.395 144.881 306.395 16 21 2 570 4
355.395 144.881 306.395 17 21 2 570 4
355.395 144.881 306.395 18 21 2 570 4
355.395 144.881 306.395 19 21 2 570 4
355.395 144.881 306.395 20 21 2 570 4
355.395 144.881 306.395 21 21 2 570 4
168.000 118.190 82.347 22 21 2 573 4
168.000 118.190 82.347 23 21 2 573 4
359.392 81.007 259.773 24 21 2 576 4
359.392 81.007 259.773 25 21 2 576 4
359.392 81.007 259.773 26 21 2 576 4
359.392 81.007 259.773 27 21 2 576 4
359.392 81.007 259.773 28 21 2 576 4
359.392 81.007 259.773 29 21 2 576 4
359.392 81.007 259.773 30 21 2 576 4
38.553 161.159 61.399 1 22 2 571 4
93.879 87.689 207.447 2 22 2 73 1
38.553 161.159 61.399 3 22 2 571 4
38.553 161.159 61.399 4 22 2 571 4
38.553 161.159 61.399 5 22 2 571 4
38.553 161.159 61.399 6 22 2 571 4
38.553 161.159 61.399 7 22 2 571 4
10.334 69.462 31.846 8 22 2 361 1
38.553 161.159 61.399 9 22 2 571 4
305.567 88.381 9.836 10 22 2 252 1
38.553 161.159 61.399 11 22 2 571 4
38.553 161.159 61.399 12 22 2 571 4
355.395 144.881 306.395 13 22 2 570 4
355.395 144.881 306.395 14 22 2 570 4
355.395 144.881 306.395 15 22 2 570 4
355.395 144.881 306.395 16 22 2 570 4
355.395 144.881 306.395 17 22 2 570 4
355.395 144.881 306.395 18 22 2 570 4
355.395 144.881 306.395 19 22 2 570 4
273.405 115.557 71.286 20 22 2 149 1
168.000 118.190 82.347 21 22 2 573 4
168.000 118.190 82.347 22 22 2 573 4
168.000 118.190 82.347 23 22 2 573 4
359.392 81.007 259.773 24 22 2 576 4
258.511 137.042 5.196 25 22 2 99 1
359.392 81.007 259.773 26 22 2 576 4
359.392 81.007 259.773 27 22 2 576 4
359.392 81.007 259.773 28 22 2 576 4
359.392 81.007 259.773 29 22 2 576 4
187.236 108.876 202.408 30 22 2 364 1
38.553 161.159 61.399 1 23 2 571 4
38.553 161.159 61.399 2 23 2 571 4
38.553 161.159 61.399 3 23 2 571 4
38.553 161.159 61.399 4 23 2 571 4
38.553 161.159 61.399 5 23 2 571 4
38.553 161.159 61.399 6 23 2 571 4
38.553 161.159 61.399 7 23 2 571 4
38.553 161.159 61.399 8 23 2 571 4
38.553 161.159 61.399 9 23 2 571 4
38.553 161.159 61.399 10 23 2 571 4
38.553 161.159 61.399 11 23 2 571 4
204.468 85.731 341.311 12 23 2 121 1
204.468 85.731 341.311 13 23 2 121 1
355.395 144.881 306.395 14 23 2 570 4
355.395 144.881 306.395 15 23 2 570 4
355.395 144.881 306.395 16 23 2 570 4
355.395 144.881 306.395 17 23 2 570 4
355.395 144.881 306.395 18 23 2 570 4
355.395 144.881 306.395 19 23 2 570 4
355.395 144.881 306.395 20 23 2 570 4
168.000 118.190 82.347 21 23 2 573 4
168.000 118.190 82.347 22 23 2 573 4
168.000 118.190 82.347 23 23 2 573 4
359.392 81.007 259.773 24 23 2 576 4
258.511 137.042 5.196 25 23 2 99 1
359.392 81.007 259.773 26 23 2 576 4
359.392 81.007 259.773 27 23 2 576 4
359.392 81.007 259.773 28 23 2 576 4
359.392 81.007 259.773 29 23 2 576 4
187.236 108.876 202.408 30 23 2 364 1
38.553 161.159 61.399 1 24 2 571 4
22.086 115.190 179.729 2 24 2 288 1
38.553 161.159 61.399 3 24 2 571 4
38.553 161.159 61.399 4 24 2 571 4
38.553 161.159 61.399 5 24 2 571 4
38.553 161.159 61.399 6 24 2 571 4
38.553 161.159 61.399 7 24 2 571 4
38.553 161.159 61.399 8 24 2 571 4
38.553 161.159 61.399 9 24 2 571 4
297.603 59.401 59.307 10 24 2 210 1
297.603 59.401 59.307 11 24 2 210 1
204.468 85.731 341.311 12 24 2 121 1
204.468 85.731 341.311 13 24 2 121 1
355.395 144.881 306.395 14 24 2 570 4
355.395 144.881 306.395 15 24 2 570 4
355.395 144.881 306.395 16 24 2 570 4
355.395 144.881 306.395 17 24 2 570 4
355.395 144.881 306.395 18 24 2 570 4
355.395 144.881 306.395 19 24 2 570 4
355.395 144.881 306.395 20 24 2 570 4
168.000 118.190 82.347 21 24 2 573 4
168.000 118.190 82.347 22 24 2 573 4
359.392 81.007 259.773 23 24 2 576 4
359.392 81.007 259.773 24 24 2 576 4
258.511 137.042 5.196 25 24 2 99 1
359.392 81.007 259.773 26 24 2 576 4
230.001 121.884 283.329 27 24 2 612 1
230.001 121.884 283.329 28 24 2 612 1
359.392 81.007 259.773 29 24 2 576 4
359.392 81.007 259.773 30 24 2 576 4
38.553 161.159 61.399 1 25 2 571 4
22.086 115.190 179.729 2 25 2 288 1
38.553 161.159 61.399 3 25 2 571 4
38.553 161.159 61.399 4 25 2 571 4
38.553 161.159 61.399 5 25 2 571 4
167.750 39.557 280.759 6 25 2 27 1
167.750 39.557 280.759 7 25 2 27 1
38.553 161.159 61.399 8 25 2 571 4
38.553 161.159 61.399 9 25 2 571 4
297.603 59.401 59.307 10 25 2 210 1
297.603 59.401 59.307 11 25 2 210 1
238.218 45.043 155.225 12 25 2 585 4
238.218 45.043 155.225 13 25 2 585 4
238.218 45.043 155.225 14 25 2 585 4
238.218 45.043 155.225 15 25 2 585 4
238.218 45.043 155.225 16 25 2 585 4
238.218 45.043 155.225 17 25 2 585 4
238.218 45.043 155.225 18 25 2 585 4
238.218 45.043 155.225 19 25 2 585 4
238.218 45.043 155.225 20 25 2 585 4
168.000 118.190 82.347 21 25 2 573 4
359.392 81.007 259.773 22 25 2 576 4
359.392 81.007 259.773 23 25 2 576 4
359.392 81.007 259.773 24 25 2 576 4
359.392 81.007 259.773 25 25 2 576 4
359.392 81.007 259.773 26 25 2 576 4
359.392 81.007 259.773 27 25 2 576 4
230.001 121.884 283.329 28 25 2 612 1
359.392 81.007 259.773 29 25 2 576 4
359.392 81.007 259.773 30 25 2 576 4
38.553 161.159 61.399 1 26 2 571 4
129.806 114.354 247.112 2 26 2 159 1
138.114 164.777 349.840 3 26 2 457 1
38.553 161.159 61.399 4 26 2 571 4
38.553 161.159 61.399 5 26 2 571 4
167.750 39.557 280.759 6 26 2 27 1
167.750 39.557 280.759 7 26 2 27 1
178.314 127.719 5.521 8 26 2 309 1
178.314 127.719 5.521 9 26 2 309 1
178.314 127.719 5.521 10 26 2 309 1
238.218 45.043 155.225 11 26 2 585 4
238.218 45.043 155.225 12 26 2 585 4
238.218 45.043 155.225 13 26 2 585 4
238.218 45.043 155.225 14 26 2 585 4
238.218 45.043 155.225 15 26 2 585 4
238.218 45.043 155.225 16 26 2 585 4
238.218 45.043 155.225 17 26 2 585 4
255.073 150.242 129.509 18 26 2 251 1
159.210 123.315 181.999 19 26 2 213 1
159.210 123.315 181.999 20 26 2 213 1
238.218 45.043 155.225 21 26 2 585 4
39.170 72.282 99.554 22 26 2 420 1
39.170 72.282 99.554 23 26 2 420 1
359.392 81.007 259.773 24 26 2 576 4
359.392 81.007 259.773 25 26 2 576 4
359.392 81.007 259.773 26 26 2 576 4
359.392 81.007 259.773 27 26 2 576 4
129.043 8.534 168.394 28 26 2 331 1
359.392 81.007 259.773 29 26 2 576 4
359.392 81.007 259.773 30 26 2 576 4
38.553 161.159 61.399 1 27 2 571 4
129.806 114.354 247.112 2 27 2 159 1
129.806 114.354 247.112 3 27 2 159 1
38.553 161.159 61.399 4 27 2 571 4
38.553 161.159 61.399 5 27 2 571 4
320.612 38.401 98.679 6 27 2 63 1
320.612 38.401 98.679 7 27 2 63 1
320.612 38.401 98.679 8 27 2 63 1
178.314 127.719 5.521 9 27 2 309 1
217.415 126.429 315.621 10 27 2 411 1
238.218 45.043 155.225 11 27 2 585 4
238.218 45.043 155.225 12 27 2 585 4
238.218 45.043 155.225 13 27 2 585 4
238.218 45.043 155.225 14 27 2 585 4
238.218 45.043 155.225 15 27 2 585 4
238.218 45.043 155.225 16 27 2 585 4
238.218 45.043 155.225 17 27 2 585 4
238.218 45.043 155.225 18 27 2 585 4
238.218 45.043 155.225 19 27 2 585 4
238.218 45.043 155.225 20 27 2 585 4
238.218 45.043 155.225 21 27 2 585 4
39.170 72.282 99.554 22 27 2 420 1
39.170 72.282 99.554 23 27 2 420 1
359.392 81.007 259.773 24 27 2 576 4
359.392 81.007 259.773 25 27 2 576 4
359.392 81.007 259.773 26 27 2 576 4
359.392 81.007 259.773 27 27 2 576 4
359.392 81.007 259.773 28 27 2 576 4
359.392 81.007 259.773 29 27 2 576 4
359.392 81.007 259.773 30 27 2 576 4
38.553 161.159 61.399 1 28 2 571 4
129.806 114.354 247.112 2 28 2 159 1
129.806 114.354 247.112 3 28 2 159 1
38.553 161.159 61.399 4 28 2 571 4
320.612 38.401 98.679 5 28 2 63 1
320.612 38.401 98.679 6 28 2 63 1
320.612 38.401 98.679 7 28 2 63 1
119.382 57.581 31.170 8 28 2 344 1
119.382 57.581 31.170 9 28 2 344 1
217.415 126.429 315.621 10 28 2 411 1
217.415 126.429 315.621 11 28 2 411 1
238.218 45.043 155.225 12 28 2 585 4
238.218 45.043 155.225 13 28 2 585 4
238.218 45.043 155.225 14 28 2 585 4
238.218 45.043 155.225 15 28 2 585 4
238.218 45.043 155.225 16 28 2 585 4
238.218 45.043 155.225 17 28 2 585 4
238.218 45.043 155.225 18 28 2 585 4
238.218 45.043 155.225 19 28 2 585 4
61.363 130.295 234.062 20 28 2 522 2
61.363 130.295 234.062 21 28 2 522 2
359.392 81.007 259.773 22 28 2 576 4
359.392 81.007 259.773 23 28 2 576 4
359.392 81.007 259.773 24 28 2 576 4
359.392 81.007 259.773 25 28 2 576 4
359.392 81.007 259.773 26 28 2 576 4
359.392 81.007 259.773 27 28 2 576 4
359.392 81.007 259.773 28 28 2 576 4
359.392 81.007 259.773 29 28 2 576 4
359.392 81.007 259.773 30 28 2 576 4
38.553 161.159 61.399 1 29 2 571 4
129.806 114.354 247.112 2 29 2 159 1
129.806 114.354 247.112 3 29 2 159 1
38.553 161.159 61.399 4 29 2 571 4
320.612 38.401 98.679 5 29 2 63 1
320.612 38.401 98.679 6 29 2 63 1
320.612 38.401 98.679 7 29 2 63 1
119.382 57.581 31.170 8 29 2 344 1
119.382 57.581 31.170 9 29 2 344 1
217.415 126.429 315.621 10 29 2 411 1
217.415 126.429 315.621 11 29 2 411 1
238.218 45.043 155.225 12 29 2 585 4
238.218 45.043 155.225 13 29 2 585 4
238.218 45.043 155.225 14 29 2 585 4
238.218 45.043 155.225 15 29 2 585 4
238.218 45.043 155.225 16 29 2 585 4
238.218 45.043 155.225 17 29 2 585 4
238.218 45.043 155.225 18 29 2 585 4
61.363 130.295 234.062 19 29 2 522 2
61.363 130.295 234.062 20 29 2 522 2
61.363 130.295 234.062 21 29 2 522 2
359.392 81.007 259.773 22 29 2 576 4
359.392 81.007 259.773 23 29 2 576 4
113.854 90.065 168.610 24 29 2 374 1
359.392 81.007 259.773 25 29 2 576 4
359.392 81.007 259.773 26 29 2 576 4
359.392 81.007 259.773 27 29 2 576 4
359.392 81.007 259.773 28 29 2 576 4
34.401 61.257 340.003 29 29 2 552 2
34.401 61.257 340.003 30 29 2 552 2
38.553 161.159 61.399 1 30 2 571 4
129.806 114.354 247.112 2 30 2 159 1
129.806 114.354 247.112 3 30 2 159 1
38.553 161.159 61.399 4 30 2 571 4
320.612 38.401 98.679 5 30 2 63 1
320.612 38.401 98.679 6 30 2 63 1
320.612 38.401 98.679 7 30 2 63 1
119.382 57.581 31.170 8 30 2 344 1
119.382 57.581 31.170 9 30 2 344 1
217.415 126.429 315.621 10 30 2 411 1
33.082 128.630 343.460 11 30 2 417 1
33.082 128.630 343.460 12 30 2 417 1
33.082 128.630 343.460 13 30 2 417 1
238.218 45.043 155.225 14 30 2 585 4
238.218 45.043 155.225 15 30 2 585 4
238.218 45.043 155.225 16 30 2 585 4
238.218 45.043 155.225 17 30 2 585 4
61.363 130.295 234.062 18 30 2 522 2
61.363 130.295 234.062 19 30 2 522 2
61.363 130.295 234.062 20 30 2 522 2
61.363 130.295 234.062 21 30 2 522 2
359.392 81.007 259.773 22 30 2 576 4
113.854 90.065 168.610 23 30 2 374 1
113.854 90.065 168.610 24 30 2 374 1
359.392 81.007 259.773 25 30 2 576 4
71.327 125.876 211.300 26 30 2 97 1
359.392 81.007 259.773 27 30 2 576 4
34.401 61.257 340.003 28 30 2 552 2
34.401 61.257 340.003 29 30 2 552 2
34.401 61.257 340.003 30 30 2 552 2
