240.413 46.563 325.425 1 1 28 569 3
240.413 46.563 325.425 2 1 28 569 3
240.413 46.563 325.425 3 1 28 569 3
240.413 46.563 325.425 4 1 28 569 3
240.413 46.563 325.425 5 1 28 569 3
240.413 46.563 325.425 6 1 28 569 3
240.413 46.563 325.425 7 1 28 569 3
240.413 46.563 325.425 8 1 28 569 3
240.413 46.563 325.425 9 1 28 569 3
240.413 46.563 325.425 10 1 28 569 3
240.413 46.563 325.425 11 1 28 569 3
240.413 46.563 325.425 12 1 28 569 3
240.413 46.563 325.425 13 1 28 569 3
240.413 46.563 325.425 14 1 28 569 3
240.413 46.563 325.425 15 1 28 569 3
54.242 103.236 325.736 16 1 28 582 4
54.242 103.236 325.736 17 1 28 582 4
48.824 47.651 276.827 18 1 28 418 1
48.824 47.651 276.827 19 1 28 418 1
354.924 50.239 6.650 20 1 28 471 2
354.924 50.239 6.650 21 1 28 471 2
354.924 50.239 6.650 22 1 28 471 2
330.668 128.744 21.972 23 1 28 54 1
325.794 126.325 92.486 24 1 28 223 1
325.794 126.325 92.486 25 1 28 223 1
78.065 133.229 19.488 26 1 28 298 1
78.065 133.229 19.488 27 1 28 298 1
311.665 79.386 38.217 28 1 28 512 2
311.665 79.386 38.217 29 1 28 512 2
311.665 79.386 38.217 30 1 28 512 2
240.413 46.563 325.425 1 2 28 569 3
240.413 46.563 325.425 2 2 28 569 3
240.413 46.563 325.425 3 2 28 569 3
240.413 46.563 325.425 4 2 28 569 3
240.413 46.563 325.425 5 2 28 569 3
240.413 46.563 325.425 6 2 28 569 3
240.413 46.563 325.425 7 2 28 569 3
240.413 46.563 325.425 8 2 28 569 3
240.413 46.563 325.425 9 2 28 569 3
240.413 46.563 325.425 10 2 28 569 3
240.413 46.563 325.425 11 2 28 569 3
240.413 46.563 325.425 12 2 28 569 3
344.431 60.793 187.246 13 2 28 228 1
240.413 46.563 325.425 14 2 28 569 3
240.413 46.563 325.425 15 2 28 569 3
54.242 103.236 325.736 16 2 28 582 4
54.242 103.236 325.736 17 2 28 582 4
48.824 47.651 276.827 18 2 28 418 1
48.824 47.651 276.827 19 2 28 418 1
354.924 50.239 6.650 20 2 28 471 2
354.924 50.239 6.650 21 2 28 471 2
354.924 50.239 6.650 22 2 28 471 2
354.924 50.239 6.650 23 2 28 471 2
325.794 126.325 92.486 24 2 28 223 1
325.794 126.325 92.486 25 2 28 223 1
78.065 133.229 19.488 26 2 28 298 1
78.065 133.229 19.488 27 2 28 298 1
311.665 79.386 38.217 28 2 28 512 2
311.665 79.386 38.217 29 2 28 512 2
311.665 79.386 38.217 30 2 28 512 2
240.413 46.563 325.425 1 3 28 569 3
240.413 46.563 325.425 2 3 28 569 3
240.413 46.563 325.425 3 3 28 569 3
240.413 46.563 325.425 4 3 28 569 3
240.413 46.563 325.425 5 3 28 569 3
240.413 46.563 325.425 6 3 28 569 3
240.413 46.563 325.425 7 3 28 569 3
240.413 46.563 325.425 8 3 28 569 3
240.413 46.563 325.425 9 3 28 569 3
240.413 46.563 325.425 10 3 28 569 3
36.435 99.890 318.954 11 3 28 607 1
240.413 46.563 325.425 12 3 28 569 3
240.413 46.563 325.425 13 3 28 569 3
240.413 46.563 325.425 14 3 28 569 3
240.413 46.563 325.425 15 3 28 569 3
54.242 103.236 325.736 16 3 28 582 4
54.242 103.236 325.736 17 3 28 582 4
48.824 47.651 276.827 18 3 28 418 1
354.924 50.239 6.650 19 3 28 471 2
354.924 50.239 6.650 20 3 28 471 2
354.924 50.239 6.650 21 3 28 471 2
354.924 50.239 6.650 22 3 28 471 2
354.924 50.239 6.650 23 3 28 471 2
354.924 50.239 6.650 24 3 28 471 2
354.924 50.239 6.650 25 3 28 471 2
78.065 133.229 19.488 26 3 28 298 1
78.065 133.229 19.488 27 3 28 298 1
311.665 79.386 38.217 28 3 28 512 2
311.665 79.386 38.217 29 3 28 512 2
311.665 79.386 38.217 30 3 28 512 2
240.413 46.563 325.425 1 4 28 569 3
240.413 46.563 325.425 2 4 28 569 3
240.413 46.563 325.425 3 4 28 569 3
240.413 46.563 325.425 4 4 28 569 3
240.413 46.563 325.425 5 4 28 569 3
240.413 46.563 325.425 6 4 28 569 3
240.413 46.563 325.425 7 4 28 569 3
324.848 88.916 122.483 8 4 28 319 1
240.413 46.563 325.425 9 4 28 569 3
240.413 46.563 325.425 10 4 28 569 3
36.435 99.890 318.954 11 4 28 607 1
14.501 106.653 82.087 12 4 28 461 1
240.413 46.563 325.425 13 4 28 569 3
240.413 46.563 325.425 14 4 28 569 3
240.413 46.563 325.425 15 4 28 569 3
54.242 103.236 325.736 16 4 28 582 4
54.242 103.236 325.736 17 4 28 582 4
207.565 76.632 22.216 18 4 28 268 1
354.924 50.239 6.650 19 4 28 471 2
354.924 50.239 6.650 20 4 28 471 2
354.924 50.239 6.650 21 4 28 471 2
354.924 50.239 6.650 22 4 28 471 2
354.924 50.239 6.650 23 4 28 471 2
354.924 50.239 6.650 24 4 28 471 2
354.924 50.239 6.650 25 4 28 471 2
78.065 133.229 19.488 26 4 28 298 1
78.065 133.229 19.488 27 4 28 298 1
118.624 119.370 92.086 28 4 28 107 1
311.665 79.386 38.217 29 4 28 512 2
311.665 79.386 38.217 30 4 28 512 2
240.413 46.563 325.425 1 5 28 569 3
240.413 46.563 325.425 2 5 28 569 3
240.413 46.563 325.425 3 5 28 569 3
240.413 46.563 325.425 4 5 28 569 3
240.413 46.563 325.425 5 5 28 569 3
240.413 46.563 325.425 6 5 28 569 3
240.413 46.563 325.425 7 5 28 569 3
240.413 46.563 325.425 8 5 28 569 3
240.413 46.563 325.425 9 5 28 569 3
240.413 46.563 325.425 10 5 28 569 3
240.413 46.563 325.425 11 5 28 569 3
240.413 46.563 325.425 12 5 28 569 3
240.413 46.563 325.425 13 5 28 569 3
240.413 46.563 325.425 14 5 28 569 3
240.413 46.563 325.425 15 5 28 569 3
54.242 103.236 325.736 16 5 28 582 4
54.242 103.236 325.736 17 5 28 582 4
243.486 94.874 158.210 18 5 28 557 2
354.924 50.239 6.650 19 5 28 471 2
354.924 50.239 6.650 20 5 28 471 2
354.924 50.239 6.650 21 5 28 471 2
354.924 50.239 6.650 22 5 28 471 2
354.924 50.239 6.650 23 5 28 471 2
354.924 50.239 6.650 24 5 28 471 2
354.924 50.239 6.650 25 5 28 471 2
354.924 50.239 6.650 26 5 28 471 2
356.487 113.338 90.984 27 5 28 350 1
356.487 113.338 90.984 28 5 28 350 1
356.487 113.338 90.984 29 5 28 350 1
311.665 79.386 38.217 30 5 28 512 2
240.413 46.563 325.425 1 6 28 569 3
240.413 46.563 325.425 2 6 28 569 3
240.413 46.563 325.425 3 6 28 569 3
240.413 46.563 325.425 4 6 28 569 3
240.413 46.563 325.425 5 6 28 569 3
240.413 46.563 325.425 6 6 28 569 3
240.413 46.563 325.425 7 6 28 569 3
240.413 46.563 325.425 8 6 28 569 3
240.413 46.563 325.425 9 6 28 569 3
240.413 46.563 325.425 10 6 28 569 3
240.413 46.563 325.425 11 6 28 569 3
240.413 46.563 325.425 12 6 28 569 3
240.413 46.563 325.425 13 6 28 569 3
240.413 46.563 325.425 14 6 28 569 3
240.413 46.563 325.425 15 6 28 569 3
240.413 46.563 325.425 16 6 28 569 3
243.486 94.874 158.210 17 6 28 557 2
243.486 94.874 158.210 18 6 28 557 2
243.486 94.874 158.210 19 6 28 557 2
54.469 115.963 4.631 20 6 28 528 2
354.924 50.239 6.650 21 6 28 471 2
354.924 50.239 6.650 22 6 28 471 2
354.924 50.239 6.650 23 6 28 471 2
354.924 50.239 6.650 24 6 28 471 2
354.924 50.239 6.650 25 6 28 471 2
143.003 154.391 224.931 26 6 28 389 1
356.487 113.338 90.984 27 6 28 350 1
356.487 113.338 90.984 28 6 28 350 1
356.487 113.338 90.984 29 6 28 350 1
356.487 113.338 90.984 30 6 28 350 1
240.413 46.563 325.425 1 7 28 569 3
240.413 46.563 325.425 2 7 28 569 3
240.413 46.563 325.425 3 7 28 569 3
240.413 46.563 325.425 4 7 28 569 3
240.413 46.563 325.425 5 7 28 569 3
240.413 46.563 325.425 6 7 28 569 3
240.413 46.563 325.425 7 7 28 569 3
240.413 46.563 325.425 8 7 28 569 3
240.413 46.563 325.425 9 7 28 569 3
240.413 46.563 325.425 10 7 28 569 3
240.413 46.563 325.425 11 7 28 569 3
240.413 46.563 325.425 12 7 28 569 3
240.413 46.563 325.425 13 7 28 569 3
240.413 46.563 325.425 14 7 28 569 3
240.413 46.563 325.425 15 7 28 569 3
240.413 46.563 325.425 16 7 28 569 3
240.413 46.563 325.425 17 7 28 569 3
243.486 94.874 158.210 18 7 28 557 2
243.486 94.874 158.210 19 7 28 557 2
54.469 115.963 4.631 20 7 28 528 2
354.924 50.239 6.650 21 7 28 471 2
354.924 50.239 6.650 22 7 28 471 2
354.924 50.239 6.650 23 7 28 471 2
354.924 50.239 6.650 24 7 28 471 2
354.924 50.239 6.650 25 7 28 471 2
354.924 50.239 6.650 26 7 28 471 2
356.487 113.338 90.984 27 7 28 350 1
356.487 113.338 90.984 28 7 28 350 1
356.487 113.338 90.984 29 7 28 350 1
268.944 44.281 247.933 30 7 28 480 2
240.413 46.563 325.425 1 8 28 569 3
240.413 46.563 325.425 2 8 28 569 3
240.413 46.563 325.425 3 8 28 569 3
240.413 46.563 325.425 4 8 28 569 3
240.413 46.563 325.425 5 8 28 569 3
240.413 46.563 325.425 6 8 28 569 3
240.413 46.563 325.425 7 8 28 569 3
240.413 46.563 325.425 8 8 28 569 3
240.413 46.563 325.425 9 8 28 569 3
255.335 142.133 250.738 10 8 28 542 2
240.413 46.563 325.425 11 8 28 569 3
240.413 46.563 325.425 12 8 28 569 3
240.413 46.563 325.425 13 8 28 569 3
240.413 46.563 325.425 14 8 28 569 3
240.413 46.563 325.425 15 8 28 569 3
240.413 46.563 325.425 16 8 28 569 3
336.017 92.470 223.563 17 8 28 33 1
240.413 46.563 325.425 18 8 28 569 3
240.413 46.563 325.425 19 8 28 569 3
36.161 153.654 212.373 20 8 28 572 4
36.161 153.654 212.373 21 8 28 572 4
36.161 153.654 212.373 22 8 28 572 4
36.161 153.654 212.373 23 8 28 572 4
36.161 153.654 212.373 24 8 28 572 4
354.924 50.239 6.650 25 8 28 471 2
350.765 73.238 304.757 26 8 28 475 2
4.699 127.492 229.855 27 8 28 266 1
261.691 74.353 358.769 28 8 28 490 2
261.691 74.353 358.769 29 8 28 490 2
268.944 44.281 247.933 30 8 28 480 2
240.413 46.563 325.425 1 9 28 569 3
240.413 46.563 325.425 2 9 28 569 3
240.413 46.563 325.425 3 9 28 569 3
240.413 46.563 325.425 4 9 28 569 3
240.413 46.563 325.425 5 9 28 569 3
240.413 46.563 325.425 6 9 28 569 3
240.413 46.563 325.425 7 9 28 569 3
240.413 46.563 325.425 8 9 28 569 3
240.413 46.563 325.425 9 9 28 569 3
240.413 46.563 325.425 10 9 28 569 3
240.413 46.563 325.425 11 9 28 569 3
240.413 46.563 325.425 12 9 28 569 3
240.413 46.563 325.425 13 9 28 569 3
240.413 46.563 325.425 14 9 28 569 3
240.413 46.563 325.425 15 9 28 569 3
180.941 98.060 17.863 16 9 28 21 1
240.413 46.563 325.425 17 9 28 569 3
240.413 46.563 325.425 18 9 28 569 3
36.161 153.654 212.373 19 9 28 572 4
36.161 153.654 212.373 20 9 28 572 4
36.161 153.654 212.373 21 9 28 572 4
36.161 153.654 212.373 22 9 28 572 4
36.161 153.654 212.373 23 9 28 572 4
36.161 153.654 212.373 24 9 28 572 4
4.699 127.492 229.855 25 9 28 266 1
4.699 127.492 229.855 26 9 28 266 1
4.699 127.492 229.855 27 9 28 266 1
296.566 78.668 331.948 28 9 28 601 1
296.566 78.668 331.948 29 9 28 601 1
261.691 74.353 358.769 30 9 28 490 2
240.413 46.563 325.425 1 10 28 569 3
240.413 46.563 325.425 2 10 28 569 3
240.413 46.563 325.425 3 10 28 569 3
240.413 46.563 325.425 4 10 28 569 3
240.413 46.563 325.425 5 10 28 569 3
240.413 46.563 325.425 6 10 28 569 3
240.413 46.563 325.425 7 10 28 569 3
240.413 46.563 325.425 8 10 28 569 3
240.413 46.563 325.425 9 10 28 569 3
240.413 46.563 325.425 10 10 28 569 3
240.413 46.563 325.425 11 10 28 569 3
240.413 46.563 325.425 12 10 28 569 3
240.413 46.563 325.425 13 10 28 569 3
240.413 46.563 325.425 14 10 28 569 3
240.413 46.563 325.425 15 10 28 569 3
240.413 46.563 325.425 16 10 28 569 3
240.413 46.563 325.425 17 10 28 569 3
194.972 41.358 79.504 18 10 28 351 1
194.972 41.358 79.504 19 10 28 351 1
36.161 153.654 212.373 20 10 28 572 4
36.161 153.654 212.373 21 10 28 572 4
36.161 153.654 212.373 22 10 28 572 4
36.161 153.654 212.373 23 10 28 572 4
36.161 153.654 212.373 24 10 28 572 4
4.699 127.492 229.855 25 10 28 266 1
210.668 116.463 24.550 26 10 28 363 1
4.699 127.492 229.855 27 10 28 266 1
296.566 78.668 331.948 28 10 28 601 1
296.566 78.668 331.948 29 10 28 601 1
261.691 74.353 358.769 30 10 28 490 2
240.413 46.563 325.425 1 11 28 569 3
240.413 46.563 325.425 2 11 28 569 3
240.413 46.563 325.425 3 11 28 569 3
240.413 46.563 325.425 4 11 28 569 3
240.413 46.563 325.425 5 11 28 569 3
240.413 46.563 325.425 6 11 28 569 3
240.413 46.563 325.425 7 11 28 569 3
240.413 46.563 325.425 8 11 28 569 3
240.413 46.563 325.425 9 11 28 569 3
240.413 46.563 325.425 10 11 28 569 3
240.413 46.563 325.425 11 11 28 569 3
240.413 46.563 325.425 12 11 28 569 3
240.413 46.563 325.425 13 11 28 569 3
240.413 46.563 325.425 14 11 28 569 3
240.413 46.563 325.425 15 11 28 569 3
101.807 52.241 339.281 16 11 28 586 4
101.807 52.241 339.281 17 11 28 586 4
194.972 41.358 79.504 18 11 28 351 1
194.972 41.358 79.504 19 11 28 351 1
114.741 69.780 138.642 20 11 28 438 1
36.161 153.654 212.373 21 11 28 572 4
36.161 153.654 212.373 22 11 28 572 4
101.807 52.241 339.281 23 11 28 586 4
101.807 52.241 339.281 24 11 28 586 4
101.807 52.241 339.281 25 11 28 586 4
101.807 52.241 339.281 26 11 28 586 4
101.807 52.241 339.281 27 11 28 586 4
101.807 52.241 339.281 28 11 28 586 4
261.691 74.353 358.769 29 11 28 490 2
261.691 74.353 358.769 30 11 28 490 2
240.413 46.563 325.425 1 12 28 569 3
240.413 46.563 325.425 2 12 28 569 3
240.413 46.563 325.425 3 12 28 569 3
240.413 46.563 325.425 4 12 28 569 3
240.413 46.563 325.425 5 12 28 569 3
240.413 46.563 325.425 6 12 28 569 3
240.413 46.563 325.425 7 12 28 569 3
240.413 46.563 325.425 8 12 28 569 3
240.413 46.563 325.425 9 12 28 569 3
240.413 46.563 325.425 10 12 28 569 3
240.413 46.563 325.425 11 12 28 569 3
240.413 46.563 325.425 12 12 28 569 3
240.413 46.563 325.425 13 12 28 569 3
101.807 52.241 339.281 14 12 28 586 4
101.807 52.241 339.281 15 12 28 586 4
101.807 52.241 339.281 16 12 28 586 4
101.807 52.241 339.281 17 12 28 586 4
101.807 52.241 339.281 18 12 28 586 4
101.807 52.241 339.281 19 12 28 586 4
101.807 52.241 339.281 20 12 28 586 4
101.807 52.241 339.281 21 12 28 586 4
101.807 52.241 339.281 22 12 28 586 4
101.807 52.241 339.281 23 12 28 586 4
101.807 52.241 339.281 24 12 28 586 4
101.807 52.241 339.281 25 12 28 586 4
101.807 52.241 339.281 26 12 28 586 4
101.807 52.241 339.281 27 12 28 586 4
101.807 52.241 339.281 28 12 28 586 4
101.807 52.241 339.281 29 12 28 586 4
101.807 52.241 339.281 30 12 28 586 4
240.413 46.563 325.425 1 13 28 569 3
240.413 46.563 325.425 2 13 28 569 3
240.413 46.563 325.425 3 13 28 569 3
240.413 46.563 325.425 4 13 28 569 3
240.413 46.563 325.425 5 13 28 569 3
240.413 46.563 325.425 6 13 28 569 3
240.413 46.563 325.425 7 13 28 569 3
240.413 46.563 325.425 8 13 28 569 3
240.413 46.563 325.425 9 13 28 569 3
240.413 46.563 325.425 10 13 28 569 3
101.807 52.241 339.281 11 13 28 586 4
101.807 52.241 339.281 12 13 28 586 4
101.807 52.241 339.281 13 13 28 586 4
101.807 52.241 339.281 14 13 28 586 4
101.807 52.241 339.281 15 13 28 586 4
101.807 52.241 339.281 16 13 28 586 4
101.807 52.241 339.281 17 13 28 586 4
101.807 52.241 339.281 18 13 28 586 4
101.807 52.241 339.281 19 13 28 586 4
101.807 52.241 339.281 20 13 28 586 4
101.807 52.241 339.281 21 13 28 586 4
101.807 52.241 339.281 22 13 28 586 4
101.807 52.241 339.281 23 13 28 586 4
101.807 52.241 339.281 24 13 28 586 4
101.807 52.241 339.281 25 13 28 586 4
101.807 52.241 339.281 26 13 28 586 4
101.807 52.241 339.281 27 13 28 586 4
165.094 156.581 168.107 28 13 28 616 1
165.094 156.581 168.107 29 13 28 616 1
165.094 156.581 168.107 30 13 28 616 1
240.413 46.563 325.425 1 14 28 569 3
240.413 46.563 325.425 2 14 28 569 3
213.072 85.813 129.125 3 14 28 163 1
213.072 85.813 129.125 4 14 28 163 1
240.413 46.563 325.425 5 14 28 569 3
240.413 46.563 325.425 6 14 28 569 3
240.413 46.563 325.425 7 14 28 569 3
101.807 52.241 339.281 8 14 28 586 4
101.807 52.241 339.281 9 14 28 586 4
101.807 52.241 339.281 10 14 28 586 4
101.807 52.241 339.281 11 14 28 586 4
101.807 52.241 339.281 12 14 28 586 4
101.807 52.241 339.281 13 14 28 586 4
101.807 52.241 339.281 14 14 28 586 4
101.807 52.241 339.281 15 14 28 586 4
101.807 52.241 339.281 16 14 28 586 4
101.807 52.241 339.281 17 14 28 586 4
101.807 52.241 339.281 18 14 28 586 4
101.807 52.241 339.281 19 14 28 586 4
101.807 52.241 339.281 20 14 28 586 4
101.807 52.241 339.281 21 14 28 586 4
101.807 52.241 339.281 22 14 28 586 4
101.807 52.241 339.281 23 14 28 586 4
101.807 52.241 339.281 24 14 28 586 4
101.807 52.241 339.281 25 14 28 586 4
101.807 52.241 339.281 26 14 28 586 4
101.807 52.241 339.281 27 14 28 586 4
165.094 156.581 168.107 28 14 28 616 1
165.094 156.581 168.107 29 14 28 616 1
165.094 156.581 168.107 30 14 28 616 1
240.413 46.563 325.425 1 15 28 569 3
213.072 85.813 129.125 2 15 28 163 1
213.072 85.813 129.125 3 15 28 163 1
213.072 85.813 129.125 4 15 28 163 1
101.807 52.241 339.281 5 15 28 586 4
101.807 52.241 339.281 6 15 28 586 4
101.807 52.241 339.281 7 15 28 586 4
101.807 52.241 339.281 8 15 28 586 4
101.807 52.241 339.281 9 15 28 586 4
101.807 52.241 339.281 10 15 28 586 4
101.807 52.241 339.281 11 15 28 586 4
101.807 52.241 339.281 12 15 28 586 4
101.807 52.241 339.281 13 15 28 586 4
101.807 52.241 339.281 14 15 28 586 4
101.807 52.241 339.281 15 15 28 586 4
101.807 52.241 339.281 16 15 28 586 4
101.807 52.241 339.281 17 15 28 586 4
101.807 52.241 339.281 18 15 28 586 4
101.807 52.241 339.281 19 15 28 586 4
101.807 52.241 339.281 20 15 28 586 4
101.807 52.241 339.281 21 15 28 586 4
101.807 52.241 339.281 22 15 28 586 4
101.807 52.241 339.281 23 15 28 586 4
101.807 52.241 339.281 24 15 28 586 4
101.807 52.241 339.281 25 15 28 586 4
101.807 52.241 339.281 26 15 28 586 4
101.807 52.241 339.281 27 15 28 586 4
101.807 52.241 339.281 28 15 28 586 4
101.807 52.241 339.281 29 15 28 586 4
101.807 52.241 339.281 30 15 28 586 4
36.702 146.072 102.839 1 16 28 602 1
263.979 102.150 159.142 2 16 28 280 1
101.807 52.241 339.281 3 16 28 586 4
101.807 52.241 339.281 4 16 28 586 4
101.807 52.241 339.281 5 16 28 586 4
101.807 52.241 339.281 6 16 28 586 4
101.807 52.241 339.281 7 16 28 586 4
101.807 52.241 339.281 8 16 28 586 4
101.807 52.241 339.281 9 16 28 586 4
101.807 52.241 339.281 10 16 28 586 4
101.807 52.241 339.281 11 16 28 586 4
101.807 52.241 339.281 12 16 28 586 4
101.807 52.241 339.281 13 16 28 586 4
101.807 52.241 339.281 14 16 28 586 4
101.807 52.241 339.281 15 16 28 586 4
101.807 52.241 339.281 16 16 28 586 4
101.807 52.241 339.281 17 16 28 586 4
101.807 52.241 339.281 18 16 28 586 4
101.807 52.241 339.281 19 16 28 586 4
101.807 52.241 339.281 20 16 28 586 4
101.807 52.241 339.281 21 16 28 586 4
101.807 52.241 339.281 22 16 28 586 4
101.807 52.241 339.281 23 16 28 586 4
101.807 52.241 339.281 24 16 28 586 4
101.807 52.241 339.281 25 16 28 586 4
101.807 52.241 339.281 26 16 28 586 4
101.807 52.241 339.281 27 16 28 586 4
101.807 52.241 339.281 28 16 28 586 4
101.807 52.241 339.281 29 16 28 586 4
101.807 52.241 339.281 30 16 28 586 4
101.807 52.241 339.281 1 17 28 586 4
101.807 52.241 339.281 2 17 28 586 4
101.807 52.241 339.281 3 17 28 586 4
101.807 52.241 339.281 4 17 28 586 4
101.807 52.241 339.281 5 17 28 586 4
101.807 52.241 339.281 6 17 28 586 4
101.807 52.241 339.281 7 17 28 586 4
101.807 52.241 339.281 8 17 28 586 4
101.807 52.241 339.281 9 17 28 586 4
101.807 52.241 339.281 10 17 28 586 4
101.807 52.241 339.281 11 17 28 586 4
101.807 52.241 339.281 12 17 28 586 4
101.807 52.241 339.281 13 17 28 586 4
101.807 52.241 339.281 14 17 28 586 4
101.807 52.241 339.281 15 17 28 586 4
101.807 52.241 339.281 16 17 28 586 4
101.807 52.241 339.281 17 17 28 586 4
101.807 52.241 339.281 18 17 28 586 4
101.807 52.241 339.281 19 17 28 586 4
101.807 52.241 339.281 20 17 28 586 4
101.807 52.241 339.281 21 17 28 586 4
101.807 52.241 339.281 22 17 28 586 4
101.807 52.241 339.281 23 17 28 586 4
101.807 52.241 339.281 24 17 28 586 4
101.807 52.241 339.281 25 17 28 586 4
101.807 52.241 339.281 26 17 28 586 4
101.807 52.241 339.281 27 17 28 586 4
101.807 52.241 339.281 28 17 28 586 4
101.807 52.241 339.281 29 17 28 586 4
101.807 52.241 339.281 30 17 28 586 4
101.807 52.241 339.281 1 18 28 586 4
101.807 52.241 339.281 2 18 28 586 4
101.807 52.241 339.281 3 18 28 586 4
101.807 52.241 339.281 4 18 28 586 4
101.807 52.241 339.281 5 18 28 586 4
101.807 52.241 339.281 6 18 28 586 4
101.807 52.241 339.281 7 18 28 586 4
101.807 52.241 339.281 8 18 28 586 4
101.807 52.241 339.281 9 18 28 586 4
101.807 52.241 339.281 10 18 28 586 4
101.807 52.241 339.281 11 18 28 586 4
101.807 52.241 339.281 12 18 28 586 4
101.807 52.241 339.281 13 18 28 586 4
101.807 52.241 339.281 14 18 28 586 4
101.807 52.241 339.281 15 18 28 586 4
101.807 52.241 339.281 16 18 28 586 4
101.807 52.241 339.281 17 18 28 586 4
101.807 52.241 339.281 18 18 28 586 4
101.807 52.241 339.281 19 18 28 586 4
101.807 52.241 339.281 20 18 28 586 4
101.807 52.241 339.281 21 18 28 586 4
101.807 52.241 339.281 22 18 28 586 4
101.807 52.241 339.281 23 18 28 586 4
101.807 52.241 339.281 24 18 28 586 4
101.807 52.241 339.281 25 18 28 586 4
101.807 52.241 339.281 26 18 28 586 4
101.807 52.241 339.281 27 18 28 586 4
101.807 52.241 339.281 28 18 28 586 4
101.807 52.241 339.281 29 18 28 586 4
288.889 23.978 275.726 30 18 28 46 1
101.807 52.241 339.281 1 19 28 586 4
101.807 52.241 339.281 2 19 28 586 4
101.807 52.241 339.281 3 19 28 586 4
101.807 52.241 339.281 4 19 28 586 4
101.807 52.241 339.281 5 19 28 586 4
101.807 52.241 339.281 6 19 28 586 4
101.807 52.241 339.281 7 19 28 586 4
101.807 52.241 339.281 8 19 28 586 4
101.807 52.241 339.281 9 19 28 586 4
101.807 52.241 339.281 10 19 28 586 4
101.807 52.241 339.281 11 19 28 586 4
101.807 52.241 339.281 12 19 28 586 4
101.807 52.241 339.281 13 19 28 586 4
101.807 52.241 339.281 14 19 28 586 4
101.807 52.241 339.281 15 19 28 586 4
101.807 52.241 339.281 16 19 28 586 4
101.807 52.241 339.281 17 19 28 586 4
101.807 52.241 339.281 18 19 28 586 4
101.807 52.241 339.281 19 19 28 586 4
101.807 52.241 339.281 20 19 28 586 4
101.807 52.241 339.281 21 19 28 586 4
101.807 52.241 339.281 22 19 28 586 4
101.807 52.241 339.281 23 19 28 586 4
101.807 52.241 339.281 24 19 28 586 4
101.807 52.241 339.281 25 19 28 586 4
101.807 52.241 339.281 26 19 28 586 4
101.807 52.241 339.281 27 19 28 586 4
101.807 52.241 339.281 28 19 28 586 4
288.889 23.978 275.726 29 19 28 46 1
288.889 23.978 275.726 30 19 28 46 1
101.807 52.241 339.281 1 20 28 586 4
101.807 52.241 339.281 2 20 28 586 4
101.807 52.241 339.281 3 20 28 586 4
101.807 52.241 339.281 4 20 28 586 4
101.807 52.241 339.281 5 20 28 586 4
101.807 52.241 339.281 6 20 28 586 4
101.807 52.241 339.281 7 20 28 586 4
101.807 52.241 339.281 8 20 28 586 4
101.807 52.241 339.281 9 20 28 586 4
101.807 52.241 339.281 10 20 28 586 4
101.807 52.241 339.281 11 20 28 586 4
101.807 52.241 339.281 12 20 28 586 4
101.807 52.241 339.281 13 20 28 586 4
101.807 52.241 339.281 14 20 28 586 4
101.807 52.241 339.281 15 20 28 586 4
101.807 52.241 339.281 16 20 28 586 4
101.807 52.241 339.281 17 20 28 586 4
101.807 52.241 339.281 18 20 28 586 4
101.807 52.241 339.281 19 20 28 586 4
101.807 52.241 339.281 20 20 28 586 4
101.807 52.241 339.281 21 20 28 586 4
101.807 52.241 339.281 22 20 28 586 4
101.807 52.241 339.281 23 20 28 586 4
101.807 52.241 339.281 24 20 28 586 4
101.807 52.241 339.281 25 20 28 586 4
205.715 16.334 46.784 26 20 28 468 2
205.715 16.334 46.784 27 20 28 468 2
288.889 23.978 275.726 28 20 28 46 1
288.889 23.978 275.726 29 20 28 46 1
288.889 23.978 275.726 30 20 28 46 1
101.807 52.241 339.281 1 21 28 586 4
101.807 52.241 339.281 2 21 28 586 4
101.807 52.241 339.281 3 21 28 586 4
101.807 52.241 339.281 4 21 28 586 4
101.807 52.241 339.281 5 21 28 586 4
101.807 52.241 339.281 6 21 28 586 4
101.807 52.241 339.281 7 21 28 586 4
101.807 52.241 339.281 8 21 28 586 4
101.807 52.241 339.281 9 21 28 586 4
101.807 52.241 339.281 10 21 28 586 4
101.807 52.241 339.281 11 21 28 586 4
101.807 52.241 339.281 12 21 28 586 4
101.807 52.241 339.281 13 21 28 586 4
101.807 52.241 339.281 14 21 28 586 4
101.807 52.241 339.281 15 21 28 586 4
101.807 52.241 339.281 16 21 28 586 4
101.807 52.241 339.281 17 21 28 586 4
101.807 52.241 339.281 18 21 28 586 4
101.807 52.241 339.281 19 21 28 586 4
101.807 52.241 339.281 20 21 28 586 4
101.807 52.241 339.281 21 21 28 586 4
101.807 52.241 339.281 22 21 28 586 4
101.807 52.241 339.281 23 21 28 586 4
307.180 72.449 133.061 24 21 28 230 1
307.180 72.449 133.061 25 21 28 230 1
205.715 16.334 46.784 26 21 28 468 2
205.715 16.334 46.784 27 21 28 468 2
288.889 23.978 275.726 28 21 28 46 1
288.889 23.978 275.726 29 21 28 46 1
288.889 23.978 275.726 30 21 28 46 1
101.807 52.241 339.281 1 22 28 586 4
101.807 52.241 339.281 2 22 28 586 4
101.807 52.241 339.281 3 22 28 586 4
101.807 52.241 339.281 4 22 28 586 4
101.807 52.241 339.281 5 22 28 586 4
101.807 52.241 339.281 6 22 28 586 4
101.807 52.241 339.281 7 22 28 586 4
101.807 52.241 339.281 8 22 28 586 4
147.344 73.708 4.195 9 22 28 406 1
101.807 52.241 339.281 10 22 28 586 4
101.807 52.241 339.281 11 22 28 586 4
101.807 52.241 339.281 12 22 28 586 4
101.807 52.241 339.281 13 22 28 586 4
297.225 87.360 53.477 14 22 28 583 4
297.225 87.360 53.477 15 22 28 583 4
297.225 87.360 53.477 16 22 28 583 4
297.225 87.360 53.477 17 22 28 583 4
297.225 87.360 53.477 18 22 28 583 4
297.225 87.360 53.477 19 22 28 583 4
297.225 87.360 53.477 20 22 28 583 4
297.225 87.360 53.477 21 22 28 583 4
297.225 87.360 53.477 22 22 28 583 4
307.180 72.449 133.061 23 22 28 230 1
307.180 72.449 133.061 24 22 28 230 1
307.180 72.449 133.061 25 22 28 230 1
205.715 16.334 46.784 26 22 28 468 2
205.715 16.334 46.784 27 22 28 468 2
288.889 23.978 275.726 28 22 28 46 1
288.889 23.978 275.726 29 22 28 46 1
288.889 23.978 275.726 30 22 28 46 1
101.807 52.241 339.281 1 23 28 586 4
101.807 52.241 339.281 2 23 28 586 4
101.807 52.241 339.281 3 23 28 586 4
101.807 52.241 339.281 4 23 28 586 4
101.807 52.241 339.281 5 23 28 586 4
101.807 52.241 339.281 6 23 28 586 4
101.807 52.241 339.281 7 23 28 586 4
101.807 52.241 339.281 8 23 28 586 4
101.807 52.241 339.281 9 23 28 586 4
101.807 52.241 339.281 10 23 28 586 4
101.807 52.241 339.281 11 23 28 586 4
297.225 87.360 53.477 12 23 28 583 4
297.225 87.360 53.477 13 23 28 583 4
297.225 87.360 53.477 14 23 28 583 4
297.225 87.360 53.477 15 23 28 583 4
297.225 87.360 53.477 16 23 28 583 4
297.225 87.360 53.477 17 23 28 583 4
297.225 87.360 53.477 18 23 28 583 4
297.225 87.360 53.477 19 23 28 583 4
297.225 87.360 53.477 20 23 28 583 4
297.225 87.360 53.477 21 23 28 583 4
297.225 87.360 53.477 22 23 28 583 4
307.180 72.449 133.061 23 23 28 230 1
307.180 72.449 133.061 24 23 28 230 1
307.180 72.449 133.061 25 23 28 230 1
288.889 23.978 275.726 26 23 28 46 1
288.889 23.978 275.726 27 23 28 46 1
205.715 16.334 46.784 28 23 28 468 2
205.715 16.334 46.784 29 23 28 468 2
49.076 129.144 176.895 30 23 28 358 1
161.846 75.361 189.042 1 24 28 584 4
161.846 75.361 189.042 2 24 28 584 4
161.846 75.361 189.042 3 24 28 584 4
161.846 75.361 189.042 4 24 28 584 4
161.846 75.361 189.042 5 24 28 584 4
311.227 98.194 71.671 6 24 28 491 2
311.227 98.194 71.671 7 24 28 491 2
311.227 98.194 71.671 8 24 28 491 2
101.807 52.241 339.281 9 24 28 586 4
101.807 52.241 339.281 10 24 28 586 4
297.225 87.360 53.477 11 24 28 583 4
297.225 87.360 53.477 12 24 28 583 4
297.225 87.360 53.477 13 24 28 583 4
297.225 87.360 53.477 14 24 28 583 4
297.225 87.360 53.477 15 24 28 583 4
297.225 87.360 53.477 16 24 28 583 4
297.225 87.360 53.477 17 24 28 583 4
297.225 87.360 53.477 18 24 28 583 4
297.225 87.360 53.477 19 24 28 583 4
297.225 87.360 53.477 20 24 28 583 4
297.225 87.360 53.477 21 24 28 583 4
297.225 87.360 53.477 22 24 28 583 4
297.225 87.360 53.477 23 24 28 583 4
288.889 23.978 275.726 24 24 28 46 1
288.889 23.978 275.726 25 24 28 46 1
288.889 23.978 275.726 26 24 28 46 1
288.889 23.978 275.726 27 24 28 46 1
205.715 16.334 46.784 28 24 28 468 2
205.715 16.334 46.784 29 24 28 468 2
49.076 129.144 176.895 30 24 28 358 1
161.846 75.361 189.042 1 25 28 584 4
161.846 75.361 189.042 2 25 28 584 4
161.846 75.361 189.042 3 25 28 584 4
161.846 75.361 189.042 4 25 28 584 4
161.846 75.361 189.042 5 25 28 584 4
161.846 75.361 189.042 6 25 28 584 4
311.227 98.194 71.671 7 25 28 491 2
311.227 98.194 71.671 8 25 28 491 2
311.227 98.194 71.671 9 25 28 491 2
321.082 111.721 69.379 10 25 28 580 4
297.225 87.360 53.477 11 25 28 583 4
297.225 87.360 53.477 12 25 28 583 4
297.225 87.360 53.477 13 25 28 583 4
297.225 87.360 53.477 14 25 28 583 4
297.225 87.360 53.477 15 25 28 583 4
297.225 87.360 53.477 16 25 28 583 4
297.225 87.360 53.477 17 25 28 583 4
297.225 87.360 53.477 18 25 28 583 4
297.225 87.360 53.477 19 25 28 583 4
297.225 87.360 53.477 20 25 28 583 4
297.225 87.360 53.477 21 25 28 583 4
297.225 87.360 53.477 22 25 28 583 4
297.225 87.360 53.477 23 25 28 583 4
288.889 23.978 275.726 24 25 28 46 1
288.889 23.978 275.726 25 25 28 46 1
288.889 23.978 275.726 26 25 28 46 1
288.889 23.978 275.726 27 25 28 46 1
205.715 16.334 46.784 28 25 28 468 2
143.248 44.837 84.891 29 25 28 464 1
49.076 129.144 176.895 30 25 28 358 1
161.846 75.361 189.042 1 26 28 584 4
161.846 75.361 189.042 2 26 28 584 4
161.846 75.361 189.042 3 26 28 584 4
161.846 75.361 189.042 4 26 28 584 4
161.846 75.361 189.042 5 26 28 584 4
161.846 75.361 189.042 6 26 28 584 4
161.846 75.361 189.042 7 26 28 584 4
311.227 98.194 71.671 8 26 28 491 2
191.553 95.389 102.063 9 26 28 221 1
321.082 111.721 69.379 10 26 28 580 4
321.082 111.721 69.379 11 26 28 580 4
297.225 87.360 53.477 12 26 28 583 4
297.225 87.360 53.477 13 26 28 583 4
297.225 87.360 53.477 14 26 28 583 4
297.225 87.360 53.477 15 26 28 583 4
297.225 87.360 53.477 16 26 28 583 4
297.225 87.360 53.477 17 26 28 583 4
297.225 87.360 53.477 18 26 28 583 4
297.225 87.360 53.477 19 26 28 583 4
297.225 87.360 53.477 20 26 28 583 4
297.225 87.360 53.477 21 26 28 583 4
297.225 87.360 53.477 22 26 28 583 4
274.707 46.894 28.076 23 26 28 532 2
288.889 23.978 275.726 24 26 28 46 1
288.889 23.978 275.726 25 26 28 46 1
288.889 23.978 275.726 26 26 28 46 1
220.436 66.412 66.111 27 26 28 274 1
220.436 66.412 66.111 28 26 28 274 1
143.248 44.837 84.891 29 26 28 464 1
143.248 44.837 84.891 30 26 28 464 1
161.846 75.361 189.042 1 27 28 584 4
161.846 75.361 189.042 2 27 28 584 4
161.846 75.361 189.042 3 27 28 584 4
161.846 75.361 189.042 4 27 28 584 4
161.846 75.361 189.042 5 27 28 584 4
161.846 75.361 189.042 6 27 28 584 4
161.846 75.361 189.042 7 27 28 584 4
161.846 75.361 189.042 8 27 28 584 4
161.846 75.361 189.042 9 27 28 584 4
321.082 111.721 69.379 10 27 28 580 4
321.082 111.721 69.379 11 27 28 580 4
321.082 111.721 69.379 12 27 28 580 4
297.225 87.360 53.477 13 27 28 583 4
297.225 87.360 53.477 14 27 28 583 4
297.225 87.360 53.477 15 27 28 583 4
297.225 87.360 53.477 16 27 28 583 4
297.225 87.360 53.477 17 27 28 583 4
297.225 87.360 53.477 18 27 28 583 4
297.225 87.360 53.477 19 27 28 583 4
297.225 87.360 53.477 20 27 28 583 4
297.225 87.360 53.477 21 27 28 583 4
274.707 46.894 28.076 22 27 28 532 2
274.707 46.894 28.076 23 27 28 532 2
274.707 46.894 28.076 24 27 28 532 2
288.889 23.978 275.726 25 27 28 46 1
288.889 23.978 275.726 26 27 28 46 1
229.683 62.829 181.627 27 27 28 621 2
229.683 62.829 181.627 28 27 28 621 2
229.683 62.829 181.627 29 27 28 621 2
143.248 44.837 84.891 30 27 28 464 1
161.846 75.361 189.042 1 28 28 584 4
161.846 75.361 189.042 2 28 28 584 4
161.846 75.361 189.042 3 28 28 584 4
161.846 75.361 189.042 4 28 28 584 4
161.846 75.361 189.042 5 28 28 584 4
161.846 75.361 189.042 6 28 28 584 4
161.846 75.361 189.042 7 28 28 584 4
161.846 75.361 189.042 8 28 28 584 4
161.846 75.361 189.042 9 28 28 584 4
283.669 145.532 51.319 10 28 28 459 1
321.082 111.721 69.379 11 28 28 580 4
20.837 119.760 182.565 12 28 28 200 1
321.082 111.721 69.379 13 28 28 580 4
297.225 87.360 53.477 14 28 28 583 4
297.225 87.360 53.477 15 28 28 583 4
297.225 87.360 53.477 16 28 28 583 4
297.225 87.360 53.477 17 28 28 583 4
297.225 87.360 53.477 18 28 28 583 4
297.225 87.360 53.477 19 28 28 583 4
297.225 87.360 53.477 20 28 28 583 4
297.225 87.360 53.477 21 28 28 583 4
274.707 46.894 28.076 22 28 28 532 2
274.707 46.894 28.076 23 28 28 532 2
274.707 46.894 28.076 24 28 28 532 2
274.707 46.894 28.076 25 28 28 532 2
227.398 130.623 290.536 26 28 28 496 2
227.398 130.623 290.536 27 28 28 496 2
110.781 130.785 207.212 28 28 28 360 1
229.683 62.829 181.627 29 28 28 621 2
229.683 62.829 181.627 30 28 28 621 2
161.846 75.361 189.042 1 29 28 584 4
161.846 75.361 189.042 2 29 28 584 4
161.846 75.361 189.042 3 29 28 584 4
161.846 75.361 189.042 4 29 28 584 4
161.846 75.361 189.042 5 29 28 584 4
161.846 75.361 189.042 6 29 28 584 4
161.846 75.361 189.042 7 29 28 584 4
161.846 75.361 189.042 8 29 28 584 4
161.846 75.361 189.042 9 29 28 584 4
321.082 111.721 69.379 10 29 28 580 4
321.082 111.721 69.379 11 29 28 580 4
321.082 111.721 69.379 12 29 28 580 4
321.082 111.721 69.379 13 29 28 580 4
321.082 111.721 69.379 14 29 28 580 4
297.225 87.360 53.477 15 29 28 583 4
297.225 87.360 53.477 16 29 28 583 4
297.225 87.360 53.477 17 29 28 583 4
297.225 87.360 53.477 18 29 28 583 4
297.225 87.360 53.477 19 29 28 583 4
128.513 104.791 132.296 20 29 28 329 1
128.513 104.791 132.296 21 29 28 329 1
274.707 46.894 28.076 22 29 28 532 2
274.707 46.894 28.076 23 29 28 532 2
274.707 46.894 28.076 24 29 28 532 2
274.707 46.894 28.076 25 29 28 532 2
227.398 130.623 290.536 26 29 28 496 2
227.398 130.623 290.536 27 29 28 496 2
229.683 62.829 181.627 28 29 28 621 2
229.683 62.829 181.627 29 29 28 621 2
229.683 62.829 181.627 30 29 28 621 2
161.846 75.361 189.042 1 30 28 584 4
161.846 75.361 189.042 2 30 28 584 4
161.846 75.361 189.042 3 30 28 584 4
161.846 75.361 189.042 4 30 28 584 4
161.846 75.361 189.042 5 30 28 584 4
161.846 75.361 189.042 6 30 28 584 4
161.846 75.361 189.042 7 30 28 584 4
161.846 75.361 189.042 8 30 28 584 4
161.846 75.361 189.042 9 30 28 584 4
321.082 111.721 69.379 10 30 28 580 4
321.082 111.721 69.379 11 30 28 580 4
194.224 95.000 298.483 12 30 28 212 1
321.082 111.721 69.379 13 30 28 580 4
321.082 111.721 69.379 14 30 28 580 4
321.082 111.721 69.379 15 30 28 580 4
297.225 87.360 53.477 16 30 28 583 4
297.225 87.360 53.477 17 30 28 583 4
297.225 87.360 53.477 18 30 28 583 4
297.225 87.360 53.477 19 30 28 583 4
128.513 104.791 132.296 20 30 28 329 1
59.733 116.074 338.988 21 30 28 481 2
274.707 46.894 28.076 22 30 28 532 2
274.707 46.894 28.076 23 30 28 532 2
274.707 46.894 28.076 24 30 28 532 2
274.707 46.894 28.076 25 30 28 532 2
227.398 130.623 290.536 26 30 28 496 2
227.398 130.623 290.536 27 30 28 496 2
229.683 62.829 181.627 28 30 28 621 2
229.683 62.829 181.627 29 30 28 621 2
229.683 62.829 181.627 30 30 28 621 2
