240.413 46.563 325.425 1 1 14 569 3
240.413 46.563 325.425 2 1 14 569 3
240.413 46.563 325.425 3 1 14 569 3
240.413 46.563 325.425 4 1 14 569 3
240.413 46.563 325.425 5 1 14 569 3
240.413 46.563 325.425 6 1 14 569 3
240.413 46.563 325.425 7 1 14 569 3
240.413 46.563 325.425 8 1 14 569 3
240.413 46.563 325.425 9 1 14 569 3
240.413 46.563 325.425 10 1 14 569 3
240.413 46.563 325.425 11 1 14 569 3
240.413 46.563 325.425 12 1 14 569 3
240.413 46.563 325.425 13 1 14 569 3
240.413 46.563 325.425 14 1 14 569 3
240.413 46.563 325.425 15 1 14 569 3
240.413 46.563 325.425 16 1 14 569 3
240.413 46.563 325.425 17 1 14 569 3
240.413 46.563 325.425 18 1 14 569 3
240.413 46.563 325.425 19 1 14 569 3
240.413 46.563 325.425 20 1 14 569 3
240.413 46.563 325.425 21 1 14 569 3
240.413 46.563 325.425 22 1 14 569 3
240.413 46.563 325.425 23 1 14 569 3
240.413 46.563 325.425 24 1 14 569 3
240.413 46.563 325.425 25 1 14 569 3
240.413 46.563 325.425 26 1 14 569 3
240.413 46.563 325.425 27 1 14 569 3
240.413 46.563 325.425 28 1 14 569 3
13.697 140.026 95.243 29 1 14 413 1
232.745 30.040 243.115 30 1 14 421 1
240.413 46.563 325.425 1 2 14 569 3
240.413 46.563 325.425 2 2 14 569 3
240.413 46.563 325.425 3 2 14 569 3
240.413 46.563 325.425 4 2 14 569 3
240.413 46.563 325.425 5 2 14 569 3
240.413 46.563 325.425 6 2 14 569 3
240.413 46.563 325.425 7 2 14 569 3
240.413 46.563 325.425 8 2 14 569 3
240.413 46.563 325.425 9 2 14 569 3
240.413 46.563 325.425 10 2 14 569 3
240.413 46.563 325.425 11 2 14 569 3
324.137 88.828 87.323 12 2 14 289 1
240.413 46.563 325.425 13 2 14 569 3
240.413 46.563 325.425 14 2 14 569 3
240.413 46.563 325.425 15 2 14 569 3
240.413 46.563 325.425 16 2 14 569 3
240.413 46.563 325.425 17 2 14 569 3
240.413 46.563 325.425 18 2 14 569 3
240.413 46.563 325.425 19 2 14 569 3
240.413 46.563 325.425 20 2 14 569 3
240.413 46.563 325.425 21 2 14 569 3
240.413 46.563 325.425 22 2 14 569 3
240.413 46.563 325.425 23 2 14 569 3
240.413 46.563 325.425 24 2 14 569 3
240.413 46.563 325.425 25 2 14 569 3
156.660 120.512 286.631 26 2 14 293 1
240.413 46.563 325.425 27 2 14 569 3
31.246 63.805 218.709 28 2 14 110 1
13.697 140.026 95.243 29 2 14 413 1
343.715 172.801 309.927 30 2 14 98 1
240.413 46.563 325.425 1 3 14 569 3
240.413 46.563 325.425 2 3 14 569 3
240.413 46.563 325.425 3 3 14 569 3
240.413 46.563 325.425 4 3 14 569 3
240.413 46.563 325.425 5 3 14 569 3
240.413 46.563 325.425 6 3 14 569 3
240.413 46.563 325.425 7 3 14 569 3
240.413 46.563 325.425 8 3 14 569 3
240.413 46.563 325.425 9 3 14 569 3
240.413 46.563 325.425 10 3 14 569 3
240.413 46.563 325.425 11 3 14 569 3
240.413 46.563 325.425 12 3 14 569 3
240.413 46.563 325.425 13 3 14 569 3
240.413 46.563 325.425 14 3 14 569 3
240.413 46.563 325.425 15 3 14 569 3
240.413 46.563 325.425 16 3 14 569 3
240.413 46.563 325.425 17 3 14 569 3
240.413 46.563 325.425 18 3 14 569 3
240.413 46.563 325.425 19 3 14 569 3
240.413 46.563 325.425 20 3 14 569 3
240.413 46.563 325.425 21 3 14 569 3
240.413 46.563 325.425 22 3 14 569 3
240.413 46.563 325.425 23 3 14 569 3
240.413 46.563 325.425 24 3 14 569 3
240.413 46.563 325.425 25 3 14 569 3
240.413 46.563 325.425 26 3 14 569 3
240.413 46.563 325.425 27 3 14 569 3
240.413 46.563 325.425 28 3 14 569 3
170.856 105.864 322.150 29 3 14 520 2
13.697 140.026 95.243 30 3 14 413 1
240.413 46.563 325.425 1 4 14 569 3
240.413 46.563 325.425 2 4 14 569 3
240.413 46.563 325.425 3 4 14 569 3
240.413 46.563 325.425 4 4 14 569 3
240.413 46.563 325.425 5 4 14 569 3
240.413 46.563 325.425 6 4 14 569 3
240.413 46.563 325.425 7 4 14 569 3
240.413 46.563 325.425 8 4 14 569 3
240.413 46.563 325.425 9 4 14 569 3
278.263 119.347 289.250 10 4 14 543 2
240.413 46.563 325.425 11 4 14 569 3
123.349 128.384 28.081 12 4 14 162 1
240.413 46.563 325.425 13 4 14 569 3
240.413 46.563 325.425 14 4 14 569 3
240.413 46.563 325.425 15 4 14 569 3
240.413 46.563 325.425 16 4 14 569 3
240.413 46.563 325.425 17 4 14 569 3
240.413 46.563 325.425 18 4 14 569 3
240.413 46.563 325.425 19 4 14 569 3
240.413 46.563 325.425 20 4 14 569 3
240.413 46.563 325.425 21 4 14 569 3
240.413 46.563 325.425 22 4 14 569 3
240.413 46.563 325.425 23 4 14 569 3
240.413 46.563 325.425 24 4 14 569 3
240.413 46.563 325.425 25 4 14 569 3
240.413 46.563 325.425 26 4 14 569 3
240.413 46.563 325.425 27 4 14 569 3
170.856 105.864 322.150 28 4 14 520 2
170.856 105.864 322.150 29 4 14 520 2
170.856 105.864 322.150 30 4 14 520 2
240.413 46.563 325.425 1 5 14 569 3
240.413 46.563 325.425 2 5 14 569 3
240.413 46.563 325.425 3 5 14 569 3
240.413 46.563 325.425 4 5 14 569 3
240.413 46.563 325.425 5 5 14 569 3
240.413 46.563 325.425 6 5 14 569 3
240.413 46.563 325.425 7 5 14 569 3
240.413 46.563 325.425 8 5 14 569 3
240.413 46.563 325.425 9 5 14 569 3
240.413 46.563 325.425 10 5 14 569 3
240.413 46.563 325.425 11 5 14 569 3
240.413 46.563 325.425 12 5 14 569 3
240.413 46.563 325.425 13 5 14 569 3
240.413 46.563 325.425 14 5 14 569 3
240.413 46.563 325.425 15 5 14 569 3
240.413 46.563 325.425 16 5 14 569 3
240.413 46.563 325.425 17 5 14 569 3
240.413 46.563 325.425 18 5 14 569 3
240.413 46.563 325.425 19 5 14 569 3
240.413 46.563 325.425 20 5 14 569 3
240.413 46.563 325.425 21 5 14 569 3
240.413 46.563 325.425 22 5 14 569 3
240.413 46.563 325.425 23 5 14 569 3
240.413 46.563 325.425 24 5 14 569 3
240.413 46.563 325.425 25 5 14 569 3
240.413 46.563 325.425 26 5 14 569 3
240.413 46.563 325.425 27 5 14 569 3
170.856 105.864 322.150 28 5 14 520 2
170.856 105.864 322.150 29 5 14 520 2
170.856 105.864 322.150 30 5 14 520 2
240.413 46.563 325.425 1 6 14 569 3
240.413 46.563 325.425 2 6 14 569 3
240.413 46.563 325.425 3 6 14 569 3
240.413 46.563 325.425 4 6 14 569 3
240.413 46.563 325.425 5 6 14 569 3
240.413 46.563 325.425 6 6 14 569 3
240.413 46.563 325.425 7 6 14 569 3
240.413 46.563 325.425 8 6 14 569 3
240.413 46.563 325.425 9 6 14 569 3
245.076 123.727 223.064 10 6 14 262 1
240.413 46.563 325.425 11 6 14 569 3
240.413 46.563 325.425 12 6 14 569 3
240.413 46.563 325.425 13 6 14 569 3
240.413 46.563 325.425 14 6 14 569 3
240.413 46.563 325.425 15 6 14 569 3
240.413 46.563 325.425 16 6 14 569 3
240.413 46.563 325.425 17 6 14 569 3
240.413 46.563 325.425 18 6 14 569 3
240.413 46.563 325.425 19 6 14 569 3
240.413 46.563 325.425 20 6 14 569 3
240.413 46.563 325.425 21 6 14 569 3
240.413 46.563 325.425 22 6 14 569 3
240.413 46.563 325.425 23 6 14 569 3
240.413 46.563 325.425 24 6 14 569 3
240.413 46.563 325.425 25 6 14 569 3
240.413 46.563 325.425 26 6 14 569 3
240.413 46.563 325.425 27 6 14 569 3
240.413 46.563 325.425 28 6 14 569 3
240.413 46.563 325.425 29 6 14 569 3
240.413 46.563 325.425 30 6 14 569 3
240.413 46.563 325.425 1 7 14 569 3
240.413 46.563 325.425 2 7 14 569 3
240.413 46.563 325.425 3 7 14 569 3
240.413 46.563 325.425 4 7 14 569 3
240.413 46.563 325.425 5 7 14 569 3
240.413 46.563 325.425 6 7 14 569 3
240.413 46.563 325.425 7 7 14 569 3
240.413 46.563 325.425 8 7 14 569 3
240.413 46.563 325.425 9 7 14 569 3
240.413 46.563 325.425 10 7 14 569 3
240.413 46.563 325.425 11 7 14 569 3
240.413 46.563 325.425 12 7 14 569 3
240.413 46.563 325.425 13 7 14 569 3
240.413 46.563 325.425 14 7 14 569 3
240.413 46.563 325.425 15 7 14 569 3
240.413 46.563 325.425 16 7 14 569 3
240.413 46.563 325.425 17 7 14 569 3
240.413 46.563 325.425 18 7 14 569 3
240.413 46.563 325.425 19 7 14 569 3
240.413 46.563 325.425 20 7 14 569 3
240.413 46.563 325.425 21 7 14 569 3
240.413 46.563 325.425 22 7 14 569 3
240.413 46.563 325.425 23 7 14 569 3
240.413 46.563 325.425 24 7 14 569 3
240.413 46.563 325.425 25 7 14 569 3
240.413 46.563 325.425 26 7 14 569 3
240.413 46.563 325.425 27 7 14 569 3
240.413 46.563 325.425 28 7 14 569 3
240.413 46.563 325.425 29 7 14 569 3
240.413 46.563 325.425 30 7 14 569 3
240.413 46.563 325.425 1 8 14 569 3
240.413 46.563 325.425 2 8 14 569 3
240.413 46.563 325.425 3 8 14 569 3
240.413 46.563 325.425 4 8 14 569 3
240.413 46.563 325.425 5 8 14 569 3
104.387 29.473 9.750 6 8 14 237 1
240.413 46.563 325.425 7 8 14 569 3
240.413 46.563 325.425 8 8 14 569 3
240.413 46.563 325.425 9 8 14 569 3
240.413 46.563 325.425 10 8 14 569 3
240.413 46.563 325.425 11 8 14 569 3
240.413 46.563 325.425 12 8 14 569 3
240.413 46.563 325.425 13 8 14 569 3
80.609 128.330 101.723 14 8 14 513 2
240.413 46.563 325.425 15 8 14 569 3
183.005 158.309 156.959 16 8 14 66 1
240.413 46.563 325.425 17 8 14 569 3
57.224 121.813 264.106 18 8 14 109 1
240.413 46.563 325.425 19 8 14 569 3
240.413 46.563 325.425 20 8 14 569 3
240.413 46.563 325.425 21 8 14 569 3
240.413 46.563 325.425 22 8 14 569 3
240.413 46.563 325.425 23 8 14 569 3
240.413 46.563 325.425 24 8 14 569 3
240.413 46.563 325.425 25 8 14 569 3
240.413 46.563 325.425 26 8 14 569 3
240.413 46.563 325.425 27 8 14 569 3
240.413 46.563 325.425 28 8 14 569 3
240.413 46.563 325.425 29 8 14 569 3
240.413 46.563 325.425 30 8 14 569 3
240.413 46.563 325.425 1 9 14 569 3
240.413 46.563 325.425 2 9 14 569 3
240.413 46.563 325.425 3 9 14 569 3
240.413 46.563 325.425 4 9 14 569 3
240.413 46.563 325.425 5 9 14 569 3
240.413 46.563 325.425 6 9 14 569 3
240.413 46.563 325.425 7 9 14 569 3
240.413 46.563 325.425 8 9 14 569 3
240.413 46.563 325.425 9 9 14 569 3
240.413 46.563 325.425 10 9 14 569 3
240.413 46.563 325.425 11 9 14 569 3
240.413 46.563 325.425 12 9 14 569 3
240.413 46.563 325.425 13 9 14 569 3
240.413 46.563 325.425 14 9 14 569 3
240.413 46.563 325.425 15 9 14 569 3
240.413 46.563 325.425 16 9 14 569 3
240.413 46.563 325.425 17 9 14 569 3
240.413 46.563 325.425 18 9 14 569 3
240.413 46.563 325.425 19 9 14 569 3
240.413 46.563 325.425 20 9 14 569 3
240.413 46.563 325.425 21 9 14 569 3
240.413 46.563 325.425 22 9 14 569 3
240.413 46.563 325.425 23 9 14 569 3
240.413 46.563 325.425 24 9 14 569 3
240.413 46.563 325.425 25 9 14 569 3
240.413 46.563 325.425 26 9 14 569 3
240.413 46.563 325.425 27 9 14 569 3
240.413 46.563 325.425 28 9 14 569 3
240.413 46.563 325.425 29 9 14 569 3
240.413 46.563 325.425 30 9 14 569 3
240.413 46.563 325.425 1 10 14 569 3
240.413 46.563 325.425 2 10 14 569 3
240.413 46.563 325.425 3 10 14 569 3
240.413 46.563 325.425 4 10 14 569 3
240.413 46.563 325.425 5 10 14 569 3
240.413 46.563 325.425 6 10 14 569 3
240.413 46.563 325.425 7 10 14 569 3
240.413 46.563 325.425 8 10 14 569 3
240.413 46.563 325.425 9 10 14 569 3
240.413 46.563 325.425 10 10 14 569 3
240.413 46.563 325.425 11 10 14 569 3
240.413 46.563 325.425 12 10 14 569 3
240.413 46.563 325.425 13 10 14 569 3
35.317 84.487 238.963 14 10 14 202 1
240.413 46.563 325.425 15 10 14 569 3
240.413 46.563 325.425 16 10 14 569 3
240.413 46.563 325.425 17 10 14 569 3
240.413 46.563 325.425 18 10 14 569 3
240.413 46.563 325.425 19 10 14 569 3
240.413 46.563 325.425 20 10 14 569 3
240.413 46.563 325.425 21 10 14 569 3
240.413 46.563 325.425 22 10 14 569 3
240.413 46.563 325.425 23 10 14 569 3
240.413 46.563 325.425 24 10 14 569 3
240.413 46.563 325.425 25 10 14 569 3
240.413 46.563 325.425 26 10 14 569 3
240.413 46.563 325.425 27 10 14 569 3
240.413 46.563 325.425 28 10 14 569 3
240.413 46.563 325.425 29 10 14 569 3
240.413 46.563 325.425 30 10 14 569 3
240.413 46.563 325.425 1 11 14 569 3
240.413 46.563 325.425 2 11 14 569 3
240.413 46.563 325.425 3 11 14 569 3
240.413 46.563 325.425 4 11 14 569 3
240.413 46.563 325.425 5 11 14 569 3
240.413 46.563 325.425 6 11 14 569 3
240.413 46.563 325.425 7 11 14 569 3
240.413 46.563 325.425 8 11 14 569 3
240.413 46.563 325.425 9 11 14 569 3
240.413 46.563 325.425 10 11 14 569 3
240.413 46.563 325.425 11 11 14 569 3
240.413 46.563 325.425 12 11 14 569 3
240.413 46.563 325.425 13 11 14 569 3
240.413 46.563 325.425 14 11 14 569 3
240.413 46.563 325.425 15 11 14 569 3
245.500 74.569 335.086 16 11 14 176 1
240.413 46.563 325.425 17 11 14 569 3
240.413 46.563 325.425 18 11 14 569 3
240.413 46.563 325.425 19 11 14 569 3
240.413 46.563 325.425 20 11 14 569 3
240.413 46.563 325.425 21 11 14 569 3
240.413 46.563 325.425 22 11 14 569 3
240.413 46.563 325.425 23 11 14 569 3
240.413 46.563 325.425 24 11 14 569 3
157.583 85.167 75.483 25 11 14 69 1
240.413 46.563 325.425 26 11 14 569 3
240.413 46.563 325.425 27 11 14 569 3
240.413 46.563 325.425 28 11 14 569 3
91.389 175.015 341.903 29 11 14 203 1
75.153 84.518 115.262 30 11 14 575 4
240.413 46.563 325.425 1 12 14 569 3
240.413 46.563 325.425 2 12 14 569 3
240.413 46.563 325.425 3 12 14 569 3
240.413 46.563 325.425 4 12 14 569 3
240.413 46.563 325.425 5 12 14 569 3
240.413 46.563 325.425 6 12 14 569 3
240.413 46.563 325.425 7 12 14 569 3
240.413 46.563 325.425 8 12 14 569 3
240.413 46.563 325.425 9 12 14 569 3
240.413 46.563 325.425 10 12 14 569 3
66.505 57.816 111.592 11 12 14 622 2
240.413 46.563 325.425 12 12 14 569 3
240.413 46.563 325.425 13 12 14 569 3
240.413 46.563 325.425 14 12 14 569 3
240.413 46.563 325.425 15 12 14 569 3
240.413 46.563 325.425 16 12 14 569 3
240.413 46.563 325.425 17 12 14 569 3
240.413 46.563 325.425 18 12 14 569 3
240.413 46.563 325.425 19 12 14 569 3
240.413 46.563 325.425 20 12 14 569 3
240.413 46.563 325.425 21 12 14 569 3
240.413 46.563 325.425 22 12 14 569 3
240.413 46.563 325.425 23 12 14 569 3
240.413 46.563 325.425 24 12 14 569 3
157.583 85.167 75.483 25 12 14 69 1
157.583 85.167 75.483 26 12 14 69 1
157.583 85.167 75.483 27 12 14 69 1
240.413 46.563 325.425 28 12 14 569 3
91.389 175.015 341.903 29 12 14 203 1
75.153 84.518 115.262 30 12 14 575 4
38.553 161.159 61.399 1 13 14 571 4
76.198 88.151 244.470 2 13 14 541 2
240.413 46.563 325.425 3 13 14 569 3
240.413 46.563 325.425 4 13 14 569 3
240.413 46.563 325.425 5 13 14 569 3
240.413 46.563 325.425 6 13 14 569 3
240.413 46.563 325.425 7 13 14 569 3
240.413 46.563 325.425 8 13 14 569 3
240.413 46.563 325.425 9 13 14 569 3
240.413 46.563 325.425 10 13 14 569 3
240.413 46.563 325.425 11 13 14 569 3
240.413 46.563 325.425 12 13 14 569 3
240.413 46.563 325.425 13 13 14 569 3
240.413 46.563 325.425 14 13 14 569 3
240.413 46.563 325.425 15 13 14 569 3
240.413 46.563 325.425 16 13 14 569 3
240.413 46.563 325.425 17 13 14 569 3
240.413 46.563 325.425 18 13 14 569 3
240.413 46.563 325.425 19 13 14 569 3
240.413 46.563 325.425 20 13 14 569 3
240.413 46.563 325.425 21 13 14 569 3
240.413 46.563 325.425 22 13 14 569 3
240.413 46.563 325.425 23 13 14 569 3
240.413 46.563 325.425 24 13 14 569 3
240.413 46.563 325.425 25 13 14 569 3
240.413 46.563 325.425 26 13 14 569 3
157.583 85.167 75.483 27 13 14 69 1
75.153 84.518 115.262 28 13 14 575 4
75.153 84.518 115.262 29 13 14 575 4
75.153 84.518 115.262 30 13 14 575 4
38.553 161.159 61.399 1 14 14 571 4
38.553 161.159 61.399 2 14 14 571 4
38.553 161.159 61.399 3 14 14 571 4
38.553 161.159 61.399 4 14 14 571 4
240.413 46.563 325.425 5 14 14 569 3
240.413 46.563 325.425 6 14 14 569 3
240.413 46.563 325.425 7 14 14 569 3
240.413 46.563 325.425 8 14 14 569 3
240.413 46.563 325.425 9 14 14 569 3
240.413 46.563 325.425 10 14 14 569 3
240.413 46.563 325.425 11 14 14 569 3
240.413 46.563 325.425 12 14 14 569 3
240.413 46.563 325.425 13 14 14 569 3
240.413 46.563 325.425 14 14 14 569 3
240.413 46.563 325.425 15 14 14 569 3
240.413 46.563 325.425 16 14 14 569 3
240.413 46.563 325.425 17 14 14 569 3
240.413 46.563 325.425 18 14 14 569 3
240.413 46.563 325.425 19 14 14 569 3
240.413 46.563 325.425 20 14 14 569 3
240.413 46.563 325.425 21 14 14 569 3
240.413 46.563 325.425 22 14 14 569 3
240.413 46.563 325.425 23 14 14 569 3
240.413 46.563 325.425 24 14 14 569 3
240.413 46.563 325.425 25 14 14 569 3
10.128 127.263 328.714 26 14 14 146 1
84.763 59.959 235.774 27 14 14 250 1
75.153 84.518 115.262 28 14 14 575 4
75.153 84.518 115.262 29 14 14 575 4
75.153 84.518 115.262 30 14 14 575 4
38.553 161.159 61.399 1 15 14 571 4
38.553 161.159 61.399 2 15 14 571 4
38.553 161.159 61.399 3 15 14 571 4
38.553 161.159 61.399 4 15 14 571 4
38.553 161.159 61.399 5 15 14 571 4
38.553 161.159 61.399 6 15 14 571 4
240.413 46.563 325.425 7 15 14 569 3
240.413 46.563 325.425 8 15 14 569 3
240.413 46.563 325.425 9 15 14 569 3
240.413 46.563 325.425 10 15 14 569 3
240.413 46.563 325.425 11 15 14 569 3
240.413 46.563 325.425 12 15 14 569 3
240.413 46.563 325.425 13 15 14 569 3
240.413 46.563 325.425 14 15 14 569 3
240.413 46.563 325.425 15 15 14 569 3
240.413 46.563 325.425 16 15 14 569 3
240.413 46.563 325.425 17 15 14 569 3
240.413 46.563 325.425 18 15 14 569 3
240.413 46.563 325.425 19 15 14 569 3
240.413 46.563 325.425 20 15 14 569 3
240.413 46.563 325.425 21 15 14 569 3
101.807 52.241 339.281 22 15 14 586 4
101.807 52.241 339.281 23 15 14 586 4
101.807 52.241 339.281 24 15 14 586 4
101.807 52.241 339.281 25 15 14 586 4
101.807 52.241 339.281 26 15 14 586 4
84.763 59.959 235.774 27 15 14 250 1
84.763 59.959 235.774 28 15 14 250 1
75.153 84.518 115.262 29 15 14 575 4
75.153 84.518 115.262 30 15 14 575 4
38.553 161.159 61.399 1 16 14 571 4
38.553 161.159 61.399 2 16 14 571 4
38.553 161.159 61.399 3 16 14 571 4
299.406 69.121 307.480 4 16 14 80 1
38.553 161.159 61.399 5 16 14 571 4
162.743 64.864 302.659 6 16 14 259 1
38.553 161.159 61.399 7 16 14 571 4
240.413 46.563 325.425 8 16 14 569 3
240.413 46.563 325.425 9 16 14 569 3
240.413 46.563 325.425 10 16 14 569 3
240.413 46.563 325.425 11 16 14 569 3
240.413 46.563 325.425 12 16 14 569 3
240.413 46.563 325.425 13 16 14 569 3
35.623 94.740 157.765 14 16 14 402 1
240.413 46.563 325.425 15 16 14 569 3
240.413 46.563 325.425 16 16 14 569 3
101.807 52.241 339.281 17 16 14 586 4
101.807 52.241 339.281 18 16 14 586 4
101.807 52.241 339.281 19 16 14 586 4
101.807 52.241 339.281 20 16 14 586 4
101.807 52.241 339.281 21 16 14 586 4
56.080 47.750 13.432 22 16 14 93 1
101.807 52.241 339.281 23 16 14 586 4
101.807 52.241 339.281 24 16 14 586 4
101.807 52.241 339.281 25 16 14 586 4
101.807 52.241 339.281 26 16 14 586 4
101.807 52.241 339.281 27 16 14 586 4
84.763 59.959 235.774 28 16 14 250 1
101.807 52.241 339.281 29 16 14 586 4
101.807 52.241 339.281 30 16 14 586 4
38.553 161.159 61.399 1 17 14 571 4
38.553 161.159 61.399 2 17 14 571 4
38.553 161.159 61.399 3 17 14 571 4
38.553 161.159 61.399 4 17 14 571 4
38.553 161.159 61.399 5 17 14 571 4
38.553 161.159 61.399 6 17 14 571 4
38.553 161.159 61.399 7 17 14 571 4
164.047 91.243 238.478 8 17 14 617 1
164.047 91.243 238.478 9 17 14 617 1
101.807 52.241 339.281 10 17 14 586 4
101.807 52.241 339.281 11 17 14 586 4
101.807 52.241 339.281 12 17 14 586 4
101.807 52.241 339.281 13 17 14 586 4
35.623 94.740 157.765 14 17 14 402 1
101.807 52.241 339.281 15 17 14 586 4
101.807 52.241 339.281 16 17 14 586 4
101.807 52.241 339.281 17 17 14 586 4
101.807 52.241 339.281 18 17 14 586 4
101.807 52.241 339.281 19 17 14 586 4
101.807 52.241 339.281 20 17 14 586 4
101.807 52.241 339.281 21 17 14 586 4
101.807 52.241 339.281 22 17 14 586 4
101.807 52.241 339.281 23 17 14 586 4
101.807 52.241 339.281 24 17 14 586 4
101.807 52.241 339.281 25 17 14 586 4
101.807 52.241 339.281 26 17 14 586 4
101.807 52.241 339.281 27 17 14 586 4
101.807 52.241 339.281 28 17 14 586 4
101.807 52.241 339.281 29 17 14 586 4
101.807 52.241 339.281 30 17 14 586 4
38.553 161.159 61.399 1 18 14 571 4
1.119 132.531 30.074 2 18 14 50 1
38.553 161.159 61.399 3 18 14 571 4
38.553 161.159 61.399 4 18 14 571 4
38.553 161.159 61.399 5 18 14 571 4
135.455 139.263 350.122 6 18 14 229 1
38.553 161.159 61.399 7 18 14 571 4
164.047 91.243 238.478 8 18 14 617 1
164.047 91.243 238.478 9 18 14 617 1
101.807 52.241 339.281 10 18 14 586 4
101.807 52.241 339.281 11 18 14 586 4
101.807 52.241 339.281 12 18 14 586 4
101.807 52.241 339.281 13 18 14 586 4
101.807 52.241 339.281 14 18 14 586 4
101.807 52.241 339.281 15 18 14 586 4
101.807 52.241 339.281 16 18 14 586 4
101.807 52.241 339.281 17 18 14 586 4
101.807 52.241 339.281 18 18 14 586 4
101.807 52.241 339.281 19 18 14 586 4
101.807 52.241 339.281 20 18 14 586 4
101.807 52.241 339.281 21 18 14 586 4
101.807 52.241 339.281 22 18 14 586 4
101.807 52.241 339.281 23 18 14 586 4
101.807 52.241 339.281 24 18 14 586 4
101.807 52.241 339.281 25 18 14 586 4
101.807 52.241 339.281 26 18 14 586 4
101.807 52.241 339.281 27 18 14 586 4
101.807 52.241 339.281 28 18 14 586 4
101.807 52.241 339.281 29 18 14 586 4
359.392 81.007 259.773 30 18 14 576 4
38.553 161.159 61.399 1 19 14 571 4
38.553 161.159 61.399 2 19 14 571 4
38.553 161.159 61.399 3 19 14 571 4
38.553 161.159 61.399 4 19 14 571 4
38.553 161.159 61.399 5 19 14 571 4
38.553 161.159 61.399 6 19 14 571 4
164.047 91.243 238.478 7 19 14 617 1
164.047 91.243 238.478 8 19 14 617 1
101.807 52.241 339.281 9 19 14 586 4
101.807 52.241 339.281 10 19 14 586 4
101.807 52.241 339.281 11 19 14 586 4
101.807 52.241 339.281 12 19 14 586 4
101.807 52.241 339.281 13 19 14 586 4
101.807 52.241 339.281 14 19 14 586 4
101.807 52.241 339.281 15 19 14 586 4
101.807 52.241 339.281 16 19 14 586 4
101.807 52.241 339.281 17 19 14 586 4
101.807 52.241 339.281 18 19 14 586 4
101.807 52.241 339.281 19 19 14 586 4
101.807 52.241 339.281 20 19 14 586 4
101.807 52.241 339.281 21 19 14 586 4
101.807 52.241 339.281 22 19 14 586 4
101.807 52.241 339.281 23 19 14 586 4
101.807 52.241 339.281 24 19 14 586 4
101.807 52.241 339.281 25 19 14 586 4
101.807 52.241 339.281 26 19 14 586 4
101.807 52.241 339.281 27 19 14 586 4
101.807 52.241 339.281 28 19 14 586 4
359.392 81.007 259.773 29 19 14 576 4
359.392 81.007 259.773 30 19 14 576 4
38.553 161.159 61.399 1 20 14 571 4
224.401 98.645 101.150 2 20 14 25 1
38.553 161.159 61.399 3 20 14 571 4
38.553 161.159 61.399 4 20 14 571 4
38.553 161.159 61.399 5 20 14 571 4
108.417 86.855 7.486 6 20 14 373 1
38.553 161.159 61.399 7 20 14 571 4
101.807 52.241 339.281 8 20 14 586 4
101.807 52.241 339.281 9 20 14 586 4
101.807 52.241 339.281 10 20 14 586 4
101.807 52.241 339.281 11 20 14 586 4
101.807 52.241 339.281 12 20 14 586 4
101.807 52.241 339.281 13 20 14 586 4
101.807 52.241 339.281 14 20 14 586 4
101.807 52.241 339.281 15 20 14 586 4
340.658 87.528 5.384 16 20 14 67 1
101.807 52.241 339.281 17 20 14 586 4
101.807 52.241 339.281 18 20 14 586 4
101.807 52.241 339.281 19 20 14 586 4
101.807 52.241 339.281 20 20 14 586 4
101.807 52.241 339.281 21 20 14 586 4
101.807 52.241 339.281 22 20 14 586 4
101.807 52.241 339.281 23 20 14 586 4
101.807 52.241 339.281 24 20 14 586 4
101.807 52.241 339.281 25 20 14 586 4
101.807 52.241 339.281 26 20 14 586 4
101.807 52.241 339.281 27 20 14 586 4
359.392 81.007 259.773 28 20 14 576 4
359.392 81.007 259.773 29 20 14 576 4
359.392 81.007 259.773 30 20 14 576 4
38.553 161.159 61.399 1 21 14 571 4
38.553 161.159 61.399 2 21 14 571 4
38.553 161.159 61.399 3 21 14 571 4
38.553 161.159 61.399 4 21 14 571 4
38.553 161.159 61.399 5 21 14 571 4
38.553 161.159 61.399 6 21 14 571 4
38.553 161.159 61.399 7 21 14 571 4
101.807 52.241 339.281 8 21 14 586 4
101.807 52.241 339.281 9 21 14 586 4
101.807 52.241 339.281 10 21 14 586 4
101.807 52.241 339.281 11 21 14 586 4
101.807 52.241 339.281 12 21 14 586 4
101.807 52.241 339.281 13 21 14 586 4
101.807 52.241 339.281 14 21 14 586 4
101.807 52.241 339.281 15 21 14 586 4
101.807 52.241 339.281 16 21 14 586 4
101.807 52.241 339.281 17 21 14 586 4
101.807 52.241 339.281 18 21 14 586 4
101.807 52.241 339.281 19 21 14 586 4
101.807 52.241 339.281 20 21 14 586 4
101.807 52.241 339.281 21 21 14 586 4
101.807 52.241 339.281 22 21 14 586 4
101.807 52.241 339.281 23 21 14 586 4
101.807 52.241 339.281 24 21 14 586 4
101.807 52.241 339.281 25 21 14 586 4
101.807 52.241 339.281 26 21 14 586 4
359.392 81.007 259.773 27 21 14 576 4
359.392 81.007 259.773 28 21 14 576 4
359.392 81.007 259.773 29 21 14 576 4
359.392 81.007 259.773 30 21 14 576 4
38.553 161.159 61.399 1 22 14 571 4
38.553 161.159 61.399 2 22 14 571 4
38.553 161.159 61.399 3 22 14 571 4
38.553 161.159 61.399 4 22 14 571 4
38.553 161.159 61.399 5 22 14 571 4
38.553 161.159 61.399 6 22 14 571 4
101.807 52.241 339.281 7 22 14 586 4
101.807 52.241 339.281 8 22 14 586 4
101.807 52.241 339.281 9 22 14 586 4
101.807 52.241 339.281 10 22 14 586 4
101.807 52.241 339.281 11 22 14 586 4
101.807 52.241 339.281 12 22 14 586 4
101.807 52.241 339.281 13 22 14 586 4
101.807 52.241 339.281 14 22 14 586 4
101.807 52.241 339.281 15 22 14 586 4
101.807 52.241 339.281 16 22 14 586 4
101.807 52.241 339.281 17 22 14 586 4
101.807 52.241 339.281 18 22 14 586 4
101.807 52.241 339.281 19 22 14 586 4
101.807 52.241 339.281 20 22 14 586 4
101.807 52.241 339.281 21 22 14 586 4
101.807 52.241 339.281 22 22 14 586 4
101.807 52.241 339.281 23 22 14 586 4
101.807 52.241 339.281 24 22 14 586 4
359.392 81.007 259.773 25 22 14 576 4
359.392 81.007 259.773 26 22 14 576 4
359.392 81.007 259.773 27 22 14 576 4
359.392 81.007 259.773 28 22 14 576 4
359.392 81.007 259.773 29 22 14 576 4
359.392 81.007 259.773 30 22 14 576 4
38.553 161.159 61.399 1 23 14 571 4
38.553 161.159 61.399 2 23 14 571 4
38.553 161.159 61.399 3 23 14 571 4
38.553 161.159 61.399 4 23 14 571 4
38.553 161.159 61.399 5 23 14 571 4
38.553 161.159 61.399 6 23 14 571 4
101.807 52.241 339.281 7 23 14 586 4
101.807 52.241 339.281 8 23 14 586 4
101.807 52.241 339.281 9 23 14 586 4
101.807 52.241 339.281 10 23 14 586 4
101.807 52.241 339.281 11 23 14 586 4
101.807 52.241 339.281 12 23 14 586 4
101.807 52.241 339.281 13 23 14 586 4
101.807 52.241 339.281 14 23 14 586 4
101.807 52.241 339.281 15 23 14 586 4
101.807 52.241 339.281 16 23 14 586 4
101.807 52.241 339.281 17 23 14 586 4
101.807 52.241 339.281 18 23 14 586 4
101.807 52.241 339.281 19 23 14 586 4
101.807 52.241 339.281 20 23 14 586 4
101.807 52.241 339.281 21 23 14 586 4
101.807 52.241 339.281 22 23 14 586 4
101.807 52.241 339.281 23 23 14 586 4
359.392 81.007 259.773 24 23 14 576 4
359.392 81.007 259.773 25 23 14 576 4
359.392 81.007 259.773 26 23 14 576 4
359.392 81.007 259.773 27 23 14 576 4
359.392 81.007 259.773 28 23 14 576 4
359.392 81.007 259.773 29 23 14 576 4
359.392 81.007 259.773 30 23 14 576 4
38.553 161.159 61.399 1 24 14 571 4
38.553 161.159 61.399 2 24 14 571 4
38.553 161.159 61.399 3 24 14 571 4
156.154 76.999 144.594 4 24 14 194 1
38.553 161.159 61.399 5 24 14 571 4
38.553 161.159 61.399 6 24 14 571 4
101.807 52.241 339.281 7 24 14 586 4
113.486 106.406 256.644 8 24 14 48 1
101.807 52.241 339.281 9 24 14 586 4
101.807 52.241 339.281 10 24 14 586 4
101.807 52.241 339.281 11 24 14 586 4
101.807 52.241 339.281 12 24 14 586 4
101.807 52.241 339.281 13 24 14 586 4
101.807 52.241 339.281 14 24 14 586 4
101.807 52.241 339.281 15 24 14 586 4
101.807 52.241 339.281 16 24 14 586 4
101.807 52.241 339.281 17 24 14 586 4
101.807 52.241 339.281 18 24 14 586 4
101.807 52.241 339.281 19 24 14 586 4
101.807 52.241 339.281 20 24 14 586 4
101.807 52.241 339.281 21 24 14 586 4
168.000 118.190 82.347 22 24 14 573 4
359.392 81.007 259.773 23 24 14 576 4
359.392 81.007 259.773 24 24 14 576 4
359.392 81.007 259.773 25 24 14 576 4
359.392 81.007 259.773 26 24 14 576 4
359.392 81.007 259.773 27 24 14 576 4
359.392 81.007 259.773 28 24 14 576 4
359.392 81.007 259.773 29 24 14 576 4
359.392 81.007 259.773 30 24 14 576 4
38.553 161.159 61.399 1 25 14 571 4
38.553 161.159 61.399 2 25 14 571 4
38.553 161.159 61.399 3 25 14 571 4
38.553 161.159 61.399 4 25 14 571 4
38.553 161.159 61.399 5 25 14 571 4
38.553 161.159 61.399 6 25 14 571 4
101.807 52.241 339.281 7 25 14 586 4
113.486 106.406 256.644 8 25 14 48 1
101.807 52.241 339.281 9 25 14 586 4
101.807 52.241 339.281 10 25 14 586 4
101.807 52.241 339.281 11 25 14 586 4
101.807 52.241 339.281 12 25 14 586 4
101.807 52.241 339.281 13 25 14 586 4
101.807 52.241 339.281 14 25 14 586 4
101.807 52.241 339.281 15 25 14 586 4
101.807 52.241 339.281 16 25 14 586 4
168.000 118.190 82.347 17 25 14 573 4
168.000 118.190 82.347 18 25 14 573 4
168.000 118.190 82.347 19 25 14 573 4
168.000 118.190 82.347 20 25 14 573 4
168.000 118.190 82.347 21 25 14 573 4
359.392 81.007 259.773 22 25 14 576 4
359.392 81.007 259.773 23 25 14 576 4
359.392 81.007 259.773 24 25 14 576 4
359.392 81.007 259.773 25 25 14 576 4
359.392 81.007 259.773 26 25 14 576 4
359.392 81.007 259.773 27 25 14 576 4
359.392 81.007 259.773 28 25 14 576 4
359.392 81.007 259.773 29 25 14 576 4
359.392 81.007 259.773 30 25 14 576 4
38.553 161.159 61.399 1 26 14 571 4
38.553 161.159 61.399 2 26 14 571 4
38.553 161.159 61.399 3 26 14 571 4
38.553 161.159 61.399 4 26 14 571 4
38.553 161.159 61.399 5 26 14 571 4
38.553 161.159 61.399 6 26 14 571 4
101.807 52.241 339.281 7 26 14 586 4
113.486 106.406 256.644 8 26 14 48 1
212.218 45.217 286.917 9 26 14 450 1
212.218 45.217 286.917 10 26 14 450 1
101.807 52.241 339.281 11 26 14 586 4
101.807 52.241 339.281 12 26 14 586 4
101.807 52.241 339.281 13 26 14 586 4
101.807 52.241 339.281 14 26 14 586 4
101.807 52.241 339.281 15 26 14 586 4
168.000 118.190 82.347 16 26 14 573 4
168.000 118.190 82.347 17 26 14 573 4
168.000 118.190 82.347 18 26 14 573 4
168.000 118.190 82.347 19 26 14 573 4
168.000 118.190 82.347 20 26 14 573 4
168.000 118.190 82.347 21 26 14 573 4
359.392 81.007 259.773 22 26 14 576 4
359.392 81.007 259.773 23 26 14 576 4
135.564 79.438 174.286 24 26 14 535 2
359.392 81.007 259.773 25 26 14 576 4
359.392 81.007 259.773 26 26 14 576 4
359.392 81.007 259.773 27 26 14 576 4
359.392 81.007 259.773 28 26 14 576 4
359.392 81.007 259.773 29 26 14 576 4
359.392 81.007 259.773 30 26 14 576 4
38.553 161.159 61.399 1 27 14 571 4
38.553 161.159 61.399 2 27 14 571 4
38.553 161.159 61.399 3 27 14 571 4
38.553 161.159 61.399 4 27 14 571 4
31.760 16.770 223.195 5 27 14 562 2
31.760 16.770 223.195 6 27 14 562 2
31.760 16.770 223.195 7 27 14 562 2
31.760 16.770 223.195 8 27 14 562 2
212.218 45.217 286.917 9 27 14 450 1
212.218 45.217 286.917 10 27 14 450 1
212.218 45.217 286.917 11 27 14 450 1
212.218 45.217 286.917 12 27 14 450 1
26.688 96.773 277.193 13 27 14 615 1
26.688 96.773 277.193 14 27 14 615 1
26.688 96.773 277.193 15 27 14 615 1
168.000 118.190 82.347 16 27 14 573 4
168.000 118.190 82.347 17 27 14 573 4
168.000 118.190 82.347 18 27 14 573 4
168.000 118.190 82.347 19 27 14 573 4
168.000 118.190 82.347 20 27 14 573 4
46.944 91.160 213.401 21 27 14 527 2
46.944 91.160 213.401 22 27 14 527 2
359.392 81.007 259.773 23 27 14 576 4
359.392 81.007 259.773 24 27 14 576 4
359.392 81.007 259.773 25 27 14 576 4
359.392 81.007 259.773 26 27 14 576 4
359.392 81.007 259.773 27 27 14 576 4
359.392 81.007 259.773 28 27 14 576 4
359.392 81.007 259.773 29 27 14 576 4
359.392 81.007 259.773 30 27 14 576 4
38.553 161.159 61.399 1 28 14 571 4
6.627 62.125 61.524 2 28 14 604 1
222.258 67.433 241.380 3 28 14 131 1
222.258 67.433 241.380 4 28 14 131 1
31.760 16.770 223.195 5 28 14 562 2
31.760 16.770 223.195 6 28 14 562 2
31.760 16.770 223.195 7 28 14 562 2
31.760 16.770 223.195 8 28 14 562 2
212.218 45.217 286.917 9 28 14 450 1
212.218 45.217 286.917 10 28 14 450 1
212.218 45.217 286.917 11 28 14 450 1
212.218 45.217 286.917 12 28 14 450 1
26.688 96.773 277.193 13 28 14 615 1
26.688 96.773 277.193 14 28 14 615 1
26.688 96.773 277.193 15 28 14 615 1
168.000 118.190 82.347 16 28 14 573 4
168.000 118.190 82.347 17 28 14 573 4
79.988 103.748 18.370 18 28 14 238 1
168.000 118.190 82.347 19 28 14 573 4
168.000 118.190 82.347 20 28 14 573 4
46.944 91.160 213.401 21 28 14 527 2
359.392 81.007 259.773 22 28 14 576 4
359.392 81.007 259.773 23 28 14 576 4
359.392 81.007 259.773 24 28 14 576 4
359.392 81.007 259.773 25 28 14 576 4
359.392 81.007 259.773 26 28 14 576 4
359.392 81.007 259.773 27 28 14 576 4
313.475 111.433 260.266 28 28 14 47 1
359.392 81.007 259.773 29 28 14 576 4
359.392 81.007 259.773 30 28 14 576 4
6.627 62.125 61.524 1 29 14 604 1
6.627 62.125 61.524 2 29 14 604 1
6.627 62.125 61.524 3 29 14 604 1
222.258 67.433 241.380 4 29 14 131 1
31.760 16.770 223.195 5 29 14 562 2
31.760 16.770 223.195 6 29 14 562 2
31.760 16.770 223.195 7 29 14 562 2
31.760 16.770 223.195 8 29 14 562 2
31.760 16.770 223.195 9 29 14 562 2
212.218 45.217 286.917 10 29 14 450 1
212.218 45.217 286.917 11 29 14 450 1
212.218 45.217 286.917 12 29 14 450 1
26.688 96.773 277.193 13 29 14 615 1
26.688 96.773 277.193 14 29 14 615 1
26.688 96.773 277.193 15 29 14 615 1
168.000 118.190 82.347 16 29 14 573 4
168.000 118.190 82.347 17 29 14 573 4
168.000 118.190 82.347 18 29 14 573 4
168.000 118.190 82.347 19 29 14 573 4
168.000 118.190 82.347 20 29 14 573 4
359.392 81.007 259.773 21 29 14 576 4
359.392 81.007 259.773 22 29 14 576 4
359.392 81.007 259.773 23 29 14 576 4
359.392 81.007 259.773 24 29 14 576 4
359.392 81.007 259.773 25 29 14 576 4
359.392 81.007 259.773 26 29 14 576 4
359.392 81.007 259.773 27 29 14 576 4
359.392 81.007 259.773 28 29 14 576 4
359.392 81.007 259.773 29 29 14 576 4
359.392 81.007 259.773 30 29 14 576 4
6.627 62.125 61.524 1 30 14 604 1
6.627 62.125 61.524 2 30 14 604 1
6.627 62.125 61.524 3 30 14 604 1
6.627 62.125 61.524 4 30 14 604 1
31.760 16.770 223.195 5 30 14 562 2
31.760 16.770 223.195 6 30 14 562 2
31.760 16.770 223.195 7 30 14 562 2
31.760 16.770 223.195 8 30 14 562 2
31.760 16.770 223.195 9 30 14 562 2
31.760 16.770 223.195 10 30 14 562 2
212.218 45.217 286.917 11 30 14 450 1
213.920 69.061 270.199 12 30 14 199 1
213.920 69.061 270.199 13 30 14 199 1
26.688 96.773 277.193 14 30 14 615 1
168.000 118.190 82.347 15 30 14 573 4
168.000 118.190 82.347 16 30 14 573 4
168.000 118.190 82.347 17 30 14 573 4
168.000 118.190 82.347 18 30 14 573 4
335.141 137.508 350.333 19 30 14 395 1
71.073 97.030 133.977 20 30 14 236 1
359.392 81.007 259.773 21 30 14 576 4
359.392 81.007 259.773 22 30 14 576 4
359.392 81.007 259.773 23 30 14 576 4
359.392 81.007 259.773 24 30 14 576 4
359.392 81.007 259.773 25 30 14 576 4
359.392 81.007 259.773 26 30 14 576 4
359.392 81.007 259.773 27 30 14 576 4
359.392 81.007 259.773 28 30 14 576 4
359.392 81.007 259.773 29 30 14 576 4
359.392 81.007 259.773 30 30 14 576 4
