240.413 46.563 325.425 1 1 19 569 3
240.413 46.563 325.425 2 1 19 569 3
240.413 46.563 325.425 3 1 19 569 3
240.413 46.563 325.425 4 1 19 569 3
240.413 46.563 325.425 5 1 19 569 3
240.413 46.563 325.425 6 1 19 569 3
240.413 46.563 325.425 7 1 19 569 3
240.413 46.563 325.425 8 1 19 569 3
240.413 46.563 325.425 9 1 19 569 3
240.413 46.563 325.425 10 1 19 569 3
240.413 46.563 325.425 11 1 19 569 3
240.413 46.563 325.425 12 1 19 569 3
240.413 46.563 325.425 13 1 19 569 3
240.413 46.563 325.425 14 1 19 569 3
240.413 46.563 325.425 15 1 19 569 3
240.413 46.563 325.425 16 1 19 569 3
240.413 46.563 325.425 17 1 19 569 3
240.413 46.563 325.425 18 1 19 569 3
240.413 46.563 325.425 19 1 19 569 3
240.413 46.563 325.425 20 1 19 569 3
240.413 46.563 325.425 21 1 19 569 3
240.413 46.563 325.425 22 1 19 569 3
240.413 46.563 325.425 23 1 19 569 3
190.618 92.255 142.635 24 1 19 281 1
190.618 92.255 142.635 25 1 19 281 1
190.618 92.255 142.635 26 1 19 281 1
280.377 75.509 252.405 27 1 19 405 1
128.698 32.818 161.046 28 1 19 558 2
128.698 32.818 161.046 29 1 19 558 2
48.513 43.493 224.220 30 1 19 178 1
240.413 46.563 325.425 1 2 19 569 3
240.413 46.563 325.425 2 2 19 569 3
240.413 46.563 325.425 3 2 19 569 3
240.413 46.563 325.425 4 2 19 569 3
240.413 46.563 325.425 5 2 19 569 3
240.413 46.563 325.425 6 2 19 569 3
240.413 46.563 325.425 7 2 19 569 3
240.413 46.563 325.425 8 2 19 569 3
240.413 46.563 325.425 9 2 19 569 3
240.413 46.563 325.425 10 2 19 569 3
240.413 46.563 325.425 11 2 19 569 3
240.413 46.563 325.425 12 2 19 569 3
240.413 46.563 325.425 13 2 19 569 3
240.413 46.563 325.425 14 2 19 569 3
240.413 46.563 325.425 15 2 19 569 3
240.413 46.563 325.425 16 2 19 569 3
240.413 46.563 325.425 17 2 19 569 3
240.413 46.563 325.425 18 2 19 569 3
240.413 46.563 325.425 19 2 19 569 3
240.413 46.563 325.425 20 2 19 569 3
240.413 46.563 325.425 21 2 19 569 3
240.413 46.563 325.425 22 2 19 569 3
240.413 46.563 325.425 23 2 19 569 3
190.618 92.255 142.635 24 2 19 281 1
190.618 92.255 142.635 25 2 19 281 1
190.618 92.255 142.635 26 2 19 281 1
280.377 75.509 252.405 27 2 19 405 1
128.698 32.818 161.046 28 2 19 558 2
128.698 32.818 161.046 29 2 19 558 2
48.513 43.493 224.220 30 2 19 178 1
240.413 46.563 325.425 1 3 19 569 3
240.413 46.563 325.425 2 3 19 569 3
240.413 46.563 325.425 3 3 19 569 3
240.413 46.563 325.425 4 3 19 569 3
240.413 46.563 325.425 5 3 19 569 3
240.413 46.563 325.425 6 3 19 569 3
240.413 46.563 325.425 7 3 19 569 3
240.413 46.563 325.425 8 3 19 569 3
240.413 46.563 325.425 9 3 19 569 3
240.413 46.563 325.425 10 3 19 569 3
240.413 46.563 325.425 11 3 19 569 3
240.413 46.563 325.425 12 3 19 569 3
240.413 46.563 325.425 13 3 19 569 3
240.413 46.563 325.425 14 3 19 569 3
240.413 46.563 325.425 15 3 19 569 3
240.413 46.563 325.425 16 3 19 569 3
240.413 46.563 325.425 17 3 19 569 3
240.413 46.563 325.425 18 3 19 569 3
240.413 46.563 325.425 19 3 19 569 3
240.413 46.563 325.425 20 3 19 569 3
240.413 46.563 325.425 21 3 19 569 3
240.413 46.563 325.425 22 3 19 569 3
240.413 46.563 325.425 23 3 19 569 3
240.413 46.563 325.425 24 3 19 569 3
190.618 92.255 142.635 25 3 19 281 1
280.377 75.509 252.405 26 3 19 405 1
128.698 32.818 161.046 27 3 19 558 2
128.698 32.818 161.046 28 3 19 558 2
128.698 32.818 161.046 29 3 19 558 2
48.513 43.493 224.220 30 3 19 178 1
240.413 46.563 325.425 1 4 19 569 3
240.413 46.563 325.425 2 4 19 569 3
240.413 46.563 325.425 3 4 19 569 3
240.413 46.563 325.425 4 4 19 569 3
240.413 46.563 325.425 5 4 19 569 3
240.413 46.563 325.425 6 4 19 569 3
240.413 46.563 325.425 7 4 19 569 3
240.413 46.563 325.425 8 4 19 569 3
240.413 46.563 325.425 9 4 19 569 3
240.413 46.563 325.425 10 4 19 569 3
240.413 46.563 325.425 11 4 19 569 3
240.413 46.563 325.425 12 4 19 569 3
240.413 46.563 325.425 13 4 19 569 3
240.413 46.563 325.425 14 4 19 569 3
240.413 46.563 325.425 15 4 19 569 3
240.413 46.563 325.425 16 4 19 569 3
240.413 46.563 325.425 17 4 19 569 3
240.413 46.563 325.425 18 4 19 569 3
240.413 46.563 325.425 19 4 19 569 3
240.413 46.563 325.425 20 4 19 569 3
240.413 46.563 325.425 21 4 19 569 3
240.413 46.563 325.425 22 4 19 569 3
240.413 46.563 325.425 23 4 19 569 3
240.413 46.563 325.425 24 4 19 569 3
240.413 46.563 325.425 25 4 19 569 3
128.698 32.818 161.046 26 4 19 558 2
128.698 32.818 161.046 27 4 19 558 2
128.698 32.818 161.046 28 4 19 558 2
128.698 32.818 161.046 29 4 19 558 2
48.513 43.493 224.220 30 4 19 178 1
240.413 46.563 325.425 1 5 19 569 3
240.413 46.563 325.425 2 5 19 569 3
240.413 46.563 325.425 3 5 19 569 3
240.413 46.563 325.425 4 5 19 569 3
240.413 46.563 325.425 5 5 19 569 3
240.413 46.563 325.425 6 5 19 569 3
240.413 46.563 325.425 7 5 19 569 3
240.413 46.563 325.425 8 5 19 569 3
240.413 46.563 325.425 9 5 19 569 3
240.413 46.563 325.425 10 5 19 569 3
240.413 46.563 325.425 11 5 19 569 3
240.413 46.563 325.425 12 5 19 569 3
240.413 46.563 325.425 13 5 19 569 3
240.413 46.563 325.425 14 5 19 569 3
240.413 46.563 325.425 15 5 19 569 3
240.413 46.563 325.425 16 5 19 569 3
240.413 46.563 325.425 17 5 19 569 3
240.413 46.563 325.425 18 5 19 569 3
240.413 46.563 325.425 19 5 19 569 3
240.413 46.563 325.425 20 5 19 569 3
240.413 46.563 325.425 21 5 19 569 3
240.413 46.563 325.425 22 5 19 569 3
240.413 46.563 325.425 23 5 19 569 3
240.413 46.563 325.425 24 5 19 569 3
240.413 46.563 325.425 25 5 19 569 3
240.413 46.563 325.425 26 5 19 569 3
128.698 32.818 161.046 27 5 19 558 2
128.698 32.818 161.046 28 5 19 558 2
128.698 32.818 161.046 29 5 19 558 2
48.513 43.493 224.220 30 5 19 178 1
240.413 46.563 325.425 1 6 19 569 3
240.413 46.563 325.425 2 6 19 569 3
240.413 46.563 325.425 3 6 19 569 3
240.413 46.563 325.425 4 6 19 569 3
240.413 46.563 325.425 5 6 19 569 3
240.413 46.563 325.425 6 6 19 569 3
240.413 46.563 325.425 7 6 19 569 3
240.413 46.563 325.425 8 6 19 569 3
240.413 46.563 325.425 9 6 19 569 3
240.413 46.563 325.425 10 6 19 569 3
240.413 46.563 325.425 11 6 19 569 3
240.413 46.563 325.425 12 6 19 569 3
240.413 46.563 325.425 13 6 19 569 3
240.413 46.563 325.425 14 6 19 569 3
240.413 46.563 325.425 15 6 19 569 3
240.413 46.563 325.425 16 6 19 569 3
240.413 46.563 325.425 17 6 19 569 3
240.413 46.563 325.425 18 6 19 569 3
240.413 46.563 325.425 19 6 19 569 3
240.413 46.563 325.425 20 6 19 569 3
240.413 46.563 325.425 21 6 19 569 3
240.413 46.563 325.425 22 6 19 569 3
240.413 46.563 325.425 23 6 19 569 3
240.413 46.563 325.425 24 6 19 569 3
240.413 46.563 325.425 25 6 19 569 3
240.413 46.563 325.425 26 6 19 569 3
128.698 32.818 161.046 27 6 19 558 2
280.189 84.447 346.921 28 6 19 245 1
280.189 84.447 346.921 29 6 19 245 1
280.189 84.447 346.921 30 6 19 245 1
240.413 46.563 325.425 1 7 19 569 3
240.413 46.563 325.425 2 7 19 569 3
240.413 46.563 325.425 3 7 19 569 3
240.413 46.563 325.425 4 7 19 569 3
240.413 46.563 325.425 5 7 19 569 3
240.413 46.563 325.425 6 7 19 569 3
240.413 46.563 325.425 7 7 19 569 3
240.413 46.563 325.425 8 7 19 569 3
240.413 46.563 325.425 9 7 19 569 3
240.413 46.563 325.425 10 7 19 569 3
240.413 46.563 325.425 11 7 19 569 3
240.413 46.563 325.425 12 7 19 569 3
240.413 46.563 325.425 13 7 19 569 3
240.413 46.563 325.425 14 7 19 569 3
240.413 46.563 325.425 15 7 19 569 3
240.413 46.563 325.425 16 7 19 569 3
240.413 46.563 325.425 17 7 19 569 3
240.413 46.563 325.425 18 7 19 569 3
240.413 46.563 325.425 19 7 19 569 3
240.413 46.563 325.425 20 7 19 569 3
240.413 46.563 325.425 21 7 19 569 3
240.413 46.563 325.425 22 7 19 569 3
240.413 46.563 325.425 23 7 19 569 3
240.413 46.563 325.425 24 7 19 569 3
240.413 46.563 325.425 25 7 19 569 3
240.413 46.563 325.425 26 7 19 569 3
280.189 84.447 346.921 27 7 19 245 1
280.189 84.447 346.921 28 7 19 245 1
280.189 84.447 346.921 29 7 19 245 1
280.189 84.447 346.921 30 7 19 245 1
240.413 46.563 325.425 1 8 19 569 3
240.413 46.563 325.425 2 8 19 569 3
240.413 46.563 325.425 3 8 19 569 3
240.413 46.563 325.425 4 8 19 569 3
240.413 46.563 325.425 5 8 19 569 3
240.413 46.563 325.425 6 8 19 569 3
240.413 46.563 325.425 7 8 19 569 3
240.413 46.563 325.425 8 8 19 569 3
240.413 46.563 325.425 9 8 19 569 3
240.413 46.563 325.425 10 8 19 569 3
240.413 46.563 325.425 11 8 19 569 3
240.413 46.563 325.425 12 8 19 569 3
240.413 46.563 325.425 13 8 19 569 3
240.413 46.563 325.425 14 8 19 569 3
240.413 46.563 325.425 15 8 19 569 3
240.413 46.563 325.425 16 8 19 569 3
240.413 46.563 325.425 17 8 19 569 3
240.413 46.563 325.425 18 8 19 569 3
240.413 46.563 325.425 19 8 19 569 3
240.413 46.563 325.425 20 8 19 569 3
240.413 46.563 325.425 21 8 19 569 3
240.413 46.563 325.425 22 8 19 569 3
240.413 46.563 325.425 23 8 19 569 3
240.413 46.563 325.425 24 8 19 569 3
240.413 46.563 325.425 25 8 19 569 3
277.388 43.139 204.362 26 8 19 579 4
277.388 43.139 204.362 27 8 19 579 4
277.388 43.139 204.362 28 8 19 579 4
277.388 43.139 204.362 29 8 19 579 4
277.388 43.139 204.362 30 8 19 579 4
240.413 46.563 325.425 1 9 19 569 3
240.413 46.563 325.425 2 9 19 569 3
240.413 46.563 325.425 3 9 19 569 3
43.238 129.871 79.030 4 9 19 136 1
240.413 46.563 325.425 5 9 19 569 3
240.413 46.563 325.425 6 9 19 569 3
240.413 46.563 325.425 7 9 19 569 3
240.413 46.563 325.425 8 9 19 569 3
240.413 46.563 325.425 9 9 19 569 3
240.413 46.563 325.425 10 9 19 569 3
240.413 46.563 325.425 11 9 19 569 3
240.413 46.563 325.425 12 9 19 569 3
240.413 46.563 325.425 13 9 19 569 3
240.413 46.563 325.425 14 9 19 569 3
240.413 46.563 325.425 15 9 19 569 3
240.413 46.563 325.425 16 9 19 569 3
240.413 46.563 325.425 17 9 19 569 3
240.413 46.563 325.425 18 9 19 569 3
240.413 46.563 325.425 19 9 19 569 3
240.413 46.563 325.425 20 9 19 569 3
240.413 46.563 325.425 21 9 19 569 3
240.413 46.563 325.425 22 9 19 569 3
240.413 46.563 325.425 23 9 19 569 3
240.413 46.563 325.425 24 9 19 569 3
240.413 46.563 325.425 25 9 19 569 3
277.388 43.139 204.362 26 9 19 579 4
277.388 43.139 204.362 27 9 19 579 4
277.388 43.139 204.362 28 9 19 579 4
277.388 43.139 204.362 29 9 19 579 4
277.388 43.139 204.362 30 9 19 579 4
240.413 46.563 325.425 1 10 19 569 3
240.413 46.563 325.425 2 10 19 569 3
240.413 46.563 325.425 3 10 19 569 3
240.413 46.563 325.425 4 10 19 569 3
240.413 46.563 325.425 5 10 19 569 3
240.413 46.563 325.425 6 10 19 569 3
240.413 46.563 325.425 7 10 19 569 3
240.413 46.563 325.425 8 10 19 569 3
240.413 46.563 325.425 9 10 19 569 3
240.413 46.563 325.425 10 10 19 569 3
240.413 46.563 325.425 11 10 19 569 3
240.413 46.563 325.425 12 10 19 569 3
240.413 46.563 325.425 13 10 19 569 3
240.413 46.563 325.425 14 10 19 569 3
240.413 46.563 325.425 15 10 19 569 3
240.413 46.563 325.425 16 10 19 569 3
240.413 46.563 325.425 17 10 19 569 3
240.413 46.563 325.425 18 10 19 569 3
240.413 46.563 325.425 19 10 19 569 3
240.413 46.563 325.425 20 10 19 569 3
240.413 46.563 325.425 21 10 19 569 3
240.413 46.563 325.425 22 10 19 569 3
240.413 46.563 325.425 23 10 19 569 3
240.413 46.563 325.425 24 10 19 569 3
277.388 43.139 204.362 25 10 19 579 4
277.388 43.139 204.362 26 10 19 579 4
277.388 43.139 204.362 27 10 19 579 4
277.388 43.139 204.362 28 10 19 579 4
277.388 43.139 204.362 29 10 19 579 4
277.388 43.139 204.362 30 10 19 579 4
240.413 46.563 325.425 1 11 19 569 3
240.413 46.563 325.425 2 11 19 569 3
240.413 46.563 325.425 3 11 19 569 3
240.413 46.563 325.425 4 11 19 569 3
240.413 46.563 325.425 5 11 19 569 3
240.413 46.563 325.425 6 11 19 569 3
240.413 46.563 325.425 7 11 19 569 3
240.413 46.563 325.425 8 11 19 569 3
240.413 46.563 325.425 9 11 19 569 3
240.413 46.563 325.425 10 11 19 569 3
240.413 46.563 325.425 11 11 19 569 3
240.413 46.563 325.425 12 11 19 569 3
240.413 46.563 325.425 13 11 19 569 3
240.413 46.563 325.425 14 11 19 569 3
240.413 46.563 325.425 15 11 19 569 3
240.413 46.563 325.425 16 11 19 569 3
240.413 46.563 325.425 17 11 19 569 3
240.413 46.563 325.425 18 11 19 569 3
240.413 46.563 325.425 19 11 19 569 3
240.413 46.563 325.425 20 11 19 569 3
240.413 46.563 325.425 21 11 19 569 3
240.413 46.563 325.425 22 11 19 569 3
240.413 46.563 325.425 23 11 19 569 3
240.413 46.563 325.425 24 11 19 569 3
277.388 43.139 204.362 25 11 19 579 4
277.388 43.139 204.362 26 11 19 579 4
277.388 43.139 204.362 27 11 19 579 4
277.388 43.139 204.362 28 11 19 579 4
277.388 43.139 204.362 29 11 19 579 4
277.388 43.139 204.362 30 11 19 579 4
240.413 46.563 325.425 1 12 19 569 3
240.413 46.563 325.425 2 12 19 569 3
240.413 46.563 325.425 3 12 19 569 3
240.413 46.563 325.425 4 12 19 569 3
240.413 46.563 325.425 5 12 19 569 3
240.413 46.563 325.425 6 12 19 569 3
240.413 46.563 325.425 7 12 19 569 3
240.413 46.563 325.425 8 12 19 569 3
240.413 46.563 325.425 9 12 19 569 3
240.413 46.563 325.425 10 12 19 569 3
240.413 46.563 325.425 11 12 19 569 3
240.413 46.563 325.425 12 12 19 569 3
240.413 46.563 325.425 13 12 19 569 3
240.413 46.563 325.425 14 12 19 569 3
240.413 46.563 325.425 15 12 19 569 3
240.413 46.563 325.425 16 12 19 569 3
240.413 46.563 325.425 17 12 19 569 3
240.413 46.563 325.425 18 12 19 569 3
240.413 46.563 325.425 19 12 19 569 3
240.413 46.563 325.425 20 12 19 569 3
240.413 46.563 325.425 21 12 19 569 3
240.413 46.563 325.425 22 12 19 569 3
240.413 46.563 325.425 23 12 19 569 3
101.807 52.241 339.281 24 12 19 586 4
101.807 52.241 339.281 25 12 19 586 4
277.388 43.139 204.362 26 12 19 579 4
277.388 43.139 204.362 27 12 19 579 4
277.388 43.139 204.362 28 12 19 579 4
277.388 43.139 204.362 29 12 19 579 4
277.388 43.139 204.362 30 12 19 579 4
240.413 46.563 325.425 1 13 19 569 3
240.413 46.563 325.425 2 13 19 569 3
240.413 46.563 325.425 3 13 19 569 3
240.413 46.563 325.425 4 13 19 569 3
240.413 46.563 325.425 5 13 19 569 3
240.413 46.563 325.425 6 13 19 569 3
240.413 46.563 325.425 7 13 19 569 3
240.413 46.563 325.425 8 13 19 569 3
240.413 46.563 325.425 9 13 19 569 3
240.413 46.563 325.425 10 13 19 569 3
240.413 46.563 325.425 11 13 19 569 3
240.413 46.563 325.425 12 13 19 569 3
240.413 46.563 325.425 13 13 19 569 3
240.413 46.563 325.425 14 13 19 569 3
240.413 46.563 325.425 15 13 19 569 3
240.413 46.563 325.425 16 13 19 569 3
240.413 46.563 325.425 17 13 19 569 3
240.413 46.563 325.425 18 13 19 569 3
240.413 46.563 325.425 19 13 19 569 3
101.807 52.241 339.281 20 13 19 586 4
101.807 52.241 339.281 21 13 19 586 4
101.807 52.241 339.281 22 13 19 586 4
101.807 52.241 339.281 23 13 19 586 4
101.807 52.241 339.281 24 13 19 586 4
101.807 52.241 339.281 25 13 19 586 4
101.807 52.241 339.281 26 13 19 586 4
101.807 52.241 339.281 27 13 19 586 4
101.807 52.241 339.281 28 13 19 586 4
101.807 52.241 339.281 29 13 19 586 4
101.807 52.241 339.281 30 13 19 586 4
240.413 46.563 325.425 1 14 19 569 3
240.413 46.563 325.425 2 14 19 569 3
240.413 46.563 325.425 3 14 19 569 3
240.413 46.563 325.425 4 14 19 569 3
240.413 46.563 325.425 5 14 19 569 3
240.413 46.563 325.425 6 14 19 569 3
240.413 46.563 325.425 7 14 19 569 3
240.413 46.563 325.425 8 14 19 569 3
240.413 46.563 325.425 9 14 19 569 3
240.413 46.563 325.425 10 14 19 569 3
240.413 46.563 325.425 11 14 19 569 3
240.413 46.563 325.425 12 14 19 569 3
240.413 46.563 325.425 13 14 19 569 3
240.413 46.563 325.425 14 14 19 569 3
240.413 46.563 325.425 15 14 19 569 3
240.413 46.563 325.425 16 14 19 569 3
101.807 52.241 339.281 17 14 19 586 4
101.807 52.241 339.281 18 14 19 586 4
101.807 52.241 339.281 19 14 19 586 4
101.807 52.241 339.281 20 14 19 586 4
101.807 52.241 339.281 21 14 19 586 4
101.807 52.241 339.281 22 14 19 586 4
101.807 52.241 339.281 23 14 19 586 4
101.807 52.241 339.281 24 14 19 586 4
101.807 52.241 339.281 25 14 19 586 4
101.807 52.241 339.281 26 14 19 586 4
101.807 52.241 339.281 27 14 19 586 4
101.807 52.241 339.281 28 14 19 586 4
101.807 52.241 339.281 29 14 19 586 4
101.807 52.241 339.281 30 14 19 586 4
240.413 46.563 325.425 1 15 19 569 3
240.413 46.563 325.425 2 15 19 569 3
159.547 125.995 320.024 3 15 19 62 1
159.547 125.995 320.024 4 15 19 62 1
240.413 46.563 325.425 5 15 19 569 3
240.413 46.563 325.425 6 15 19 569 3
240.413 46.563 325.425 7 15 19 569 3
240.413 46.563 325.425 8 15 19 569 3
240.413 46.563 325.425 9 15 19 569 3
240.413 46.563 325.425 10 15 19 569 3
240.413 46.563 325.425 11 15 19 569 3
240.413 46.563 325.425 12 15 19 569 3
101.807 52.241 339.281 13 15 19 586 4
101.807 52.241 339.281 14 15 19 586 4
101.807 52.241 339.281 15 15 19 586 4
101.807 52.241 339.281 16 15 19 586 4
101.807 52.241 339.281 17 15 19 586 4
101.807 52.241 339.281 18 15 19 586 4
101.807 52.241 339.281 19 15 19 586 4
101.807 52.241 339.281 20 15 19 586 4
101.807 52.241 339.281 21 15 19 586 4
101.807 52.241 339.281 22 15 19 586 4
101.807 52.241 339.281 23 15 19 586 4
101.807 52.241 339.281 24 15 19 586 4
101.807 52.241 339.281 25 15 19 586 4
101.807 52.241 339.281 26 15 19 586 4
101.807 52.241 339.281 27 15 19 586 4
101.807 52.241 339.281 28 15 19 586 4
101.807 52.241 339.281 29 15 19 586 4
101.807 52.241 339.281 30 15 19 586 4
240.413 46.563 325.425 1 16 19 569 3
240.413 46.563 325.425 2 16 19 569 3
159.547 125.995 320.024 3 16 19 62 1
159.547 125.995 320.024 4 16 19 62 1
240.413 46.563 325.425 5 16 19 569 3
240.413 46.563 325.425 6 16 19 569 3
240.413 46.563 325.425 7 16 19 569 3
101.807 52.241 339.281 8 16 19 586 4
101.807 52.241 339.281 9 16 19 586 4
101.807 52.241 339.281 10 16 19 586 4
101.807 52.241 339.281 11 16 19 586 4
101.807 52.241 339.281 12 16 19 586 4
101.807 52.241 339.281 13 16 19 586 4
101.807 52.241 339.281 14 16 19 586 4
101.807 52.241 339.281 15 16 19 586 4
101.807 52.241 339.281 16 16 19 586 4
101.807 52.241 339.281 17 16 19 586 4
101.807 52.241 339.281 18 16 19 586 4
101.807 52.241 339.281 19 16 19 586 4
101.807 52.241 339.281 20 16 19 586 4
101.807 52.241 339.281 21 16 19 586 4
101.807 52.241 339.281 22 16 19 586 4
101.807 52.241 339.281 23 16 19 586 4
101.807 52.241 339.281 24 16 19 586 4
101.807 52.241 339.281 25 16 19 586 4
101.807 52.241 339.281 26 16 19 586 4
101.807 52.241 339.281 27 16 19 586 4
101.807 52.241 339.281 28 16 19 586 4
101.807 52.241 339.281 29 16 19 586 4
101.807 52.241 339.281 30 16 19 586 4
100.291 106.222 256.402 1 17 19 112 1
100.291 106.222 256.402 2 17 19 112 1
100.291 106.222 256.402 3 17 19 112 1
101.807 52.241 339.281 4 17 19 586 4
101.807 52.241 339.281 5 17 19 586 4
101.807 52.241 339.281 6 17 19 586 4
101.807 52.241 339.281 7 17 19 586 4
101.807 52.241 339.281 8 17 19 586 4
101.807 52.241 339.281 9 17 19 586 4
101.807 52.241 339.281 10 17 19 586 4
101.807 52.241 339.281 11 17 19 586 4
101.807 52.241 339.281 12 17 19 586 4
101.807 52.241 339.281 13 17 19 586 4
101.807 52.241 339.281 14 17 19 586 4
101.807 52.241 339.281 15 17 19 586 4
101.807 52.241 339.281 16 17 19 586 4
101.807 52.241 339.281 17 17 19 586 4
101.807 52.241 339.281 18 17 19 586 4
101.807 52.241 339.281 19 17 19 586 4
101.807 52.241 339.281 20 17 19 586 4
101.807 52.241 339.281 21 17 19 586 4
101.807 52.241 339.281 22 17 19 586 4
101.807 52.241 339.281 23 17 19 586 4
101.807 52.241 339.281 24 17 19 586 4
101.807 52.241 339.281 25 17 19 586 4
101.807 52.241 339.281 26 17 19 586 4
101.807 52.241 339.281 27 17 19 586 4
101.807 52.241 339.281 28 17 19 586 4
101.807 52.241 339.281 29 17 19 586 4
101.807 52.241 339.281 30 17 19 586 4
100.291 106.222 256.402 1 18 19 112 1
101.807 52.241 339.281 2 18 19 586 4
101.807 52.241 339.281 3 18 19 586 4
101.807 52.241 339.281 4 18 19 586 4
101.807 52.241 339.281 5 18 19 586 4
101.807 52.241 339.281 6 18 19 586 4
101.807 52.241 339.281 7 18 19 586 4
101.807 52.241 339.281 8 18 19 586 4
101.807 52.241 339.281 9 18 19 586 4
101.807 52.241 339.281 10 18 19 586 4
101.807 52.241 339.281 11 18 19 586 4
101.807 52.241 339.281 12 18 19 586 4
101.807 52.241 339.281 13 18 19 586 4
101.807 52.241 339.281 14 18 19 586 4
101.807 52.241 339.281 15 18 19 586 4
101.807 52.241 339.281 16 18 19 586 4
101.807 52.241 339.281 17 18 19 586 4
101.807 52.241 339.281 18 18 19 586 4
101.807 52.241 339.281 19 18 19 586 4
101.807 52.241 339.281 20 18 19 586 4
101.807 52.241 339.281 21 18 19 586 4
101.807 52.241 339.281 22 18 19 586 4
101.807 52.241 339.281 23 18 19 586 4
101.807 52.241 339.281 24 18 19 586 4
101.807 52.241 339.281 25 18 19 586 4
101.807 52.241 339.281 26 18 19 586 4
101.807 52.241 339.281 27 18 19 586 4
101.807 52.241 339.281 28 18 19 586 4
101.807 52.241 339.281 29 18 19 586 4
101.807 52.241 339.281 30 18 19 586 4
101.807 52.241 339.281 1 19 19 586 4
101.807 52.241 339.281 2 19 19 586 4
101.807 52.241 339.281 3 19 19 586 4
101.807 52.241 339.281 4 19 19 586 4
101.807 52.241 339.281 5 19 19 586 4
101.807 52.241 339.281 6 19 19 586 4
101.807 52.241 339.281 7 19 19 586 4
101.807 52.241 339.281 8 19 19 586 4
101.807 52.241 339.281 9 19 19 586 4
101.807 52.241 339.281 10 19 19 586 4
101.807 52.241 339.281 11 19 19 586 4
101.807 52.241 339.281 12 19 19 586 4
101.807 52.241 339.281 13 19 19 586 4
101.807 52.241 339.281 14 19 19 586 4
101.807 52.241 339.281 15 19 19 586 4
101.807 52.241 339.281 16 19 19 586 4
101.807 52.241 339.281 17 19 19 586 4
101.807 52.241 339.281 18 19 19 586 4
101.807 52.241 339.281 19 19 19 586 4
101.807 52.241 339.281 20 19 19 586 4
101.807 52.241 339.281 21 19 19 586 4
101.807 52.241 339.281 22 19 19 586 4
101.807 52.241 339.281 23 19 19 586 4
101.807 52.241 339.281 24 19 19 586 4
101.807 52.241 339.281 25 19 19 586 4
101.807 52.241 339.281 26 19 19 586 4
101.807 52.241 339.281 27 19 19 586 4
101.807 52.241 339.281 28 19 19 586 4
101.807 52.241 339.281 29 19 19 586 4
101.807 52.241 339.281 30 19 19 586 4
101.807 52.241 339.281 1 20 19 586 4
101.807 52.241 339.281 2 20 19 586 4
101.807 52.241 339.281 3 20 19 586 4
101.807 52.241 339.281 4 20 19 586 4
101.807 52.241 339.281 5 20 19 586 4
101.807 52.241 339.281 6 20 19 586 4
101.807 52.241 339.281 7 20 19 586 4
101.807 52.241 339.281 8 20 19 586 4
101.807 52.241 339.281 9 20 19 586 4
101.807 52.241 339.281 10 20 19 586 4
101.807 52.241 339.281 11 20 19 586 4
101.807 52.241 339.281 12 20 19 586 4
101.807 52.241 339.281 13 20 19 586 4
101.807 52.241 339.281 14 20 19 586 4
101.807 52.241 339.281 15 20 19 586 4
101.807 52.241 339.281 16 20 19 586 4
101.807 52.241 339.281 17 20 19 586 4
101.807 52.241 339.281 18 20 19 586 4
101.807 52.241 339.281 19 20 19 586 4
101.807 52.241 339.281 20 20 19 586 4
101.807 52.241 339.281 21 20 19 586 4
101.807 52.241 339.281 22 20 19 586 4
101.807 52.241 339.281 23 20 19 586 4
101.807 52.241 339.281 24 20 19 586 4
101.807 52.241 339.281 25 20 19 586 4
101.807 52.241 339.281 26 20 19 586 4
101.807 52.241 339.281 27 20 19 586 4
101.807 52.241 339.281 28 20 19 586 4
101.807 52.241 339.281 29 20 19 586 4
101.807 52.241 339.281 30 20 19 586 4
101.807 52.241 339.281 1 21 19 586 4
101.807 52.241 339.281 2 21 19 586 4
101.807 52.241 339.281 3 21 19 586 4
101.807 52.241 339.281 4 21 19 586 4
101.807 52.241 339.281 5 21 19 586 4
101.807 52.241 339.281 6 21 19 586 4
101.807 52.241 339.281 7 21 19 586 4
101.807 52.241 339.281 8 21 19 586 4
101.807 52.241 339.281 9 21 19 586 4
101.807 52.241 339.281 10 21 19 586 4
101.807 52.241 339.281 11 21 19 586 4
101.807 52.241 339.281 12 21 19 586 4
101.807 52.241 339.281 13 21 19 586 4
101.807 52.241 339.281 14 21 19 586 4
101.807 52.241 339.281 15 21 19 586 4
101.807 52.241 339.281 16 21 19 586 4
101.807 52.241 339.281 17 21 19 586 4
101.807 52.241 339.281 18 21 19 586 4
101.807 52.241 339.281 19 21 19 586 4
101.807 52.241 339.281 20 21 19 586 4
101.807 52.241 339.281 21 21 19 586 4
101.807 52.241 339.281 22 21 19 586 4
101.807 52.241 339.281 23 21 19 586 4
101.807 52.241 339.281 24 21 19 586 4
101.807 52.241 339.281 25 21 19 586 4
101.807 52.241 339.281 26 21 19 586 4
101.807 52.241 339.281 27 21 19 586 4
101.807 52.241 339.281 28 21 19 586 4
101.807 52.241 339.281 29 21 19 586 4
359.392 81.007 259.773 30 21 19 576 4
101.807 52.241 339.281 1 22 19 586 4
101.807 52.241 339.281 2 22 19 586 4
101.807 52.241 339.281 3 22 19 586 4
101.807 52.241 339.281 4 22 19 586 4
101.807 52.241 339.281 5 22 19 586 4
101.807 52.241 339.281 6 22 19 586 4
101.807 52.241 339.281 7 22 19 586 4
101.807 52.241 339.281 8 22 19 586 4
101.807 52.241 339.281 9 22 19 586 4
101.807 52.241 339.281 10 22 19 586 4
101.807 52.241 339.281 11 22 19 586 4
101.807 52.241 339.281 12 22 19 586 4
101.807 52.241 339.281 13 22 19 586 4
101.807 52.241 339.281 14 22 19 586 4
101.807 52.241 339.281 15 22 19 586 4
101.807 52.241 339.281 16 22 19 586 4
101.807 52.241 339.281 17 22 19 586 4
101.807 52.241 339.281 18 22 19 586 4
101.807 52.241 339.281 19 22 19 586 4
101.807 52.241 339.281 20 22 19 586 4
101.807 52.241 339.281 21 22 19 586 4
101.807 52.241 339.281 22 22 19 586 4
101.807 52.241 339.281 23 22 19 586 4
101.807 52.241 339.281 24 22 19 586 4
101.807 52.241 339.281 25 22 19 586 4
101.807 52.241 339.281 26 22 19 586 4
101.807 52.241 339.281 27 22 19 586 4
82.506 72.834 7.922 28 22 19 308 1
359.392 81.007 259.773 29 22 19 576 4
359.392 81.007 259.773 30 22 19 576 4
101.807 52.241 339.281 1 23 19 586 4
101.807 52.241 339.281 2 23 19 586 4
101.807 52.241 339.281 3 23 19 586 4
101.807 52.241 339.281 4 23 19 586 4
101.807 52.241 339.281 5 23 19 586 4
101.807 52.241 339.281 6 23 19 586 4
101.807 52.241 339.281 7 23 19 586 4
101.807 52.241 339.281 8 23 19 586 4
101.807 52.241 339.281 9 23 19 586 4
101.807 52.241 339.281 10 23 19 586 4
101.807 52.241 339.281 11 23 19 586 4
101.807 52.241 339.281 12 23 19 586 4
101.807 52.241 339.281 13 23 19 586 4
101.807 52.241 339.281 14 23 19 586 4
101.807 52.241 339.281 15 23 19 586 4
101.807 52.241 339.281 16 23 19 586 4
101.807 52.241 339.281 17 23 19 586 4
101.807 52.241 339.281 18 23 19 586 4
101.807 52.241 339.281 19 23 19 586 4
101.807 52.241 339.281 20 23 19 586 4
101.807 52.241 339.281 21 23 19 586 4
101.807 52.241 339.281 22 23 19 586 4
101.807 52.241 339.281 23 23 19 586 4
101.807 52.241 339.281 24 23 19 586 4
115.119 104.305 298.715 25 23 19 506 2
115.119 104.305 298.715 26 23 19 506 2
115.119 104.305 298.715 27 23 19 506 2
82.506 72.834 7.922 28 23 19 308 1
359.392 81.007 259.773 29 23 19 576 4
359.392 81.007 259.773 30 23 19 576 4
101.807 52.241 339.281 1 24 19 586 4
101.807 52.241 339.281 2 24 19 586 4
101.807 52.241 339.281 3 24 19 586 4
101.807 52.241 339.281 4 24 19 586 4
101.807 52.241 339.281 5 24 19 586 4
101.807 52.241 339.281 6 24 19 586 4
101.807 52.241 339.281 7 24 19 586 4
101.807 52.241 339.281 8 24 19 586 4
101.807 52.241 339.281 9 24 19 586 4
101.807 52.241 339.281 10 24 19 586 4
101.807 52.241 339.281 11 24 19 586 4
101.807 52.241 339.281 12 24 19 586 4
101.807 52.241 339.281 13 24 19 586 4
101.807 52.241 339.281 14 24 19 586 4
101.807 52.241 339.281 15 24 19 586 4
101.807 52.241 339.281 16 24 19 586 4
101.807 52.241 339.281 17 24 19 586 4
101.807 52.241 339.281 18 24 19 586 4
101.807 52.241 339.281 19 24 19 586 4
101.807 52.241 339.281 20 24 19 586 4
94.881 109.778 237.073 21 24 19 574 4
101.807 52.241 339.281 22 24 19 586 4
101.807 52.241 339.281 23 24 19 586 4
115.119 104.305 298.715 24 24 19 506 2
115.119 104.305 298.715 25 24 19 506 2
115.119 104.305 298.715 26 24 19 506 2
115.119 104.305 298.715 27 24 19 506 2
115.119 104.305 298.715 28 24 19 506 2
359.392 81.007 259.773 29 24 19 576 4
359.392 81.007 259.773 30 24 19 576 4
101.807 52.241 339.281 1 25 19 586 4
101.807 52.241 339.281 2 25 19 586 4
101.807 52.241 339.281 3 25 19 586 4
101.807 52.241 339.281 4 25 19 586 4
101.807 52.241 339.281 5 25 19 586 4
101.807 52.241 339.281 6 25 19 586 4
101.807 52.241 339.281 7 25 19 586 4
101.807 52.241 339.281 8 25 19 586 4
101.807 52.241 339.281 9 25 19 586 4
101.807 52.241 339.281 10 25 19 586 4
101.807 52.241 339.281 11 25 19 586 4
101.807 52.241 339.281 12 25 19 586 4
269.609 42.032 150.005 13 25 19 153 1
101.807 52.241 339.281 14 25 19 586 4
101.807 52.241 339.281 15 25 19 586 4
101.807 52.241 339.281 16 25 19 586 4
101.807 52.241 339.281 17 25 19 586 4
237.989 31.371 239.129 18 25 19 88 1
237.989 31.371 239.129 19 25 19 88 1
94.881 109.778 237.073 20 25 19 574 4
94.881 109.778 237.073 21 25 19 574 4
94.881 109.778 237.073 22 25 19 574 4
94.881 109.778 237.073 23 25 19 574 4
94.881 109.778 237.073 24 25 19 574 4
115.119 104.305 298.715 25 25 19 506 2
115.119 104.305 298.715 26 25 19 506 2
224.576 56.469 51.818 27 25 19 168 1
115.119 104.305 298.715 28 25 19 506 2
359.392 81.007 259.773 29 25 19 576 4
359.392 81.007 259.773 30 25 19 576 4
101.807 52.241 339.281 1 26 19 586 4
101.807 52.241 339.281 2 26 19 586 4
101.807 52.241 339.281 3 26 19 586 4
101.807 52.241 339.281 4 26 19 586 4
101.807 52.241 339.281 5 26 19 586 4
101.807 52.241 339.281 6 26 19 586 4
101.807 52.241 339.281 7 26 19 586 4
101.807 52.241 339.281 8 26 19 586 4
101.807 52.241 339.281 9 26 19 586 4
101.807 52.241 339.281 10 26 19 586 4
101.807 52.241 339.281 11 26 19 586 4
101.807 52.241 339.281 12 26 19 586 4
269.609 42.032 150.005 13 26 19 153 1
101.807 52.241 339.281 14 26 19 586 4
42.336 56.663 218.329 15 26 19 578 4
42.336 56.663 218.329 16 26 19 578 4
237.989 31.371 239.129 17 26 19 88 1
237.989 31.371 239.129 18 26 19 88 1
237.989 31.371 239.129 19 26 19 88 1
94.881 109.778 237.073 20 26 19 574 4
94.881 109.778 237.073 21 26 19 574 4
94.881 109.778 237.073 22 26 19 574 4
94.881 109.778 237.073 23 26 19 574 4
94.881 109.778 237.073 24 26 19 574 4
224.576 56.469 51.818 25 26 19 168 1
224.576 56.469 51.818 26 26 19 168 1
224.576 56.469 51.818 27 26 19 168 1
359.392 81.007 259.773 28 26 19 576 4
359.392 81.007 259.773 29 26 19 576 4
359.392 81.007 259.773 30 26 19 576 4
204.844 119.627 193.244 1 27 19 474 2
204.844 119.627 193.244 2 27 19 474 2
204.844 119.627 193.244 3 27 19 474 2
204.844 119.627 193.244 4 27 19 474 2
204.844 119.627 193.244 5 27 19 474 2
204.844 119.627 193.244 6 27 19 474 2
101.807 52.241 339.281 7 27 19 586 4
222.830 79.787 208.465 8 27 19 484 2
222.830 79.787 208.465 9 27 19 484 2
222.830 79.787 208.465 10 27 19 484 2
222.830 79.787 208.465 11 27 19 484 2
42.336 56.663 218.329 12 27 19 578 4
42.336 56.663 218.329 13 27 19 578 4
42.336 56.663 218.329 14 27 19 578 4
42.336 56.663 218.329 15 27 19 578 4
42.336 56.663 218.329 16 27 19 578 4
237.989 31.371 239.129 17 27 19 88 1
30.521 78.833 228.403 18 27 19 577 4
30.521 78.833 228.403 19 27 19 577 4
30.521 78.833 228.403 20 27 19 577 4
94.881 109.778 237.073 21 27 19 574 4
94.881 109.778 237.073 22 27 19 574 4
94.881 109.778 237.073 23 27 19 574 4
94.881 109.778 237.073 24 27 19 574 4
8.483 40.734 148.797 25 27 19 184 1
224.576 56.469 51.818 26 27 19 168 1
224.576 56.469 51.818 27 27 19 168 1
359.392 81.007 259.773 28 27 19 576 4
359.392 81.007 259.773 29 27 19 576 4
359.392 81.007 259.773 30 27 19 576 4
204.844 119.627 193.244 1 28 19 474 2
204.844 119.627 193.244 2 28 19 474 2
204.844 119.627 193.244 3 28 19 474 2
204.844 119.627 193.244 4 28 19 474 2
204.844 119.627 193.244 5 28 19 474 2
204.844 119.627 193.244 6 28 19 474 2
31.760 16.770 223.195 7 28 19 562 2
222.830 79.787 208.465 8 28 19 484 2
222.830 79.787 208.465 9 28 19 484 2
222.830 79.787 208.465 10 28 19 484 2
222.830 79.787 208.465 11 28 19 484 2
42.336 56.663 218.329 12 28 19 578 4
42.336 56.663 218.329 13 28 19 578 4
42.336 56.663 218.329 14 28 19 578 4
40.835 147.981 298.667 15 28 19 620 2
40.835 147.981 298.667 16 28 19 620 2
30.521 78.833 228.403 17 28 19 577 4
30.521 78.833 228.403 18 28 19 577 4
30.521 78.833 228.403 19 28 19 577 4
30.521 78.833 228.403 20 28 19 577 4
30.521 78.833 228.403 21 28 19 577 4
94.881 109.778 237.073 22 28 19 574 4
94.881 109.778 237.073 23 28 19 574 4
94.881 109.778 237.073 24 28 19 574 4
8.483 40.734 148.797 25 28 19 184 1
8.483 40.734 148.797 26 28 19 184 1
359.392 81.007 259.773 27 28 19 576 4
359.392 81.007 259.773 28 28 19 576 4
359.392 81.007 259.773 29 28 19 576 4
359.392 81.007 259.773 30 28 19 576 4
204.844 119.627 193.244 1 29 19 474 2
204.844 119.627 193.244 2 29 19 474 2
204.844 119.627 193.244 3 29 19 474 2
204.844 119.627 193.244 4 29 19 474 2
204.844 119.627 193.244 5 29 19 474 2
31.760 16.770 223.195 6 29 19 562 2
31.760 16.770 223.195 7 29 19 562 2
222.830 79.787 208.465 8 29 19 484 2
222.830 79.787 208.465 9 29 19 484 2
222.830 79.787 208.465 10 29 19 484 2
222.830 79.787 208.465 11 29 19 484 2
222.830 79.787 208.465 12 29 19 484 2
21.437 104.053 337.191 13 29 19 383 1
21.437 104.053 337.191 14 29 19 383 1
40.835 147.981 298.667 15 29 19 620 2
40.835 147.981 298.667 16 29 19 620 2
30.521 78.833 228.403 17 29 19 577 4
30.521 78.833 228.403 18 29 19 577 4
30.521 78.833 228.403 19 29 19 577 4
30.521 78.833 228.403 20 29 19 577 4
30.521 78.833 228.403 21 29 19 577 4
30.521 78.833 228.403 22 29 19 577 4
359.392 81.007 259.773 23 29 19 576 4
359.392 81.007 259.773 24 29 19 576 4
359.392 81.007 259.773 25 29 19 576 4
359.392 81.007 259.773 26 29 19 576 4
359.392 81.007 259.773 27 29 19 576 4
359.392 81.007 259.773 28 29 19 576 4
359.392 81.007 259.773 29 29 19 576 4
359.392 81.007 259.773 30 29 19 576 4
204.844 119.627 193.244 1 30 19 474 2
204.844 119.627 193.244 2 30 19 474 2
204.844 119.627 193.244 3 30 19 474 2
204.844 119.627 193.244 4 30 19 474 2
204.844 119.627 193.244 5 30 19 474 2
31.760 16.770 223.195 6 30 19 562 2
31.760 16.770 223.195 7 30 19 562 2
31.760 16.770 223.195 8 30 19 562 2
222.830 79.787 208.465 9 30 19 484 2
222.830 79.787 208.465 10 30 19 484 2
222.830 79.787 208.465 11 30 19 484 2
222.830 79.787 208.465 12 30 19 484 2
21.437 104.053 337.191 13 30 19 383 1
21.437 104.053 337.191 14 30 19 383 1
21.437 104.053 337.191 15 30 19 383 1
21.437 104.053 337.191 16 30 19 383 1
30.521 78.833 228.403 17 30 19 577 4
30.521 78.833 228.403 18 30 19 577 4
30.521 78.833 228.403 19 30 19 577 4
30.521 78.833 228.403 20 30 19 577 4
30.521 78.833 228.403 21 30 19 577 4
30.521 78.833 228.403 22 30 19 577 4
359.392 81.007 259.773 23 30 19 576 4
359.392 81.007 259.773 24 30 19 576 4
359.392 81.007 259.773 25 30 19 576 4
359.392 81.007 259.773 26 30 19 576 4
116.274 117.802 233.237 27 30 19 116 1
359.392 81.007 259.773 28 30 19 576 4
359.392 81.007 259.773 29 30 19 576 4
359.392 81.007 259.773 30 30 19 576 4
