240.413 46.563 325.425 1 1 12 569 3
240.413 46.563 325.425 2 1 12 569 3
240.413 46.563 325.425 3 1 12 569 3
240.413 46.563 325.425 4 1 12 569 3
240.413 46.563 325.425 5 1 12 569 3
240.413 46.563 325.425 6 1 12 569 3
240.413 46.563 325.425 7 1 12 569 3
240.413 46.563 325.425 8 1 12 569 3
240.413 46.563 325.425 9 1 12 569 3
240.413 46.563 325.425 10 1 12 569 3
240.413 46.563 325.425 11 1 12 569 3
240.413 46.563 325.425 12 1 12 569 3
240.413 46.563 325.425 13 1 12 569 3
240.413 46.563 325.425 14 1 12 569 3
240.413 46.563 325.425 15 1 12 569 3
240.413 46.563 325.425 16 1 12 569 3
240.413 46.563 325.425 17 1 12 569 3
240.413 46.563 325.425 18 1 12 569 3
240.413 46.563 325.425 19 1 12 569 3
240.413 46.563 325.425 20 1 12 569 3
240.413 46.563 325.425 21 1 12 569 3
240.413 46.563 325.425 22 1 12 569 3
240.413 46.563 325.425 23 1 12 569 3
240.413 46.563 325.425 24 1 12 569 3
240.413 46.563 325.425 25 1 12 569 3
240.413 46.563 325.425 26 1 12 569 3
240.413 46.563 325.425 27 1 12 569 3
240.413 46.563 325.425 28 1 12 569 3
240.413 46.563 325.425 29 1 12 569 3
232.745 30.040 243.115 30 1 12 421 1
240.413 46.563 325.425 1 2 12 569 3
240.413 46.563 325.425 2 2 12 569 3
240.413 46.563 325.425 3 2 12 569 3
240.413 46.563 325.425 4 2 12 569 3
240.413 46.563 325.425 5 2 12 569 3
240.413 46.563 325.425 6 2 12 569 3
240.413 46.563 325.425 7 2 12 569 3
240.413 46.563 325.425 8 2 12 569 3
240.413 46.563 325.425 9 2 12 569 3
240.413 46.563 325.425 10 2 12 569 3
240.413 46.563 325.425 11 2 12 569 3
240.413 46.563 325.425 12 2 12 569 3
240.413 46.563 325.425 13 2 12 569 3
240.413 46.563 325.425 14 2 12 569 3
240.413 46.563 325.425 15 2 12 569 3
240.413 46.563 325.425 16 2 12 569 3
240.413 46.563 325.425 17 2 12 569 3
240.413 46.563 325.425 18 2 12 569 3
240.413 46.563 325.425 19 2 12 569 3
240.413 46.563 325.425 20 2 12 569 3
240.413 46.563 325.425 21 2 12 569 3
240.413 46.563 325.425 22 2 12 569 3
240.413 46.563 325.425 23 2 12 569 3
240.413 46.563 325.425 24 2 12 569 3
240.413 46.563 325.425 25 2 12 569 3
240.413 46.563 325.425 26 2 12 569 3
240.413 46.563 325.425 27 2 12 569 3
240.413 46.563 325.425 28 2 12 569 3
240.413 46.563 325.425 29 2 12 569 3
343.715 172.801 309.927 30 2 12 98 1
240.413 46.563 325.425 1 3 12 569 3
240.413 46.563 325.425 2 3 12 569 3
240.413 46.563 325.425 3 3 12 569 3
240.413 46.563 325.425 4 3 12 569 3
240.413 46.563 325.425 5 3 12 569 3
240.413 46.563 325.425 6 3 12 569 3
240.413 46.563 325.425 7 3 12 569 3
240.413 46.563 325.425 8 3 12 569 3
240.413 46.563 325.425 9 3 12 569 3
240.413 46.563 325.425 10 3 12 569 3
240.413 46.563 325.425 11 3 12 569 3
240.413 46.563 325.425 12 3 12 569 3
240.413 46.563 325.425 13 3 12 569 3
240.413 46.563 325.425 14 3 12 569 3
240.413 46.563 325.425 15 3 12 569 3
240.413 46.563 325.425 16 3 12 569 3
240.413 46.563 325.425 17 3 12 569 3
240.413 46.563 325.425 18 3 12 569 3
240.413 46.563 325.425 19 3 12 569 3
240.413 46.563 325.425 20 3 12 569 3
240.413 46.563 325.425 21 3 12 569 3
240.413 46.563 325.425 22 3 12 569 3
240.413 46.563 325.425 23 3 12 569 3
240.413 46.563 325.425 24 3 12 569 3
240.413 46.563 325.425 25 3 12 569 3
240.413 46.563 325.425 26 3 12 569 3
240.413 46.563 325.425 27 3 12 569 3
240.413 46.563 325.425 28 3 12 569 3
240.413 46.563 325.425 29 3 12 569 3
232.745 30.040 243.115 30 3 12 421 1
240.413 46.563 325.425 1 4 12 569 3
240.413 46.563 325.425 2 4 12 569 3
240.413 46.563 325.425 3 4 12 569 3
240.413 46.563 325.425 4 4 12 569 3
240.413 46.563 325.425 5 4 12 569 3
240.413 46.563 325.425 6 4 12 569 3
240.413 46.563 325.425 7 4 12 569 3
240.413 46.563 325.425 8 4 12 569 3
240.413 46.563 325.425 9 4 12 569 3
240.413 46.563 325.425 10 4 12 569 3
240.413 46.563 325.425 11 4 12 569 3
240.413 46.563 325.425 12 4 12 569 3
240.413 46.563 325.425 13 4 12 569 3
240.413 46.563 325.425 14 4 12 569 3
240.413 46.563 325.425 15 4 12 569 3
240.413 46.563 325.425 16 4 12 569 3
240.413 46.563 325.425 17 4 12 569 3
240.413 46.563 325.425 18 4 12 569 3
240.413 46.563 325.425 19 4 12 569 3
240.413 46.563 325.425 20 4 12 569 3
240.413 46.563 325.425 21 4 12 569 3
240.413 46.563 325.425 22 4 12 569 3
240.413 46.563 325.425 23 4 12 569 3
173.845 46.365 104.161 24 4 12 161 1
240.413 46.563 325.425 25 4 12 569 3
240.413 46.563 325.425 26 4 12 569 3
240.413 46.563 325.425 27 4 12 569 3
240.413 46.563 325.425 28 4 12 569 3
240.413 46.563 325.425 29 4 12 569 3
240.413 46.563 325.425 30 4 12 569 3
240.413 46.563 325.425 1 5 12 569 3
240.413 46.563 325.425 2 5 12 569 3
240.413 46.563 325.425 3 5 12 569 3
240.413 46.563 325.425 4 5 12 569 3
240.413 46.563 325.425 5 5 12 569 3
240.413 46.563 325.425 6 5 12 569 3
240.413 46.563 325.425 7 5 12 569 3
240.413 46.563 325.425 8 5 12 569 3
240.413 46.563 325.425 9 5 12 569 3
240.413 46.563 325.425 10 5 12 569 3
240.413 46.563 325.425 11 5 12 569 3
240.413 46.563 325.425 12 5 12 569 3
240.413 46.563 325.425 13 5 12 569 3
240.413 46.563 325.425 14 5 12 569 3
240.413 46.563 325.425 15 5 12 569 3
240.413 46.563 325.425 16 5 12 569 3
240.413 46.563 325.425 17 5 12 569 3
240.413 46.563 325.425 18 5 12 569 3
240.413 46.563 325.425 19 5 12 569 3
240.413 46.563 325.425 20 5 12 569 3
240.413 46.563 325.425 21 5 12 569 3
240.413 46.563 325.425 22 5 12 569 3
240.413 46.563 325.425 23 5 12 569 3
240.413 46.563 325.425 24 5 12 569 3
240.413 46.563 325.425 25 5 12 569 3
240.413 46.563 325.425 26 5 12 569 3
240.413 46.563 325.425 27 5 12 569 3
240.413 46.563 325.425 28 5 12 569 3
240.413 46.563 325.425 29 5 12 569 3
240.413 46.563 325.425 30 5 12 569 3
240.413 46.563 325.425 1 6 12 569 3
240.413 46.563 325.425 2 6 12 569 3
240.413 46.563 325.425 3 6 12 569 3
240.413 46.563 325.425 4 6 12 569 3
240.413 46.563 325.425 5 6 12 569 3
240.413 46.563 325.425 6 6 12 569 3
240.413 46.563 325.425 7 6 12 569 3
240.413 46.563 325.425 8 6 12 569 3
240.413 46.563 325.425 9 6 12 569 3
240.413 46.563 325.425 10 6 12 569 3
240.413 46.563 325.425 11 6 12 569 3
240.413 46.563 325.425 12 6 12 569 3
240.413 46.563 325.425 13 6 12 569 3
240.413 46.563 325.425 14 6 12 569 3
240.413 46.563 325.425 15 6 12 569 3
240.413 46.563 325.425 16 6 12 569 3
240.413 46.563 325.425 17 6 12 569 3
158.118 73.687 0.088 18 6 12 322 1
240.413 46.563 325.425 19 6 12 569 3
240.413 46.563 325.425 20 6 12 569 3
240.413 46.563 325.425 21 6 12 569 3
240.413 46.563 325.425 22 6 12 569 3
240.413 46.563 325.425 23 6 12 569 3
257.193 150.027 31.138 24 6 12 22 1
240.413 46.563 325.425 25 6 12 569 3
240.413 46.563 325.425 26 6 12 569 3
240.413 46.563 325.425 27 6 12 569 3
240.413 46.563 325.425 28 6 12 569 3
240.413 46.563 325.425 29 6 12 569 3
240.413 46.563 325.425 30 6 12 569 3
240.413 46.563 325.425 1 7 12 569 3
240.413 46.563 325.425 2 7 12 569 3
240.413 46.563 325.425 3 7 12 569 3
240.413 46.563 325.425 4 7 12 569 3
240.413 46.563 325.425 5 7 12 569 3
240.413 46.563 325.425 6 7 12 569 3
240.413 46.563 325.425 7 7 12 569 3
240.413 46.563 325.425 8 7 12 569 3
240.413 46.563 325.425 9 7 12 569 3
240.413 46.563 325.425 10 7 12 569 3
240.413 46.563 325.425 11 7 12 569 3
240.413 46.563 325.425 12 7 12 569 3
240.413 46.563 325.425 13 7 12 569 3
240.413 46.563 325.425 14 7 12 569 3
240.413 46.563 325.425 15 7 12 569 3
240.413 46.563 325.425 16 7 12 569 3
240.413 46.563 325.425 17 7 12 569 3
240.413 46.563 325.425 18 7 12 569 3
240.413 46.563 325.425 19 7 12 569 3
240.413 46.563 325.425 20 7 12 569 3
240.413 46.563 325.425 21 7 12 569 3
240.413 46.563 325.425 22 7 12 569 3
240.413 46.563 325.425 23 7 12 569 3
240.413 46.563 325.425 24 7 12 569 3
240.413 46.563 325.425 25 7 12 569 3
158.053 111.634 195.323 26 7 12 422 1
240.413 46.563 325.425 27 7 12 569 3
240.413 46.563 325.425 28 7 12 569 3
240.413 46.563 325.425 29 7 12 569 3
240.413 46.563 325.425 30 7 12 569 3
240.413 46.563 325.425 1 8 12 569 3
240.413 46.563 325.425 2 8 12 569 3
240.413 46.563 325.425 3 8 12 569 3
240.413 46.563 325.425 4 8 12 569 3
240.413 46.563 325.425 5 8 12 569 3
240.413 46.563 325.425 6 8 12 569 3
240.413 46.563 325.425 7 8 12 569 3
240.413 46.563 325.425 8 8 12 569 3
240.413 46.563 325.425 9 8 12 569 3
50.051 59.990 316.492 10 8 12 534 2
240.413 46.563 325.425 11 8 12 569 3
240.413 46.563 325.425 12 8 12 569 3
240.413 46.563 325.425 13 8 12 569 3
202.123 79.896 330.972 14 8 12 39 1
240.413 46.563 325.425 15 8 12 569 3
79.554 64.576 133.972 16 8 12 345 1
240.413 46.563 325.425 17 8 12 569 3
240.413 46.563 325.425 18 8 12 569 3
240.413 46.563 325.425 19 8 12 569 3
240.413 46.563 325.425 20 8 12 569 3
240.413 46.563 325.425 21 8 12 569 3
240.413 46.563 325.425 22 8 12 569 3
240.413 46.563 325.425 23 8 12 569 3
79.768 150.693 266.085 24 8 12 169 1
240.413 46.563 325.425 25 8 12 569 3
192.564 38.683 107.971 26 8 12 357 1
240.413 46.563 325.425 27 8 12 569 3
240.413 46.563 325.425 28 8 12 569 3
240.413 46.563 325.425 29 8 12 569 3
240.413 46.563 325.425 30 8 12 569 3
240.413 46.563 325.425 1 9 12 569 3
240.413 46.563 325.425 2 9 12 569 3
240.413 46.563 325.425 3 9 12 569 3
240.413 46.563 325.425 4 9 12 569 3
240.413 46.563 325.425 5 9 12 569 3
240.413 46.563 325.425 6 9 12 569 3
240.413 46.563 325.425 7 9 12 569 3
240.413 46.563 325.425 8 9 12 569 3
240.413 46.563 325.425 9 9 12 569 3
240.413 46.563 325.425 10 9 12 569 3
240.413 46.563 325.425 11 9 12 569 3
240.413 46.563 325.425 12 9 12 569 3
240.413 46.563 325.425 13 9 12 569 3
240.413 46.563 325.425 14 9 12 569 3
240.413 46.563 325.425 15 9 12 569 3
240.413 46.563 325.425 16 9 12 569 3
240.413 46.563 325.425 17 9 12 569 3
240.413 46.563 325.425 18 9 12 569 3
240.413 46.563 325.425 19 9 12 569 3
240.413 46.563 325.425 20 9 12 569 3
240.413 46.563 325.425 21 9 12 569 3
240.413 46.563 325.425 22 9 12 569 3
240.413 46.563 325.425 23 9 12 569 3
240.413 46.563 325.425 24 9 12 569 3
240.413 46.563 325.425 25 9 12 569 3
158.053 111.634 195.323 26 9 12 422 1
240.413 46.563 325.425 27 9 12 569 3
240.413 46.563 325.425 28 9 12 569 3
240.413 46.563 325.425 29 9 12 569 3
240.413 46.563 325.425 30 9 12 569 3
240.413 46.563 325.425 1 10 12 569 3
240.413 46.563 325.425 2 10 12 569 3
240.413 46.563 325.425 3 10 12 569 3
240.413 46.563 325.425 4 10 12 569 3
240.413 46.563 325.425 5 10 12 569 3
240.413 46.563 325.425 6 10 12 569 3
240.413 46.563 325.425 7 10 12 569 3
240.413 46.563 325.425 8 10 12 569 3
240.413 46.563 325.425 9 10 12 569 3
240.413 46.563 325.425 10 10 12 569 3
240.413 46.563 325.425 11 10 12 569 3
240.413 46.563 325.425 12 10 12 569 3
240.413 46.563 325.425 13 10 12 569 3
240.413 46.563 325.425 14 10 12 569 3
84.572 135.483 280.862 15 10 12 348 1
240.413 46.563 325.425 16 10 12 569 3
240.413 46.563 325.425 17 10 12 569 3
240.413 46.563 325.425 18 10 12 569 3
240.413 46.563 325.425 19 10 12 569 3
240.413 46.563 325.425 20 10 12 569 3
240.413 46.563 325.425 21 10 12 569 3
240.413 46.563 325.425 22 10 12 569 3
240.413 46.563 325.425 23 10 12 569 3
134.030 139.010 49.831 24 10 12 433 1
240.413 46.563 325.425 25 10 12 569 3
240.413 46.563 325.425 26 10 12 569 3
240.413 46.563 325.425 27 10 12 569 3
240.413 46.563 325.425 28 10 12 569 3
240.413 46.563 325.425 29 10 12 569 3
240.413 46.563 325.425 30 10 12 569 3
38.553 161.159 61.399 1 11 12 571 4
240.413 46.563 325.425 2 11 12 569 3
240.413 46.563 325.425 3 11 12 569 3
240.413 46.563 325.425 4 11 12 569 3
240.413 46.563 325.425 5 11 12 569 3
240.413 46.563 325.425 6 11 12 569 3
240.413 46.563 325.425 7 11 12 569 3
240.413 46.563 325.425 8 11 12 569 3
240.413 46.563 325.425 9 11 12 569 3
240.413 46.563 325.425 10 11 12 569 3
240.413 46.563 325.425 11 11 12 569 3
240.413 46.563 325.425 12 11 12 569 3
240.413 46.563 325.425 13 11 12 569 3
240.413 46.563 325.425 14 11 12 569 3
240.413 46.563 325.425 15 11 12 569 3
240.413 46.563 325.425 16 11 12 569 3
240.413 46.563 325.425 17 11 12 569 3
240.413 46.563 325.425 18 11 12 569 3
240.413 46.563 325.425 19 11 12 569 3
240.413 46.563 325.425 20 11 12 569 3
240.413 46.563 325.425 21 11 12 569 3
240.413 46.563 325.425 22 11 12 569 3
240.413 46.563 325.425 23 11 12 569 3
240.413 46.563 325.425 24 11 12 569 3
240.413 46.563 325.425 25 11 12 569 3
240.413 46.563 325.425 26 11 12 569 3
240.413 46.563 325.425 27 11 12 569 3
240.413 46.563 325.425 28 11 12 569 3
240.413 46.563 325.425 29 11 12 569 3
75.153 84.518 115.262 30 11 12 575 4
38.553 161.159 61.399 1 12 12 571 4
38.553 161.159 61.399 2 12 12 571 4
38.553 161.159 61.399 3 12 12 571 4
240.413 46.563 325.425 4 12 12 569 3
240.413 46.563 325.425 5 12 12 569 3
240.413 46.563 325.425 6 12 12 569 3
240.413 46.563 325.425 7 12 12 569 3
240.413 46.563 325.425 8 12 12 569 3
240.413 46.563 325.425 9 12 12 569 3
240.413 46.563 325.425 10 12 12 569 3
240.413 46.563 325.425 11 12 12 569 3
240.413 46.563 325.425 12 12 12 569 3
240.413 46.563 325.425 13 12 12 569 3
240.413 46.563 325.425 14 12 12 569 3
240.413 46.563 325.425 15 12 12 569 3
240.413 46.563 325.425 16 12 12 569 3
240.413 46.563 325.425 17 12 12 569 3
240.413 46.563 325.425 18 12 12 569 3
240.413 46.563 325.425 19 12 12 569 3
240.413 46.563 325.425 20 12 12 569 3
240.413 46.563 325.425 21 12 12 569 3
240.413 46.563 325.425 22 12 12 569 3
240.413 46.563 325.425 23 12 12 569 3
200.494 108.137 20.990 24 12 12 100 1
18.238 106.074 269.927 25 12 12 279 1
240.413 46.563 325.425 26 12 12 569 3
240.413 46.563 325.425 27 12 12 569 3
240.413 46.563 325.425 28 12 12 569 3
75.153 84.518 115.262 29 12 12 575 4
75.153 84.518 115.262 30 12 12 575 4
38.553 161.159 61.399 1 13 12 571 4
38.553 161.159 61.399 2 13 12 571 4
38.553 161.159 61.399 3 13 12 571 4
38.553 161.159 61.399 4 13 12 571 4
38.553 161.159 61.399 5 13 12 571 4
240.413 46.563 325.425 6 13 12 569 3
240.413 46.563 325.425 7 13 12 569 3
240.413 46.563 325.425 8 13 12 569 3
240.413 46.563 325.425 9 13 12 569 3
240.413 46.563 325.425 10 13 12 569 3
240.413 46.563 325.425 11 13 12 569 3
240.413 46.563 325.425 12 13 12 569 3
240.413 46.563 325.425 13 13 12 569 3
240.413 46.563 325.425 14 13 12 569 3
240.413 46.563 325.425 15 13 12 569 3
240.413 46.563 325.425 16 13 12 569 3
240.413 46.563 325.425 17 13 12 569 3
240.413 46.563 325.425 18 13 12 569 3
240.413 46.563 325.425 19 13 12 569 3
240.413 46.563 325.425 20 13 12 569 3
240.413 46.563 325.425 21 13 12 569 3
240.413 46.563 325.425 22 13 12 569 3
240.413 46.563 325.425 23 13 12 569 3
240.413 46.563 325.425 24 13 12 569 3
18.238 106.074 269.927 25 13 12 279 1
18.238 106.074 269.927 26 13 12 279 1
240.413 46.563 325.425 27 13 12 569 3
75.153 84.518 115.262 28 13 12 575 4
75.153 84.518 115.262 29 13 12 575 4
75.153 84.518 115.262 30 13 12 575 4
38.553 161.159 61.399 1 14 12 571 4
38.553 161.159 61.399 2 14 12 571 4
38.553 161.159 61.399 3 14 12 571 4
38.553 161.159 61.399 4 14 12 571 4
38.553 161.159 61.399 5 14 12 571 4
38.553 161.159 61.399 6 14 12 571 4
240.413 46.563 325.425 7 14 12 569 3
240.413 46.563 325.425 8 14 12 569 3
240.413 46.563 325.425 9 14 12 569 3
240.413 46.563 325.425 10 14 12 569 3
240.413 46.563 325.425 11 14 12 569 3
240.413 46.563 325.425 12 14 12 569 3
240.413 46.563 325.425 13 14 12 569 3
240.413 46.563 325.425 14 14 12 569 3
240.413 46.563 325.425 15 14 12 569 3
240.413 46.563 325.425 16 14 12 569 3
240.413 46.563 325.425 17 14 12 569 3
240.413 46.563 325.425 18 14 12 569 3
240.413 46.563 325.425 19 14 12 569 3
240.413 46.563 325.425 20 14 12 569 3
240.413 46.563 325.425 21 14 12 569 3
240.413 46.563 325.425 22 14 12 569 3
240.413 46.563 325.425 23 14 12 569 3
240.413 46.563 325.425 24 14 12 569 3
240.413 46.563 325.425 25 14 12 569 3
240.413 46.563 325.425 26 14 12 569 3
240.413 46.563 325.425 27 14 12 569 3
120.175 156.005 189.731 28 14 12 64 1
75.153 84.518 115.262 29 14 12 575 4
75.153 84.518 115.262 30 14 12 575 4
38.553 161.159 61.399 1 15 12 571 4
38.553 161.159 61.399 2 15 12 571 4
38.553 161.159 61.399 3 15 12 571 4
38.553 161.159 61.399 4 15 12 571 4
38.553 161.159 61.399 5 15 12 571 4
38.553 161.159 61.399 6 15 12 571 4
38.553 161.159 61.399 7 15 12 571 4
38.553 161.159 61.399 8 15 12 571 4
240.413 46.563 325.425 9 15 12 569 3
240.413 46.563 325.425 10 15 12 569 3
240.413 46.563 325.425 11 15 12 569 3
240.413 46.563 325.425 12 15 12 569 3
240.413 46.563 325.425 13 15 12 569 3
240.413 46.563 325.425 14 15 12 569 3
240.413 46.563 325.425 15 15 12 569 3
240.413 46.563 325.425 16 15 12 569 3
240.413 46.563 325.425 17 15 12 569 3
240.413 46.563 325.425 18 15 12 569 3
240.413 46.563 325.425 19 15 12 569 3
240.413 46.563 325.425 20 15 12 569 3
240.413 46.563 325.425 21 15 12 569 3
240.413 46.563 325.425 22 15 12 569 3
240.413 46.563 325.425 23 15 12 569 3
240.413 46.563 325.425 24 15 12 569 3
240.413 46.563 325.425 25 15 12 569 3
240.413 46.563 325.425 26 15 12 569 3
101.807 52.241 339.281 27 15 12 586 4
120.175 156.005 189.731 28 15 12 64 1
359.392 81.007 259.773 29 15 12 576 4
359.392 81.007 259.773 30 15 12 576 4
38.553 161.159 61.399 1 16 12 571 4
38.553 161.159 61.399 2 16 12 571 4
38.553 161.159 61.399 3 16 12 571 4
38.553 161.159 61.399 4 16 12 571 4
38.553 161.159 61.399 5 16 12 571 4
38.553 161.159 61.399 6 16 12 571 4
38.553 161.159 61.399 7 16 12 571 4
38.553 161.159 61.399 8 16 12 571 4
38.553 161.159 61.399 9 16 12 571 4
240.413 46.563 325.425 10 16 12 569 3
240.413 46.563 325.425 11 16 12 569 3
240.413 46.563 325.425 12 16 12 569 3
240.413 46.563 325.425 13 16 12 569 3
240.413 46.563 325.425 14 16 12 569 3
240.413 46.563 325.425 15 16 12 569 3
240.413 46.563 325.425 16 16 12 569 3
240.413 46.563 325.425 17 16 12 569 3
240.413 46.563 325.425 18 16 12 569 3
240.413 46.563 325.425 19 16 12 569 3
240.413 46.563 325.425 20 16 12 569 3
240.413 46.563 325.425 21 16 12 569 3
84.069 132.821 130.499 22 16 12 83 1
101.807 52.241 339.281 23 16 12 586 4
101.807 52.241 339.281 24 16 12 586 4
101.807 52.241 339.281 25 16 12 586 4
101.807 52.241 339.281 26 16 12 586 4
101.807 52.241 339.281 27 16 12 586 4
101.807 52.241 339.281 28 16 12 586 4
359.392 81.007 259.773 29 16 12 576 4
359.392 81.007 259.773 30 16 12 576 4
38.553 161.159 61.399 1 17 12 571 4
38.553 161.159 61.399 2 17 12 571 4
38.553 161.159 61.399 3 17 12 571 4
38.553 161.159 61.399 4 17 12 571 4
38.553 161.159 61.399 5 17 12 571 4
38.553 161.159 61.399 6 17 12 571 4
38.553 161.159 61.399 7 17 12 571 4
38.553 161.159 61.399 8 17 12 571 4
38.553 161.159 61.399 9 17 12 571 4
168.754 73.641 209.994 10 17 12 517 2
168.754 73.641 209.994 11 17 12 517 2
240.413 46.563 325.425 12 17 12 569 3
240.413 46.563 325.425 13 17 12 569 3
240.413 46.563 325.425 14 17 12 569 3
240.413 46.563 325.425 15 17 12 569 3
240.413 46.563 325.425 16 17 12 569 3
101.807 52.241 339.281 17 17 12 586 4
101.807 52.241 339.281 18 17 12 586 4
101.807 52.241 339.281 19 17 12 586 4
101.807 52.241 339.281 20 17 12 586 4
101.807 52.241 339.281 21 17 12 586 4
101.807 52.241 339.281 22 17 12 586 4
101.807 52.241 339.281 23 17 12 586 4
101.807 52.241 339.281 24 17 12 586 4
101.807 52.241 339.281 25 17 12 586 4
101.807 52.241 339.281 26 17 12 586 4
101.807 52.241 339.281 27 17 12 586 4
101.807 52.241 339.281 28 17 12 586 4
359.392 81.007 259.773 29 17 12 576 4
359.392 81.007 259.773 30 17 12 576 4
38.553 161.159 61.399 1 18 12 571 4
38.553 161.159 61.399 2 18 12 571 4
38.553 161.159 61.399 3 18 12 571 4
105.004 86.261 332.353 4 18 12 278 1
38.553 161.159 61.399 5 18 12 571 4
38.553 161.159 61.399 6 18 12 571 4
38.553 161.159 61.399 7 18 12 571 4
38.553 161.159 61.399 8 18 12 571 4
168.754 73.641 209.994 9 18 12 517 2
168.754 73.641 209.994 10 18 12 517 2
168.754 73.641 209.994 11 18 12 517 2
101.807 52.241 339.281 12 18 12 586 4
101.807 52.241 339.281 13 18 12 586 4
101.807 52.241 339.281 14 18 12 586 4
101.807 52.241 339.281 15 18 12 586 4
101.807 52.241 339.281 16 18 12 586 4
101.807 52.241 339.281 17 18 12 586 4
101.807 52.241 339.281 18 18 12 586 4
101.807 52.241 339.281 19 18 12 586 4
101.807 52.241 339.281 20 18 12 586 4
101.807 52.241 339.281 21 18 12 586 4
101.807 52.241 339.281 22 18 12 586 4
101.807 52.241 339.281 23 18 12 586 4
101.807 52.241 339.281 24 18 12 586 4
101.807 52.241 339.281 25 18 12 586 4
101.807 52.241 339.281 26 18 12 586 4
101.807 52.241 339.281 27 18 12 586 4
359.392 81.007 259.773 28 18 12 576 4
359.392 81.007 259.773 29 18 12 576 4
359.392 81.007 259.773 30 18 12 576 4
38.553 161.159 61.399 1 19 12 571 4
38.553 161.159 61.399 2 19 12 571 4
38.553 161.159 61.399 3 19 12 571 4
38.553 161.159 61.399 4 19 12 571 4
38.553 161.159 61.399 5 19 12 571 4
38.553 161.159 61.399 6 19 12 571 4
38.553 161.159 61.399 7 19 12 571 4
38.553 161.159 61.399 8 19 12 571 4
168.754 73.641 209.994 9 19 12 517 2
168.754 73.641 209.994 10 19 12 517 2
101.807 52.241 339.281 11 19 12 586 4
125.285 95.974 51.300 12 19 12 314 1
101.807 52.241 339.281 13 19 12 586 4
101.807 52.241 339.281 14 19 12 586 4
101.807 52.241 339.281 15 19 12 586 4
101.807 52.241 339.281 16 19 12 586 4
101.807 52.241 339.281 17 19 12 586 4
101.807 52.241 339.281 18 19 12 586 4
101.807 52.241 339.281 19 19 12 586 4
101.807 52.241 339.281 20 19 12 586 4
101.807 52.241 339.281 21 19 12 586 4
101.807 52.241 339.281 22 19 12 586 4
101.807 52.241 339.281 23 19 12 586 4
101.807 52.241 339.281 24 19 12 586 4
101.807 52.241 339.281 25 19 12 586 4
101.807 52.241 339.281 26 19 12 586 4
359.392 81.007 259.773 27 19 12 576 4
359.392 81.007 259.773 28 19 12 576 4
359.392 81.007 259.773 29 19 12 576 4
359.392 81.007 259.773 30 19 12 576 4
38.553 161.159 61.399 1 20 12 571 4
38.553 161.159 61.399 2 20 12 571 4
38.553 161.159 61.399 3 20 12 571 4
38.553 161.159 61.399 4 20 12 571 4
38.553 161.159 61.399 5 20 12 571 4
38.553 161.159 61.399 6 20 12 571 4
38.553 161.159 61.399 7 20 12 571 4
38.553 161.159 61.399 8 20 12 571 4
38.553 161.159 61.399 9 20 12 571 4
101.807 52.241 339.281 10 20 12 586 4
101.807 52.241 339.281 11 20 12 586 4
101.807 52.241 339.281 12 20 12 586 4
101.807 52.241 339.281 13 20 12 586 4
101.807 52.241 339.281 14 20 12 586 4
101.807 52.241 339.281 15 20 12 586 4
101.807 52.241 339.281 16 20 12 586 4
101.807 52.241 339.281 17 20 12 586 4
101.807 52.241 339.281 18 20 12 586 4
101.807 52.241 339.281 19 20 12 586 4
101.807 52.241 339.281 20 20 12 586 4
101.807 52.241 339.281 21 20 12 586 4
101.807 52.241 339.281 22 20 12 586 4
101.807 52.241 339.281 23 20 12 586 4
101.807 52.241 339.281 24 20 12 586 4
101.807 52.241 339.281 25 20 12 586 4
359.392 81.007 259.773 26 20 12 576 4
359.392 81.007 259.773 27 20 12 576 4
359.392 81.007 259.773 28 20 12 576 4
359.392 81.007 259.773 29 20 12 576 4
359.392 81.007 259.773 30 20 12 576 4
38.553 161.159 61.399 1 21 12 571 4
38.553 161.159 61.399 2 21 12 571 4
38.553 161.159 61.399 3 21 12 571 4
38.553 161.159 61.399 4 21 12 571 4
38.553 161.159 61.399 5 21 12 571 4
38.553 161.159 61.399 6 21 12 571 4
38.553 161.159 61.399 7 21 12 571 4
38.553 161.159 61.399 8 21 12 571 4
38.553 161.159 61.399 9 21 12 571 4
101.807 52.241 339.281 10 21 12 586 4
101.807 52.241 339.281 11 21 12 586 4
101.807 52.241 339.281 12 21 12 586 4
101.807 52.241 339.281 13 21 12 586 4
101.807 52.241 339.281 14 21 12 586 4
101.807 52.241 339.281 15 21 12 586 4
101.807 52.241 339.281 16 21 12 586 4
101.807 52.241 339.281 17 21 12 586 4
101.807 52.241 339.281 18 21 12 586 4
101.807 52.241 339.281 19 21 12 586 4
101.807 52.241 339.281 20 21 12 586 4
101.807 52.241 339.281 21 21 12 586 4
101.807 52.241 339.281 22 21 12 586 4
101.807 52.241 339.281 23 21 12 586 4
114.377 30.447 151.208 24 21 12 524 2
114.377 30.447 151.208 25 21 12 524 2
359.392 81.007 259.773 26 21 12 576 4
359.392 81.007 259.773 27 21 12 576 4
359.392 81.007 259.773 28 21 12 576 4
359.392 81.007 259.773 29 21 12 576 4
359.392 81.007 259.773 30 21 12 576 4
38.553 161.159 61.399 1 22 12 571 4
38.553 161.159 61.399 2 22 12 571 4
38.553 161.159 61.399 3 22 12 571 4
38.553 161.159 61.399 4 22 12 571 4
38.553 161.159 61.399 5 22 12 571 4
38.553 161.159 61.399 6 22 12 571 4
38.553 161.159 61.399 7 22 12 571 4
76.416 134.960 132.270 8 22 12 264 1
101.807 52.241 339.281 9 22 12 586 4
101.807 52.241 339.281 10 22 12 586 4
101.807 52.241 339.281 11 22 12 586 4
101.807 52.241 339.281 12 22 12 586 4
101.807 52.241 339.281 13 22 12 586 4
101.807 52.241 339.281 14 22 12 586 4
101.807 52.241 339.281 15 22 12 586 4
101.807 52.241 339.281 16 22 12 586 4
101.807 52.241 339.281 17 22 12 586 4
101.807 52.241 339.281 18 22 12 586 4
101.807 52.241 339.281 19 22 12 586 4
101.807 52.241 339.281 20 22 12 586 4
101.807 52.241 339.281 21 22 12 586 4
101.807 52.241 339.281 22 22 12 586 4
101.807 52.241 339.281 23 22 12 586 4
359.392 81.007 259.773 24 22 12 576 4
114.377 30.447 151.208 25 22 12 524 2
359.392 81.007 259.773 26 22 12 576 4
359.392 81.007 259.773 27 22 12 576 4
359.392 81.007 259.773 28 22 12 576 4
359.392 81.007 259.773 29 22 12 576 4
359.392 81.007 259.773 30 22 12 576 4
38.553 161.159 61.399 1 23 12 571 4
38.553 161.159 61.399 2 23 12 571 4
38.553 161.159 61.399 3 23 12 571 4
38.553 161.159 61.399 4 23 12 571 4
38.553 161.159 61.399 5 23 12 571 4
38.553 161.159 61.399 6 23 12 571 4
38.553 161.159 61.399 7 23 12 571 4
113.486 106.406 256.644 8 23 12 48 1
101.807 52.241 339.281 9 23 12 586 4
101.807 52.241 339.281 10 23 12 586 4
101.807 52.241 339.281 11 23 12 586 4
101.807 52.241 339.281 12 23 12 586 4
101.807 52.241 339.281 13 23 12 586 4
101.807 52.241 339.281 14 23 12 586 4
101.807 52.241 339.281 15 23 12 586 4
101.807 52.241 339.281 16 23 12 586 4
101.807 52.241 339.281 17 23 12 586 4
101.807 52.241 339.281 18 23 12 586 4
168.000 118.190 82.347 19 23 12 573 4
168.000 118.190 82.347 20 23 12 573 4
168.000 118.190 82.347 21 23 12 573 4
168.000 118.190 82.347 22 23 12 573 4
359.392 81.007 259.773 23 23 12 576 4
359.392 81.007 259.773 24 23 12 576 4
359.392 81.007 259.773 25 23 12 576 4
359.392 81.007 259.773 26 23 12 576 4
359.392 81.007 259.773 27 23 12 576 4
359.392 81.007 259.773 28 23 12 576 4
359.392 81.007 259.773 29 23 12 576 4
359.392 81.007 259.773 30 23 12 576 4
38.553 161.159 61.399 1 24 12 571 4
38.553 161.159 61.399 2 24 12 571 4
38.553 161.159 61.399 3 24 12 571 4
313.866 79.775 229.690 4 24 12 89 1
38.553 161.159 61.399 5 24 12 571 4
87.160 62.701 51.723 6 24 12 502 2
38.553 161.159 61.399 7 24 12 571 4
113.486 106.406 256.644 8 24 12 48 1
101.807 52.241 339.281 9 24 12 586 4
101.807 52.241 339.281 10 24 12 586 4
101.807 52.241 339.281 11 24 12 586 4
101.807 52.241 339.281 12 24 12 586 4
101.807 52.241 339.281 13 24 12 586 4
101.807 52.241 339.281 14 24 12 586 4
101.807 52.241 339.281 15 24 12 586 4
101.807 52.241 339.281 16 24 12 586 4
168.000 118.190 82.347 17 24 12 573 4
168.000 118.190 82.347 18 24 12 573 4
168.000 118.190 82.347 19 24 12 573 4
168.000 118.190 82.347 20 24 12 573 4
168.000 118.190 82.347 21 24 12 573 4
168.000 118.190 82.347 22 24 12 573 4
359.392 81.007 259.773 23 24 12 576 4
359.392 81.007 259.773 24 24 12 576 4
359.392 81.007 259.773 25 24 12 576 4
359.392 81.007 259.773 26 24 12 576 4
359.392 81.007 259.773 27 24 12 576 4
359.392 81.007 259.773 28 24 12 576 4
359.392 81.007 259.773 29 24 12 576 4
359.392 81.007 259.773 30 24 12 576 4
38.553 161.159 61.399 1 25 12 571 4
38.553 161.159 61.399 2 25 12 571 4
38.553 161.159 61.399 3 25 12 571 4
38.553 161.159 61.399 4 25 12 571 4
189.912 19.759 174.088 5 25 12 445 1
189.912 19.759 174.088 6 25 12 445 1
38.553 161.159 61.399 7 25 12 571 4
113.486 106.406 256.644 8 25 12 48 1
101.807 52.241 339.281 9 25 12 586 4
101.807 52.241 339.281 10 25 12 586 4
101.807 52.241 339.281 11 25 12 586 4
101.807 52.241 339.281 12 25 12 586 4
101.807 52.241 339.281 13 25 12 586 4
101.807 52.241 339.281 14 25 12 586 4
101.807 52.241 339.281 15 25 12 586 4
168.000 118.190 82.347 16 25 12 573 4
168.000 118.190 82.347 17 25 12 573 4
168.000 118.190 82.347 18 25 12 573 4
168.000 118.190 82.347 19 25 12 573 4
168.000 118.190 82.347 20 25 12 573 4
168.000 118.190 82.347 21 25 12 573 4
168.000 118.190 82.347 22 25 12 573 4
359.392 81.007 259.773 23 25 12 576 4
359.392 81.007 259.773 24 25 12 576 4
359.392 81.007 259.773 25 25 12 576 4
359.392 81.007 259.773 26 25 12 576 4
359.392 81.007 259.773 27 25 12 576 4
359.392 81.007 259.773 28 25 12 576 4
359.392 81.007 259.773 29 25 12 576 4
359.392 81.007 259.773 30 25 12 576 4
38.553 161.159 61.399 1 26 12 571 4
38.553 161.159 61.399 2 26 12 571 4
74.347 31.109 240.313 3 26 12 598 1
74.347 31.109 240.313 4 26 12 598 1
38.553 161.159 61.399 5 26 12 571 4
189.912 19.759 174.088 6 26 12 445 1
38.553 161.159 61.399 7 26 12 571 4
335.316 121.924 358.550 8 26 12 103 1
46.055 125.131 215.126 9 26 12 231 1
46.055 125.131 215.126 10 26 12 231 1
101.807 52.241 339.281 11 26 12 586 4
101.807 52.241 339.281 12 26 12 586 4
101.807 52.241 339.281 13 26 12 586 4
168.000 118.190 82.347 14 26 12 573 4
168.000 118.190 82.347 15 26 12 573 4
168.000 118.190 82.347 16 26 12 573 4
168.000 118.190 82.347 17 26 12 573 4
168.000 118.190 82.347 18 26 12 573 4
168.000 118.190 82.347 19 26 12 573 4
168.000 118.190 82.347 20 26 12 573 4
168.000 118.190 82.347 21 26 12 573 4
168.000 118.190 82.347 22 26 12 573 4
359.392 81.007 259.773 23 26 12 576 4
359.392 81.007 259.773 24 26 12 576 4
359.392 81.007 259.773 25 26 12 576 4
359.392 81.007 259.773 26 26 12 576 4
359.392 81.007 259.773 27 26 12 576 4
359.392 81.007 259.773 28 26 12 576 4
359.392 81.007 259.773 29 26 12 576 4
351.384 100.405 301.498 30 26 12 332 1
38.553 161.159 61.399 1 27 12 571 4
38.553 161.159 61.399 2 27 12 571 4
185.398 142.526 34.283 3 27 12 581 4
222.258 67.433 241.380 4 27 12 131 1
185.398 142.526 34.283 5 27 12 581 4
185.398 142.526 34.283 6 27 12 581 4
31.760 16.770 223.195 7 27 12 562 2
31.760 16.770 223.195 8 27 12 562 2
31.760 16.770 223.195 9 27 12 562 2
31.760 16.770 223.195 10 27 12 562 2
212.218 45.217 286.917 11 27 12 450 1
212.218 45.217 286.917 12 27 12 450 1
168.000 118.190 82.347 13 27 12 573 4
168.000 118.190 82.347 14 27 12 573 4
168.000 118.190 82.347 15 27 12 573 4
340.596 119.820 119.663 16 27 12 356 1
168.000 118.190 82.347 17 27 12 573 4
168.000 118.190 82.347 18 27 12 573 4
168.000 118.190 82.347 19 27 12 573 4
168.000 118.190 82.347 20 27 12 573 4
168.000 118.190 82.347 21 27 12 573 4
359.392 81.007 259.773 22 27 12 576 4
359.392 81.007 259.773 23 27 12 576 4
359.392 81.007 259.773 24 27 12 576 4
359.392 81.007 259.773 25 27 12 576 4
359.392 81.007 259.773 26 27 12 576 4
359.392 81.007 259.773 27 27 12 576 4
359.392 81.007 259.773 28 27 12 576 4
359.392 81.007 259.773 29 27 12 576 4
359.392 81.007 259.773 30 27 12 576 4
38.553 161.159 61.399 1 28 12 571 4
185.398 142.526 34.283 2 28 12 581 4
185.398 142.526 34.283 3 28 12 581 4
178.322 51.409 126.804 4 28 12 115 1
185.398 142.526 34.283 5 28 12 581 4
31.760 16.770 223.195 6 28 12 562 2
31.760 16.770 223.195 7 28 12 562 2
293.121 67.509 182.923 8 28 12 564 2
31.760 16.770 223.195 9 28 12 562 2
31.760 16.770 223.195 10 28 12 562 2
212.218 45.217 286.917 11 28 12 450 1
212.218 45.217 286.917 12 28 12 450 1
168.000 118.190 82.347 13 28 12 573 4
168.000 118.190 82.347 14 28 12 573 4
168.000 118.190 82.347 15 28 12 573 4
340.596 119.820 119.663 16 28 12 356 1
168.000 118.190 82.347 17 28 12 573 4
168.000 118.190 82.347 18 28 12 573 4
168.000 118.190 82.347 19 28 12 573 4
168.000 118.190 82.347 20 28 12 573 4
168.000 118.190 82.347 21 28 12 573 4
359.392 81.007 259.773 22 28 12 576 4
359.392 81.007 259.773 23 28 12 576 4
359.392 81.007 259.773 24 28 12 576 4
359.392 81.007 259.773 25 28 12 576 4
359.392 81.007 259.773 26 28 12 576 4
359.392 81.007 259.773 27 28 12 576 4
184.121 66.530 14.388 28 28 12 42 1
359.392 81.007 259.773 29 28 12 576 4
359.392 81.007 259.773 30 28 12 576 4
6.627 62.125 61.524 1 29 12 604 1
6.627 62.125 61.524 2 29 12 604 1
6.627 62.125 61.524 3 29 12 604 1
222.258 67.433 241.380 4 29 12 131 1
6.627 62.125 61.524 5 29 12 604 1
31.760 16.770 223.195 6 29 12 562 2
31.760 16.770 223.195 7 29 12 562 2
31.760 16.770 223.195 8 29 12 562 2
31.760 16.770 223.195 9 29 12 562 2
31.760 16.770 223.195 10 29 12 562 2
212.218 45.217 286.917 11 29 12 450 1
212.218 45.217 286.917 12 29 12 450 1
212.218 45.217 286.917 13 29 12 450 1
168.000 118.190 82.347 14 29 12 573 4
168.000 118.190 82.347 15 29 12 573 4
340.596 119.820 119.663 16 29 12 356 1
168.000 118.190 82.347 17 29 12 573 4
168.000 118.190 82.347 18 29 12 573 4
168.000 118.190 82.347 19 29 12 573 4
168.000 118.190 82.347 20 29 12 573 4
359.392 81.007 259.773 21 29 12 576 4
359.392 81.007 259.773 22 29 12 576 4
359.392 81.007 259.773 23 29 12 576 4
359.392 81.007 259.773 24 29 12 576 4
359.392 81.007 259.773 25 29 12 576 4
359.392 81.007 259.773 26 29 12 576 4
359.392 81.007 259.773 27 29 12 576 4
359.392 81.007 259.773 28 29 12 576 4
359.392 81.007 259.773 29 29 12 576 4
359.392 81.007 259.773 30 29 12 576 4
6.627 62.125 61.524 1 30 12 604 1
6.627 62.125 61.524 2 30 12 604 1
6.627 62.125 61.524 3 30 12 604 1
233.558 161.851 117.533 4 30 12 294 1
6.627 62.125 61.524 5 30 12 604 1
31.760 16.770 223.195 6 30 12 562 2
35.146 134.444 62.386 7 30 12 391 1
31.760 16.770 223.195 8 30 12 562 2
31.760 16.770 223.195 9 30 12 562 2
31.760 16.770 223.195 10 30 12 562 2
212.218 45.217 286.917 11 30 12 450 1
212.218 45.217 286.917 12 30 12 450 1
168.000 118.190 82.347 13 30 12 573 4
168.000 118.190 82.347 14 30 12 573 4
168.000 118.190 82.347 15 30 12 573 4
168.000 118.190 82.347 16 30 12 573 4
168.000 118.190 82.347 17 30 12 573 4
335.141 137.508 350.333 18 30 12 395 1
168.000 118.190 82.347 19 30 12 573 4
168.000 118.190 82.347 20 30 12 573 4
359.392 81.007 259.773 21 30 12 576 4
359.392 81.007 259.773 22 30 12 576 4
359.392 81.007 259.773 23 30 12 576 4
359.392 81.007 259.773 24 30 12 576 4
359.392 81.007 259.773 25 30 12 576 4
359.392 81.007 259.773 26 30 12 576 4
359.392 81.007 259.773 27 30 12 576 4
359.392 81.007 259.773 28 30 12 576 4
359.392 81.007 259.773 29 30 12 576 4
359.392 81.007 259.773 30 30 12 576 4
