333.562 100.457 264.474 1 1 3 362 1
333.562 100.457 264.474 2 1 3 362 1
333.562 100.457 264.474 3 1 3 362 1
333.562 100.457 264.474 4 1 3 362 1
171.053 122.217 88.002 5 1 3 526 2
171.053 122.217 88.002 6 1 3 526 2
171.053 122.217 88.002 7 1 3 526 2
171.053 122.217 88.002 8 1 3 526 2
171.053 122.217 88.002 9 1 3 526 2
240.413 46.563 325.425 10 1 3 569 3
240.413 46.563 325.425 11 1 3 569 3
240.413 46.563 325.425 12 1 3 569 3
240.413 46.563 325.425 13 1 3 569 3
240.413 46.563 325.425 14 1 3 569 3
240.413 46.563 325.425 15 1 3 569 3
240.413 46.563 325.425 16 1 3 569 3
240.413 46.563 325.425 17 1 3 569 3
240.413 46.563 325.425 18 1 3 569 3
240.413 46.563 325.425 19 1 3 569 3
240.413 46.563 325.425 20 1 3 569 3
240.413 46.563 325.425 21 1 3 569 3
240.413 46.563 325.425 22 1 3 569 3
240.413 46.563 325.425 23 1 3 569 3
240.413 46.563 325.425 24 1 3 569 3
185.923 91.538 32.138 25 1 3 339 1
185.923 91.538 32.138 26 1 3 339 1
185.923 91.538 32.138 27 1 3 339 1
240.413 46.563 325.425 28 1 3 569 3
240.413 46.563 325.425 29 1 3 569 3
240.413 46.563 325.425 30 1 3 569 3
333.562 100.457 264.474 1 2 3 362 1
333.562 100.457 264.474 2 2 3 362 1
333.562 100.457 264.474 3 2 3 362 1
171.053 122.217 88.002 4 2 3 526 2
171.053 122.217 88.002 5 2 3 526 2
171.053 122.217 88.002 6 2 3 526 2
171.053 122.217 88.002 7 2 3 526 2
171.053 122.217 88.002 8 2 3 526 2
171.053 122.217 88.002 9 2 3 526 2
240.413 46.563 325.425 10 2 3 569 3
240.413 46.563 325.425 11 2 3 569 3
240.413 46.563 325.425 12 2 3 569 3
240.413 46.563 325.425 13 2 3 569 3
240.413 46.563 325.425 14 2 3 569 3
240.413 46.563 325.425 15 2 3 569 3
240.413 46.563 325.425 16 2 3 569 3
39.130 73.381 253.033 17 2 3 134 1
240.413 46.563 325.425 18 2 3 569 3
240.413 46.563 325.425 19 2 3 569 3
240.413 46.563 325.425 20 2 3 569 3
240.413 46.563 325.425 21 2 3 569 3
240.413 46.563 325.425 22 2 3 569 3
240.413 46.563 325.425 23 2 3 569 3
240.413 46.563 325.425 24 2 3 569 3
240.413 46.563 325.425 25 2 3 569 3
240.413 46.563 325.425 26 2 3 569 3
240.413 46.563 325.425 27 2 3 569 3
99.790 35.654 357.713 28 2 3 6 1
240.413 46.563 325.425 29 2 3 569 3
240.413 46.563 325.425 30 2 3 569 3
333.562 100.457 264.474 1 3 3 362 1
333.562 100.457 264.474 2 3 3 362 1
333.562 100.457 264.474 3 3 3 362 1
171.053 122.217 88.002 4 3 3 526 2
171.053 122.217 88.002 5 3 3 526 2
171.053 122.217 88.002 6 3 3 526 2
171.053 122.217 88.002 7 3 3 526 2
171.053 122.217 88.002 8 3 3 526 2
171.053 122.217 88.002 9 3 3 526 2
240.413 46.563 325.425 10 3 3 569 3
240.413 46.563 325.425 11 3 3 569 3
240.413 46.563 325.425 12 3 3 569 3
240.413 46.563 325.425 13 3 3 569 3
267.093 65.963 105.285 14 3 3 565 2
240.413 46.563 325.425 15 3 3 569 3
240.413 46.563 325.425 16 3 3 569 3
240.413 46.563 325.425 17 3 3 569 3
240.413 46.563 325.425 18 3 3 569 3
240.413 46.563 325.425 19 3 3 569 3
240.413 46.563 325.425 20 3 3 569 3
240.413 46.563 325.425 21 3 3 569 3
240.413 46.563 325.425 22 3 3 569 3
240.413 46.563 325.425 23 3 3 569 3
240.413 46.563 325.425 24 3 3 569 3
240.413 46.563 325.425 25 3 3 569 3
240.413 46.563 325.425 26 3 3 569 3
240.413 46.563 325.425 27 3 3 569 3
240.413 46.563 325.425 28 3 3 569 3
240.413 46.563 325.425 29 3 3 569 3
240.413 46.563 325.425 30 3 3 569 3
333.562 100.457 264.474 1 4 3 362 1
333.562 100.457 264.474 2 4 3 362 1
58.568 85.242 358.625 3 4 3 126 1
58.568 85.242 358.625 4 4 3 126 1
171.053 122.217 88.002 5 4 3 526 2
171.053 122.217 88.002 6 4 3 526 2
171.053 122.217 88.002 7 4 3 526 2
171.053 122.217 88.002 8 4 3 526 2
240.413 46.563 325.425 9 4 3 569 3
240.413 46.563 325.425 10 4 3 569 3
240.413 46.563 325.425 11 4 3 569 3
240.413 46.563 325.425 12 4 3 569 3
240.413 46.563 325.425 13 4 3 569 3
240.413 46.563 325.425 14 4 3 569 3
240.413 46.563 325.425 15 4 3 569 3
240.413 46.563 325.425 16 4 3 569 3
240.413 46.563 325.425 17 4 3 569 3
240.413 46.563 325.425 18 4 3 569 3
240.413 46.563 325.425 19 4 3 569 3
240.413 46.563 325.425 20 4 3 569 3
240.413 46.563 325.425 21 4 3 569 3
240.413 46.563 325.425 22 4 3 569 3
240.413 46.563 325.425 23 4 3 569 3
240.413 46.563 325.425 24 4 3 569 3
240.413 46.563 325.425 25 4 3 569 3
240.413 46.563 325.425 26 4 3 569 3
240.413 46.563 325.425 27 4 3 569 3
240.413 46.563 325.425 28 4 3 569 3
240.413 46.563 325.425 29 4 3 569 3
240.413 46.563 325.425 30 4 3 569 3
333.562 100.457 264.474 1 5 3 362 1
333.562 100.457 264.474 2 5 3 362 1
58.568 85.242 358.625 3 5 3 126 1
58.568 85.242 358.625 4 5 3 126 1
58.568 85.242 358.625 5 5 3 126 1
171.053 122.217 88.002 6 5 3 526 2
171.053 122.217 88.002 7 5 3 526 2
171.053 122.217 88.002 8 5 3 526 2
240.413 46.563 325.425 9 5 3 569 3
240.413 46.563 325.425 10 5 3 569 3
240.413 46.563 325.425 11 5 3 569 3
240.413 46.563 325.425 12 5 3 569 3
240.413 46.563 325.425 13 5 3 569 3
240.413 46.563 325.425 14 5 3 569 3
240.413 46.563 325.425 15 5 3 569 3
240.413 46.563 325.425 16 5 3 569 3
240.413 46.563 325.425 17 5 3 569 3
240.413 46.563 325.425 18 5 3 569 3
240.413 46.563 325.425 19 5 3 569 3
240.413 46.563 325.425 20 5 3 569 3
240.413 46.563 325.425 21 5 3 569 3
240.413 46.563 325.425 22 5 3 569 3
240.413 46.563 325.425 23 5 3 569 3
240.413 46.563 325.425 24 5 3 569 3
240.413 46.563 325.425 25 5 3 569 3
240.413 46.563 325.425 26 5 3 569 3
240.413 46.563 325.425 27 5 3 569 3
240.413 46.563 325.425 28 5 3 569 3
240.413 46.563 325.425 29 5 3 569 3
240.413 46.563 325.425 30 5 3 569 3
333.562 100.457 264.474 1 6 3 362 1
173.043 87.161 289.475 2 6 3 233 1
58.568 85.242 358.625 3 6 3 126 1
225.714 93.542 32.512 4 6 3 152 1
225.714 93.542 32.512 5 6 3 152 1
225.714 93.542 32.512 6 6 3 152 1
59.148 72.812 157.289 7 6 3 553 2
240.413 46.563 325.425 8 6 3 569 3
240.413 46.563 325.425 9 6 3 569 3
240.413 46.563 325.425 10 6 3 569 3
240.413 46.563 325.425 11 6 3 569 3
240.413 46.563 325.425 12 6 3 569 3
186.790 63.189 26.708 13 6 3 113 1
240.413 46.563 325.425 14 6 3 569 3
240.413 46.563 325.425 15 6 3 569 3
228.757 40.371 6.897 16 6 3 207 1
240.413 46.563 325.425 17 6 3 569 3
240.413 46.563 325.425 18 6 3 569 3
240.413 46.563 325.425 19 6 3 569 3
240.413 46.563 325.425 20 6 3 569 3
240.413 46.563 325.425 21 6 3 569 3
240.413 46.563 325.425 22 6 3 569 3
240.413 46.563 325.425 23 6 3 569 3
240.413 46.563 325.425 24 6 3 569 3
240.413 46.563 325.425 25 6 3 569 3
240.413 46.563 325.425 26 6 3 569 3
240.413 46.563 325.425 27 6 3 569 3
240.413 46.563 325.425 28 6 3 569 3
240.413 46.563 325.425 29 6 3 569 3
240.413 46.563 325.425 30 6 3 569 3
38.553 161.159 61.399 1 7 3 571 4
38.553 161.159 61.399 2 7 3 571 4
38.553 161.159 61.399 3 7 3 571 4
38.553 161.159 61.399 4 7 3 571 4
225.714 93.542 32.512 5 7 3 152 1
225.714 93.542 32.512 6 7 3 152 1
59.148 72.812 157.289 7 7 3 553 2
240.413 46.563 325.425 8 7 3 569 3
240.413 46.563 325.425 9 7 3 569 3
240.413 46.563 325.425 10 7 3 569 3
240.413 46.563 325.425 11 7 3 569 3
240.413 46.563 325.425 12 7 3 569 3
240.413 46.563 325.425 13 7 3 569 3
240.413 46.563 325.425 14 7 3 569 3
240.413 46.563 325.425 15 7 3 569 3
240.413 46.563 325.425 16 7 3 569 3
240.413 46.563 325.425 17 7 3 569 3
117.721 152.670 274.957 18 7 3 310 1
240.413 46.563 325.425 19 7 3 569 3
240.413 46.563 325.425 20 7 3 569 3
240.413 46.563 325.425 21 7 3 569 3
240.413 46.563 325.425 22 7 3 569 3
240.413 46.563 325.425 23 7 3 569 3
240.413 46.563 325.425 24 7 3 569 3
240.413 46.563 325.425 25 7 3 569 3
240.413 46.563 325.425 26 7 3 569 3
240.413 46.563 325.425 27 7 3 569 3
240.413 46.563 325.425 28 7 3 569 3
240.413 46.563 325.425 29 7 3 569 3
240.413 46.563 325.425 30 7 3 569 3
38.553 161.159 61.399 1 8 3 571 4
38.553 161.159 61.399 2 8 3 571 4
38.553 161.159 61.399 3 8 3 571 4
38.553 161.159 61.399 4 8 3 571 4
38.553 161.159 61.399 5 8 3 571 4
38.553 161.159 61.399 6 8 3 571 4
38.553 161.159 61.399 7 8 3 571 4
38.553 161.159 61.399 8 8 3 571 4
240.413 46.563 325.425 9 8 3 569 3
240.413 46.563 325.425 10 8 3 569 3
240.413 46.563 325.425 11 8 3 569 3
240.413 46.563 325.425 12 8 3 569 3
240.413 46.563 325.425 13 8 3 569 3
240.413 46.563 325.425 14 8 3 569 3
240.413 46.563 325.425 15 8 3 569 3
240.413 46.563 325.425 16 8 3 569 3
240.413 46.563 325.425 17 8 3 569 3
117.721 152.670 274.957 18 8 3 310 1
240.413 46.563 325.425 19 8 3 569 3
240.413 46.563 325.425 20 8 3 569 3
240.413 46.563 325.425 21 8 3 569 3
240.413 46.563 325.425 22 8 3 569 3
240.413 46.563 325.425 23 8 3 569 3
240.413 46.563 325.425 24 8 3 569 3
240.413 46.563 325.425 25 8 3 569 3
240.413 46.563 325.425 26 8 3 569 3
240.413 46.563 325.425 27 8 3 569 3
240.413 46.563 325.425 28 8 3 569 3
240.413 46.563 325.425 29 8 3 569 3
240.413 46.563 325.425 30 8 3 569 3
38.553 161.159 61.399 1 9 3 571 4
38.553 161.159 61.399 2 9 3 571 4
38.553 161.159 61.399 3 9 3 571 4
38.553 161.159 61.399 4 9 3 571 4
38.553 161.159 61.399 5 9 3 571 4
38.553 161.159 61.399 6 9 3 571 4
38.553 161.159 61.399 7 9 3 571 4
38.553 161.159 61.399 8 9 3 571 4
38.553 161.159 61.399 9 9 3 571 4
240.413 46.563 325.425 10 9 3 569 3
240.413 46.563 325.425 11 9 3 569 3
240.413 46.563 325.425 12 9 3 569 3
240.413 46.563 325.425 13 9 3 569 3
240.413 46.563 325.425 14 9 3 569 3
240.413 46.563 325.425 15 9 3 569 3
240.413 46.563 325.425 16 9 3 569 3
240.413 46.563 325.425 17 9 3 569 3
240.413 46.563 325.425 18 9 3 569 3
240.413 46.563 325.425 19 9 3 569 3
240.413 46.563 325.425 20 9 3 569 3
240.413 46.563 325.425 21 9 3 569 3
240.413 46.563 325.425 22 9 3 569 3
240.413 46.563 325.425 23 9 3 569 3
240.413 46.563 325.425 24 9 3 569 3
240.413 46.563 325.425 25 9 3 569 3
240.413 46.563 325.425 26 9 3 569 3
240.413 46.563 325.425 27 9 3 569 3
240.413 46.563 325.425 28 9 3 569 3
240.413 46.563 325.425 29 9 3 569 3
240.413 46.563 325.425 30 9 3 569 3
38.553 161.159 61.399 1 10 3 571 4
38.553 161.159 61.399 2 10 3 571 4
38.553 161.159 61.399 3 10 3 571 4
38.553 161.159 61.399 4 10 3 571 4
38.553 161.159 61.399 5 10 3 571 4
38.553 161.159 61.399 6 10 3 571 4
38.553 161.159 61.399 7 10 3 571 4
38.553 161.159 61.399 8 10 3 571 4
38.553 161.159 61.399 9 10 3 571 4
240.413 46.563 325.425 10 10 3 569 3
240.413 46.563 325.425 11 10 3 569 3
240.413 46.563 325.425 12 10 3 569 3
240.413 46.563 325.425 13 10 3 569 3
240.413 46.563 325.425 14 10 3 569 3
240.413 46.563 325.425 15 10 3 569 3
240.413 46.563 325.425 16 10 3 569 3
240.413 46.563 325.425 17 10 3 569 3
240.413 46.563 325.425 18 10 3 569 3
240.413 46.563 325.425 19 10 3 569 3
240.413 46.563 325.425 20 10 3 569 3
240.413 46.563 325.425 21 10 3 569 3
240.413 46.563 325.425 22 10 3 569 3
240.413 46.563 325.425 23 10 3 569 3
240.413 46.563 325.425 24 10 3 569 3
240.413 46.563 325.425 25 10 3 569 3
240.413 46.563 325.425 26 10 3 569 3
240.413 46.563 325.425 27 10 3 569 3
240.413 46.563 325.425 28 10 3 569 3
240.413 46.563 325.425 29 10 3 569 3
240.413 46.563 325.425 30 10 3 569 3
38.553 161.159 61.399 1 11 3 571 4
38.553 161.159 61.399 2 11 3 571 4
38.553 161.159 61.399 3 11 3 571 4
38.553 161.159 61.399 4 11 3 571 4
38.553 161.159 61.399 5 11 3 571 4
38.553 161.159 61.399 6 11 3 571 4
38.553 161.159 61.399 7 11 3 571 4
38.553 161.159 61.399 8 11 3 571 4
38.553 161.159 61.399 9 11 3 571 4
38.553 161.159 61.399 10 11 3 571 4
240.413 46.563 325.425 11 11 3 569 3
240.413 46.563 325.425 12 11 3 569 3
240.413 46.563 325.425 13 11 3 569 3
240.413 46.563 325.425 14 11 3 569 3
240.413 46.563 325.425 15 11 3 569 3
240.413 46.563 325.425 16 11 3 569 3
240.413 46.563 325.425 17 11 3 569 3
240.413 46.563 325.425 18 11 3 569 3
240.413 46.563 325.425 19 11 3 569 3
240.413 46.563 325.425 20 11 3 569 3
240.413 46.563 325.425 21 11 3 569 3
240.413 46.563 325.425 22 11 3 569 3
240.413 46.563 325.425 23 11 3 569 3
240.413 46.563 325.425 24 11 3 569 3
240.413 46.563 325.425 25 11 3 569 3
240.413 46.563 325.425 26 11 3 569 3
240.413 46.563 325.425 27 11 3 569 3
240.413 46.563 325.425 28 11 3 569 3
240.413 46.563 325.425 29 11 3 569 3
240.413 46.563 325.425 30 11 3 569 3
38.553 161.159 61.399 1 12 3 571 4
38.553 161.159 61.399 2 12 3 571 4
38.553 161.159 61.399 3 12 3 571 4
332.478 115.161 129.268 4 12 3 516 2
38.553 161.159 61.399 5 12 3 571 4
38.553 161.159 61.399 6 12 3 571 4
38.553 161.159 61.399 7 12 3 571 4
38.553 161.159 61.399 8 12 3 571 4
38.553 161.159 61.399 9 12 3 571 4
3.034 70.156 32.701 10 12 3 323 1
38.553 161.159 61.399 11 12 3 571 4
240.413 46.563 325.425 12 12 3 569 3
240.413 46.563 325.425 13 12 3 569 3
240.413 46.563 325.425 14 12 3 569 3
240.413 46.563 325.425 15 12 3 569 3
240.413 46.563 325.425 16 12 3 569 3
240.413 46.563 325.425 17 12 3 569 3
240.413 46.563 325.425 18 12 3 569 3
240.413 46.563 325.425 19 12 3 569 3
240.413 46.563 325.425 20 12 3 569 3
240.413 46.563 325.425 21 12 3 569 3
240.413 46.563 325.425 22 12 3 569 3
240.413 46.563 325.425 23 12 3 569 3
240.413 46.563 325.425 24 12 3 569 3
240.413 46.563 325.425 25 12 3 569 3
240.413 46.563 325.425 26 12 3 569 3
240.413 46.563 325.425 27 12 3 569 3
240.413 46.563 325.425 28 12 3 569 3
240.413 46.563 325.425 29 12 3 569 3
240.413 46.563 325.425 30 12 3 569 3
38.553 161.159 61.399 1 13 3 571 4
38.553 161.159 61.399 2 13 3 571 4
38.553 161.159 61.399 3 13 3 571 4
38.553 161.159 61.399 4 13 3 571 4
38.553 161.159 61.399 5 13 3 571 4
38.553 161.159 61.399 6 13 3 571 4
38.553 161.159 61.399 7 13 3 571 4
38.553 161.159 61.399 8 13 3 571 4
38.553 161.159 61.399 9 13 3 571 4
38.553 161.159 61.399 10 13 3 571 4
38.553 161.159 61.399 11 13 3 571 4
38.553 161.159 61.399 12 13 3 571 4
240.413 46.563 325.425 13 13 3 569 3
240.413 46.563 325.425 14 13 3 569 3
240.413 46.563 325.425 15 13 3 569 3
240.413 46.563 325.425 16 13 3 569 3
240.413 46.563 325.425 17 13 3 569 3
240.413 46.563 325.425 18 13 3 569 3
240.413 46.563 325.425 19 13 3 569 3
240.413 46.563 325.425 20 13 3 569 3
240.413 46.563 325.425 21 13 3 569 3
240.413 46.563 325.425 22 13 3 569 3
240.413 46.563 325.425 23 13 3 569 3
240.413 46.563 325.425 24 13 3 569 3
240.413 46.563 325.425 25 13 3 569 3
240.413 46.563 325.425 26 13 3 569 3
240.413 46.563 325.425 27 13 3 569 3
240.413 46.563 325.425 28 13 3 569 3
240.413 46.563 325.425 29 13 3 569 3
240.413 46.563 325.425 30 13 3 569 3
38.553 161.159 61.399 1 14 3 571 4
38.553 161.159 61.399 2 14 3 571 4
38.553 161.159 61.399 3 14 3 571 4
38.553 161.159 61.399 4 14 3 571 4
38.553 161.159 61.399 5 14 3 571 4
38.553 161.159 61.399 6 14 3 571 4
38.553 161.159 61.399 7 14 3 571 4
38.553 161.159 61.399 8 14 3 571 4
38.553 161.159 61.399 9 14 3 571 4
38.553 161.159 61.399 10 14 3 571 4
38.553 161.159 61.399 11 14 3 571 4
38.553 161.159 61.399 12 14 3 571 4
38.553 161.159 61.399 13 14 3 571 4
240.413 46.563 325.425 14 14 3 569 3
240.413 46.563 325.425 15 14 3 569 3
240.413 46.563 325.425 16 14 3 569 3
240.413 46.563 325.425 17 14 3 569 3
240.413 46.563 325.425 18 14 3 569 3
240.413 46.563 325.425 19 14 3 569 3
240.413 46.563 325.425 20 14 3 569 3
240.413 46.563 325.425 21 14 3 569 3
240.413 46.563 325.425 22 14 3 569 3
240.413 46.563 325.425 23 14 3 569 3
240.413 46.563 325.425 24 14 3 569 3
240.413 46.563 325.425 25 14 3 569 3
240.413 46.563 325.425 26 14 3 569 3
240.413 46.563 325.425 27 14 3 569 3
240.413 46.563 325.425 28 14 3 569 3
240.413 46.563 325.425 29 14 3 569 3
240.413 46.563 325.425 30 14 3 569 3
38.553 161.159 61.399 1 15 3 571 4
38.553 161.159 61.399 2 15 3 571 4
38.553 161.159 61.399 3 15 3 571 4
38.553 161.159 61.399 4 15 3 571 4
38.553 161.159 61.399 5 15 3 571 4
38.553 161.159 61.399 6 15 3 571 4
38.553 161.159 61.399 7 15 3 571 4
38.553 161.159 61.399 8 15 3 571 4
38.553 161.159 61.399 9 15 3 571 4
38.553 161.159 61.399 10 15 3 571 4
38.553 161.159 61.399 11 15 3 571 4
38.553 161.159 61.399 12 15 3 571 4
38.553 161.159 61.399 13 15 3 571 4
303.029 108.574 168.876 14 15 3 533 2
240.413 46.563 325.425 15 15 3 569 3
240.413 46.563 325.425 16 15 3 569 3
240.413 46.563 325.425 17 15 3 569 3
311.445 55.821 306.005 18 15 3 478 2
311.445 55.821 306.005 19 15 3 478 2
311.445 55.821 306.005 20 15 3 478 2
240.413 46.563 325.425 21 15 3 569 3
240.413 46.563 325.425 22 15 3 569 3
240.413 46.563 325.425 23 15 3 569 3
240.413 46.563 325.425 24 15 3 569 3
240.413 46.563 325.425 25 15 3 569 3
240.413 46.563 325.425 26 15 3 569 3
240.413 46.563 325.425 27 15 3 569 3
240.413 46.563 325.425 28 15 3 569 3
240.413 46.563 325.425 29 15 3 569 3
359.392 81.007 259.773 30 15 3 576 4
38.553 161.159 61.399 1 16 3 571 4
38.553 161.159 61.399 2 16 3 571 4
38.553 161.159 61.399 3 16 3 571 4
38.553 161.159 61.399 4 16 3 571 4
38.553 161.159 61.399 5 16 3 571 4
38.553 161.159 61.399 6 16 3 571 4
38.553 161.159 61.399 7 16 3 571 4
38.553 161.159 61.399 8 16 3 571 4
38.553 161.159 61.399 9 16 3 571 4
38.553 161.159 61.399 10 16 3 571 4
38.553 161.159 61.399 11 16 3 571 4
38.553 161.159 61.399 12 16 3 571 4
38.553 161.159 61.399 13 16 3 571 4
133.141 72.442 302.064 14 16 3 597 1
133.141 72.442 302.064 15 16 3 597 1
311.445 55.821 306.005 16 16 3 478 2
311.445 55.821 306.005 17 16 3 478 2
311.445 55.821 306.005 18 16 3 478 2
311.445 55.821 306.005 19 16 3 478 2
311.445 55.821 306.005 20 16 3 478 2
311.445 55.821 306.005 21 16 3 478 2
311.445 55.821 306.005 22 16 3 478 2
240.413 46.563 325.425 23 16 3 569 3
240.413 46.563 325.425 24 16 3 569 3
240.413 46.563 325.425 25 16 3 569 3
38.601 153.258 211.510 26 16 3 554 2
38.601 153.258 211.510 27 16 3 554 2
359.392 81.007 259.773 28 16 3 576 4
297.932 40.203 31.594 29 16 3 316 1
359.392 81.007 259.773 30 16 3 576 4
38.553 161.159 61.399 1 17 3 571 4
38.553 161.159 61.399 2 17 3 571 4
38.553 161.159 61.399 3 17 3 571 4
38.553 161.159 61.399 4 17 3 571 4
38.553 161.159 61.399 5 17 3 571 4
38.553 161.159 61.399 6 17 3 571 4
38.553 161.159 61.399 7 17 3 571 4
38.553 161.159 61.399 8 17 3 571 4
38.553 161.159 61.399 9 17 3 571 4
38.553 161.159 61.399 10 17 3 571 4
38.553 161.159 61.399 11 17 3 571 4
38.553 161.159 61.399 12 17 3 571 4
329.814 69.076 290.108 13 17 3 224 1
133.141 72.442 302.064 14 17 3 597 1
133.141 72.442 302.064 15 17 3 597 1
311.445 55.821 306.005 16 17 3 478 2
311.445 55.821 306.005 17 17 3 478 2
311.445 55.821 306.005 18 17 3 478 2
311.445 55.821 306.005 19 17 3 478 2
311.445 55.821 306.005 20 17 3 478 2
311.445 55.821 306.005 21 17 3 478 2
311.445 55.821 306.005 22 17 3 478 2
311.445 55.821 306.005 23 17 3 478 2
240.413 46.563 325.425 24 17 3 569 3
240.413 46.563 325.425 25 17 3 569 3
359.392 81.007 259.773 26 17 3 576 4
359.392 81.007 259.773 27 17 3 576 4
359.392 81.007 259.773 28 17 3 576 4
359.392 81.007 259.773 29 17 3 576 4
359.392 81.007 259.773 30 17 3 576 4
38.553 161.159 61.399 1 18 3 571 4
38.553 161.159 61.399 2 18 3 571 4
38.553 161.159 61.399 3 18 3 571 4
38.553 161.159 61.399 4 18 3 571 4
38.553 161.159 61.399 5 18 3 571 4
38.553 161.159 61.399 6 18 3 571 4
38.553 161.159 61.399 7 18 3 571 4
38.553 161.159 61.399 8 18 3 571 4
38.553 161.159 61.399 9 18 3 571 4
38.553 161.159 61.399 10 18 3 571 4
38.553 161.159 61.399 11 18 3 571 4
38.553 161.159 61.399 12 18 3 571 4
38.553 161.159 61.399 13 18 3 571 4
277.507 115.473 72.338 14 18 3 443 1
355.395 144.881 306.395 15 18 3 570 4
355.395 144.881 306.395 16 18 3 570 4
355.395 144.881 306.395 17 18 3 570 4
311.445 55.821 306.005 18 18 3 478 2
311.445 55.821 306.005 19 18 3 478 2
311.445 55.821 306.005 20 18 3 478 2
311.445 55.821 306.005 21 18 3 478 2
311.445 55.821 306.005 22 18 3 478 2
311.445 55.821 306.005 23 18 3 478 2
168.000 118.190 82.347 24 18 3 573 4
335.204 78.535 336.455 25 18 3 540 2
359.392 81.007 259.773 26 18 3 576 4
359.392 81.007 259.773 27 18 3 576 4
359.392 81.007 259.773 28 18 3 576 4
359.392 81.007 259.773 29 18 3 576 4
359.392 81.007 259.773 30 18 3 576 4
38.553 161.159 61.399 1 19 3 571 4
38.553 161.159 61.399 2 19 3 571 4
38.553 161.159 61.399 3 19 3 571 4
38.553 161.159 61.399 4 19 3 571 4
38.553 161.159 61.399 5 19 3 571 4
38.553 161.159 61.399 6 19 3 571 4
38.553 161.159 61.399 7 19 3 571 4
38.553 161.159 61.399 8 19 3 571 4
38.553 161.159 61.399 9 19 3 571 4
38.553 161.159 61.399 10 19 3 571 4
38.553 161.159 61.399 11 19 3 571 4
38.553 161.159 61.399 12 19 3 571 4
38.553 161.159 61.399 13 19 3 571 4
355.395 144.881 306.395 14 19 3 570 4
355.395 144.881 306.395 15 19 3 570 4
355.395 144.881 306.395 16 19 3 570 4
355.395 144.881 306.395 17 19 3 570 4
355.395 144.881 306.395 18 19 3 570 4
311.445 55.821 306.005 19 19 3 478 2
311.445 55.821 306.005 20 19 3 478 2
311.445 55.821 306.005 21 19 3 478 2
311.445 55.821 306.005 22 19 3 478 2
311.445 55.821 306.005 23 19 3 478 2
168.000 118.190 82.347 24 19 3 573 4
359.392 81.007 259.773 25 19 3 576 4
359.392 81.007 259.773 26 19 3 576 4
359.392 81.007 259.773 27 19 3 576 4
20.325 102.632 151.373 28 19 3 560 2
359.392 81.007 259.773 29 19 3 576 4
359.392 81.007 259.773 30 19 3 576 4
38.553 161.159 61.399 1 20 3 571 4
38.553 161.159 61.399 2 20 3 571 4
38.553 161.159 61.399 3 20 3 571 4
38.553 161.159 61.399 4 20 3 571 4
38.553 161.159 61.399 5 20 3 571 4
38.553 161.159 61.399 6 20 3 571 4
38.553 161.159 61.399 7 20 3 571 4
38.553 161.159 61.399 8 20 3 571 4
38.553 161.159 61.399 9 20 3 571 4
38.553 161.159 61.399 10 20 3 571 4
38.553 161.159 61.399 11 20 3 571 4
38.553 161.159 61.399 12 20 3 571 4
355.395 144.881 306.395 13 20 3 570 4
355.395 144.881 306.395 14 20 3 570 4
355.395 144.881 306.395 15 20 3 570 4
355.395 144.881 306.395 16 20 3 570 4
355.395 144.881 306.395 17 20 3 570 4
355.395 144.881 306.395 18 20 3 570 4
355.395 144.881 306.395 19 20 3 570 4
355.395 144.881 306.395 20 20 3 570 4
311.445 55.821 306.005 21 20 3 478 2
168.000 118.190 82.347 22 20 3 573 4
168.000 118.190 82.347 23 20 3 573 4
168.000 118.190 82.347 24 20 3 573 4
359.392 81.007 259.773 25 20 3 576 4
359.392 81.007 259.773 26 20 3 576 4
359.392 81.007 259.773 27 20 3 576 4
359.392 81.007 259.773 28 20 3 576 4
359.392 81.007 259.773 29 20 3 576 4
359.392 81.007 259.773 30 20 3 576 4
38.553 161.159 61.399 1 21 3 571 4
38.553 161.159 61.399 2 21 3 571 4
38.553 161.159 61.399 3 21 3 571 4
38.553 161.159 61.399 4 21 3 571 4
38.553 161.159 61.399 5 21 3 571 4
38.553 161.159 61.399 6 21 3 571 4
38.553 161.159 61.399 7 21 3 571 4
38.553 161.159 61.399 8 21 3 571 4
38.553 161.159 61.399 9 21 3 571 4
38.553 161.159 61.399 10 21 3 571 4
38.553 161.159 61.399 11 21 3 571 4
38.553 161.159 61.399 12 21 3 571 4
355.395 144.881 306.395 13 21 3 570 4
355.395 144.881 306.395 14 21 3 570 4
355.395 144.881 306.395 15 21 3 570 4
355.395 144.881 306.395 16 21 3 570 4
355.395 144.881 306.395 17 21 3 570 4
355.395 144.881 306.395 18 21 3 570 4
355.395 144.881 306.395 19 21 3 570 4
355.395 144.881 306.395 20 21 3 570 4
168.000 118.190 82.347 21 21 3 573 4
168.000 118.190 82.347 22 21 3 573 4
168.000 118.190 82.347 23 21 3 573 4
168.000 118.190 82.347 24 21 3 573 4
359.392 81.007 259.773 25 21 3 576 4
359.392 81.007 259.773 26 21 3 576 4
359.392 81.007 259.773 27 21 3 576 4
359.392 81.007 259.773 28 21 3 576 4
359.392 81.007 259.773 29 21 3 576 4
359.392 81.007 259.773 30 21 3 576 4
38.553 161.159 61.399 1 22 3 571 4
38.553 161.159 61.399 2 22 3 571 4
38.553 161.159 61.399 3 22 3 571 4
38.553 161.159 61.399 4 22 3 571 4
353.176 65.434 45.054 5 22 3 128 1
38.553 161.159 61.399 6 22 3 571 4
38.553 161.159 61.399 7 22 3 571 4
38.553 161.159 61.399 8 22 3 571 4
38.553 161.159 61.399 9 22 3 571 4
38.553 161.159 61.399 10 22 3 571 4
38.553 161.159 61.399 11 22 3 571 4
204.468 85.731 341.311 12 22 3 121 1
355.395 144.881 306.395 13 22 3 570 4
355.395 144.881 306.395 14 22 3 570 4
355.395 144.881 306.395 15 22 3 570 4
355.395 144.881 306.395 16 22 3 570 4
355.395 144.881 306.395 17 22 3 570 4
355.395 144.881 306.395 18 22 3 570 4
355.395 144.881 306.395 19 22 3 570 4
273.405 115.557 71.286 20 22 3 149 1
168.000 118.190 82.347 21 22 3 573 4
168.000 118.190 82.347 22 22 3 573 4
168.000 118.190 82.347 23 22 3 573 4
359.392 81.007 259.773 24 22 3 576 4
258.511 137.042 5.196 25 22 3 99 1
359.392 81.007 259.773 26 22 3 576 4
359.392 81.007 259.773 27 22 3 576 4
359.392 81.007 259.773 28 22 3 576 4
359.392 81.007 259.773 29 22 3 576 4
359.392 81.007 259.773 30 22 3 576 4
38.553 161.159 61.399 1 23 3 571 4
38.553 161.159 61.399 2 23 3 571 4
38.553 161.159 61.399 3 23 3 571 4
38.553 161.159 61.399 4 23 3 571 4
38.553 161.159 61.399 5 23 3 571 4
38.553 161.159 61.399 6 23 3 571 4
38.553 161.159 61.399 7 23 3 571 4
38.553 161.159 61.399 8 23 3 571 4
38.553 161.159 61.399 9 23 3 571 4
38.553 161.159 61.399 10 23 3 571 4
204.468 85.731 341.311 11 23 3 121 1
204.468 85.731 341.311 12 23 3 121 1
204.468 85.731 341.311 13 23 3 121 1
355.395 144.881 306.395 14 23 3 570 4
355.395 144.881 306.395 15 23 3 570 4
355.395 144.881 306.395 16 23 3 570 4
355.395 144.881 306.395 17 23 3 570 4
355.395 144.881 306.395 18 23 3 570 4
355.395 144.881 306.395 19 23 3 570 4
168.000 118.190 82.347 20 23 3 573 4
168.000 118.190 82.347 21 23 3 573 4
168.000 118.190 82.347 22 23 3 573 4
168.000 118.190 82.347 23 23 3 573 4
359.392 81.007 259.773 24 23 3 576 4
258.511 137.042 5.196 25 23 3 99 1
359.392 81.007 259.773 26 23 3 576 4
359.392 81.007 259.773 27 23 3 576 4
359.392 81.007 259.773 28 23 3 576 4
359.392 81.007 259.773 29 23 3 576 4
359.392 81.007 259.773 30 23 3 576 4
38.553 161.159 61.399 1 24 3 571 4
324.135 95.284 132.849 2 24 3 51 1
38.553 161.159 61.399 3 24 3 571 4
38.553 161.159 61.399 4 24 3 571 4
38.553 161.159 61.399 5 24 3 571 4
228.984 115.152 10.772 6 24 3 216 1
38.553 161.159 61.399 7 24 3 571 4
38.553 161.159 61.399 8 24 3 571 4
38.553 161.159 61.399 9 24 3 571 4
38.553 161.159 61.399 10 24 3 571 4
204.468 85.731 341.311 11 24 3 121 1
204.468 85.731 341.311 12 24 3 121 1
204.468 85.731 341.311 13 24 3 121 1
355.395 144.881 306.395 14 24 3 570 4
355.395 144.881 306.395 15 24 3 570 4
355.395 144.881 306.395 16 24 3 570 4
355.395 144.881 306.395 17 24 3 570 4
238.218 45.043 155.225 18 24 3 585 4
238.218 45.043 155.225 19 24 3 585 4
168.000 118.190 82.347 20 24 3 573 4
168.000 118.190 82.347 21 24 3 573 4
168.000 118.190 82.347 22 24 3 573 4
168.000 118.190 82.347 23 24 3 573 4
359.392 81.007 259.773 24 24 3 576 4
359.392 81.007 259.773 25 24 3 576 4
359.392 81.007 259.773 26 24 3 576 4
359.392 81.007 259.773 27 24 3 576 4
230.001 121.884 283.329 28 24 3 612 1
359.392 81.007 259.773 29 24 3 576 4
95.578 153.431 277.562 30 24 3 45 1
38.553 161.159 61.399 1 25 3 571 4
38.553 161.159 61.399 2 25 3 571 4
38.553 161.159 61.399 3 25 3 571 4
38.553 161.159 61.399 4 25 3 571 4
38.553 161.159 61.399 5 25 3 571 4
38.553 161.159 61.399 6 25 3 571 4
38.553 161.159 61.399 7 25 3 571 4
38.553 161.159 61.399 8 25 3 571 4
38.553 161.159 61.399 9 25 3 571 4
38.553 161.159 61.399 10 25 3 571 4
204.468 85.731 341.311 11 25 3 121 1
204.468 85.731 341.311 12 25 3 121 1
238.218 45.043 155.225 13 25 3 585 4
238.218 45.043 155.225 14 25 3 585 4
238.218 45.043 155.225 15 25 3 585 4
238.218 45.043 155.225 16 25 3 585 4
238.218 45.043 155.225 17 25 3 585 4
238.218 45.043 155.225 18 25 3 585 4
238.218 45.043 155.225 19 25 3 585 4
238.218 45.043 155.225 20 25 3 585 4
168.000 118.190 82.347 21 25 3 573 4
168.000 118.190 82.347 22 25 3 573 4
359.392 81.007 259.773 23 25 3 576 4
359.392 81.007 259.773 24 25 3 576 4
359.392 81.007 259.773 25 25 3 576 4
359.392 81.007 259.773 26 25 3 576 4
359.392 81.007 259.773 27 25 3 576 4
359.392 81.007 259.773 28 25 3 576 4
359.392 81.007 259.773 29 25 3 576 4
359.392 81.007 259.773 30 25 3 576 4
38.553 161.159 61.399 1 26 3 571 4
0.491 110.263 303.892 2 26 3 401 1
138.114 164.777 349.840 3 26 3 457 1
1.042 59.725 116.902 4 26 3 473 2
38.553 161.159 61.399 5 26 3 571 4
38.553 161.159 61.399 6 26 3 571 4
320.612 38.401 98.679 7 26 3 63 1
320.612 38.401 98.679 8 26 3 63 1
178.314 127.719 5.521 9 26 3 309 1
298.851 115.313 303.695 10 26 3 568 2
238.218 45.043 155.225 11 26 3 585 4
238.218 45.043 155.225 12 26 3 585 4
238.218 45.043 155.225 13 26 3 585 4
238.218 45.043 155.225 14 26 3 585 4
238.218 45.043 155.225 15 26 3 585 4
238.218 45.043 155.225 16 26 3 585 4
238.218 45.043 155.225 17 26 3 585 4
238.218 45.043 155.225 18 26 3 585 4
238.218 45.043 155.225 19 26 3 585 4
238.218 45.043 155.225 20 26 3 585 4
238.218 45.043 155.225 21 26 3 585 4
359.392 81.007 259.773 22 26 3 576 4
359.392 81.007 259.773 23 26 3 576 4
359.392 81.007 259.773 24 26 3 576 4
359.392 81.007 259.773 25 26 3 576 4
359.392 81.007 259.773 26 26 3 576 4
359.392 81.007 259.773 27 26 3 576 4
359.392 81.007 259.773 28 26 3 576 4
359.392 81.007 259.773 29 26 3 576 4
359.392 81.007 259.773 30 26 3 576 4
38.553 161.159 61.399 1 27 3 571 4
0.491 110.263 303.892 2 27 3 401 1
129.806 114.354 247.112 3 27 3 159 1
1.042 59.725 116.902 4 27 3 473 2
338.944 9.698 253.761 5 27 3 147 1
338.944 9.698 253.761 6 27 3 147 1
320.612 38.401 98.679 7 27 3 63 1
320.612 38.401 98.679 8 27 3 63 1
298.851 115.313 303.695 9 27 3 568 2
298.851 115.313 303.695 10 27 3 568 2
298.851 115.313 303.695 11 27 3 568 2
238.218 45.043 155.225 12 27 3 585 4
238.218 45.043 155.225 13 27 3 585 4
238.218 45.043 155.225 14 27 3 585 4
238.218 45.043 155.225 15 27 3 585 4
238.218 45.043 155.225 16 27 3 585 4
238.218 45.043 155.225 17 27 3 585 4
238.218 45.043 155.225 18 27 3 585 4
238.218 45.043 155.225 19 27 3 585 4
238.218 45.043 155.225 20 27 3 585 4
238.218 45.043 155.225 21 27 3 585 4
359.392 81.007 259.773 22 27 3 576 4
359.392 81.007 259.773 23 27 3 576 4
356.881 149.121 79.392 24 27 3 145 1
359.392 81.007 259.773 25 27 3 576 4
359.392 81.007 259.773 26 27 3 576 4
359.392 81.007 259.773 27 27 3 576 4
359.392 81.007 259.773 28 27 3 576 4
359.392 81.007 259.773 29 27 3 576 4
359.392 81.007 259.773 30 27 3 576 4
38.553 161.159 61.399 1 28 3 571 4
0.491 110.263 303.892 2 28 3 401 1
129.806 114.354 247.112 3 28 3 159 1
1.042 59.725 116.902 4 28 3 473 2
338.944 9.698 253.761 5 28 3 147 1
320.612 38.401 98.679 6 28 3 63 1
320.612 38.401 98.679 7 28 3 63 1
119.382 57.581 31.170 8 28 3 344 1
298.851 115.313 303.695 9 28 3 568 2
298.851 115.313 303.695 10 28 3 568 2
298.851 115.313 303.695 11 28 3 568 2
238.218 45.043 155.225 12 28 3 585 4
238.218 45.043 155.225 13 28 3 585 4
238.218 45.043 155.225 14 28 3 585 4
238.218 45.043 155.225 15 28 3 585 4
238.218 45.043 155.225 16 28 3 585 4
238.218 45.043 155.225 17 28 3 585 4
238.218 45.043 155.225 18 28 3 585 4
238.218 45.043 155.225 19 28 3 585 4
238.218 45.043 155.225 20 28 3 585 4
187.430 79.997 22.851 21 28 3 618 2
187.430 79.997 22.851 22 28 3 618 2
359.392 81.007 259.773 23 28 3 576 4
356.881 149.121 79.392 24 28 3 145 1
359.392 81.007 259.773 25 28 3 576 4
359.392 81.007 259.773 26 28 3 576 4
359.392 81.007 259.773 27 28 3 576 4
359.392 81.007 259.773 28 28 3 576 4
359.392 81.007 259.773 29 28 3 576 4
359.392 81.007 259.773 30 28 3 576 4
132.162 137.878 19.634 1 29 3 460 1
132.162 137.878 19.634 2 29 3 460 1
129.806 114.354 247.112 3 29 3 159 1
1.042 59.725 116.902 4 29 3 473 2
338.944 9.698 253.761 5 29 3 147 1
320.612 38.401 98.679 6 29 3 63 1
320.612 38.401 98.679 7 29 3 63 1
119.382 57.581 31.170 8 29 3 344 1
298.851 115.313 303.695 9 29 3 568 2
298.851 115.313 303.695 10 29 3 568 2
298.851 115.313 303.695 11 29 3 568 2
238.218 45.043 155.225 12 29 3 585 4
238.218 45.043 155.225 13 29 3 585 4
238.218 45.043 155.225 14 29 3 585 4
238.218 45.043 155.225 15 29 3 585 4
238.218 45.043 155.225 16 29 3 585 4
238.218 45.043 155.225 17 29 3 585 4
238.218 45.043 155.225 18 29 3 585 4
238.218 45.043 155.225 19 29 3 585 4
61.363 130.295 234.062 20 29 3 522 2
359.392 81.007 259.773 21 29 3 576 4
359.392 81.007 259.773 22 29 3 576 4
359.392 81.007 259.773 23 29 3 576 4
359.392 81.007 259.773 24 29 3 576 4
359.392 81.007 259.773 25 29 3 576 4
359.392 81.007 259.773 26 29 3 576 4
359.392 81.007 259.773 27 29 3 576 4
359.392 81.007 259.773 28 29 3 576 4
359.392 81.007 259.773 29 29 3 576 4
359.392 81.007 259.773 30 29 3 576 4
132.162 137.878 19.634 1 30 3 460 1
132.162 137.878 19.634 2 30 3 460 1
129.806 114.354 247.112 3 30 3 159 1
1.042 59.725 116.902 4 30 3 473 2
338.944 9.698 253.761 5 30 3 147 1
320.612 38.401 98.679 6 30 3 63 1
320.612 38.401 98.679 7 30 3 63 1
119.382 57.581 31.170 8 30 3 344 1
298.851 115.313 303.695 9 30 3 568 2
298.851 115.313 303.695 10 30 3 568 2
33.082 128.630 343.460 11 30 3 417 1
33.082 128.630 343.460 12 30 3 417 1
238.218 45.043 155.225 13 30 3 585 4
238.218 45.043 155.225 14 30 3 585 4
238.218 45.043 155.225 15 30 3 585 4
238.218 45.043 155.225 16 30 3 585 4
238.218 45.043 155.225 17 30 3 585 4
238.218 45.043 155.225 18 30 3 585 4
61.363 130.295 234.062 19 30 3 522 2
61.363 130.295 234.062 20 30 3 522 2
61.363 130.295 234.062 21 30 3 522 2
359.392 81.007 259.773 22 30 3 576 4
359.392 81.007 259.773 23 30 3 576 4
113.854 90.065 168.610 24 30 3 374 1
359.392 81.007 259.773 25 30 3 576 4
359.392 81.007 259.773 26 30 3 576 4
359.392 81.007 259.773 27 30 3 576 4
359.392 81.007 259.773 28 30 3 576 4
34.401 61.257 340.003 29 30 3 552 2
62.811 104.358 311.418 30 30 3 105 1
