333.562 100.457 264.474 1 1 4 362 1
333.562 100.457 264.474 2 1 4 362 1
333.562 100.457 264.474 3 1 4 362 1
174.672 119.185 167.066 4 1 4 392 1
171.053 122.217 88.002 5 1 4 526 2
171.053 122.217 88.002 6 1 4 526 2
90.356 99.234 354.829 7 1 4 104 1
90.356 99.234 354.829 8 1 4 104 1
240.413 46.563 325.425 9 1 4 569 3
240.413 46.563 325.425 10 1 4 569 3
240.413 46.563 325.425 11 1 4 569 3
240.413 46.563 325.425 12 1 4 569 3
240.413 46.563 325.425 13 1 4 569 3
240.413 46.563 325.425 14 1 4 569 3
240.413 46.563 325.425 15 1 4 569 3
240.413 46.563 325.425 16 1 4 569 3
240.413 46.563 325.425 17 1 4 569 3
240.413 46.563 325.425 18 1 4 569 3
240.413 46.563 325.425 19 1 4 569 3
240.413 46.563 325.425 20 1 4 569 3
240.413 46.563 325.425 21 1 4 569 3
240.413 46.563 325.425 22 1 4 569 3
240.413 46.563 325.425 23 1 4 569 3
240.413 46.563 325.425 24 1 4 569 3
185.923 91.538 32.138 25 1 4 339 1
185.923 91.538 32.138 26 1 4 339 1
240.413 46.563 325.425 27 1 4 569 3
240.413 46.563 325.425 28 1 4 569 3
240.413 46.563 325.425 29 1 4 569 3
240.413 46.563 325.425 30 1 4 569 3
333.562 100.457 264.474 1 2 4 362 1
333.562 100.457 264.474 2 2 4 362 1
333.562 100.457 264.474 3 2 4 362 1
279.727 80.638 291.048 4 2 4 304 1
171.053 122.217 88.002 5 2 4 526 2
171.053 122.217 88.002 6 2 4 526 2
171.053 122.217 88.002 7 2 4 526 2
171.053 122.217 88.002 8 2 4 526 2
240.413 46.563 325.425 9 2 4 569 3
240.413 46.563 325.425 10 2 4 569 3
240.413 46.563 325.425 11 2 4 569 3
240.413 46.563 325.425 12 2 4 569 3
240.413 46.563 325.425 13 2 4 569 3
240.413 46.563 325.425 14 2 4 569 3
240.413 46.563 325.425 15 2 4 569 3
240.413 46.563 325.425 16 2 4 569 3
240.413 46.563 325.425 17 2 4 569 3
240.413 46.563 325.425 18 2 4 569 3
240.413 46.563 325.425 19 2 4 569 3
240.413 46.563 325.425 20 2 4 569 3
240.413 46.563 325.425 21 2 4 569 3
240.413 46.563 325.425 22 2 4 569 3
240.413 46.563 325.425 23 2 4 569 3
240.413 46.563 325.425 24 2 4 569 3
240.413 46.563 325.425 25 2 4 569 3
240.413 46.563 325.425 26 2 4 569 3
240.413 46.563 325.425 27 2 4 569 3
240.413 46.563 325.425 28 2 4 569 3
240.413 46.563 325.425 29 2 4 569 3
240.413 46.563 325.425 30 2 4 569 3
333.562 100.457 264.474 1 3 4 362 1
333.562 100.457 264.474 2 3 4 362 1
333.562 100.457 264.474 3 3 4 362 1
333.562 100.457 264.474 4 3 4 362 1
171.053 122.217 88.002 5 3 4 526 2
171.053 122.217 88.002 6 3 4 526 2
171.053 122.217 88.002 7 3 4 526 2
171.053 122.217 88.002 8 3 4 526 2
240.413 46.563 325.425 9 3 4 569 3
240.413 46.563 325.425 10 3 4 569 3
240.413 46.563 325.425 11 3 4 569 3
240.413 46.563 325.425 12 3 4 569 3
240.413 46.563 325.425 13 3 4 569 3
240.413 46.563 325.425 14 3 4 569 3
240.413 46.563 325.425 15 3 4 569 3
240.413 46.563 325.425 16 3 4 569 3
240.413 46.563 325.425 17 3 4 569 3
240.413 46.563 325.425 18 3 4 569 3
240.413 46.563 325.425 19 3 4 569 3
240.413 46.563 325.425 20 3 4 569 3
240.413 46.563 325.425 21 3 4 569 3
240.413 46.563 325.425 22 3 4 569 3
240.413 46.563 325.425 23 3 4 569 3
240.413 46.563 325.425 24 3 4 569 3
240.413 46.563 325.425 25 3 4 569 3
240.413 46.563 325.425 26 3 4 569 3
240.413 46.563 325.425 27 3 4 569 3
240.413 46.563 325.425 28 3 4 569 3
240.413 46.563 325.425 29 3 4 569 3
240.413 46.563 325.425 30 3 4 569 3
333.562 100.457 264.474 1 4 4 362 1
333.562 100.457 264.474 2 4 4 362 1
333.562 100.457 264.474 3 4 4 362 1
333.562 100.457 264.474 4 4 4 362 1
171.053 122.217 88.002 5 4 4 526 2
171.053 122.217 88.002 6 4 4 526 2
171.053 122.217 88.002 7 4 4 526 2
240.413 46.563 325.425 8 4 4 569 3
240.413 46.563 325.425 9 4 4 569 3
240.413 46.563 325.425 10 4 4 569 3
240.413 46.563 325.425 11 4 4 569 3
47.407 118.419 229.216 12 4 4 92 1
240.413 46.563 325.425 13 4 4 569 3
240.413 46.563 325.425 14 4 4 569 3
240.413 46.563 325.425 15 4 4 569 3
240.413 46.563 325.425 16 4 4 569 3
240.413 46.563 325.425 17 4 4 569 3
240.413 46.563 325.425 18 4 4 569 3
240.413 46.563 325.425 19 4 4 569 3
240.413 46.563 325.425 20 4 4 569 3
240.413 46.563 325.425 21 4 4 569 3
38.843 84.542 312.362 22 4 4 85 1
240.413 46.563 325.425 23 4 4 569 3
240.413 46.563 325.425 24 4 4 569 3
240.413 46.563 325.425 25 4 4 569 3
207.004 24.697 283.103 26 4 4 493 2
240.413 46.563 325.425 27 4 4 569 3
240.413 46.563 325.425 28 4 4 569 3
240.413 46.563 325.425 29 4 4 569 3
240.413 46.563 325.425 30 4 4 569 3
333.562 100.457 264.474 1 5 4 362 1
333.562 100.457 264.474 2 5 4 362 1
333.562 100.457 264.474 3 5 4 362 1
225.714 93.542 32.512 4 5 4 152 1
225.714 93.542 32.512 5 5 4 152 1
171.053 122.217 88.002 6 5 4 526 2
240.413 46.563 325.425 7 5 4 569 3
240.413 46.563 325.425 8 5 4 569 3
240.413 46.563 325.425 9 5 4 569 3
240.413 46.563 325.425 10 5 4 569 3
240.413 46.563 325.425 11 5 4 569 3
240.413 46.563 325.425 12 5 4 569 3
240.413 46.563 325.425 13 5 4 569 3
240.413 46.563 325.425 14 5 4 569 3
240.413 46.563 325.425 15 5 4 569 3
240.413 46.563 325.425 16 5 4 569 3
240.413 46.563 325.425 17 5 4 569 3
240.413 46.563 325.425 18 5 4 569 3
240.413 46.563 325.425 19 5 4 569 3
240.413 46.563 325.425 20 5 4 569 3
240.413 46.563 325.425 21 5 4 569 3
240.413 46.563 325.425 22 5 4 569 3
240.413 46.563 325.425 23 5 4 569 3
240.413 46.563 325.425 24 5 4 569 3
240.413 46.563 325.425 25 5 4 569 3
240.413 46.563 325.425 26 5 4 569 3
240.413 46.563 325.425 27 5 4 569 3
240.413 46.563 325.425 28 5 4 569 3
240.413 46.563 325.425 29 5 4 569 3
240.413 46.563 325.425 30 5 4 569 3
333.562 100.457 264.474 1 6 4 362 1
175.901 133.015 328.099 2 6 4 593 1
225.714 93.542 32.512 3 6 4 152 1
225.714 93.542 32.512 4 6 4 152 1
225.714 93.542 32.512 5 6 4 152 1
182.817 71.713 213.327 6 6 4 120 1
59.148 72.812 157.289 7 6 4 553 2
59.148 72.812 157.289 8 6 4 553 2
240.413 46.563 325.425 9 6 4 569 3
240.413 46.563 325.425 10 6 4 569 3
240.413 46.563 325.425 11 6 4 569 3
188.652 89.998 233.408 12 6 4 369 1
240.413 46.563 325.425 13 6 4 569 3
240.413 46.563 325.425 14 6 4 569 3
240.413 46.563 325.425 15 6 4 569 3
240.413 46.563 325.425 16 6 4 569 3
240.413 46.563 325.425 17 6 4 569 3
240.413 46.563 325.425 18 6 4 569 3
240.413 46.563 325.425 19 6 4 569 3
240.413 46.563 325.425 20 6 4 569 3
240.413 46.563 325.425 21 6 4 569 3
240.413 46.563 325.425 22 6 4 569 3
240.413 46.563 325.425 23 6 4 569 3
240.413 46.563 325.425 24 6 4 569 3
240.413 46.563 325.425 25 6 4 569 3
240.413 46.563 325.425 26 6 4 569 3
240.413 46.563 325.425 27 6 4 569 3
240.413 46.563 325.425 28 6 4 569 3
240.413 46.563 325.425 29 6 4 569 3
240.413 46.563 325.425 30 6 4 569 3
38.553 161.159 61.399 1 7 4 571 4
175.901 133.015 328.099 2 7 4 593 1
38.553 161.159 61.399 3 7 4 571 4
225.714 93.542 32.512 4 7 4 152 1
225.714 93.542 32.512 5 7 4 152 1
182.817 71.713 213.327 6 7 4 120 1
59.148 72.812 157.289 7 7 4 553 2
59.148 72.812 157.289 8 7 4 553 2
240.413 46.563 325.425 9 7 4 569 3
240.413 46.563 325.425 10 7 4 569 3
240.413 46.563 325.425 11 7 4 569 3
240.413 46.563 325.425 12 7 4 569 3
240.413 46.563 325.425 13 7 4 569 3
240.413 46.563 325.425 14 7 4 569 3
240.413 46.563 325.425 15 7 4 569 3
240.413 46.563 325.425 16 7 4 569 3
240.413 46.563 325.425 17 7 4 569 3
240.413 46.563 325.425 18 7 4 569 3
240.413 46.563 325.425 19 7 4 569 3
240.413 46.563 325.425 20 7 4 569 3
240.413 46.563 325.425 21 7 4 569 3
240.413 46.563 325.425 22 7 4 569 3
240.413 46.563 325.425 23 7 4 569 3
240.413 46.563 325.425 24 7 4 569 3
240.413 46.563 325.425 25 7 4 569 3
240.413 46.563 325.425 26 7 4 569 3
240.413 46.563 325.425 27 7 4 569 3
240.413 46.563 325.425 28 7 4 569 3
240.413 46.563 325.425 29 7 4 569 3
240.413 46.563 325.425 30 7 4 569 3
38.553 161.159 61.399 1 8 4 571 4
38.553 161.159 61.399 2 8 4 571 4
38.553 161.159 61.399 3 8 4 571 4
124.322 73.766 140.067 4 8 4 14 1
38.553 161.159 61.399 5 8 4 571 4
145.468 97.533 162.802 6 8 4 427 1
59.148 72.812 157.289 7 8 4 553 2
240.413 46.563 325.425 8 8 4 569 3
240.413 46.563 325.425 9 8 4 569 3
240.413 46.563 325.425 10 8 4 569 3
240.413 46.563 325.425 11 8 4 569 3
240.413 46.563 325.425 12 8 4 569 3
240.413 46.563 325.425 13 8 4 569 3
321.400 123.566 330.646 14 8 4 142 1
240.413 46.563 325.425 15 8 4 569 3
240.413 46.563 325.425 16 8 4 569 3
240.413 46.563 325.425 17 8 4 569 3
240.413 46.563 325.425 18 8 4 569 3
240.413 46.563 325.425 19 8 4 569 3
240.413 46.563 325.425 20 8 4 569 3
240.413 46.563 325.425 21 8 4 569 3
240.413 46.563 325.425 22 8 4 569 3
240.413 46.563 325.425 23 8 4 569 3
240.413 46.563 325.425 24 8 4 569 3
240.413 46.563 325.425 25 8 4 569 3
240.413 46.563 325.425 26 8 4 569 3
240.413 46.563 325.425 27 8 4 569 3
240.413 46.563 325.425 28 8 4 569 3
240.413 46.563 325.425 29 8 4 569 3
240.413 46.563 325.425 30 8 4 569 3
38.553 161.159 61.399 1 9 4 571 4
38.553 161.159 61.399 2 9 4 571 4
38.553 161.159 61.399 3 9 4 571 4
38.553 161.159 61.399 4 9 4 571 4
104.492 96.377 300.105 5 9 4 96 1
38.553 161.159 61.399 6 9 4 571 4
38.553 161.159 61.399 7 9 4 571 4
38.553 161.159 61.399 8 9 4 571 4
240.413 46.563 325.425 9 9 4 569 3
240.413 46.563 325.425 10 9 4 569 3
240.413 46.563 325.425 11 9 4 569 3
240.413 46.563 325.425 12 9 4 569 3
240.413 46.563 325.425 13 9 4 569 3
240.413 46.563 325.425 14 9 4 569 3
240.413 46.563 325.425 15 9 4 569 3
240.413 46.563 325.425 16 9 4 569 3
240.413 46.563 325.425 17 9 4 569 3
240.413 46.563 325.425 18 9 4 569 3
240.413 46.563 325.425 19 9 4 569 3
240.413 46.563 325.425 20 9 4 569 3
240.413 46.563 325.425 21 9 4 569 3
240.413 46.563 325.425 22 9 4 569 3
240.413 46.563 325.425 23 9 4 569 3
240.413 46.563 325.425 24 9 4 569 3
240.413 46.563 325.425 25 9 4 569 3
240.413 46.563 325.425 26 9 4 569 3
240.413 46.563 325.425 27 9 4 569 3
240.413 46.563 325.425 28 9 4 569 3
240.413 46.563 325.425 29 9 4 569 3
240.413 46.563 325.425 30 9 4 569 3
38.553 161.159 61.399 1 10 4 571 4
38.553 161.159 61.399 2 10 4 571 4
38.553 161.159 61.399 3 10 4 571 4
38.553 161.159 61.399 4 10 4 571 4
38.553 161.159 61.399 5 10 4 571 4
38.553 161.159 61.399 6 10 4 571 4
38.553 161.159 61.399 7 10 4 571 4
68.393 84.405 250.760 8 10 4 338 1
68.393 84.405 250.760 9 10 4 338 1
240.413 46.563 325.425 10 10 4 569 3
240.413 46.563 325.425 11 10 4 569 3
240.413 46.563 325.425 12 10 4 569 3
240.413 46.563 325.425 13 10 4 569 3
240.413 46.563 325.425 14 10 4 569 3
240.413 46.563 325.425 15 10 4 569 3
240.413 46.563 325.425 16 10 4 569 3
240.413 46.563 325.425 17 10 4 569 3
340.492 68.562 306.972 18 10 4 260 1
240.413 46.563 325.425 19 10 4 569 3
240.413 46.563 325.425 20 10 4 569 3
240.413 46.563 325.425 21 10 4 569 3
240.413 46.563 325.425 22 10 4 569 3
240.413 46.563 325.425 23 10 4 569 3
240.413 46.563 325.425 24 10 4 569 3
240.413 46.563 325.425 25 10 4 569 3
240.413 46.563 325.425 26 10 4 569 3
240.413 46.563 325.425 27 10 4 569 3
240.413 46.563 325.425 28 10 4 569 3
240.413 46.563 325.425 29 10 4 569 3
240.413 46.563 325.425 30 10 4 569 3
38.553 161.159 61.399 1 11 4 571 4
38.553 161.159 61.399 2 11 4 571 4
38.553 161.159 61.399 3 11 4 571 4
38.553 161.159 61.399 4 11 4 571 4
38.553 161.159 61.399 5 11 4 571 4
38.553 161.159 61.399 6 11 4 571 4
38.553 161.159 61.399 7 11 4 571 4
68.393 84.405 250.760 8 11 4 338 1
68.393 84.405 250.760 9 11 4 338 1
38.553 161.159 61.399 10 11 4 571 4
240.413 46.563 325.425 11 11 4 569 3
240.413 46.563 325.425 12 11 4 569 3
240.413 46.563 325.425 13 11 4 569 3
240.413 46.563 325.425 14 11 4 569 3
240.413 46.563 325.425 15 11 4 569 3
240.413 46.563 325.425 16 11 4 569 3
240.413 46.563 325.425 17 11 4 569 3
240.413 46.563 325.425 18 11 4 569 3
240.413 46.563 325.425 19 11 4 569 3
240.413 46.563 325.425 20 11 4 569 3
240.413 46.563 325.425 21 11 4 569 3
240.413 46.563 325.425 22 11 4 569 3
240.413 46.563 325.425 23 11 4 569 3
240.413 46.563 325.425 24 11 4 569 3
240.413 46.563 325.425 25 11 4 569 3
240.413 46.563 325.425 26 11 4 569 3
240.413 46.563 325.425 27 11 4 569 3
240.413 46.563 325.425 28 11 4 569 3
240.413 46.563 325.425 29 11 4 569 3
240.413 46.563 325.425 30 11 4 569 3
38.553 161.159 61.399 1 12 4 571 4
225.904 46.144 177.346 2 12 4 387 1
38.553 161.159 61.399 3 12 4 571 4
38.553 161.159 61.399 4 12 4 571 4
38.553 161.159 61.399 5 12 4 571 4
139.374 48.604 261.311 6 12 4 347 1
38.553 161.159 61.399 7 12 4 571 4
266.712 118.249 25.977 8 12 4 399 1
38.553 161.159 61.399 9 12 4 571 4
38.553 161.159 61.399 10 12 4 571 4
38.553 161.159 61.399 11 12 4 571 4
240.413 46.563 325.425 12 12 4 569 3
240.413 46.563 325.425 13 12 4 569 3
240.413 46.563 325.425 14 12 4 569 3
240.413 46.563 325.425 15 12 4 569 3
240.413 46.563 325.425 16 12 4 569 3
240.413 46.563 325.425 17 12 4 569 3
129.783 95.024 175.139 18 12 4 253 1
240.413 46.563 325.425 19 12 4 569 3
240.413 46.563 325.425 20 12 4 569 3
240.413 46.563 325.425 21 12 4 569 3
240.413 46.563 325.425 22 12 4 569 3
240.413 46.563 325.425 23 12 4 569 3
240.413 46.563 325.425 24 12 4 569 3
240.413 46.563 325.425 25 12 4 569 3
92.152 91.258 204.683 26 12 4 497 2
240.413 46.563 325.425 27 12 4 569 3
240.413 46.563 325.425 28 12 4 569 3
248.597 44.665 264.301 29 12 4 508 2
240.413 46.563 325.425 30 12 4 569 3
38.553 161.159 61.399 1 13 4 571 4
38.553 161.159 61.399 2 13 4 571 4
38.553 161.159 61.399 3 13 4 571 4
38.553 161.159 61.399 4 13 4 571 4
38.553 161.159 61.399 5 13 4 571 4
38.553 161.159 61.399 6 13 4 571 4
38.553 161.159 61.399 7 13 4 571 4
38.553 161.159 61.399 8 13 4 571 4
38.553 161.159 61.399 9 13 4 571 4
38.553 161.159 61.399 10 13 4 571 4
38.553 161.159 61.399 11 13 4 571 4
240.413 46.563 325.425 12 13 4 569 3
240.413 46.563 325.425 13 13 4 569 3
240.413 46.563 325.425 14 13 4 569 3
240.413 46.563 325.425 15 13 4 569 3
240.413 46.563 325.425 16 13 4 569 3
240.413 46.563 325.425 17 13 4 569 3
240.413 46.563 325.425 18 13 4 569 3
240.413 46.563 325.425 19 13 4 569 3
240.413 46.563 325.425 20 13 4 569 3
240.413 46.563 325.425 21 13 4 569 3
240.413 46.563 325.425 22 13 4 569 3
240.413 46.563 325.425 23 13 4 569 3
240.413 46.563 325.425 24 13 4 569 3
240.413 46.563 325.425 25 13 4 569 3
240.413 46.563 325.425 26 13 4 569 3
240.413 46.563 325.425 27 13 4 569 3
240.413 46.563 325.425 28 13 4 569 3
248.597 44.665 264.301 29 13 4 508 2
240.413 46.563 325.425 30 13 4 569 3
38.553 161.159 61.399 1 14 4 571 4
38.553 161.159 61.399 2 14 4 571 4
38.553 161.159 61.399 3 14 4 571 4
38.553 161.159 61.399 4 14 4 571 4
38.553 161.159 61.399 5 14 4 571 4
38.553 161.159 61.399 6 14 4 571 4
38.553 161.159 61.399 7 14 4 571 4
38.553 161.159 61.399 8 14 4 571 4
38.553 161.159 61.399 9 14 4 571 4
64.437 130.601 293.250 10 14 4 156 1
38.553 161.159 61.399 11 14 4 571 4
217.985 82.978 307.454 12 14 4 367 1
240.413 46.563 325.425 13 14 4 569 3
240.413 46.563 325.425 14 14 4 569 3
240.413 46.563 325.425 15 14 4 569 3
240.413 46.563 325.425 16 14 4 569 3
240.413 46.563 325.425 17 14 4 569 3
240.413 46.563 325.425 18 14 4 569 3
240.413 46.563 325.425 19 14 4 569 3
240.413 46.563 325.425 20 14 4 569 3
240.413 46.563 325.425 21 14 4 569 3
240.413 46.563 325.425 22 14 4 569 3
240.413 46.563 325.425 23 14 4 569 3
240.413 46.563 325.425 24 14 4 569 3
240.413 46.563 325.425 25 14 4 569 3
240.413 46.563 325.425 26 14 4 569 3
240.413 46.563 325.425 27 14 4 569 3
240.413 46.563 325.425 28 14 4 569 3
240.413 46.563 325.425 29 14 4 569 3
240.413 46.563 325.425 30 14 4 569 3
38.553 161.159 61.399 1 15 4 571 4
38.553 161.159 61.399 2 15 4 571 4
38.553 161.159 61.399 3 15 4 571 4
38.553 161.159 61.399 4 15 4 571 4
38.553 161.159 61.399 5 15 4 571 4
38.553 161.159 61.399 6 15 4 571 4
38.553 161.159 61.399 7 15 4 571 4
38.553 161.159 61.399 8 15 4 571 4
38.553 161.159 61.399 9 15 4 571 4
38.553 161.159 61.399 10 15 4 571 4
38.553 161.159 61.399 11 15 4 571 4
38.553 161.159 61.399 12 15 4 571 4
38.553 161.159 61.399 13 15 4 571 4
240.413 46.563 325.425 14 15 4 569 3
240.413 46.563 325.425 15 15 4 569 3
240.413 46.563 325.425 16 15 4 569 3
240.413 46.563 325.425 17 15 4 569 3
240.413 46.563 325.425 18 15 4 569 3
240.413 46.563 325.425 19 15 4 569 3
240.413 46.563 325.425 20 15 4 569 3
240.413 46.563 325.425 21 15 4 569 3
240.413 46.563 325.425 22 15 4 569 3
240.413 46.563 325.425 23 15 4 569 3
240.413 46.563 325.425 24 15 4 569 3
240.413 46.563 325.425 25 15 4 569 3
240.413 46.563 325.425 26 15 4 569 3
240.413 46.563 325.425 27 15 4 569 3
240.413 46.563 325.425 28 15 4 569 3
359.392 81.007 259.773 29 15 4 576 4
359.392 81.007 259.773 30 15 4 576 4
38.553 161.159 61.399 1 16 4 571 4
49.090 69.691 222.827 2 16 4 182 1
38.553 161.159 61.399 3 16 4 571 4
247.561 30.014 31.425 4 16 4 353 1
38.553 161.159 61.399 5 16 4 571 4
173.483 43.540 67.363 6 16 4 31 1
38.553 161.159 61.399 7 16 4 571 4
38.553 161.159 61.399 8 16 4 571 4
27.414 52.162 10.845 9 16 4 610 1
264.846 51.967 10.537 10 16 4 313 1
38.553 161.159 61.399 11 16 4 571 4
38.553 161.159 61.399 12 16 4 571 4
38.553 161.159 61.399 13 16 4 571 4
133.141 72.442 302.064 14 16 4 597 1
133.141 72.442 302.064 15 16 4 597 1
240.413 46.563 325.425 16 16 4 569 3
240.413 46.563 325.425 17 16 4 569 3
22.503 133.892 20.631 18 16 4 132 1
311.445 55.821 306.005 19 16 4 478 2
311.445 55.821 306.005 20 16 4 478 2
311.445 55.821 306.005 21 16 4 478 2
240.413 46.563 325.425 22 16 4 569 3
240.413 46.563 325.425 23 16 4 569 3
240.413 46.563 325.425 24 16 4 569 3
240.413 46.563 325.425 25 16 4 569 3
240.413 46.563 325.425 26 16 4 569 3
240.413 46.563 325.425 27 16 4 569 3
359.392 81.007 259.773 28 16 4 576 4
297.932 40.203 31.594 29 16 4 316 1
359.392 81.007 259.773 30 16 4 576 4
38.553 161.159 61.399 1 17 4 571 4
38.553 161.159 61.399 2 17 4 571 4
38.553 161.159 61.399 3 17 4 571 4
38.553 161.159 61.399 4 17 4 571 4
38.553 161.159 61.399 5 17 4 571 4
38.553 161.159 61.399 6 17 4 571 4
38.553 161.159 61.399 7 17 4 571 4
38.553 161.159 61.399 8 17 4 571 4
38.553 161.159 61.399 9 17 4 571 4
38.553 161.159 61.399 10 17 4 571 4
38.553 161.159 61.399 11 17 4 571 4
38.553 161.159 61.399 12 17 4 571 4
38.553 161.159 61.399 13 17 4 571 4
133.141 72.442 302.064 14 17 4 597 1
277.507 115.473 72.338 15 17 4 443 1
277.507 115.473 72.338 16 17 4 443 1
311.445 55.821 306.005 17 17 4 478 2
311.445 55.821 306.005 18 17 4 478 2
311.445 55.821 306.005 19 17 4 478 2
311.445 55.821 306.005 20 17 4 478 2
311.445 55.821 306.005 21 17 4 478 2
311.445 55.821 306.005 22 17 4 478 2
311.445 55.821 306.005 23 17 4 478 2
240.413 46.563 325.425 24 17 4 569 3
240.413 46.563 325.425 25 17 4 569 3
359.392 81.007 259.773 26 17 4 576 4
359.392 81.007 259.773 27 17 4 576 4
297.932 40.203 31.594 28 17 4 316 1
297.932 40.203 31.594 29 17 4 316 1
359.392 81.007 259.773 30 17 4 576 4
38.553 161.159 61.399 1 18 4 571 4
38.553 161.159 61.399 2 18 4 571 4
38.553 161.159 61.399 3 18 4 571 4
38.553 161.159 61.399 4 18 4 571 4
38.553 161.159 61.399 5 18 4 571 4
38.553 161.159 61.399 6 18 4 571 4
38.553 161.159 61.399 7 18 4 571 4
38.553 161.159 61.399 8 18 4 571 4
38.553 161.159 61.399 9 18 4 571 4
38.553 161.159 61.399 10 18 4 571 4
38.553 161.159 61.399 11 18 4 571 4
38.553 161.159 61.399 12 18 4 571 4
38.553 161.159 61.399 13 18 4 571 4
355.395 144.881 306.395 14 18 4 570 4
355.395 144.881 306.395 15 18 4 570 4
355.395 144.881 306.395 16 18 4 570 4
355.395 144.881 306.395 17 18 4 570 4
311.445 55.821 306.005 18 18 4 478 2
311.445 55.821 306.005 19 18 4 478 2
311.445 55.821 306.005 20 18 4 478 2
311.445 55.821 306.005 21 18 4 478 2
311.445 55.821 306.005 22 18 4 478 2
311.445 55.821 306.005 23 18 4 478 2
168.000 118.190 82.347 24 18 4 573 4
359.392 81.007 259.773 25 18 4 576 4
359.392 81.007 259.773 26 18 4 576 4
359.392 81.007 259.773 27 18 4 576 4
359.392 81.007 259.773 28 18 4 576 4
359.392 81.007 259.773 29 18 4 576 4
359.392 81.007 259.773 30 18 4 576 4
38.553 161.159 61.399 1 19 4 571 4
38.553 161.159 61.399 2 19 4 571 4
38.553 161.159 61.399 3 19 4 571 4
38.553 161.159 61.399 4 19 4 571 4
38.553 161.159 61.399 5 19 4 571 4
38.553 161.159 61.399 6 19 4 571 4
38.553 161.159 61.399 7 19 4 571 4
38.553 161.159 61.399 8 19 4 571 4
118.233 84.112 251.122 9 19 4 11 1
38.553 161.159 61.399 10 19 4 571 4
38.553 161.159 61.399 11 19 4 571 4
38.553 161.159 61.399 12 19 4 571 4
170.465 142.270 110.841 13 19 4 26 1
355.395 144.881 306.395 14 19 4 570 4
355.395 144.881 306.395 15 19 4 570 4
355.395 144.881 306.395 16 19 4 570 4
355.395 144.881 306.395 17 19 4 570 4
355.395 144.881 306.395 18 19 4 570 4
311.445 55.821 306.005 19 19 4 478 2
311.445 55.821 306.005 20 19 4 478 2
311.445 55.821 306.005 21 19 4 478 2
311.445 55.821 306.005 22 19 4 478 2
311.445 55.821 306.005 23 19 4 478 2
275.093 141.408 118.734 24 19 4 76 1
359.392 81.007 259.773 25 19 4 576 4
359.392 81.007 259.773 26 19 4 576 4
359.392 81.007 259.773 27 19 4 576 4
359.392 81.007 259.773 28 19 4 576 4
359.392 81.007 259.773 29 19 4 576 4
359.392 81.007 259.773 30 19 4 576 4
38.553 161.159 61.399 1 20 4 571 4
38.553 161.159 61.399 2 20 4 571 4
38.553 161.159 61.399 3 20 4 571 4
61.154 129.193 290.446 4 20 4 290 1
38.553 161.159 61.399 5 20 4 571 4
38.553 161.159 61.399 6 20 4 571 4
38.553 161.159 61.399 7 20 4 571 4
38.553 161.159 61.399 8 20 4 571 4
38.553 161.159 61.399 9 20 4 571 4
38.553 161.159 61.399 10 20 4 571 4
38.553 161.159 61.399 11 20 4 571 4
355.395 144.881 306.395 12 20 4 570 4
355.395 144.881 306.395 13 20 4 570 4
355.395 144.881 306.395 14 20 4 570 4
355.395 144.881 306.395 15 20 4 570 4
355.395 144.881 306.395 16 20 4 570 4
355.395 144.881 306.395 17 20 4 570 4
355.395 144.881 306.395 18 20 4 570 4
355.395 144.881 306.395 19 20 4 570 4
168.000 118.190 82.347 20 20 4 573 4
168.000 118.190 82.347 21 20 4 573 4
168.000 118.190 82.347 22 20 4 573 4
168.000 118.190 82.347 23 20 4 573 4
168.000 118.190 82.347 24 20 4 573 4
359.392 81.007 259.773 25 20 4 576 4
359.392 81.007 259.773 26 20 4 576 4
359.392 81.007 259.773 27 20 4 576 4
359.392 81.007 259.773 28 20 4 576 4
359.392 81.007 259.773 29 20 4 576 4
359.392 81.007 259.773 30 20 4 576 4
38.553 161.159 61.399 1 21 4 571 4
38.553 161.159 61.399 2 21 4 571 4
38.553 161.159 61.399 3 21 4 571 4
38.553 161.159 61.399 4 21 4 571 4
38.553 161.159 61.399 5 21 4 571 4
38.553 161.159 61.399 6 21 4 571 4
38.553 161.159 61.399 7 21 4 571 4
38.553 161.159 61.399 8 21 4 571 4
38.553 161.159 61.399 9 21 4 571 4
38.553 161.159 61.399 10 21 4 571 4
38.553 161.159 61.399 11 21 4 571 4
355.395 144.881 306.395 12 21 4 570 4
355.395 144.881 306.395 13 21 4 570 4
355.395 144.881 306.395 14 21 4 570 4
355.395 144.881 306.395 15 21 4 570 4
355.395 144.881 306.395 16 21 4 570 4
355.395 144.881 306.395 17 21 4 570 4
355.395 144.881 306.395 18 21 4 570 4
355.395 144.881 306.395 19 21 4 570 4
168.000 118.190 82.347 20 21 4 573 4
168.000 118.190 82.347 21 21 4 573 4
168.000 118.190 82.347 22 21 4 573 4
168.000 118.190 82.347 23 21 4 573 4
168.000 118.190 82.347 24 21 4 573 4
359.392 81.007 259.773 25 21 4 576 4
359.392 81.007 259.773 26 21 4 576 4
359.392 81.007 259.773 27 21 4 576 4
359.392 81.007 259.773 28 21 4 576 4
359.392 81.007 259.773 29 21 4 576 4
359.392 81.007 259.773 30 21 4 576 4
38.553 161.159 61.399 1 22 4 571 4
38.553 161.159 61.399 2 22 4 571 4
38.553 161.159 61.399 3 22 4 571 4
38.553 161.159 61.399 4 22 4 571 4
38.553 161.159 61.399 5 22 4 571 4
338.295 56.416 117.477 6 22 4 77 1
38.553 161.159 61.399 7 22 4 571 4
38.553 161.159 61.399 8 22 4 571 4
38.553 161.159 61.399 9 22 4 571 4
38.553 161.159 61.399 10 22 4 571 4
38.553 161.159 61.399 11 22 4 571 4
355.395 144.881 306.395 12 22 4 570 4
355.395 144.881 306.395 13 22 4 570 4
355.395 144.881 306.395 14 22 4 570 4
355.395 144.881 306.395 15 22 4 570 4
355.395 144.881 306.395 16 22 4 570 4
355.395 144.881 306.395 17 22 4 570 4
355.395 144.881 306.395 18 22 4 570 4
355.395 144.881 306.395 19 22 4 570 4
117.862 48.843 211.688 20 22 4 49 1
168.000 118.190 82.347 21 22 4 573 4
168.000 118.190 82.347 22 22 4 573 4
168.000 118.190 82.347 23 22 4 573 4
168.000 118.190 82.347 24 22 4 573 4
359.392 81.007 259.773 25 22 4 576 4
359.392 81.007 259.773 26 22 4 576 4
359.392 81.007 259.773 27 22 4 576 4
359.392 81.007 259.773 28 22 4 576 4
359.392 81.007 259.773 29 22 4 576 4
359.392 81.007 259.773 30 22 4 576 4
38.553 161.159 61.399 1 23 4 571 4
38.553 161.159 61.399 2 23 4 571 4
38.553 161.159 61.399 3 23 4 571 4
38.553 161.159 61.399 4 23 4 571 4
38.553 161.159 61.399 5 23 4 571 4
38.553 161.159 61.399 6 23 4 571 4
38.553 161.159 61.399 7 23 4 571 4
38.553 161.159 61.399 8 23 4 571 4
38.553 161.159 61.399 9 23 4 571 4
38.553 161.159 61.399 10 23 4 571 4
204.468 85.731 341.311 11 23 4 121 1
204.468 85.731 341.311 12 23 4 121 1
204.468 85.731 341.311 13 23 4 121 1
355.395 144.881 306.395 14 23 4 570 4
355.395 144.881 306.395 15 23 4 570 4
355.395 144.881 306.395 16 23 4 570 4
355.395 144.881 306.395 17 23 4 570 4
355.395 144.881 306.395 18 23 4 570 4
168.000 118.190 82.347 19 23 4 573 4
168.000 118.190 82.347 20 23 4 573 4
168.000 118.190 82.347 21 23 4 573 4
168.000 118.190 82.347 22 23 4 573 4
168.000 118.190 82.347 23 23 4 573 4
359.392 81.007 259.773 24 23 4 576 4
359.392 81.007 259.773 25 23 4 576 4
359.392 81.007 259.773 26 23 4 576 4
359.392 81.007 259.773 27 23 4 576 4
359.392 81.007 259.773 28 23 4 576 4
359.392 81.007 259.773 29 23 4 576 4
359.392 81.007 259.773 30 23 4 576 4
38.553 161.159 61.399 1 24 4 571 4
324.135 95.284 132.849 2 24 4 51 1
38.553 161.159 61.399 3 24 4 571 4
38.553 161.159 61.399 4 24 4 571 4
38.553 161.159 61.399 5 24 4 571 4
228.984 115.152 10.772 6 24 4 216 1
168.092 41.691 62.946 7 24 4 337 1
54.693 103.545 256.725 8 24 4 56 1
38.553 161.159 61.399 9 24 4 571 4
38.553 161.159 61.399 10 24 4 571 4
204.468 85.731 341.311 11 24 4 121 1
204.468 85.731 341.311 12 24 4 121 1
204.468 85.731 341.311 13 24 4 121 1
355.395 144.881 306.395 14 24 4 570 4
355.395 144.881 306.395 15 24 4 570 4
355.395 144.881 306.395 16 24 4 570 4
355.395 144.881 306.395 17 24 4 570 4
238.218 45.043 155.225 18 24 4 585 4
168.000 118.190 82.347 19 24 4 573 4
168.000 118.190 82.347 20 24 4 573 4
168.000 118.190 82.347 21 24 4 573 4
168.000 118.190 82.347 22 24 4 573 4
168.000 118.190 82.347 23 24 4 573 4
359.392 81.007 259.773 24 24 4 576 4
359.392 81.007 259.773 25 24 4 576 4
359.392 81.007 259.773 26 24 4 576 4
359.392 81.007 259.773 27 24 4 576 4
359.392 81.007 259.773 28 24 4 576 4
359.392 81.007 259.773 29 24 4 576 4
359.392 81.007 259.773 30 24 4 576 4
0.491 110.263 303.892 1 25 4 401 1
0.491 110.263 303.892 2 25 4 401 1
38.553 161.159 61.399 3 25 4 571 4
1.042 59.725 116.902 4 25 4 473 2
38.553 161.159 61.399 5 25 4 571 4
228.984 115.152 10.772 6 25 4 216 1
38.553 161.159 61.399 7 25 4 571 4
38.553 161.159 61.399 8 25 4 571 4
38.553 161.159 61.399 9 25 4 571 4
204.468 85.731 341.311 10 25 4 121 1
204.468 85.731 341.311 11 25 4 121 1
204.468 85.731 341.311 12 25 4 121 1
204.468 85.731 341.311 13 25 4 121 1
238.218 45.043 155.225 14 25 4 585 4
238.218 45.043 155.225 15 25 4 585 4
238.218 45.043 155.225 16 25 4 585 4
238.218 45.043 155.225 17 25 4 585 4
238.218 45.043 155.225 18 25 4 585 4
238.218 45.043 155.225 19 25 4 585 4
238.218 45.043 155.225 20 25 4 585 4
168.000 118.190 82.347 21 25 4 573 4
168.000 118.190 82.347 22 25 4 573 4
359.392 81.007 259.773 23 25 4 576 4
359.392 81.007 259.773 24 25 4 576 4
359.392 81.007 259.773 25 25 4 576 4
359.392 81.007 259.773 26 25 4 576 4
359.392 81.007 259.773 27 25 4 576 4
359.392 81.007 259.773 28 25 4 576 4
359.392 81.007 259.773 29 25 4 576 4
359.392 81.007 259.773 30 25 4 576 4
38.553 161.159 61.399 1 26 4 571 4
220.833 121.265 134.453 2 26 4 341 1
1.042 59.725 116.902 3 26 4 473 2
1.042 59.725 116.902 4 26 4 473 2
1.042 59.725 116.902 5 26 4 473 2
38.553 161.159 61.399 6 26 4 571 4
38.553 161.159 61.399 7 26 4 571 4
320.612 38.401 98.679 8 26 4 63 1
298.851 115.313 303.695 9 26 4 568 2
298.851 115.313 303.695 10 26 4 568 2
204.468 85.731 341.311 11 26 4 121 1
238.218 45.043 155.225 12 26 4 585 4
238.218 45.043 155.225 13 26 4 585 4
238.218 45.043 155.225 14 26 4 585 4
238.218 45.043 155.225 15 26 4 585 4
238.218 45.043 155.225 16 26 4 585 4
238.218 45.043 155.225 17 26 4 585 4
238.218 45.043 155.225 18 26 4 585 4
238.218 45.043 155.225 19 26 4 585 4
238.218 45.043 155.225 20 26 4 585 4
168.000 118.190 82.347 21 26 4 573 4
168.000 118.190 82.347 22 26 4 573 4
359.392 81.007 259.773 23 26 4 576 4
67.619 59.393 305.109 24 26 4 214 1
359.392 81.007 259.773 25 26 4 576 4
359.392 81.007 259.773 26 26 4 576 4
359.392 81.007 259.773 27 26 4 576 4
359.392 81.007 259.773 28 26 4 576 4
359.392 81.007 259.773 29 26 4 576 4
359.392 81.007 259.773 30 26 4 576 4
38.553 161.159 61.399 1 27 4 571 4
220.833 121.265 134.453 2 27 4 341 1
1.042 59.725 116.902 3 27 4 473 2
1.042 59.725 116.902 4 27 4 473 2
338.944 9.698 253.761 5 27 4 147 1
38.553 161.159 61.399 6 27 4 571 4
320.612 38.401 98.679 7 27 4 63 1
206.377 80.991 238.030 8 27 4 315 1
298.851 115.313 303.695 9 27 4 568 2
298.851 115.313 303.695 10 27 4 568 2
298.851 115.313 303.695 11 27 4 568 2
238.218 45.043 155.225 12 27 4 585 4
238.218 45.043 155.225 13 27 4 585 4
238.218 45.043 155.225 14 27 4 585 4
238.218 45.043 155.225 15 27 4 585 4
238.218 45.043 155.225 16 27 4 585 4
238.218 45.043 155.225 17 27 4 585 4
238.218 45.043 155.225 18 27 4 585 4
238.218 45.043 155.225 19 27 4 585 4
238.218 45.043 155.225 20 27 4 585 4
238.218 45.043 155.225 21 27 4 585 4
359.392 81.007 259.773 22 27 4 576 4
359.392 81.007 259.773 23 27 4 576 4
356.881 149.121 79.392 24 27 4 145 1
359.392 81.007 259.773 25 27 4 576 4
359.392 81.007 259.773 26 27 4 576 4
359.392 81.007 259.773 27 27 4 576 4
359.392 81.007 259.773 28 27 4 576 4
359.392 81.007 259.773 29 27 4 576 4
359.392 81.007 259.773 30 27 4 576 4
38.553 161.159 61.399 1 28 4 571 4
220.833 121.265 134.453 2 28 4 341 1
1.042 59.725 116.902 3 28 4 473 2
1.042 59.725 116.902 4 28 4 473 2
338.944 9.698 253.761 5 28 4 147 1
338.944 9.698 253.761 6 28 4 147 1
206.377 80.991 238.030 7 28 4 315 1
206.377 80.991 238.030 8 28 4 315 1
298.851 115.313 303.695 9 28 4 568 2
298.851 115.313 303.695 10 28 4 568 2
298.851 115.313 303.695 11 28 4 568 2
238.218 45.043 155.225 12 28 4 585 4
238.218 45.043 155.225 13 28 4 585 4
238.218 45.043 155.225 14 28 4 585 4
238.218 45.043 155.225 15 28 4 585 4
238.218 45.043 155.225 16 28 4 585 4
238.218 45.043 155.225 17 28 4 585 4
343.942 92.519 289.640 18 28 4 263 1
238.218 45.043 155.225 19 28 4 585 4
238.218 45.043 155.225 20 28 4 585 4
187.430 79.997 22.851 21 28 4 618 2
187.430 79.997 22.851 22 28 4 618 2
359.392 81.007 259.773 23 28 4 576 4
356.881 149.121 79.392 24 28 4 145 1
359.392 81.007 259.773 25 28 4 576 4
39.763 174.354 193.150 26 28 4 285 1
359.392 81.007 259.773 27 28 4 576 4
272.813 118.704 263.419 28 28 4 179 1
359.392 81.007 259.773 29 28 4 576 4
359.392 81.007 259.773 30 28 4 576 4
132.162 137.878 19.634 1 29 4 460 1
132.162 137.878 19.634 2 29 4 460 1
132.162 137.878 19.634 3 29 4 460 1
1.042 59.725 116.902 4 29 4 473 2
338.944 9.698 253.761 5 29 4 147 1
185.398 142.526 34.283 6 29 4 581 4
185.398 142.526 34.283 7 29 4 581 4
206.377 80.991 238.030 8 29 4 315 1
298.851 115.313 303.695 9 29 4 568 2
298.851 115.313 303.695 10 29 4 568 2
298.851 115.313 303.695 11 29 4 568 2
238.218 45.043 155.225 12 29 4 585 4
238.218 45.043 155.225 13 29 4 585 4
238.218 45.043 155.225 14 29 4 585 4
238.218 45.043 155.225 15 29 4 585 4
238.218 45.043 155.225 16 29 4 585 4
238.218 45.043 155.225 17 29 4 585 4
238.218 45.043 155.225 18 29 4 585 4
238.218 45.043 155.225 19 29 4 585 4
238.218 45.043 155.225 20 29 4 585 4
359.392 81.007 259.773 21 29 4 576 4
359.392 81.007 259.773 22 29 4 576 4
359.392 81.007 259.773 23 29 4 576 4
356.881 149.121 79.392 24 29 4 145 1
359.392 81.007 259.773 25 29 4 576 4
359.392 81.007 259.773 26 29 4 576 4
114.374 89.304 97.273 27 29 4 303 1
114.374 89.304 97.273 28 29 4 303 1
359.392 81.007 259.773 29 29 4 576 4
62.811 104.358 311.418 30 29 4 105 1
132.162 137.878 19.634 1 30 4 460 1
132.162 137.878 19.634 2 30 4 460 1
132.162 137.878 19.634 3 30 4 460 1
1.042 59.725 116.902 4 30 4 473 2
338.944 9.698 253.761 5 30 4 147 1
185.398 142.526 34.283 6 30 4 581 4
185.398 142.526 34.283 7 30 4 581 4
206.377 80.991 238.030 8 30 4 315 1
298.851 115.313 303.695 9 30 4 568 2
298.851 115.313 303.695 10 30 4 568 2
298.851 115.313 303.695 11 30 4 568 2
238.218 45.043 155.225 12 30 4 585 4
238.218 45.043 155.225 13 30 4 585 4
238.218 45.043 155.225 14 30 4 585 4
238.218 45.043 155.225 15 30 4 585 4
238.218 45.043 155.225 16 30 4 585 4
238.218 45.043 155.225 17 30 4 585 4
238.218 45.043 155.225 18 30 4 585 4
238.218 45.043 155.225 19 30 4 585 4
61.363 130.295 234.062 20 30 4 522 2
359.392 81.007 259.773 21 30 4 576 4
359.392 81.007 259.773 22 30 4 576 4
359.392 81.007 259.773 23 30 4 576 4
359.392 81.007 259.773 24 30 4 576 4
242.215 133.762 221.685 25 30 4 523 2
359.392 81.007 259.773 26 30 4 576 4
359.392 81.007 259.773 27 30 4 576 4
359.392 81.007 259.773 28 30 4 576 4
62.811 104.358 311.418 29 30 4 105 1
62.811 104.358 311.418 30 30 4 105 1
