240.413 46.563 325.425 1 1 25 569 3
240.413 46.563 325.425 2 1 25 569 3
240.413 46.563 325.425 3 1 25 569 3
240.413 46.563 325.425 4 1 25 569 3
240.413 46.563 325.425 5 1 25 569 3
240.413 46.563 325.425 6 1 25 569 3
240.413 46.563 325.425 7 1 25 569 3
240.413 46.563 325.425 8 1 25 569 3
240.413 46.563 325.425 9 1 25 569 3
240.413 46.563 325.425 10 1 25 569 3
240.413 46.563 325.425 11 1 25 569 3
240.413 46.563 325.425 12 1 25 569 3
240.413 46.563 325.425 13 1 25 569 3
240.413 46.563 325.425 14 1 25 569 3
240.413 46.563 325.425 15 1 25 569 3
240.413 46.563 325.425 16 1 25 569 3
27.602 124.212 53.915 17 1 25 390 1
27.602 124.212 53.915 18 1 25 390 1
240.413 46.563 325.425 19 1 25 569 3
240.413 46.563 325.425 20 1 25 569 3
240.413 46.563 325.425 21 1 25 569 3
35.854 37.319 166.227 22 1 25 503 2
35.854 37.319 166.227 23 1 25 503 2
35.854 37.319 166.227 24 1 25 503 2
35.854 37.319 166.227 25 1 25 503 2
311.665 79.386 38.217 26 1 25 512 2
311.665 79.386 38.217 27 1 25 512 2
311.665 79.386 38.217 28 1 25 512 2
311.665 79.386 38.217 29 1 25 512 2
311.665 79.386 38.217 30 1 25 512 2
240.413 46.563 325.425 1 2 25 569 3
240.413 46.563 325.425 2 2 25 569 3
240.413 46.563 325.425 3 2 25 569 3
240.413 46.563 325.425 4 2 25 569 3
240.413 46.563 325.425 5 2 25 569 3
240.413 46.563 325.425 6 2 25 569 3
240.413 46.563 325.425 7 2 25 569 3
240.413 46.563 325.425 8 2 25 569 3
240.413 46.563 325.425 9 2 25 569 3
240.413 46.563 325.425 10 2 25 569 3
240.413 46.563 325.425 11 2 25 569 3
240.413 46.563 325.425 12 2 25 569 3
240.413 46.563 325.425 13 2 25 569 3
240.413 46.563 325.425 14 2 25 569 3
240.413 46.563 325.425 15 2 25 569 3
240.413 46.563 325.425 16 2 25 569 3
27.602 124.212 53.915 17 2 25 390 1
27.602 124.212 53.915 18 2 25 390 1
240.413 46.563 325.425 19 2 25 569 3
240.413 46.563 325.425 20 2 25 569 3
240.413 46.563 325.425 21 2 25 569 3
35.854 37.319 166.227 22 2 25 503 2
35.854 37.319 166.227 23 2 25 503 2
35.854 37.319 166.227 24 2 25 503 2
35.854 37.319 166.227 25 2 25 503 2
311.665 79.386 38.217 26 2 25 512 2
311.665 79.386 38.217 27 2 25 512 2
311.665 79.386 38.217 28 2 25 512 2
311.665 79.386 38.217 29 2 25 512 2
311.665 79.386 38.217 30 2 25 512 2
240.413 46.563 325.425 1 3 25 569 3
240.413 46.563 325.425 2 3 25 569 3
240.413 46.563 325.425 3 3 25 569 3
240.413 46.563 325.425 4 3 25 569 3
240.413 46.563 325.425 5 3 25 569 3
240.413 46.563 325.425 6 3 25 569 3
240.413 46.563 325.425 7 3 25 569 3
240.413 46.563 325.425 8 3 25 569 3
240.413 46.563 325.425 9 3 25 569 3
240.413 46.563 325.425 10 3 25 569 3
240.413 46.563 325.425 11 3 25 569 3
240.413 46.563 325.425 12 3 25 569 3
240.413 46.563 325.425 13 3 25 569 3
240.413 46.563 325.425 14 3 25 569 3
240.413 46.563 325.425 15 3 25 569 3
240.413 46.563 325.425 16 3 25 569 3
240.413 46.563 325.425 17 3 25 569 3
27.602 124.212 53.915 18 3 25 390 1
240.413 46.563 325.425 19 3 25 569 3
240.413 46.563 325.425 20 3 25 569 3
240.413 46.563 325.425 21 3 25 569 3
35.854 37.319 166.227 22 3 25 503 2
35.854 37.319 166.227 23 3 25 503 2
35.854 37.319 166.227 24 3 25 503 2
35.854 37.319 166.227 25 3 25 503 2
311.665 79.386 38.217 26 3 25 512 2
311.665 79.386 38.217 27 3 25 512 2
311.665 79.386 38.217 28 3 25 512 2
311.665 79.386 38.217 29 3 25 512 2
311.665 79.386 38.217 30 3 25 512 2
240.413 46.563 325.425 1 4 25 569 3
240.413 46.563 325.425 2 4 25 569 3
240.413 46.563 325.425 3 4 25 569 3
240.413 46.563 325.425 4 4 25 569 3
240.413 46.563 325.425 5 4 25 569 3
240.413 46.563 325.425 6 4 25 569 3
240.413 46.563 325.425 7 4 25 569 3
240.413 46.563 325.425 8 4 25 569 3
240.413 46.563 325.425 9 4 25 569 3
240.413 46.563 325.425 10 4 25 569 3
240.413 46.563 325.425 11 4 25 569 3
240.413 46.563 325.425 12 4 25 569 3
240.413 46.563 325.425 13 4 25 569 3
240.413 46.563 325.425 14 4 25 569 3
240.413 46.563 325.425 15 4 25 569 3
240.413 46.563 325.425 16 4 25 569 3
240.413 46.563 325.425 17 4 25 569 3
240.413 46.563 325.425 18 4 25 569 3
240.413 46.563 325.425 19 4 25 569 3
311.268 59.400 195.423 20 4 25 431 1
240.413 46.563 325.425 21 4 25 569 3
35.854 37.319 166.227 22 4 25 503 2
35.854 37.319 166.227 23 4 25 503 2
35.854 37.319 166.227 24 4 25 503 2
35.854 37.319 166.227 25 4 25 503 2
311.665 79.386 38.217 26 4 25 512 2
311.665 79.386 38.217 27 4 25 512 2
311.665 79.386 38.217 28 4 25 512 2
311.665 79.386 38.217 29 4 25 512 2
311.665 79.386 38.217 30 4 25 512 2
240.413 46.563 325.425 1 5 25 569 3
240.413 46.563 325.425 2 5 25 569 3
240.413 46.563 325.425 3 5 25 569 3
240.413 46.563 325.425 4 5 25 569 3
240.413 46.563 325.425 5 5 25 569 3
240.413 46.563 325.425 6 5 25 569 3
240.413 46.563 325.425 7 5 25 569 3
240.413 46.563 325.425 8 5 25 569 3
240.413 46.563 325.425 9 5 25 569 3
240.413 46.563 325.425 10 5 25 569 3
240.413 46.563 325.425 11 5 25 569 3
240.413 46.563 325.425 12 5 25 569 3
240.413 46.563 325.425 13 5 25 569 3
240.413 46.563 325.425 14 5 25 569 3
240.413 46.563 325.425 15 5 25 569 3
240.413 46.563 325.425 16 5 25 569 3
240.413 46.563 325.425 17 5 25 569 3
240.413 46.563 325.425 18 5 25 569 3
240.413 46.563 325.425 19 5 25 569 3
265.671 94.988 295.618 20 5 25 8 1
265.671 94.988 295.618 21 5 25 8 1
265.671 94.988 295.618 22 5 25 8 1
35.854 37.319 166.227 23 5 25 503 2
35.854 37.319 166.227 24 5 25 503 2
35.854 37.319 166.227 25 5 25 503 2
311.665 79.386 38.217 26 5 25 512 2
311.665 79.386 38.217 27 5 25 512 2
311.665 79.386 38.217 28 5 25 512 2
311.665 79.386 38.217 29 5 25 512 2
311.665 79.386 38.217 30 5 25 512 2
240.413 46.563 325.425 1 6 25 569 3
240.413 46.563 325.425 2 6 25 569 3
240.413 46.563 325.425 3 6 25 569 3
240.413 46.563 325.425 4 6 25 569 3
240.413 46.563 325.425 5 6 25 569 3
240.413 46.563 325.425 6 6 25 569 3
240.413 46.563 325.425 7 6 25 569 3
240.413 46.563 325.425 8 6 25 569 3
240.413 46.563 325.425 9 6 25 569 3
240.413 46.563 325.425 10 6 25 569 3
240.413 46.563 325.425 11 6 25 569 3
240.413 46.563 325.425 12 6 25 569 3
240.413 46.563 325.425 13 6 25 569 3
240.413 46.563 325.425 14 6 25 569 3
240.413 46.563 325.425 15 6 25 569 3
240.413 46.563 325.425 16 6 25 569 3
240.413 46.563 325.425 17 6 25 569 3
240.413 46.563 325.425 18 6 25 569 3
240.413 46.563 325.425 19 6 25 569 3
240.413 46.563 325.425 20 6 25 569 3
240.413 46.563 325.425 21 6 25 569 3
265.671 94.988 295.618 22 6 25 8 1
35.854 37.319 166.227 23 6 25 503 2
35.854 37.319 166.227 24 6 25 503 2
35.854 37.319 166.227 25 6 25 503 2
311.665 79.386 38.217 26 6 25 512 2
311.665 79.386 38.217 27 6 25 512 2
311.665 79.386 38.217 28 6 25 512 2
311.665 79.386 38.217 29 6 25 512 2
311.665 79.386 38.217 30 6 25 512 2
240.413 46.563 325.425 1 7 25 569 3
240.413 46.563 325.425 2 7 25 569 3
240.413 46.563 325.425 3 7 25 569 3
240.413 46.563 325.425 4 7 25 569 3
240.413 46.563 325.425 5 7 25 569 3
240.413 46.563 325.425 6 7 25 569 3
240.413 46.563 325.425 7 7 25 569 3
240.413 46.563 325.425 8 7 25 569 3
240.413 46.563 325.425 9 7 25 569 3
240.413 46.563 325.425 10 7 25 569 3
240.413 46.563 325.425 11 7 25 569 3
240.413 46.563 325.425 12 7 25 569 3
240.413 46.563 325.425 13 7 25 569 3
240.413 46.563 325.425 14 7 25 569 3
240.413 46.563 325.425 15 7 25 569 3
240.413 46.563 325.425 16 7 25 569 3
240.413 46.563 325.425 17 7 25 569 3
240.413 46.563 325.425 18 7 25 569 3
240.413 46.563 325.425 19 7 25 569 3
240.413 46.563 325.425 20 7 25 569 3
240.413 46.563 325.425 21 7 25 569 3
240.413 46.563 325.425 22 7 25 569 3
119.689 86.430 3.290 23 7 25 529 2
119.689 86.430 3.290 24 7 25 529 2
119.689 86.430 3.290 25 7 25 529 2
119.689 86.430 3.290 26 7 25 529 2
311.665 79.386 38.217 27 7 25 512 2
261.691 74.353 358.769 28 7 25 490 2
261.691 74.353 358.769 29 7 25 490 2
261.691 74.353 358.769 30 7 25 490 2
240.413 46.563 325.425 1 8 25 569 3
240.413 46.563 325.425 2 8 25 569 3
240.413 46.563 325.425 3 8 25 569 3
240.413 46.563 325.425 4 8 25 569 3
240.413 46.563 325.425 5 8 25 569 3
240.413 46.563 325.425 6 8 25 569 3
240.413 46.563 325.425 7 8 25 569 3
240.413 46.563 325.425 8 8 25 569 3
240.413 46.563 325.425 9 8 25 569 3
240.413 46.563 325.425 10 8 25 569 3
240.413 46.563 325.425 11 8 25 569 3
240.413 46.563 325.425 12 8 25 569 3
240.413 46.563 325.425 13 8 25 569 3
240.413 46.563 325.425 14 8 25 569 3
240.413 46.563 325.425 15 8 25 569 3
240.413 46.563 325.425 16 8 25 569 3
240.413 46.563 325.425 17 8 25 569 3
240.413 46.563 325.425 18 8 25 569 3
240.413 46.563 325.425 19 8 25 569 3
240.413 46.563 325.425 20 8 25 569 3
240.413 46.563 325.425 21 8 25 569 3
36.161 153.654 212.373 22 8 25 572 4
119.689 86.430 3.290 23 8 25 529 2
119.689 86.430 3.290 24 8 25 529 2
119.689 86.430 3.290 25 8 25 529 2
119.689 86.430 3.290 26 8 25 529 2
261.691 74.353 358.769 27 8 25 490 2
261.691 74.353 358.769 28 8 25 490 2
261.691 74.353 358.769 29 8 25 490 2
261.691 74.353 358.769 30 8 25 490 2
240.413 46.563 325.425 1 9 25 569 3
240.413 46.563 325.425 2 9 25 569 3
240.413 46.563 325.425 3 9 25 569 3
240.413 46.563 325.425 4 9 25 569 3
240.413 46.563 325.425 5 9 25 569 3
240.413 46.563 325.425 6 9 25 569 3
240.413 46.563 325.425 7 9 25 569 3
240.413 46.563 325.425 8 9 25 569 3
240.413 46.563 325.425 9 9 25 569 3
240.413 46.563 325.425 10 9 25 569 3
240.413 46.563 325.425 11 9 25 569 3
240.413 46.563 325.425 12 9 25 569 3
240.413 46.563 325.425 13 9 25 569 3
240.413 46.563 325.425 14 9 25 569 3
240.413 46.563 325.425 15 9 25 569 3
240.413 46.563 325.425 16 9 25 569 3
240.413 46.563 325.425 17 9 25 569 3
240.413 46.563 325.425 18 9 25 569 3
240.413 46.563 325.425 19 9 25 569 3
239.113 111.163 76.960 20 9 25 10 1
36.161 153.654 212.373 21 9 25 572 4
36.161 153.654 212.373 22 9 25 572 4
119.689 86.430 3.290 23 9 25 529 2
119.689 86.430 3.290 24 9 25 529 2
119.689 86.430 3.290 25 9 25 529 2
119.689 86.430 3.290 26 9 25 529 2
261.691 74.353 358.769 27 9 25 490 2
261.691 74.353 358.769 28 9 25 490 2
261.691 74.353 358.769 29 9 25 490 2
261.691 74.353 358.769 30 9 25 490 2
240.413 46.563 325.425 1 10 25 569 3
240.413 46.563 325.425 2 10 25 569 3
240.413 46.563 325.425 3 10 25 569 3
240.413 46.563 325.425 4 10 25 569 3
240.413 46.563 325.425 5 10 25 569 3
240.413 46.563 325.425 6 10 25 569 3
240.413 46.563 325.425 7 10 25 569 3
240.413 46.563 325.425 8 10 25 569 3
240.413 46.563 325.425 9 10 25 569 3
240.413 46.563 325.425 10 10 25 569 3
240.413 46.563 325.425 11 10 25 569 3
240.413 46.563 325.425 12 10 25 569 3
240.413 46.563 325.425 13 10 25 569 3
240.413 46.563 325.425 14 10 25 569 3
240.413 46.563 325.425 15 10 25 569 3
240.413 46.563 325.425 16 10 25 569 3
240.413 46.563 325.425 17 10 25 569 3
240.413 46.563 325.425 18 10 25 569 3
240.413 46.563 325.425 19 10 25 569 3
36.161 153.654 212.373 20 10 25 572 4
36.161 153.654 212.373 21 10 25 572 4
36.161 153.654 212.373 22 10 25 572 4
119.689 86.430 3.290 23 10 25 529 2
119.689 86.430 3.290 24 10 25 529 2
119.689 86.430 3.290 25 10 25 529 2
119.689 86.430 3.290 26 10 25 529 2
261.691 74.353 358.769 27 10 25 490 2
261.691 74.353 358.769 28 10 25 490 2
261.691 74.353 358.769 29 10 25 490 2
261.691 74.353 358.769 30 10 25 490 2
240.413 46.563 325.425 1 11 25 569 3
240.413 46.563 325.425 2 11 25 569 3
240.413 46.563 325.425 3 11 25 569 3
240.413 46.563 325.425 4 11 25 569 3
240.413 46.563 325.425 5 11 25 569 3
240.413 46.563 325.425 6 11 25 569 3
240.413 46.563 325.425 7 11 25 569 3
240.413 46.563 325.425 8 11 25 569 3
240.413 46.563 325.425 9 11 25 569 3
240.413 46.563 325.425 10 11 25 569 3
240.413 46.563 325.425 11 11 25 569 3
240.413 46.563 325.425 12 11 25 569 3
240.413 46.563 325.425 13 11 25 569 3
240.413 46.563 325.425 14 11 25 569 3
240.413 46.563 325.425 15 11 25 569 3
240.413 46.563 325.425 16 11 25 569 3
240.413 46.563 325.425 17 11 25 569 3
240.413 46.563 325.425 18 11 25 569 3
101.807 52.241 339.281 19 11 25 586 4
36.161 153.654 212.373 20 11 25 572 4
36.161 153.654 212.373 21 11 25 572 4
36.161 153.654 212.373 22 11 25 572 4
101.807 52.241 339.281 23 11 25 586 4
101.807 52.241 339.281 24 11 25 586 4
101.807 52.241 339.281 25 11 25 586 4
101.807 52.241 339.281 26 11 25 586 4
101.807 52.241 339.281 27 11 25 586 4
261.691 74.353 358.769 28 11 25 490 2
261.691 74.353 358.769 29 11 25 490 2
261.691 74.353 358.769 30 11 25 490 2
240.413 46.563 325.425 1 12 25 569 3
240.413 46.563 325.425 2 12 25 569 3
240.413 46.563 325.425 3 12 25 569 3
240.413 46.563 325.425 4 12 25 569 3
240.413 46.563 325.425 5 12 25 569 3
240.413 46.563 325.425 6 12 25 569 3
240.413 46.563 325.425 7 12 25 569 3
240.413 46.563 325.425 8 12 25 569 3
240.413 46.563 325.425 9 12 25 569 3
240.413 46.563 325.425 10 12 25 569 3
240.413 46.563 325.425 11 12 25 569 3
240.413 46.563 325.425 12 12 25 569 3
240.413 46.563 325.425 13 12 25 569 3
240.413 46.563 325.425 14 12 25 569 3
240.413 46.563 325.425 15 12 25 569 3
101.807 52.241 339.281 16 12 25 586 4
101.807 52.241 339.281 17 12 25 586 4
101.807 52.241 339.281 18 12 25 586 4
101.807 52.241 339.281 19 12 25 586 4
101.807 52.241 339.281 20 12 25 586 4
101.807 52.241 339.281 21 12 25 586 4
101.807 52.241 339.281 22 12 25 586 4
101.807 52.241 339.281 23 12 25 586 4
101.807 52.241 339.281 24 12 25 586 4
101.807 52.241 339.281 25 12 25 586 4
101.807 52.241 339.281 26 12 25 586 4
101.807 52.241 339.281 27 12 25 586 4
101.807 52.241 339.281 28 12 25 586 4
101.807 52.241 339.281 29 12 25 586 4
101.807 52.241 339.281 30 12 25 586 4
240.413 46.563 325.425 1 13 25 569 3
240.413 46.563 325.425 2 13 25 569 3
240.413 46.563 325.425 3 13 25 569 3
240.413 46.563 325.425 4 13 25 569 3
240.413 46.563 325.425 5 13 25 569 3
240.413 46.563 325.425 6 13 25 569 3
240.413 46.563 325.425 7 13 25 569 3
240.413 46.563 325.425 8 13 25 569 3
240.413 46.563 325.425 9 13 25 569 3
240.413 46.563 325.425 10 13 25 569 3
240.413 46.563 325.425 11 13 25 569 3
240.413 46.563 325.425 12 13 25 569 3
101.807 52.241 339.281 13 13 25 586 4
101.807 52.241 339.281 14 13 25 586 4
101.807 52.241 339.281 15 13 25 586 4
101.807 52.241 339.281 16 13 25 586 4
101.807 52.241 339.281 17 13 25 586 4
33.312 107.330 180.664 18 13 25 466 2
101.807 52.241 339.281 19 13 25 586 4
101.807 52.241 339.281 20 13 25 586 4
101.807 52.241 339.281 21 13 25 586 4
101.807 52.241 339.281 22 13 25 586 4
101.807 52.241 339.281 23 13 25 586 4
101.807 52.241 339.281 24 13 25 586 4
101.807 52.241 339.281 25 13 25 586 4
101.807 52.241 339.281 26 13 25 586 4
101.807 52.241 339.281 27 13 25 586 4
101.807 52.241 339.281 28 13 25 586 4
101.807 52.241 339.281 29 13 25 586 4
101.807 52.241 339.281 30 13 25 586 4
240.413 46.563 325.425 1 14 25 569 3
240.413 46.563 325.425 2 14 25 569 3
240.413 46.563 325.425 3 14 25 569 3
240.413 46.563 325.425 4 14 25 569 3
240.413 46.563 325.425 5 14 25 569 3
240.413 46.563 325.425 6 14 25 569 3
240.413 46.563 325.425 7 14 25 569 3
240.413 46.563 325.425 8 14 25 569 3
240.413 46.563 325.425 9 14 25 569 3
101.807 52.241 339.281 10 14 25 586 4
101.807 52.241 339.281 11 14 25 586 4
101.807 52.241 339.281 12 14 25 586 4
101.807 52.241 339.281 13 14 25 586 4
101.807 52.241 339.281 14 14 25 586 4
101.807 52.241 339.281 15 14 25 586 4
101.807 52.241 339.281 16 14 25 586 4
101.807 52.241 339.281 17 14 25 586 4
33.312 107.330 180.664 18 14 25 466 2
101.807 52.241 339.281 19 14 25 586 4
101.807 52.241 339.281 20 14 25 586 4
101.807 52.241 339.281 21 14 25 586 4
101.807 52.241 339.281 22 14 25 586 4
101.807 52.241 339.281 23 14 25 586 4
101.807 52.241 339.281 24 14 25 586 4
101.807 52.241 339.281 25 14 25 586 4
101.807 52.241 339.281 26 14 25 586 4
101.807 52.241 339.281 27 14 25 586 4
101.807 52.241 339.281 28 14 25 586 4
101.807 52.241 339.281 29 14 25 586 4
101.807 52.241 339.281 30 14 25 586 4
240.413 46.563 325.425 1 15 25 569 3
36.702 146.072 102.839 2 15 25 602 1
36.702 146.072 102.839 3 15 25 602 1
240.413 46.563 325.425 4 15 25 569 3
240.413 46.563 325.425 5 15 25 569 3
101.807 52.241 339.281 6 15 25 586 4
101.807 52.241 339.281 7 15 25 586 4
101.807 52.241 339.281 8 15 25 586 4
101.807 52.241 339.281 9 15 25 586 4
101.807 52.241 339.281 10 15 25 586 4
101.807 52.241 339.281 11 15 25 586 4
101.807 52.241 339.281 12 15 25 586 4
101.807 52.241 339.281 13 15 25 586 4
101.807 52.241 339.281 14 15 25 586 4
101.807 52.241 339.281 15 15 25 586 4
101.807 52.241 339.281 16 15 25 586 4
101.807 52.241 339.281 17 15 25 586 4
101.807 52.241 339.281 18 15 25 586 4
101.807 52.241 339.281 19 15 25 586 4
101.807 52.241 339.281 20 15 25 586 4
101.807 52.241 339.281 21 15 25 586 4
101.807 52.241 339.281 22 15 25 586 4
101.807 52.241 339.281 23 15 25 586 4
101.807 52.241 339.281 24 15 25 586 4
101.807 52.241 339.281 25 15 25 586 4
101.807 52.241 339.281 26 15 25 586 4
101.807 52.241 339.281 27 15 25 586 4
101.807 52.241 339.281 28 15 25 586 4
101.807 52.241 339.281 29 15 25 586 4
101.807 52.241 339.281 30 15 25 586 4
36.702 146.072 102.839 1 16 25 602 1
36.702 146.072 102.839 2 16 25 602 1
36.702 146.072 102.839 3 16 25 602 1
101.807 52.241 339.281 4 16 25 586 4
101.807 52.241 339.281 5 16 25 586 4
101.807 52.241 339.281 6 16 25 586 4
101.807 52.241 339.281 7 16 25 586 4
101.807 52.241 339.281 8 16 25 586 4
101.807 52.241 339.281 9 16 25 586 4
101.807 52.241 339.281 10 16 25 586 4
101.807 52.241 339.281 11 16 25 586 4
101.807 52.241 339.281 12 16 25 586 4
101.807 52.241 339.281 13 16 25 586 4
101.807 52.241 339.281 14 16 25 586 4
101.807 52.241 339.281 15 16 25 586 4
101.807 52.241 339.281 16 16 25 586 4
101.807 52.241 339.281 17 16 25 586 4
101.807 52.241 339.281 18 16 25 586 4
101.807 52.241 339.281 19 16 25 586 4
101.807 52.241 339.281 20 16 25 586 4
101.807 52.241 339.281 21 16 25 586 4
101.807 52.241 339.281 22 16 25 586 4
101.807 52.241 339.281 23 16 25 586 4
101.807 52.241 339.281 24 16 25 586 4
101.807 52.241 339.281 25 16 25 586 4
101.807 52.241 339.281 26 16 25 586 4
101.807 52.241 339.281 27 16 25 586 4
101.807 52.241 339.281 28 16 25 586 4
101.807 52.241 339.281 29 16 25 586 4
101.807 52.241 339.281 30 16 25 586 4
36.702 146.072 102.839 1 17 25 602 1
36.702 146.072 102.839 2 17 25 602 1
101.807 52.241 339.281 3 17 25 586 4
101.807 52.241 339.281 4 17 25 586 4
101.807 52.241 339.281 5 17 25 586 4
101.807 52.241 339.281 6 17 25 586 4
101.807 52.241 339.281 7 17 25 586 4
101.807 52.241 339.281 8 17 25 586 4
101.807 52.241 339.281 9 17 25 586 4
101.807 52.241 339.281 10 17 25 586 4
101.807 52.241 339.281 11 17 25 586 4
101.807 52.241 339.281 12 17 25 586 4
101.807 52.241 339.281 13 17 25 586 4
101.807 52.241 339.281 14 17 25 586 4
101.807 52.241 339.281 15 17 25 586 4
101.807 52.241 339.281 16 17 25 586 4
101.807 52.241 339.281 17 17 25 586 4
101.807 52.241 339.281 18 17 25 586 4
101.807 52.241 339.281 19 17 25 586 4
101.807 52.241 339.281 20 17 25 586 4
101.807 52.241 339.281 21 17 25 586 4
101.807 52.241 339.281 22 17 25 586 4
101.807 52.241 339.281 23 17 25 586 4
101.807 52.241 339.281 24 17 25 586 4
101.807 52.241 339.281 25 17 25 586 4
101.807 52.241 339.281 26 17 25 586 4
101.807 52.241 339.281 27 17 25 586 4
101.807 52.241 339.281 28 17 25 586 4
101.807 52.241 339.281 29 17 25 586 4
101.807 52.241 339.281 30 17 25 586 4
101.807 52.241 339.281 1 18 25 586 4
101.807 52.241 339.281 2 18 25 586 4
101.807 52.241 339.281 3 18 25 586 4
101.807 52.241 339.281 4 18 25 586 4
101.807 52.241 339.281 5 18 25 586 4
101.807 52.241 339.281 6 18 25 586 4
101.807 52.241 339.281 7 18 25 586 4
101.807 52.241 339.281 8 18 25 586 4
101.807 52.241 339.281 9 18 25 586 4
101.807 52.241 339.281 10 18 25 586 4
101.807 52.241 339.281 11 18 25 586 4
101.807 52.241 339.281 12 18 25 586 4
101.807 52.241 339.281 13 18 25 586 4
101.807 52.241 339.281 14 18 25 586 4
101.807 52.241 339.281 15 18 25 586 4
101.807 52.241 339.281 16 18 25 586 4
101.807 52.241 339.281 17 18 25 586 4
101.807 52.241 339.281 18 18 25 586 4
101.807 52.241 339.281 19 18 25 586 4
101.807 52.241 339.281 20 18 25 586 4
101.807 52.241 339.281 21 18 25 586 4
101.807 52.241 339.281 22 18 25 586 4
101.807 52.241 339.281 23 18 25 586 4
101.807 52.241 339.281 24 18 25 586 4
101.807 52.241 339.281 25 18 25 586 4
101.807 52.241 339.281 26 18 25 586 4
101.807 52.241 339.281 27 18 25 586 4
101.807 52.241 339.281 28 18 25 586 4
101.807 52.241 339.281 29 18 25 586 4
233.357 114.208 79.573 30 18 25 467 2
101.807 52.241 339.281 1 19 25 586 4
101.807 52.241 339.281 2 19 25 586 4
101.807 52.241 339.281 3 19 25 586 4
101.807 52.241 339.281 4 19 25 586 4
101.807 52.241 339.281 5 19 25 586 4
101.807 52.241 339.281 6 19 25 586 4
101.807 52.241 339.281 7 19 25 586 4
101.807 52.241 339.281 8 19 25 586 4
101.807 52.241 339.281 9 19 25 586 4
101.807 52.241 339.281 10 19 25 586 4
101.807 52.241 339.281 11 19 25 586 4
101.807 52.241 339.281 12 19 25 586 4
101.807 52.241 339.281 13 19 25 586 4
101.807 52.241 339.281 14 19 25 586 4
101.807 52.241 339.281 15 19 25 586 4
101.807 52.241 339.281 16 19 25 586 4
101.807 52.241 339.281 17 19 25 586 4
101.807 52.241 339.281 18 19 25 586 4
101.807 52.241 339.281 19 19 25 586 4
101.807 52.241 339.281 20 19 25 586 4
101.807 52.241 339.281 21 19 25 586 4
101.807 52.241 339.281 22 19 25 586 4
101.807 52.241 339.281 23 19 25 586 4
101.807 52.241 339.281 24 19 25 586 4
101.807 52.241 339.281 25 19 25 586 4
101.807 52.241 339.281 26 19 25 586 4
101.807 52.241 339.281 27 19 25 586 4
101.807 52.241 339.281 28 19 25 586 4
101.807 52.241 339.281 29 19 25 586 4
233.357 114.208 79.573 30 19 25 467 2
101.807 52.241 339.281 1 20 25 586 4
101.807 52.241 339.281 2 20 25 586 4
101.807 52.241 339.281 3 20 25 586 4
101.807 52.241 339.281 4 20 25 586 4
101.807 52.241 339.281 5 20 25 586 4
101.807 52.241 339.281 6 20 25 586 4
101.807 52.241 339.281 7 20 25 586 4
101.807 52.241 339.281 8 20 25 586 4
101.807 52.241 339.281 9 20 25 586 4
101.807 52.241 339.281 10 20 25 586 4
101.807 52.241 339.281 11 20 25 586 4
101.807 52.241 339.281 12 20 25 586 4
101.807 52.241 339.281 13 20 25 586 4
101.807 52.241 339.281 14 20 25 586 4
101.807 52.241 339.281 15 20 25 586 4
101.807 52.241 339.281 16 20 25 586 4
101.807 52.241 339.281 17 20 25 586 4
101.807 52.241 339.281 18 20 25 586 4
101.807 52.241 339.281 19 20 25 586 4
101.807 52.241 339.281 20 20 25 586 4
101.807 52.241 339.281 21 20 25 586 4
101.807 52.241 339.281 22 20 25 586 4
101.807 52.241 339.281 23 20 25 586 4
101.807 52.241 339.281 24 20 25 586 4
101.807 52.241 339.281 25 20 25 586 4
101.807 52.241 339.281 26 20 25 586 4
101.807 52.241 339.281 27 20 25 586 4
101.807 52.241 339.281 28 20 25 586 4
101.807 52.241 339.281 29 20 25 586 4
233.357 114.208 79.573 30 20 25 467 2
101.807 52.241 339.281 1 21 25 586 4
101.807 52.241 339.281 2 21 25 586 4
101.807 52.241 339.281 3 21 25 586 4
115.550 46.348 358.843 4 21 25 489 2
101.807 52.241 339.281 5 21 25 586 4
101.807 52.241 339.281 6 21 25 586 4
101.807 52.241 339.281 7 21 25 586 4
101.807 52.241 339.281 8 21 25 586 4
101.807 52.241 339.281 9 21 25 586 4
101.807 52.241 339.281 10 21 25 586 4
101.807 52.241 339.281 11 21 25 586 4
101.807 52.241 339.281 12 21 25 586 4
101.807 52.241 339.281 13 21 25 586 4
101.807 52.241 339.281 14 21 25 586 4
101.807 52.241 339.281 15 21 25 586 4
101.807 52.241 339.281 16 21 25 586 4
101.807 52.241 339.281 17 21 25 586 4
101.807 52.241 339.281 18 21 25 586 4
101.807 52.241 339.281 19 21 25 586 4
101.807 52.241 339.281 20 21 25 586 4
101.807 52.241 339.281 21 21 25 586 4
101.807 52.241 339.281 22 21 25 586 4
101.807 52.241 339.281 23 21 25 586 4
101.807 52.241 339.281 24 21 25 586 4
101.807 52.241 339.281 25 21 25 586 4
101.807 52.241 339.281 26 21 25 586 4
101.807 52.241 339.281 27 21 25 586 4
288.889 23.978 275.726 28 21 25 46 1
288.889 23.978 275.726 29 21 25 46 1
288.889 23.978 275.726 30 21 25 46 1
101.807 52.241 339.281 1 22 25 586 4
101.807 52.241 339.281 2 22 25 586 4
101.807 52.241 339.281 3 22 25 586 4
101.807 52.241 339.281 4 22 25 586 4
101.807 52.241 339.281 5 22 25 586 4
101.807 52.241 339.281 6 22 25 586 4
101.807 52.241 339.281 7 22 25 586 4
101.807 52.241 339.281 8 22 25 586 4
101.807 52.241 339.281 9 22 25 586 4
101.807 52.241 339.281 10 22 25 586 4
101.807 52.241 339.281 11 22 25 586 4
101.807 52.241 339.281 12 22 25 586 4
101.807 52.241 339.281 13 22 25 586 4
101.807 52.241 339.281 14 22 25 586 4
101.807 52.241 339.281 15 22 25 586 4
101.807 52.241 339.281 16 22 25 586 4
101.807 52.241 339.281 17 22 25 586 4
101.807 52.241 339.281 18 22 25 586 4
101.807 52.241 339.281 19 22 25 586 4
101.807 52.241 339.281 20 22 25 586 4
101.807 52.241 339.281 21 22 25 586 4
101.807 52.241 339.281 22 22 25 586 4
101.807 52.241 339.281 23 22 25 586 4
101.807 52.241 339.281 24 22 25 586 4
101.807 52.241 339.281 25 22 25 586 4
101.807 52.241 339.281 26 22 25 586 4
288.889 23.978 275.726 27 22 25 46 1
288.889 23.978 275.726 28 22 25 46 1
288.889 23.978 275.726 29 22 25 46 1
288.889 23.978 275.726 30 22 25 46 1
101.807 52.241 339.281 1 23 25 586 4
101.807 52.241 339.281 2 23 25 586 4
101.807 52.241 339.281 3 23 25 586 4
101.807 52.241 339.281 4 23 25 586 4
101.807 52.241 339.281 5 23 25 586 4
101.807 52.241 339.281 6 23 25 586 4
101.807 52.241 339.281 7 23 25 586 4
101.807 52.241 339.281 8 23 25 586 4
101.807 52.241 339.281 9 23 25 586 4
101.807 52.241 339.281 10 23 25 586 4
101.807 52.241 339.281 11 23 25 586 4
101.807 52.241 339.281 12 23 25 586 4
101.807 52.241 339.281 13 23 25 586 4
101.807 52.241 339.281 14 23 25 586 4
101.807 52.241 339.281 15 23 25 586 4
101.807 52.241 339.281 16 23 25 586 4
101.807 52.241 339.281 17 23 25 586 4
101.807 52.241 339.281 18 23 25 586 4
101.807 52.241 339.281 19 23 25 586 4
101.807 52.241 339.281 20 23 25 586 4
101.807 52.241 339.281 21 23 25 586 4
101.807 52.241 339.281 22 23 25 586 4
169.684 148.511 358.556 23 23 25 307 1
169.684 148.511 358.556 24 23 25 307 1
169.684 148.511 358.556 25 23 25 307 1
169.684 148.511 358.556 26 23 25 307 1
288.889 23.978 275.726 27 23 25 46 1
288.889 23.978 275.726 28 23 25 46 1
288.889 23.978 275.726 29 23 25 46 1
49.076 129.144 176.895 30 23 25 358 1
101.807 52.241 339.281 1 24 25 586 4
101.807 52.241 339.281 2 24 25 586 4
101.807 52.241 339.281 3 24 25 586 4
101.807 52.241 339.281 4 24 25 586 4
101.807 52.241 339.281 5 24 25 586 4
101.807 52.241 339.281 6 24 25 586 4
101.807 52.241 339.281 7 24 25 586 4
101.807 52.241 339.281 8 24 25 586 4
101.807 52.241 339.281 9 24 25 586 4
101.807 52.241 339.281 10 24 25 586 4
101.807 52.241 339.281 11 24 25 586 4
101.807 52.241 339.281 12 24 25 586 4
101.807 52.241 339.281 13 24 25 586 4
297.225 87.360 53.477 14 24 25 583 4
297.225 87.360 53.477 15 24 25 583 4
297.225 87.360 53.477 16 24 25 583 4
297.225 87.360 53.477 17 24 25 583 4
297.225 87.360 53.477 18 24 25 583 4
297.225 87.360 53.477 19 24 25 583 4
297.225 87.360 53.477 20 24 25 583 4
297.225 87.360 53.477 21 24 25 583 4
169.684 148.511 358.556 22 24 25 307 1
169.684 148.511 358.556 23 24 25 307 1
169.684 148.511 358.556 24 24 25 307 1
169.684 148.511 358.556 25 24 25 307 1
169.684 148.511 358.556 26 24 25 307 1
229.683 62.829 181.627 27 24 25 621 2
229.683 62.829 181.627 28 24 25 621 2
229.683 62.829 181.627 29 24 25 621 2
229.683 62.829 181.627 30 24 25 621 2
101.807 52.241 339.281 1 25 25 586 4
101.807 52.241 339.281 2 25 25 586 4
161.846 75.361 189.042 3 25 25 584 4
161.846 75.361 189.042 4 25 25 584 4
161.846 75.361 189.042 5 25 25 584 4
161.846 75.361 189.042 6 25 25 584 4
101.807 52.241 339.281 7 25 25 586 4
101.807 52.241 339.281 8 25 25 586 4
101.807 52.241 339.281 9 25 25 586 4
101.807 52.241 339.281 10 25 25 586 4
101.807 52.241 339.281 11 25 25 586 4
101.807 52.241 339.281 12 25 25 586 4
297.225 87.360 53.477 13 25 25 583 4
297.225 87.360 53.477 14 25 25 583 4
297.225 87.360 53.477 15 25 25 583 4
297.225 87.360 53.477 16 25 25 583 4
297.225 87.360 53.477 17 25 25 583 4
297.225 87.360 53.477 18 25 25 583 4
297.225 87.360 53.477 19 25 25 583 4
297.225 87.360 53.477 20 25 25 583 4
297.225 87.360 53.477 21 25 25 583 4
169.684 148.511 358.556 22 25 25 307 1
169.684 148.511 358.556 23 25 25 307 1
169.684 148.511 358.556 24 25 25 307 1
169.684 148.511 358.556 25 25 25 307 1
169.684 148.511 358.556 26 25 25 307 1
229.683 62.829 181.627 27 25 25 621 2
229.683 62.829 181.627 28 25 25 621 2
229.683 62.829 181.627 29 25 25 621 2
229.683 62.829 181.627 30 25 25 621 2
161.846 75.361 189.042 1 26 25 584 4
161.846 75.361 189.042 2 26 25 584 4
161.846 75.361 189.042 3 26 25 584 4
161.846 75.361 189.042 4 26 25 584 4
161.846 75.361 189.042 5 26 25 584 4
161.846 75.361 189.042 6 26 25 584 4
161.846 75.361 189.042 7 26 25 584 4
161.846 75.361 189.042 8 26 25 584 4
161.846 75.361 189.042 9 26 25 584 4
321.082 111.721 69.379 10 26 25 580 4
321.082 111.721 69.379 11 26 25 580 4
297.225 87.360 53.477 12 26 25 583 4
297.225 87.360 53.477 13 26 25 583 4
297.225 87.360 53.477 14 26 25 583 4
297.225 87.360 53.477 15 26 25 583 4
297.225 87.360 53.477 16 26 25 583 4
297.225 87.360 53.477 17 26 25 583 4
297.225 87.360 53.477 18 26 25 583 4
297.225 87.360 53.477 19 26 25 583 4
297.225 87.360 53.477 20 26 25 583 4
42.848 71.315 314.413 21 26 25 144 1
42.848 71.315 314.413 22 26 25 144 1
169.684 148.511 358.556 23 26 25 307 1
169.684 148.511 358.556 24 26 25 307 1
169.684 148.511 358.556 25 26 25 307 1
169.684 148.511 358.556 26 26 25 307 1
229.683 62.829 181.627 27 26 25 621 2
229.683 62.829 181.627 28 26 25 621 2
229.683 62.829 181.627 29 26 25 621 2
229.683 62.829 181.627 30 26 25 621 2
161.846 75.361 189.042 1 27 25 584 4
161.846 75.361 189.042 2 27 25 584 4
161.846 75.361 189.042 3 27 25 584 4
161.846 75.361 189.042 4 27 25 584 4
161.846 75.361 189.042 5 27 25 584 4
161.846 75.361 189.042 6 27 25 584 4
161.846 75.361 189.042 7 27 25 584 4
161.846 75.361 189.042 8 27 25 584 4
161.846 75.361 189.042 9 27 25 584 4
321.082 111.721 69.379 10 27 25 580 4
321.082 111.721 69.379 11 27 25 580 4
321.082 111.721 69.379 12 27 25 580 4
297.225 87.360 53.477 13 27 25 583 4
297.225 87.360 53.477 14 27 25 583 4
297.225 87.360 53.477 15 27 25 583 4
297.225 87.360 53.477 16 27 25 583 4
297.225 87.360 53.477 17 27 25 583 4
297.225 87.360 53.477 18 27 25 583 4
297.225 87.360 53.477 19 27 25 583 4
297.225 87.360 53.477 20 27 25 583 4
42.848 71.315 314.413 21 27 25 144 1
42.848 71.315 314.413 22 27 25 144 1
42.848 71.315 314.413 23 27 25 144 1
49.129 142.698 272.220 24 27 25 343 1
169.684 148.511 358.556 25 27 25 307 1
229.683 62.829 181.627 26 27 25 621 2
229.683 62.829 181.627 27 27 25 621 2
229.683 62.829 181.627 28 27 25 621 2
229.683 62.829 181.627 29 27 25 621 2
229.683 62.829 181.627 30 27 25 621 2
161.846 75.361 189.042 1 28 25 584 4
161.846 75.361 189.042 2 28 25 584 4
161.846 75.361 189.042 3 28 25 584 4
161.846 75.361 189.042 4 28 25 584 4
161.846 75.361 189.042 5 28 25 584 4
161.846 75.361 189.042 6 28 25 584 4
161.846 75.361 189.042 7 28 25 584 4
161.846 75.361 189.042 8 28 25 584 4
161.846 75.361 189.042 9 28 25 584 4
321.082 111.721 69.379 10 28 25 580 4
321.082 111.721 69.379 11 28 25 580 4
321.082 111.721 69.379 12 28 25 580 4
297.225 87.360 53.477 13 28 25 583 4
297.225 87.360 53.477 14 28 25 583 4
297.225 87.360 53.477 15 28 25 583 4
297.225 87.360 53.477 16 28 25 583 4
297.225 87.360 53.477 17 28 25 583 4
297.225 87.360 53.477 18 28 25 583 4
297.225 87.360 53.477 19 28 25 583 4
59.733 116.074 338.988 20 28 25 481 2
59.733 116.074 338.988 21 28 25 481 2
42.848 71.315 314.413 22 28 25 144 1
42.848 71.315 314.413 23 28 25 144 1
49.129 142.698 272.220 24 28 25 343 1
229.683 62.829 181.627 25 28 25 621 2
229.683 62.829 181.627 26 28 25 621 2
229.683 62.829 181.627 27 28 25 621 2
229.683 62.829 181.627 28 28 25 621 2
229.683 62.829 181.627 29 28 25 621 2
146.651 119.010 207.929 30 28 25 270 1
161.846 75.361 189.042 1 29 25 584 4
161.846 75.361 189.042 2 29 25 584 4
161.846 75.361 189.042 3 29 25 584 4
161.846 75.361 189.042 4 29 25 584 4
161.846 75.361 189.042 5 29 25 584 4
161.846 75.361 189.042 6 29 25 584 4
161.846 75.361 189.042 7 29 25 584 4
161.846 75.361 189.042 8 29 25 584 4
161.846 75.361 189.042 9 29 25 584 4
321.082 111.721 69.379 10 29 25 580 4
321.082 111.721 69.379 11 29 25 580 4
321.082 111.721 69.379 12 29 25 580 4
321.082 111.721 69.379 13 29 25 580 4
297.225 87.360 53.477 14 29 25 583 4
297.225 87.360 53.477 15 29 25 583 4
297.225 87.360 53.477 16 29 25 583 4
297.225 87.360 53.477 17 29 25 583 4
297.225 87.360 53.477 18 29 25 583 4
59.733 116.074 338.988 19 29 25 481 2
59.733 116.074 338.988 20 29 25 481 2
59.733 116.074 338.988 21 29 25 481 2
59.733 116.074 338.988 22 29 25 481 2
42.848 71.315 314.413 23 29 25 144 1
273.030 85.940 319.256 24 29 25 327 1
229.683 62.829 181.627 25 29 25 621 2
229.683 62.829 181.627 26 29 25 621 2
229.683 62.829 181.627 27 29 25 621 2
229.683 62.829 181.627 28 29 25 621 2
229.683 62.829 181.627 29 29 25 621 2
229.683 62.829 181.627 30 29 25 621 2
161.846 75.361 189.042 1 30 25 584 4
161.846 75.361 189.042 2 30 25 584 4
161.846 75.361 189.042 3 30 25 584 4
161.846 75.361 189.042 4 30 25 584 4
161.846 75.361 189.042 5 30 25 584 4
161.846 75.361 189.042 6 30 25 584 4
161.846 75.361 189.042 7 30 25 584 4
161.846 75.361 189.042 8 30 25 584 4
161.846 75.361 189.042 9 30 25 584 4
161.846 75.361 189.042 10 30 25 584 4
321.082 111.721 69.379 11 30 25 580 4
321.082 111.721 69.379 12 30 25 580 4
321.082 111.721 69.379 13 30 25 580 4
297.225 87.360 53.477 14 30 25 583 4
297.225 87.360 53.477 15 30 25 583 4
297.225 87.360 53.477 16 30 25 583 4
297.225 87.360 53.477 17 30 25 583 4
297.225 87.360 53.477 18 30 25 583 4
59.733 116.074 338.988 19 30 25 481 2
59.733 116.074 338.988 20 30 25 481 2
59.733 116.074 338.988 21 30 25 481 2
59.733 116.074 338.988 22 30 25 481 2
59.733 116.074 338.988 23 30 25 481 2
273.030 85.940 319.256 24 30 25 327 1
229.683 62.829 181.627 25 30 25 621 2
229.683 62.829 181.627 26 30 25 621 2
229.683 62.829 181.627 27 30 25 621 2
229.683 62.829 181.627 28 30 25 621 2
229.683 62.829 181.627 29 30 25 621 2
229.683 62.829 181.627 30 30 25 621 2
