240.413 46.563 325.425 1 1 11 569 3
240.413 46.563 325.425 2 1 11 569 3
240.413 46.563 325.425 3 1 11 569 3
240.413 46.563 325.425 4 1 11 569 3
240.413 46.563 325.425 5 1 11 569 3
240.413 46.563 325.425 6 1 11 569 3
240.413 46.563 325.425 7 1 11 569 3
240.413 46.563 325.425 8 1 11 569 3
240.413 46.563 325.425 9 1 11 569 3
240.413 46.563 325.425 10 1 11 569 3
240.413 46.563 325.425 11 1 11 569 3
240.413 46.563 325.425 12 1 11 569 3
240.413 46.563 325.425 13 1 11 569 3
240.413 46.563 325.425 14 1 11 569 3
240.413 46.563 325.425 15 1 11 569 3
240.413 46.563 325.425 16 1 11 569 3
240.413 46.563 325.425 17 1 11 569 3
240.413 46.563 325.425 18 1 11 569 3
240.413 46.563 325.425 19 1 11 569 3
240.413 46.563 325.425 20 1 11 569 3
240.413 46.563 325.425 21 1 11 569 3
240.413 46.563 325.425 22 1 11 569 3
240.413 46.563 325.425 23 1 11 569 3
240.413 46.563 325.425 24 1 11 569 3
240.413 46.563 325.425 25 1 11 569 3
240.413 46.563 325.425 26 1 11 569 3
240.413 46.563 325.425 27 1 11 569 3
240.413 46.563 325.425 28 1 11 569 3
240.413 46.563 325.425 29 1 11 569 3
343.715 172.801 309.927 30 1 11 98 1
240.413 46.563 325.425 1 2 11 569 3
240.413 46.563 325.425 2 2 11 569 3
240.413 46.563 325.425 3 2 11 569 3
240.413 46.563 325.425 4 2 11 569 3
240.413 46.563 325.425 5 2 11 569 3
240.413 46.563 325.425 6 2 11 569 3
240.413 46.563 325.425 7 2 11 569 3
240.413 46.563 325.425 8 2 11 569 3
240.413 46.563 325.425 9 2 11 569 3
240.413 46.563 325.425 10 2 11 569 3
240.413 46.563 325.425 11 2 11 569 3
240.413 46.563 325.425 12 2 11 569 3
240.413 46.563 325.425 13 2 11 569 3
240.413 46.563 325.425 14 2 11 569 3
240.413 46.563 325.425 15 2 11 569 3
240.413 46.563 325.425 16 2 11 569 3
240.413 46.563 325.425 17 2 11 569 3
240.413 46.563 325.425 18 2 11 569 3
240.413 46.563 325.425 19 2 11 569 3
240.413 46.563 325.425 20 2 11 569 3
240.413 46.563 325.425 21 2 11 569 3
240.413 46.563 325.425 22 2 11 569 3
240.413 46.563 325.425 23 2 11 569 3
240.413 46.563 325.425 24 2 11 569 3
240.413 46.563 325.425 25 2 11 569 3
240.413 46.563 325.425 26 2 11 569 3
240.413 46.563 325.425 27 2 11 569 3
240.413 46.563 325.425 28 2 11 569 3
240.413 46.563 325.425 29 2 11 569 3
343.715 172.801 309.927 30 2 11 98 1
240.413 46.563 325.425 1 3 11 569 3
240.413 46.563 325.425 2 3 11 569 3
240.413 46.563 325.425 3 3 11 569 3
240.413 46.563 325.425 4 3 11 569 3
240.413 46.563 325.425 5 3 11 569 3
240.413 46.563 325.425 6 3 11 569 3
240.413 46.563 325.425 7 3 11 569 3
240.413 46.563 325.425 8 3 11 569 3
240.413 46.563 325.425 9 3 11 569 3
240.413 46.563 325.425 10 3 11 569 3
240.413 46.563 325.425 11 3 11 569 3
240.413 46.563 325.425 12 3 11 569 3
240.413 46.563 325.425 13 3 11 569 3
240.413 46.563 325.425 14 3 11 569 3
240.413 46.563 325.425 15 3 11 569 3
240.413 46.563 325.425 16 3 11 569 3
240.413 46.563 325.425 17 3 11 569 3
240.413 46.563 325.425 18 3 11 569 3
240.413 46.563 325.425 19 3 11 569 3
240.413 46.563 325.425 20 3 11 569 3
240.413 46.563 325.425 21 3 11 569 3
240.413 46.563 325.425 22 3 11 569 3
240.413 46.563 325.425 23 3 11 569 3
240.413 46.563 325.425 24 3 11 569 3
240.413 46.563 325.425 25 3 11 569 3
240.413 46.563 325.425 26 3 11 569 3
240.413 46.563 325.425 27 3 11 569 3
240.413 46.563 325.425 28 3 11 569 3
240.413 46.563 325.425 29 3 11 569 3
240.413 46.563 325.425 30 3 11 569 3
240.413 46.563 325.425 1 4 11 569 3
240.413 46.563 325.425 2 4 11 569 3
240.413 46.563 325.425 3 4 11 569 3
240.413 46.563 325.425 4 4 11 569 3
240.413 46.563 325.425 5 4 11 569 3
240.413 46.563 325.425 6 4 11 569 3
240.413 46.563 325.425 7 4 11 569 3
240.413 46.563 325.425 8 4 11 569 3
240.413 46.563 325.425 9 4 11 569 3
240.413 46.563 325.425 10 4 11 569 3
240.413 46.563 325.425 11 4 11 569 3
240.413 46.563 325.425 12 4 11 569 3
240.413 46.563 325.425 13 4 11 569 3
240.413 46.563 325.425 14 4 11 569 3
240.413 46.563 325.425 15 4 11 569 3
240.413 46.563 325.425 16 4 11 569 3
240.413 46.563 325.425 17 4 11 569 3
240.413 46.563 325.425 18 4 11 569 3
240.413 46.563 325.425 19 4 11 569 3
240.413 46.563 325.425 20 4 11 569 3
240.413 46.563 325.425 21 4 11 569 3
240.413 46.563 325.425 22 4 11 569 3
240.413 46.563 325.425 23 4 11 569 3
240.413 46.563 325.425 24 4 11 569 3
240.413 46.563 325.425 25 4 11 569 3
240.413 46.563 325.425 26 4 11 569 3
240.413 46.563 325.425 27 4 11 569 3
240.413 46.563 325.425 28 4 11 569 3
240.413 46.563 325.425 29 4 11 569 3
240.413 46.563 325.425 30 4 11 569 3
240.413 46.563 325.425 1 5 11 569 3
240.413 46.563 325.425 2 5 11 569 3
240.413 46.563 325.425 3 5 11 569 3
240.413 46.563 325.425 4 5 11 569 3
240.413 46.563 325.425 5 5 11 569 3
240.413 46.563 325.425 6 5 11 569 3
240.413 46.563 325.425 7 5 11 569 3
240.413 46.563 325.425 8 5 11 569 3
240.413 46.563 325.425 9 5 11 569 3
240.413 46.563 325.425 10 5 11 569 3
240.413 46.563 325.425 11 5 11 569 3
240.413 46.563 325.425 12 5 11 569 3
240.413 46.563 325.425 13 5 11 569 3
240.413 46.563 325.425 14 5 11 569 3
240.413 46.563 325.425 15 5 11 569 3
240.413 46.563 325.425 16 5 11 569 3
240.413 46.563 325.425 17 5 11 569 3
240.413 46.563 325.425 18 5 11 569 3
240.413 46.563 325.425 19 5 11 569 3
240.413 46.563 325.425 20 5 11 569 3
240.413 46.563 325.425 21 5 11 569 3
240.413 46.563 325.425 22 5 11 569 3
240.413 46.563 325.425 23 5 11 569 3
240.413 46.563 325.425 24 5 11 569 3
240.413 46.563 325.425 25 5 11 569 3
240.413 46.563 325.425 26 5 11 569 3
240.413 46.563 325.425 27 5 11 569 3
240.413 46.563 325.425 28 5 11 569 3
240.413 46.563 325.425 29 5 11 569 3
240.413 46.563 325.425 30 5 11 569 3
240.413 46.563 325.425 1 6 11 569 3
240.413 46.563 325.425 2 6 11 569 3
240.413 46.563 325.425 3 6 11 569 3
240.413 46.563 325.425 4 6 11 569 3
240.413 46.563 325.425 5 6 11 569 3
240.413 46.563 325.425 6 6 11 569 3
240.413 46.563 325.425 7 6 11 569 3
240.413 46.563 325.425 8 6 11 569 3
240.413 46.563 325.425 9 6 11 569 3
240.413 46.563 325.425 10 6 11 569 3
240.413 46.563 325.425 11 6 11 569 3
240.413 46.563 325.425 12 6 11 569 3
240.413 46.563 325.425 13 6 11 569 3
240.413 46.563 325.425 14 6 11 569 3
240.413 46.563 325.425 15 6 11 569 3
240.413 46.563 325.425 16 6 11 569 3
240.413 46.563 325.425 17 6 11 569 3
240.413 46.563 325.425 18 6 11 569 3
240.413 46.563 325.425 19 6 11 569 3
240.413 46.563 325.425 20 6 11 569 3
240.413 46.563 325.425 21 6 11 569 3
240.413 46.563 325.425 22 6 11 569 3
240.413 46.563 325.425 23 6 11 569 3
240.413 46.563 325.425 24 6 11 569 3
240.413 46.563 325.425 25 6 11 569 3
240.413 46.563 325.425 26 6 11 569 3
240.413 46.563 325.425 27 6 11 569 3
240.413 46.563 325.425 28 6 11 569 3
240.413 46.563 325.425 29 6 11 569 3
240.413 46.563 325.425 30 6 11 569 3
240.413 46.563 325.425 1 7 11 569 3
240.413 46.563 325.425 2 7 11 569 3
240.413 46.563 325.425 3 7 11 569 3
240.413 46.563 325.425 4 7 11 569 3
240.413 46.563 325.425 5 7 11 569 3
240.413 46.563 325.425 6 7 11 569 3
240.413 46.563 325.425 7 7 11 569 3
240.413 46.563 325.425 8 7 11 569 3
240.413 46.563 325.425 9 7 11 569 3
240.413 46.563 325.425 10 7 11 569 3
240.413 46.563 325.425 11 7 11 569 3
240.413 46.563 325.425 12 7 11 569 3
240.413 46.563 325.425 13 7 11 569 3
240.413 46.563 325.425 14 7 11 569 3
240.413 46.563 325.425 15 7 11 569 3
240.413 46.563 325.425 16 7 11 569 3
240.413 46.563 325.425 17 7 11 569 3
240.413 46.563 325.425 18 7 11 569 3
240.413 46.563 325.425 19 7 11 569 3
240.413 46.563 325.425 20 7 11 569 3
240.413 46.563 325.425 21 7 11 569 3
240.413 46.563 325.425 22 7 11 569 3
240.413 46.563 325.425 23 7 11 569 3
240.413 46.563 325.425 24 7 11 569 3
240.413 46.563 325.425 25 7 11 569 3
240.413 46.563 325.425 26 7 11 569 3
240.413 46.563 325.425 27 7 11 569 3
240.413 46.563 325.425 28 7 11 569 3
240.413 46.563 325.425 29 7 11 569 3
240.413 46.563 325.425 30 7 11 569 3
240.413 46.563 325.425 1 8 11 569 3
240.413 46.563 325.425 2 8 11 569 3
240.413 46.563 325.425 3 8 11 569 3
240.413 46.563 325.425 4 8 11 569 3
240.413 46.563 325.425 5 8 11 569 3
240.413 46.563 325.425 6 8 11 569 3
240.413 46.563 325.425 7 8 11 569 3
240.413 46.563 325.425 8 8 11 569 3
240.413 46.563 325.425 9 8 11 569 3
240.413 46.563 325.425 10 8 11 569 3
240.413 46.563 325.425 11 8 11 569 3
240.413 46.563 325.425 12 8 11 569 3
240.413 46.563 325.425 13 8 11 569 3
240.413 46.563 325.425 14 8 11 569 3
240.413 46.563 325.425 15 8 11 569 3
240.413 46.563 325.425 16 8 11 569 3
240.413 46.563 325.425 17 8 11 569 3
270.058 129.733 224.560 18 8 11 324 1
240.413 46.563 325.425 19 8 11 569 3
240.413 46.563 325.425 20 8 11 569 3
240.413 46.563 325.425 21 8 11 569 3
240.413 46.563 325.425 22 8 11 569 3
240.413 46.563 325.425 23 8 11 569 3
240.413 46.563 325.425 24 8 11 569 3
240.413 46.563 325.425 25 8 11 569 3
240.413 46.563 325.425 26 8 11 569 3
240.413 46.563 325.425 27 8 11 569 3
240.413 46.563 325.425 28 8 11 569 3
240.413 46.563 325.425 29 8 11 569 3
240.413 46.563 325.425 30 8 11 569 3
240.413 46.563 325.425 1 9 11 569 3
240.413 46.563 325.425 2 9 11 569 3
240.413 46.563 325.425 3 9 11 569 3
240.413 46.563 325.425 4 9 11 569 3
240.413 46.563 325.425 5 9 11 569 3
240.413 46.563 325.425 6 9 11 569 3
240.413 46.563 325.425 7 9 11 569 3
240.413 46.563 325.425 8 9 11 569 3
240.413 46.563 325.425 9 9 11 569 3
240.413 46.563 325.425 10 9 11 569 3
240.413 46.563 325.425 11 9 11 569 3
240.413 46.563 325.425 12 9 11 569 3
240.413 46.563 325.425 13 9 11 569 3
240.413 46.563 325.425 14 9 11 569 3
240.413 46.563 325.425 15 9 11 569 3
240.413 46.563 325.425 16 9 11 569 3
240.413 46.563 325.425 17 9 11 569 3
240.413 46.563 325.425 18 9 11 569 3
240.413 46.563 325.425 19 9 11 569 3
240.413 46.563 325.425 20 9 11 569 3
240.413 46.563 325.425 21 9 11 569 3
240.413 46.563 325.425 22 9 11 569 3
240.413 46.563 325.425 23 9 11 569 3
240.413 46.563 325.425 24 9 11 569 3
240.413 46.563 325.425 25 9 11 569 3
240.413 46.563 325.425 26 9 11 569 3
240.413 46.563 325.425 27 9 11 569 3
240.413 46.563 325.425 28 9 11 569 3
240.413 46.563 325.425 29 9 11 569 3
240.413 46.563 325.425 30 9 11 569 3
38.553 161.159 61.399 1 10 11 571 4
240.413 46.563 325.425 2 10 11 569 3
240.413 46.563 325.425 3 10 11 569 3
240.413 46.563 325.425 4 10 11 569 3
240.413 46.563 325.425 5 10 11 569 3
240.413 46.563 325.425 6 10 11 569 3
240.413 46.563 325.425 7 10 11 569 3
240.413 46.563 325.425 8 10 11 569 3
240.413 46.563 325.425 9 10 11 569 3
240.413 46.563 325.425 10 10 11 569 3
240.413 46.563 325.425 11 10 11 569 3
240.413 46.563 325.425 12 10 11 569 3
240.413 46.563 325.425 13 10 11 569 3
240.413 46.563 325.425 14 10 11 569 3
240.413 46.563 325.425 15 10 11 569 3
240.413 46.563 325.425 16 10 11 569 3
240.413 46.563 325.425 17 10 11 569 3
240.413 46.563 325.425 18 10 11 569 3
240.413 46.563 325.425 19 10 11 569 3
240.413 46.563 325.425 20 10 11 569 3
240.413 46.563 325.425 21 10 11 569 3
240.413 46.563 325.425 22 10 11 569 3
240.413 46.563 325.425 23 10 11 569 3
240.413 46.563 325.425 24 10 11 569 3
240.413 46.563 325.425 25 10 11 569 3
240.413 46.563 325.425 26 10 11 569 3
240.413 46.563 325.425 27 10 11 569 3
240.413 46.563 325.425 28 10 11 569 3
240.413 46.563 325.425 29 10 11 569 3
240.413 46.563 325.425 30 10 11 569 3
38.553 161.159 61.399 1 11 11 571 4
38.553 161.159 61.399 2 11 11 571 4
38.553 161.159 61.399 3 11 11 571 4
240.413 46.563 325.425 4 11 11 569 3
93.514 70.500 84.162 5 11 11 458 1
240.413 46.563 325.425 6 11 11 569 3
240.413 46.563 325.425 7 11 11 569 3
240.413 46.563 325.425 8 11 11 569 3
240.413 46.563 325.425 9 11 11 569 3
240.413 46.563 325.425 10 11 11 569 3
240.413 46.563 325.425 11 11 11 569 3
240.413 46.563 325.425 12 11 11 569 3
240.413 46.563 325.425 13 11 11 569 3
240.413 46.563 325.425 14 11 11 569 3
240.413 46.563 325.425 15 11 11 569 3
240.413 46.563 325.425 16 11 11 569 3
240.413 46.563 325.425 17 11 11 569 3
240.413 46.563 325.425 18 11 11 569 3
240.413 46.563 325.425 19 11 11 569 3
240.413 46.563 325.425 20 11 11 569 3
240.413 46.563 325.425 21 11 11 569 3
240.413 46.563 325.425 22 11 11 569 3
240.413 46.563 325.425 23 11 11 569 3
240.413 46.563 325.425 24 11 11 569 3
240.413 46.563 325.425 25 11 11 569 3
240.413 46.563 325.425 26 11 11 569 3
240.413 46.563 325.425 27 11 11 569 3
347.266 79.125 355.953 28 11 11 611 1
240.413 46.563 325.425 29 11 11 569 3
75.153 84.518 115.262 30 11 11 575 4
38.553 161.159 61.399 1 12 11 571 4
38.553 161.159 61.399 2 12 11 571 4
38.553 161.159 61.399 3 12 11 571 4
38.553 161.159 61.399 4 12 11 571 4
240.413 46.563 325.425 5 12 11 569 3
240.413 46.563 325.425 6 12 11 569 3
240.413 46.563 325.425 7 12 11 569 3
240.413 46.563 325.425 8 12 11 569 3
240.413 46.563 325.425 9 12 11 569 3
240.413 46.563 325.425 10 12 11 569 3
240.413 46.563 325.425 11 12 11 569 3
240.413 46.563 325.425 12 12 11 569 3
240.413 46.563 325.425 13 12 11 569 3
240.413 46.563 325.425 14 12 11 569 3
240.413 46.563 325.425 15 12 11 569 3
240.413 46.563 325.425 16 12 11 569 3
240.413 46.563 325.425 17 12 11 569 3
240.413 46.563 325.425 18 12 11 569 3
240.413 46.563 325.425 19 12 11 569 3
240.413 46.563 325.425 20 12 11 569 3
240.413 46.563 325.425 21 12 11 569 3
240.413 46.563 325.425 22 12 11 569 3
240.413 46.563 325.425 23 12 11 569 3
240.413 46.563 325.425 24 12 11 569 3
240.413 46.563 325.425 25 12 11 569 3
240.413 46.563 325.425 26 12 11 569 3
240.413 46.563 325.425 27 12 11 569 3
240.413 46.563 325.425 28 12 11 569 3
75.153 84.518 115.262 29 12 11 575 4
75.153 84.518 115.262 30 12 11 575 4
38.553 161.159 61.399 1 13 11 571 4
38.553 161.159 61.399 2 13 11 571 4
38.553 161.159 61.399 3 13 11 571 4
38.553 161.159 61.399 4 13 11 571 4
38.553 161.159 61.399 5 13 11 571 4
38.553 161.159 61.399 6 13 11 571 4
240.413 46.563 325.425 7 13 11 569 3
240.413 46.563 325.425 8 13 11 569 3
240.413 46.563 325.425 9 13 11 569 3
240.413 46.563 325.425 10 13 11 569 3
240.413 46.563 325.425 11 13 11 569 3
240.413 46.563 325.425 12 13 11 569 3
240.413 46.563 325.425 13 13 11 569 3
240.413 46.563 325.425 14 13 11 569 3
240.413 46.563 325.425 15 13 11 569 3
240.413 46.563 325.425 16 13 11 569 3
240.413 46.563 325.425 17 13 11 569 3
240.413 46.563 325.425 18 13 11 569 3
240.413 46.563 325.425 19 13 11 569 3
240.413 46.563 325.425 20 13 11 569 3
240.413 46.563 325.425 21 13 11 569 3
240.413 46.563 325.425 22 13 11 569 3
240.413 46.563 325.425 23 13 11 569 3
240.413 46.563 325.425 24 13 11 569 3
240.413 46.563 325.425 25 13 11 569 3
139.975 109.239 348.273 26 13 11 525 2
240.413 46.563 325.425 27 13 11 569 3
240.413 46.563 325.425 28 13 11 569 3
75.153 84.518 115.262 29 13 11 575 4
75.153 84.518 115.262 30 13 11 575 4
38.553 161.159 61.399 1 14 11 571 4
38.553 161.159 61.399 2 14 11 571 4
38.553 161.159 61.399 3 14 11 571 4
38.553 161.159 61.399 4 14 11 571 4
38.553 161.159 61.399 5 14 11 571 4
38.553 161.159 61.399 6 14 11 571 4
38.553 161.159 61.399 7 14 11 571 4
240.413 46.563 325.425 8 14 11 569 3
240.413 46.563 325.425 9 14 11 569 3
240.413 46.563 325.425 10 14 11 569 3
240.413 46.563 325.425 11 14 11 569 3
240.413 46.563 325.425 12 14 11 569 3
240.413 46.563 325.425 13 14 11 569 3
240.413 46.563 325.425 14 14 11 569 3
240.413 46.563 325.425 15 14 11 569 3
240.413 46.563 325.425 16 14 11 569 3
240.413 46.563 325.425 17 14 11 569 3
240.413 46.563 325.425 18 14 11 569 3
240.413 46.563 325.425 19 14 11 569 3
240.413 46.563 325.425 20 14 11 569 3
240.413 46.563 325.425 21 14 11 569 3
240.413 46.563 325.425 22 14 11 569 3
240.413 46.563 325.425 23 14 11 569 3
240.413 46.563 325.425 24 14 11 569 3
240.413 46.563 325.425 25 14 11 569 3
139.975 109.239 348.273 26 14 11 525 2
179.667 50.587 313.965 27 14 11 55 1
240.413 46.563 325.425 28 14 11 569 3
75.153 84.518 115.262 29 14 11 575 4
359.392 81.007 259.773 30 14 11 576 4
38.553 161.159 61.399 1 15 11 571 4
38.553 161.159 61.399 2 15 11 571 4
38.553 161.159 61.399 3 15 11 571 4
38.553 161.159 61.399 4 15 11 571 4
38.553 161.159 61.399 5 15 11 571 4
38.553 161.159 61.399 6 15 11 571 4
38.553 161.159 61.399 7 15 11 571 4
38.553 161.159 61.399 8 15 11 571 4
38.553 161.159 61.399 9 15 11 571 4
240.413 46.563 325.425 10 15 11 569 3
240.413 46.563 325.425 11 15 11 569 3
240.413 46.563 325.425 12 15 11 569 3
240.413 46.563 325.425 13 15 11 569 3
240.413 46.563 325.425 14 15 11 569 3
240.413 46.563 325.425 15 15 11 569 3
240.413 46.563 325.425 16 15 11 569 3
240.413 46.563 325.425 17 15 11 569 3
240.413 46.563 325.425 18 15 11 569 3
240.413 46.563 325.425 19 15 11 569 3
240.413 46.563 325.425 20 15 11 569 3
240.413 46.563 325.425 21 15 11 569 3
240.413 46.563 325.425 22 15 11 569 3
240.413 46.563 325.425 23 15 11 569 3
240.413 46.563 325.425 24 15 11 569 3
240.413 46.563 325.425 25 15 11 569 3
139.975 109.239 348.273 26 15 11 525 2
139.975 109.239 348.273 27 15 11 525 2
359.392 81.007 259.773 28 15 11 576 4
359.392 81.007 259.773 29 15 11 576 4
359.392 81.007 259.773 30 15 11 576 4
38.553 161.159 61.399 1 16 11 571 4
38.553 161.159 61.399 2 16 11 571 4
38.553 161.159 61.399 3 16 11 571 4
38.553 161.159 61.399 4 16 11 571 4
38.553 161.159 61.399 5 16 11 571 4
38.553 161.159 61.399 6 16 11 571 4
38.553 161.159 61.399 7 16 11 571 4
38.553 161.159 61.399 8 16 11 571 4
38.553 161.159 61.399 9 16 11 571 4
38.553 161.159 61.399 10 16 11 571 4
240.413 46.563 325.425 11 16 11 569 3
240.413 46.563 325.425 12 16 11 569 3
240.413 46.563 325.425 13 16 11 569 3
240.413 46.563 325.425 14 16 11 569 3
240.413 46.563 325.425 15 16 11 569 3
240.413 46.563 325.425 16 16 11 569 3
240.413 46.563 325.425 17 16 11 569 3
240.413 46.563 325.425 18 16 11 569 3
240.413 46.563 325.425 19 16 11 569 3
240.413 46.563 325.425 20 16 11 569 3
240.413 46.563 325.425 21 16 11 569 3
240.413 46.563 325.425 22 16 11 569 3
40.754 130.944 118.042 23 16 11 28 1
240.413 46.563 325.425 24 16 11 569 3
240.413 46.563 325.425 25 16 11 569 3
101.807 52.241 339.281 26 16 11 586 4
101.807 52.241 339.281 27 16 11 586 4
359.392 81.007 259.773 28 16 11 576 4
359.392 81.007 259.773 29 16 11 576 4
359.392 81.007 259.773 30 16 11 576 4
38.553 161.159 61.399 1 17 11 571 4
38.553 161.159 61.399 2 17 11 571 4
38.553 161.159 61.399 3 17 11 571 4
38.553 161.159 61.399 4 17 11 571 4
38.553 161.159 61.399 5 17 11 571 4
38.553 161.159 61.399 6 17 11 571 4
38.553 161.159 61.399 7 17 11 571 4
38.553 161.159 61.399 8 17 11 571 4
38.553 161.159 61.399 9 17 11 571 4
38.553 161.159 61.399 10 17 11 571 4
38.553 161.159 61.399 11 17 11 571 4
240.413 46.563 325.425 12 17 11 569 3
240.413 46.563 325.425 13 17 11 569 3
240.413 46.563 325.425 14 17 11 569 3
240.413 46.563 325.425 15 17 11 569 3
240.413 46.563 325.425 16 17 11 569 3
240.413 46.563 325.425 17 17 11 569 3
240.413 46.563 325.425 18 17 11 569 3
240.413 46.563 325.425 19 17 11 569 3
101.807 52.241 339.281 20 17 11 586 4
101.807 52.241 339.281 21 17 11 586 4
101.807 52.241 339.281 22 17 11 586 4
40.754 130.944 118.042 23 17 11 28 1
101.807 52.241 339.281 24 17 11 586 4
101.807 52.241 339.281 25 17 11 586 4
101.807 52.241 339.281 26 17 11 586 4
101.807 52.241 339.281 27 17 11 586 4
359.392 81.007 259.773 28 17 11 576 4
359.392 81.007 259.773 29 17 11 576 4
359.392 81.007 259.773 30 17 11 576 4
38.553 161.159 61.399 1 18 11 571 4
38.553 161.159 61.399 2 18 11 571 4
38.553 161.159 61.399 3 18 11 571 4
38.553 161.159 61.399 4 18 11 571 4
38.553 161.159 61.399 5 18 11 571 4
38.553 161.159 61.399 6 18 11 571 4
38.553 161.159 61.399 7 18 11 571 4
38.553 161.159 61.399 8 18 11 571 4
38.553 161.159 61.399 9 18 11 571 4
168.754 73.641 209.994 10 18 11 517 2
168.754 73.641 209.994 11 18 11 517 2
202.977 71.187 293.529 12 18 11 368 1
101.807 52.241 339.281 13 18 11 586 4
101.807 52.241 339.281 14 18 11 586 4
101.807 52.241 339.281 15 18 11 586 4
101.807 52.241 339.281 16 18 11 586 4
101.807 52.241 339.281 17 18 11 586 4
101.807 52.241 339.281 18 18 11 586 4
101.807 52.241 339.281 19 18 11 586 4
101.807 52.241 339.281 20 18 11 586 4
101.807 52.241 339.281 21 18 11 586 4
101.807 52.241 339.281 22 18 11 586 4
40.754 130.944 118.042 23 18 11 28 1
101.807 52.241 339.281 24 18 11 586 4
101.807 52.241 339.281 25 18 11 586 4
101.807 52.241 339.281 26 18 11 586 4
359.392 81.007 259.773 27 18 11 576 4
359.392 81.007 259.773 28 18 11 576 4
359.392 81.007 259.773 29 18 11 576 4
359.392 81.007 259.773 30 18 11 576 4
38.553 161.159 61.399 1 19 11 571 4
38.553 161.159 61.399 2 19 11 571 4
38.553 161.159 61.399 3 19 11 571 4
38.553 161.159 61.399 4 19 11 571 4
38.553 161.159 61.399 5 19 11 571 4
38.553 161.159 61.399 6 19 11 571 4
38.553 161.159 61.399 7 19 11 571 4
38.553 161.159 61.399 8 19 11 571 4
38.553 161.159 61.399 9 19 11 571 4
168.754 73.641 209.994 10 19 11 517 2
38.553 161.159 61.399 11 19 11 571 4
101.807 52.241 339.281 12 19 11 586 4
101.807 52.241 339.281 13 19 11 586 4
101.807 52.241 339.281 14 19 11 586 4
101.807 52.241 339.281 15 19 11 586 4
101.807 52.241 339.281 16 19 11 586 4
101.807 52.241 339.281 17 19 11 586 4
101.807 52.241 339.281 18 19 11 586 4
101.807 52.241 339.281 19 19 11 586 4
101.807 52.241 339.281 20 19 11 586 4
101.807 52.241 339.281 21 19 11 586 4
101.807 52.241 339.281 22 19 11 586 4
101.807 52.241 339.281 23 19 11 586 4
101.807 52.241 339.281 24 19 11 586 4
101.807 52.241 339.281 25 19 11 586 4
359.392 81.007 259.773 26 19 11 576 4
359.392 81.007 259.773 27 19 11 576 4
359.392 81.007 259.773 28 19 11 576 4
359.392 81.007 259.773 29 19 11 576 4
359.392 81.007 259.773 30 19 11 576 4
38.553 161.159 61.399 1 20 11 571 4
38.553 161.159 61.399 2 20 11 571 4
38.553 161.159 61.399 3 20 11 571 4
38.553 161.159 61.399 4 20 11 571 4
38.553 161.159 61.399 5 20 11 571 4
38.553 161.159 61.399 6 20 11 571 4
38.553 161.159 61.399 7 20 11 571 4
38.553 161.159 61.399 8 20 11 571 4
38.553 161.159 61.399 9 20 11 571 4
38.553 161.159 61.399 10 20 11 571 4
38.553 161.159 61.399 11 20 11 571 4
101.807 52.241 339.281 12 20 11 586 4
101.807 52.241 339.281 13 20 11 586 4
101.807 52.241 339.281 14 20 11 586 4
101.807 52.241 339.281 15 20 11 586 4
101.807 52.241 339.281 16 20 11 586 4
101.807 52.241 339.281 17 20 11 586 4
101.807 52.241 339.281 18 20 11 586 4
101.807 52.241 339.281 19 20 11 586 4
101.807 52.241 339.281 20 20 11 586 4
101.807 52.241 339.281 21 20 11 586 4
101.807 52.241 339.281 22 20 11 586 4
101.807 52.241 339.281 23 20 11 586 4
101.807 52.241 339.281 24 20 11 586 4
101.807 52.241 339.281 25 20 11 586 4
359.392 81.007 259.773 26 20 11 576 4
359.392 81.007 259.773 27 20 11 576 4
359.392 81.007 259.773 28 20 11 576 4
359.392 81.007 259.773 29 20 11 576 4
359.392 81.007 259.773 30 20 11 576 4
38.553 161.159 61.399 1 21 11 571 4
38.553 161.159 61.399 2 21 11 571 4
38.553 161.159 61.399 3 21 11 571 4
38.553 161.159 61.399 4 21 11 571 4
38.553 161.159 61.399 5 21 11 571 4
38.553 161.159 61.399 6 21 11 571 4
38.553 161.159 61.399 7 21 11 571 4
38.553 161.159 61.399 8 21 11 571 4
38.553 161.159 61.399 9 21 11 571 4
38.553 161.159 61.399 10 21 11 571 4
101.807 52.241 339.281 11 21 11 586 4
101.807 52.241 339.281 12 21 11 586 4
101.807 52.241 339.281 13 21 11 586 4
101.807 52.241 339.281 14 21 11 586 4
101.807 52.241 339.281 15 21 11 586 4
101.807 52.241 339.281 16 21 11 586 4
101.807 52.241 339.281 17 21 11 586 4
101.807 52.241 339.281 18 21 11 586 4
101.807 52.241 339.281 19 21 11 586 4
101.807 52.241 339.281 20 21 11 586 4
168.000 118.190 82.347 21 21 11 573 4
101.807 52.241 339.281 22 21 11 586 4
101.807 52.241 339.281 23 21 11 586 4
101.807 52.241 339.281 24 21 11 586 4
114.377 30.447 151.208 25 21 11 524 2
359.392 81.007 259.773 26 21 11 576 4
359.392 81.007 259.773 27 21 11 576 4
359.392 81.007 259.773 28 21 11 576 4
359.392 81.007 259.773 29 21 11 576 4
359.392 81.007 259.773 30 21 11 576 4
38.553 161.159 61.399 1 22 11 571 4
38.553 161.159 61.399 2 22 11 571 4
210.483 110.113 5.496 3 22 11 7 1
38.553 161.159 61.399 4 22 11 571 4
38.553 161.159 61.399 5 22 11 571 4
38.553 161.159 61.399 6 22 11 571 4
38.553 161.159 61.399 7 22 11 571 4
38.553 161.159 61.399 8 22 11 571 4
38.553 161.159 61.399 9 22 11 571 4
101.807 52.241 339.281 10 22 11 586 4
101.807 52.241 339.281 11 22 11 586 4
101.807 52.241 339.281 12 22 11 586 4
101.807 52.241 339.281 13 22 11 586 4
101.807 52.241 339.281 14 22 11 586 4
101.807 52.241 339.281 15 22 11 586 4
101.807 52.241 339.281 16 22 11 586 4
101.807 52.241 339.281 17 22 11 586 4
101.807 52.241 339.281 18 22 11 586 4
168.000 118.190 82.347 19 22 11 573 4
168.000 118.190 82.347 20 22 11 573 4
168.000 118.190 82.347 21 22 11 573 4
168.000 118.190 82.347 22 22 11 573 4
168.000 118.190 82.347 23 22 11 573 4
114.377 30.447 151.208 24 22 11 524 2
114.377 30.447 151.208 25 22 11 524 2
359.392 81.007 259.773 26 22 11 576 4
359.392 81.007 259.773 27 22 11 576 4
359.392 81.007 259.773 28 22 11 576 4
359.392 81.007 259.773 29 22 11 576 4
359.392 81.007 259.773 30 22 11 576 4
38.553 161.159 61.399 1 23 11 571 4
38.553 161.159 61.399 2 23 11 571 4
38.553 161.159 61.399 3 23 11 571 4
38.553 161.159 61.399 4 23 11 571 4
38.553 161.159 61.399 5 23 11 571 4
38.553 161.159 61.399 6 23 11 571 4
38.553 161.159 61.399 7 23 11 571 4
113.486 106.406 256.644 8 23 11 48 1
38.553 161.159 61.399 9 23 11 571 4
101.807 52.241 339.281 10 23 11 586 4
101.807 52.241 339.281 11 23 11 586 4
101.807 52.241 339.281 12 23 11 586 4
101.807 52.241 339.281 13 23 11 586 4
101.807 52.241 339.281 14 23 11 586 4
101.807 52.241 339.281 15 23 11 586 4
101.807 52.241 339.281 16 23 11 586 4
154.164 133.050 62.349 17 23 11 12 1
168.000 118.190 82.347 18 23 11 573 4
168.000 118.190 82.347 19 23 11 573 4
168.000 118.190 82.347 20 23 11 573 4
168.000 118.190 82.347 21 23 11 573 4
168.000 118.190 82.347 22 23 11 573 4
168.000 118.190 82.347 23 23 11 573 4
359.392 81.007 259.773 24 23 11 576 4
359.392 81.007 259.773 25 23 11 576 4
359.392 81.007 259.773 26 23 11 576 4
359.392 81.007 259.773 27 23 11 576 4
359.392 81.007 259.773 28 23 11 576 4
359.392 81.007 259.773 29 23 11 576 4
359.392 81.007 259.773 30 23 11 576 4
38.553 161.159 61.399 1 24 11 571 4
38.553 161.159 61.399 2 24 11 571 4
38.553 161.159 61.399 3 24 11 571 4
38.553 161.159 61.399 4 24 11 571 4
38.553 161.159 61.399 5 24 11 571 4
38.553 161.159 61.399 6 24 11 571 4
38.553 161.159 61.399 7 24 11 571 4
113.486 106.406 256.644 8 24 11 48 1
38.553 161.159 61.399 9 24 11 571 4
101.807 52.241 339.281 10 24 11 586 4
101.807 52.241 339.281 11 24 11 586 4
101.807 52.241 339.281 12 24 11 586 4
101.807 52.241 339.281 13 24 11 586 4
101.807 52.241 339.281 14 24 11 586 4
101.807 52.241 339.281 15 24 11 586 4
101.807 52.241 339.281 16 24 11 586 4
168.000 118.190 82.347 17 24 11 573 4
168.000 118.190 82.347 18 24 11 573 4
168.000 118.190 82.347 19 24 11 573 4
168.000 118.190 82.347 20 24 11 573 4
168.000 118.190 82.347 21 24 11 573 4
168.000 118.190 82.347 22 24 11 573 4
359.392 81.007 259.773 23 24 11 576 4
359.392 81.007 259.773 24 24 11 576 4
359.392 81.007 259.773 25 24 11 576 4
359.392 81.007 259.773 26 24 11 576 4
359.392 81.007 259.773 27 24 11 576 4
359.392 81.007 259.773 28 24 11 576 4
359.392 81.007 259.773 29 24 11 576 4
359.392 81.007 259.773 30 24 11 576 4
38.553 161.159 61.399 1 25 11 571 4
38.553 161.159 61.399 2 25 11 571 4
38.553 161.159 61.399 3 25 11 571 4
38.553 161.159 61.399 4 25 11 571 4
38.553 161.159 61.399 5 25 11 571 4
38.553 161.159 61.399 6 25 11 571 4
38.553 161.159 61.399 7 25 11 571 4
113.486 106.406 256.644 8 25 11 48 1
113.486 106.406 256.644 9 25 11 48 1
116.577 125.677 18.554 10 25 11 555 2
116.577 125.677 18.554 11 25 11 555 2
116.577 125.677 18.554 12 25 11 555 2
116.577 125.677 18.554 13 25 11 555 2
101.807 52.241 339.281 14 25 11 586 4
101.807 52.241 339.281 15 25 11 586 4
168.000 118.190 82.347 16 25 11 573 4
168.000 118.190 82.347 17 25 11 573 4
168.000 118.190 82.347 18 25 11 573 4
168.000 118.190 82.347 19 25 11 573 4
168.000 118.190 82.347 20 25 11 573 4
168.000 118.190 82.347 21 25 11 573 4
168.000 118.190 82.347 22 25 11 573 4
359.392 81.007 259.773 23 25 11 576 4
359.392 81.007 259.773 24 25 11 576 4
359.392 81.007 259.773 25 25 11 576 4
359.392 81.007 259.773 26 25 11 576 4
359.392 81.007 259.773 27 25 11 576 4
359.392 81.007 259.773 28 25 11 576 4
359.392 81.007 259.773 29 25 11 576 4
359.392 81.007 259.773 30 25 11 576 4
38.553 161.159 61.399 1 26 11 571 4
38.553 161.159 61.399 2 26 11 571 4
74.347 31.109 240.313 3 26 11 598 1
74.347 31.109 240.313 4 26 11 598 1
38.553 161.159 61.399 5 26 11 571 4
38.553 161.159 61.399 6 26 11 571 4
38.553 161.159 61.399 7 26 11 571 4
294.498 88.931 246.523 8 26 11 511 2
46.055 125.131 215.126 9 26 11 231 1
46.055 125.131 215.126 10 26 11 231 1
116.577 125.677 18.554 11 26 11 555 2
116.577 125.677 18.554 12 26 11 555 2
116.577 125.677 18.554 13 26 11 555 2
168.000 118.190 82.347 14 26 11 573 4
168.000 118.190 82.347 15 26 11 573 4
168.000 118.190 82.347 16 26 11 573 4
168.000 118.190 82.347 17 26 11 573 4
168.000 118.190 82.347 18 26 11 573 4
168.000 118.190 82.347 19 26 11 573 4
168.000 118.190 82.347 20 26 11 573 4
168.000 118.190 82.347 21 26 11 573 4
168.000 118.190 82.347 22 26 11 573 4
359.392 81.007 259.773 23 26 11 576 4
359.392 81.007 259.773 24 26 11 576 4
359.392 81.007 259.773 25 26 11 576 4
359.392 81.007 259.773 26 26 11 576 4
359.392 81.007 259.773 27 26 11 576 4
359.392 81.007 259.773 28 26 11 576 4
359.392 81.007 259.773 29 26 11 576 4
359.392 81.007 259.773 30 26 11 576 4
38.553 161.159 61.399 1 27 11 571 4
38.553 161.159 61.399 2 27 11 571 4
185.398 142.526 34.283 3 27 11 581 4
222.258 67.433 241.380 4 27 11 131 1
185.398 142.526 34.283 5 27 11 581 4
185.398 142.526 34.283 6 27 11 581 4
185.398 142.526 34.283 7 27 11 581 4
31.760 16.770 223.195 8 27 11 562 2
31.760 16.770 223.195 9 27 11 562 2
31.760 16.770 223.195 10 27 11 562 2
116.577 125.677 18.554 11 27 11 555 2
116.577 125.677 18.554 12 27 11 555 2
168.000 118.190 82.347 13 27 11 573 4
168.000 118.190 82.347 14 27 11 573 4
168.000 118.190 82.347 15 27 11 573 4
168.000 118.190 82.347 16 27 11 573 4
168.000 118.190 82.347 17 27 11 573 4
168.000 118.190 82.347 18 27 11 573 4
168.000 118.190 82.347 19 27 11 573 4
168.000 118.190 82.347 20 27 11 573 4
168.000 118.190 82.347 21 27 11 573 4
359.392 81.007 259.773 22 27 11 576 4
359.392 81.007 259.773 23 27 11 576 4
359.392 81.007 259.773 24 27 11 576 4
359.392 81.007 259.773 25 27 11 576 4
359.392 81.007 259.773 26 27 11 576 4
359.392 81.007 259.773 27 27 11 576 4
359.392 81.007 259.773 28 27 11 576 4
359.392 81.007 259.773 29 27 11 576 4
359.392 81.007 259.773 30 27 11 576 4
38.553 161.159 61.399 1 28 11 571 4
185.398 142.526 34.283 2 28 11 581 4
185.398 142.526 34.283 3 28 11 581 4
222.258 67.433 241.380 4 28 11 131 1
185.398 142.526 34.283 5 28 11 581 4
185.398 142.526 34.283 6 28 11 581 4
185.398 142.526 34.283 7 28 11 581 4
31.760 16.770 223.195 8 28 11 562 2
31.760 16.770 223.195 9 28 11 562 2
31.760 16.770 223.195 10 28 11 562 2
57.100 65.122 49.189 11 28 11 538 2
57.100 65.122 49.189 12 28 11 538 2
168.000 118.190 82.347 13 28 11 573 4
168.000 118.190 82.347 14 28 11 573 4
168.000 118.190 82.347 15 28 11 573 4
168.000 118.190 82.347 16 28 11 573 4
168.000 118.190 82.347 17 28 11 573 4
168.000 118.190 82.347 18 28 11 573 4
168.000 118.190 82.347 19 28 11 573 4
168.000 118.190 82.347 20 28 11 573 4
168.000 118.190 82.347 21 28 11 573 4
359.392 81.007 259.773 22 28 11 576 4
359.392 81.007 259.773 23 28 11 576 4
359.392 81.007 259.773 24 28 11 576 4
359.392 81.007 259.773 25 28 11 576 4
359.392 81.007 259.773 26 28 11 576 4
359.392 81.007 259.773 27 28 11 576 4
359.392 81.007 259.773 28 28 11 576 4
359.392 81.007 259.773 29 28 11 576 4
359.392 81.007 259.773 30 28 11 576 4
38.553 161.159 61.399 1 29 11 571 4
185.398 142.526 34.283 2 29 11 581 4
185.398 142.526 34.283 3 29 11 581 4
185.398 142.526 34.283 4 29 11 581 4
185.398 142.526 34.283 5 29 11 581 4
185.398 142.526 34.283 6 29 11 581 4
291.639 44.128 267.309 7 29 11 271 1
291.639 44.128 267.309 8 29 11 271 1
31.760 16.770 223.195 9 29 11 562 2
31.760 16.770 223.195 10 29 11 562 2
57.100 65.122 49.189 11 29 11 538 2
57.100 65.122 49.189 12 29 11 538 2
57.100 65.122 49.189 13 29 11 538 2
168.000 118.190 82.347 14 29 11 573 4
168.000 118.190 82.347 15 29 11 573 4
168.000 118.190 82.347 16 29 11 573 4
168.000 118.190 82.347 17 29 11 573 4
168.000 118.190 82.347 18 29 11 573 4
168.000 118.190 82.347 19 29 11 573 4
168.000 118.190 82.347 20 29 11 573 4
168.000 118.190 82.347 21 29 11 573 4
359.392 81.007 259.773 22 29 11 576 4
359.392 81.007 259.773 23 29 11 576 4
359.392 81.007 259.773 24 29 11 576 4
359.392 81.007 259.773 25 29 11 576 4
359.392 81.007 259.773 26 29 11 576 4
359.392 81.007 259.773 27 29 11 576 4
359.392 81.007 259.773 28 29 11 576 4
359.392 81.007 259.773 29 29 11 576 4
359.392 81.007 259.773 30 29 11 576 4
6.627 62.125 61.524 1 30 11 604 1
6.627 62.125 61.524 2 30 11 604 1
6.627 62.125 61.524 3 30 11 604 1
6.627 62.125 61.524 4 30 11 604 1
6.627 62.125 61.524 5 30 11 604 1
6.627 62.125 61.524 6 30 11 604 1
31.760 16.770 223.195 7 30 11 562 2
31.760 16.770 223.195 8 30 11 562 2
31.760 16.770 223.195 9 30 11 562 2
31.760 16.770 223.195 10 30 11 562 2
57.100 65.122 49.189 11 30 11 538 2
57.100 65.122 49.189 12 30 11 538 2
57.100 65.122 49.189 13 30 11 538 2
168.000 118.190 82.347 14 30 11 573 4
168.000 118.190 82.347 15 30 11 573 4
168.000 118.190 82.347 16 30 11 573 4
168.000 118.190 82.347 17 30 11 573 4
168.000 118.190 82.347 18 30 11 573 4
168.000 118.190 82.347 19 30 11 573 4
168.000 118.190 82.347 20 30 11 573 4
359.392 81.007 259.773 21 30 11 576 4
359.392 81.007 259.773 22 30 11 576 4
359.392 81.007 259.773 23 30 11 576 4
359.392 81.007 259.773 24 30 11 576 4
359.392 81.007 259.773 25 30 11 576 4
359.392 81.007 259.773 26 30 11 576 4
359.392 81.007 259.773 27 30 11 576 4
359.392 81.007 259.773 28 30 11 576 4
359.392 81.007 259.773 29 30 11 576 4
359.392 81.007 259.773 30 30 11 576 4
