240.413 46.563 325.425 1 1 16 569 3
240.413 46.563 325.425 2 1 16 569 3
240.413 46.563 325.425 3 1 16 569 3
240.413 46.563 325.425 4 1 16 569 3
240.413 46.563 325.425 5 1 16 569 3
240.413 46.563 325.425 6 1 16 569 3
240.413 46.563 325.425 7 1 16 569 3
240.413 46.563 325.425 8 1 16 569 3
240.413 46.563 325.425 9 1 16 569 3
240.413 46.563 325.425 10 1 16 569 3
240.413 46.563 325.425 11 1 16 569 3
240.413 46.563 325.425 12 1 16 569 3
240.413 46.563 325.425 13 1 16 569 3
240.413 46.563 325.425 14 1 16 569 3
240.413 46.563 325.425 15 1 16 569 3
240.413 46.563 325.425 16 1 16 569 3
240.413 46.563 325.425 17 1 16 569 3
240.413 46.563 325.425 18 1 16 569 3
240.413 46.563 325.425 19 1 16 569 3
240.413 46.563 325.425 20 1 16 569 3
240.413 46.563 325.425 21 1 16 569 3
353.375 47.433 40.933 22 1 16 590 1
240.413 46.563 325.425 23 1 16 569 3
240.413 46.563 325.425 24 1 16 569 3
240.413 46.563 325.425 25 1 16 569 3
240.413 46.563 325.425 26 1 16 569 3
128.698 32.818 161.046 27 1 16 558 2
128.698 32.818 161.046 28 1 16 558 2
128.698 32.818 161.046 29 1 16 558 2
128.698 32.818 161.046 30 1 16 558 2
240.413 46.563 325.425 1 2 16 569 3
240.413 46.563 325.425 2 2 16 569 3
240.413 46.563 325.425 3 2 16 569 3
240.413 46.563 325.425 4 2 16 569 3
240.413 46.563 325.425 5 2 16 569 3
240.413 46.563 325.425 6 2 16 569 3
240.413 46.563 325.425 7 2 16 569 3
240.413 46.563 325.425 8 2 16 569 3
240.413 46.563 325.425 9 2 16 569 3
240.413 46.563 325.425 10 2 16 569 3
240.413 46.563 325.425 11 2 16 569 3
240.413 46.563 325.425 12 2 16 569 3
240.413 46.563 325.425 13 2 16 569 3
240.413 46.563 325.425 14 2 16 569 3
240.413 46.563 325.425 15 2 16 569 3
240.413 46.563 325.425 16 2 16 569 3
240.413 46.563 325.425 17 2 16 569 3
145.759 45.733 76.473 18 2 16 166 1
240.413 46.563 325.425 19 2 16 569 3
240.413 46.563 325.425 20 2 16 569 3
240.413 46.563 325.425 21 2 16 569 3
353.375 47.433 40.933 22 2 16 590 1
240.413 46.563 325.425 23 2 16 569 3
240.413 46.563 325.425 24 2 16 569 3
240.413 46.563 325.425 25 2 16 569 3
240.413 46.563 325.425 26 2 16 569 3
128.698 32.818 161.046 27 2 16 558 2
128.698 32.818 161.046 28 2 16 558 2
128.698 32.818 161.046 29 2 16 558 2
128.698 32.818 161.046 30 2 16 558 2
240.413 46.563 325.425 1 3 16 569 3
240.413 46.563 325.425 2 3 16 569 3
240.413 46.563 325.425 3 3 16 569 3
240.413 46.563 325.425 4 3 16 569 3
240.413 46.563 325.425 5 3 16 569 3
240.413 46.563 325.425 6 3 16 569 3
240.413 46.563 325.425 7 3 16 569 3
240.413 46.563 325.425 8 3 16 569 3
240.413 46.563 325.425 9 3 16 569 3
240.413 46.563 325.425 10 3 16 569 3
240.413 46.563 325.425 11 3 16 569 3
240.413 46.563 325.425 12 3 16 569 3
240.413 46.563 325.425 13 3 16 569 3
240.413 46.563 325.425 14 3 16 569 3
240.413 46.563 325.425 15 3 16 569 3
240.413 46.563 325.425 16 3 16 569 3
240.413 46.563 325.425 17 3 16 569 3
240.413 46.563 325.425 18 3 16 569 3
240.413 46.563 325.425 19 3 16 569 3
240.413 46.563 325.425 20 3 16 569 3
240.413 46.563 325.425 21 3 16 569 3
240.413 46.563 325.425 22 3 16 569 3
240.413 46.563 325.425 23 3 16 569 3
240.413 46.563 325.425 24 3 16 569 3
240.413 46.563 325.425 25 3 16 569 3
240.413 46.563 325.425 26 3 16 569 3
128.698 32.818 161.046 27 3 16 558 2
128.698 32.818 161.046 28 3 16 558 2
128.698 32.818 161.046 29 3 16 558 2
128.698 32.818 161.046 30 3 16 558 2
240.413 46.563 325.425 1 4 16 569 3
240.413 46.563 325.425 2 4 16 569 3
240.413 46.563 325.425 3 4 16 569 3
240.413 46.563 325.425 4 4 16 569 3
240.413 46.563 325.425 5 4 16 569 3
240.413 46.563 325.425 6 4 16 569 3
240.413 46.563 325.425 7 4 16 569 3
240.413 46.563 325.425 8 4 16 569 3
240.413 46.563 325.425 9 4 16 569 3
240.413 46.563 325.425 10 4 16 569 3
240.413 46.563 325.425 11 4 16 569 3
240.413 46.563 325.425 12 4 16 569 3
240.413 46.563 325.425 13 4 16 569 3
240.413 46.563 325.425 14 4 16 569 3
240.413 46.563 325.425 15 4 16 569 3
126.039 86.106 3.495 16 4 16 235 1
240.413 46.563 325.425 17 4 16 569 3
240.413 46.563 325.425 18 4 16 569 3
240.413 46.563 325.425 19 4 16 569 3
240.413 46.563 325.425 20 4 16 569 3
240.413 46.563 325.425 21 4 16 569 3
240.413 46.563 325.425 22 4 16 569 3
240.413 46.563 325.425 23 4 16 569 3
240.413 46.563 325.425 24 4 16 569 3
240.413 46.563 325.425 25 4 16 569 3
240.413 46.563 325.425 26 4 16 569 3
128.698 32.818 161.046 27 4 16 558 2
128.698 32.818 161.046 28 4 16 558 2
128.698 32.818 161.046 29 4 16 558 2
128.698 32.818 161.046 30 4 16 558 2
240.413 46.563 325.425 1 5 16 569 3
240.413 46.563 325.425 2 5 16 569 3
240.413 46.563 325.425 3 5 16 569 3
240.413 46.563 325.425 4 5 16 569 3
240.413 46.563 325.425 5 5 16 569 3
240.413 46.563 325.425 6 5 16 569 3
240.413 46.563 325.425 7 5 16 569 3
240.413 46.563 325.425 8 5 16 569 3
240.413 46.563 325.425 9 5 16 569 3
240.413 46.563 325.425 10 5 16 569 3
240.413 46.563 325.425 11 5 16 569 3
240.413 46.563 325.425 12 5 16 569 3
240.413 46.563 325.425 13 5 16 569 3
240.413 46.563 325.425 14 5 16 569 3
240.413 46.563 325.425 15 5 16 569 3
240.413 46.563 325.425 16 5 16 569 3
240.413 46.563 325.425 17 5 16 569 3
240.413 46.563 325.425 18 5 16 569 3
240.413 46.563 325.425 19 5 16 569 3
240.413 46.563 325.425 20 5 16 569 3
240.413 46.563 325.425 21 5 16 569 3
240.413 46.563 325.425 22 5 16 569 3
240.413 46.563 325.425 23 5 16 569 3
240.413 46.563 325.425 24 5 16 569 3
240.413 46.563 325.425 25 5 16 569 3
240.413 46.563 325.425 26 5 16 569 3
170.856 105.864 322.150 27 5 16 520 2
170.856 105.864 322.150 28 5 16 520 2
170.856 105.864 322.150 29 5 16 520 2
170.856 105.864 322.150 30 5 16 520 2
240.413 46.563 325.425 1 6 16 569 3
240.413 46.563 325.425 2 6 16 569 3
240.413 46.563 325.425 3 6 16 569 3
240.413 46.563 325.425 4 6 16 569 3
240.413 46.563 325.425 5 6 16 569 3
240.413 46.563 325.425 6 6 16 569 3
240.413 46.563 325.425 7 6 16 569 3
240.413 46.563 325.425 8 6 16 569 3
240.413 46.563 325.425 9 6 16 569 3
240.413 46.563 325.425 10 6 16 569 3
240.413 46.563 325.425 11 6 16 569 3
240.413 46.563 325.425 12 6 16 569 3
240.413 46.563 325.425 13 6 16 569 3
240.413 46.563 325.425 14 6 16 569 3
240.413 46.563 325.425 15 6 16 569 3
240.413 46.563 325.425 16 6 16 569 3
240.413 46.563 325.425 17 6 16 569 3
240.413 46.563 325.425 18 6 16 569 3
240.413 46.563 325.425 19 6 16 569 3
240.413 46.563 325.425 20 6 16 569 3
240.413 46.563 325.425 21 6 16 569 3
240.413 46.563 325.425 22 6 16 569 3
240.413 46.563 325.425 23 6 16 569 3
240.413 46.563 325.425 24 6 16 569 3
240.413 46.563 325.425 25 6 16 569 3
211.859 117.857 159.729 26 6 16 186 1
170.856 105.864 322.150 27 6 16 520 2
319.213 87.054 285.925 28 6 16 276 1
170.856 105.864 322.150 29 6 16 520 2
225.965 116.401 146.183 30 6 16 454 1
240.413 46.563 325.425 1 7 16 569 3
240.413 46.563 325.425 2 7 16 569 3
240.413 46.563 325.425 3 7 16 569 3
240.413 46.563 325.425 4 7 16 569 3
240.413 46.563 325.425 5 7 16 569 3
240.413 46.563 325.425 6 7 16 569 3
240.413 46.563 325.425 7 7 16 569 3
240.413 46.563 325.425 8 7 16 569 3
240.413 46.563 325.425 9 7 16 569 3
240.413 46.563 325.425 10 7 16 569 3
240.413 46.563 325.425 11 7 16 569 3
240.413 46.563 325.425 12 7 16 569 3
240.413 46.563 325.425 13 7 16 569 3
240.413 46.563 325.425 14 7 16 569 3
240.413 46.563 325.425 15 7 16 569 3
240.413 46.563 325.425 16 7 16 569 3
240.413 46.563 325.425 17 7 16 569 3
240.413 46.563 325.425 18 7 16 569 3
240.413 46.563 325.425 19 7 16 569 3
240.413 46.563 325.425 20 7 16 569 3
240.413 46.563 325.425 21 7 16 569 3
240.413 46.563 325.425 22 7 16 569 3
240.413 46.563 325.425 23 7 16 569 3
240.413 46.563 325.425 24 7 16 569 3
240.413 46.563 325.425 25 7 16 569 3
240.413 46.563 325.425 26 7 16 569 3
240.413 46.563 325.425 27 7 16 569 3
240.413 46.563 325.425 28 7 16 569 3
240.413 46.563 325.425 29 7 16 569 3
225.965 116.401 146.183 30 7 16 454 1
240.413 46.563 325.425 1 8 16 569 3
240.413 46.563 325.425 2 8 16 569 3
240.413 46.563 325.425 3 8 16 569 3
240.413 46.563 325.425 4 8 16 569 3
240.413 46.563 325.425 5 8 16 569 3
240.413 46.563 325.425 6 8 16 569 3
240.413 46.563 325.425 7 8 16 569 3
240.413 46.563 325.425 8 8 16 569 3
240.413 46.563 325.425 9 8 16 569 3
240.413 46.563 325.425 10 8 16 569 3
240.413 46.563 325.425 11 8 16 569 3
240.413 46.563 325.425 12 8 16 569 3
240.413 46.563 325.425 13 8 16 569 3
240.413 46.563 325.425 14 8 16 569 3
240.413 46.563 325.425 15 8 16 569 3
240.413 46.563 325.425 16 8 16 569 3
240.413 46.563 325.425 17 8 16 569 3
165.306 100.339 245.252 18 8 16 16 1
240.413 46.563 325.425 19 8 16 569 3
240.413 46.563 325.425 20 8 16 569 3
240.413 46.563 325.425 21 8 16 569 3
240.413 46.563 325.425 22 8 16 569 3
240.413 46.563 325.425 23 8 16 569 3
240.413 46.563 325.425 24 8 16 569 3
240.413 46.563 325.425 25 8 16 569 3
240.413 46.563 325.425 26 8 16 569 3
240.413 46.563 325.425 27 8 16 569 3
240.413 46.563 325.425 28 8 16 569 3
240.413 46.563 325.425 29 8 16 569 3
277.388 43.139 204.362 30 8 16 579 4
240.413 46.563 325.425 1 9 16 569 3
240.413 46.563 325.425 2 9 16 569 3
240.413 46.563 325.425 3 9 16 569 3
240.413 46.563 325.425 4 9 16 569 3
240.413 46.563 325.425 5 9 16 569 3
240.413 46.563 325.425 6 9 16 569 3
240.413 46.563 325.425 7 9 16 569 3
240.413 46.563 325.425 8 9 16 569 3
240.413 46.563 325.425 9 9 16 569 3
240.413 46.563 325.425 10 9 16 569 3
240.413 46.563 325.425 11 9 16 569 3
240.413 46.563 325.425 12 9 16 569 3
240.413 46.563 325.425 13 9 16 569 3
240.413 46.563 325.425 14 9 16 569 3
240.413 46.563 325.425 15 9 16 569 3
240.413 46.563 325.425 16 9 16 569 3
240.413 46.563 325.425 17 9 16 569 3
240.413 46.563 325.425 18 9 16 569 3
240.413 46.563 325.425 19 9 16 569 3
240.413 46.563 325.425 20 9 16 569 3
240.413 46.563 325.425 21 9 16 569 3
240.413 46.563 325.425 22 9 16 569 3
240.413 46.563 325.425 23 9 16 569 3
240.413 46.563 325.425 24 9 16 569 3
240.413 46.563 325.425 25 9 16 569 3
240.413 46.563 325.425 26 9 16 569 3
187.186 110.415 8.740 27 9 16 336 1
277.388 43.139 204.362 28 9 16 579 4
277.388 43.139 204.362 29 9 16 579 4
277.388 43.139 204.362 30 9 16 579 4
240.413 46.563 325.425 1 10 16 569 3
240.413 46.563 325.425 2 10 16 569 3
240.413 46.563 325.425 3 10 16 569 3
240.413 46.563 325.425 4 10 16 569 3
240.413 46.563 325.425 5 10 16 569 3
240.413 46.563 325.425 6 10 16 569 3
240.413 46.563 325.425 7 10 16 569 3
240.413 46.563 325.425 8 10 16 569 3
240.413 46.563 325.425 9 10 16 569 3
240.413 46.563 325.425 10 10 16 569 3
240.413 46.563 325.425 11 10 16 569 3
240.413 46.563 325.425 12 10 16 569 3
240.413 46.563 325.425 13 10 16 569 3
359.150 16.625 111.858 14 10 16 335 1
240.413 46.563 325.425 15 10 16 569 3
240.413 46.563 325.425 16 10 16 569 3
240.413 46.563 325.425 17 10 16 569 3
240.413 46.563 325.425 18 10 16 569 3
240.413 46.563 325.425 19 10 16 569 3
240.413 46.563 325.425 20 10 16 569 3
240.413 46.563 325.425 21 10 16 569 3
240.413 46.563 325.425 22 10 16 569 3
240.413 46.563 325.425 23 10 16 569 3
240.413 46.563 325.425 24 10 16 569 3
240.413 46.563 325.425 25 10 16 569 3
240.413 46.563 325.425 26 10 16 569 3
277.388 43.139 204.362 27 10 16 579 4
277.388 43.139 204.362 28 10 16 579 4
277.388 43.139 204.362 29 10 16 579 4
277.388 43.139 204.362 30 10 16 579 4
240.413 46.563 325.425 1 11 16 569 3
240.413 46.563 325.425 2 11 16 569 3
240.413 46.563 325.425 3 11 16 569 3
240.413 46.563 325.425 4 11 16 569 3
240.413 46.563 325.425 5 11 16 569 3
240.413 46.563 325.425 6 11 16 569 3
240.413 46.563 325.425 7 11 16 569 3
240.413 46.563 325.425 8 11 16 569 3
240.413 46.563 325.425 9 11 16 569 3
240.413 46.563 325.425 10 11 16 569 3
240.413 46.563 325.425 11 11 16 569 3
240.413 46.563 325.425 12 11 16 569 3
240.413 46.563 325.425 13 11 16 569 3
240.413 46.563 325.425 14 11 16 569 3
240.413 46.563 325.425 15 11 16 569 3
240.413 46.563 325.425 16 11 16 569 3
240.413 46.563 325.425 17 11 16 569 3
240.413 46.563 325.425 18 11 16 569 3
240.413 46.563 325.425 19 11 16 569 3
240.413 46.563 325.425 20 11 16 569 3
240.413 46.563 325.425 21 11 16 569 3
240.413 46.563 325.425 22 11 16 569 3
240.413 46.563 325.425 23 11 16 569 3
240.413 46.563 325.425 24 11 16 569 3
240.413 46.563 325.425 25 11 16 569 3
277.388 43.139 204.362 26 11 16 579 4
277.388 43.139 204.362 27 11 16 579 4
277.388 43.139 204.362 28 11 16 579 4
277.388 43.139 204.362 29 11 16 579 4
277.388 43.139 204.362 30 11 16 579 4
240.413 46.563 325.425 1 12 16 569 3
240.413 46.563 325.425 2 12 16 569 3
240.413 46.563 325.425 3 12 16 569 3
240.413 46.563 325.425 4 12 16 569 3
240.413 46.563 325.425 5 12 16 569 3
240.413 46.563 325.425 6 12 16 569 3
240.413 46.563 325.425 7 12 16 569 3
240.413 46.563 325.425 8 12 16 569 3
240.413 46.563 325.425 9 12 16 569 3
240.413 46.563 325.425 10 12 16 569 3
240.413 46.563 325.425 11 12 16 569 3
265.471 143.642 354.628 12 12 16 414 1
240.413 46.563 325.425 13 12 16 569 3
0.498 105.742 36.359 14 12 16 277 1
240.413 46.563 325.425 15 12 16 569 3
240.413 46.563 325.425 16 12 16 569 3
240.413 46.563 325.425 17 12 16 569 3
240.413 46.563 325.425 18 12 16 569 3
240.413 46.563 325.425 19 12 16 569 3
240.413 46.563 325.425 20 12 16 569 3
240.413 46.563 325.425 21 12 16 569 3
240.413 46.563 325.425 22 12 16 569 3
240.413 46.563 325.425 23 12 16 569 3
240.413 46.563 325.425 24 12 16 569 3
240.413 46.563 325.425 25 12 16 569 3
277.388 43.139 204.362 26 12 16 579 4
277.388 43.139 204.362 27 12 16 579 4
89.484 44.340 312.148 28 12 16 423 1
277.388 43.139 204.362 29 12 16 579 4
277.388 43.139 204.362 30 12 16 579 4
240.413 46.563 325.425 1 13 16 569 3
240.413 46.563 325.425 2 13 16 569 3
240.413 46.563 325.425 3 13 16 569 3
240.413 46.563 325.425 4 13 16 569 3
240.413 46.563 325.425 5 13 16 569 3
240.413 46.563 325.425 6 13 16 569 3
240.413 46.563 325.425 7 13 16 569 3
240.413 46.563 325.425 8 13 16 569 3
240.511 64.014 70.718 9 13 16 624 2
240.413 46.563 325.425 10 13 16 569 3
240.413 46.563 325.425 11 13 16 569 3
240.413 46.563 325.425 12 13 16 569 3
240.413 46.563 325.425 13 13 16 569 3
240.413 46.563 325.425 14 13 16 569 3
240.413 46.563 325.425 15 13 16 569 3
240.413 46.563 325.425 16 13 16 569 3
240.413 46.563 325.425 17 13 16 569 3
240.413 46.563 325.425 18 13 16 569 3
240.413 46.563 325.425 19 13 16 569 3
240.413 46.563 325.425 20 13 16 569 3
240.413 46.563 325.425 21 13 16 569 3
240.413 46.563 325.425 22 13 16 569 3
240.413 46.563 325.425 23 13 16 569 3
240.413 46.563 325.425 24 13 16 569 3
101.807 52.241 339.281 25 13 16 586 4
101.807 52.241 339.281 26 13 16 586 4
277.388 43.139 204.362 27 13 16 579 4
277.388 43.139 204.362 28 13 16 579 4
277.388 43.139 204.362 29 13 16 579 4
277.388 43.139 204.362 30 13 16 579 4
38.553 161.159 61.399 1 14 16 571 4
240.413 46.563 325.425 2 14 16 569 3
240.413 46.563 325.425 3 14 16 569 3
240.413 46.563 325.425 4 14 16 569 3
240.413 46.563 325.425 5 14 16 569 3
240.413 46.563 325.425 6 14 16 569 3
240.413 46.563 325.425 7 14 16 569 3
240.413 46.563 325.425 8 14 16 569 3
240.413 46.563 325.425 9 14 16 569 3
240.413 46.563 325.425 10 14 16 569 3
240.413 46.563 325.425 11 14 16 569 3
240.413 46.563 325.425 12 14 16 569 3
240.413 46.563 325.425 13 14 16 569 3
240.413 46.563 325.425 14 14 16 569 3
240.413 46.563 325.425 15 14 16 569 3
240.413 46.563 325.425 16 14 16 569 3
240.413 46.563 325.425 17 14 16 569 3
240.413 46.563 325.425 18 14 16 569 3
240.413 46.563 325.425 19 14 16 569 3
240.413 46.563 325.425 20 14 16 569 3
240.413 46.563 325.425 21 14 16 569 3
101.807 52.241 339.281 22 14 16 586 4
101.807 52.241 339.281 23 14 16 586 4
101.807 52.241 339.281 24 14 16 586 4
101.807 52.241 339.281 25 14 16 586 4
101.807 52.241 339.281 26 14 16 586 4
101.807 52.241 339.281 27 14 16 586 4
101.807 52.241 339.281 28 14 16 586 4
101.807 52.241 339.281 29 14 16 586 4
75.153 84.518 115.262 30 14 16 575 4
38.553 161.159 61.399 1 15 16 571 4
38.553 161.159 61.399 2 15 16 571 4
38.553 161.159 61.399 3 15 16 571 4
240.413 46.563 325.425 4 15 16 569 3
240.413 46.563 325.425 5 15 16 569 3
122.410 45.467 286.674 6 15 16 504 2
240.413 46.563 325.425 7 15 16 569 3
240.413 46.563 325.425 8 15 16 569 3
240.413 46.563 325.425 9 15 16 569 3
204.875 125.907 66.620 10 15 16 446 1
240.413 46.563 325.425 11 15 16 569 3
240.413 46.563 325.425 12 15 16 569 3
240.413 46.563 325.425 13 15 16 569 3
240.413 46.563 325.425 14 15 16 569 3
240.413 46.563 325.425 15 15 16 569 3
240.413 46.563 325.425 16 15 16 569 3
240.413 46.563 325.425 17 15 16 569 3
101.807 52.241 339.281 18 15 16 586 4
101.807 52.241 339.281 19 15 16 586 4
101.807 52.241 339.281 20 15 16 586 4
101.807 52.241 339.281 21 15 16 586 4
101.807 52.241 339.281 22 15 16 586 4
101.807 52.241 339.281 23 15 16 586 4
101.807 52.241 339.281 24 15 16 586 4
101.807 52.241 339.281 25 15 16 586 4
101.807 52.241 339.281 26 15 16 586 4
101.807 52.241 339.281 27 15 16 586 4
101.807 52.241 339.281 28 15 16 586 4
101.807 52.241 339.281 29 15 16 586 4
101.807 52.241 339.281 30 15 16 586 4
38.553 161.159 61.399 1 16 16 571 4
38.553 161.159 61.399 2 16 16 571 4
38.553 161.159 61.399 3 16 16 571 4
38.553 161.159 61.399 4 16 16 571 4
122.410 45.467 286.674 5 16 16 504 2
122.410 45.467 286.674 6 16 16 504 2
240.413 46.563 325.425 7 16 16 569 3
240.413 46.563 325.425 8 16 16 569 3
240.413 46.563 325.425 9 16 16 569 3
204.875 125.907 66.620 10 16 16 446 1
240.413 46.563 325.425 11 16 16 569 3
240.413 46.563 325.425 12 16 16 569 3
101.807 52.241 339.281 13 16 16 586 4
101.807 52.241 339.281 14 16 16 586 4
101.807 52.241 339.281 15 16 16 586 4
101.807 52.241 339.281 16 16 16 586 4
101.807 52.241 339.281 17 16 16 586 4
101.807 52.241 339.281 18 16 16 586 4
101.807 52.241 339.281 19 16 16 586 4
101.807 52.241 339.281 20 16 16 586 4
101.807 52.241 339.281 21 16 16 586 4
101.807 52.241 339.281 22 16 16 586 4
101.807 52.241 339.281 23 16 16 586 4
101.807 52.241 339.281 24 16 16 586 4
101.807 52.241 339.281 25 16 16 586 4
101.807 52.241 339.281 26 16 16 586 4
101.807 52.241 339.281 27 16 16 586 4
101.807 52.241 339.281 28 16 16 586 4
101.807 52.241 339.281 29 16 16 586 4
101.807 52.241 339.281 30 16 16 586 4
38.553 161.159 61.399 1 17 16 571 4
38.553 161.159 61.399 2 17 16 571 4
38.553 161.159 61.399 3 17 16 571 4
122.410 45.467 286.674 4 17 16 504 2
122.410 45.467 286.674 5 17 16 504 2
122.410 45.467 286.674 6 17 16 504 2
101.807 52.241 339.281 7 17 16 586 4
101.807 52.241 339.281 8 17 16 586 4
101.807 52.241 339.281 9 17 16 586 4
101.807 52.241 339.281 10 17 16 586 4
101.807 52.241 339.281 11 17 16 586 4
101.807 52.241 339.281 12 17 16 586 4
101.807 52.241 339.281 13 17 16 586 4
101.807 52.241 339.281 14 17 16 586 4
101.807 52.241 339.281 15 17 16 586 4
101.807 52.241 339.281 16 17 16 586 4
101.807 52.241 339.281 17 17 16 586 4
101.807 52.241 339.281 18 17 16 586 4
101.807 52.241 339.281 19 17 16 586 4
101.807 52.241 339.281 20 17 16 586 4
101.807 52.241 339.281 21 17 16 586 4
101.807 52.241 339.281 22 17 16 586 4
101.807 52.241 339.281 23 17 16 586 4
101.807 52.241 339.281 24 17 16 586 4
101.807 52.241 339.281 25 17 16 586 4
101.807 52.241 339.281 26 17 16 586 4
101.807 52.241 339.281 27 17 16 586 4
101.807 52.241 339.281 28 17 16 586 4
101.807 52.241 339.281 29 17 16 586 4
101.807 52.241 339.281 30 17 16 586 4
38.553 161.159 61.399 1 18 16 571 4
61.240 163.185 219.767 2 18 16 447 1
38.553 161.159 61.399 3 18 16 571 4
38.553 161.159 61.399 4 18 16 571 4
38.553 161.159 61.399 5 18 16 571 4
38.553 161.159 61.399 6 18 16 571 4
101.807 52.241 339.281 7 18 16 586 4
101.807 52.241 339.281 8 18 16 586 4
101.807 52.241 339.281 9 18 16 586 4
101.807 52.241 339.281 10 18 16 586 4
101.807 52.241 339.281 11 18 16 586 4
101.807 52.241 339.281 12 18 16 586 4
101.807 52.241 339.281 13 18 16 586 4
101.807 52.241 339.281 14 18 16 586 4
101.807 52.241 339.281 15 18 16 586 4
101.807 52.241 339.281 16 18 16 586 4
101.807 52.241 339.281 17 18 16 586 4
101.807 52.241 339.281 18 18 16 586 4
331.100 138.089 108.218 19 18 16 119 1
101.807 52.241 339.281 20 18 16 586 4
101.807 52.241 339.281 21 18 16 586 4
101.807 52.241 339.281 22 18 16 586 4
101.807 52.241 339.281 23 18 16 586 4
101.807 52.241 339.281 24 18 16 586 4
101.807 52.241 339.281 25 18 16 586 4
101.807 52.241 339.281 26 18 16 586 4
101.807 52.241 339.281 27 18 16 586 4
101.807 52.241 339.281 28 18 16 586 4
101.807 52.241 339.281 29 18 16 586 4
101.807 52.241 339.281 30 18 16 586 4
38.553 161.159 61.399 1 19 16 571 4
231.089 87.729 258.967 2 19 16 514 2
38.553 161.159 61.399 3 19 16 571 4
38.553 161.159 61.399 4 19 16 571 4
38.553 161.159 61.399 5 19 16 571 4
101.807 52.241 339.281 6 19 16 586 4
101.807 52.241 339.281 7 19 16 586 4
101.807 52.241 339.281 8 19 16 586 4
101.807 52.241 339.281 9 19 16 586 4
101.807 52.241 339.281 10 19 16 586 4
101.807 52.241 339.281 11 19 16 586 4
101.807 52.241 339.281 12 19 16 586 4
101.807 52.241 339.281 13 19 16 586 4
101.807 52.241 339.281 14 19 16 586 4
101.807 52.241 339.281 15 19 16 586 4
101.807 52.241 339.281 16 19 16 586 4
101.807 52.241 339.281 17 19 16 586 4
101.807 52.241 339.281 18 19 16 586 4
101.807 52.241 339.281 19 19 16 586 4
101.807 52.241 339.281 20 19 16 586 4
101.807 52.241 339.281 21 19 16 586 4
101.807 52.241 339.281 22 19 16 586 4
101.807 52.241 339.281 23 19 16 586 4
101.807 52.241 339.281 24 19 16 586 4
101.807 52.241 339.281 25 19 16 586 4
101.807 52.241 339.281 26 19 16 586 4
101.807 52.241 339.281 27 19 16 586 4
101.807 52.241 339.281 28 19 16 586 4
101.807 52.241 339.281 29 19 16 586 4
359.392 81.007 259.773 30 19 16 576 4
38.553 161.159 61.399 1 20 16 571 4
65.320 89.781 124.675 2 20 16 498 2
231.089 87.729 258.967 3 20 16 514 2
10.311 37.483 150.798 4 20 16 240 1
101.807 52.241 339.281 5 20 16 586 4
101.807 52.241 339.281 6 20 16 586 4
101.807 52.241 339.281 7 20 16 586 4
101.807 52.241 339.281 8 20 16 586 4
101.807 52.241 339.281 9 20 16 586 4
101.807 52.241 339.281 10 20 16 586 4
101.807 52.241 339.281 11 20 16 586 4
101.807 52.241 339.281 12 20 16 586 4
101.807 52.241 339.281 13 20 16 586 4
101.807 52.241 339.281 14 20 16 586 4
101.807 52.241 339.281 15 20 16 586 4
101.807 52.241 339.281 16 20 16 586 4
101.807 52.241 339.281 17 20 16 586 4
101.807 52.241 339.281 18 20 16 586 4
101.807 52.241 339.281 19 20 16 586 4
101.807 52.241 339.281 20 20 16 586 4
101.807 52.241 339.281 21 20 16 586 4
101.807 52.241 339.281 22 20 16 586 4
101.807 52.241 339.281 23 20 16 586 4
101.807 52.241 339.281 24 20 16 586 4
101.807 52.241 339.281 25 20 16 586 4
101.807 52.241 339.281 26 20 16 586 4
101.807 52.241 339.281 27 20 16 586 4
101.807 52.241 339.281 28 20 16 586 4
359.392 81.007 259.773 29 20 16 576 4
359.392 81.007 259.773 30 20 16 576 4
38.553 161.159 61.399 1 21 16 571 4
38.553 161.159 61.399 2 21 16 571 4
38.553 161.159 61.399 3 21 16 571 4
38.553 161.159 61.399 4 21 16 571 4
101.807 52.241 339.281 5 21 16 586 4
101.807 52.241 339.281 6 21 16 586 4
101.807 52.241 339.281 7 21 16 586 4
101.807 52.241 339.281 8 21 16 586 4
101.807 52.241 339.281 9 21 16 586 4
101.807 52.241 339.281 10 21 16 586 4
101.807 52.241 339.281 11 21 16 586 4
101.807 52.241 339.281 12 21 16 586 4
101.807 52.241 339.281 13 21 16 586 4
101.807 52.241 339.281 14 21 16 586 4
101.807 52.241 339.281 15 21 16 586 4
101.807 52.241 339.281 16 21 16 586 4
101.807 52.241 339.281 17 21 16 586 4
101.807 52.241 339.281 18 21 16 586 4
101.807 52.241 339.281 19 21 16 586 4
101.807 52.241 339.281 20 21 16 586 4
101.807 52.241 339.281 21 21 16 586 4
101.807 52.241 339.281 22 21 16 586 4
101.807 52.241 339.281 23 21 16 586 4
101.807 52.241 339.281 24 21 16 586 4
101.807 52.241 339.281 25 21 16 586 4
101.807 52.241 339.281 26 21 16 586 4
101.807 52.241 339.281 27 21 16 586 4
359.392 81.007 259.773 28 21 16 576 4
359.392 81.007 259.773 29 21 16 576 4
359.392 81.007 259.773 30 21 16 576 4
38.553 161.159 61.399 1 22 16 571 4
38.553 161.159 61.399 2 22 16 571 4
38.553 161.159 61.399 3 22 16 571 4
225.985 104.137 135.189 4 22 16 381 1
101.807 52.241 339.281 5 22 16 586 4
101.807 52.241 339.281 6 22 16 586 4
101.807 52.241 339.281 7 22 16 586 4
101.807 52.241 339.281 8 22 16 586 4
101.807 52.241 339.281 9 22 16 586 4
101.807 52.241 339.281 10 22 16 586 4
101.807 52.241 339.281 11 22 16 586 4
101.807 52.241 339.281 12 22 16 586 4
101.807 52.241 339.281 13 22 16 586 4
101.807 52.241 339.281 14 22 16 586 4
101.807 52.241 339.281 15 22 16 586 4
101.807 52.241 339.281 16 22 16 586 4
101.807 52.241 339.281 17 22 16 586 4
101.807 52.241 339.281 18 22 16 586 4
101.807 52.241 339.281 19 22 16 586 4
101.807 52.241 339.281 20 22 16 586 4
101.807 52.241 339.281 21 22 16 586 4
101.807 52.241 339.281 22 22 16 586 4
101.807 52.241 339.281 23 22 16 586 4
101.807 52.241 339.281 24 22 16 586 4
101.807 52.241 339.281 25 22 16 586 4
359.392 81.007 259.773 26 22 16 576 4
359.392 81.007 259.773 27 22 16 576 4
359.392 81.007 259.773 28 22 16 576 4
359.392 81.007 259.773 29 22 16 576 4
359.392 81.007 259.773 30 22 16 576 4
38.553 161.159 61.399 1 23 16 571 4
38.553 161.159 61.399 2 23 16 571 4
38.553 161.159 61.399 3 23 16 571 4
101.807 52.241 339.281 4 23 16 586 4
101.807 52.241 339.281 5 23 16 586 4
101.807 52.241 339.281 6 23 16 586 4
101.807 52.241 339.281 7 23 16 586 4
101.807 52.241 339.281 8 23 16 586 4
101.807 52.241 339.281 9 23 16 586 4
101.807 52.241 339.281 10 23 16 586 4
101.807 52.241 339.281 11 23 16 586 4
101.807 52.241 339.281 12 23 16 586 4
101.807 52.241 339.281 13 23 16 586 4
101.807 52.241 339.281 14 23 16 586 4
101.807 52.241 339.281 15 23 16 586 4
101.807 52.241 339.281 16 23 16 586 4
101.807 52.241 339.281 17 23 16 586 4
101.807 52.241 339.281 18 23 16 586 4
101.807 52.241 339.281 19 23 16 586 4
101.807 52.241 339.281 20 23 16 586 4
101.807 52.241 339.281 21 23 16 586 4
101.807 52.241 339.281 22 23 16 586 4
101.807 52.241 339.281 23 23 16 586 4
101.807 52.241 339.281 24 23 16 586 4
359.392 81.007 259.773 25 23 16 576 4
359.392 81.007 259.773 26 23 16 576 4
359.392 81.007 259.773 27 23 16 576 4
359.392 81.007 259.773 28 23 16 576 4
359.392 81.007 259.773 29 23 16 576 4
359.392 81.007 259.773 30 23 16 576 4
38.553 161.159 61.399 1 24 16 571 4
38.553 161.159 61.399 2 24 16 571 4
38.553 161.159 61.399 3 24 16 571 4
101.807 52.241 339.281 4 24 16 586 4
101.807 52.241 339.281 5 24 16 586 4
101.807 52.241 339.281 6 24 16 586 4
101.807 52.241 339.281 7 24 16 586 4
101.807 52.241 339.281 8 24 16 586 4
101.807 52.241 339.281 9 24 16 586 4
101.807 52.241 339.281 10 24 16 586 4
101.807 52.241 339.281 11 24 16 586 4
101.807 52.241 339.281 12 24 16 586 4
101.807 52.241 339.281 13 24 16 586 4
101.807 52.241 339.281 14 24 16 586 4
101.807 52.241 339.281 15 24 16 586 4
101.807 52.241 339.281 16 24 16 586 4
101.807 52.241 339.281 17 24 16 586 4
101.807 52.241 339.281 18 24 16 586 4
101.807 52.241 339.281 19 24 16 586 4
101.807 52.241 339.281 20 24 16 586 4
101.807 52.241 339.281 21 24 16 586 4
101.807 52.241 339.281 22 24 16 586 4
101.807 52.241 339.281 23 24 16 586 4
359.392 81.007 259.773 24 24 16 576 4
359.392 81.007 259.773 25 24 16 576 4
359.392 81.007 259.773 26 24 16 576 4
359.392 81.007 259.773 27 24 16 576 4
359.392 81.007 259.773 28 24 16 576 4
359.392 81.007 259.773 29 24 16 576 4
309.400 97.640 16.858 30 24 16 386 1
38.553 161.159 61.399 1 25 16 571 4
38.553 161.159 61.399 2 25 16 571 4
38.553 161.159 61.399 3 25 16 571 4
101.807 52.241 339.281 4 25 16 586 4
101.807 52.241 339.281 5 25 16 586 4
101.807 52.241 339.281 6 25 16 586 4
101.807 52.241 339.281 7 25 16 586 4
101.807 52.241 339.281 8 25 16 586 4
101.807 52.241 339.281 9 25 16 586 4
101.807 52.241 339.281 10 25 16 586 4
101.807 52.241 339.281 11 25 16 586 4
101.807 52.241 339.281 12 25 16 586 4
101.807 52.241 339.281 13 25 16 586 4
101.807 52.241 339.281 14 25 16 586 4
101.807 52.241 339.281 15 25 16 586 4
101.807 52.241 339.281 16 25 16 586 4
101.807 52.241 339.281 17 25 16 586 4
101.807 52.241 339.281 18 25 16 586 4
101.807 52.241 339.281 19 25 16 586 4
101.807 52.241 339.281 20 25 16 586 4
101.807 52.241 339.281 21 25 16 586 4
359.392 81.007 259.773 22 25 16 576 4
359.392 81.007 259.773 23 25 16 576 4
359.392 81.007 259.773 24 25 16 576 4
359.392 81.007 259.773 25 25 16 576 4
359.392 81.007 259.773 26 25 16 576 4
359.392 81.007 259.773 27 25 16 576 4
359.392 81.007 259.773 28 25 16 576 4
359.392 81.007 259.773 29 25 16 576 4
359.392 81.007 259.773 30 25 16 576 4
38.553 161.159 61.399 1 26 16 571 4
38.553 161.159 61.399 2 26 16 571 4
38.553 161.159 61.399 3 26 16 571 4
101.807 52.241 339.281 4 26 16 586 4
101.807 52.241 339.281 5 26 16 586 4
101.807 52.241 339.281 6 26 16 586 4
101.807 52.241 339.281 7 26 16 586 4
101.807 52.241 339.281 8 26 16 586 4
212.218 45.217 286.917 9 26 16 450 1
101.807 52.241 339.281 10 26 16 586 4
101.807 52.241 339.281 11 26 16 586 4
101.807 52.241 339.281 12 26 16 586 4
101.807 52.241 339.281 13 26 16 586 4
101.807 52.241 339.281 14 26 16 586 4
101.807 52.241 339.281 15 26 16 586 4
101.807 52.241 339.281 16 26 16 586 4
30.521 78.833 228.403 17 26 16 577 4
30.521 78.833 228.403 18 26 16 577 4
30.521 78.833 228.403 19 26 16 577 4
30.521 78.833 228.403 20 26 16 577 4
46.944 91.160 213.401 21 26 16 527 2
46.944 91.160 213.401 22 26 16 527 2
359.392 81.007 259.773 23 26 16 576 4
359.392 81.007 259.773 24 26 16 576 4
359.392 81.007 259.773 25 26 16 576 4
359.392 81.007 259.773 26 26 16 576 4
359.392 81.007 259.773 27 26 16 576 4
262.935 102.346 129.311 28 26 16 180 1
359.392 81.007 259.773 29 26 16 576 4
359.392 81.007 259.773 30 26 16 576 4
38.553 161.159 61.399 1 27 16 571 4
204.844 119.627 193.244 2 27 16 474 2
204.844 119.627 193.244 3 27 16 474 2
66.554 147.167 274.804 4 27 16 24 1
66.554 147.167 274.804 5 27 16 24 1
66.554 147.167 274.804 6 27 16 24 1
31.760 16.770 223.195 7 27 16 562 2
212.218 45.217 286.917 8 27 16 450 1
212.218 45.217 286.917 9 27 16 450 1
212.218 45.217 286.917 10 27 16 450 1
212.218 45.217 286.917 11 27 16 450 1
82.850 130.296 214.613 12 27 16 296 1
82.850 130.296 214.613 13 27 16 296 1
82.850 130.296 214.613 14 27 16 296 1
21.437 104.053 337.191 15 27 16 383 1
21.437 104.053 337.191 16 27 16 383 1
30.521 78.833 228.403 17 27 16 577 4
30.521 78.833 228.403 18 27 16 577 4
30.521 78.833 228.403 19 27 16 577 4
30.521 78.833 228.403 20 27 16 577 4
46.944 91.160 213.401 21 27 16 527 2
46.944 91.160 213.401 22 27 16 527 2
46.944 91.160 213.401 23 27 16 527 2
359.392 81.007 259.773 24 27 16 576 4
359.392 81.007 259.773 25 27 16 576 4
359.392 81.007 259.773 26 27 16 576 4
359.392 81.007 259.773 27 27 16 576 4
359.392 81.007 259.773 28 27 16 576 4
359.392 81.007 259.773 29 27 16 576 4
359.392 81.007 259.773 30 27 16 576 4
204.844 119.627 193.244 1 28 16 474 2
204.844 119.627 193.244 2 28 16 474 2
204.844 119.627 193.244 3 28 16 474 2
66.554 147.167 274.804 4 28 16 24 1
66.554 147.167 274.804 5 28 16 24 1
66.554 147.167 274.804 6 28 16 24 1
31.760 16.770 223.195 7 28 16 562 2
31.760 16.770 223.195 8 28 16 562 2
31.760 16.770 223.195 9 28 16 562 2
212.218 45.217 286.917 10 28 16 450 1
212.218 45.217 286.917 11 28 16 450 1
212.218 45.217 286.917 12 28 16 450 1
82.850 130.296 214.613 13 28 16 296 1
82.850 130.296 214.613 14 28 16 296 1
21.437 104.053 337.191 15 28 16 383 1
21.437 104.053 337.191 16 28 16 383 1
30.521 78.833 228.403 17 28 16 577 4
30.521 78.833 228.403 18 28 16 577 4
30.521 78.833 228.403 19 28 16 577 4
30.521 78.833 228.403 20 28 16 577 4
46.944 91.160 213.401 21 28 16 527 2
46.944 91.160 213.401 22 28 16 527 2
359.392 81.007 259.773 23 28 16 576 4
359.392 81.007 259.773 24 28 16 576 4
359.392 81.007 259.773 25 28 16 576 4
359.392 81.007 259.773 26 28 16 576 4
359.392 81.007 259.773 27 28 16 576 4
359.392 81.007 259.773 28 28 16 576 4
359.392 81.007 259.773 29 28 16 576 4
359.392 81.007 259.773 30 28 16 576 4
204.844 119.627 193.244 1 29 16 474 2
204.844 119.627 193.244 2 29 16 474 2
204.844 119.627 193.244 3 29 16 474 2
31.760 16.770 223.195 4 29 16 562 2
31.760 16.770 223.195 5 29 16 562 2
31.760 16.770 223.195 6 29 16 562 2
31.760 16.770 223.195 7 29 16 562 2
31.760 16.770 223.195 8 29 16 562 2
31.760 16.770 223.195 9 29 16 562 2
212.218 45.217 286.917 10 29 16 450 1
153.801 112.964 112.921 11 29 16 106 1
153.801 112.964 112.921 12 29 16 106 1
82.850 130.296 214.613 13 29 16 296 1
82.850 130.296 214.613 14 29 16 296 1
21.437 104.053 337.191 15 29 16 383 1
21.437 104.053 337.191 16 29 16 383 1
30.521 78.833 228.403 17 29 16 577 4
30.521 78.833 228.403 18 29 16 577 4
30.521 78.833 228.403 19 29 16 577 4
30.521 78.833 228.403 20 29 16 577 4
30.521 78.833 228.403 21 29 16 577 4
359.392 81.007 259.773 22 29 16 576 4
359.392 81.007 259.773 23 29 16 576 4
359.392 81.007 259.773 24 29 16 576 4
359.392 81.007 259.773 25 29 16 576 4
359.392 81.007 259.773 26 29 16 576 4
359.392 81.007 259.773 27 29 16 576 4
359.392 81.007 259.773 28 29 16 576 4
359.392 81.007 259.773 29 29 16 576 4
359.392 81.007 259.773 30 29 16 576 4
204.844 119.627 193.244 1 30 16 474 2
204.844 119.627 193.244 2 30 16 474 2
204.844 119.627 193.244 3 30 16 474 2
31.760 16.770 223.195 4 30 16 562 2
31.760 16.770 223.195 5 30 16 562 2
31.760 16.770 223.195 6 30 16 562 2
31.760 16.770 223.195 7 30 16 562 2
31.760 16.770 223.195 8 30 16 562 2
31.760 16.770 223.195 9 30 16 562 2
153.801 112.964 112.921 10 30 16 106 1
153.801 112.964 112.921 11 30 16 106 1
61.392 62.239 277.623 12 30 16 326 1
61.392 62.239 277.623 13 30 16 326 1
82.850 130.296 214.613 14 30 16 296 1
82.850 130.296 214.613 15 30 16 296 1
166.946 153.168 281.580 16 30 16 127 1
30.521 78.833 228.403 17 30 16 577 4
30.521 78.833 228.403 18 30 16 577 4
30.521 78.833 228.403 19 30 16 577 4
30.521 78.833 228.403 20 30 16 577 4
359.392 81.007 259.773 21 30 16 576 4
359.392 81.007 259.773 22 30 16 576 4
359.392 81.007 259.773 23 30 16 576 4
359.392 81.007 259.773 24 30 16 576 4
359.392 81.007 259.773 25 30 16 576 4
359.392 81.007 259.773 26 30 16 576 4
359.392 81.007 259.773 27 30 16 576 4
359.392 81.007 259.773 28 30 16 576 4
359.392 81.007 259.773 29 30 16 576 4
359.392 81.007 259.773 30 30 16 576 4
