333.562 100.457 264.474 1 1 5 362 1
333.562 100.457 264.474 2 1 5 362 1
333.562 100.457 264.474 3 1 5 362 1
174.672 119.185 167.066 4 1 5 392 1
171.053 122.217 88.002 5 1 5 526 2
171.053 122.217 88.002 6 1 5 526 2
90.356 99.234 354.829 7 1 5 104 1
240.413 46.563 325.425 8 1 5 569 3
240.413 46.563 325.425 9 1 5 569 3
240.413 46.563 325.425 10 1 5 569 3
240.413 46.563 325.425 11 1 5 569 3
240.413 46.563 325.425 12 1 5 569 3
240.413 46.563 325.425 13 1 5 569 3
240.413 46.563 325.425 14 1 5 569 3
240.413 46.563 325.425 15 1 5 569 3
240.413 46.563 325.425 16 1 5 569 3
240.413 46.563 325.425 17 1 5 569 3
240.413 46.563 325.425 18 1 5 569 3
240.413 46.563 325.425 19 1 5 569 3
240.413 46.563 325.425 20 1 5 569 3
240.413 46.563 325.425 21 1 5 569 3
240.413 46.563 325.425 22 1 5 569 3
240.413 46.563 325.425 23 1 5 569 3
240.413 46.563 325.425 24 1 5 569 3
240.413 46.563 325.425 25 1 5 569 3
240.413 46.563 325.425 26 1 5 569 3
240.413 46.563 325.425 27 1 5 569 3
240.413 46.563 325.425 28 1 5 569 3
240.413 46.563 325.425 29 1 5 569 3
240.413 46.563 325.425 30 1 5 569 3
333.562 100.457 264.474 1 2 5 362 1
333.562 100.457 264.474 2 2 5 362 1
333.562 100.457 264.474 3 2 5 362 1
174.672 119.185 167.066 4 2 5 392 1
171.053 122.217 88.002 5 2 5 526 2
102.525 78.412 271.285 6 2 5 87 1
102.525 78.412 271.285 7 2 5 87 1
240.413 46.563 325.425 8 2 5 569 3
240.413 46.563 325.425 9 2 5 569 3
240.413 46.563 325.425 10 2 5 569 3
240.413 46.563 325.425 11 2 5 569 3
240.413 46.563 325.425 12 2 5 569 3
5.851 67.027 38.638 13 2 5 306 1
240.413 46.563 325.425 14 2 5 569 3
240.413 46.563 325.425 15 2 5 569 3
240.413 46.563 325.425 16 2 5 569 3
240.413 46.563 325.425 17 2 5 569 3
240.413 46.563 325.425 18 2 5 569 3
240.413 46.563 325.425 19 2 5 569 3
240.413 46.563 325.425 20 2 5 569 3
240.413 46.563 325.425 21 2 5 569 3
240.413 46.563 325.425 22 2 5 569 3
240.413 46.563 325.425 23 2 5 569 3
240.413 46.563 325.425 24 2 5 569 3
240.413 46.563 325.425 25 2 5 569 3
240.413 46.563 325.425 26 2 5 569 3
240.413 46.563 325.425 27 2 5 569 3
240.413 46.563 325.425 28 2 5 569 3
240.413 46.563 325.425 29 2 5 569 3
240.413 46.563 325.425 30 2 5 569 3
333.562 100.457 264.474 1 3 5 362 1
333.562 100.457 264.474 2 3 5 362 1
333.562 100.457 264.474 3 3 5 362 1
333.562 100.457 264.474 4 3 5 362 1
171.053 122.217 88.002 5 3 5 526 2
102.525 78.412 271.285 6 3 5 87 1
102.525 78.412 271.285 7 3 5 87 1
240.413 46.563 325.425 8 3 5 569 3
240.413 46.563 325.425 9 3 5 569 3
240.413 46.563 325.425 10 3 5 569 3
240.413 46.563 325.425 11 3 5 569 3
240.413 46.563 325.425 12 3 5 569 3
240.413 46.563 325.425 13 3 5 569 3
240.413 46.563 325.425 14 3 5 569 3
240.413 46.563 325.425 15 3 5 569 3
240.413 46.563 325.425 16 3 5 569 3
240.413 46.563 325.425 17 3 5 569 3
240.413 46.563 325.425 18 3 5 569 3
240.413 46.563 325.425 19 3 5 569 3
240.413 46.563 325.425 20 3 5 569 3
240.413 46.563 325.425 21 3 5 569 3
240.413 46.563 325.425 22 3 5 569 3
240.413 46.563 325.425 23 3 5 569 3
240.413 46.563 325.425 24 3 5 569 3
240.413 46.563 325.425 25 3 5 569 3
240.413 46.563 325.425 26 3 5 569 3
240.413 46.563 325.425 27 3 5 569 3
240.413 46.563 325.425 28 3 5 569 3
240.413 46.563 325.425 29 3 5 569 3
240.413 46.563 325.425 30 3 5 569 3
333.562 100.457 264.474 1 4 5 362 1
333.562 100.457 264.474 2 4 5 362 1
333.562 100.457 264.474 3 4 5 362 1
333.562 100.457 264.474 4 4 5 362 1
171.053 122.217 88.002 5 4 5 526 2
171.053 122.217 88.002 6 4 5 526 2
240.413 46.563 325.425 7 4 5 569 3
240.413 46.563 325.425 8 4 5 569 3
240.413 46.563 325.425 9 4 5 569 3
240.413 46.563 325.425 10 4 5 569 3
240.413 46.563 325.425 11 4 5 569 3
240.413 46.563 325.425 12 4 5 569 3
240.413 46.563 325.425 13 4 5 569 3
240.413 46.563 325.425 14 4 5 569 3
240.413 46.563 325.425 15 4 5 569 3
240.413 46.563 325.425 16 4 5 569 3
240.413 46.563 325.425 17 4 5 569 3
240.413 46.563 325.425 18 4 5 569 3
35.246 68.012 22.996 19 4 5 515 2
240.413 46.563 325.425 20 4 5 569 3
240.413 46.563 325.425 21 4 5 569 3
240.413 46.563 325.425 22 4 5 569 3
240.413 46.563 325.425 23 4 5 569 3
240.413 46.563 325.425 24 4 5 569 3
240.413 46.563 325.425 25 4 5 569 3
240.413 46.563 325.425 26 4 5 569 3
240.413 46.563 325.425 27 4 5 569 3
240.413 46.563 325.425 28 4 5 569 3
240.413 46.563 325.425 29 4 5 569 3
240.413 46.563 325.425 30 4 5 569 3
333.562 100.457 264.474 1 5 5 362 1
333.562 100.457 264.474 2 5 5 362 1
333.562 100.457 264.474 3 5 5 362 1
225.714 93.542 32.512 4 5 5 152 1
225.714 93.542 32.512 5 5 5 152 1
240.413 46.563 325.425 6 5 5 569 3
240.413 46.563 325.425 7 5 5 569 3
240.413 46.563 325.425 8 5 5 569 3
240.413 46.563 325.425 9 5 5 569 3
240.413 46.563 325.425 10 5 5 569 3
240.413 46.563 325.425 11 5 5 569 3
240.413 46.563 325.425 12 5 5 569 3
240.413 46.563 325.425 13 5 5 569 3
240.413 46.563 325.425 14 5 5 569 3
240.413 46.563 325.425 15 5 5 569 3
240.413 46.563 325.425 16 5 5 569 3
240.413 46.563 325.425 17 5 5 569 3
240.413 46.563 325.425 18 5 5 569 3
240.413 46.563 325.425 19 5 5 569 3
240.413 46.563 325.425 20 5 5 569 3
240.413 46.563 325.425 21 5 5 569 3
240.413 46.563 325.425 22 5 5 569 3
240.413 46.563 325.425 23 5 5 569 3
240.413 46.563 325.425 24 5 5 569 3
240.413 46.563 325.425 25 5 5 569 3
240.413 46.563 325.425 26 5 5 569 3
240.413 46.563 325.425 27 5 5 569 3
240.413 46.563 325.425 28 5 5 569 3
240.413 46.563 325.425 29 5 5 569 3
240.413 46.563 325.425 30 5 5 569 3
333.562 100.457 264.474 1 6 5 362 1
175.901 133.015 328.099 2 6 5 593 1
225.714 93.542 32.512 3 6 5 152 1
225.714 93.542 32.512 4 6 5 152 1
225.714 93.542 32.512 5 6 5 152 1
240.413 46.563 325.425 6 6 5 569 3
240.413 46.563 325.425 7 6 5 569 3
240.413 46.563 325.425 8 6 5 569 3
240.413 46.563 325.425 9 6 5 569 3
240.413 46.563 325.425 10 6 5 569 3
240.413 46.563 325.425 11 6 5 569 3
240.413 46.563 325.425 12 6 5 569 3
240.413 46.563 325.425 13 6 5 569 3
240.413 46.563 325.425 14 6 5 569 3
240.413 46.563 325.425 15 6 5 569 3
240.413 46.563 325.425 16 6 5 569 3
240.413 46.563 325.425 17 6 5 569 3
240.413 46.563 325.425 18 6 5 569 3
240.413 46.563 325.425 19 6 5 569 3
240.413 46.563 325.425 20 6 5 569 3
240.413 46.563 325.425 21 6 5 569 3
240.413 46.563 325.425 22 6 5 569 3
240.413 46.563 325.425 23 6 5 569 3
240.413 46.563 325.425 24 6 5 569 3
240.413 46.563 325.425 25 6 5 569 3
240.413 46.563 325.425 26 6 5 569 3
240.413 46.563 325.425 27 6 5 569 3
240.413 46.563 325.425 28 6 5 569 3
240.413 46.563 325.425 29 6 5 569 3
240.413 46.563 325.425 30 6 5 569 3
38.553 161.159 61.399 1 7 5 571 4
175.901 133.015 328.099 2 7 5 593 1
225.714 93.542 32.512 3 7 5 152 1
225.714 93.542 32.512 4 7 5 152 1
225.714 93.542 32.512 5 7 5 152 1
59.148 72.812 157.289 6 7 5 553 2
59.148 72.812 157.289 7 7 5 553 2
59.148 72.812 157.289 8 7 5 553 2
240.413 46.563 325.425 9 7 5 569 3
240.413 46.563 325.425 10 7 5 569 3
240.413 46.563 325.425 11 7 5 569 3
240.413 46.563 325.425 12 7 5 569 3
240.413 46.563 325.425 13 7 5 569 3
240.413 46.563 325.425 14 7 5 569 3
240.413 46.563 325.425 15 7 5 569 3
240.413 46.563 325.425 16 7 5 569 3
240.413 46.563 325.425 17 7 5 569 3
240.413 46.563 325.425 18 7 5 569 3
240.413 46.563 325.425 19 7 5 569 3
240.413 46.563 325.425 20 7 5 569 3
240.413 46.563 325.425 21 7 5 569 3
240.413 46.563 325.425 22 7 5 569 3
240.413 46.563 325.425 23 7 5 569 3
240.413 46.563 325.425 24 7 5 569 3
240.413 46.563 325.425 25 7 5 569 3
240.413 46.563 325.425 26 7 5 569 3
240.413 46.563 325.425 27 7 5 569 3
240.413 46.563 325.425 28 7 5 569 3
240.413 46.563 325.425 29 7 5 569 3
240.413 46.563 325.425 30 7 5 569 3
38.553 161.159 61.399 1 8 5 571 4
38.553 161.159 61.399 2 8 5 571 4
38.553 161.159 61.399 3 8 5 571 4
104.492 96.377 300.105 4 8 5 96 1
104.492 96.377 300.105 5 8 5 96 1
240.413 46.563 325.425 6 8 5 569 3
240.413 46.563 325.425 7 8 5 569 3
240.413 46.563 325.425 8 8 5 569 3
240.413 46.563 325.425 9 8 5 569 3
240.413 46.563 325.425 10 8 5 569 3
240.413 46.563 325.425 11 8 5 569 3
240.413 46.563 325.425 12 8 5 569 3
240.413 46.563 325.425 13 8 5 569 3
240.413 46.563 325.425 14 8 5 569 3
240.413 46.563 325.425 15 8 5 569 3
240.413 46.563 325.425 16 8 5 569 3
314.186 120.681 195.572 17 8 5 292 1
240.413 46.563 325.425 18 8 5 569 3
240.413 46.563 325.425 19 8 5 569 3
240.413 46.563 325.425 20 8 5 569 3
240.413 46.563 325.425 21 8 5 569 3
240.413 46.563 325.425 22 8 5 569 3
240.413 46.563 325.425 23 8 5 569 3
240.413 46.563 325.425 24 8 5 569 3
240.413 46.563 325.425 25 8 5 569 3
240.413 46.563 325.425 26 8 5 569 3
240.413 46.563 325.425 27 8 5 569 3
240.413 46.563 325.425 28 8 5 569 3
240.413 46.563 325.425 29 8 5 569 3
240.413 46.563 325.425 30 8 5 569 3
38.553 161.159 61.399 1 9 5 571 4
38.553 161.159 61.399 2 9 5 571 4
38.553 161.159 61.399 3 9 5 571 4
104.492 96.377 300.105 4 9 5 96 1
104.492 96.377 300.105 5 9 5 96 1
38.553 161.159 61.399 6 9 5 571 4
38.553 161.159 61.399 7 9 5 571 4
240.413 46.563 325.425 8 9 5 569 3
240.413 46.563 325.425 9 9 5 569 3
240.413 46.563 325.425 10 9 5 569 3
240.413 46.563 325.425 11 9 5 569 3
240.413 46.563 325.425 12 9 5 569 3
240.413 46.563 325.425 13 9 5 569 3
240.413 46.563 325.425 14 9 5 569 3
240.413 46.563 325.425 15 9 5 569 3
240.413 46.563 325.425 16 9 5 569 3
314.186 120.681 195.572 17 9 5 292 1
240.413 46.563 325.425 18 9 5 569 3
240.413 46.563 325.425 19 9 5 569 3
240.413 46.563 325.425 20 9 5 569 3
240.413 46.563 325.425 21 9 5 569 3
240.413 46.563 325.425 22 9 5 569 3
240.413 46.563 325.425 23 9 5 569 3
240.413 46.563 325.425 24 9 5 569 3
240.413 46.563 325.425 25 9 5 569 3
240.413 46.563 325.425 26 9 5 569 3
240.413 46.563 325.425 27 9 5 569 3
240.413 46.563 325.425 28 9 5 569 3
240.413 46.563 325.425 29 9 5 569 3
240.413 46.563 325.425 30 9 5 569 3
38.553 161.159 61.399 1 10 5 571 4
38.553 161.159 61.399 2 10 5 571 4
38.553 161.159 61.399 3 10 5 571 4
38.553 161.159 61.399 4 10 5 571 4
38.553 161.159 61.399 5 10 5 571 4
38.553 161.159 61.399 6 10 5 571 4
38.553 161.159 61.399 7 10 5 571 4
38.553 161.159 61.399 8 10 5 571 4
240.413 46.563 325.425 9 10 5 569 3
240.413 46.563 325.425 10 10 5 569 3
240.413 46.563 325.425 11 10 5 569 3
240.413 46.563 325.425 12 10 5 569 3
240.413 46.563 325.425 13 10 5 569 3
240.413 46.563 325.425 14 10 5 569 3
240.413 46.563 325.425 15 10 5 569 3
240.413 46.563 325.425 16 10 5 569 3
240.413 46.563 325.425 17 10 5 569 3
240.413 46.563 325.425 18 10 5 569 3
240.413 46.563 325.425 19 10 5 569 3
240.413 46.563 325.425 20 10 5 569 3
240.413 46.563 325.425 21 10 5 569 3
240.413 46.563 325.425 22 10 5 569 3
240.413 46.563 325.425 23 10 5 569 3
240.413 46.563 325.425 24 10 5 569 3
240.413 46.563 325.425 25 10 5 569 3
240.413 46.563 325.425 26 10 5 569 3
240.413 46.563 325.425 27 10 5 569 3
240.413 46.563 325.425 28 10 5 569 3
240.413 46.563 325.425 29 10 5 569 3
240.413 46.563 325.425 30 10 5 569 3
38.553 161.159 61.399 1 11 5 571 4
38.553 161.159 61.399 2 11 5 571 4
38.553 161.159 61.399 3 11 5 571 4
38.553 161.159 61.399 4 11 5 571 4
38.553 161.159 61.399 5 11 5 571 4
38.553 161.159 61.399 6 11 5 571 4
38.553 161.159 61.399 7 11 5 571 4
38.553 161.159 61.399 8 11 5 571 4
38.553 161.159 61.399 9 11 5 571 4
240.413 46.563 325.425 10 11 5 569 3
240.413 46.563 325.425 11 11 5 569 3
240.413 46.563 325.425 12 11 5 569 3
240.413 46.563 325.425 13 11 5 569 3
240.413 46.563 325.425 14 11 5 569 3
240.413 46.563 325.425 15 11 5 569 3
240.413 46.563 325.425 16 11 5 569 3
240.413 46.563 325.425 17 11 5 569 3
51.773 44.869 258.024 18 11 5 434 1
240.413 46.563 325.425 19 11 5 569 3
240.413 46.563 325.425 20 11 5 569 3
240.413 46.563 325.425 21 11 5 569 3
240.413 46.563 325.425 22 11 5 569 3
240.413 46.563 325.425 23 11 5 569 3
240.413 46.563 325.425 24 11 5 569 3
240.413 46.563 325.425 25 11 5 569 3
240.413 46.563 325.425 26 11 5 569 3
240.413 46.563 325.425 27 11 5 569 3
240.413 46.563 325.425 28 11 5 569 3
240.413 46.563 325.425 29 11 5 569 3
240.413 46.563 325.425 30 11 5 569 3
38.553 161.159 61.399 1 12 5 571 4
38.553 161.159 61.399 2 12 5 571 4
38.553 161.159 61.399 3 12 5 571 4
38.553 161.159 61.399 4 12 5 571 4
38.553 161.159 61.399 5 12 5 571 4
38.553 161.159 61.399 6 12 5 571 4
42.402 78.751 15.282 7 12 5 398 1
38.553 161.159 61.399 8 12 5 571 4
38.553 161.159 61.399 9 12 5 571 4
38.553 161.159 61.399 10 12 5 571 4
240.413 46.563 325.425 11 12 5 569 3
240.413 46.563 325.425 12 12 5 569 3
240.413 46.563 325.425 13 12 5 569 3
240.413 46.563 325.425 14 12 5 569 3
240.413 46.563 325.425 15 12 5 569 3
240.413 46.563 325.425 16 12 5 569 3
240.413 46.563 325.425 17 12 5 569 3
240.413 46.563 325.425 18 12 5 569 3
240.413 46.563 325.425 19 12 5 569 3
240.413 46.563 325.425 20 12 5 569 3
240.413 46.563 325.425 21 12 5 569 3
240.413 46.563 325.425 22 12 5 569 3
240.413 46.563 325.425 23 12 5 569 3
240.413 46.563 325.425 24 12 5 569 3
240.413 46.563 325.425 25 12 5 569 3
240.413 46.563 325.425 26 12 5 569 3
240.413 46.563 325.425 27 12 5 569 3
240.413 46.563 325.425 28 12 5 569 3
240.413 46.563 325.425 29 12 5 569 3
240.413 46.563 325.425 30 12 5 569 3
38.553 161.159 61.399 1 13 5 571 4
38.553 161.159 61.399 2 13 5 571 4
38.553 161.159 61.399 3 13 5 571 4
38.553 161.159 61.399 4 13 5 571 4
38.553 161.159 61.399 5 13 5 571 4
38.553 161.159 61.399 6 13 5 571 4
38.553 161.159 61.399 7 13 5 571 4
38.553 161.159 61.399 8 13 5 571 4
38.553 161.159 61.399 9 13 5 571 4
38.553 161.159 61.399 10 13 5 571 4
38.553 161.159 61.399 11 13 5 571 4
240.413 46.563 325.425 12 13 5 569 3
240.413 46.563 325.425 13 13 5 569 3
240.413 46.563 325.425 14 13 5 569 3
240.413 46.563 325.425 15 13 5 569 3
240.413 46.563 325.425 16 13 5 569 3
240.413 46.563 325.425 17 13 5 569 3
240.413 46.563 325.425 18 13 5 569 3
240.413 46.563 325.425 19 13 5 569 3
240.413 46.563 325.425 20 13 5 569 3
240.413 46.563 325.425 21 13 5 569 3
240.413 46.563 325.425 22 13 5 569 3
240.413 46.563 325.425 23 13 5 569 3
240.413 46.563 325.425 24 13 5 569 3
240.413 46.563 325.425 25 13 5 569 3
240.413 46.563 325.425 26 13 5 569 3
240.413 46.563 325.425 27 13 5 569 3
240.413 46.563 325.425 28 13 5 569 3
240.413 46.563 325.425 29 13 5 569 3
240.413 46.563 325.425 30 13 5 569 3
38.553 161.159 61.399 1 14 5 571 4
38.553 161.159 61.399 2 14 5 571 4
38.553 161.159 61.399 3 14 5 571 4
38.553 161.159 61.399 4 14 5 571 4
38.553 161.159 61.399 5 14 5 571 4
38.553 161.159 61.399 6 14 5 571 4
38.553 161.159 61.399 7 14 5 571 4
38.553 161.159 61.399 8 14 5 571 4
38.553 161.159 61.399 9 14 5 571 4
38.553 161.159 61.399 10 14 5 571 4
38.553 161.159 61.399 11 14 5 571 4
38.553 161.159 61.399 12 14 5 571 4
240.413 46.563 325.425 13 14 5 569 3
240.413 46.563 325.425 14 14 5 569 3
240.413 46.563 325.425 15 14 5 569 3
240.413 46.563 325.425 16 14 5 569 3
240.413 46.563 325.425 17 14 5 569 3
240.413 46.563 325.425 18 14 5 569 3
240.413 46.563 325.425 19 14 5 569 3
240.413 46.563 325.425 20 14 5 569 3
240.413 46.563 325.425 21 14 5 569 3
240.413 46.563 325.425 22 14 5 569 3
240.413 46.563 325.425 23 14 5 569 3
240.413 46.563 325.425 24 14 5 569 3
240.413 46.563 325.425 25 14 5 569 3
240.413 46.563 325.425 26 14 5 569 3
240.413 46.563 325.425 27 14 5 569 3
240.413 46.563 325.425 28 14 5 569 3
240.413 46.563 325.425 29 14 5 569 3
359.392 81.007 259.773 30 14 5 576 4
38.553 161.159 61.399 1 15 5 571 4
38.553 161.159 61.399 2 15 5 571 4
38.553 161.159 61.399 3 15 5 571 4
38.553 161.159 61.399 4 15 5 571 4
38.553 161.159 61.399 5 15 5 571 4
38.553 161.159 61.399 6 15 5 571 4
38.553 161.159 61.399 7 15 5 571 4
186.269 85.181 344.840 8 15 5 521 2
38.553 161.159 61.399 9 15 5 571 4
38.553 161.159 61.399 10 15 5 571 4
38.553 161.159 61.399 11 15 5 571 4
38.553 161.159 61.399 12 15 5 571 4
38.553 161.159 61.399 13 15 5 571 4
240.413 46.563 325.425 14 15 5 569 3
240.413 46.563 325.425 15 15 5 569 3
240.413 46.563 325.425 16 15 5 569 3
240.413 46.563 325.425 17 15 5 569 3
240.413 46.563 325.425 18 15 5 569 3
240.413 46.563 325.425 19 15 5 569 3
240.413 46.563 325.425 20 15 5 569 3
240.413 46.563 325.425 21 15 5 569 3
240.413 46.563 325.425 22 15 5 569 3
240.413 46.563 325.425 23 15 5 569 3
240.413 46.563 325.425 24 15 5 569 3
240.413 46.563 325.425 25 15 5 569 3
240.413 46.563 325.425 26 15 5 569 3
240.413 46.563 325.425 27 15 5 569 3
240.413 46.563 325.425 28 15 5 569 3
359.392 81.007 259.773 29 15 5 576 4
359.392 81.007 259.773 30 15 5 576 4
38.553 161.159 61.399 1 16 5 571 4
38.553 161.159 61.399 2 16 5 571 4
38.553 161.159 61.399 3 16 5 571 4
38.553 161.159 61.399 4 16 5 571 4
38.553 161.159 61.399 5 16 5 571 4
38.553 161.159 61.399 6 16 5 571 4
38.553 161.159 61.399 7 16 5 571 4
38.553 161.159 61.399 8 16 5 571 4
38.553 161.159 61.399 9 16 5 571 4
38.553 161.159 61.399 10 16 5 571 4
38.553 161.159 61.399 11 16 5 571 4
38.553 161.159 61.399 12 16 5 571 4
38.553 161.159 61.399 13 16 5 571 4
133.141 72.442 302.064 14 16 5 597 1
45.666 68.598 255.871 15 16 5 547 2
45.666 68.598 255.871 16 16 5 547 2
240.413 46.563 325.425 17 16 5 569 3
240.413 46.563 325.425 18 16 5 569 3
240.413 46.563 325.425 19 16 5 569 3
240.413 46.563 325.425 20 16 5 569 3
240.413 46.563 325.425 21 16 5 569 3
240.413 46.563 325.425 22 16 5 569 3
240.413 46.563 325.425 23 16 5 569 3
240.413 46.563 325.425 24 16 5 569 3
240.413 46.563 325.425 25 16 5 569 3
240.413 46.563 325.425 26 16 5 569 3
240.413 46.563 325.425 27 16 5 569 3
359.392 81.007 259.773 28 16 5 576 4
359.392 81.007 259.773 29 16 5 576 4
359.392 81.007 259.773 30 16 5 576 4
38.553 161.159 61.399 1 17 5 571 4
38.553 161.159 61.399 2 17 5 571 4
38.553 161.159 61.399 3 17 5 571 4
38.553 161.159 61.399 4 17 5 571 4
38.553 161.159 61.399 5 17 5 571 4
38.553 161.159 61.399 6 17 5 571 4
38.553 161.159 61.399 7 17 5 571 4
38.553 161.159 61.399 8 17 5 571 4
38.553 161.159 61.399 9 17 5 571 4
38.553 161.159 61.399 10 17 5 571 4
38.553 161.159 61.399 11 17 5 571 4
38.553 161.159 61.399 12 17 5 571 4
38.553 161.159 61.399 13 17 5 571 4
38.553 161.159 61.399 14 17 5 571 4
277.507 115.473 72.338 15 17 5 443 1
45.666 68.598 255.871 16 17 5 547 2
240.413 46.563 325.425 17 17 5 569 3
311.445 55.821 306.005 18 17 5 478 2
311.445 55.821 306.005 19 17 5 478 2
311.445 55.821 306.005 20 17 5 478 2
311.445 55.821 306.005 21 17 5 478 2
117.581 146.848 116.828 22 17 5 59 1
311.445 55.821 306.005 23 17 5 478 2
240.413 46.563 325.425 24 17 5 569 3
240.413 46.563 325.425 25 17 5 569 3
359.392 81.007 259.773 26 17 5 576 4
359.392 81.007 259.773 27 17 5 576 4
359.392 81.007 259.773 28 17 5 576 4
359.392 81.007 259.773 29 17 5 576 4
359.392 81.007 259.773 30 17 5 576 4
38.553 161.159 61.399 1 18 5 571 4
38.553 161.159 61.399 2 18 5 571 4
38.553 161.159 61.399 3 18 5 571 4
38.553 161.159 61.399 4 18 5 571 4
38.553 161.159 61.399 5 18 5 571 4
38.553 161.159 61.399 6 18 5 571 4
38.553 161.159 61.399 7 18 5 571 4
38.553 161.159 61.399 8 18 5 571 4
38.553 161.159 61.399 9 18 5 571 4
38.553 161.159 61.399 10 18 5 571 4
38.553 161.159 61.399 11 18 5 571 4
38.553 161.159 61.399 12 18 5 571 4
38.553 161.159 61.399 13 18 5 571 4
355.395 144.881 306.395 14 18 5 570 4
355.395 144.881 306.395 15 18 5 570 4
355.395 144.881 306.395 16 18 5 570 4
355.395 144.881 306.395 17 18 5 570 4
190.388 107.760 281.164 18 18 5 519 2
311.445 55.821 306.005 19 18 5 478 2
311.445 55.821 306.005 20 18 5 478 2
311.445 55.821 306.005 21 18 5 478 2
311.445 55.821 306.005 22 18 5 478 2
311.445 55.821 306.005 23 18 5 478 2
168.000 118.190 82.347 24 18 5 573 4
359.392 81.007 259.773 25 18 5 576 4
359.392 81.007 259.773 26 18 5 576 4
359.392 81.007 259.773 27 18 5 576 4
359.392 81.007 259.773 28 18 5 576 4
359.392 81.007 259.773 29 18 5 576 4
359.392 81.007 259.773 30 18 5 576 4
38.553 161.159 61.399 1 19 5 571 4
38.553 161.159 61.399 2 19 5 571 4
38.553 161.159 61.399 3 19 5 571 4
38.553 161.159 61.399 4 19 5 571 4
38.553 161.159 61.399 5 19 5 571 4
38.553 161.159 61.399 6 19 5 571 4
38.553 161.159 61.399 7 19 5 571 4
38.553 161.159 61.399 8 19 5 571 4
38.553 161.159 61.399 9 19 5 571 4
38.553 161.159 61.399 10 19 5 571 4
38.553 161.159 61.399 11 19 5 571 4
38.553 161.159 61.399 12 19 5 571 4
355.395 144.881 306.395 13 19 5 570 4
355.395 144.881 306.395 14 19 5 570 4
355.395 144.881 306.395 15 19 5 570 4
355.395 144.881 306.395 16 19 5 570 4
355.395 144.881 306.395 17 19 5 570 4
190.388 107.760 281.164 18 19 5 519 2
190.388 107.760 281.164 19 19 5 519 2
311.445 55.821 306.005 20 19 5 478 2
311.445 55.821 306.005 21 19 5 478 2
311.445 55.821 306.005 22 19 5 478 2
168.000 118.190 82.347 23 19 5 573 4
275.093 141.408 118.734 24 19 5 76 1
359.392 81.007 259.773 25 19 5 576 4
359.392 81.007 259.773 26 19 5 576 4
359.392 81.007 259.773 27 19 5 576 4
359.392 81.007 259.773 28 19 5 576 4
359.392 81.007 259.773 29 19 5 576 4
359.392 81.007 259.773 30 19 5 576 4
38.553 161.159 61.399 1 20 5 571 4
38.553 161.159 61.399 2 20 5 571 4
38.553 161.159 61.399 3 20 5 571 4
38.553 161.159 61.399 4 20 5 571 4
38.553 161.159 61.399 5 20 5 571 4
38.553 161.159 61.399 6 20 5 571 4
38.553 161.159 61.399 7 20 5 571 4
38.553 161.159 61.399 8 20 5 571 4
38.553 161.159 61.399 9 20 5 571 4
38.553 161.159 61.399 10 20 5 571 4
38.553 161.159 61.399 11 20 5 571 4
355.395 144.881 306.395 12 20 5 570 4
355.395 144.881 306.395 13 20 5 570 4
355.395 144.881 306.395 14 20 5 570 4
355.395 144.881 306.395 15 20 5 570 4
355.395 144.881 306.395 16 20 5 570 4
355.395 144.881 306.395 17 20 5 570 4
190.388 107.760 281.164 18 20 5 519 2
190.388 107.760 281.164 19 20 5 519 2
168.000 118.190 82.347 20 20 5 573 4
168.000 118.190 82.347 21 20 5 573 4
168.000 118.190 82.347 22 20 5 573 4
168.000 118.190 82.347 23 20 5 573 4
168.000 118.190 82.347 24 20 5 573 4
359.392 81.007 259.773 25 20 5 576 4
359.392 81.007 259.773 26 20 5 576 4
359.392 81.007 259.773 27 20 5 576 4
359.392 81.007 259.773 28 20 5 576 4
359.392 81.007 259.773 29 20 5 576 4
359.392 81.007 259.773 30 20 5 576 4
38.553 161.159 61.399 1 21 5 571 4
38.553 161.159 61.399 2 21 5 571 4
38.553 161.159 61.399 3 21 5 571 4
38.553 161.159 61.399 4 21 5 571 4
38.553 161.159 61.399 5 21 5 571 4
38.553 161.159 61.399 6 21 5 571 4
38.553 161.159 61.399 7 21 5 571 4
38.553 161.159 61.399 8 21 5 571 4
38.553 161.159 61.399 9 21 5 571 4
38.553 161.159 61.399 10 21 5 571 4
38.553 161.159 61.399 11 21 5 571 4
355.395 144.881 306.395 12 21 5 570 4
355.395 144.881 306.395 13 21 5 570 4
355.395 144.881 306.395 14 21 5 570 4
355.395 144.881 306.395 15 21 5 570 4
355.395 144.881 306.395 16 21 5 570 4
355.395 144.881 306.395 17 21 5 570 4
355.395 144.881 306.395 18 21 5 570 4
355.395 144.881 306.395 19 21 5 570 4
168.000 118.190 82.347 20 21 5 573 4
168.000 118.190 82.347 21 21 5 573 4
168.000 118.190 82.347 22 21 5 573 4
168.000 118.190 82.347 23 21 5 573 4
168.000 118.190 82.347 24 21 5 573 4
359.392 81.007 259.773 25 21 5 576 4
359.392 81.007 259.773 26 21 5 576 4
359.392 81.007 259.773 27 21 5 576 4
359.392 81.007 259.773 28 21 5 576 4
359.392 81.007 259.773 29 21 5 576 4
359.392 81.007 259.773 30 21 5 576 4
38.553 161.159 61.399 1 22 5 571 4
38.553 161.159 61.399 2 22 5 571 4
38.553 161.159 61.399 3 22 5 571 4
38.553 161.159 61.399 4 22 5 571 4
38.553 161.159 61.399 5 22 5 571 4
316.457 29.762 302.702 6 22 5 463 1
38.553 161.159 61.399 7 22 5 571 4
38.553 161.159 61.399 8 22 5 571 4
38.553 161.159 61.399 9 22 5 571 4
38.553 161.159 61.399 10 22 5 571 4
38.553 161.159 61.399 11 22 5 571 4
355.395 144.881 306.395 12 22 5 570 4
355.395 144.881 306.395 13 22 5 570 4
355.395 144.881 306.395 14 22 5 570 4
355.395 144.881 306.395 15 22 5 570 4
355.395 144.881 306.395 16 22 5 570 4
355.395 144.881 306.395 17 22 5 570 4
355.395 144.881 306.395 18 22 5 570 4
168.000 118.190 82.347 19 22 5 573 4
168.000 118.190 82.347 20 22 5 573 4
168.000 118.190 82.347 21 22 5 573 4
168.000 118.190 82.347 22 22 5 573 4
168.000 118.190 82.347 23 22 5 573 4
168.000 118.190 82.347 24 22 5 573 4
359.392 81.007 259.773 25 22 5 576 4
359.392 81.007 259.773 26 22 5 576 4
359.392 81.007 259.773 27 22 5 576 4
359.392 81.007 259.773 28 22 5 576 4
359.392 81.007 259.773 29 22 5 576 4
359.392 81.007 259.773 30 22 5 576 4
38.553 161.159 61.399 1 23 5 571 4
38.553 161.159 61.399 2 23 5 571 4
38.553 161.159 61.399 3 23 5 571 4
38.553 161.159 61.399 4 23 5 571 4
38.553 161.159 61.399 5 23 5 571 4
38.553 161.159 61.399 6 23 5 571 4
38.553 161.159 61.399 7 23 5 571 4
38.553 161.159 61.399 8 23 5 571 4
38.553 161.159 61.399 9 23 5 571 4
38.553 161.159 61.399 10 23 5 571 4
38.553 161.159 61.399 11 23 5 571 4
355.395 144.881 306.395 12 23 5 570 4
355.395 144.881 306.395 13 23 5 570 4
355.395 144.881 306.395 14 23 5 570 4
355.395 144.881 306.395 15 23 5 570 4
355.395 144.881 306.395 16 23 5 570 4
355.395 144.881 306.395 17 23 5 570 4
355.395 144.881 306.395 18 23 5 570 4
162.597 50.458 47.743 19 23 5 195 1
168.000 118.190 82.347 20 23 5 573 4
168.000 118.190 82.347 21 23 5 573 4
168.000 118.190 82.347 22 23 5 573 4
168.000 118.190 82.347 23 23 5 573 4
359.392 81.007 259.773 24 23 5 576 4
359.392 81.007 259.773 25 23 5 576 4
359.392 81.007 259.773 26 23 5 576 4
359.392 81.007 259.773 27 23 5 576 4
359.392 81.007 259.773 28 23 5 576 4
359.392 81.007 259.773 29 23 5 576 4
359.392 81.007 259.773 30 23 5 576 4
38.553 161.159 61.399 1 24 5 571 4
324.135 95.284 132.849 2 24 5 51 1
38.553 161.159 61.399 3 24 5 571 4
38.553 161.159 61.399 4 24 5 571 4
38.553 161.159 61.399 5 24 5 571 4
228.984 115.152 10.772 6 24 5 216 1
38.553 161.159 61.399 7 24 5 571 4
38.553 161.159 61.399 8 24 5 571 4
38.553 161.159 61.399 9 24 5 571 4
38.553 161.159 61.399 10 24 5 571 4
204.468 85.731 341.311 11 24 5 121 1
204.468 85.731 341.311 12 24 5 121 1
204.468 85.731 341.311 13 24 5 121 1
355.395 144.881 306.395 14 24 5 570 4
355.395 144.881 306.395 15 24 5 570 4
355.395 144.881 306.395 16 24 5 570 4
355.395 144.881 306.395 17 24 5 570 4
168.000 118.190 82.347 18 24 5 573 4
162.597 50.458 47.743 19 24 5 195 1
168.000 118.190 82.347 20 24 5 573 4
168.000 118.190 82.347 21 24 5 573 4
168.000 118.190 82.347 22 24 5 573 4
257.772 49.957 214.340 23 24 5 135 1
359.392 81.007 259.773 24 24 5 576 4
359.392 81.007 259.773 25 24 5 576 4
359.392 81.007 259.773 26 24 5 576 4
359.392 81.007 259.773 27 24 5 576 4
359.392 81.007 259.773 28 24 5 576 4
359.392 81.007 259.773 29 24 5 576 4
359.392 81.007 259.773 30 24 5 576 4
38.553 161.159 61.399 1 25 5 571 4
38.553 161.159 61.399 2 25 5 571 4
38.553 161.159 61.399 3 25 5 571 4
1.042 59.725 116.902 4 25 5 473 2
38.553 161.159 61.399 5 25 5 571 4
38.553 161.159 61.399 6 25 5 571 4
38.553 161.159 61.399 7 25 5 571 4
54.693 103.545 256.725 8 25 5 56 1
38.553 161.159 61.399 9 25 5 571 4
204.468 85.731 341.311 10 25 5 121 1
204.468 85.731 341.311 11 25 5 121 1
204.468 85.731 341.311 12 25 5 121 1
204.468 85.731 341.311 13 25 5 121 1
238.218 45.043 155.225 14 25 5 585 4
238.218 45.043 155.225 15 25 5 585 4
238.218 45.043 155.225 16 25 5 585 4
238.218 45.043 155.225 17 25 5 585 4
238.218 45.043 155.225 18 25 5 585 4
168.000 118.190 82.347 19 25 5 573 4
168.000 118.190 82.347 20 25 5 573 4
168.000 118.190 82.347 21 25 5 573 4
168.000 118.190 82.347 22 25 5 573 4
168.000 118.190 82.347 23 25 5 573 4
257.772 49.957 214.340 24 25 5 135 1
359.392 81.007 259.773 25 25 5 576 4
359.392 81.007 259.773 26 25 5 576 4
359.392 81.007 259.773 27 25 5 576 4
359.392 81.007 259.773 28 25 5 576 4
359.392 81.007 259.773 29 25 5 576 4
359.392 81.007 259.773 30 25 5 576 4
38.553 161.159 61.399 1 26 5 571 4
38.553 161.159 61.399 2 26 5 571 4
38.553 161.159 61.399 3 26 5 571 4
1.042 59.725 116.902 4 26 5 473 2
38.553 161.159 61.399 5 26 5 571 4
38.553 161.159 61.399 6 26 5 571 4
38.553 161.159 61.399 7 26 5 571 4
54.693 103.545 256.725 8 26 5 56 1
38.553 161.159 61.399 9 26 5 571 4
204.468 85.731 341.311 10 26 5 121 1
204.468 85.731 341.311 11 26 5 121 1
204.468 85.731 341.311 12 26 5 121 1
238.218 45.043 155.225 13 26 5 585 4
238.218 45.043 155.225 14 26 5 585 4
238.218 45.043 155.225 15 26 5 585 4
238.218 45.043 155.225 16 26 5 585 4
238.218 45.043 155.225 17 26 5 585 4
238.218 45.043 155.225 18 26 5 585 4
238.218 45.043 155.225 19 26 5 585 4
168.000 118.190 82.347 20 26 5 573 4
168.000 118.190 82.347 21 26 5 573 4
168.000 118.190 82.347 22 26 5 573 4
359.392 81.007 259.773 23 26 5 576 4
359.392 81.007 259.773 24 26 5 576 4
359.392 81.007 259.773 25 26 5 576 4
359.392 81.007 259.773 26 26 5 576 4
359.392 81.007 259.773 27 26 5 576 4
359.392 81.007 259.773 28 26 5 576 4
359.392 81.007 259.773 29 26 5 576 4
359.392 81.007 259.773 30 26 5 576 4
38.553 161.159 61.399 1 27 5 571 4
38.553 161.159 61.399 2 27 5 571 4
38.553 161.159 61.399 3 27 5 571 4
185.398 142.526 34.283 4 27 5 581 4
185.398 142.526 34.283 5 27 5 581 4
185.398 142.526 34.283 6 27 5 581 4
185.398 142.526 34.283 7 27 5 581 4
185.398 142.526 34.283 8 27 5 581 4
298.851 115.313 303.695 9 27 5 568 2
298.851 115.313 303.695 10 27 5 568 2
298.851 115.313 303.695 11 27 5 568 2
238.218 45.043 155.225 12 27 5 585 4
238.218 45.043 155.225 13 27 5 585 4
238.218 45.043 155.225 14 27 5 585 4
238.218 45.043 155.225 15 27 5 585 4
238.218 45.043 155.225 16 27 5 585 4
238.218 45.043 155.225 17 27 5 585 4
238.218 45.043 155.225 18 27 5 585 4
238.218 45.043 155.225 19 27 5 585 4
238.218 45.043 155.225 20 27 5 585 4
168.000 118.190 82.347 21 27 5 573 4
168.000 118.190 82.347 22 27 5 573 4
359.392 81.007 259.773 23 27 5 576 4
359.392 81.007 259.773 24 27 5 576 4
359.392 81.007 259.773 25 27 5 576 4
359.392 81.007 259.773 26 27 5 576 4
359.392 81.007 259.773 27 27 5 576 4
359.392 81.007 259.773 28 27 5 576 4
359.392 81.007 259.773 29 27 5 576 4
359.392 81.007 259.773 30 27 5 576 4
38.553 161.159 61.399 1 28 5 571 4
38.553 161.159 61.399 2 28 5 571 4
185.398 142.526 34.283 3 28 5 581 4
185.398 142.526 34.283 4 28 5 581 4
185.398 142.526 34.283 5 28 5 581 4
185.398 142.526 34.283 6 28 5 581 4
185.398 142.526 34.283 7 28 5 581 4
185.398 142.526 34.283 8 28 5 581 4
298.851 115.313 303.695 9 28 5 568 2
19.376 47.367 172.841 10 28 5 425 1
298.851 115.313 303.695 11 28 5 568 2
238.218 45.043 155.225 12 28 5 585 4
238.218 45.043 155.225 13 28 5 585 4
238.218 45.043 155.225 14 28 5 585 4
238.218 45.043 155.225 15 28 5 585 4
238.218 45.043 155.225 16 28 5 585 4
238.218 45.043 155.225 17 28 5 585 4
238.218 45.043 155.225 18 28 5 585 4
238.218 45.043 155.225 19 28 5 585 4
238.218 45.043 155.225 20 28 5 585 4
168.000 118.190 82.347 21 28 5 573 4
187.430 79.997 22.851 22 28 5 618 2
359.392 81.007 259.773 23 28 5 576 4
356.881 149.121 79.392 24 28 5 145 1
359.392 81.007 259.773 25 28 5 576 4
359.392 81.007 259.773 26 28 5 576 4
359.392 81.007 259.773 27 28 5 576 4
359.392 81.007 259.773 28 28 5 576 4
359.392 81.007 259.773 29 28 5 576 4
359.392 81.007 259.773 30 28 5 576 4
132.162 137.878 19.634 1 29 5 460 1
132.162 137.878 19.634 2 29 5 460 1
132.162 137.878 19.634 3 29 5 460 1
185.398 142.526 34.283 4 29 5 581 4
185.398 142.526 34.283 5 29 5 581 4
185.398 142.526 34.283 6 29 5 581 4
185.398 142.526 34.283 7 29 5 581 4
185.398 142.526 34.283 8 29 5 581 4
298.851 115.313 303.695 9 29 5 568 2
19.376 47.367 172.841 10 29 5 425 1
19.376 47.367 172.841 11 29 5 425 1
238.218 45.043 155.225 12 29 5 585 4
238.218 45.043 155.225 13 29 5 585 4
238.218 45.043 155.225 14 29 5 585 4
238.218 45.043 155.225 15 29 5 585 4
238.218 45.043 155.225 16 29 5 585 4
238.218 45.043 155.225 17 29 5 585 4
238.218 45.043 155.225 18 29 5 585 4
238.218 45.043 155.225 19 29 5 585 4
168.000 118.190 82.347 20 29 5 573 4
359.392 81.007 259.773 21 29 5 576 4
359.392 81.007 259.773 22 29 5 576 4
359.392 81.007 259.773 23 29 5 576 4
359.392 81.007 259.773 24 29 5 576 4
359.392 81.007 259.773 25 29 5 576 4
359.392 81.007 259.773 26 29 5 576 4
359.392 81.007 259.773 27 29 5 576 4
359.392 81.007 259.773 28 29 5 576 4
359.392 81.007 259.773 29 29 5 576 4
62.811 104.358 311.418 30 29 5 105 1
132.162 137.878 19.634 1 30 5 460 1
132.162 137.878 19.634 2 30 5 460 1
132.162 137.878 19.634 3 30 5 460 1
185.398 142.526 34.283 4 30 5 581 4
185.398 142.526 34.283 5 30 5 581 4
185.398 142.526 34.283 6 30 5 581 4
185.398 142.526 34.283 7 30 5 581 4
185.398 142.526 34.283 8 30 5 581 4
298.851 115.313 303.695 9 30 5 568 2
19.376 47.367 172.841 10 30 5 425 1
287.541 167.124 271.209 11 30 5 470 2
287.541 167.124 271.209 12 30 5 470 2
287.541 167.124 271.209 13 30 5 470 2
238.218 45.043 155.225 14 30 5 585 4
238.218 45.043 155.225 15 30 5 585 4
238.218 45.043 155.225 16 30 5 585 4
238.218 45.043 155.225 17 30 5 585 4
238.218 45.043 155.225 18 30 5 585 4
238.218 45.043 155.225 19 30 5 585 4
168.000 118.190 82.347 20 30 5 573 4
359.392 81.007 259.773 21 30 5 576 4
359.392 81.007 259.773 22 30 5 576 4
359.392 81.007 259.773 23 30 5 576 4
359.392 81.007 259.773 24 30 5 576 4
359.392 81.007 259.773 25 30 5 576 4
359.392 81.007 259.773 26 30 5 576 4
359.392 81.007 259.773 27 30 5 576 4
359.392 81.007 259.773 28 30 5 576 4
62.811 104.358 311.418 29 30 5 105 1
62.811 104.358 311.418 30 30 5 105 1
