240.413 46.563 325.425 1 1 23 569 3
240.413 46.563 325.425 2 1 23 569 3
240.413 46.563 325.425 3 1 23 569 3
240.413 46.563 325.425 4 1 23 569 3
240.413 46.563 325.425 5 1 23 569 3
240.413 46.563 325.425 6 1 23 569 3
240.413 46.563 325.425 7 1 23 569 3
240.413 46.563 325.425 8 1 23 569 3
240.413 46.563 325.425 9 1 23 569 3
240.413 46.563 325.425 10 1 23 569 3
324.204 68.001 330.292 11 1 23 52 1
240.413 46.563 325.425 12 1 23 569 3
240.413 46.563 325.425 13 1 23 569 3
240.413 46.563 325.425 14 1 23 569 3
240.413 46.563 325.425 15 1 23 569 3
240.413 46.563 325.425 16 1 23 569 3
240.413 46.563 325.425 17 1 23 569 3
240.413 46.563 325.425 18 1 23 569 3
240.413 46.563 325.425 19 1 23 569 3
240.413 46.563 325.425 20 1 23 569 3
240.413 46.563 325.425 21 1 23 569 3
240.413 46.563 325.425 22 1 23 569 3
240.413 46.563 325.425 23 1 23 569 3
35.854 37.319 166.227 24 1 23 503 2
311.665 79.386 38.217 25 1 23 512 2
311.665 79.386 38.217 26 1 23 512 2
311.665 79.386 38.217 27 1 23 512 2
311.665 79.386 38.217 28 1 23 512 2
311.665 79.386 38.217 29 1 23 512 2
311.665 79.386 38.217 30 1 23 512 2
240.413 46.563 325.425 1 2 23 569 3
240.413 46.563 325.425 2 2 23 569 3
240.413 46.563 325.425 3 2 23 569 3
240.413 46.563 325.425 4 2 23 569 3
240.413 46.563 325.425 5 2 23 569 3
240.413 46.563 325.425 6 2 23 569 3
240.413 46.563 325.425 7 2 23 569 3
240.413 46.563 325.425 8 2 23 569 3
240.413 46.563 325.425 9 2 23 569 3
240.413 46.563 325.425 10 2 23 569 3
240.413 46.563 325.425 11 2 23 569 3
240.413 46.563 325.425 12 2 23 569 3
240.413 46.563 325.425 13 2 23 569 3
240.413 46.563 325.425 14 2 23 569 3
240.413 46.563 325.425 15 2 23 569 3
240.413 46.563 325.425 16 2 23 569 3
240.413 46.563 325.425 17 2 23 569 3
240.413 46.563 325.425 18 2 23 569 3
240.413 46.563 325.425 19 2 23 569 3
240.413 46.563 325.425 20 2 23 569 3
240.413 46.563 325.425 21 2 23 569 3
240.413 46.563 325.425 22 2 23 569 3
240.413 46.563 325.425 23 2 23 569 3
35.854 37.319 166.227 24 2 23 503 2
190.618 92.255 142.635 25 2 23 281 1
311.665 79.386 38.217 26 2 23 512 2
311.665 79.386 38.217 27 2 23 512 2
311.665 79.386 38.217 28 2 23 512 2
311.665 79.386 38.217 29 2 23 512 2
311.665 79.386 38.217 30 2 23 512 2
240.413 46.563 325.425 1 3 23 569 3
240.413 46.563 325.425 2 3 23 569 3
240.413 46.563 325.425 3 3 23 569 3
240.413 46.563 325.425 4 3 23 569 3
240.413 46.563 325.425 5 3 23 569 3
240.413 46.563 325.425 6 3 23 569 3
240.413 46.563 325.425 7 3 23 569 3
240.413 46.563 325.425 8 3 23 569 3
240.413 46.563 325.425 9 3 23 569 3
240.413 46.563 325.425 10 3 23 569 3
240.413 46.563 325.425 11 3 23 569 3
240.413 46.563 325.425 12 3 23 569 3
240.413 46.563 325.425 13 3 23 569 3
240.413 46.563 325.425 14 3 23 569 3
240.413 46.563 325.425 15 3 23 569 3
240.413 46.563 325.425 16 3 23 569 3
240.413 46.563 325.425 17 3 23 569 3
240.413 46.563 325.425 18 3 23 569 3
240.413 46.563 325.425 19 3 23 569 3
240.413 46.563 325.425 20 3 23 569 3
240.413 46.563 325.425 21 3 23 569 3
240.413 46.563 325.425 22 3 23 569 3
240.413 46.563 325.425 23 3 23 569 3
35.854 37.319 166.227 24 3 23 503 2
190.618 92.255 142.635 25 3 23 281 1
311.665 79.386 38.217 26 3 23 512 2
311.665 79.386 38.217 27 3 23 512 2
311.665 79.386 38.217 28 3 23 512 2
311.665 79.386 38.217 29 3 23 512 2
311.665 79.386 38.217 30 3 23 512 2
240.413 46.563 325.425 1 4 23 569 3
240.413 46.563 325.425 2 4 23 569 3
240.413 46.563 325.425 3 4 23 569 3
240.413 46.563 325.425 4 4 23 569 3
240.413 46.563 325.425 5 4 23 569 3
240.413 46.563 325.425 6 4 23 569 3
240.413 46.563 325.425 7 4 23 569 3
240.413 46.563 325.425 8 4 23 569 3
240.413 46.563 325.425 9 4 23 569 3
240.413 46.563 325.425 10 4 23 569 3
240.413 46.563 325.425 11 4 23 569 3
240.413 46.563 325.425 12 4 23 569 3
240.413 46.563 325.425 13 4 23 569 3
240.413 46.563 325.425 14 4 23 569 3
240.413 46.563 325.425 15 4 23 569 3
240.413 46.563 325.425 16 4 23 569 3
240.413 46.563 325.425 17 4 23 569 3
240.413 46.563 325.425 18 4 23 569 3
240.413 46.563 325.425 19 4 23 569 3
240.413 46.563 325.425 20 4 23 569 3
240.413 46.563 325.425 21 4 23 569 3
240.413 46.563 325.425 22 4 23 569 3
240.413 46.563 325.425 23 4 23 569 3
35.854 37.319 166.227 24 4 23 503 2
190.618 92.255 142.635 25 4 23 281 1
311.665 79.386 38.217 26 4 23 512 2
311.665 79.386 38.217 27 4 23 512 2
311.665 79.386 38.217 28 4 23 512 2
311.665 79.386 38.217 29 4 23 512 2
311.665 79.386 38.217 30 4 23 512 2
240.413 46.563 325.425 1 5 23 569 3
240.413 46.563 325.425 2 5 23 569 3
240.413 46.563 325.425 3 5 23 569 3
240.413 46.563 325.425 4 5 23 569 3
240.413 46.563 325.425 5 5 23 569 3
240.413 46.563 325.425 6 5 23 569 3
240.413 46.563 325.425 7 5 23 569 3
240.413 46.563 325.425 8 5 23 569 3
240.413 46.563 325.425 9 5 23 569 3
240.413 46.563 325.425 10 5 23 569 3
240.413 46.563 325.425 11 5 23 569 3
240.413 46.563 325.425 12 5 23 569 3
240.413 46.563 325.425 13 5 23 569 3
240.413 46.563 325.425 14 5 23 569 3
240.413 46.563 325.425 15 5 23 569 3
240.413 46.563 325.425 16 5 23 569 3
240.413 46.563 325.425 17 5 23 569 3
240.413 46.563 325.425 18 5 23 569 3
240.413 46.563 325.425 19 5 23 569 3
240.413 46.563 325.425 20 5 23 569 3
240.413 46.563 325.425 21 5 23 569 3
240.413 46.563 325.425 22 5 23 569 3
240.413 46.563 325.425 23 5 23 569 3
240.413 46.563 325.425 24 5 23 569 3
190.618 92.255 142.635 25 5 23 281 1
190.618 92.255 142.635 26 5 23 281 1
311.665 79.386 38.217 27 5 23 512 2
311.665 79.386 38.217 28 5 23 512 2
311.665 79.386 38.217 29 5 23 512 2
239.721 121.492 30.845 30 5 23 536 2
240.413 46.563 325.425 1 6 23 569 3
240.413 46.563 325.425 2 6 23 569 3
240.413 46.563 325.425 3 6 23 569 3
240.413 46.563 325.425 4 6 23 569 3
240.413 46.563 325.425 5 6 23 569 3
240.413 46.563 325.425 6 6 23 569 3
240.413 46.563 325.425 7 6 23 569 3
240.413 46.563 325.425 8 6 23 569 3
240.413 46.563 325.425 9 6 23 569 3
240.413 46.563 325.425 10 6 23 569 3
240.413 46.563 325.425 11 6 23 569 3
240.413 46.563 325.425 12 6 23 569 3
240.413 46.563 325.425 13 6 23 569 3
240.413 46.563 325.425 14 6 23 569 3
240.413 46.563 325.425 15 6 23 569 3
240.413 46.563 325.425 16 6 23 569 3
240.413 46.563 325.425 17 6 23 569 3
240.413 46.563 325.425 18 6 23 569 3
240.413 46.563 325.425 19 6 23 569 3
240.413 46.563 325.425 20 6 23 569 3
240.413 46.563 325.425 21 6 23 569 3
240.413 46.563 325.425 22 6 23 569 3
240.413 46.563 325.425 23 6 23 569 3
240.413 46.563 325.425 24 6 23 569 3
60.731 32.048 110.098 25 6 23 501 2
60.731 32.048 110.098 26 6 23 501 2
60.731 32.048 110.098 27 6 23 501 2
311.665 79.386 38.217 28 6 23 512 2
311.665 79.386 38.217 29 6 23 512 2
239.721 121.492 30.845 30 6 23 536 2
240.413 46.563 325.425 1 7 23 569 3
240.413 46.563 325.425 2 7 23 569 3
240.413 46.563 325.425 3 7 23 569 3
240.413 46.563 325.425 4 7 23 569 3
240.413 46.563 325.425 5 7 23 569 3
240.413 46.563 325.425 6 7 23 569 3
240.413 46.563 325.425 7 7 23 569 3
240.413 46.563 325.425 8 7 23 569 3
240.413 46.563 325.425 9 7 23 569 3
240.413 46.563 325.425 10 7 23 569 3
240.413 46.563 325.425 11 7 23 569 3
240.413 46.563 325.425 12 7 23 569 3
240.413 46.563 325.425 13 7 23 569 3
240.413 46.563 325.425 14 7 23 569 3
240.413 46.563 325.425 15 7 23 569 3
240.413 46.563 325.425 16 7 23 569 3
240.413 46.563 325.425 17 7 23 569 3
240.413 46.563 325.425 18 7 23 569 3
240.413 46.563 325.425 19 7 23 569 3
240.413 46.563 325.425 20 7 23 569 3
240.413 46.563 325.425 21 7 23 569 3
240.413 46.563 325.425 22 7 23 569 3
240.413 46.563 325.425 23 7 23 569 3
119.689 86.430 3.290 24 7 23 529 2
60.731 32.048 110.098 25 7 23 501 2
60.731 32.048 110.098 26 7 23 501 2
60.731 32.048 110.098 27 7 23 501 2
224.854 137.642 303.169 28 7 23 125 1
261.691 74.353 358.769 29 7 23 490 2
239.721 121.492 30.845 30 7 23 536 2
240.413 46.563 325.425 1 8 23 569 3
240.413 46.563 325.425 2 8 23 569 3
240.413 46.563 325.425 3 8 23 569 3
240.413 46.563 325.425 4 8 23 569 3
240.413 46.563 325.425 5 8 23 569 3
240.413 46.563 325.425 6 8 23 569 3
240.413 46.563 325.425 7 8 23 569 3
240.413 46.563 325.425 8 8 23 569 3
240.413 46.563 325.425 9 8 23 569 3
240.413 46.563 325.425 10 8 23 569 3
240.413 46.563 325.425 11 8 23 569 3
240.413 46.563 325.425 12 8 23 569 3
240.413 46.563 325.425 13 8 23 569 3
240.413 46.563 325.425 14 8 23 569 3
240.413 46.563 325.425 15 8 23 569 3
240.413 46.563 325.425 16 8 23 569 3
240.413 46.563 325.425 17 8 23 569 3
240.413 46.563 325.425 18 8 23 569 3
240.413 46.563 325.425 19 8 23 569 3
240.413 46.563 325.425 20 8 23 569 3
240.413 46.563 325.425 21 8 23 569 3
240.413 46.563 325.425 22 8 23 569 3
240.413 46.563 325.425 23 8 23 569 3
119.689 86.430 3.290 24 8 23 529 2
119.689 86.430 3.290 25 8 23 529 2
60.731 32.048 110.098 26 8 23 501 2
60.731 32.048 110.098 27 8 23 501 2
261.691 74.353 358.769 28 8 23 490 2
261.691 74.353 358.769 29 8 23 490 2
277.388 43.139 204.362 30 8 23 579 4
240.413 46.563 325.425 1 9 23 569 3
240.413 46.563 325.425 2 9 23 569 3
240.413 46.563 325.425 3 9 23 569 3
240.413 46.563 325.425 4 9 23 569 3
240.413 46.563 325.425 5 9 23 569 3
240.413 46.563 325.425 6 9 23 569 3
240.413 46.563 325.425 7 9 23 569 3
240.413 46.563 325.425 8 9 23 569 3
240.413 46.563 325.425 9 9 23 569 3
240.413 46.563 325.425 10 9 23 569 3
240.413 46.563 325.425 11 9 23 569 3
240.413 46.563 325.425 12 9 23 569 3
240.413 46.563 325.425 13 9 23 569 3
240.413 46.563 325.425 14 9 23 569 3
240.413 46.563 325.425 15 9 23 569 3
240.413 46.563 325.425 16 9 23 569 3
240.413 46.563 325.425 17 9 23 569 3
240.413 46.563 325.425 18 9 23 569 3
240.413 46.563 325.425 19 9 23 569 3
240.413 46.563 325.425 20 9 23 569 3
240.413 46.563 325.425 21 9 23 569 3
240.413 46.563 325.425 22 9 23 569 3
119.689 86.430 3.290 23 9 23 529 2
119.689 86.430 3.290 24 9 23 529 2
119.689 86.430 3.290 25 9 23 529 2
119.689 86.430 3.290 26 9 23 529 2
277.388 43.139 204.362 27 9 23 579 4
261.691 74.353 358.769 28 9 23 490 2
261.691 74.353 358.769 29 9 23 490 2
277.388 43.139 204.362 30 9 23 579 4
240.413 46.563 325.425 1 10 23 569 3
240.413 46.563 325.425 2 10 23 569 3
240.413 46.563 325.425 3 10 23 569 3
240.413 46.563 325.425 4 10 23 569 3
240.413 46.563 325.425 5 10 23 569 3
240.413 46.563 325.425 6 10 23 569 3
240.413 46.563 325.425 7 10 23 569 3
240.413 46.563 325.425 8 10 23 569 3
240.413 46.563 325.425 9 10 23 569 3
240.413 46.563 325.425 10 10 23 569 3
240.413 46.563 325.425 11 10 23 569 3
240.413 46.563 325.425 12 10 23 569 3
240.413 46.563 325.425 13 10 23 569 3
240.413 46.563 325.425 14 10 23 569 3
240.413 46.563 325.425 15 10 23 569 3
240.413 46.563 325.425 16 10 23 569 3
240.413 46.563 325.425 17 10 23 569 3
240.413 46.563 325.425 18 10 23 569 3
240.413 46.563 325.425 19 10 23 569 3
250.272 105.411 139.638 20 10 23 556 2
240.413 46.563 325.425 21 10 23 569 3
240.413 46.563 325.425 22 10 23 569 3
119.689 86.430 3.290 23 10 23 529 2
119.689 86.430 3.290 24 10 23 529 2
119.689 86.430 3.290 25 10 23 529 2
119.689 86.430 3.290 26 10 23 529 2
277.388 43.139 204.362 27 10 23 579 4
261.691 74.353 358.769 28 10 23 490 2
261.691 74.353 358.769 29 10 23 490 2
277.388 43.139 204.362 30 10 23 579 4
240.413 46.563 325.425 1 11 23 569 3
240.413 46.563 325.425 2 11 23 569 3
240.413 46.563 325.425 3 11 23 569 3
240.413 46.563 325.425 4 11 23 569 3
240.413 46.563 325.425 5 11 23 569 3
240.413 46.563 325.425 6 11 23 569 3
240.413 46.563 325.425 7 11 23 569 3
240.413 46.563 325.425 8 11 23 569 3
240.413 46.563 325.425 9 11 23 569 3
240.413 46.563 325.425 10 11 23 569 3
240.413 46.563 325.425 11 11 23 569 3
240.413 46.563 325.425 12 11 23 569 3
240.413 46.563 325.425 13 11 23 569 3
240.413 46.563 325.425 14 11 23 569 3
240.413 46.563 325.425 15 11 23 569 3
240.413 46.563 325.425 16 11 23 569 3
240.413 46.563 325.425 17 11 23 569 3
240.413 46.563 325.425 18 11 23 569 3
250.272 105.411 139.638 19 11 23 556 2
250.272 105.411 139.638 20 11 23 556 2
250.272 105.411 139.638 21 11 23 556 2
101.807 52.241 339.281 22 11 23 586 4
101.807 52.241 339.281 23 11 23 586 4
101.807 52.241 339.281 24 11 23 586 4
101.807 52.241 339.281 25 11 23 586 4
101.807 52.241 339.281 26 11 23 586 4
101.807 52.241 339.281 27 11 23 586 4
101.807 52.241 339.281 28 11 23 586 4
101.807 52.241 339.281 29 11 23 586 4
101.807 52.241 339.281 30 11 23 586 4
240.413 46.563 325.425 1 12 23 569 3
240.413 46.563 325.425 2 12 23 569 3
240.413 46.563 325.425 3 12 23 569 3
240.413 46.563 325.425 4 12 23 569 3
240.413 46.563 325.425 5 12 23 569 3
240.413 46.563 325.425 6 12 23 569 3
240.413 46.563 325.425 7 12 23 569 3
240.413 46.563 325.425 8 12 23 569 3
240.413 46.563 325.425 9 12 23 569 3
240.413 46.563 325.425 10 12 23 569 3
240.413 46.563 325.425 11 12 23 569 3
240.413 46.563 325.425 12 12 23 569 3
240.413 46.563 325.425 13 12 23 569 3
240.413 46.563 325.425 14 12 23 569 3
240.413 46.563 325.425 15 12 23 569 3
240.413 46.563 325.425 16 12 23 569 3
240.413 46.563 325.425 17 12 23 569 3
323.834 70.819 336.287 18 12 23 36 1
250.272 105.411 139.638 19 12 23 556 2
250.272 105.411 139.638 20 12 23 556 2
250.272 105.411 139.638 21 12 23 556 2
140.120 105.280 229.212 22 12 23 75 1
101.807 52.241 339.281 23 12 23 586 4
101.807 52.241 339.281 24 12 23 586 4
101.807 52.241 339.281 25 12 23 586 4
101.807 52.241 339.281 26 12 23 586 4
101.807 52.241 339.281 27 12 23 586 4
101.807 52.241 339.281 28 12 23 586 4
101.807 52.241 339.281 29 12 23 586 4
101.807 52.241 339.281 30 12 23 586 4
240.413 46.563 325.425 1 13 23 569 3
240.413 46.563 325.425 2 13 23 569 3
240.413 46.563 325.425 3 13 23 569 3
240.413 46.563 325.425 4 13 23 569 3
240.413 46.563 325.425 5 13 23 569 3
240.413 46.563 325.425 6 13 23 569 3
240.413 46.563 325.425 7 13 23 569 3
240.413 46.563 325.425 8 13 23 569 3
240.413 46.563 325.425 9 13 23 569 3
240.413 46.563 325.425 10 13 23 569 3
240.413 46.563 325.425 11 13 23 569 3
240.413 46.563 325.425 12 13 23 569 3
240.413 46.563 325.425 13 13 23 569 3
240.413 46.563 325.425 14 13 23 569 3
101.807 52.241 339.281 15 13 23 586 4
101.807 52.241 339.281 16 13 23 586 4
101.807 52.241 339.281 17 13 23 586 4
323.834 70.819 336.287 18 13 23 36 1
101.807 52.241 339.281 19 13 23 586 4
250.272 105.411 139.638 20 13 23 556 2
250.272 105.411 139.638 21 13 23 556 2
101.807 52.241 339.281 22 13 23 586 4
101.807 52.241 339.281 23 13 23 586 4
101.807 52.241 339.281 24 13 23 586 4
101.807 52.241 339.281 25 13 23 586 4
101.807 52.241 339.281 26 13 23 586 4
101.807 52.241 339.281 27 13 23 586 4
101.807 52.241 339.281 28 13 23 586 4
101.807 52.241 339.281 29 13 23 586 4
101.807 52.241 339.281 30 13 23 586 4
240.413 46.563 325.425 1 14 23 569 3
240.413 46.563 325.425 2 14 23 569 3
240.413 46.563 325.425 3 14 23 569 3
240.413 46.563 325.425 4 14 23 569 3
240.413 46.563 325.425 5 14 23 569 3
240.413 46.563 325.425 6 14 23 569 3
240.413 46.563 325.425 7 14 23 569 3
240.413 46.563 325.425 8 14 23 569 3
240.413 46.563 325.425 9 14 23 569 3
240.413 46.563 325.425 10 14 23 569 3
240.413 46.563 325.425 11 14 23 569 3
101.807 52.241 339.281 12 14 23 586 4
101.807 52.241 339.281 13 14 23 586 4
101.807 52.241 339.281 14 14 23 586 4
101.807 52.241 339.281 15 14 23 586 4
101.807 52.241 339.281 16 14 23 586 4
101.807 52.241 339.281 17 14 23 586 4
101.807 52.241 339.281 18 14 23 586 4
101.807 52.241 339.281 19 14 23 586 4
101.807 52.241 339.281 20 14 23 586 4
101.807 52.241 339.281 21 14 23 586 4
101.807 52.241 339.281 22 14 23 586 4
101.807 52.241 339.281 23 14 23 586 4
101.807 52.241 339.281 24 14 23 586 4
101.807 52.241 339.281 25 14 23 586 4
101.807 52.241 339.281 26 14 23 586 4
101.807 52.241 339.281 27 14 23 586 4
101.807 52.241 339.281 28 14 23 586 4
101.807 52.241 339.281 29 14 23 586 4
101.807 52.241 339.281 30 14 23 586 4
240.413 46.563 325.425 1 15 23 569 3
240.413 46.563 325.425 2 15 23 569 3
240.413 46.563 325.425 3 15 23 569 3
240.413 46.563 325.425 4 15 23 569 3
240.413 46.563 325.425 5 15 23 569 3
240.413 46.563 325.425 6 15 23 569 3
240.413 46.563 325.425 7 15 23 569 3
101.807 52.241 339.281 8 15 23 586 4
101.807 52.241 339.281 9 15 23 586 4
101.807 52.241 339.281 10 15 23 586 4
101.807 52.241 339.281 11 15 23 586 4
101.807 52.241 339.281 12 15 23 586 4
101.807 52.241 339.281 13 15 23 586 4
101.807 52.241 339.281 14 15 23 586 4
101.807 52.241 339.281 15 15 23 586 4
101.807 52.241 339.281 16 15 23 586 4
101.807 52.241 339.281 17 15 23 586 4
101.807 52.241 339.281 18 15 23 586 4
101.807 52.241 339.281 19 15 23 586 4
101.807 52.241 339.281 20 15 23 586 4
101.807 52.241 339.281 21 15 23 586 4
101.807 52.241 339.281 22 15 23 586 4
101.807 52.241 339.281 23 15 23 586 4
101.807 52.241 339.281 24 15 23 586 4
101.807 52.241 339.281 25 15 23 586 4
101.807 52.241 339.281 26 15 23 586 4
101.807 52.241 339.281 27 15 23 586 4
101.807 52.241 339.281 28 15 23 586 4
101.807 52.241 339.281 29 15 23 586 4
101.807 52.241 339.281 30 15 23 586 4
240.413 46.563 325.425 1 16 23 569 3
240.413 46.563 325.425 2 16 23 569 3
101.807 52.241 339.281 3 16 23 586 4
101.807 52.241 339.281 4 16 23 586 4
101.807 52.241 339.281 5 16 23 586 4
101.807 52.241 339.281 6 16 23 586 4
101.807 52.241 339.281 7 16 23 586 4
101.807 52.241 339.281 8 16 23 586 4
101.807 52.241 339.281 9 16 23 586 4
101.807 52.241 339.281 10 16 23 586 4
101.807 52.241 339.281 11 16 23 586 4
101.807 52.241 339.281 12 16 23 586 4
101.807 52.241 339.281 13 16 23 586 4
101.807 52.241 339.281 14 16 23 586 4
101.807 52.241 339.281 15 16 23 586 4
101.807 52.241 339.281 16 16 23 586 4
101.807 52.241 339.281 17 16 23 586 4
101.807 52.241 339.281 18 16 23 586 4
101.807 52.241 339.281 19 16 23 586 4
101.807 52.241 339.281 20 16 23 586 4
101.807 52.241 339.281 21 16 23 586 4
101.807 52.241 339.281 22 16 23 586 4
101.807 52.241 339.281 23 16 23 586 4
101.807 52.241 339.281 24 16 23 586 4
101.807 52.241 339.281 25 16 23 586 4
101.807 52.241 339.281 26 16 23 586 4
101.807 52.241 339.281 27 16 23 586 4
101.807 52.241 339.281 28 16 23 586 4
101.807 52.241 339.281 29 16 23 586 4
101.807 52.241 339.281 30 16 23 586 4
101.807 52.241 339.281 1 17 23 586 4
101.807 52.241 339.281 2 17 23 586 4
101.807 52.241 339.281 3 17 23 586 4
101.807 52.241 339.281 4 17 23 586 4
101.807 52.241 339.281 5 17 23 586 4
101.807 52.241 339.281 6 17 23 586 4
101.807 52.241 339.281 7 17 23 586 4
101.807 52.241 339.281 8 17 23 586 4
101.807 52.241 339.281 9 17 23 586 4
101.807 52.241 339.281 10 17 23 586 4
101.807 52.241 339.281 11 17 23 586 4
101.807 52.241 339.281 12 17 23 586 4
101.807 52.241 339.281 13 17 23 586 4
101.807 52.241 339.281 14 17 23 586 4
101.807 52.241 339.281 15 17 23 586 4
101.807 52.241 339.281 16 17 23 586 4
101.807 52.241 339.281 17 17 23 586 4
101.807 52.241 339.281 18 17 23 586 4
101.807 52.241 339.281 19 17 23 586 4
101.807 52.241 339.281 20 17 23 586 4
101.807 52.241 339.281 21 17 23 586 4
101.807 52.241 339.281 22 17 23 586 4
101.807 52.241 339.281 23 17 23 586 4
101.807 52.241 339.281 24 17 23 586 4
101.807 52.241 339.281 25 17 23 586 4
101.807 52.241 339.281 26 17 23 586 4
101.807 52.241 339.281 27 17 23 586 4
101.807 52.241 339.281 28 17 23 586 4
101.807 52.241 339.281 29 17 23 586 4
101.807 52.241 339.281 30 17 23 586 4
353.029 29.766 16.637 1 18 23 295 1
353.029 29.766 16.637 2 18 23 295 1
353.029 29.766 16.637 3 18 23 295 1
101.807 52.241 339.281 4 18 23 586 4
101.807 52.241 339.281 5 18 23 586 4
101.807 52.241 339.281 6 18 23 586 4
101.807 52.241 339.281 7 18 23 586 4
101.807 52.241 339.281 8 18 23 586 4
101.807 52.241 339.281 9 18 23 586 4
101.807 52.241 339.281 10 18 23 586 4
101.807 52.241 339.281 11 18 23 586 4
101.807 52.241 339.281 12 18 23 586 4
101.807 52.241 339.281 13 18 23 586 4
101.807 52.241 339.281 14 18 23 586 4
101.807 52.241 339.281 15 18 23 586 4
101.807 52.241 339.281 16 18 23 586 4
101.807 52.241 339.281 17 18 23 586 4
101.807 52.241 339.281 18 18 23 586 4
101.807 52.241 339.281 19 18 23 586 4
101.807 52.241 339.281 20 18 23 586 4
101.807 52.241 339.281 21 18 23 586 4
101.807 52.241 339.281 22 18 23 586 4
101.807 52.241 339.281 23 18 23 586 4
101.807 52.241 339.281 24 18 23 586 4
101.807 52.241 339.281 25 18 23 586 4
101.807 52.241 339.281 26 18 23 586 4
101.807 52.241 339.281 27 18 23 586 4
101.807 52.241 339.281 28 18 23 586 4
101.807 52.241 339.281 29 18 23 586 4
101.807 52.241 339.281 30 18 23 586 4
353.029 29.766 16.637 1 19 23 295 1
353.029 29.766 16.637 2 19 23 295 1
101.807 52.241 339.281 3 19 23 586 4
101.807 52.241 339.281 4 19 23 586 4
101.807 52.241 339.281 5 19 23 586 4
101.807 52.241 339.281 6 19 23 586 4
101.807 52.241 339.281 7 19 23 586 4
101.807 52.241 339.281 8 19 23 586 4
101.807 52.241 339.281 9 19 23 586 4
101.807 52.241 339.281 10 19 23 586 4
101.807 52.241 339.281 11 19 23 586 4
101.807 52.241 339.281 12 19 23 586 4
101.807 52.241 339.281 13 19 23 586 4
101.807 52.241 339.281 14 19 23 586 4
101.807 52.241 339.281 15 19 23 586 4
101.807 52.241 339.281 16 19 23 586 4
101.807 52.241 339.281 17 19 23 586 4
101.807 52.241 339.281 18 19 23 586 4
101.807 52.241 339.281 19 19 23 586 4
101.807 52.241 339.281 20 19 23 586 4
101.807 52.241 339.281 21 19 23 586 4
101.807 52.241 339.281 22 19 23 586 4
101.807 52.241 339.281 23 19 23 586 4
101.807 52.241 339.281 24 19 23 586 4
101.807 52.241 339.281 25 19 23 586 4
101.807 52.241 339.281 26 19 23 586 4
101.807 52.241 339.281 27 19 23 586 4
101.807 52.241 339.281 28 19 23 586 4
101.807 52.241 339.281 29 19 23 586 4
101.807 52.241 339.281 30 19 23 586 4
101.807 52.241 339.281 1 20 23 586 4
101.807 52.241 339.281 2 20 23 586 4
101.807 52.241 339.281 3 20 23 586 4
101.807 52.241 339.281 4 20 23 586 4
101.807 52.241 339.281 5 20 23 586 4
101.807 52.241 339.281 6 20 23 586 4
101.807 52.241 339.281 7 20 23 586 4
101.807 52.241 339.281 8 20 23 586 4
101.807 52.241 339.281 9 20 23 586 4
101.807 52.241 339.281 10 20 23 586 4
101.807 52.241 339.281 11 20 23 586 4
101.807 52.241 339.281 12 20 23 586 4
101.807 52.241 339.281 13 20 23 586 4
101.807 52.241 339.281 14 20 23 586 4
101.807 52.241 339.281 15 20 23 586 4
101.807 52.241 339.281 16 20 23 586 4
101.807 52.241 339.281 17 20 23 586 4
101.807 52.241 339.281 18 20 23 586 4
101.807 52.241 339.281 19 20 23 586 4
101.807 52.241 339.281 20 20 23 586 4
101.807 52.241 339.281 21 20 23 586 4
101.807 52.241 339.281 22 20 23 586 4
101.807 52.241 339.281 23 20 23 586 4
101.807 52.241 339.281 24 20 23 586 4
101.807 52.241 339.281 25 20 23 586 4
101.807 52.241 339.281 26 20 23 586 4
101.807 52.241 339.281 27 20 23 586 4
101.807 52.241 339.281 28 20 23 586 4
101.807 52.241 339.281 29 20 23 586 4
101.807 52.241 339.281 30 20 23 586 4
101.807 52.241 339.281 1 21 23 586 4
101.807 52.241 339.281 2 21 23 586 4
101.807 52.241 339.281 3 21 23 586 4
101.807 52.241 339.281 4 21 23 586 4
101.807 52.241 339.281 5 21 23 586 4
101.807 52.241 339.281 6 21 23 586 4
101.807 52.241 339.281 7 21 23 586 4
101.807 52.241 339.281 8 21 23 586 4
101.807 52.241 339.281 9 21 23 586 4
101.807 52.241 339.281 10 21 23 586 4
101.807 52.241 339.281 11 21 23 586 4
101.807 52.241 339.281 12 21 23 586 4
101.807 52.241 339.281 13 21 23 586 4
101.807 52.241 339.281 14 21 23 586 4
101.807 52.241 339.281 15 21 23 586 4
101.807 52.241 339.281 16 21 23 586 4
101.807 52.241 339.281 17 21 23 586 4
101.807 52.241 339.281 18 21 23 586 4
101.807 52.241 339.281 19 21 23 586 4
101.807 52.241 339.281 20 21 23 586 4
101.807 52.241 339.281 21 21 23 586 4
101.807 52.241 339.281 22 21 23 586 4
101.807 52.241 339.281 23 21 23 586 4
101.807 52.241 339.281 24 21 23 586 4
101.807 52.241 339.281 25 21 23 586 4
101.807 52.241 339.281 26 21 23 586 4
101.807 52.241 339.281 27 21 23 586 4
101.807 52.241 339.281 28 21 23 586 4
101.807 52.241 339.281 29 21 23 586 4
101.807 52.241 339.281 30 21 23 586 4
101.807 52.241 339.281 1 22 23 586 4
101.807 52.241 339.281 2 22 23 586 4
101.807 52.241 339.281 3 22 23 586 4
101.807 52.241 339.281 4 22 23 586 4
101.807 52.241 339.281 5 22 23 586 4
101.807 52.241 339.281 6 22 23 586 4
101.807 52.241 339.281 7 22 23 586 4
101.807 52.241 339.281 8 22 23 586 4
101.807 52.241 339.281 9 22 23 586 4
101.807 52.241 339.281 10 22 23 586 4
101.807 52.241 339.281 11 22 23 586 4
101.807 52.241 339.281 12 22 23 586 4
101.807 52.241 339.281 13 22 23 586 4
101.807 52.241 339.281 14 22 23 586 4
101.807 52.241 339.281 15 22 23 586 4
101.807 52.241 339.281 16 22 23 586 4
101.807 52.241 339.281 17 22 23 586 4
101.807 52.241 339.281 18 22 23 586 4
101.807 52.241 339.281 19 22 23 586 4
101.807 52.241 339.281 20 22 23 586 4
101.807 52.241 339.281 21 22 23 586 4
101.807 52.241 339.281 22 22 23 586 4
101.807 52.241 339.281 23 22 23 586 4
101.807 52.241 339.281 24 22 23 586 4
101.807 52.241 339.281 25 22 23 586 4
101.807 52.241 339.281 26 22 23 586 4
82.506 72.834 7.922 27 22 23 308 1
229.683 62.829 181.627 28 22 23 621 2
229.683 62.829 181.627 29 22 23 621 2
229.683 62.829 181.627 30 22 23 621 2
101.807 52.241 339.281 1 23 23 586 4
101.807 52.241 339.281 2 23 23 586 4
101.807 52.241 339.281 3 23 23 586 4
101.807 52.241 339.281 4 23 23 586 4
101.807 52.241 339.281 5 23 23 586 4
101.807 52.241 339.281 6 23 23 586 4
101.807 52.241 339.281 7 23 23 586 4
101.807 52.241 339.281 8 23 23 586 4
101.807 52.241 339.281 9 23 23 586 4
101.807 52.241 339.281 10 23 23 586 4
101.807 52.241 339.281 11 23 23 586 4
101.807 52.241 339.281 12 23 23 586 4
101.807 52.241 339.281 13 23 23 586 4
101.807 52.241 339.281 14 23 23 586 4
101.807 52.241 339.281 15 23 23 586 4
101.807 52.241 339.281 16 23 23 586 4
101.807 52.241 339.281 17 23 23 586 4
101.807 52.241 339.281 18 23 23 586 4
101.807 52.241 339.281 19 23 23 586 4
101.807 52.241 339.281 20 23 23 586 4
101.807 52.241 339.281 21 23 23 586 4
101.807 52.241 339.281 22 23 23 586 4
101.807 52.241 339.281 23 23 23 586 4
169.684 148.511 358.556 24 23 23 307 1
158.550 68.310 262.678 25 23 23 318 1
158.550 68.310 262.678 26 23 23 318 1
82.506 72.834 7.922 27 23 23 308 1
229.683 62.829 181.627 28 23 23 621 2
229.683 62.829 181.627 29 23 23 621 2
229.683 62.829 181.627 30 23 23 621 2
101.807 52.241 339.281 1 24 23 586 4
101.807 52.241 339.281 2 24 23 586 4
101.807 52.241 339.281 3 24 23 586 4
101.807 52.241 339.281 4 24 23 586 4
101.807 52.241 339.281 5 24 23 586 4
101.807 52.241 339.281 6 24 23 586 4
101.807 52.241 339.281 7 24 23 586 4
101.807 52.241 339.281 8 24 23 586 4
101.807 52.241 339.281 9 24 23 586 4
101.807 52.241 339.281 10 24 23 586 4
101.807 52.241 339.281 11 24 23 586 4
101.807 52.241 339.281 12 24 23 586 4
101.807 52.241 339.281 13 24 23 586 4
101.807 52.241 339.281 14 24 23 586 4
101.807 52.241 339.281 15 24 23 586 4
101.807 52.241 339.281 16 24 23 586 4
101.807 52.241 339.281 17 24 23 586 4
101.807 52.241 339.281 18 24 23 586 4
101.807 52.241 339.281 19 24 23 586 4
101.807 52.241 339.281 20 24 23 586 4
223.846 78.248 0.723 21 24 23 394 1
183.177 126.985 177.016 22 24 23 451 1
169.684 148.511 358.556 23 24 23 307 1
169.684 148.511 358.556 24 24 23 307 1
169.684 148.511 358.556 25 24 23 307 1
158.550 68.310 262.678 26 24 23 318 1
82.506 72.834 7.922 27 24 23 308 1
229.683 62.829 181.627 28 24 23 621 2
229.683 62.829 181.627 29 24 23 621 2
229.683 62.829 181.627 30 24 23 621 2
101.807 52.241 339.281 1 25 23 586 4
101.807 52.241 339.281 2 25 23 586 4
101.807 52.241 339.281 3 25 23 586 4
101.807 52.241 339.281 4 25 23 586 4
101.807 52.241 339.281 5 25 23 586 4
101.807 52.241 339.281 6 25 23 586 4
101.807 52.241 339.281 7 25 23 586 4
101.807 52.241 339.281 8 25 23 586 4
101.807 52.241 339.281 9 25 23 586 4
101.807 52.241 339.281 10 25 23 586 4
101.807 52.241 339.281 11 25 23 586 4
101.807 52.241 339.281 12 25 23 586 4
101.807 52.241 339.281 13 25 23 586 4
101.807 52.241 339.281 14 25 23 586 4
101.807 52.241 339.281 15 25 23 586 4
101.807 52.241 339.281 16 25 23 586 4
297.225 87.360 53.477 17 25 23 583 4
101.807 52.241 339.281 18 25 23 586 4
101.807 52.241 339.281 19 25 23 586 4
223.846 78.248 0.723 20 25 23 394 1
223.846 78.248 0.723 21 25 23 394 1
223.846 78.248 0.723 22 25 23 394 1
169.684 148.511 358.556 23 25 23 307 1
169.684 148.511 358.556 24 25 23 307 1
169.684 148.511 358.556 25 25 23 307 1
229.683 62.829 181.627 26 25 23 621 2
229.683 62.829 181.627 27 25 23 621 2
229.683 62.829 181.627 28 25 23 621 2
229.683 62.829 181.627 29 25 23 621 2
229.683 62.829 181.627 30 25 23 621 2
101.807 52.241 339.281 1 26 23 586 4
101.807 52.241 339.281 2 26 23 586 4
101.807 52.241 339.281 3 26 23 586 4
101.807 52.241 339.281 4 26 23 586 4
101.807 52.241 339.281 5 26 23 586 4
101.807 52.241 339.281 6 26 23 586 4
101.807 52.241 339.281 7 26 23 586 4
101.807 52.241 339.281 8 26 23 586 4
101.807 52.241 339.281 9 26 23 586 4
101.807 52.241 339.281 10 26 23 586 4
195.126 47.725 276.391 11 26 23 220 1
195.126 47.725 276.391 12 26 23 220 1
195.126 47.725 276.391 13 26 23 220 1
297.225 87.360 53.477 14 26 23 583 4
297.225 87.360 53.477 15 26 23 583 4
297.225 87.360 53.477 16 26 23 583 4
297.225 87.360 53.477 17 26 23 583 4
297.225 87.360 53.477 18 26 23 583 4
223.846 78.248 0.723 19 26 23 394 1
223.846 78.248 0.723 20 26 23 394 1
223.846 78.248 0.723 21 26 23 394 1
223.846 78.248 0.723 22 26 23 394 1
223.846 78.248 0.723 23 26 23 394 1
169.684 148.511 358.556 24 26 23 307 1
169.684 148.511 358.556 25 26 23 307 1
229.683 62.829 181.627 26 26 23 621 2
229.683 62.829 181.627 27 26 23 621 2
229.683 62.829 181.627 28 26 23 621 2
229.683 62.829 181.627 29 26 23 621 2
229.683 62.829 181.627 30 26 23 621 2
161.846 75.361 189.042 1 27 23 584 4
161.846 75.361 189.042 2 27 23 584 4
161.846 75.361 189.042 3 27 23 584 4
161.846 75.361 189.042 4 27 23 584 4
161.846 75.361 189.042 5 27 23 584 4
161.846 75.361 189.042 6 27 23 584 4
161.846 75.361 189.042 7 27 23 584 4
161.846 75.361 189.042 8 27 23 584 4
161.846 75.361 189.042 9 27 23 584 4
231.985 91.346 142.237 10 27 23 537 2
231.985 91.346 142.237 11 27 23 537 2
195.126 47.725 276.391 12 27 23 220 1
195.126 47.725 276.391 13 27 23 220 1
297.225 87.360 53.477 14 27 23 583 4
297.225 87.360 53.477 15 27 23 583 4
297.225 87.360 53.477 16 27 23 583 4
297.225 87.360 53.477 17 27 23 583 4
297.225 87.360 53.477 18 27 23 583 4
297.225 87.360 53.477 19 27 23 583 4
223.846 78.248 0.723 20 27 23 394 1
223.846 78.248 0.723 21 27 23 394 1
42.848 71.315 314.413 22 27 23 144 1
273.030 85.940 319.256 23 27 23 327 1
273.030 85.940 319.256 24 27 23 327 1
273.030 85.940 319.256 25 27 23 327 1
229.683 62.829 181.627 26 27 23 621 2
229.683 62.829 181.627 27 27 23 621 2
229.683 62.829 181.627 28 27 23 621 2
229.683 62.829 181.627 29 27 23 621 2
229.683 62.829 181.627 30 27 23 621 2
331.145 87.321 193.595 1 28 23 378 1
331.145 87.321 193.595 2 28 23 378 1
161.846 75.361 189.042 3 28 23 584 4
161.846 75.361 189.042 4 28 23 584 4
161.846 75.361 189.042 5 28 23 584 4
161.846 75.361 189.042 6 28 23 584 4
161.846 75.361 189.042 7 28 23 584 4
161.846 75.361 189.042 8 28 23 584 4
161.846 75.361 189.042 9 28 23 584 4
231.985 91.346 142.237 10 28 23 537 2
231.985 91.346 142.237 11 28 23 537 2
231.985 91.346 142.237 12 28 23 537 2
231.985 91.346 142.237 13 28 23 537 2
297.225 87.360 53.477 14 28 23 583 4
14.395 73.569 184.659 15 28 23 551 2
14.395 73.569 184.659 16 28 23 551 2
297.225 87.360 53.477 17 28 23 583 4
297.225 87.360 53.477 18 28 23 583 4
297.225 87.360 53.477 19 28 23 583 4
59.733 116.074 338.988 20 28 23 481 2
42.848 71.315 314.413 21 28 23 144 1
42.848 71.315 314.413 22 28 23 144 1
42.848 71.315 314.413 23 28 23 144 1
273.030 85.940 319.256 24 28 23 327 1
273.030 85.940 319.256 25 28 23 327 1
229.683 62.829 181.627 26 28 23 621 2
229.683 62.829 181.627 27 28 23 621 2
229.683 62.829 181.627 28 28 23 621 2
229.683 62.829 181.627 29 28 23 621 2
229.683 62.829 181.627 30 28 23 621 2
331.145 87.321 193.595 1 29 23 378 1
331.145 87.321 193.595 2 29 23 378 1
161.846 75.361 189.042 3 29 23 584 4
161.846 75.361 189.042 4 29 23 584 4
161.846 75.361 189.042 5 29 23 584 4
161.846 75.361 189.042 6 29 23 584 4
161.846 75.361 189.042 7 29 23 584 4
161.846 75.361 189.042 8 29 23 584 4
161.846 75.361 189.042 9 29 23 584 4
231.985 91.346 142.237 10 29 23 537 2
231.985 91.346 142.237 11 29 23 537 2
231.985 91.346 142.237 12 29 23 537 2
231.985 91.346 142.237 13 29 23 537 2
231.985 91.346 142.237 14 29 23 537 2
297.225 87.360 53.477 15 29 23 583 4
14.395 73.569 184.659 16 29 23 551 2
302.106 36.194 16.532 17 29 23 495 2
297.225 87.360 53.477 18 29 23 583 4
59.733 116.074 338.988 19 29 23 481 2
59.733 116.074 338.988 20 29 23 481 2
42.848 71.315 314.413 21 29 23 144 1
42.848 71.315 314.413 22 29 23 144 1
42.848 71.315 314.413 23 29 23 144 1
273.030 85.940 319.256 24 29 23 327 1
273.030 85.940 319.256 25 29 23 327 1
229.683 62.829 181.627 26 29 23 621 2
229.683 62.829 181.627 27 29 23 621 2
229.683 62.829 181.627 28 29 23 621 2
229.683 62.829 181.627 29 29 23 621 2
229.683 62.829 181.627 30 29 23 621 2
331.145 87.321 193.595 1 30 23 378 1
331.145 87.321 193.595 2 30 23 378 1
331.145 87.321 193.595 3 30 23 378 1
161.846 75.361 189.042 4 30 23 584 4
161.846 75.361 189.042 5 30 23 584 4
161.846 75.361 189.042 6 30 23 584 4
161.846 75.361 189.042 7 30 23 584 4
161.846 75.361 189.042 8 30 23 584 4
161.846 75.361 189.042 9 30 23 584 4
231.985 91.346 142.237 10 30 23 537 2
231.985 91.346 142.237 11 30 23 537 2
231.985 91.346 142.237 12 30 23 537 2
231.985 91.346 142.237 13 30 23 537 2
231.985 91.346 142.237 14 30 23 537 2
297.225 87.360 53.477 15 30 23 583 4
297.225 87.360 53.477 16 30 23 583 4
297.225 87.360 53.477 17 30 23 583 4
297.225 87.360 53.477 18 30 23 583 4
59.733 116.074 338.988 19 30 23 481 2
111.829 115.965 97.314 20 30 23 371 1
48.772 84.989 0.677 21 30 23 623 2
48.772 84.989 0.677 22 30 23 623 2
48.772 84.989 0.677 23 30 23 623 2
273.030 85.940 319.256 24 30 23 327 1
273.030 85.940 319.256 25 30 23 327 1
273.030 85.940 319.256 26 30 23 327 1
229.683 62.829 181.627 27 30 23 621 2
229.683 62.829 181.627 28 30 23 621 2
229.683 62.829 181.627 29 30 23 621 2
229.683 62.829 181.627 30 30 23 621 2
