240.413 46.563 325.425 1 1 26 569 3
240.413 46.563 325.425 2 1 26 569 3
240.413 46.563 325.425 3 1 26 569 3
240.413 46.563 325.425 4 1 26 569 3
240.413 46.563 325.425 5 1 26 569 3
240.413 46.563 325.425 6 1 26 569 3
240.413 46.563 325.425 7 1 26 569 3
240.413 46.563 325.425 8 1 26 569 3
240.413 46.563 325.425 9 1 26 569 3
240.413 46.563 325.425 10 1 26 569 3
240.413 46.563 325.425 11 1 26 569 3
240.413 46.563 325.425 12 1 26 569 3
240.413 46.563 325.425 13 1 26 569 3
240.413 46.563 325.425 14 1 26 569 3
240.413 46.563 325.425 15 1 26 569 3
240.413 46.563 325.425 16 1 26 569 3
27.602 124.212 53.915 17 1 26 390 1
27.602 124.212 53.915 18 1 26 390 1
240.413 46.563 325.425 19 1 26 569 3
240.413 46.563 325.425 20 1 26 569 3
35.854 37.319 166.227 21 1 26 503 2
35.854 37.319 166.227 22 1 26 503 2
35.854 37.319 166.227 23 1 26 503 2
35.854 37.319 166.227 24 1 26 503 2
35.854 37.319 166.227 25 1 26 503 2
153.839 59.544 0.297 26 1 26 550 2
311.665 79.386 38.217 27 1 26 512 2
311.665 79.386 38.217 28 1 26 512 2
311.665 79.386 38.217 29 1 26 512 2
311.665 79.386 38.217 30 1 26 512 2
240.413 46.563 325.425 1 2 26 569 3
240.413 46.563 325.425 2 2 26 569 3
240.413 46.563 325.425 3 2 26 569 3
240.413 46.563 325.425 4 2 26 569 3
240.413 46.563 325.425 5 2 26 569 3
240.413 46.563 325.425 6 2 26 569 3
240.413 46.563 325.425 7 2 26 569 3
240.413 46.563 325.425 8 2 26 569 3
240.413 46.563 325.425 9 2 26 569 3
240.413 46.563 325.425 10 2 26 569 3
240.413 46.563 325.425 11 2 26 569 3
240.413 46.563 325.425 12 2 26 569 3
240.413 46.563 325.425 13 2 26 569 3
240.413 46.563 325.425 14 2 26 569 3
240.413 46.563 325.425 15 2 26 569 3
41.738 124.200 150.468 16 2 26 267 1
27.602 124.212 53.915 17 2 26 390 1
27.602 124.212 53.915 18 2 26 390 1
240.413 46.563 325.425 19 2 26 569 3
240.413 46.563 325.425 20 2 26 569 3
262.875 13.655 258.053 21 2 26 23 1
262.875 13.655 258.053 22 2 26 23 1
104.472 59.178 257.066 23 2 26 376 1
35.854 37.319 166.227 24 2 26 503 2
35.854 37.319 166.227 25 2 26 503 2
153.839 59.544 0.297 26 2 26 550 2
311.665 79.386 38.217 27 2 26 512 2
311.665 79.386 38.217 28 2 26 512 2
311.665 79.386 38.217 29 2 26 512 2
311.665 79.386 38.217 30 2 26 512 2
240.413 46.563 325.425 1 3 26 569 3
240.413 46.563 325.425 2 3 26 569 3
240.413 46.563 325.425 3 3 26 569 3
240.413 46.563 325.425 4 3 26 569 3
240.413 46.563 325.425 5 3 26 569 3
240.413 46.563 325.425 6 3 26 569 3
240.413 46.563 325.425 7 3 26 569 3
240.413 46.563 325.425 8 3 26 569 3
240.413 46.563 325.425 9 3 26 569 3
240.413 46.563 325.425 10 3 26 569 3
240.413 46.563 325.425 11 3 26 569 3
240.413 46.563 325.425 12 3 26 569 3
240.413 46.563 325.425 13 3 26 569 3
240.413 46.563 325.425 14 3 26 569 3
240.413 46.563 325.425 15 3 26 569 3
240.413 46.563 325.425 16 3 26 569 3
240.413 46.563 325.425 17 3 26 569 3
27.602 124.212 53.915 18 3 26 390 1
240.413 46.563 325.425 19 3 26 569 3
240.413 46.563 325.425 20 3 26 569 3
104.472 59.178 257.066 21 3 26 376 1
104.472 59.178 257.066 22 3 26 376 1
35.854 37.319 166.227 23 3 26 503 2
35.854 37.319 166.227 24 3 26 503 2
35.854 37.319 166.227 25 3 26 503 2
78.065 133.229 19.488 26 3 26 298 1
311.665 79.386 38.217 27 3 26 512 2
311.665 79.386 38.217 28 3 26 512 2
311.665 79.386 38.217 29 3 26 512 2
311.665 79.386 38.217 30 3 26 512 2
240.413 46.563 325.425 1 4 26 569 3
240.413 46.563 325.425 2 4 26 569 3
240.413 46.563 325.425 3 4 26 569 3
240.413 46.563 325.425 4 4 26 569 3
240.413 46.563 325.425 5 4 26 569 3
240.413 46.563 325.425 6 4 26 569 3
240.413 46.563 325.425 7 4 26 569 3
240.413 46.563 325.425 8 4 26 569 3
240.413 46.563 325.425 9 4 26 569 3
240.413 46.563 325.425 10 4 26 569 3
240.413 46.563 325.425 11 4 26 569 3
240.413 46.563 325.425 12 4 26 569 3
240.413 46.563 325.425 13 4 26 569 3
240.413 46.563 325.425 14 4 26 569 3
240.413 46.563 325.425 15 4 26 569 3
240.413 46.563 325.425 16 4 26 569 3
240.413 46.563 325.425 17 4 26 569 3
271.450 38.571 154.741 18 4 26 160 1
240.413 46.563 325.425 19 4 26 569 3
311.268 59.400 195.423 20 4 26 431 1
311.268 59.400 195.423 21 4 26 431 1
104.472 59.178 257.066 22 4 26 376 1
35.854 37.319 166.227 23 4 26 503 2
35.854 37.319 166.227 24 4 26 503 2
35.854 37.319 166.227 25 4 26 503 2
78.065 133.229 19.488 26 4 26 298 1
275.875 77.597 162.509 27 4 26 84 1
311.665 79.386 38.217 28 4 26 512 2
311.665 79.386 38.217 29 4 26 512 2
311.665 79.386 38.217 30 4 26 512 2
240.413 46.563 325.425 1 5 26 569 3
240.413 46.563 325.425 2 5 26 569 3
240.413 46.563 325.425 3 5 26 569 3
240.413 46.563 325.425 4 5 26 569 3
240.413 46.563 325.425 5 5 26 569 3
240.413 46.563 325.425 6 5 26 569 3
240.413 46.563 325.425 7 5 26 569 3
240.413 46.563 325.425 8 5 26 569 3
240.413 46.563 325.425 9 5 26 569 3
240.413 46.563 325.425 10 5 26 569 3
240.413 46.563 325.425 11 5 26 569 3
240.413 46.563 325.425 12 5 26 569 3
240.413 46.563 325.425 13 5 26 569 3
240.413 46.563 325.425 14 5 26 569 3
240.413 46.563 325.425 15 5 26 569 3
240.413 46.563 325.425 16 5 26 569 3
240.413 46.563 325.425 17 5 26 569 3
271.450 38.571 154.741 18 5 26 160 1
240.413 46.563 325.425 19 5 26 569 3
265.671 94.988 295.618 20 5 26 8 1
265.671 94.988 295.618 21 5 26 8 1
265.671 94.988 295.618 22 5 26 8 1
35.854 37.319 166.227 23 5 26 503 2
35.854 37.319 166.227 24 5 26 503 2
35.854 37.319 166.227 25 5 26 503 2
311.665 79.386 38.217 26 5 26 512 2
311.665 79.386 38.217 27 5 26 512 2
311.665 79.386 38.217 28 5 26 512 2
311.665 79.386 38.217 29 5 26 512 2
311.665 79.386 38.217 30 5 26 512 2
240.413 46.563 325.425 1 6 26 569 3
240.413 46.563 325.425 2 6 26 569 3
240.413 46.563 325.425 3 6 26 569 3
240.413 46.563 325.425 4 6 26 569 3
240.413 46.563 325.425 5 6 26 569 3
240.413 46.563 325.425 6 6 26 569 3
240.413 46.563 325.425 7 6 26 569 3
240.413 46.563 325.425 8 6 26 569 3
240.413 46.563 325.425 9 6 26 569 3
240.413 46.563 325.425 10 6 26 569 3
240.413 46.563 325.425 11 6 26 569 3
240.413 46.563 325.425 12 6 26 569 3
240.413 46.563 325.425 13 6 26 569 3
240.413 46.563 325.425 14 6 26 569 3
240.413 46.563 325.425 15 6 26 569 3
186.886 75.337 359.907 16 6 26 265 1
240.413 46.563 325.425 17 6 26 569 3
240.413 46.563 325.425 18 6 26 569 3
240.413 46.563 325.425 19 6 26 569 3
240.413 46.563 325.425 20 6 26 569 3
354.924 50.239 6.650 21 6 26 471 2
354.924 50.239 6.650 22 6 26 471 2
354.924 50.239 6.650 23 6 26 471 2
354.924 50.239 6.650 24 6 26 471 2
308.089 52.222 198.693 25 6 26 330 1
308.089 52.222 198.693 26 6 26 330 1
311.665 79.386 38.217 27 6 26 512 2
311.665 79.386 38.217 28 6 26 512 2
311.665 79.386 38.217 29 6 26 512 2
311.665 79.386 38.217 30 6 26 512 2
240.413 46.563 325.425 1 7 26 569 3
240.413 46.563 325.425 2 7 26 569 3
240.413 46.563 325.425 3 7 26 569 3
240.413 46.563 325.425 4 7 26 569 3
240.413 46.563 325.425 5 7 26 569 3
240.413 46.563 325.425 6 7 26 569 3
240.413 46.563 325.425 7 7 26 569 3
240.413 46.563 325.425 8 7 26 569 3
240.413 46.563 325.425 9 7 26 569 3
240.413 46.563 325.425 10 7 26 569 3
240.413 46.563 325.425 11 7 26 569 3
240.413 46.563 325.425 12 7 26 569 3
240.413 46.563 325.425 13 7 26 569 3
240.413 46.563 325.425 14 7 26 569 3
240.413 46.563 325.425 15 7 26 569 3
240.413 46.563 325.425 16 7 26 569 3
240.413 46.563 325.425 17 7 26 569 3
240.413 46.563 325.425 18 7 26 569 3
240.413 46.563 325.425 19 7 26 569 3
240.413 46.563 325.425 20 7 26 569 3
36.161 153.654 212.373 21 7 26 572 4
36.161 153.654 212.373 22 7 26 572 4
354.924 50.239 6.650 23 7 26 471 2
119.689 86.430 3.290 24 7 26 529 2
119.689 86.430 3.290 25 7 26 529 2
119.689 86.430 3.290 26 7 26 529 2
311.665 79.386 38.217 27 7 26 512 2
261.691 74.353 358.769 28 7 26 490 2
261.691 74.353 358.769 29 7 26 490 2
268.944 44.281 247.933 30 7 26 480 2
240.413 46.563 325.425 1 8 26 569 3
240.413 46.563 325.425 2 8 26 569 3
240.413 46.563 325.425 3 8 26 569 3
240.413 46.563 325.425 4 8 26 569 3
240.413 46.563 325.425 5 8 26 569 3
240.413 46.563 325.425 6 8 26 569 3
240.413 46.563 325.425 7 8 26 569 3
240.413 46.563 325.425 8 8 26 569 3
240.413 46.563 325.425 9 8 26 569 3
240.413 46.563 325.425 10 8 26 569 3
240.413 46.563 325.425 11 8 26 569 3
240.413 46.563 325.425 12 8 26 569 3
240.413 46.563 325.425 13 8 26 569 3
240.413 46.563 325.425 14 8 26 569 3
240.413 46.563 325.425 15 8 26 569 3
240.413 46.563 325.425 16 8 26 569 3
240.413 46.563 325.425 17 8 26 569 3
240.413 46.563 325.425 18 8 26 569 3
240.413 46.563 325.425 19 8 26 569 3
240.413 46.563 325.425 20 8 26 569 3
36.161 153.654 212.373 21 8 26 572 4
36.161 153.654 212.373 22 8 26 572 4
36.161 153.654 212.373 23 8 26 572 4
119.689 86.430 3.290 24 8 26 529 2
119.689 86.430 3.290 25 8 26 529 2
119.689 86.430 3.290 26 8 26 529 2
4.699 127.492 229.855 27 8 26 266 1
261.691 74.353 358.769 28 8 26 490 2
261.691 74.353 358.769 29 8 26 490 2
261.691 74.353 358.769 30 8 26 490 2
240.413 46.563 325.425 1 9 26 569 3
240.413 46.563 325.425 2 9 26 569 3
240.413 46.563 325.425 3 9 26 569 3
240.413 46.563 325.425 4 9 26 569 3
240.413 46.563 325.425 5 9 26 569 3
240.413 46.563 325.425 6 9 26 569 3
240.413 46.563 325.425 7 9 26 569 3
240.413 46.563 325.425 8 9 26 569 3
240.413 46.563 325.425 9 9 26 569 3
240.413 46.563 325.425 10 9 26 569 3
240.413 46.563 325.425 11 9 26 569 3
240.413 46.563 325.425 12 9 26 569 3
240.413 46.563 325.425 13 9 26 569 3
240.413 46.563 325.425 14 9 26 569 3
240.413 46.563 325.425 15 9 26 569 3
240.413 46.563 325.425 16 9 26 569 3
240.413 46.563 325.425 17 9 26 569 3
240.413 46.563 325.425 18 9 26 569 3
240.413 46.563 325.425 19 9 26 569 3
36.161 153.654 212.373 20 9 26 572 4
36.161 153.654 212.373 21 9 26 572 4
36.161 153.654 212.373 22 9 26 572 4
36.161 153.654 212.373 23 9 26 572 4
119.689 86.430 3.290 24 9 26 529 2
119.689 86.430 3.290 25 9 26 529 2
119.689 86.430 3.290 26 9 26 529 2
4.699 127.492 229.855 27 9 26 266 1
261.691 74.353 358.769 28 9 26 490 2
261.691 74.353 358.769 29 9 26 490 2
261.691 74.353 358.769 30 9 26 490 2
240.413 46.563 325.425 1 10 26 569 3
240.413 46.563 325.425 2 10 26 569 3
240.413 46.563 325.425 3 10 26 569 3
240.413 46.563 325.425 4 10 26 569 3
240.413 46.563 325.425 5 10 26 569 3
240.413 46.563 325.425 6 10 26 569 3
240.413 46.563 325.425 7 10 26 569 3
240.413 46.563 325.425 8 10 26 569 3
240.413 46.563 325.425 9 10 26 569 3
240.413 46.563 325.425 10 10 26 569 3
240.413 46.563 325.425 11 10 26 569 3
240.413 46.563 325.425 12 10 26 569 3
240.413 46.563 325.425 13 10 26 569 3
240.413 46.563 325.425 14 10 26 569 3
240.413 46.563 325.425 15 10 26 569 3
240.413 46.563 325.425 16 10 26 569 3
240.413 46.563 325.425 17 10 26 569 3
185.847 72.600 306.902 18 10 26 370 1
240.413 46.563 325.425 19 10 26 569 3
36.161 153.654 212.373 20 10 26 572 4
36.161 153.654 212.373 21 10 26 572 4
36.161 153.654 212.373 22 10 26 572 4
36.161 153.654 212.373 23 10 26 572 4
119.689 86.430 3.290 24 10 26 529 2
119.689 86.430 3.290 25 10 26 529 2
4.699 127.492 229.855 26 10 26 266 1
4.699 127.492 229.855 27 10 26 266 1
261.691 74.353 358.769 28 10 26 490 2
261.691 74.353 358.769 29 10 26 490 2
261.691 74.353 358.769 30 10 26 490 2
240.413 46.563 325.425 1 11 26 569 3
240.413 46.563 325.425 2 11 26 569 3
240.413 46.563 325.425 3 11 26 569 3
240.413 46.563 325.425 4 11 26 569 3
240.413 46.563 325.425 5 11 26 569 3
240.413 46.563 325.425 6 11 26 569 3
240.413 46.563 325.425 7 11 26 569 3
240.413 46.563 325.425 8 11 26 569 3
240.413 46.563 325.425 9 11 26 569 3
240.413 46.563 325.425 10 11 26 569 3
240.413 46.563 325.425 11 11 26 569 3
240.413 46.563 325.425 12 11 26 569 3
240.413 46.563 325.425 13 11 26 569 3
240.413 46.563 325.425 14 11 26 569 3
240.413 46.563 325.425 15 11 26 569 3
240.413 46.563 325.425 16 11 26 569 3
240.413 46.563 325.425 17 11 26 569 3
101.807 52.241 339.281 18 11 26 586 4
101.807 52.241 339.281 19 11 26 586 4
36.161 153.654 212.373 20 11 26 572 4
36.161 153.654 212.373 21 11 26 572 4
36.161 153.654 212.373 22 11 26 572 4
101.807 52.241 339.281 23 11 26 586 4
101.807 52.241 339.281 24 11 26 586 4
101.807 52.241 339.281 25 11 26 586 4
101.807 52.241 339.281 26 11 26 586 4
101.807 52.241 339.281 27 11 26 586 4
261.691 74.353 358.769 28 11 26 490 2
261.691 74.353 358.769 29 11 26 490 2
261.691 74.353 358.769 30 11 26 490 2
240.413 46.563 325.425 1 12 26 569 3
240.413 46.563 325.425 2 12 26 569 3
240.413 46.563 325.425 3 12 26 569 3
240.413 46.563 325.425 4 12 26 569 3
240.413 46.563 325.425 5 12 26 569 3
240.413 46.563 325.425 6 12 26 569 3
240.413 46.563 325.425 7 12 26 569 3
240.413 46.563 325.425 8 12 26 569 3
240.413 46.563 325.425 9 12 26 569 3
240.413 46.563 325.425 10 12 26 569 3
240.413 46.563 325.425 11 12 26 569 3
240.413 46.563 325.425 12 12 26 569 3
240.413 46.563 325.425 13 12 26 569 3
240.413 46.563 325.425 14 12 26 569 3
101.807 52.241 339.281 15 12 26 586 4
101.807 52.241 339.281 16 12 26 586 4
101.807 52.241 339.281 17 12 26 586 4
101.807 52.241 339.281 18 12 26 586 4
101.807 52.241 339.281 19 12 26 586 4
101.807 52.241 339.281 20 12 26 586 4
101.807 52.241 339.281 21 12 26 586 4
101.807 52.241 339.281 22 12 26 586 4
101.807 52.241 339.281 23 12 26 586 4
101.807 52.241 339.281 24 12 26 586 4
101.807 52.241 339.281 25 12 26 586 4
101.807 52.241 339.281 26 12 26 586 4
101.807 52.241 339.281 27 12 26 586 4
101.807 52.241 339.281 28 12 26 586 4
101.807 52.241 339.281 29 12 26 586 4
101.807 52.241 339.281 30 12 26 586 4
240.413 46.563 325.425 1 13 26 569 3
240.413 46.563 325.425 2 13 26 569 3
240.413 46.563 325.425 3 13 26 569 3
240.413 46.563 325.425 4 13 26 569 3
240.413 46.563 325.425 5 13 26 569 3
240.413 46.563 325.425 6 13 26 569 3
240.413 46.563 325.425 7 13 26 569 3
240.413 46.563 325.425 8 13 26 569 3
240.413 46.563 325.425 9 13 26 569 3
240.413 46.563 325.425 10 13 26 569 3
240.413 46.563 325.425 11 13 26 569 3
101.807 52.241 339.281 12 13 26 586 4
101.807 52.241 339.281 13 13 26 586 4
101.807 52.241 339.281 14 13 26 586 4
101.807 52.241 339.281 15 13 26 586 4
101.807 52.241 339.281 16 13 26 586 4
101.807 52.241 339.281 17 13 26 586 4
101.807 52.241 339.281 18 13 26 586 4
101.807 52.241 339.281 19 13 26 586 4
101.807 52.241 339.281 20 13 26 586 4
101.807 52.241 339.281 21 13 26 586 4
101.807 52.241 339.281 22 13 26 586 4
101.807 52.241 339.281 23 13 26 586 4
101.807 52.241 339.281 24 13 26 586 4
101.807 52.241 339.281 25 13 26 586 4
101.807 52.241 339.281 26 13 26 586 4
101.807 52.241 339.281 27 13 26 586 4
101.807 52.241 339.281 28 13 26 586 4
101.807 52.241 339.281 29 13 26 586 4
101.807 52.241 339.281 30 13 26 586 4
240.413 46.563 325.425 1 14 26 569 3
36.702 146.072 102.839 2 14 26 602 1
36.702 146.072 102.839 3 14 26 602 1
240.413 46.563 325.425 4 14 26 569 3
240.413 46.563 325.425 5 14 26 569 3
240.413 46.563 325.425 6 14 26 569 3
240.413 46.563 325.425 7 14 26 569 3
240.413 46.563 325.425 8 14 26 569 3
101.807 52.241 339.281 9 14 26 586 4
101.807 52.241 339.281 10 14 26 586 4
101.807 52.241 339.281 11 14 26 586 4
101.807 52.241 339.281 12 14 26 586 4
101.807 52.241 339.281 13 14 26 586 4
101.807 52.241 339.281 14 14 26 586 4
101.807 52.241 339.281 15 14 26 586 4
101.807 52.241 339.281 16 14 26 586 4
101.807 52.241 339.281 17 14 26 586 4
101.807 52.241 339.281 18 14 26 586 4
101.807 52.241 339.281 19 14 26 586 4
101.807 52.241 339.281 20 14 26 586 4
101.807 52.241 339.281 21 14 26 586 4
101.807 52.241 339.281 22 14 26 586 4
101.807 52.241 339.281 23 14 26 586 4
101.807 52.241 339.281 24 14 26 586 4
101.807 52.241 339.281 25 14 26 586 4
101.807 52.241 339.281 26 14 26 586 4
101.807 52.241 339.281 27 14 26 586 4
101.807 52.241 339.281 28 14 26 586 4
101.807 52.241 339.281 29 14 26 586 4
101.807 52.241 339.281 30 14 26 586 4
36.702 146.072 102.839 1 15 26 602 1
36.702 146.072 102.839 2 15 26 602 1
36.702 146.072 102.839 3 15 26 602 1
240.413 46.563 325.425 4 15 26 569 3
101.807 52.241 339.281 5 15 26 586 4
101.807 52.241 339.281 6 15 26 586 4
101.807 52.241 339.281 7 15 26 586 4
101.807 52.241 339.281 8 15 26 586 4
101.807 52.241 339.281 9 15 26 586 4
101.807 52.241 339.281 10 15 26 586 4
101.807 52.241 339.281 11 15 26 586 4
101.807 52.241 339.281 12 15 26 586 4
101.807 52.241 339.281 13 15 26 586 4
101.807 52.241 339.281 14 15 26 586 4
101.807 52.241 339.281 15 15 26 586 4
101.807 52.241 339.281 16 15 26 586 4
101.807 52.241 339.281 17 15 26 586 4
101.807 52.241 339.281 18 15 26 586 4
101.807 52.241 339.281 19 15 26 586 4
101.807 52.241 339.281 20 15 26 586 4
101.807 52.241 339.281 21 15 26 586 4
101.807 52.241 339.281 22 15 26 586 4
101.807 52.241 339.281 23 15 26 586 4
101.807 52.241 339.281 24 15 26 586 4
101.807 52.241 339.281 25 15 26 586 4
101.807 52.241 339.281 26 15 26 586 4
101.807 52.241 339.281 27 15 26 586 4
101.807 52.241 339.281 28 15 26 586 4
101.807 52.241 339.281 29 15 26 586 4
101.807 52.241 339.281 30 15 26 586 4
36.702 146.072 102.839 1 16 26 602 1
111.209 65.998 308.533 2 16 26 44 1
36.702 146.072 102.839 3 16 26 602 1
101.807 52.241 339.281 4 16 26 586 4
101.807 52.241 339.281 5 16 26 586 4
101.807 52.241 339.281 6 16 26 586 4
101.807 52.241 339.281 7 16 26 586 4
101.807 52.241 339.281 8 16 26 586 4
101.807 52.241 339.281 9 16 26 586 4
101.807 52.241 339.281 10 16 26 586 4
101.807 52.241 339.281 11 16 26 586 4
101.807 52.241 339.281 12 16 26 586 4
101.807 52.241 339.281 13 16 26 586 4
101.807 52.241 339.281 14 16 26 586 4
101.807 52.241 339.281 15 16 26 586 4
101.807 52.241 339.281 16 16 26 586 4
101.807 52.241 339.281 17 16 26 586 4
101.807 52.241 339.281 18 16 26 586 4
101.807 52.241 339.281 19 16 26 586 4
101.807 52.241 339.281 20 16 26 586 4
101.807 52.241 339.281 21 16 26 586 4
101.807 52.241 339.281 22 16 26 586 4
101.807 52.241 339.281 23 16 26 586 4
101.807 52.241 339.281 24 16 26 586 4
101.807 52.241 339.281 25 16 26 586 4
101.807 52.241 339.281 26 16 26 586 4
101.807 52.241 339.281 27 16 26 586 4
101.807 52.241 339.281 28 16 26 586 4
101.807 52.241 339.281 29 16 26 586 4
101.807 52.241 339.281 30 16 26 586 4
36.702 146.072 102.839 1 17 26 602 1
36.702 146.072 102.839 2 17 26 602 1
36.702 146.072 102.839 3 17 26 602 1
101.807 52.241 339.281 4 17 26 586 4
206.110 96.856 253.439 5 17 26 232 1
101.807 52.241 339.281 6 17 26 586 4
101.807 52.241 339.281 7 17 26 586 4
101.807 52.241 339.281 8 17 26 586 4
101.807 52.241 339.281 9 17 26 586 4
101.807 52.241 339.281 10 17 26 586 4
101.807 52.241 339.281 11 17 26 586 4
101.807 52.241 339.281 12 17 26 586 4
101.807 52.241 339.281 13 17 26 586 4
101.807 52.241 339.281 14 17 26 586 4
101.807 52.241 339.281 15 17 26 586 4
101.807 52.241 339.281 16 17 26 586 4
101.807 52.241 339.281 17 17 26 586 4
101.807 52.241 339.281 18 17 26 586 4
101.807 52.241 339.281 19 17 26 586 4
101.807 52.241 339.281 20 17 26 586 4
101.807 52.241 339.281 21 17 26 586 4
101.807 52.241 339.281 22 17 26 586 4
101.807 52.241 339.281 23 17 26 586 4
101.807 52.241 339.281 24 17 26 586 4
101.807 52.241 339.281 25 17 26 586 4
101.807 52.241 339.281 26 17 26 586 4
101.807 52.241 339.281 27 17 26 586 4
101.807 52.241 339.281 28 17 26 586 4
101.807 52.241 339.281 29 17 26 586 4
101.807 52.241 339.281 30 17 26 586 4
36.702 146.072 102.839 1 18 26 602 1
36.702 146.072 102.839 2 18 26 602 1
101.807 52.241 339.281 3 18 26 586 4
101.807 52.241 339.281 4 18 26 586 4
101.807 52.241 339.281 5 18 26 586 4
101.807 52.241 339.281 6 18 26 586 4
101.807 52.241 339.281 7 18 26 586 4
101.807 52.241 339.281 8 18 26 586 4
101.807 52.241 339.281 9 18 26 586 4
101.807 52.241 339.281 10 18 26 586 4
101.807 52.241 339.281 11 18 26 586 4
101.807 52.241 339.281 12 18 26 586 4
101.807 52.241 339.281 13 18 26 586 4
101.807 52.241 339.281 14 18 26 586 4
101.807 52.241 339.281 15 18 26 586 4
101.807 52.241 339.281 16 18 26 586 4
101.807 52.241 339.281 17 18 26 586 4
101.807 52.241 339.281 18 18 26 586 4
101.807 52.241 339.281 19 18 26 586 4
101.807 52.241 339.281 20 18 26 586 4
101.807 52.241 339.281 21 18 26 586 4
101.807 52.241 339.281 22 18 26 586 4
101.807 52.241 339.281 23 18 26 586 4
101.807 52.241 339.281 24 18 26 586 4
101.807 52.241 339.281 25 18 26 586 4
101.807 52.241 339.281 26 18 26 586 4
101.807 52.241 339.281 27 18 26 586 4
101.807 52.241 339.281 28 18 26 586 4
101.807 52.241 339.281 29 18 26 586 4
101.807 52.241 339.281 30 18 26 586 4
101.807 52.241 339.281 1 19 26 586 4
101.807 52.241 339.281 2 19 26 586 4
101.807 52.241 339.281 3 19 26 586 4
101.807 52.241 339.281 4 19 26 586 4
101.807 52.241 339.281 5 19 26 586 4
101.807 52.241 339.281 6 19 26 586 4
101.807 52.241 339.281 7 19 26 586 4
101.807 52.241 339.281 8 19 26 586 4
101.807 52.241 339.281 9 19 26 586 4
101.807 52.241 339.281 10 19 26 586 4
101.807 52.241 339.281 11 19 26 586 4
101.807 52.241 339.281 12 19 26 586 4
101.807 52.241 339.281 13 19 26 586 4
101.807 52.241 339.281 14 19 26 586 4
101.807 52.241 339.281 15 19 26 586 4
101.807 52.241 339.281 16 19 26 586 4
101.807 52.241 339.281 17 19 26 586 4
101.807 52.241 339.281 18 19 26 586 4
101.807 52.241 339.281 19 19 26 586 4
101.807 52.241 339.281 20 19 26 586 4
101.807 52.241 339.281 21 19 26 586 4
101.807 52.241 339.281 22 19 26 586 4
101.807 52.241 339.281 23 19 26 586 4
101.807 52.241 339.281 24 19 26 586 4
101.807 52.241 339.281 25 19 26 586 4
101.807 52.241 339.281 26 19 26 586 4
101.807 52.241 339.281 27 19 26 586 4
101.807 52.241 339.281 28 19 26 586 4
101.807 52.241 339.281 29 19 26 586 4
233.357 114.208 79.573 30 19 26 467 2
101.807 52.241 339.281 1 20 26 586 4
101.807 52.241 339.281 2 20 26 586 4
101.807 52.241 339.281 3 20 26 586 4
101.807 52.241 339.281 4 20 26 586 4
101.807 52.241 339.281 5 20 26 586 4
101.807 52.241 339.281 6 20 26 586 4
101.807 52.241 339.281 7 20 26 586 4
101.807 52.241 339.281 8 20 26 586 4
101.807 52.241 339.281 9 20 26 586 4
101.807 52.241 339.281 10 20 26 586 4
101.807 52.241 339.281 11 20 26 586 4
101.807 52.241 339.281 12 20 26 586 4
101.807 52.241 339.281 13 20 26 586 4
101.807 52.241 339.281 14 20 26 586 4
101.807 52.241 339.281 15 20 26 586 4
101.807 52.241 339.281 16 20 26 586 4
101.807 52.241 339.281 17 20 26 586 4
101.807 52.241 339.281 18 20 26 586 4
101.807 52.241 339.281 19 20 26 586 4
101.807 52.241 339.281 20 20 26 586 4
101.807 52.241 339.281 21 20 26 586 4
101.807 52.241 339.281 22 20 26 586 4
101.807 52.241 339.281 23 20 26 586 4
101.807 52.241 339.281 24 20 26 586 4
101.807 52.241 339.281 25 20 26 586 4
101.807 52.241 339.281 26 20 26 586 4
101.807 52.241 339.281 27 20 26 586 4
288.889 23.978 275.726 28 20 26 46 1
288.889 23.978 275.726 29 20 26 46 1
288.889 23.978 275.726 30 20 26 46 1
101.807 52.241 339.281 1 21 26 586 4
101.807 52.241 339.281 2 21 26 586 4
101.807 52.241 339.281 3 21 26 586 4
101.807 52.241 339.281 4 21 26 586 4
101.807 52.241 339.281 5 21 26 586 4
101.807 52.241 339.281 6 21 26 586 4
101.807 52.241 339.281 7 21 26 586 4
101.807 52.241 339.281 8 21 26 586 4
101.807 52.241 339.281 9 21 26 586 4
101.807 52.241 339.281 10 21 26 586 4
101.807 52.241 339.281 11 21 26 586 4
101.807 52.241 339.281 12 21 26 586 4
101.807 52.241 339.281 13 21 26 586 4
101.807 52.241 339.281 14 21 26 586 4
101.807 52.241 339.281 15 21 26 586 4
101.807 52.241 339.281 16 21 26 586 4
101.807 52.241 339.281 17 21 26 586 4
101.807 52.241 339.281 18 21 26 586 4
101.807 52.241 339.281 19 21 26 586 4
101.807 52.241 339.281 20 21 26 586 4
101.807 52.241 339.281 21 21 26 586 4
101.807 52.241 339.281 22 21 26 586 4
101.807 52.241 339.281 23 21 26 586 4
101.807 52.241 339.281 24 21 26 586 4
101.807 52.241 339.281 25 21 26 586 4
101.807 52.241 339.281 26 21 26 586 4
288.889 23.978 275.726 27 21 26 46 1
288.889 23.978 275.726 28 21 26 46 1
288.889 23.978 275.726 29 21 26 46 1
288.889 23.978 275.726 30 21 26 46 1
101.807 52.241 339.281 1 22 26 586 4
101.807 52.241 339.281 2 22 26 586 4
101.807 52.241 339.281 3 22 26 586 4
101.807 52.241 339.281 4 22 26 586 4
101.807 52.241 339.281 5 22 26 586 4
101.807 52.241 339.281 6 22 26 586 4
101.807 52.241 339.281 7 22 26 586 4
101.807 52.241 339.281 8 22 26 586 4
101.807 52.241 339.281 9 22 26 586 4
101.807 52.241 339.281 10 22 26 586 4
101.807 52.241 339.281 11 22 26 586 4
101.807 52.241 339.281 12 22 26 586 4
101.807 52.241 339.281 13 22 26 586 4
101.807 52.241 339.281 14 22 26 586 4
101.807 52.241 339.281 15 22 26 586 4
101.807 52.241 339.281 16 22 26 586 4
101.807 52.241 339.281 17 22 26 586 4
101.807 52.241 339.281 18 22 26 586 4
101.807 52.241 339.281 19 22 26 586 4
101.807 52.241 339.281 20 22 26 586 4
101.807 52.241 339.281 21 22 26 586 4
101.807 52.241 339.281 22 22 26 586 4
101.807 52.241 339.281 23 22 26 586 4
101.807 52.241 339.281 24 22 26 586 4
101.807 52.241 339.281 25 22 26 586 4
288.889 23.978 275.726 26 22 26 46 1
288.889 23.978 275.726 27 22 26 46 1
288.889 23.978 275.726 28 22 26 46 1
288.889 23.978 275.726 29 22 26 46 1
288.889 23.978 275.726 30 22 26 46 1
101.807 52.241 339.281 1 23 26 586 4
101.807 52.241 339.281 2 23 26 586 4
101.807 52.241 339.281 3 23 26 586 4
101.807 52.241 339.281 4 23 26 586 4
101.807 52.241 339.281 5 23 26 586 4
101.807 52.241 339.281 6 23 26 586 4
101.807 52.241 339.281 7 23 26 586 4
101.807 52.241 339.281 8 23 26 586 4
101.807 52.241 339.281 9 23 26 586 4
101.807 52.241 339.281 10 23 26 586 4
101.807 52.241 339.281 11 23 26 586 4
101.807 52.241 339.281 12 23 26 586 4
101.807 52.241 339.281 13 23 26 586 4
101.807 52.241 339.281 14 23 26 586 4
101.807 52.241 339.281 15 23 26 586 4
297.225 87.360 53.477 16 23 26 583 4
297.225 87.360 53.477 17 23 26 583 4
297.225 87.360 53.477 18 23 26 583 4
297.225 87.360 53.477 19 23 26 583 4
297.225 87.360 53.477 20 23 26 583 4
101.807 52.241 339.281 21 23 26 586 4
101.807 52.241 339.281 22 23 26 586 4
169.684 148.511 358.556 23 23 26 307 1
169.684 148.511 358.556 24 23 26 307 1
169.684 148.511 358.556 25 23 26 307 1
288.889 23.978 275.726 26 23 26 46 1
288.889 23.978 275.726 27 23 26 46 1
288.889 23.978 275.726 28 23 26 46 1
288.889 23.978 275.726 29 23 26 46 1
49.076 129.144 176.895 30 23 26 358 1
101.807 52.241 339.281 1 24 26 586 4
101.807 52.241 339.281 2 24 26 586 4
101.807 52.241 339.281 3 24 26 586 4
101.807 52.241 339.281 4 24 26 586 4
101.807 52.241 339.281 5 24 26 586 4
101.807 52.241 339.281 6 24 26 586 4
101.807 52.241 339.281 7 24 26 586 4
101.807 52.241 339.281 8 24 26 586 4
101.807 52.241 339.281 9 24 26 586 4
101.807 52.241 339.281 10 24 26 586 4
101.807 52.241 339.281 11 24 26 586 4
101.807 52.241 339.281 12 24 26 586 4
297.225 87.360 53.477 13 24 26 583 4
297.225 87.360 53.477 14 24 26 583 4
297.225 87.360 53.477 15 24 26 583 4
297.225 87.360 53.477 16 24 26 583 4
297.225 87.360 53.477 17 24 26 583 4
297.225 87.360 53.477 18 24 26 583 4
297.225 87.360 53.477 19 24 26 583 4
297.225 87.360 53.477 20 24 26 583 4
297.225 87.360 53.477 21 24 26 583 4
297.225 87.360 53.477 22 24 26 583 4
169.684 148.511 358.556 23 24 26 307 1
169.684 148.511 358.556 24 24 26 307 1
169.684 148.511 358.556 25 24 26 307 1
288.889 23.978 275.726 26 24 26 46 1
288.889 23.978 275.726 27 24 26 46 1
288.889 23.978 275.726 28 24 26 46 1
205.715 16.334 46.784 29 24 26 468 2
49.076 129.144 176.895 30 24 26 358 1
161.846 75.361 189.042 1 25 26 584 4
161.846 75.361 189.042 2 25 26 584 4
161.846 75.361 189.042 3 25 26 584 4
161.846 75.361 189.042 4 25 26 584 4
161.846 75.361 189.042 5 25 26 584 4
161.846 75.361 189.042 6 25 26 584 4
161.846 75.361 189.042 7 25 26 584 4
161.846 75.361 189.042 8 25 26 584 4
101.807 52.241 339.281 9 25 26 586 4
321.082 111.721 69.379 10 25 26 580 4
321.082 111.721 69.379 11 25 26 580 4
297.225 87.360 53.477 12 25 26 583 4
297.225 87.360 53.477 13 25 26 583 4
297.225 87.360 53.477 14 25 26 583 4
297.225 87.360 53.477 15 25 26 583 4
297.225 87.360 53.477 16 25 26 583 4
297.225 87.360 53.477 17 25 26 583 4
297.225 87.360 53.477 18 25 26 583 4
297.225 87.360 53.477 19 25 26 583 4
297.225 87.360 53.477 20 25 26 583 4
297.225 87.360 53.477 21 25 26 583 4
297.225 87.360 53.477 22 25 26 583 4
169.684 148.511 358.556 23 25 26 307 1
169.684 148.511 358.556 24 25 26 307 1
169.684 148.511 358.556 25 25 26 307 1
169.684 148.511 358.556 26 25 26 307 1
229.683 62.829 181.627 27 25 26 621 2
229.683 62.829 181.627 28 25 26 621 2
229.683 62.829 181.627 29 25 26 621 2
49.076 129.144 176.895 30 25 26 358 1
161.846 75.361 189.042 1 26 26 584 4
161.846 75.361 189.042 2 26 26 584 4
161.846 75.361 189.042 3 26 26 584 4
161.846 75.361 189.042 4 26 26 584 4
161.846 75.361 189.042 5 26 26 584 4
161.846 75.361 189.042 6 26 26 584 4
161.846 75.361 189.042 7 26 26 584 4
161.846 75.361 189.042 8 26 26 584 4
161.846 75.361 189.042 9 26 26 584 4
321.082 111.721 69.379 10 26 26 580 4
321.082 111.721 69.379 11 26 26 580 4
297.225 87.360 53.477 12 26 26 583 4
297.225 87.360 53.477 13 26 26 583 4
297.225 87.360 53.477 14 26 26 583 4
297.225 87.360 53.477 15 26 26 583 4
297.225 87.360 53.477 16 26 26 583 4
297.225 87.360 53.477 17 26 26 583 4
297.225 87.360 53.477 18 26 26 583 4
297.225 87.360 53.477 19 26 26 583 4
297.225 87.360 53.477 20 26 26 583 4
297.225 87.360 53.477 21 26 26 583 4
42.848 71.315 314.413 22 26 26 144 1
169.684 148.511 358.556 23 26 26 307 1
169.684 148.511 358.556 24 26 26 307 1
169.684 148.511 358.556 25 26 26 307 1
169.684 148.511 358.556 26 26 26 307 1
229.683 62.829 181.627 27 26 26 621 2
101.536 86.857 232.744 28 26 26 272 1
229.683 62.829 181.627 29 26 26 621 2
229.683 62.829 181.627 30 26 26 621 2
161.846 75.361 189.042 1 27 26 584 4
161.846 75.361 189.042 2 27 26 584 4
161.846 75.361 189.042 3 27 26 584 4
161.846 75.361 189.042 4 27 26 584 4
161.846 75.361 189.042 5 27 26 584 4
161.846 75.361 189.042 6 27 26 584 4
161.846 75.361 189.042 7 27 26 584 4
161.846 75.361 189.042 8 27 26 584 4
161.846 75.361 189.042 9 27 26 584 4
321.082 111.721 69.379 10 27 26 580 4
321.082 111.721 69.379 11 27 26 580 4
321.082 111.721 69.379 12 27 26 580 4
297.225 87.360 53.477 13 27 26 583 4
297.225 87.360 53.477 14 27 26 583 4
297.225 87.360 53.477 15 27 26 583 4
297.225 87.360 53.477 16 27 26 583 4
297.225 87.360 53.477 17 27 26 583 4
297.225 87.360 53.477 18 27 26 583 4
297.225 87.360 53.477 19 27 26 583 4
297.225 87.360 53.477 20 27 26 583 4
297.225 87.360 53.477 21 27 26 583 4
42.848 71.315 314.413 22 27 26 144 1
42.848 71.315 314.413 23 27 26 144 1
169.684 148.511 358.556 24 27 26 307 1
169.684 148.511 358.556 25 27 26 307 1
229.683 62.829 181.627 26 27 26 621 2
229.683 62.829 181.627 27 27 26 621 2
229.683 62.829 181.627 28 27 26 621 2
229.683 62.829 181.627 29 27 26 621 2
229.683 62.829 181.627 30 27 26 621 2
161.846 75.361 189.042 1 28 26 584 4
161.846 75.361 189.042 2 28 26 584 4
161.846 75.361 189.042 3 28 26 584 4
161.846 75.361 189.042 4 28 26 584 4
161.846 75.361 189.042 5 28 26 584 4
161.846 75.361 189.042 6 28 26 584 4
161.846 75.361 189.042 7 28 26 584 4
161.846 75.361 189.042 8 28 26 584 4
161.846 75.361 189.042 9 28 26 584 4
321.082 111.721 69.379 10 28 26 580 4
321.082 111.721 69.379 11 28 26 580 4
321.082 111.721 69.379 12 28 26 580 4
321.082 111.721 69.379 13 28 26 580 4
297.225 87.360 53.477 14 28 26 583 4
297.225 87.360 53.477 15 28 26 583 4
297.225 87.360 53.477 16 28 26 583 4
297.225 87.360 53.477 17 28 26 583 4
297.225 87.360 53.477 18 28 26 583 4
297.225 87.360 53.477 19 28 26 583 4
297.225 87.360 53.477 20 28 26 583 4
59.733 116.074 338.988 21 28 26 481 2
59.733 116.074 338.988 22 28 26 481 2
59.733 116.074 338.988 23 28 26 481 2
49.129 142.698 272.220 24 28 26 343 1
229.683 62.829 181.627 25 28 26 621 2
229.683 62.829 181.627 26 28 26 621 2
229.683 62.829 181.627 27 28 26 621 2
229.683 62.829 181.627 28 28 26 621 2
229.683 62.829 181.627 29 28 26 621 2
146.651 119.010 207.929 30 28 26 270 1
161.846 75.361 189.042 1 29 26 584 4
161.846 75.361 189.042 2 29 26 584 4
161.846 75.361 189.042 3 29 26 584 4
161.846 75.361 189.042 4 29 26 584 4
161.846 75.361 189.042 5 29 26 584 4
161.846 75.361 189.042 6 29 26 584 4
161.846 75.361 189.042 7 29 26 584 4
161.846 75.361 189.042 8 29 26 584 4
161.846 75.361 189.042 9 29 26 584 4
321.082 111.721 69.379 10 29 26 580 4
321.082 111.721 69.379 11 29 26 580 4
321.082 111.721 69.379 12 29 26 580 4
321.082 111.721 69.379 13 29 26 580 4
297.225 87.360 53.477 14 29 26 583 4
335.710 32.312 87.770 15 29 26 544 2
297.225 87.360 53.477 16 29 26 583 4
297.225 87.360 53.477 17 29 26 583 4
297.225 87.360 53.477 18 29 26 583 4
297.225 87.360 53.477 19 29 26 583 4
59.733 116.074 338.988 20 29 26 481 2
59.733 116.074 338.988 21 29 26 481 2
59.733 116.074 338.988 22 29 26 481 2
59.733 116.074 338.988 23 29 26 481 2
55.839 134.933 102.563 24 29 26 404 1
229.683 62.829 181.627 25 29 26 621 2
229.683 62.829 181.627 26 29 26 621 2
229.683 62.829 181.627 27 29 26 621 2
229.683 62.829 181.627 28 29 26 621 2
229.683 62.829 181.627 29 29 26 621 2
229.683 62.829 181.627 30 29 26 621 2
161.846 75.361 189.042 1 30 26 584 4
161.846 75.361 189.042 2 30 26 584 4
161.846 75.361 189.042 3 30 26 584 4
161.846 75.361 189.042 4 30 26 584 4
161.846 75.361 189.042 5 30 26 584 4
161.846 75.361 189.042 6 30 26 584 4
161.846 75.361 189.042 7 30 26 584 4
161.846 75.361 189.042 8 30 26 584 4
161.846 75.361 189.042 9 30 26 584 4
161.846 75.361 189.042 10 30 26 584 4
321.082 111.721 69.379 11 30 26 580 4
95.387 56.208 51.619 12 30 26 61 1
321.082 111.721 69.379 13 30 26 580 4
321.082 111.721 69.379 14 30 26 580 4
297.225 87.360 53.477 15 30 26 583 4
297.225 87.360 53.477 16 30 26 583 4
297.225 87.360 53.477 17 30 26 583 4
297.225 87.360 53.477 18 30 26 583 4
297.225 87.360 53.477 19 30 26 583 4
59.733 116.074 338.988 20 30 26 481 2
59.733 116.074 338.988 21 30 26 481 2
59.733 116.074 338.988 22 30 26 481 2
59.733 116.074 338.988 23 30 26 481 2
55.839 134.933 102.563 24 30 26 404 1
55.839 134.933 102.563 25 30 26 404 1
229.683 62.829 181.627 26 30 26 621 2
229.683 62.829 181.627 27 30 26 621 2
229.683 62.829 181.627 28 30 26 621 2
229.683 62.829 181.627 29 30 26 621 2
180.838 108.404 3.507 30 30 26 509 2
