333.562 100.457 264.474 1 1 7 362 1
333.562 100.457 264.474 2 1 7 362 1
333.562 100.457 264.474 3 1 7 362 1
174.672 119.185 167.066 4 1 7 392 1
240.413 46.563 325.425 5 1 7 569 3
240.413 46.563 325.425 6 1 7 569 3
240.413 46.563 325.425 7 1 7 569 3
240.413 46.563 325.425 8 1 7 569 3
240.413 46.563 325.425 9 1 7 569 3
240.413 46.563 325.425 10 1 7 569 3
240.413 46.563 325.425 11 1 7 569 3
240.413 46.563 325.425 12 1 7 569 3
240.413 46.563 325.425 13 1 7 569 3
240.413 46.563 325.425 14 1 7 569 3
240.413 46.563 325.425 15 1 7 569 3
240.413 46.563 325.425 16 1 7 569 3
240.413 46.563 325.425 17 1 7 569 3
240.413 46.563 325.425 18 1 7 569 3
240.413 46.563 325.425 19 1 7 569 3
240.413 46.563 325.425 20 1 7 569 3
240.413 46.563 325.425 21 1 7 569 3
240.413 46.563 325.425 22 1 7 569 3
240.413 46.563 325.425 23 1 7 569 3
240.413 46.563 325.425 24 1 7 569 3
240.413 46.563 325.425 25 1 7 569 3
240.413 46.563 325.425 26 1 7 569 3
240.413 46.563 325.425 27 1 7 569 3
240.413 46.563 325.425 28 1 7 569 3
240.413 46.563 325.425 29 1 7 569 3
240.413 46.563 325.425 30 1 7 569 3
333.562 100.457 264.474 1 2 7 362 1
333.562 100.457 264.474 2 2 7 362 1
333.562 100.457 264.474 3 2 7 362 1
174.672 119.185 167.066 4 2 7 392 1
102.525 78.412 271.285 5 2 7 87 1
102.525 78.412 271.285 6 2 7 87 1
240.413 46.563 325.425 7 2 7 569 3
240.413 46.563 325.425 8 2 7 569 3
240.413 46.563 325.425 9 2 7 569 3
240.413 46.563 325.425 10 2 7 569 3
240.413 46.563 325.425 11 2 7 569 3
240.413 46.563 325.425 12 2 7 569 3
240.413 46.563 325.425 13 2 7 569 3
240.413 46.563 325.425 14 2 7 569 3
240.413 46.563 325.425 15 2 7 569 3
240.413 46.563 325.425 16 2 7 569 3
240.413 46.563 325.425 17 2 7 569 3
240.413 46.563 325.425 18 2 7 569 3
240.413 46.563 325.425 19 2 7 569 3
240.413 46.563 325.425 20 2 7 569 3
240.413 46.563 325.425 21 2 7 569 3
240.413 46.563 325.425 22 2 7 569 3
351.069 144.252 1.432 23 2 7 591 1
240.413 46.563 325.425 24 2 7 569 3
240.413 46.563 325.425 25 2 7 569 3
240.413 46.563 325.425 26 2 7 569 3
240.413 46.563 325.425 27 2 7 569 3
343.522 85.494 3.255 28 2 7 225 1
240.413 46.563 325.425 29 2 7 569 3
240.413 46.563 325.425 30 2 7 569 3
333.562 100.457 264.474 1 3 7 362 1
333.562 100.457 264.474 2 3 7 362 1
333.562 100.457 264.474 3 3 7 362 1
240.413 46.563 325.425 4 3 7 569 3
240.413 46.563 325.425 5 3 7 569 3
240.413 46.563 325.425 6 3 7 569 3
240.413 46.563 325.425 7 3 7 569 3
240.413 46.563 325.425 8 3 7 569 3
240.413 46.563 325.425 9 3 7 569 3
240.413 46.563 325.425 10 3 7 569 3
240.413 46.563 325.425 11 3 7 569 3
240.413 46.563 325.425 12 3 7 569 3
240.413 46.563 325.425 13 3 7 569 3
240.413 46.563 325.425 14 3 7 569 3
240.413 46.563 325.425 15 3 7 569 3
240.413 46.563 325.425 16 3 7 569 3
240.413 46.563 325.425 17 3 7 569 3
240.413 46.563 325.425 18 3 7 569 3
240.413 46.563 325.425 19 3 7 569 3
240.413 46.563 325.425 20 3 7 569 3
240.413 46.563 325.425 21 3 7 569 3
240.413 46.563 325.425 22 3 7 569 3
240.413 46.563 325.425 23 3 7 569 3
240.413 46.563 325.425 24 3 7 569 3
240.413 46.563 325.425 25 3 7 569 3
240.413 46.563 325.425 26 3 7 569 3
240.413 46.563 325.425 27 3 7 569 3
208.742 26.952 250.188 28 3 7 397 1
240.413 46.563 325.425 29 3 7 569 3
240.413 46.563 325.425 30 3 7 569 3
333.562 100.457 264.474 1 4 7 362 1
79.361 141.072 221.096 2 4 7 403 1
79.361 141.072 221.096 3 4 7 403 1
240.413 46.563 325.425 4 4 7 569 3
240.413 46.563 325.425 5 4 7 569 3
240.413 46.563 325.425 6 4 7 569 3
240.413 46.563 325.425 7 4 7 569 3
240.413 46.563 325.425 8 4 7 569 3
240.413 46.563 325.425 9 4 7 569 3
240.413 46.563 325.425 10 4 7 569 3
240.413 46.563 325.425 11 4 7 569 3
240.413 46.563 325.425 12 4 7 569 3
240.413 46.563 325.425 13 4 7 569 3
240.413 46.563 325.425 14 4 7 569 3
240.413 46.563 325.425 15 4 7 569 3
240.413 46.563 325.425 16 4 7 569 3
240.413 46.563 325.425 17 4 7 569 3
240.413 46.563 325.425 18 4 7 569 3
240.413 46.563 325.425 19 4 7 569 3
240.413 46.563 325.425 20 4 7 569 3
240.413 46.563 325.425 21 4 7 569 3
240.413 46.563 325.425 22 4 7 569 3
240.413 46.563 325.425 23 4 7 569 3
240.413 46.563 325.425 24 4 7 569 3
240.413 46.563 325.425 25 4 7 569 3
240.413 46.563 325.425 26 4 7 569 3
240.413 46.563 325.425 27 4 7 569 3
240.413 46.563 325.425 28 4 7 569 3
240.413 46.563 325.425 29 4 7 569 3
240.413 46.563 325.425 30 4 7 569 3
333.562 100.457 264.474 1 5 7 362 1
79.361 141.072 221.096 2 5 7 403 1
79.361 141.072 221.096 3 5 7 403 1
331.429 44.352 193.744 4 5 7 261 1
240.413 46.563 325.425 5 5 7 569 3
240.413 46.563 325.425 6 5 7 569 3
240.413 46.563 325.425 7 5 7 569 3
240.413 46.563 325.425 8 5 7 569 3
240.413 46.563 325.425 9 5 7 569 3
240.413 46.563 325.425 10 5 7 569 3
240.413 46.563 325.425 11 5 7 569 3
240.413 46.563 325.425 12 5 7 569 3
240.413 46.563 325.425 13 5 7 569 3
240.413 46.563 325.425 14 5 7 569 3
240.413 46.563 325.425 15 5 7 569 3
240.413 46.563 325.425 16 5 7 569 3
240.413 46.563 325.425 17 5 7 569 3
240.413 46.563 325.425 18 5 7 569 3
240.413 46.563 325.425 19 5 7 569 3
240.413 46.563 325.425 20 5 7 569 3
240.413 46.563 325.425 21 5 7 569 3
240.413 46.563 325.425 22 5 7 569 3
240.413 46.563 325.425 23 5 7 569 3
240.413 46.563 325.425 24 5 7 569 3
240.413 46.563 325.425 25 5 7 569 3
240.413 46.563 325.425 26 5 7 569 3
240.413 46.563 325.425 27 5 7 569 3
240.413 46.563 325.425 28 5 7 569 3
240.413 46.563 325.425 29 5 7 569 3
240.413 46.563 325.425 30 5 7 569 3
20.195 20.846 321.525 1 6 7 312 1
20.195 20.846 321.525 2 6 7 312 1
334.972 27.370 146.776 3 6 7 415 1
334.972 27.370 146.776 4 6 7 415 1
240.413 46.563 325.425 5 6 7 569 3
240.413 46.563 325.425 6 6 7 569 3
240.413 46.563 325.425 7 6 7 569 3
240.413 46.563 325.425 8 6 7 569 3
240.413 46.563 325.425 9 6 7 569 3
240.413 46.563 325.425 10 6 7 569 3
240.413 46.563 325.425 11 6 7 569 3
240.413 46.563 325.425 12 6 7 569 3
240.413 46.563 325.425 13 6 7 569 3
240.413 46.563 325.425 14 6 7 569 3
240.413 46.563 325.425 15 6 7 569 3
240.413 46.563 325.425 16 6 7 569 3
240.413 46.563 325.425 17 6 7 569 3
240.413 46.563 325.425 18 6 7 569 3
240.413 46.563 325.425 19 6 7 569 3
240.413 46.563 325.425 20 6 7 569 3
240.413 46.563 325.425 21 6 7 569 3
240.413 46.563 325.425 22 6 7 569 3
240.413 46.563 325.425 23 6 7 569 3
240.413 46.563 325.425 24 6 7 569 3
240.413 46.563 325.425 25 6 7 569 3
240.413 46.563 325.425 26 6 7 569 3
240.413 46.563 325.425 27 6 7 569 3
240.413 46.563 325.425 28 6 7 569 3
240.413 46.563 325.425 29 6 7 569 3
240.413 46.563 325.425 30 6 7 569 3
38.553 161.159 61.399 1 7 7 571 4
20.195 20.846 321.525 2 7 7 312 1
334.972 27.370 146.776 3 7 7 415 1
334.972 27.370 146.776 4 7 7 415 1
240.413 46.563 325.425 5 7 7 569 3
240.413 46.563 325.425 6 7 7 569 3
240.413 46.563 325.425 7 7 7 569 3
240.413 46.563 325.425 8 7 7 569 3
240.413 46.563 325.425 9 7 7 569 3
240.413 46.563 325.425 10 7 7 569 3
240.413 46.563 325.425 11 7 7 569 3
240.413 46.563 325.425 12 7 7 569 3
240.413 46.563 325.425 13 7 7 569 3
240.413 46.563 325.425 14 7 7 569 3
240.413 46.563 325.425 15 7 7 569 3
240.413 46.563 325.425 16 7 7 569 3
264.712 159.915 187.940 17 7 7 549 2
240.413 46.563 325.425 18 7 7 569 3
240.413 46.563 325.425 19 7 7 569 3
240.413 46.563 325.425 20 7 7 569 3
240.413 46.563 325.425 21 7 7 569 3
240.413 46.563 325.425 22 7 7 569 3
240.413 46.563 325.425 23 7 7 569 3
240.413 46.563 325.425 24 7 7 569 3
240.413 46.563 325.425 25 7 7 569 3
240.413 46.563 325.425 26 7 7 569 3
240.413 46.563 325.425 27 7 7 569 3
240.413 46.563 325.425 28 7 7 569 3
240.413 46.563 325.425 29 7 7 569 3
240.413 46.563 325.425 30 7 7 569 3
38.553 161.159 61.399 1 8 7 571 4
38.553 161.159 61.399 2 8 7 571 4
38.553 161.159 61.399 3 8 7 571 4
240.413 46.563 325.425 4 8 7 569 3
240.413 46.563 325.425 5 8 7 569 3
240.413 46.563 325.425 6 8 7 569 3
240.413 46.563 325.425 7 8 7 569 3
240.413 46.563 325.425 8 8 7 569 3
240.413 46.563 325.425 9 8 7 569 3
240.413 46.563 325.425 10 8 7 569 3
240.413 46.563 325.425 11 8 7 569 3
240.413 46.563 325.425 12 8 7 569 3
240.413 46.563 325.425 13 8 7 569 3
240.413 46.563 325.425 14 8 7 569 3
240.413 46.563 325.425 15 8 7 569 3
240.413 46.563 325.425 16 8 7 569 3
240.413 46.563 325.425 17 8 7 569 3
240.413 46.563 325.425 18 8 7 569 3
240.413 46.563 325.425 19 8 7 569 3
240.413 46.563 325.425 20 8 7 569 3
240.413 46.563 325.425 21 8 7 569 3
240.413 46.563 325.425 22 8 7 569 3
240.413 46.563 325.425 23 8 7 569 3
240.413 46.563 325.425 24 8 7 569 3
240.413 46.563 325.425 25 8 7 569 3
240.413 46.563 325.425 26 8 7 569 3
240.413 46.563 325.425 27 8 7 569 3
240.413 46.563 325.425 28 8 7 569 3
240.413 46.563 325.425 29 8 7 569 3
240.413 46.563 325.425 30 8 7 569 3
38.553 161.159 61.399 1 9 7 571 4
38.553 161.159 61.399 2 9 7 571 4
38.553 161.159 61.399 3 9 7 571 4
38.553 161.159 61.399 4 9 7 571 4
38.553 161.159 61.399 5 9 7 571 4
240.413 46.563 325.425 6 9 7 569 3
240.413 46.563 325.425 7 9 7 569 3
240.413 46.563 325.425 8 9 7 569 3
240.413 46.563 325.425 9 9 7 569 3
210.750 125.308 310.374 10 9 7 483 2
240.413 46.563 325.425 11 9 7 569 3
240.413 46.563 325.425 12 9 7 569 3
240.413 46.563 325.425 13 9 7 569 3
240.413 46.563 325.425 14 9 7 569 3
240.413 46.563 325.425 15 9 7 569 3
240.413 46.563 325.425 16 9 7 569 3
240.413 46.563 325.425 17 9 7 569 3
240.413 46.563 325.425 18 9 7 569 3
240.413 46.563 325.425 19 9 7 569 3
240.413 46.563 325.425 20 9 7 569 3
240.413 46.563 325.425 21 9 7 569 3
240.413 46.563 325.425 22 9 7 569 3
240.413 46.563 325.425 23 9 7 569 3
240.413 46.563 325.425 24 9 7 569 3
240.413 46.563 325.425 25 9 7 569 3
240.413 46.563 325.425 26 9 7 569 3
240.413 46.563 325.425 27 9 7 569 3
21.151 96.101 213.949 28 9 7 396 1
240.413 46.563 325.425 29 9 7 569 3
240.413 46.563 325.425 30 9 7 569 3
38.553 161.159 61.399 1 10 7 571 4
38.553 161.159 61.399 2 10 7 571 4
38.553 161.159 61.399 3 10 7 571 4
38.553 161.159 61.399 4 10 7 571 4
38.553 161.159 61.399 5 10 7 571 4
38.553 161.159 61.399 6 10 7 571 4
240.413 46.563 325.425 7 10 7 569 3
240.413 46.563 325.425 8 10 7 569 3
240.413 46.563 325.425 9 10 7 569 3
240.413 46.563 325.425 10 10 7 569 3
240.413 46.563 325.425 11 10 7 569 3
240.413 46.563 325.425 12 10 7 569 3
258.153 74.759 229.472 13 10 7 614 1
240.413 46.563 325.425 14 10 7 569 3
240.413 46.563 325.425 15 10 7 569 3
240.413 46.563 325.425 16 10 7 569 3
240.413 46.563 325.425 17 10 7 569 3
240.413 46.563 325.425 18 10 7 569 3
240.413 46.563 325.425 19 10 7 569 3
240.413 46.563 325.425 20 10 7 569 3
240.413 46.563 325.425 21 10 7 569 3
240.413 46.563 325.425 22 10 7 569 3
240.413 46.563 325.425 23 10 7 569 3
240.413 46.563 325.425 24 10 7 569 3
240.413 46.563 325.425 25 10 7 569 3
240.413 46.563 325.425 26 10 7 569 3
240.413 46.563 325.425 27 10 7 569 3
21.151 96.101 213.949 28 10 7 396 1
240.413 46.563 325.425 29 10 7 569 3
240.413 46.563 325.425 30 10 7 569 3
38.553 161.159 61.399 1 11 7 571 4
38.553 161.159 61.399 2 11 7 571 4
38.553 161.159 61.399 3 11 7 571 4
38.553 161.159 61.399 4 11 7 571 4
38.553 161.159 61.399 5 11 7 571 4
38.553 161.159 61.399 6 11 7 571 4
38.553 161.159 61.399 7 11 7 571 4
240.413 46.563 325.425 8 11 7 569 3
240.413 46.563 325.425 9 11 7 569 3
240.413 46.563 325.425 10 11 7 569 3
240.413 46.563 325.425 11 11 7 569 3
240.413 46.563 325.425 12 11 7 569 3
240.413 46.563 325.425 13 11 7 569 3
240.413 46.563 325.425 14 11 7 569 3
240.413 46.563 325.425 15 11 7 569 3
240.413 46.563 325.425 16 11 7 569 3
240.413 46.563 325.425 17 11 7 569 3
240.413 46.563 325.425 18 11 7 569 3
240.413 46.563 325.425 19 11 7 569 3
240.413 46.563 325.425 20 11 7 569 3
240.413 46.563 325.425 21 11 7 569 3
240.413 46.563 325.425 22 11 7 569 3
240.413 46.563 325.425 23 11 7 569 3
240.413 46.563 325.425 24 11 7 569 3
240.413 46.563 325.425 25 11 7 569 3
240.413 46.563 325.425 26 11 7 569 3
240.413 46.563 325.425 27 11 7 569 3
240.413 46.563 325.425 28 11 7 569 3
240.413 46.563 325.425 29 11 7 569 3
240.413 46.563 325.425 30 11 7 569 3
38.553 161.159 61.399 1 12 7 571 4
38.553 161.159 61.399 2 12 7 571 4
38.553 161.159 61.399 3 12 7 571 4
38.553 161.159 61.399 4 12 7 571 4
38.553 161.159 61.399 5 12 7 571 4
38.553 161.159 61.399 6 12 7 571 4
38.553 161.159 61.399 7 12 7 571 4
38.553 161.159 61.399 8 12 7 571 4
240.413 46.563 325.425 9 12 7 569 3
240.413 46.563 325.425 10 12 7 569 3
240.413 46.563 325.425 11 12 7 569 3
240.413 46.563 325.425 12 12 7 569 3
240.413 46.563 325.425 13 12 7 569 3
240.413 46.563 325.425 14 12 7 569 3
240.413 46.563 325.425 15 12 7 569 3
240.413 46.563 325.425 16 12 7 569 3
240.413 46.563 325.425 17 12 7 569 3
240.413 46.563 325.425 18 12 7 569 3
240.413 46.563 325.425 19 12 7 569 3
240.413 46.563 325.425 20 12 7 569 3
240.413 46.563 325.425 21 12 7 569 3
240.413 46.563 325.425 22 12 7 569 3
240.413 46.563 325.425 23 12 7 569 3
240.413 46.563 325.425 24 12 7 569 3
240.413 46.563 325.425 25 12 7 569 3
240.413 46.563 325.425 26 12 7 569 3
240.413 46.563 325.425 27 12 7 569 3
240.413 46.563 325.425 28 12 7 569 3
240.413 46.563 325.425 29 12 7 569 3
240.413 46.563 325.425 30 12 7 569 3
38.553 161.159 61.399 1 13 7 571 4
38.553 161.159 61.399 2 13 7 571 4
38.553 161.159 61.399 3 13 7 571 4
38.553 161.159 61.399 4 13 7 571 4
38.553 161.159 61.399 5 13 7 571 4
38.553 161.159 61.399 6 13 7 571 4
38.553 161.159 61.399 7 13 7 571 4
38.553 161.159 61.399 8 13 7 571 4
38.553 161.159 61.399 9 13 7 571 4
38.553 161.159 61.399 10 13 7 571 4
240.413 46.563 325.425 11 13 7 569 3
240.413 46.563 325.425 12 13 7 569 3
240.413 46.563 325.425 13 13 7 569 3
240.413 46.563 325.425 14 13 7 569 3
240.413 46.563 325.425 15 13 7 569 3
240.413 46.563 325.425 16 13 7 569 3
240.413 46.563 325.425 17 13 7 569 3
240.413 46.563 325.425 18 13 7 569 3
240.413 46.563 325.425 19 13 7 569 3
240.413 46.563 325.425 20 13 7 569 3
240.413 46.563 325.425 21 13 7 569 3
240.413 46.563 325.425 22 13 7 569 3
240.413 46.563 325.425 23 13 7 569 3
240.413 46.563 325.425 24 13 7 569 3
240.413 46.563 325.425 25 13 7 569 3
240.413 46.563 325.425 26 13 7 569 3
240.413 46.563 325.425 27 13 7 569 3
240.413 46.563 325.425 28 13 7 569 3
240.413 46.563 325.425 29 13 7 569 3
240.413 46.563 325.425 30 13 7 569 3
38.553 161.159 61.399 1 14 7 571 4
38.553 161.159 61.399 2 14 7 571 4
38.553 161.159 61.399 3 14 7 571 4
38.553 161.159 61.399 4 14 7 571 4
38.553 161.159 61.399 5 14 7 571 4
38.553 161.159 61.399 6 14 7 571 4
38.553 161.159 61.399 7 14 7 571 4
38.553 161.159 61.399 8 14 7 571 4
38.553 161.159 61.399 9 14 7 571 4
38.553 161.159 61.399 10 14 7 571 4
38.553 161.159 61.399 11 14 7 571 4
240.413 46.563 325.425 12 14 7 569 3
240.413 46.563 325.425 13 14 7 569 3
240.413 46.563 325.425 14 14 7 569 3
240.413 46.563 325.425 15 14 7 569 3
240.413 46.563 325.425 16 14 7 569 3
240.413 46.563 325.425 17 14 7 569 3
240.413 46.563 325.425 18 14 7 569 3
240.413 46.563 325.425 19 14 7 569 3
240.413 46.563 325.425 20 14 7 569 3
240.413 46.563 325.425 21 14 7 569 3
240.413 46.563 325.425 22 14 7 569 3
240.413 46.563 325.425 23 14 7 569 3
240.413 46.563 325.425 24 14 7 569 3
240.413 46.563 325.425 25 14 7 569 3
240.413 46.563 325.425 26 14 7 569 3
240.413 46.563 325.425 27 14 7 569 3
240.413 46.563 325.425 28 14 7 569 3
109.264 47.311 275.714 29 14 7 30 1
359.392 81.007 259.773 30 14 7 576 4
38.553 161.159 61.399 1 15 7 571 4
268.906 155.900 246.770 2 15 7 122 1
38.553 161.159 61.399 3 15 7 571 4
38.553 161.159 61.399 4 15 7 571 4
38.553 161.159 61.399 5 15 7 571 4
38.553 161.159 61.399 6 15 7 571 4
38.553 161.159 61.399 7 15 7 571 4
38.553 161.159 61.399 8 15 7 571 4
38.553 161.159 61.399 9 15 7 571 4
38.553 161.159 61.399 10 15 7 571 4
38.553 161.159 61.399 11 15 7 571 4
240.413 46.563 325.425 12 15 7 569 3
240.413 46.563 325.425 13 15 7 569 3
240.413 46.563 325.425 14 15 7 569 3
65.562 39.568 293.043 15 15 7 455 1
65.562 39.568 293.043 16 15 7 455 1
65.562 39.568 293.043 17 15 7 455 1
240.413 46.563 325.425 18 15 7 569 3
240.413 46.563 325.425 19 15 7 569 3
240.413 46.563 325.425 20 15 7 569 3
240.413 46.563 325.425 21 15 7 569 3
240.413 46.563 325.425 22 15 7 569 3
38.171 83.275 18.576 23 15 7 138 1
38.171 83.275 18.576 24 15 7 138 1
38.171 83.275 18.576 25 15 7 138 1
38.171 83.275 18.576 26 15 7 138 1
38.171 83.275 18.576 27 15 7 138 1
240.413 46.563 325.425 28 15 7 569 3
359.392 81.007 259.773 29 15 7 576 4
359.392 81.007 259.773 30 15 7 576 4
38.553 161.159 61.399 1 16 7 571 4
268.906 155.900 246.770 2 16 7 122 1
38.553 161.159 61.399 3 16 7 571 4
38.553 161.159 61.399 4 16 7 571 4
38.553 161.159 61.399 5 16 7 571 4
38.553 161.159 61.399 6 16 7 571 4
38.553 161.159 61.399 7 16 7 571 4
334.269 118.685 241.723 8 16 7 191 1
38.553 161.159 61.399 9 16 7 571 4
38.553 161.159 61.399 10 16 7 571 4
38.553 161.159 61.399 11 16 7 571 4
269.170 147.308 14.506 12 16 7 436 1
240.413 46.563 325.425 13 16 7 569 3
240.413 46.563 325.425 14 16 7 569 3
65.562 39.568 293.043 15 16 7 455 1
65.562 39.568 293.043 16 16 7 455 1
65.562 39.568 293.043 17 16 7 455 1
240.413 46.563 325.425 18 16 7 569 3
240.413 46.563 325.425 19 16 7 569 3
240.413 46.563 325.425 20 16 7 569 3
240.413 46.563 325.425 21 16 7 569 3
38.171 83.275 18.576 22 16 7 138 1
38.171 83.275 18.576 23 16 7 138 1
38.171 83.275 18.576 24 16 7 138 1
38.171 83.275 18.576 25 16 7 138 1
38.171 83.275 18.576 26 16 7 138 1
359.392 81.007 259.773 27 16 7 576 4
359.392 81.007 259.773 28 16 7 576 4
359.392 81.007 259.773 29 16 7 576 4
359.392 81.007 259.773 30 16 7 576 4
38.553 161.159 61.399 1 17 7 571 4
38.553 161.159 61.399 2 17 7 571 4
38.553 161.159 61.399 3 17 7 571 4
38.553 161.159 61.399 4 17 7 571 4
38.553 161.159 61.399 5 17 7 571 4
38.553 161.159 61.399 6 17 7 571 4
38.553 161.159 61.399 7 17 7 571 4
38.553 161.159 61.399 8 17 7 571 4
38.553 161.159 61.399 9 17 7 571 4
38.553 161.159 61.399 10 17 7 571 4
38.553 161.159 61.399 11 17 7 571 4
38.553 161.159 61.399 12 17 7 571 4
38.553 161.159 61.399 13 17 7 571 4
240.413 46.563 325.425 14 17 7 569 3
65.562 39.568 293.043 15 17 7 455 1
65.562 39.568 293.043 16 17 7 455 1
65.562 39.568 293.043 17 17 7 455 1
240.413 46.563 325.425 18 17 7 569 3
240.413 46.563 325.425 19 17 7 569 3
240.413 46.563 325.425 20 17 7 569 3
240.413 46.563 325.425 21 17 7 569 3
38.171 83.275 18.576 22 17 7 138 1
38.171 83.275 18.576 23 17 7 138 1
38.171 83.275 18.576 24 17 7 138 1
38.171 83.275 18.576 25 17 7 138 1
359.392 81.007 259.773 26 17 7 576 4
359.392 81.007 259.773 27 17 7 576 4
359.392 81.007 259.773 28 17 7 576 4
359.392 81.007 259.773 29 17 7 576 4
359.392 81.007 259.773 30 17 7 576 4
38.553 161.159 61.399 1 18 7 571 4
38.553 161.159 61.399 2 18 7 571 4
38.553 161.159 61.399 3 18 7 571 4
38.553 161.159 61.399 4 18 7 571 4
38.553 161.159 61.399 5 18 7 571 4
38.553 161.159 61.399 6 18 7 571 4
38.553 161.159 61.399 7 18 7 571 4
38.553 161.159 61.399 8 18 7 571 4
38.553 161.159 61.399 9 18 7 571 4
38.553 161.159 61.399 10 18 7 571 4
38.553 161.159 61.399 11 18 7 571 4
38.553 161.159 61.399 12 18 7 571 4
38.553 161.159 61.399 13 18 7 571 4
355.395 144.881 306.395 14 18 7 570 4
65.562 39.568 293.043 15 18 7 455 1
65.562 39.568 293.043 16 18 7 455 1
65.562 39.568 293.043 17 18 7 455 1
190.388 107.760 281.164 18 18 7 519 2
240.413 46.563 325.425 19 18 7 569 3
240.413 46.563 325.425 20 18 7 569 3
168.000 118.190 82.347 21 18 7 573 4
168.000 118.190 82.347 22 18 7 573 4
168.000 118.190 82.347 23 18 7 573 4
168.000 118.190 82.347 24 18 7 573 4
359.392 81.007 259.773 25 18 7 576 4
359.392 81.007 259.773 26 18 7 576 4
359.392 81.007 259.773 27 18 7 576 4
359.392 81.007 259.773 28 18 7 576 4
359.392 81.007 259.773 29 18 7 576 4
359.392 81.007 259.773 30 18 7 576 4
38.553 161.159 61.399 1 19 7 571 4
38.553 161.159 61.399 2 19 7 571 4
38.553 161.159 61.399 3 19 7 571 4
38.553 161.159 61.399 4 19 7 571 4
38.553 161.159 61.399 5 19 7 571 4
38.553 161.159 61.399 6 19 7 571 4
38.553 161.159 61.399 7 19 7 571 4
38.553 161.159 61.399 8 19 7 571 4
38.553 161.159 61.399 9 19 7 571 4
299.081 123.450 43.721 10 19 7 606 1
38.553 161.159 61.399 11 19 7 571 4
355.395 144.881 306.395 12 19 7 570 4
355.395 144.881 306.395 13 19 7 570 4
355.395 144.881 306.395 14 19 7 570 4
355.395 144.881 306.395 15 19 7 570 4
355.395 144.881 306.395 16 19 7 570 4
355.395 144.881 306.395 17 19 7 570 4
190.388 107.760 281.164 18 19 7 519 2
190.388 107.760 281.164 19 19 7 519 2
168.000 118.190 82.347 20 19 7 573 4
168.000 118.190 82.347 21 19 7 573 4
168.000 118.190 82.347 22 19 7 573 4
168.000 118.190 82.347 23 19 7 573 4
168.000 118.190 82.347 24 19 7 573 4
359.392 81.007 259.773 25 19 7 576 4
359.392 81.007 259.773 26 19 7 576 4
359.392 81.007 259.773 27 19 7 576 4
359.392 81.007 259.773 28 19 7 576 4
359.392 81.007 259.773 29 19 7 576 4
359.392 81.007 259.773 30 19 7 576 4
38.553 161.159 61.399 1 20 7 571 4
38.553 161.159 61.399 2 20 7 571 4
38.553 161.159 61.399 3 20 7 571 4
38.553 161.159 61.399 4 20 7 571 4
38.553 161.159 61.399 5 20 7 571 4
38.553 161.159 61.399 6 20 7 571 4
38.553 161.159 61.399 7 20 7 571 4
38.553 161.159 61.399 8 20 7 571 4
38.553 161.159 61.399 9 20 7 571 4
38.553 161.159 61.399 10 20 7 571 4
38.553 161.159 61.399 11 20 7 571 4
355.395 144.881 306.395 12 20 7 570 4
355.395 144.881 306.395 13 20 7 570 4
355.395 144.881 306.395 14 20 7 570 4
355.395 144.881 306.395 15 20 7 570 4
355.395 144.881 306.395 16 20 7 570 4
355.395 144.881 306.395 17 20 7 570 4
190.388 107.760 281.164 18 20 7 519 2
190.388 107.760 281.164 19 20 7 519 2
168.000 118.190 82.347 20 20 7 573 4
168.000 118.190 82.347 21 20 7 573 4
168.000 118.190 82.347 22 20 7 573 4
168.000 118.190 82.347 23 20 7 573 4
168.000 118.190 82.347 24 20 7 573 4
359.392 81.007 259.773 25 20 7 576 4
359.392 81.007 259.773 26 20 7 576 4
359.392 81.007 259.773 27 20 7 576 4
359.392 81.007 259.773 28 20 7 576 4
359.392 81.007 259.773 29 20 7 576 4
359.392 81.007 259.773 30 20 7 576 4
38.553 161.159 61.399 1 21 7 571 4
38.553 161.159 61.399 2 21 7 571 4
38.553 161.159 61.399 3 21 7 571 4
38.553 161.159 61.399 4 21 7 571 4
38.553 161.159 61.399 5 21 7 571 4
38.553 161.159 61.399 6 21 7 571 4
38.553 161.159 61.399 7 21 7 571 4
38.553 161.159 61.399 8 21 7 571 4
38.553 161.159 61.399 9 21 7 571 4
38.553 161.159 61.399 10 21 7 571 4
355.395 144.881 306.395 11 21 7 570 4
355.395 144.881 306.395 12 21 7 570 4
355.395 144.881 306.395 13 21 7 570 4
355.395 144.881 306.395 14 21 7 570 4
355.395 144.881 306.395 15 21 7 570 4
355.395 144.881 306.395 16 21 7 570 4
355.395 144.881 306.395 17 21 7 570 4
168.000 118.190 82.347 18 21 7 573 4
168.000 118.190 82.347 19 21 7 573 4
168.000 118.190 82.347 20 21 7 573 4
168.000 118.190 82.347 21 21 7 573 4
168.000 118.190 82.347 22 21 7 573 4
168.000 118.190 82.347 23 21 7 573 4
168.000 118.190 82.347 24 21 7 573 4
359.392 81.007 259.773 25 21 7 576 4
359.392 81.007 259.773 26 21 7 576 4
359.392 81.007 259.773 27 21 7 576 4
359.392 81.007 259.773 28 21 7 576 4
359.392 81.007 259.773 29 21 7 576 4
359.392 81.007 259.773 30 21 7 576 4
38.553 161.159 61.399 1 22 7 571 4
38.553 161.159 61.399 2 22 7 571 4
38.553 161.159 61.399 3 22 7 571 4
38.553 161.159 61.399 4 22 7 571 4
38.553 161.159 61.399 5 22 7 571 4
38.553 161.159 61.399 6 22 7 571 4
38.553 161.159 61.399 7 22 7 571 4
38.553 161.159 61.399 8 22 7 571 4
38.553 161.159 61.399 9 22 7 571 4
38.553 161.159 61.399 10 22 7 571 4
355.395 144.881 306.395 11 22 7 570 4
355.395 144.881 306.395 12 22 7 570 4
355.395 144.881 306.395 13 22 7 570 4
355.395 144.881 306.395 14 22 7 570 4
355.395 144.881 306.395 15 22 7 570 4
355.395 144.881 306.395 16 22 7 570 4
355.395 144.881 306.395 17 22 7 570 4
168.000 118.190 82.347 18 22 7 573 4
168.000 118.190 82.347 19 22 7 573 4
168.000 118.190 82.347 20 22 7 573 4
168.000 118.190 82.347 21 22 7 573 4
168.000 118.190 82.347 22 22 7 573 4
168.000 118.190 82.347 23 22 7 573 4
168.000 118.190 82.347 24 22 7 573 4
359.392 81.007 259.773 25 22 7 576 4
359.392 81.007 259.773 26 22 7 576 4
359.392 81.007 259.773 27 22 7 576 4
359.392 81.007 259.773 28 22 7 576 4
359.392 81.007 259.773 29 22 7 576 4
359.392 81.007 259.773 30 22 7 576 4
38.553 161.159 61.399 1 23 7 571 4
38.553 161.159 61.399 2 23 7 571 4
38.553 161.159 61.399 3 23 7 571 4
38.553 161.159 61.399 4 23 7 571 4
38.553 161.159 61.399 5 23 7 571 4
38.553 161.159 61.399 6 23 7 571 4
38.553 161.159 61.399 7 23 7 571 4
38.553 161.159 61.399 8 23 7 571 4
38.553 161.159 61.399 9 23 7 571 4
38.553 161.159 61.399 10 23 7 571 4
355.395 144.881 306.395 11 23 7 570 4
355.395 144.881 306.395 12 23 7 570 4
355.395 144.881 306.395 13 23 7 570 4
355.395 144.881 306.395 14 23 7 570 4
292.542 93.209 182.970 15 23 7 101 1
355.395 144.881 306.395 16 23 7 570 4
168.000 118.190 82.347 17 23 7 573 4
168.000 118.190 82.347 18 23 7 573 4
168.000 118.190 82.347 19 23 7 573 4
168.000 118.190 82.347 20 23 7 573 4
168.000 118.190 82.347 21 23 7 573 4
168.000 118.190 82.347 22 23 7 573 4
168.000 118.190 82.347 23 23 7 573 4
168.000 118.190 82.347 24 23 7 573 4
359.392 81.007 259.773 25 23 7 576 4
359.392 81.007 259.773 26 23 7 576 4
359.392 81.007 259.773 27 23 7 576 4
359.392 81.007 259.773 28 23 7 576 4
359.392 81.007 259.773 29 23 7 576 4
359.392 81.007 259.773 30 23 7 576 4
38.553 161.159 61.399 1 24 7 571 4
38.553 161.159 61.399 2 24 7 571 4
38.553 161.159 61.399 3 24 7 571 4
38.553 161.159 61.399 4 24 7 571 4
38.553 161.159 61.399 5 24 7 571 4
38.553 161.159 61.399 6 24 7 571 4
38.553 161.159 61.399 7 24 7 571 4
38.553 161.159 61.399 8 24 7 571 4
38.553 161.159 61.399 9 24 7 571 4
38.553 161.159 61.399 10 24 7 571 4
103.952 82.217 152.150 11 24 7 37 1
103.952 82.217 152.150 12 24 7 37 1
103.952 82.217 152.150 13 24 7 37 1
292.542 93.209 182.970 14 24 7 101 1
355.395 144.881 306.395 15 24 7 570 4
355.395 144.881 306.395 16 24 7 570 4
168.000 118.190 82.347 17 24 7 573 4
168.000 118.190 82.347 18 24 7 573 4
168.000 118.190 82.347 19 24 7 573 4
168.000 118.190 82.347 20 24 7 573 4
168.000 118.190 82.347 21 24 7 573 4
168.000 118.190 82.347 22 24 7 573 4
168.000 118.190 82.347 23 24 7 573 4
359.392 81.007 259.773 24 24 7 576 4
359.392 81.007 259.773 25 24 7 576 4
359.392 81.007 259.773 26 24 7 576 4
359.392 81.007 259.773 27 24 7 576 4
359.392 81.007 259.773 28 24 7 576 4
359.392 81.007 259.773 29 24 7 576 4
359.392 81.007 259.773 30 24 7 576 4
38.553 161.159 61.399 1 25 7 571 4
38.553 161.159 61.399 2 25 7 571 4
38.553 161.159 61.399 3 25 7 571 4
38.553 161.159 61.399 4 25 7 571 4
38.553 161.159 61.399 5 25 7 571 4
38.553 161.159 61.399 6 25 7 571 4
38.553 161.159 61.399 7 25 7 571 4
38.553 161.159 61.399 8 25 7 571 4
38.553 161.159 61.399 9 25 7 571 4
103.952 82.217 152.150 10 25 7 37 1
103.952 82.217 152.150 11 25 7 37 1
103.952 82.217 152.150 12 25 7 37 1
103.952 82.217 152.150 13 25 7 37 1
292.542 93.209 182.970 14 25 7 101 1
355.395 144.881 306.395 15 25 7 570 4
168.000 118.190 82.347 16 25 7 573 4
168.000 118.190 82.347 17 25 7 573 4
168.000 118.190 82.347 18 25 7 573 4
168.000 118.190 82.347 19 25 7 573 4
168.000 118.190 82.347 20 25 7 573 4
168.000 118.190 82.347 21 25 7 573 4
168.000 118.190 82.347 22 25 7 573 4
168.000 118.190 82.347 23 25 7 573 4
359.392 81.007 259.773 24 25 7 576 4
359.392 81.007 259.773 25 25 7 576 4
359.392 81.007 259.773 26 25 7 576 4
359.392 81.007 259.773 27 25 7 576 4
359.392 81.007 259.773 28 25 7 576 4
359.392 81.007 259.773 29 25 7 576 4
359.392 81.007 259.773 30 25 7 576 4
38.553 161.159 61.399 1 26 7 571 4
185.398 142.526 34.283 2 26 7 581 4
185.398 142.526 34.283 3 26 7 581 4
185.398 142.526 34.283 4 26 7 581 4
185.398 142.526 34.283 5 26 7 581 4
151.896 55.861 172.161 6 26 7 482 2
185.398 142.526 34.283 7 26 7 581 4
185.398 142.526 34.283 8 26 7 581 4
185.398 142.526 34.283 9 26 7 581 4
103.952 82.217 152.150 10 26 7 37 1
116.577 125.677 18.554 11 26 7 555 2
116.577 125.677 18.554 12 26 7 555 2
116.577 125.677 18.554 13 26 7 555 2
292.542 93.209 182.970 14 26 7 101 1
238.218 45.043 155.225 15 26 7 585 4
168.000 118.190 82.347 16 26 7 573 4
168.000 118.190 82.347 17 26 7 573 4
168.000 118.190 82.347 18 26 7 573 4
168.000 118.190 82.347 19 26 7 573 4
168.000 118.190 82.347 20 26 7 573 4
168.000 118.190 82.347 21 26 7 573 4
168.000 118.190 82.347 22 26 7 573 4
359.392 81.007 259.773 23 26 7 576 4
359.392 81.007 259.773 24 26 7 576 4
359.392 81.007 259.773 25 26 7 576 4
359.392 81.007 259.773 26 26 7 576 4
359.392 81.007 259.773 27 26 7 576 4
359.392 81.007 259.773 28 26 7 576 4
359.392 81.007 259.773 29 26 7 576 4
359.392 81.007 259.773 30 26 7 576 4
185.398 142.526 34.283 1 27 7 581 4
185.398 142.526 34.283 2 27 7 581 4
185.398 142.526 34.283 3 27 7 581 4
185.398 142.526 34.283 4 27 7 581 4
185.398 142.526 34.283 5 27 7 581 4
185.398 142.526 34.283 6 27 7 581 4
185.398 142.526 34.283 7 27 7 581 4
185.398 142.526 34.283 8 27 7 581 4
185.398 142.526 34.283 9 27 7 581 4
185.398 142.526 34.283 10 27 7 581 4
116.577 125.677 18.554 11 27 7 555 2
116.577 125.677 18.554 12 27 7 555 2
116.577 125.677 18.554 13 27 7 555 2
238.218 45.043 155.225 14 27 7 585 4
238.218 45.043 155.225 15 27 7 585 4
168.000 118.190 82.347 16 27 7 573 4
168.000 118.190 82.347 17 27 7 573 4
168.000 118.190 82.347 18 27 7 573 4
168.000 118.190 82.347 19 27 7 573 4
168.000 118.190 82.347 20 27 7 573 4
168.000 118.190 82.347 21 27 7 573 4
168.000 118.190 82.347 22 27 7 573 4
359.392 81.007 259.773 23 27 7 576 4
359.392 81.007 259.773 24 27 7 576 4
359.392 81.007 259.773 25 27 7 576 4
359.392 81.007 259.773 26 27 7 576 4
359.392 81.007 259.773 27 27 7 576 4
359.392 81.007 259.773 28 27 7 576 4
359.392 81.007 259.773 29 27 7 576 4
359.392 81.007 259.773 30 27 7 576 4
185.398 142.526 34.283 1 28 7 581 4
185.398 142.526 34.283 2 28 7 581 4
185.398 142.526 34.283 3 28 7 581 4
185.398 142.526 34.283 4 28 7 581 4
185.398 142.526 34.283 5 28 7 581 4
185.398 142.526 34.283 6 28 7 581 4
185.398 142.526 34.283 7 28 7 581 4
185.398 142.526 34.283 8 28 7 581 4
185.398 142.526 34.283 9 28 7 581 4
185.398 142.526 34.283 10 28 7 581 4
116.577 125.677 18.554 11 28 7 555 2
116.577 125.677 18.554 12 28 7 555 2
116.577 125.677 18.554 13 28 7 555 2
238.218 45.043 155.225 14 28 7 585 4
168.000 118.190 82.347 15 28 7 573 4
168.000 118.190 82.347 16 28 7 573 4
168.000 118.190 82.347 17 28 7 573 4
168.000 118.190 82.347 18 28 7 573 4
168.000 118.190 82.347 19 28 7 573 4
168.000 118.190 82.347 20 28 7 573 4
168.000 118.190 82.347 21 28 7 573 4
359.392 81.007 259.773 22 28 7 576 4
359.392 81.007 259.773 23 28 7 576 4
359.392 81.007 259.773 24 28 7 576 4
359.392 81.007 259.773 25 28 7 576 4
359.392 81.007 259.773 26 28 7 576 4
359.392 81.007 259.773 27 28 7 576 4
359.392 81.007 259.773 28 28 7 576 4
359.392 81.007 259.773 29 28 7 576 4
359.392 81.007 259.773 30 28 7 576 4
185.398 142.526 34.283 1 29 7 581 4
185.398 142.526 34.283 2 29 7 581 4
185.398 142.526 34.283 3 29 7 581 4
185.398 142.526 34.283 4 29 7 581 4
185.398 142.526 34.283 5 29 7 581 4
185.398 142.526 34.283 6 29 7 581 4
185.398 142.526 34.283 7 29 7 581 4
185.398 142.526 34.283 8 29 7 581 4
185.398 142.526 34.283 9 29 7 581 4
185.398 142.526 34.283 10 29 7 581 4
19.376 47.367 172.841 11 29 7 425 1
287.541 167.124 271.209 12 29 7 470 2
287.541 167.124 271.209 13 29 7 470 2
238.218 45.043 155.225 14 29 7 585 4
168.000 118.190 82.347 15 29 7 573 4
168.000 118.190 82.347 16 29 7 573 4
168.000 118.190 82.347 17 29 7 573 4
168.000 118.190 82.347 18 29 7 573 4
168.000 118.190 82.347 19 29 7 573 4
168.000 118.190 82.347 20 29 7 573 4
168.000 118.190 82.347 21 29 7 573 4
359.392 81.007 259.773 22 29 7 576 4
359.392 81.007 259.773 23 29 7 576 4
359.392 81.007 259.773 24 29 7 576 4
359.392 81.007 259.773 25 29 7 576 4
359.392 81.007 259.773 26 29 7 576 4
359.392 81.007 259.773 27 29 7 576 4
359.392 81.007 259.773 28 29 7 576 4
359.392 81.007 259.773 29 29 7 576 4
359.392 81.007 259.773 30 29 7 576 4
185.398 142.526 34.283 1 30 7 581 4
185.398 142.526 34.283 2 30 7 581 4
185.398 142.526 34.283 3 30 7 581 4
185.398 142.526 34.283 4 30 7 581 4
185.398 142.526 34.283 5 30 7 581 4
185.398 142.526 34.283 6 30 7 581 4
185.398 142.526 34.283 7 30 7 581 4
185.398 142.526 34.283 8 30 7 581 4
185.398 142.526 34.283 9 30 7 581 4
213.803 121.653 138.764 10 30 7 283 1
19.376 47.367 172.841 11 30 7 425 1
248.082 96.335 125.309 12 30 7 167 1
248.082 96.335 125.309 13 30 7 167 1
248.082 96.335 125.309 14 30 7 167 1
168.000 118.190 82.347 15 30 7 573 4
168.000 118.190 82.347 16 30 7 573 4
168.000 118.190 82.347 17 30 7 573 4
168.000 118.190 82.347 18 30 7 573 4
168.000 118.190 82.347 19 30 7 573 4
168.000 118.190 82.347 20 30 7 573 4
359.392 81.007 259.773 21 30 7 576 4
359.392 81.007 259.773 22 30 7 576 4
359.392 81.007 259.773 23 30 7 576 4
359.392 81.007 259.773 24 30 7 576 4
359.392 81.007 259.773 25 30 7 576 4
359.392 81.007 259.773 26 30 7 576 4
359.392 81.007 259.773 27 30 7 576 4
359.392 81.007 259.773 28 30 7 576 4
359.392 81.007 259.773 29 30 7 576 4
359.392 81.007 259.773 30 30 7 576 4
