240.413 46.563 325.425 1 1 15 569 3
240.413 46.563 325.425 2 1 15 569 3
240.413 46.563 325.425 3 1 15 569 3
240.413 46.563 325.425 4 1 15 569 3
240.413 46.563 325.425 5 1 15 569 3
240.413 46.563 325.425 6 1 15 569 3
240.413 46.563 325.425 7 1 15 569 3
240.413 46.563 325.425 8 1 15 569 3
240.413 46.563 325.425 9 1 15 569 3
240.413 46.563 325.425 10 1 15 569 3
240.413 46.563 325.425 11 1 15 569 3
240.413 46.563 325.425 12 1 15 569 3
240.413 46.563 325.425 13 1 15 569 3
240.413 46.563 325.425 14 1 15 569 3
240.413 46.563 325.425 15 1 15 569 3
240.413 46.563 325.425 16 1 15 569 3
240.413 46.563 325.425 17 1 15 569 3
240.413 46.563 325.425 18 1 15 569 3
240.413 46.563 325.425 19 1 15 569 3
240.413 46.563 325.425 20 1 15 569 3
240.413 46.563 325.425 21 1 15 569 3
240.413 46.563 325.425 22 1 15 569 3
240.413 46.563 325.425 23 1 15 569 3
240.413 46.563 325.425 24 1 15 569 3
240.413 46.563 325.425 25 1 15 569 3
240.413 46.563 325.425 26 1 15 569 3
240.413 46.563 325.425 27 1 15 569 3
128.698 32.818 161.046 28 1 15 558 2
128.698 32.818 161.046 29 1 15 558 2
128.698 32.818 161.046 30 1 15 558 2
240.413 46.563 325.425 1 2 15 569 3
240.413 46.563 325.425 2 2 15 569 3
240.413 46.563 325.425 3 2 15 569 3
240.413 46.563 325.425 4 2 15 569 3
240.413 46.563 325.425 5 2 15 569 3
240.413 46.563 325.425 6 2 15 569 3
240.413 46.563 325.425 7 2 15 569 3
240.413 46.563 325.425 8 2 15 569 3
240.413 46.563 325.425 9 2 15 569 3
240.413 46.563 325.425 10 2 15 569 3
240.413 46.563 325.425 11 2 15 569 3
240.413 46.563 325.425 12 2 15 569 3
240.413 46.563 325.425 13 2 15 569 3
240.413 46.563 325.425 14 2 15 569 3
240.413 46.563 325.425 15 2 15 569 3
240.413 46.563 325.425 16 2 15 569 3
240.413 46.563 325.425 17 2 15 569 3
240.413 46.563 325.425 18 2 15 569 3
240.413 46.563 325.425 19 2 15 569 3
240.413 46.563 325.425 20 2 15 569 3
240.413 46.563 325.425 21 2 15 569 3
240.413 46.563 325.425 22 2 15 569 3
240.413 46.563 325.425 23 2 15 569 3
240.413 46.563 325.425 24 2 15 569 3
240.413 46.563 325.425 25 2 15 569 3
240.413 46.563 325.425 26 2 15 569 3
240.413 46.563 325.425 27 2 15 569 3
128.698 32.818 161.046 28 2 15 558 2
128.698 32.818 161.046 29 2 15 558 2
128.698 32.818 161.046 30 2 15 558 2
240.413 46.563 325.425 1 3 15 569 3
240.413 46.563 325.425 2 3 15 569 3
240.413 46.563 325.425 3 3 15 569 3
240.413 46.563 325.425 4 3 15 569 3
240.413 46.563 325.425 5 3 15 569 3
240.413 46.563 325.425 6 3 15 569 3
240.413 46.563 325.425 7 3 15 569 3
240.413 46.563 325.425 8 3 15 569 3
240.413 46.563 325.425 9 3 15 569 3
240.413 46.563 325.425 10 3 15 569 3
240.413 46.563 325.425 11 3 15 569 3
240.413 46.563 325.425 12 3 15 569 3
240.413 46.563 325.425 13 3 15 569 3
240.413 46.563 325.425 14 3 15 569 3
240.413 46.563 325.425 15 3 15 569 3
240.413 46.563 325.425 16 3 15 569 3
240.413 46.563 325.425 17 3 15 569 3
240.413 46.563 325.425 18 3 15 569 3
240.413 46.563 325.425 19 3 15 569 3
240.413 46.563 325.425 20 3 15 569 3
240.413 46.563 325.425 21 3 15 569 3
240.413 46.563 325.425 22 3 15 569 3
240.413 46.563 325.425 23 3 15 569 3
240.413 46.563 325.425 24 3 15 569 3
44.300 103.904 327.277 25 3 15 32 1
240.413 46.563 325.425 26 3 15 569 3
240.413 46.563 325.425 27 3 15 569 3
128.698 32.818 161.046 28 3 15 558 2
128.698 32.818 161.046 29 3 15 558 2
13.697 140.026 95.243 30 3 15 413 1
240.413 46.563 325.425 1 4 15 569 3
240.413 46.563 325.425 2 4 15 569 3
240.413 46.563 325.425 3 4 15 569 3
240.413 46.563 325.425 4 4 15 569 3
240.413 46.563 325.425 5 4 15 569 3
240.413 46.563 325.425 6 4 15 569 3
240.413 46.563 325.425 7 4 15 569 3
240.413 46.563 325.425 8 4 15 569 3
240.413 46.563 325.425 9 4 15 569 3
240.413 46.563 325.425 10 4 15 569 3
240.413 46.563 325.425 11 4 15 569 3
240.413 46.563 325.425 12 4 15 569 3
240.413 46.563 325.425 13 4 15 569 3
240.413 46.563 325.425 14 4 15 569 3
240.413 46.563 325.425 15 4 15 569 3
240.413 46.563 325.425 16 4 15 569 3
240.413 46.563 325.425 17 4 15 569 3
240.413 46.563 325.425 18 4 15 569 3
240.413 46.563 325.425 19 4 15 569 3
240.413 46.563 325.425 20 4 15 569 3
240.413 46.563 325.425 21 4 15 569 3
240.413 46.563 325.425 22 4 15 569 3
240.413 46.563 325.425 23 4 15 569 3
240.413 46.563 325.425 24 4 15 569 3
240.413 46.563 325.425 25 4 15 569 3
240.413 46.563 325.425 26 4 15 569 3
240.413 46.563 325.425 27 4 15 569 3
170.856 105.864 322.150 28 4 15 520 2
170.856 105.864 322.150 29 4 15 520 2
170.856 105.864 322.150 30 4 15 520 2
240.413 46.563 325.425 1 5 15 569 3
240.413 46.563 325.425 2 5 15 569 3
240.413 46.563 325.425 3 5 15 569 3
240.413 46.563 325.425 4 5 15 569 3
240.413 46.563 325.425 5 5 15 569 3
240.413 46.563 325.425 6 5 15 569 3
240.413 46.563 325.425 7 5 15 569 3
240.413 46.563 325.425 8 5 15 569 3
240.413 46.563 325.425 9 5 15 569 3
240.413 46.563 325.425 10 5 15 569 3
240.413 46.563 325.425 11 5 15 569 3
240.413 46.563 325.425 12 5 15 569 3
240.413 46.563 325.425 13 5 15 569 3
240.413 46.563 325.425 14 5 15 569 3
240.413 46.563 325.425 15 5 15 569 3
240.413 46.563 325.425 16 5 15 569 3
240.413 46.563 325.425 17 5 15 569 3
240.413 46.563 325.425 18 5 15 569 3
240.413 46.563 325.425 19 5 15 569 3
240.413 46.563 325.425 20 5 15 569 3
240.413 46.563 325.425 21 5 15 569 3
240.413 46.563 325.425 22 5 15 569 3
240.413 46.563 325.425 23 5 15 569 3
240.413 46.563 325.425 24 5 15 569 3
240.413 46.563 325.425 25 5 15 569 3
240.413 46.563 325.425 26 5 15 569 3
170.856 105.864 322.150 27 5 15 520 2
170.856 105.864 322.150 28 5 15 520 2
170.856 105.864 322.150 29 5 15 520 2
170.856 105.864 322.150 30 5 15 520 2
240.413 46.563 325.425 1 6 15 569 3
240.413 46.563 325.425 2 6 15 569 3
240.413 46.563 325.425 3 6 15 569 3
240.413 46.563 325.425 4 6 15 569 3
240.413 46.563 325.425 5 6 15 569 3
240.413 46.563 325.425 6 6 15 569 3
240.413 46.563 325.425 7 6 15 569 3
240.413 46.563 325.425 8 6 15 569 3
240.413 46.563 325.425 9 6 15 569 3
240.413 46.563 325.425 10 6 15 569 3
240.413 46.563 325.425 11 6 15 569 3
240.413 46.563 325.425 12 6 15 569 3
240.413 46.563 325.425 13 6 15 569 3
240.413 46.563 325.425 14 6 15 569 3
240.413 46.563 325.425 15 6 15 569 3
240.413 46.563 325.425 16 6 15 569 3
240.413 46.563 325.425 17 6 15 569 3
240.413 46.563 325.425 18 6 15 569 3
240.413 46.563 325.425 19 6 15 569 3
240.413 46.563 325.425 20 6 15 569 3
240.413 46.563 325.425 21 6 15 569 3
240.413 46.563 325.425 22 6 15 569 3
240.413 46.563 325.425 23 6 15 569 3
240.413 46.563 325.425 24 6 15 569 3
240.413 46.563 325.425 25 6 15 569 3
240.413 46.563 325.425 26 6 15 569 3
170.856 105.864 322.150 27 6 15 520 2
170.856 105.864 322.150 28 6 15 520 2
170.856 105.864 322.150 29 6 15 520 2
225.965 116.401 146.183 30 6 15 454 1
240.413 46.563 325.425 1 7 15 569 3
240.413 46.563 325.425 2 7 15 569 3
240.413 46.563 325.425 3 7 15 569 3
240.413 46.563 325.425 4 7 15 569 3
240.413 46.563 325.425 5 7 15 569 3
240.413 46.563 325.425 6 7 15 569 3
240.413 46.563 325.425 7 7 15 569 3
240.413 46.563 325.425 8 7 15 569 3
240.413 46.563 325.425 9 7 15 569 3
240.413 46.563 325.425 10 7 15 569 3
240.413 46.563 325.425 11 7 15 569 3
240.413 46.563 325.425 12 7 15 569 3
240.413 46.563 325.425 13 7 15 569 3
240.413 46.563 325.425 14 7 15 569 3
240.413 46.563 325.425 15 7 15 569 3
240.413 46.563 325.425 16 7 15 569 3
240.413 46.563 325.425 17 7 15 569 3
240.413 46.563 325.425 18 7 15 569 3
240.413 46.563 325.425 19 7 15 569 3
240.413 46.563 325.425 20 7 15 569 3
240.413 46.563 325.425 21 7 15 569 3
240.413 46.563 325.425 22 7 15 569 3
240.413 46.563 325.425 23 7 15 569 3
240.413 46.563 325.425 24 7 15 569 3
240.413 46.563 325.425 25 7 15 569 3
240.413 46.563 325.425 26 7 15 569 3
240.413 46.563 325.425 27 7 15 569 3
240.413 46.563 325.425 28 7 15 569 3
240.413 46.563 325.425 29 7 15 569 3
240.413 46.563 325.425 30 7 15 569 3
240.413 46.563 325.425 1 8 15 569 3
240.413 46.563 325.425 2 8 15 569 3
240.413 46.563 325.425 3 8 15 569 3
240.413 46.563 325.425 4 8 15 569 3
240.413 46.563 325.425 5 8 15 569 3
240.413 46.563 325.425 6 8 15 569 3
240.413 46.563 325.425 7 8 15 569 3
240.413 46.563 325.425 8 8 15 569 3
240.413 46.563 325.425 9 8 15 569 3
240.413 46.563 325.425 10 8 15 569 3
240.413 46.563 325.425 11 8 15 569 3
240.413 46.563 325.425 12 8 15 569 3
240.413 46.563 325.425 13 8 15 569 3
240.413 46.563 325.425 14 8 15 569 3
240.413 46.563 325.425 15 8 15 569 3
240.413 46.563 325.425 16 8 15 569 3
240.413 46.563 325.425 17 8 15 569 3
240.413 46.563 325.425 18 8 15 569 3
240.413 46.563 325.425 19 8 15 569 3
240.413 46.563 325.425 20 8 15 569 3
240.413 46.563 325.425 21 8 15 569 3
240.413 46.563 325.425 22 8 15 569 3
327.983 26.254 350.867 23 8 15 183 1
240.413 46.563 325.425 24 8 15 569 3
240.413 46.563 325.425 25 8 15 569 3
240.413 46.563 325.425 26 8 15 569 3
240.413 46.563 325.425 27 8 15 569 3
240.413 46.563 325.425 28 8 15 569 3
240.413 46.563 325.425 29 8 15 569 3
240.413 46.563 325.425 30 8 15 569 3
240.413 46.563 325.425 1 9 15 569 3
240.413 46.563 325.425 2 9 15 569 3
240.413 46.563 325.425 3 9 15 569 3
240.413 46.563 325.425 4 9 15 569 3
240.413 46.563 325.425 5 9 15 569 3
240.413 46.563 325.425 6 9 15 569 3
240.413 46.563 325.425 7 9 15 569 3
240.413 46.563 325.425 8 9 15 569 3
240.413 46.563 325.425 9 9 15 569 3
240.413 46.563 325.425 10 9 15 569 3
240.413 46.563 325.425 11 9 15 569 3
240.413 46.563 325.425 12 9 15 569 3
240.413 46.563 325.425 13 9 15 569 3
240.413 46.563 325.425 14 9 15 569 3
240.413 46.563 325.425 15 9 15 569 3
240.413 46.563 325.425 16 9 15 569 3
240.413 46.563 325.425 17 9 15 569 3
240.413 46.563 325.425 18 9 15 569 3
240.413 46.563 325.425 19 9 15 569 3
240.413 46.563 325.425 20 9 15 569 3
240.413 46.563 325.425 21 9 15 569 3
240.413 46.563 325.425 22 9 15 569 3
327.983 26.254 350.867 23 9 15 183 1
240.413 46.563 325.425 24 9 15 569 3
240.413 46.563 325.425 25 9 15 569 3
240.413 46.563 325.425 26 9 15 569 3
240.413 46.563 325.425 27 9 15 569 3
240.413 46.563 325.425 28 9 15 569 3
240.413 46.563 325.425 29 9 15 569 3
240.413 46.563 325.425 30 9 15 569 3
240.413 46.563 325.425 1 10 15 569 3
240.413 46.563 325.425 2 10 15 569 3
240.413 46.563 325.425 3 10 15 569 3
240.413 46.563 325.425 4 10 15 569 3
240.413 46.563 325.425 5 10 15 569 3
240.413 46.563 325.425 6 10 15 569 3
240.413 46.563 325.425 7 10 15 569 3
240.413 46.563 325.425 8 10 15 569 3
240.413 46.563 325.425 9 10 15 569 3
240.413 46.563 325.425 10 10 15 569 3
240.413 46.563 325.425 11 10 15 569 3
240.413 46.563 325.425 12 10 15 569 3
240.413 46.563 325.425 13 10 15 569 3
240.413 46.563 325.425 14 10 15 569 3
240.413 46.563 325.425 15 10 15 569 3
240.413 46.563 325.425 16 10 15 569 3
240.413 46.563 325.425 17 10 15 569 3
240.413 46.563 325.425 18 10 15 569 3
240.413 46.563 325.425 19 10 15 569 3
240.413 46.563 325.425 20 10 15 569 3
240.413 46.563 325.425 21 10 15 569 3
240.413 46.563 325.425 22 10 15 569 3
240.413 46.563 325.425 23 10 15 569 3
240.413 46.563 325.425 24 10 15 569 3
240.413 46.563 325.425 25 10 15 569 3
240.413 46.563 325.425 26 10 15 569 3
240.413 46.563 325.425 27 10 15 569 3
277.388 43.139 204.362 28 10 15 579 4
277.388 43.139 204.362 29 10 15 579 4
277.388 43.139 204.362 30 10 15 579 4
240.413 46.563 325.425 1 11 15 569 3
240.413 46.563 325.425 2 11 15 569 3
240.413 46.563 325.425 3 11 15 569 3
240.413 46.563 325.425 4 11 15 569 3
240.413 46.563 325.425 5 11 15 569 3
240.413 46.563 325.425 6 11 15 569 3
240.413 46.563 325.425 7 11 15 569 3
240.413 46.563 325.425 8 11 15 569 3
240.413 46.563 325.425 9 11 15 569 3
240.413 46.563 325.425 10 11 15 569 3
240.413 46.563 325.425 11 11 15 569 3
240.413 46.563 325.425 12 11 15 569 3
240.413 46.563 325.425 13 11 15 569 3
240.413 46.563 325.425 14 11 15 569 3
240.413 46.563 325.425 15 11 15 569 3
240.413 46.563 325.425 16 11 15 569 3
240.413 46.563 325.425 17 11 15 569 3
240.413 46.563 325.425 18 11 15 569 3
240.413 46.563 325.425 19 11 15 569 3
240.413 46.563 325.425 20 11 15 569 3
240.413 46.563 325.425 21 11 15 569 3
240.413 46.563 325.425 22 11 15 569 3
240.413 46.563 325.425 23 11 15 569 3
240.413 46.563 325.425 24 11 15 569 3
157.583 85.167 75.483 25 11 15 69 1
240.413 46.563 325.425 26 11 15 569 3
277.388 43.139 204.362 27 11 15 579 4
277.388 43.139 204.362 28 11 15 579 4
277.388 43.139 204.362 29 11 15 579 4
277.388 43.139 204.362 30 11 15 579 4
240.413 46.563 325.425 1 12 15 569 3
240.413 46.563 325.425 2 12 15 569 3
240.413 46.563 325.425 3 12 15 569 3
240.413 46.563 325.425 4 12 15 569 3
240.413 46.563 325.425 5 12 15 569 3
240.413 46.563 325.425 6 12 15 569 3
240.413 46.563 325.425 7 12 15 569 3
240.413 46.563 325.425 8 12 15 569 3
240.413 46.563 325.425 9 12 15 569 3
240.413 46.563 325.425 10 12 15 569 3
240.413 46.563 325.425 11 12 15 569 3
240.413 46.563 325.425 12 12 15 569 3
240.413 46.563 325.425 13 12 15 569 3
240.413 46.563 325.425 14 12 15 569 3
240.413 46.563 325.425 15 12 15 569 3
240.413 46.563 325.425 16 12 15 569 3
240.413 46.563 325.425 17 12 15 569 3
240.413 46.563 325.425 18 12 15 569 3
240.413 46.563 325.425 19 12 15 569 3
240.413 46.563 325.425 20 12 15 569 3
240.413 46.563 325.425 21 12 15 569 3
240.413 46.563 325.425 22 12 15 569 3
240.413 46.563 325.425 23 12 15 569 3
240.413 46.563 325.425 24 12 15 569 3
240.413 46.563 325.425 25 12 15 569 3
157.583 85.167 75.483 26 12 15 69 1
157.583 85.167 75.483 27 12 15 69 1
277.388 43.139 204.362 28 12 15 579 4
277.388 43.139 204.362 29 12 15 579 4
277.388 43.139 204.362 30 12 15 579 4
240.413 46.563 325.425 1 13 15 569 3
240.413 46.563 325.425 2 13 15 569 3
240.413 46.563 325.425 3 13 15 569 3
240.413 46.563 325.425 4 13 15 569 3
240.413 46.563 325.425 5 13 15 569 3
240.413 46.563 325.425 6 13 15 569 3
240.413 46.563 325.425 7 13 15 569 3
240.413 46.563 325.425 8 13 15 569 3
240.413 46.563 325.425 9 13 15 569 3
240.413 46.563 325.425 10 13 15 569 3
240.413 46.563 325.425 11 13 15 569 3
240.413 46.563 325.425 12 13 15 569 3
240.413 46.563 325.425 13 13 15 569 3
240.413 46.563 325.425 14 13 15 569 3
240.413 46.563 325.425 15 13 15 569 3
240.413 46.563 325.425 16 13 15 569 3
240.413 46.563 325.425 17 13 15 569 3
240.413 46.563 325.425 18 13 15 569 3
240.413 46.563 325.425 19 13 15 569 3
240.413 46.563 325.425 20 13 15 569 3
240.413 46.563 325.425 21 13 15 569 3
240.413 46.563 325.425 22 13 15 569 3
240.413 46.563 325.425 23 13 15 569 3
240.413 46.563 325.425 24 13 15 569 3
240.413 46.563 325.425 25 13 15 569 3
240.413 46.563 325.425 26 13 15 569 3
157.583 85.167 75.483 27 13 15 69 1
277.388 43.139 204.362 28 13 15 579 4
75.153 84.518 115.262 29 13 15 575 4
75.153 84.518 115.262 30 13 15 575 4
38.553 161.159 61.399 1 14 15 571 4
38.553 161.159 61.399 2 14 15 571 4
240.413 46.563 325.425 3 14 15 569 3
240.413 46.563 325.425 4 14 15 569 3
240.413 46.563 325.425 5 14 15 569 3
240.413 46.563 325.425 6 14 15 569 3
240.413 46.563 325.425 7 14 15 569 3
240.413 46.563 325.425 8 14 15 569 3
240.413 46.563 325.425 9 14 15 569 3
240.413 46.563 325.425 10 14 15 569 3
240.413 46.563 325.425 11 14 15 569 3
240.413 46.563 325.425 12 14 15 569 3
240.413 46.563 325.425 13 14 15 569 3
240.413 46.563 325.425 14 14 15 569 3
240.413 46.563 325.425 15 14 15 569 3
240.413 46.563 325.425 16 14 15 569 3
240.413 46.563 325.425 17 14 15 569 3
240.413 46.563 325.425 18 14 15 569 3
240.413 46.563 325.425 19 14 15 569 3
240.413 46.563 325.425 20 14 15 569 3
240.413 46.563 325.425 21 14 15 569 3
240.413 46.563 325.425 22 14 15 569 3
240.413 46.563 325.425 23 14 15 569 3
101.807 52.241 339.281 24 14 15 586 4
101.807 52.241 339.281 25 14 15 586 4
101.807 52.241 339.281 26 14 15 586 4
101.807 52.241 339.281 27 14 15 586 4
101.807 52.241 339.281 28 14 15 586 4
75.153 84.518 115.262 29 14 15 575 4
75.153 84.518 115.262 30 14 15 575 4
38.553 161.159 61.399 1 15 15 571 4
38.553 161.159 61.399 2 15 15 571 4
38.553 161.159 61.399 3 15 15 571 4
38.553 161.159 61.399 4 15 15 571 4
240.413 46.563 325.425 5 15 15 569 3
240.413 46.563 325.425 6 15 15 569 3
240.413 46.563 325.425 7 15 15 569 3
240.413 46.563 325.425 8 15 15 569 3
204.875 125.907 66.620 9 15 15 446 1
204.875 125.907 66.620 10 15 15 446 1
240.413 46.563 325.425 11 15 15 569 3
240.413 46.563 325.425 12 15 15 569 3
240.413 46.563 325.425 13 15 15 569 3
240.413 46.563 325.425 14 15 15 569 3
240.413 46.563 325.425 15 15 15 569 3
240.413 46.563 325.425 16 15 15 569 3
240.413 46.563 325.425 17 15 15 569 3
240.413 46.563 325.425 18 15 15 569 3
240.413 46.563 325.425 19 15 15 569 3
101.807 52.241 339.281 20 15 15 586 4
101.807 52.241 339.281 21 15 15 586 4
101.807 52.241 339.281 22 15 15 586 4
101.807 52.241 339.281 23 15 15 586 4
101.807 52.241 339.281 24 15 15 586 4
101.807 52.241 339.281 25 15 15 586 4
101.807 52.241 339.281 26 15 15 586 4
84.763 59.959 235.774 27 15 15 250 1
101.807 52.241 339.281 28 15 15 586 4
75.153 84.518 115.262 29 15 15 575 4
75.153 84.518 115.262 30 15 15 575 4
38.553 161.159 61.399 1 16 15 571 4
38.553 161.159 61.399 2 16 15 571 4
38.553 161.159 61.399 3 16 15 571 4
38.553 161.159 61.399 4 16 15 571 4
38.553 161.159 61.399 5 16 15 571 4
122.410 45.467 286.674 6 16 15 504 2
240.413 46.563 325.425 7 16 15 569 3
240.413 46.563 325.425 8 16 15 569 3
240.413 46.563 325.425 9 16 15 569 3
204.875 125.907 66.620 10 16 15 446 1
240.413 46.563 325.425 11 16 15 569 3
240.413 46.563 325.425 12 16 15 569 3
240.413 46.563 325.425 13 16 15 569 3
240.413 46.563 325.425 14 16 15 569 3
35.623 94.740 157.765 15 16 15 402 1
101.807 52.241 339.281 16 16 15 586 4
101.807 52.241 339.281 17 16 15 586 4
101.807 52.241 339.281 18 16 15 586 4
101.807 52.241 339.281 19 16 15 586 4
101.807 52.241 339.281 20 16 15 586 4
101.807 52.241 339.281 21 16 15 586 4
101.807 52.241 339.281 22 16 15 586 4
101.807 52.241 339.281 23 16 15 586 4
101.807 52.241 339.281 24 16 15 586 4
101.807 52.241 339.281 25 16 15 586 4
101.807 52.241 339.281 26 16 15 586 4
101.807 52.241 339.281 27 16 15 586 4
84.763 59.959 235.774 28 16 15 250 1
101.807 52.241 339.281 29 16 15 586 4
101.807 52.241 339.281 30 16 15 586 4
38.553 161.159 61.399 1 17 15 571 4
38.553 161.159 61.399 2 17 15 571 4
38.553 161.159 61.399 3 17 15 571 4
38.553 161.159 61.399 4 17 15 571 4
122.410 45.467 286.674 5 17 15 504 2
38.553 161.159 61.399 6 17 15 571 4
38.553 161.159 61.399 7 17 15 571 4
164.047 91.243 238.478 8 17 15 617 1
164.047 91.243 238.478 9 17 15 617 1
101.807 52.241 339.281 10 17 15 586 4
101.807 52.241 339.281 11 17 15 586 4
101.807 52.241 339.281 12 17 15 586 4
101.807 52.241 339.281 13 17 15 586 4
101.807 52.241 339.281 14 17 15 586 4
101.807 52.241 339.281 15 17 15 586 4
101.807 52.241 339.281 16 17 15 586 4
101.807 52.241 339.281 17 17 15 586 4
101.807 52.241 339.281 18 17 15 586 4
101.807 52.241 339.281 19 17 15 586 4
101.807 52.241 339.281 20 17 15 586 4
101.807 52.241 339.281 21 17 15 586 4
101.807 52.241 339.281 22 17 15 586 4
101.807 52.241 339.281 23 17 15 586 4
101.807 52.241 339.281 24 17 15 586 4
101.807 52.241 339.281 25 17 15 586 4
101.807 52.241 339.281 26 17 15 586 4
101.807 52.241 339.281 27 17 15 586 4
101.807 52.241 339.281 28 17 15 586 4
101.807 52.241 339.281 29 17 15 586 4
101.807 52.241 339.281 30 17 15 586 4
38.553 161.159 61.399 1 18 15 571 4
38.553 161.159 61.399 2 18 15 571 4
38.553 161.159 61.399 3 18 15 571 4
38.553 161.159 61.399 4 18 15 571 4
38.553 161.159 61.399 5 18 15 571 4
60.201 155.188 141.805 6 18 15 257 1
38.553 161.159 61.399 7 18 15 571 4
164.047 91.243 238.478 8 18 15 617 1
101.807 52.241 339.281 9 18 15 586 4
101.807 52.241 339.281 10 18 15 586 4
101.807 52.241 339.281 11 18 15 586 4
101.807 52.241 339.281 12 18 15 586 4
101.807 52.241 339.281 13 18 15 586 4
101.807 52.241 339.281 14 18 15 586 4
101.807 52.241 339.281 15 18 15 586 4
101.807 52.241 339.281 16 18 15 586 4
101.807 52.241 339.281 17 18 15 586 4
101.807 52.241 339.281 18 18 15 586 4
101.807 52.241 339.281 19 18 15 586 4
101.807 52.241 339.281 20 18 15 586 4
101.807 52.241 339.281 21 18 15 586 4
101.807 52.241 339.281 22 18 15 586 4
101.807 52.241 339.281 23 18 15 586 4
101.807 52.241 339.281 24 18 15 586 4
101.807 52.241 339.281 25 18 15 586 4
101.807 52.241 339.281 26 18 15 586 4
101.807 52.241 339.281 27 18 15 586 4
101.807 52.241 339.281 28 18 15 586 4
101.807 52.241 339.281 29 18 15 586 4
101.807 52.241 339.281 30 18 15 586 4
38.553 161.159 61.399 1 19 15 571 4
231.089 87.729 258.967 2 19 15 514 2
38.553 161.159 61.399 3 19 15 571 4
38.553 161.159 61.399 4 19 15 571 4
38.553 161.159 61.399 5 19 15 571 4
38.553 161.159 61.399 6 19 15 571 4
101.807 52.241 339.281 7 19 15 586 4
101.807 52.241 339.281 8 19 15 586 4
101.807 52.241 339.281 9 19 15 586 4
101.807 52.241 339.281 10 19 15 586 4
101.807 52.241 339.281 11 19 15 586 4
101.807 52.241 339.281 12 19 15 586 4
101.807 52.241 339.281 13 19 15 586 4
101.807 52.241 339.281 14 19 15 586 4
101.807 52.241 339.281 15 19 15 586 4
101.807 52.241 339.281 16 19 15 586 4
101.807 52.241 339.281 17 19 15 586 4
101.807 52.241 339.281 18 19 15 586 4
101.807 52.241 339.281 19 19 15 586 4
101.807 52.241 339.281 20 19 15 586 4
101.807 52.241 339.281 21 19 15 586 4
101.807 52.241 339.281 22 19 15 586 4
101.807 52.241 339.281 23 19 15 586 4
101.807 52.241 339.281 24 19 15 586 4
101.807 52.241 339.281 25 19 15 586 4
101.807 52.241 339.281 26 19 15 586 4
101.807 52.241 339.281 27 19 15 586 4
101.807 52.241 339.281 28 19 15 586 4
101.807 52.241 339.281 29 19 15 586 4
359.392 81.007 259.773 30 19 15 576 4
38.553 161.159 61.399 1 20 15 571 4
231.089 87.729 258.967 2 20 15 514 2
231.089 87.729 258.967 3 20 15 514 2
38.553 161.159 61.399 4 20 15 571 4
38.553 161.159 61.399 5 20 15 571 4
38.553 161.159 61.399 6 20 15 571 4
101.807 52.241 339.281 7 20 15 586 4
101.807 52.241 339.281 8 20 15 586 4
101.807 52.241 339.281 9 20 15 586 4
101.807 52.241 339.281 10 20 15 586 4
101.807 52.241 339.281 11 20 15 586 4
101.807 52.241 339.281 12 20 15 586 4
101.807 52.241 339.281 13 20 15 586 4
101.807 52.241 339.281 14 20 15 586 4
101.807 52.241 339.281 15 20 15 586 4
101.807 52.241 339.281 16 20 15 586 4
101.807 52.241 339.281 17 20 15 586 4
101.807 52.241 339.281 18 20 15 586 4
101.807 52.241 339.281 19 20 15 586 4
101.807 52.241 339.281 20 20 15 586 4
101.807 52.241 339.281 21 20 15 586 4
101.807 52.241 339.281 22 20 15 586 4
101.807 52.241 339.281 23 20 15 586 4
101.807 52.241 339.281 24 20 15 586 4
101.807 52.241 339.281 25 20 15 586 4
101.807 52.241 339.281 26 20 15 586 4
101.807 52.241 339.281 27 20 15 586 4
359.392 81.007 259.773 28 20 15 576 4
359.392 81.007 259.773 29 20 15 576 4
359.392 81.007 259.773 30 20 15 576 4
38.553 161.159 61.399 1 21 15 571 4
38.553 161.159 61.399 2 21 15 571 4
38.553 161.159 61.399 3 21 15 571 4
38.553 161.159 61.399 4 21 15 571 4
38.553 161.159 61.399 5 21 15 571 4
101.807 52.241 339.281 6 21 15 586 4
101.807 52.241 339.281 7 21 15 586 4
101.807 52.241 339.281 8 21 15 586 4
101.807 52.241 339.281 9 21 15 586 4
101.807 52.241 339.281 10 21 15 586 4
101.807 52.241 339.281 11 21 15 586 4
101.807 52.241 339.281 12 21 15 586 4
101.807 52.241 339.281 13 21 15 586 4
101.807 52.241 339.281 14 21 15 586 4
101.807 52.241 339.281 15 21 15 586 4
101.807 52.241 339.281 16 21 15 586 4
101.807 52.241 339.281 17 21 15 586 4
101.807 52.241 339.281 18 21 15 586 4
101.807 52.241 339.281 19 21 15 586 4
101.807 52.241 339.281 20 21 15 586 4
101.807 52.241 339.281 21 21 15 586 4
101.807 52.241 339.281 22 21 15 586 4
101.807 52.241 339.281 23 21 15 586 4
101.807 52.241 339.281 24 21 15 586 4
101.807 52.241 339.281 25 21 15 586 4
101.807 52.241 339.281 26 21 15 586 4
359.392 81.007 259.773 27 21 15 576 4
359.392 81.007 259.773 28 21 15 576 4
359.392 81.007 259.773 29 21 15 576 4
359.392 81.007 259.773 30 21 15 576 4
38.553 161.159 61.399 1 22 15 571 4
38.553 161.159 61.399 2 22 15 571 4
38.553 161.159 61.399 3 22 15 571 4
38.553 161.159 61.399 4 22 15 571 4
38.553 161.159 61.399 5 22 15 571 4
101.807 52.241 339.281 6 22 15 586 4
101.807 52.241 339.281 7 22 15 586 4
101.807 52.241 339.281 8 22 15 586 4
101.807 52.241 339.281 9 22 15 586 4
101.807 52.241 339.281 10 22 15 586 4
101.807 52.241 339.281 11 22 15 586 4
101.807 52.241 339.281 12 22 15 586 4
101.807 52.241 339.281 13 22 15 586 4
101.807 52.241 339.281 14 22 15 586 4
101.807 52.241 339.281 15 22 15 586 4
101.807 52.241 339.281 16 22 15 586 4
101.807 52.241 339.281 17 22 15 586 4
101.807 52.241 339.281 18 22 15 586 4
101.807 52.241 339.281 19 22 15 586 4
101.807 52.241 339.281 20 22 15 586 4
101.807 52.241 339.281 21 22 15 586 4
101.807 52.241 339.281 22 22 15 586 4
101.807 52.241 339.281 23 22 15 586 4
101.807 52.241 339.281 24 22 15 586 4
101.807 52.241 339.281 25 22 15 586 4
359.392 81.007 259.773 26 22 15 576 4
359.392 81.007 259.773 27 22 15 576 4
359.392 81.007 259.773 28 22 15 576 4
359.392 81.007 259.773 29 22 15 576 4
359.392 81.007 259.773 30 22 15 576 4
38.553 161.159 61.399 1 23 15 571 4
38.553 161.159 61.399 2 23 15 571 4
38.553 161.159 61.399 3 23 15 571 4
38.553 161.159 61.399 4 23 15 571 4
101.807 52.241 339.281 5 23 15 586 4
101.807 52.241 339.281 6 23 15 586 4
101.807 52.241 339.281 7 23 15 586 4
101.807 52.241 339.281 8 23 15 586 4
101.807 52.241 339.281 9 23 15 586 4
101.807 52.241 339.281 10 23 15 586 4
101.807 52.241 339.281 11 23 15 586 4
101.807 52.241 339.281 12 23 15 586 4
101.807 52.241 339.281 13 23 15 586 4
101.807 52.241 339.281 14 23 15 586 4
101.807 52.241 339.281 15 23 15 586 4
101.807 52.241 339.281 16 23 15 586 4
101.807 52.241 339.281 17 23 15 586 4
101.807 52.241 339.281 18 23 15 586 4
101.807 52.241 339.281 19 23 15 586 4
101.807 52.241 339.281 20 23 15 586 4
101.807 52.241 339.281 21 23 15 586 4
101.807 52.241 339.281 22 23 15 586 4
101.807 52.241 339.281 23 23 15 586 4
359.392 81.007 259.773 24 23 15 576 4
359.392 81.007 259.773 25 23 15 576 4
359.392 81.007 259.773 26 23 15 576 4
359.392 81.007 259.773 27 23 15 576 4
359.392 81.007 259.773 28 23 15 576 4
359.392 81.007 259.773 29 23 15 576 4
359.392 81.007 259.773 30 23 15 576 4
38.553 161.159 61.399 1 24 15 571 4
38.553 161.159 61.399 2 24 15 571 4
38.553 161.159 61.399 3 24 15 571 4
38.553 161.159 61.399 4 24 15 571 4
101.807 52.241 339.281 5 24 15 586 4
101.807 52.241 339.281 6 24 15 586 4
101.807 52.241 339.281 7 24 15 586 4
101.807 52.241 339.281 8 24 15 586 4
101.807 52.241 339.281 9 24 15 586 4
101.807 52.241 339.281 10 24 15 586 4
101.807 52.241 339.281 11 24 15 586 4
101.807 52.241 339.281 12 24 15 586 4
101.807 52.241 339.281 13 24 15 586 4
101.807 52.241 339.281 14 24 15 586 4
101.807 52.241 339.281 15 24 15 586 4
101.807 52.241 339.281 16 24 15 586 4
101.807 52.241 339.281 17 24 15 586 4
101.807 52.241 339.281 18 24 15 586 4
101.807 52.241 339.281 19 24 15 586 4
101.807 52.241 339.281 20 24 15 586 4
101.807 52.241 339.281 21 24 15 586 4
101.807 52.241 339.281 22 24 15 586 4
359.392 81.007 259.773 23 24 15 576 4
359.392 81.007 259.773 24 24 15 576 4
359.392 81.007 259.773 25 24 15 576 4
359.392 81.007 259.773 26 24 15 576 4
359.392 81.007 259.773 27 24 15 576 4
359.392 81.007 259.773 28 24 15 576 4
359.392 81.007 259.773 29 24 15 576 4
359.392 81.007 259.773 30 24 15 576 4
38.553 161.159 61.399 1 25 15 571 4
38.553 161.159 61.399 2 25 15 571 4
38.553 161.159 61.399 3 25 15 571 4
38.553 161.159 61.399 4 25 15 571 4
101.807 52.241 339.281 5 25 15 586 4
101.807 52.241 339.281 6 25 15 586 4
101.807 52.241 339.281 7 25 15 586 4
101.807 52.241 339.281 8 25 15 586 4
101.807 52.241 339.281 9 25 15 586 4
101.807 52.241 339.281 10 25 15 586 4
101.807 52.241 339.281 11 25 15 586 4
101.807 52.241 339.281 12 25 15 586 4
101.807 52.241 339.281 13 25 15 586 4
101.807 52.241 339.281 14 25 15 586 4
101.807 52.241 339.281 15 25 15 586 4
101.807 52.241 339.281 16 25 15 586 4
101.807 52.241 339.281 17 25 15 586 4
168.000 118.190 82.347 18 25 15 573 4
168.000 118.190 82.347 19 25 15 573 4
168.000 118.190 82.347 20 25 15 573 4
168.000 118.190 82.347 21 25 15 573 4
359.392 81.007 259.773 22 25 15 576 4
359.392 81.007 259.773 23 25 15 576 4
359.392 81.007 259.773 24 25 15 576 4
359.392 81.007 259.773 25 25 15 576 4
359.392 81.007 259.773 26 25 15 576 4
359.392 81.007 259.773 27 25 15 576 4
359.392 81.007 259.773 28 25 15 576 4
359.392 81.007 259.773 29 25 15 576 4
359.392 81.007 259.773 30 25 15 576 4
38.553 161.159 61.399 1 26 15 571 4
38.553 161.159 61.399 2 26 15 571 4
38.553 161.159 61.399 3 26 15 571 4
38.553 161.159 61.399 4 26 15 571 4
101.807 52.241 339.281 5 26 15 586 4
101.807 52.241 339.281 6 26 15 586 4
101.807 52.241 339.281 7 26 15 586 4
101.807 52.241 339.281 8 26 15 586 4
212.218 45.217 286.917 9 26 15 450 1
212.218 45.217 286.917 10 26 15 450 1
101.807 52.241 339.281 11 26 15 586 4
101.807 52.241 339.281 12 26 15 586 4
101.807 52.241 339.281 13 26 15 586 4
101.807 52.241 339.281 14 26 15 586 4
101.807 52.241 339.281 15 26 15 586 4
101.807 52.241 339.281 16 26 15 586 4
168.000 118.190 82.347 17 26 15 573 4
168.000 118.190 82.347 18 26 15 573 4
168.000 118.190 82.347 19 26 15 573 4
168.000 118.190 82.347 20 26 15 573 4
46.944 91.160 213.401 21 26 15 527 2
359.392 81.007 259.773 22 26 15 576 4
359.392 81.007 259.773 23 26 15 576 4
359.392 81.007 259.773 24 26 15 576 4
359.392 81.007 259.773 25 26 15 576 4
359.392 81.007 259.773 26 26 15 576 4
359.392 81.007 259.773 27 26 15 576 4
359.392 81.007 259.773 28 26 15 576 4
359.392 81.007 259.773 29 26 15 576 4
359.392 81.007 259.773 30 26 15 576 4
38.553 161.159 61.399 1 27 15 571 4
38.553 161.159 61.399 2 27 15 571 4
38.553 161.159 61.399 3 27 15 571 4
38.553 161.159 61.399 4 27 15 571 4
31.760 16.770 223.195 5 27 15 562 2
31.760 16.770 223.195 6 27 15 562 2
31.760 16.770 223.195 7 27 15 562 2
31.760 16.770 223.195 8 27 15 562 2
212.218 45.217 286.917 9 27 15 450 1
212.218 45.217 286.917 10 27 15 450 1
212.218 45.217 286.917 11 27 15 450 1
212.218 45.217 286.917 12 27 15 450 1
26.688 96.773 277.193 13 27 15 615 1
26.688 96.773 277.193 14 27 15 615 1
26.688 96.773 277.193 15 27 15 615 1
168.000 118.190 82.347 16 27 15 573 4
168.000 118.190 82.347 17 27 15 573 4
168.000 118.190 82.347 18 27 15 573 4
168.000 118.190 82.347 19 27 15 573 4
168.000 118.190 82.347 20 27 15 573 4
46.944 91.160 213.401 21 27 15 527 2
46.944 91.160 213.401 22 27 15 527 2
46.944 91.160 213.401 23 27 15 527 2
359.392 81.007 259.773 24 27 15 576 4
359.392 81.007 259.773 25 27 15 576 4
359.392 81.007 259.773 26 27 15 576 4
359.392 81.007 259.773 27 27 15 576 4
359.392 81.007 259.773 28 27 15 576 4
359.392 81.007 259.773 29 27 15 576 4
359.392 81.007 259.773 30 27 15 576 4
204.844 119.627 193.244 1 28 15 474 2
204.844 119.627 193.244 2 28 15 474 2
204.844 119.627 193.244 3 28 15 474 2
31.760 16.770 223.195 4 28 15 562 2
31.760 16.770 223.195 5 28 15 562 2
31.760 16.770 223.195 6 28 15 562 2
31.760 16.770 223.195 7 28 15 562 2
31.760 16.770 223.195 8 28 15 562 2
212.218 45.217 286.917 9 28 15 450 1
212.218 45.217 286.917 10 28 15 450 1
212.218 45.217 286.917 11 28 15 450 1
212.218 45.217 286.917 12 28 15 450 1
26.688 96.773 277.193 13 28 15 615 1
26.688 96.773 277.193 14 28 15 615 1
145.468 97.533 162.802 15 28 15 588 1
168.000 118.190 82.347 16 28 15 573 4
168.000 118.190 82.347 17 28 15 573 4
79.988 103.748 18.370 18 28 15 238 1
30.521 78.833 228.403 19 28 15 577 4
168.000 118.190 82.347 20 28 15 573 4
46.944 91.160 213.401 21 28 15 527 2
46.944 91.160 213.401 22 28 15 527 2
359.392 81.007 259.773 23 28 15 576 4
359.392 81.007 259.773 24 28 15 576 4
359.392 81.007 259.773 25 28 15 576 4
359.392 81.007 259.773 26 28 15 576 4
359.392 81.007 259.773 27 28 15 576 4
359.392 81.007 259.773 28 28 15 576 4
359.392 81.007 259.773 29 28 15 576 4
359.392 81.007 259.773 30 28 15 576 4
204.844 119.627 193.244 1 29 15 474 2
6.627 62.125 61.524 2 29 15 604 1
6.627 62.125 61.524 3 29 15 604 1
31.760 16.770 223.195 4 29 15 562 2
31.760 16.770 223.195 5 29 15 562 2
31.760 16.770 223.195 6 29 15 562 2
31.760 16.770 223.195 7 29 15 562 2
31.760 16.770 223.195 8 29 15 562 2
31.760 16.770 223.195 9 29 15 562 2
212.218 45.217 286.917 10 29 15 450 1
153.801 112.964 112.921 11 29 15 106 1
153.801 112.964 112.921 12 29 15 106 1
82.850 130.296 214.613 13 29 15 296 1
82.850 130.296 214.613 14 29 15 296 1
145.468 97.533 162.802 15 29 15 588 1
168.000 118.190 82.347 16 29 15 573 4
168.000 118.190 82.347 17 29 15 573 4
30.521 78.833 228.403 18 29 15 577 4
30.521 78.833 228.403 19 29 15 577 4
30.521 78.833 228.403 20 29 15 577 4
359.392 81.007 259.773 21 29 15 576 4
359.392 81.007 259.773 22 29 15 576 4
359.392 81.007 259.773 23 29 15 576 4
359.392 81.007 259.773 24 29 15 576 4
359.392 81.007 259.773 25 29 15 576 4
359.392 81.007 259.773 26 29 15 576 4
359.392 81.007 259.773 27 29 15 576 4
359.392 81.007 259.773 28 29 15 576 4
359.392 81.007 259.773 29 29 15 576 4
359.392 81.007 259.773 30 29 15 576 4
204.844 119.627 193.244 1 30 15 474 2
6.627 62.125 61.524 2 30 15 604 1
6.627 62.125 61.524 3 30 15 604 1
31.760 16.770 223.195 4 30 15 562 2
31.760 16.770 223.195 5 30 15 562 2
31.760 16.770 223.195 6 30 15 562 2
31.760 16.770 223.195 7 30 15 562 2
31.760 16.770 223.195 8 30 15 562 2
31.760 16.770 223.195 9 30 15 562 2
153.801 112.964 112.921 10 30 15 106 1
153.801 112.964 112.921 11 30 15 106 1
213.920 69.061 270.199 12 30 15 199 1
213.920 69.061 270.199 13 30 15 199 1
82.850 130.296 214.613 14 30 15 296 1
82.850 130.296 214.613 15 30 15 296 1
168.000 118.190 82.347 16 30 15 573 4
30.521 78.833 228.403 17 30 15 577 4
30.521 78.833 228.403 18 30 15 577 4
30.521 78.833 228.403 19 30 15 577 4
30.521 78.833 228.403 20 30 15 577 4
359.392 81.007 259.773 21 30 15 576 4
359.392 81.007 259.773 22 30 15 576 4
359.392 81.007 259.773 23 30 15 576 4
359.392 81.007 259.773 24 30 15 576 4
359.392 81.007 259.773 25 30 15 576 4
359.392 81.007 259.773 26 30 15 576 4
359.392 81.007 259.773 27 30 15 576 4
359.392 81.007 259.773 28 30 15 576 4
359.392 81.007 259.773 29 30 15 576 4
359.392 81.007 259.773 30 30 15 576 4
