240.413 46.563 325.425 1 1 22 569 3
240.413 46.563 325.425 2 1 22 569 3
240.413 46.563 325.425 3 1 22 569 3
240.413 46.563 325.425 4 1 22 569 3
240.413 46.563 325.425 5 1 22 569 3
240.413 46.563 325.425 6 1 22 569 3
240.413 46.563 325.425 7 1 22 569 3
240.413 46.563 325.425 8 1 22 569 3
240.413 46.563 325.425 9 1 22 569 3
240.413 46.563 325.425 10 1 22 569 3
240.413 46.563 325.425 11 1 22 569 3
240.413 46.563 325.425 12 1 22 569 3
240.413 46.563 325.425 13 1 22 569 3
240.413 46.563 325.425 14 1 22 569 3
240.413 46.563 325.425 15 1 22 569 3
240.413 46.563 325.425 16 1 22 569 3
240.413 46.563 325.425 17 1 22 569 3
240.413 46.563 325.425 18 1 22 569 3
240.413 46.563 325.425 19 1 22 569 3
240.413 46.563 325.425 20 1 22 569 3
240.413 46.563 325.425 21 1 22 569 3
240.413 46.563 325.425 22 1 22 569 3
240.413 46.563 325.425 23 1 22 569 3
190.618 92.255 142.635 24 1 22 281 1
190.618 92.255 142.635 25 1 22 281 1
190.618 92.255 142.635 26 1 22 281 1
311.665 79.386 38.217 27 1 22 512 2
311.665 79.386 38.217 28 1 22 512 2
311.665 79.386 38.217 29 1 22 512 2
311.665 79.386 38.217 30 1 22 512 2
240.413 46.563 325.425 1 2 22 569 3
240.413 46.563 325.425 2 2 22 569 3
240.413 46.563 325.425 3 2 22 569 3
240.413 46.563 325.425 4 2 22 569 3
240.413 46.563 325.425 5 2 22 569 3
240.413 46.563 325.425 6 2 22 569 3
240.413 46.563 325.425 7 2 22 569 3
240.413 46.563 325.425 8 2 22 569 3
240.413 46.563 325.425 9 2 22 569 3
240.413 46.563 325.425 10 2 22 569 3
240.413 46.563 325.425 11 2 22 569 3
203.941 127.820 60.543 12 2 22 193 1
240.413 46.563 325.425 13 2 22 569 3
256.092 45.742 48.642 14 2 22 209 1
240.413 46.563 325.425 15 2 22 569 3
5.401 91.019 293.131 16 2 22 34 1
240.413 46.563 325.425 17 2 22 569 3
240.413 46.563 325.425 18 2 22 569 3
240.413 46.563 325.425 19 2 22 569 3
240.413 46.563 325.425 20 2 22 569 3
240.413 46.563 325.425 21 2 22 569 3
240.413 46.563 325.425 22 2 22 569 3
240.413 46.563 325.425 23 2 22 569 3
190.618 92.255 142.635 24 2 22 281 1
190.618 92.255 142.635 25 2 22 281 1
190.618 92.255 142.635 26 2 22 281 1
311.665 79.386 38.217 27 2 22 512 2
311.665 79.386 38.217 28 2 22 512 2
311.665 79.386 38.217 29 2 22 512 2
311.665 79.386 38.217 30 2 22 512 2
240.413 46.563 325.425 1 3 22 569 3
240.413 46.563 325.425 2 3 22 569 3
240.413 46.563 325.425 3 3 22 569 3
240.413 46.563 325.425 4 3 22 569 3
240.413 46.563 325.425 5 3 22 569 3
240.413 46.563 325.425 6 3 22 569 3
240.413 46.563 325.425 7 3 22 569 3
240.413 46.563 325.425 8 3 22 569 3
240.413 46.563 325.425 9 3 22 569 3
240.413 46.563 325.425 10 3 22 569 3
240.413 46.563 325.425 11 3 22 569 3
240.413 46.563 325.425 12 3 22 569 3
240.413 46.563 325.425 13 3 22 569 3
240.413 46.563 325.425 14 3 22 569 3
240.413 46.563 325.425 15 3 22 569 3
240.413 46.563 325.425 16 3 22 569 3
240.413 46.563 325.425 17 3 22 569 3
240.413 46.563 325.425 18 3 22 569 3
240.413 46.563 325.425 19 3 22 569 3
240.413 46.563 325.425 20 3 22 569 3
240.413 46.563 325.425 21 3 22 569 3
238.760 82.554 20.507 22 3 22 352 1
240.413 46.563 325.425 23 3 22 569 3
190.618 92.255 142.635 24 3 22 281 1
190.618 92.255 142.635 25 3 22 281 1
190.618 92.255 142.635 26 3 22 281 1
311.665 79.386 38.217 27 3 22 512 2
311.665 79.386 38.217 28 3 22 512 2
311.665 79.386 38.217 29 3 22 512 2
311.665 79.386 38.217 30 3 22 512 2
240.413 46.563 325.425 1 4 22 569 3
240.413 46.563 325.425 2 4 22 569 3
240.413 46.563 325.425 3 4 22 569 3
240.413 46.563 325.425 4 4 22 569 3
240.413 46.563 325.425 5 4 22 569 3
240.413 46.563 325.425 6 4 22 569 3
240.413 46.563 325.425 7 4 22 569 3
240.413 46.563 325.425 8 4 22 569 3
240.413 46.563 325.425 9 4 22 569 3
240.413 46.563 325.425 10 4 22 569 3
240.413 46.563 325.425 11 4 22 569 3
240.413 46.563 325.425 12 4 22 569 3
240.413 46.563 325.425 13 4 22 569 3
240.413 46.563 325.425 14 4 22 569 3
240.413 46.563 325.425 15 4 22 569 3
19.738 105.132 251.371 16 4 22 141 1
240.413 46.563 325.425 17 4 22 569 3
240.413 46.563 325.425 18 4 22 569 3
240.413 46.563 325.425 19 4 22 569 3
240.413 46.563 325.425 20 4 22 569 3
240.413 46.563 325.425 21 4 22 569 3
240.413 46.563 325.425 22 4 22 569 3
240.413 46.563 325.425 23 4 22 569 3
240.413 46.563 325.425 24 4 22 569 3
190.618 92.255 142.635 25 4 22 281 1
190.618 92.255 142.635 26 4 22 281 1
190.618 92.255 142.635 27 4 22 281 1
311.665 79.386 38.217 28 4 22 512 2
311.665 79.386 38.217 29 4 22 512 2
311.665 79.386 38.217 30 4 22 512 2
240.413 46.563 325.425 1 5 22 569 3
240.413 46.563 325.425 2 5 22 569 3
240.413 46.563 325.425 3 5 22 569 3
240.413 46.563 325.425 4 5 22 569 3
240.413 46.563 325.425 5 5 22 569 3
240.413 46.563 325.425 6 5 22 569 3
240.413 46.563 325.425 7 5 22 569 3
240.413 46.563 325.425 8 5 22 569 3
240.413 46.563 325.425 9 5 22 569 3
240.413 46.563 325.425 10 5 22 569 3
240.413 46.563 325.425 11 5 22 569 3
240.413 46.563 325.425 12 5 22 569 3
240.413 46.563 325.425 13 5 22 569 3
240.413 46.563 325.425 14 5 22 569 3
240.413 46.563 325.425 15 5 22 569 3
240.413 46.563 325.425 16 5 22 569 3
240.413 46.563 325.425 17 5 22 569 3
240.413 46.563 325.425 18 5 22 569 3
240.413 46.563 325.425 19 5 22 569 3
240.413 46.563 325.425 20 5 22 569 3
240.413 46.563 325.425 21 5 22 569 3
240.413 46.563 325.425 22 5 22 569 3
240.413 46.563 325.425 23 5 22 569 3
240.413 46.563 325.425 24 5 22 569 3
190.618 92.255 142.635 25 5 22 281 1
190.618 92.255 142.635 26 5 22 281 1
190.618 92.255 142.635 27 5 22 281 1
311.665 79.386 38.217 28 5 22 512 2
311.665 79.386 38.217 29 5 22 512 2
239.721 121.492 30.845 30 5 22 536 2
240.413 46.563 325.425 1 6 22 569 3
240.413 46.563 325.425 2 6 22 569 3
240.413 46.563 325.425 3 6 22 569 3
240.413 46.563 325.425 4 6 22 569 3
240.413 46.563 325.425 5 6 22 569 3
240.413 46.563 325.425 6 6 22 569 3
240.413 46.563 325.425 7 6 22 569 3
240.413 46.563 325.425 8 6 22 569 3
240.413 46.563 325.425 9 6 22 569 3
240.413 46.563 325.425 10 6 22 569 3
240.413 46.563 325.425 11 6 22 569 3
240.413 46.563 325.425 12 6 22 569 3
240.413 46.563 325.425 13 6 22 569 3
113.363 80.868 333.755 14 6 22 385 1
240.413 46.563 325.425 15 6 22 569 3
240.413 46.563 325.425 16 6 22 569 3
240.413 46.563 325.425 17 6 22 569 3
240.413 46.563 325.425 18 6 22 569 3
240.413 46.563 325.425 19 6 22 569 3
240.413 46.563 325.425 20 6 22 569 3
240.413 46.563 325.425 21 6 22 569 3
240.413 46.563 325.425 22 6 22 569 3
240.413 46.563 325.425 23 6 22 569 3
240.413 46.563 325.425 24 6 22 569 3
60.731 32.048 110.098 25 6 22 501 2
60.731 32.048 110.098 26 6 22 501 2
60.731 32.048 110.098 27 6 22 501 2
354.551 113.766 266.441 28 6 22 189 1
311.665 79.386 38.217 29 6 22 512 2
239.721 121.492 30.845 30 6 22 536 2
240.413 46.563 325.425 1 7 22 569 3
240.413 46.563 325.425 2 7 22 569 3
240.413 46.563 325.425 3 7 22 569 3
240.413 46.563 325.425 4 7 22 569 3
240.413 46.563 325.425 5 7 22 569 3
240.413 46.563 325.425 6 7 22 569 3
240.413 46.563 325.425 7 7 22 569 3
240.413 46.563 325.425 8 7 22 569 3
240.413 46.563 325.425 9 7 22 569 3
240.413 46.563 325.425 10 7 22 569 3
240.413 46.563 325.425 11 7 22 569 3
240.413 46.563 325.425 12 7 22 569 3
240.413 46.563 325.425 13 7 22 569 3
240.413 46.563 325.425 14 7 22 569 3
240.413 46.563 325.425 15 7 22 569 3
240.413 46.563 325.425 16 7 22 569 3
240.413 46.563 325.425 17 7 22 569 3
240.413 46.563 325.425 18 7 22 569 3
240.413 46.563 325.425 19 7 22 569 3
240.413 46.563 325.425 20 7 22 569 3
240.413 46.563 325.425 21 7 22 569 3
240.413 46.563 325.425 22 7 22 569 3
240.413 46.563 325.425 23 7 22 569 3
240.413 46.563 325.425 24 7 22 569 3
60.731 32.048 110.098 25 7 22 501 2
60.731 32.048 110.098 26 7 22 501 2
60.731 32.048 110.098 27 7 22 501 2
60.731 32.048 110.098 28 7 22 501 2
277.388 43.139 204.362 29 7 22 579 4
277.388 43.139 204.362 30 7 22 579 4
240.413 46.563 325.425 1 8 22 569 3
240.413 46.563 325.425 2 8 22 569 3
240.413 46.563 325.425 3 8 22 569 3
240.413 46.563 325.425 4 8 22 569 3
240.413 46.563 325.425 5 8 22 569 3
240.413 46.563 325.425 6 8 22 569 3
240.413 46.563 325.425 7 8 22 569 3
240.413 46.563 325.425 8 8 22 569 3
240.413 46.563 325.425 9 8 22 569 3
240.413 46.563 325.425 10 8 22 569 3
240.413 46.563 325.425 11 8 22 569 3
240.413 46.563 325.425 12 8 22 569 3
240.413 46.563 325.425 13 8 22 569 3
240.413 46.563 325.425 14 8 22 569 3
240.413 46.563 325.425 15 8 22 569 3
240.413 46.563 325.425 16 8 22 569 3
240.413 46.563 325.425 17 8 22 569 3
240.413 46.563 325.425 18 8 22 569 3
240.413 46.563 325.425 19 8 22 569 3
240.413 46.563 325.425 20 8 22 569 3
240.413 46.563 325.425 21 8 22 569 3
240.413 46.563 325.425 22 8 22 569 3
240.413 46.563 325.425 23 8 22 569 3
240.413 46.563 325.425 24 8 22 569 3
60.731 32.048 110.098 25 8 22 501 2
60.731 32.048 110.098 26 8 22 501 2
60.731 32.048 110.098 27 8 22 501 2
60.731 32.048 110.098 28 8 22 501 2
277.388 43.139 204.362 29 8 22 579 4
277.388 43.139 204.362 30 8 22 579 4
240.413 46.563 325.425 1 9 22 569 3
240.413 46.563 325.425 2 9 22 569 3
240.413 46.563 325.425 3 9 22 569 3
240.413 46.563 325.425 4 9 22 569 3
240.413 46.563 325.425 5 9 22 569 3
240.413 46.563 325.425 6 9 22 569 3
240.413 46.563 325.425 7 9 22 569 3
240.413 46.563 325.425 8 9 22 569 3
240.413 46.563 325.425 9 9 22 569 3
240.413 46.563 325.425 10 9 22 569 3
240.413 46.563 325.425 11 9 22 569 3
240.413 46.563 325.425 12 9 22 569 3
240.413 46.563 325.425 13 9 22 569 3
240.413 46.563 325.425 14 9 22 569 3
240.413 46.563 325.425 15 9 22 569 3
240.413 46.563 325.425 16 9 22 569 3
240.413 46.563 325.425 17 9 22 569 3
240.413 46.563 325.425 18 9 22 569 3
240.413 46.563 325.425 19 9 22 569 3
240.413 46.563 325.425 20 9 22 569 3
240.413 46.563 325.425 21 9 22 569 3
240.413 46.563 325.425 22 9 22 569 3
240.413 46.563 325.425 23 9 22 569 3
119.689 86.430 3.290 24 9 22 529 2
119.689 86.430 3.290 25 9 22 529 2
60.731 32.048 110.098 26 9 22 501 2
60.731 32.048 110.098 27 9 22 501 2
277.388 43.139 204.362 28 9 22 579 4
277.388 43.139 204.362 29 9 22 579 4
277.388 43.139 204.362 30 9 22 579 4
240.413 46.563 325.425 1 10 22 569 3
240.413 46.563 325.425 2 10 22 569 3
240.413 46.563 325.425 3 10 22 569 3
240.413 46.563 325.425 4 10 22 569 3
240.413 46.563 325.425 5 10 22 569 3
77.540 114.828 152.100 6 10 22 505 2
240.413 46.563 325.425 7 10 22 569 3
240.413 46.563 325.425 8 10 22 569 3
240.413 46.563 325.425 9 10 22 569 3
240.413 46.563 325.425 10 10 22 569 3
240.413 46.563 325.425 11 10 22 569 3
240.413 46.563 325.425 12 10 22 569 3
240.413 46.563 325.425 13 10 22 569 3
240.413 46.563 325.425 14 10 22 569 3
240.413 46.563 325.425 15 10 22 569 3
240.413 46.563 325.425 16 10 22 569 3
240.413 46.563 325.425 17 10 22 569 3
240.413 46.563 325.425 18 10 22 569 3
240.413 46.563 325.425 19 10 22 569 3
240.413 46.563 325.425 20 10 22 569 3
240.413 46.563 325.425 21 10 22 569 3
240.413 46.563 325.425 22 10 22 569 3
240.413 46.563 325.425 23 10 22 569 3
119.689 86.430 3.290 24 10 22 529 2
277.388 43.139 204.362 25 10 22 579 4
277.388 43.139 204.362 26 10 22 579 4
277.388 43.139 204.362 27 10 22 579 4
277.388 43.139 204.362 28 10 22 579 4
277.388 43.139 204.362 29 10 22 579 4
277.388 43.139 204.362 30 10 22 579 4
240.413 46.563 325.425 1 11 22 569 3
240.413 46.563 325.425 2 11 22 569 3
240.413 46.563 325.425 3 11 22 569 3
240.413 46.563 325.425 4 11 22 569 3
240.413 46.563 325.425 5 11 22 569 3
240.413 46.563 325.425 6 11 22 569 3
240.413 46.563 325.425 7 11 22 569 3
240.413 46.563 325.425 8 11 22 569 3
240.413 46.563 325.425 9 11 22 569 3
240.413 46.563 325.425 10 11 22 569 3
240.413 46.563 325.425 11 11 22 569 3
240.413 46.563 325.425 12 11 22 569 3
240.413 46.563 325.425 13 11 22 569 3
240.413 46.563 325.425 14 11 22 569 3
240.413 46.563 325.425 15 11 22 569 3
240.413 46.563 325.425 16 11 22 569 3
240.413 46.563 325.425 17 11 22 569 3
240.413 46.563 325.425 18 11 22 569 3
240.413 46.563 325.425 19 11 22 569 3
250.272 105.411 139.638 20 11 22 556 2
250.272 105.411 139.638 21 11 22 556 2
101.807 52.241 339.281 22 11 22 586 4
101.807 52.241 339.281 23 11 22 586 4
101.807 52.241 339.281 24 11 22 586 4
101.807 52.241 339.281 25 11 22 586 4
101.807 52.241 339.281 26 11 22 586 4
101.807 52.241 339.281 27 11 22 586 4
277.388 43.139 204.362 28 11 22 579 4
277.388 43.139 204.362 29 11 22 579 4
277.388 43.139 204.362 30 11 22 579 4
240.413 46.563 325.425 1 12 22 569 3
240.413 46.563 325.425 2 12 22 569 3
240.413 46.563 325.425 3 12 22 569 3
240.413 46.563 325.425 4 12 22 569 3
240.413 46.563 325.425 5 12 22 569 3
240.413 46.563 325.425 6 12 22 569 3
240.413 46.563 325.425 7 12 22 569 3
240.413 46.563 325.425 8 12 22 569 3
240.413 46.563 325.425 9 12 22 569 3
240.413 46.563 325.425 10 12 22 569 3
240.413 46.563 325.425 11 12 22 569 3
240.413 46.563 325.425 12 12 22 569 3
240.413 46.563 325.425 13 12 22 569 3
240.413 46.563 325.425 14 12 22 569 3
240.413 46.563 325.425 15 12 22 569 3
240.413 46.563 325.425 16 12 22 569 3
240.413 46.563 325.425 17 12 22 569 3
240.413 46.563 325.425 18 12 22 569 3
101.807 52.241 339.281 19 12 22 586 4
14.655 135.739 336.654 20 12 22 328 1
250.272 105.411 139.638 21 12 22 556 2
101.807 52.241 339.281 22 12 22 586 4
101.807 52.241 339.281 23 12 22 586 4
101.807 52.241 339.281 24 12 22 586 4
101.807 52.241 339.281 25 12 22 586 4
101.807 52.241 339.281 26 12 22 586 4
101.807 52.241 339.281 27 12 22 586 4
101.807 52.241 339.281 28 12 22 586 4
101.807 52.241 339.281 29 12 22 586 4
101.807 52.241 339.281 30 12 22 586 4
240.413 46.563 325.425 1 13 22 569 3
240.413 46.563 325.425 2 13 22 569 3
240.413 46.563 325.425 3 13 22 569 3
240.413 46.563 325.425 4 13 22 569 3
240.413 46.563 325.425 5 13 22 569 3
240.413 46.563 325.425 6 13 22 569 3
240.413 46.563 325.425 7 13 22 569 3
240.413 46.563 325.425 8 13 22 569 3
240.413 46.563 325.425 9 13 22 569 3
240.413 46.563 325.425 10 13 22 569 3
240.413 46.563 325.425 11 13 22 569 3
240.413 46.563 325.425 12 13 22 569 3
240.413 46.563 325.425 13 13 22 569 3
240.413 46.563 325.425 14 13 22 569 3
240.413 46.563 325.425 15 13 22 569 3
101.807 52.241 339.281 16 13 22 586 4
101.807 52.241 339.281 17 13 22 586 4
101.807 52.241 339.281 18 13 22 586 4
101.807 52.241 339.281 19 13 22 586 4
250.272 105.411 139.638 20 13 22 556 2
250.272 105.411 139.638 21 13 22 556 2
101.807 52.241 339.281 22 13 22 586 4
101.807 52.241 339.281 23 13 22 586 4
101.807 52.241 339.281 24 13 22 586 4
101.807 52.241 339.281 25 13 22 586 4
101.807 52.241 339.281 26 13 22 586 4
101.807 52.241 339.281 27 13 22 586 4
101.807 52.241 339.281 28 13 22 586 4
101.807 52.241 339.281 29 13 22 586 4
101.807 52.241 339.281 30 13 22 586 4
240.413 46.563 325.425 1 14 22 569 3
240.413 46.563 325.425 2 14 22 569 3
240.413 46.563 325.425 3 14 22 569 3
240.413 46.563 325.425 4 14 22 569 3
240.413 46.563 325.425 5 14 22 569 3
240.413 46.563 325.425 6 14 22 569 3
240.413 46.563 325.425 7 14 22 569 3
240.413 46.563 325.425 8 14 22 569 3
240.413 46.563 325.425 9 14 22 569 3
240.413 46.563 325.425 10 14 22 569 3
240.413 46.563 325.425 11 14 22 569 3
240.413 46.563 325.425 12 14 22 569 3
101.807 52.241 339.281 13 14 22 586 4
101.807 52.241 339.281 14 14 22 586 4
101.807 52.241 339.281 15 14 22 586 4
101.807 52.241 339.281 16 14 22 586 4
101.807 52.241 339.281 17 14 22 586 4
101.807 52.241 339.281 18 14 22 586 4
101.807 52.241 339.281 19 14 22 586 4
101.807 52.241 339.281 20 14 22 586 4
101.807 52.241 339.281 21 14 22 586 4
101.807 52.241 339.281 22 14 22 586 4
101.807 52.241 339.281 23 14 22 586 4
101.807 52.241 339.281 24 14 22 586 4
101.807 52.241 339.281 25 14 22 586 4
101.807 52.241 339.281 26 14 22 586 4
101.807 52.241 339.281 27 14 22 586 4
101.807 52.241 339.281 28 14 22 586 4
101.807 52.241 339.281 29 14 22 586 4
101.807 52.241 339.281 30 14 22 586 4
240.413 46.563 325.425 1 15 22 569 3
240.413 46.563 325.425 2 15 22 569 3
240.413 46.563 325.425 3 15 22 569 3
240.413 46.563 325.425 4 15 22 569 3
240.413 46.563 325.425 5 15 22 569 3
240.413 46.563 325.425 6 15 22 569 3
240.413 46.563 325.425 7 15 22 569 3
240.413 46.563 325.425 8 15 22 569 3
101.807 52.241 339.281 9 15 22 586 4
101.807 52.241 339.281 10 15 22 586 4
101.807 52.241 339.281 11 15 22 586 4
101.807 52.241 339.281 12 15 22 586 4
101.807 52.241 339.281 13 15 22 586 4
101.807 52.241 339.281 14 15 22 586 4
101.807 52.241 339.281 15 15 22 586 4
101.807 52.241 339.281 16 15 22 586 4
101.807 52.241 339.281 17 15 22 586 4
101.807 52.241 339.281 18 15 22 586 4
101.807 52.241 339.281 19 15 22 586 4
101.807 52.241 339.281 20 15 22 586 4
101.807 52.241 339.281 21 15 22 586 4
101.807 52.241 339.281 22 15 22 586 4
101.807 52.241 339.281 23 15 22 586 4
101.807 52.241 339.281 24 15 22 586 4
101.807 52.241 339.281 25 15 22 586 4
101.807 52.241 339.281 26 15 22 586 4
101.807 52.241 339.281 27 15 22 586 4
101.807 52.241 339.281 28 15 22 586 4
101.807 52.241 339.281 29 15 22 586 4
101.807 52.241 339.281 30 15 22 586 4
240.413 46.563 325.425 1 16 22 569 3
240.413 46.563 325.425 2 16 22 569 3
240.413 46.563 325.425 3 16 22 569 3
101.807 52.241 339.281 4 16 22 586 4
101.807 52.241 339.281 5 16 22 586 4
101.807 52.241 339.281 6 16 22 586 4
101.807 52.241 339.281 7 16 22 586 4
101.807 52.241 339.281 8 16 22 586 4
101.807 52.241 339.281 9 16 22 586 4
101.807 52.241 339.281 10 16 22 586 4
101.807 52.241 339.281 11 16 22 586 4
101.807 52.241 339.281 12 16 22 586 4
101.807 52.241 339.281 13 16 22 586 4
101.807 52.241 339.281 14 16 22 586 4
101.807 52.241 339.281 15 16 22 586 4
101.807 52.241 339.281 16 16 22 586 4
101.807 52.241 339.281 17 16 22 586 4
101.807 52.241 339.281 18 16 22 586 4
101.807 52.241 339.281 19 16 22 586 4
101.807 52.241 339.281 20 16 22 586 4
101.807 52.241 339.281 21 16 22 586 4
101.807 52.241 339.281 22 16 22 586 4
101.807 52.241 339.281 23 16 22 586 4
101.807 52.241 339.281 24 16 22 586 4
101.807 52.241 339.281 25 16 22 586 4
101.807 52.241 339.281 26 16 22 586 4
101.807 52.241 339.281 27 16 22 586 4
101.807 52.241 339.281 28 16 22 586 4
101.807 52.241 339.281 29 16 22 586 4
101.807 52.241 339.281 30 16 22 586 4
353.029 29.766 16.637 1 17 22 295 1
101.807 52.241 339.281 2 17 22 586 4
101.807 52.241 339.281 3 17 22 586 4
101.807 52.241 339.281 4 17 22 586 4
101.807 52.241 339.281 5 17 22 586 4
101.807 52.241 339.281 6 17 22 586 4
101.807 52.241 339.281 7 17 22 586 4
101.807 52.241 339.281 8 17 22 586 4
101.807 52.241 339.281 9 17 22 586 4
101.807 52.241 339.281 10 17 22 586 4
101.807 52.241 339.281 11 17 22 586 4
101.807 52.241 339.281 12 17 22 586 4
101.807 52.241 339.281 13 17 22 586 4
101.807 52.241 339.281 14 17 22 586 4
101.807 52.241 339.281 15 17 22 586 4
101.807 52.241 339.281 16 17 22 586 4
101.807 52.241 339.281 17 17 22 586 4
101.807 52.241 339.281 18 17 22 586 4
101.807 52.241 339.281 19 17 22 586 4
101.807 52.241 339.281 20 17 22 586 4
101.807 52.241 339.281 21 17 22 586 4
101.807 52.241 339.281 22 17 22 586 4
101.807 52.241 339.281 23 17 22 586 4
101.807 52.241 339.281 24 17 22 586 4
101.807 52.241 339.281 25 17 22 586 4
101.807 52.241 339.281 26 17 22 586 4
101.807 52.241 339.281 27 17 22 586 4
101.807 52.241 339.281 28 17 22 586 4
101.807 52.241 339.281 29 17 22 586 4
101.807 52.241 339.281 30 17 22 586 4
353.029 29.766 16.637 1 18 22 295 1
353.029 29.766 16.637 2 18 22 295 1
353.029 29.766 16.637 3 18 22 295 1
101.807 52.241 339.281 4 18 22 586 4
101.807 52.241 339.281 5 18 22 586 4
101.807 52.241 339.281 6 18 22 586 4
101.807 52.241 339.281 7 18 22 586 4
101.807 52.241 339.281 8 18 22 586 4
101.807 52.241 339.281 9 18 22 586 4
101.807 52.241 339.281 10 18 22 586 4
101.807 52.241 339.281 11 18 22 586 4
101.807 52.241 339.281 12 18 22 586 4
101.807 52.241 339.281 13 18 22 586 4
101.807 52.241 339.281 14 18 22 586 4
101.807 52.241 339.281 15 18 22 586 4
101.807 52.241 339.281 16 18 22 586 4
101.807 52.241 339.281 17 18 22 586 4
101.807 52.241 339.281 18 18 22 586 4
101.807 52.241 339.281 19 18 22 586 4
101.807 52.241 339.281 20 18 22 586 4
101.807 52.241 339.281 21 18 22 586 4
101.807 52.241 339.281 22 18 22 586 4
101.807 52.241 339.281 23 18 22 586 4
101.807 52.241 339.281 24 18 22 586 4
101.807 52.241 339.281 25 18 22 586 4
101.807 52.241 339.281 26 18 22 586 4
101.807 52.241 339.281 27 18 22 586 4
101.807 52.241 339.281 28 18 22 586 4
101.807 52.241 339.281 29 18 22 586 4
101.807 52.241 339.281 30 18 22 586 4
353.029 29.766 16.637 1 19 22 295 1
353.029 29.766 16.637 2 19 22 295 1
101.807 52.241 339.281 3 19 22 586 4
101.807 52.241 339.281 4 19 22 586 4
101.807 52.241 339.281 5 19 22 586 4
101.807 52.241 339.281 6 19 22 586 4
101.807 52.241 339.281 7 19 22 586 4
101.807 52.241 339.281 8 19 22 586 4
101.807 52.241 339.281 9 19 22 586 4
101.807 52.241 339.281 10 19 22 586 4
101.807 52.241 339.281 11 19 22 586 4
101.807 52.241 339.281 12 19 22 586 4
101.807 52.241 339.281 13 19 22 586 4
101.807 52.241 339.281 14 19 22 586 4
101.807 52.241 339.281 15 19 22 586 4
101.807 52.241 339.281 16 19 22 586 4
101.807 52.241 339.281 17 19 22 586 4
101.807 52.241 339.281 18 19 22 586 4
101.807 52.241 339.281 19 19 22 586 4
101.807 52.241 339.281 20 19 22 586 4
101.807 52.241 339.281 21 19 22 586 4
101.807 52.241 339.281 22 19 22 586 4
101.807 52.241 339.281 23 19 22 586 4
101.807 52.241 339.281 24 19 22 586 4
101.807 52.241 339.281 25 19 22 586 4
101.807 52.241 339.281 26 19 22 586 4
101.807 52.241 339.281 27 19 22 586 4
101.807 52.241 339.281 28 19 22 586 4
101.807 52.241 339.281 29 19 22 586 4
101.807 52.241 339.281 30 19 22 586 4
101.807 52.241 339.281 1 20 22 586 4
101.807 52.241 339.281 2 20 22 586 4
101.807 52.241 339.281 3 20 22 586 4
101.807 52.241 339.281 4 20 22 586 4
101.807 52.241 339.281 5 20 22 586 4
101.807 52.241 339.281 6 20 22 586 4
101.807 52.241 339.281 7 20 22 586 4
101.807 52.241 339.281 8 20 22 586 4
101.807 52.241 339.281 9 20 22 586 4
101.807 52.241 339.281 10 20 22 586 4
101.807 52.241 339.281 11 20 22 586 4
101.807 52.241 339.281 12 20 22 586 4
101.807 52.241 339.281 13 20 22 586 4
101.807 52.241 339.281 14 20 22 586 4
101.807 52.241 339.281 15 20 22 586 4
101.807 52.241 339.281 16 20 22 586 4
101.807 52.241 339.281 17 20 22 586 4
101.807 52.241 339.281 18 20 22 586 4
101.807 52.241 339.281 19 20 22 586 4
101.807 52.241 339.281 20 20 22 586 4
101.807 52.241 339.281 21 20 22 586 4
101.807 52.241 339.281 22 20 22 586 4
101.807 52.241 339.281 23 20 22 586 4
101.807 52.241 339.281 24 20 22 586 4
101.807 52.241 339.281 25 20 22 586 4
101.807 52.241 339.281 26 20 22 586 4
101.807 52.241 339.281 27 20 22 586 4
101.807 52.241 339.281 28 20 22 586 4
101.807 52.241 339.281 29 20 22 586 4
101.807 52.241 339.281 30 20 22 586 4
101.807 52.241 339.281 1 21 22 586 4
101.807 52.241 339.281 2 21 22 586 4
101.807 52.241 339.281 3 21 22 586 4
101.807 52.241 339.281 4 21 22 586 4
101.807 52.241 339.281 5 21 22 586 4
101.807 52.241 339.281 6 21 22 586 4
101.807 52.241 339.281 7 21 22 586 4
101.807 52.241 339.281 8 21 22 586 4
101.807 52.241 339.281 9 21 22 586 4
101.807 52.241 339.281 10 21 22 586 4
101.807 52.241 339.281 11 21 22 586 4
101.807 52.241 339.281 12 21 22 586 4
101.807 52.241 339.281 13 21 22 586 4
101.807 52.241 339.281 14 21 22 586 4
101.807 52.241 339.281 15 21 22 586 4
101.807 52.241 339.281 16 21 22 586 4
101.807 52.241 339.281 17 21 22 586 4
101.807 52.241 339.281 18 21 22 586 4
101.807 52.241 339.281 19 21 22 586 4
101.807 52.241 339.281 20 21 22 586 4
101.807 52.241 339.281 21 21 22 586 4
101.807 52.241 339.281 22 21 22 586 4
101.807 52.241 339.281 23 21 22 586 4
101.807 52.241 339.281 24 21 22 586 4
101.807 52.241 339.281 25 21 22 586 4
101.807 52.241 339.281 26 21 22 586 4
82.506 72.834 7.922 27 21 22 308 1
101.807 52.241 339.281 28 21 22 586 4
101.807 52.241 339.281 29 21 22 586 4
101.807 52.241 339.281 30 21 22 586 4
101.807 52.241 339.281 1 22 22 586 4
101.807 52.241 339.281 2 22 22 586 4
101.807 52.241 339.281 3 22 22 586 4
101.807 52.241 339.281 4 22 22 586 4
101.807 52.241 339.281 5 22 22 586 4
101.807 52.241 339.281 6 22 22 586 4
101.807 52.241 339.281 7 22 22 586 4
101.807 52.241 339.281 8 22 22 586 4
101.807 52.241 339.281 9 22 22 586 4
101.807 52.241 339.281 10 22 22 586 4
101.807 52.241 339.281 11 22 22 586 4
101.807 52.241 339.281 12 22 22 586 4
101.807 52.241 339.281 13 22 22 586 4
101.807 52.241 339.281 14 22 22 586 4
101.807 52.241 339.281 15 22 22 586 4
101.807 52.241 339.281 16 22 22 586 4
101.807 52.241 339.281 17 22 22 586 4
101.807 52.241 339.281 18 22 22 586 4
101.807 52.241 339.281 19 22 22 586 4
101.807 52.241 339.281 20 22 22 586 4
101.807 52.241 339.281 21 22 22 586 4
101.807 52.241 339.281 22 22 22 586 4
101.807 52.241 339.281 23 22 22 586 4
101.807 52.241 339.281 24 22 22 586 4
101.807 52.241 339.281 25 22 22 586 4
101.807 52.241 339.281 26 22 22 586 4
82.506 72.834 7.922 27 22 22 308 1
82.506 72.834 7.922 28 22 22 308 1
82.506 72.834 7.922 29 22 22 308 1
359.392 81.007 259.773 30 22 22 576 4
101.807 52.241 339.281 1 23 22 586 4
101.807 52.241 339.281 2 23 22 586 4
101.807 52.241 339.281 3 23 22 586 4
101.807 52.241 339.281 4 23 22 586 4
101.807 52.241 339.281 5 23 22 586 4
101.807 52.241 339.281 6 23 22 586 4
101.807 52.241 339.281 7 23 22 586 4
101.807 52.241 339.281 8 23 22 586 4
101.807 52.241 339.281 9 23 22 586 4
101.807 52.241 339.281 10 23 22 586 4
101.807 52.241 339.281 11 23 22 586 4
101.807 52.241 339.281 12 23 22 586 4
101.807 52.241 339.281 13 23 22 586 4
101.807 52.241 339.281 14 23 22 586 4
101.807 52.241 339.281 15 23 22 586 4
101.807 52.241 339.281 16 23 22 586 4
101.807 52.241 339.281 17 23 22 586 4
101.807 52.241 339.281 18 23 22 586 4
101.807 52.241 339.281 19 23 22 586 4
101.807 52.241 339.281 20 23 22 586 4
101.807 52.241 339.281 21 23 22 586 4
101.807 52.241 339.281 22 23 22 586 4
101.807 52.241 339.281 23 23 22 586 4
158.550 68.310 262.678 24 23 22 318 1
158.550 68.310 262.678 25 23 22 318 1
158.550 68.310 262.678 26 23 22 318 1
82.506 72.834 7.922 27 23 22 308 1
82.506 72.834 7.922 28 23 22 308 1
82.506 72.834 7.922 29 23 22 308 1
359.392 81.007 259.773 30 23 22 576 4
101.807 52.241 339.281 1 24 22 586 4
101.807 52.241 339.281 2 24 22 586 4
101.807 52.241 339.281 3 24 22 586 4
101.807 52.241 339.281 4 24 22 586 4
101.807 52.241 339.281 5 24 22 586 4
101.807 52.241 339.281 6 24 22 586 4
101.807 52.241 339.281 7 24 22 586 4
101.807 52.241 339.281 8 24 22 586 4
101.807 52.241 339.281 9 24 22 586 4
101.807 52.241 339.281 10 24 22 586 4
101.807 52.241 339.281 11 24 22 586 4
101.807 52.241 339.281 12 24 22 586 4
101.807 52.241 339.281 13 24 22 586 4
101.807 52.241 339.281 14 24 22 586 4
101.807 52.241 339.281 15 24 22 586 4
101.807 52.241 339.281 16 24 22 586 4
101.807 52.241 339.281 17 24 22 586 4
101.807 52.241 339.281 18 24 22 586 4
101.807 52.241 339.281 19 24 22 586 4
101.807 52.241 339.281 20 24 22 586 4
183.177 126.985 177.016 21 24 22 451 1
183.177 126.985 177.016 22 24 22 451 1
183.177 126.985 177.016 23 24 22 451 1
158.550 68.310 262.678 24 24 22 318 1
158.550 68.310 262.678 25 24 22 318 1
158.550 68.310 262.678 26 24 22 318 1
229.683 62.829 181.627 27 24 22 621 2
229.683 62.829 181.627 28 24 22 621 2
229.683 62.829 181.627 29 24 22 621 2
229.683 62.829 181.627 30 24 22 621 2
101.807 52.241 339.281 1 25 22 586 4
101.807 52.241 339.281 2 25 22 586 4
101.807 52.241 339.281 3 25 22 586 4
101.807 52.241 339.281 4 25 22 586 4
101.807 52.241 339.281 5 25 22 586 4
101.807 52.241 339.281 6 25 22 586 4
101.807 52.241 339.281 7 25 22 586 4
101.807 52.241 339.281 8 25 22 586 4
101.807 52.241 339.281 9 25 22 586 4
101.807 52.241 339.281 10 25 22 586 4
101.807 52.241 339.281 11 25 22 586 4
101.807 52.241 339.281 12 25 22 586 4
101.807 52.241 339.281 13 25 22 586 4
101.807 52.241 339.281 14 25 22 586 4
101.807 52.241 339.281 15 25 22 586 4
101.807 52.241 339.281 16 25 22 586 4
101.807 52.241 339.281 17 25 22 586 4
237.989 31.371 239.129 18 25 22 88 1
237.989 31.371 239.129 19 25 22 88 1
94.881 109.778 237.073 20 25 22 574 4
223.846 78.248 0.723 21 25 22 394 1
223.846 78.248 0.723 22 25 22 394 1
223.846 78.248 0.723 23 25 22 394 1
273.030 85.940 319.256 24 25 22 327 1
158.550 68.310 262.678 25 25 22 318 1
229.683 62.829 181.627 26 25 22 621 2
229.683 62.829 181.627 27 25 22 621 2
229.683 62.829 181.627 28 25 22 621 2
229.683 62.829 181.627 29 25 22 621 2
229.683 62.829 181.627 30 25 22 621 2
101.807 52.241 339.281 1 26 22 586 4
101.807 52.241 339.281 2 26 22 586 4
101.807 52.241 339.281 3 26 22 586 4
101.807 52.241 339.281 4 26 22 586 4
101.807 52.241 339.281 5 26 22 586 4
101.807 52.241 339.281 6 26 22 586 4
101.807 52.241 339.281 7 26 22 586 4
101.807 52.241 339.281 8 26 22 586 4
101.807 52.241 339.281 9 26 22 586 4
101.807 52.241 339.281 10 26 22 586 4
101.807 52.241 339.281 11 26 22 586 4
195.126 47.725 276.391 12 26 22 220 1
195.126 47.725 276.391 13 26 22 220 1
195.126 47.725 276.391 14 26 22 220 1
14.395 73.569 184.659 15 26 22 551 2
14.395 73.569 184.659 16 26 22 551 2
237.989 31.371 239.129 17 26 22 88 1
237.989 31.371 239.129 18 26 22 88 1
237.989 31.371 239.129 19 26 22 88 1
223.846 78.248 0.723 20 26 22 394 1
223.846 78.248 0.723 21 26 22 394 1
223.846 78.248 0.723 22 26 22 394 1
94.881 109.778 237.073 23 26 22 574 4
273.030 85.940 319.256 24 26 22 327 1
273.030 85.940 319.256 25 26 22 327 1
229.683 62.829 181.627 26 26 22 621 2
229.683 62.829 181.627 27 26 22 621 2
229.683 62.829 181.627 28 26 22 621 2
229.683 62.829 181.627 29 26 22 621 2
229.683 62.829 181.627 30 26 22 621 2
331.145 87.321 193.595 1 27 22 378 1
331.145 87.321 193.595 2 27 22 378 1
204.844 119.627 193.244 3 27 22 474 2
204.844 119.627 193.244 4 27 22 474 2
204.844 119.627 193.244 5 27 22 474 2
161.846 75.361 189.042 6 27 22 584 4
161.846 75.361 189.042 7 27 22 584 4
101.807 52.241 339.281 8 27 22 586 4
101.807 52.241 339.281 9 27 22 586 4
101.807 52.241 339.281 10 27 22 586 4
195.126 47.725 276.391 11 27 22 220 1
195.126 47.725 276.391 12 27 22 220 1
195.126 47.725 276.391 13 27 22 220 1
195.126 47.725 276.391 14 27 22 220 1
14.395 73.569 184.659 15 27 22 551 2
14.395 73.569 184.659 16 27 22 551 2
237.989 31.371 239.129 17 27 22 88 1
237.989 31.371 239.129 18 27 22 88 1
237.989 31.371 239.129 19 27 22 88 1
223.846 78.248 0.723 20 27 22 394 1
223.846 78.248 0.723 21 27 22 394 1
223.846 78.248 0.723 22 27 22 394 1
223.846 78.248 0.723 23 27 22 394 1
273.030 85.940 319.256 24 27 22 327 1
273.030 85.940 319.256 25 27 22 327 1
229.683 62.829 181.627 26 27 22 621 2
229.683 62.829 181.627 27 27 22 621 2
229.683 62.829 181.627 28 27 22 621 2
229.683 62.829 181.627 29 27 22 621 2
229.683 62.829 181.627 30 27 22 621 2
331.145 87.321 193.595 1 28 22 378 1
331.145 87.321 193.595 2 28 22 378 1
204.844 119.627 193.244 3 28 22 474 2
204.844 119.627 193.244 4 28 22 474 2
204.844 119.627 193.244 5 28 22 474 2
161.846 75.361 189.042 6 28 22 584 4
161.846 75.361 189.042 7 28 22 584 4
161.846 75.361 189.042 8 28 22 584 4
161.846 75.361 189.042 9 28 22 584 4
231.985 91.346 142.237 10 28 22 537 2
231.985 91.346 142.237 11 28 22 537 2
195.126 47.725 276.391 12 28 22 220 1
42.336 56.663 218.329 13 28 22 578 4
42.336 56.663 218.329 14 28 22 578 4
14.395 73.569 184.659 15 28 22 551 2
14.395 73.569 184.659 16 28 22 551 2
14.395 73.569 184.659 17 28 22 551 2
237.989 31.371 239.129 18 28 22 88 1
237.989 31.371 239.129 19 28 22 88 1
223.846 78.248 0.723 20 28 22 394 1
223.846 78.248 0.723 21 28 22 394 1
223.846 78.248 0.723 22 28 22 394 1
273.030 85.940 319.256 23 28 22 327 1
273.030 85.940 319.256 24 28 22 327 1
273.030 85.940 319.256 25 28 22 327 1
229.683 62.829 181.627 26 28 22 621 2
229.683 62.829 181.627 27 28 22 621 2
229.683 62.829 181.627 28 28 22 621 2
229.683 62.829 181.627 29 28 22 621 2
229.683 62.829 181.627 30 28 22 621 2
331.145 87.321 193.595 1 29 22 378 1
331.145 87.321 193.595 2 29 22 378 1
331.145 87.321 193.595 3 29 22 378 1
204.844 119.627 193.244 4 29 22 474 2
161.846 75.361 189.042 5 29 22 584 4
161.846 75.361 189.042 6 29 22 584 4
161.846 75.361 189.042 7 29 22 584 4
161.846 75.361 189.042 8 29 22 584 4
231.985 91.346 142.237 9 29 22 537 2
231.985 91.346 142.237 10 29 22 537 2
231.985 91.346 142.237 11 29 22 537 2
231.985 91.346 142.237 12 29 22 537 2
42.336 56.663 218.329 13 29 22 578 4
42.336 56.663 218.329 14 29 22 578 4
14.395 73.569 184.659 15 29 22 551 2
14.395 73.569 184.659 16 29 22 551 2
14.395 73.569 184.659 17 29 22 551 2
14.395 73.569 184.659 18 29 22 551 2
111.829 115.965 97.314 19 29 22 371 1
111.829 115.965 97.314 20 29 22 371 1
111.829 115.965 97.314 21 29 22 371 1
42.848 71.315 314.413 22 29 22 144 1
273.030 85.940 319.256 23 29 22 327 1
273.030 85.940 319.256 24 29 22 327 1
273.030 85.940 319.256 25 29 22 327 1
273.030 85.940 319.256 26 29 22 327 1
229.683 62.829 181.627 27 29 22 621 2
229.683 62.829 181.627 28 29 22 621 2
229.683 62.829 181.627 29 29 22 621 2
229.683 62.829 181.627 30 29 22 621 2
331.145 87.321 193.595 1 30 22 378 1
331.145 87.321 193.595 2 30 22 378 1
331.145 87.321 193.595 3 30 22 378 1
128.136 49.499 181.557 4 30 22 437 1
128.136 49.499 181.557 5 30 22 437 1
161.846 75.361 189.042 6 30 22 584 4
161.846 75.361 189.042 7 30 22 584 4
161.846 75.361 189.042 8 30 22 584 4
231.985 91.346 142.237 9 30 22 537 2
231.985 91.346 142.237 10 30 22 537 2
231.985 91.346 142.237 11 30 22 537 2
231.985 91.346 142.237 12 30 22 537 2
21.437 104.053 337.191 13 30 22 383 1
21.437 104.053 337.191 14 30 22 383 1
21.437 104.053 337.191 15 30 22 383 1
14.395 73.569 184.659 16 30 22 551 2
14.395 73.569 184.659 17 30 22 551 2
111.829 115.965 97.314 18 30 22 371 1
111.829 115.965 97.314 19 30 22 371 1
111.829 115.965 97.314 20 30 22 371 1
111.829 115.965 97.314 21 30 22 371 1
48.772 84.989 0.677 22 30 22 623 2
48.772 84.989 0.677 23 30 22 623 2
273.030 85.940 319.256 24 30 22 327 1
273.030 85.940 319.256 25 30 22 327 1
273.030 85.940 319.256 26 30 22 327 1
273.030 85.940 319.256 27 30 22 327 1
229.683 62.829 181.627 28 30 22 621 2
229.683 62.829 181.627 29 30 22 621 2
229.683 62.829 181.627 30 30 22 621 2
