333.562 100.457 264.474 1 1 1 362 1
333.562 100.457 264.474 2 1 1 362 1
333.562 100.457 264.474 3 1 1 362 1
171.053 122.217 88.002 4 1 1 526 2
171.053 122.217 88.002 5 1 1 526 2
171.053 122.217 88.002 6 1 1 526 2
171.053 122.217 88.002 7 1 1 526 2
171.053 122.217 88.002 8 1 1 526 2
171.053 122.217 88.002 9 1 1 526 2
171.053 122.217 88.002 10 1 1 526 2
240.413 46.563 325.425 11 1 1 569 3
240.413 46.563 325.425 12 1 1 569 3
240.413 46.563 325.425 13 1 1 569 3
240.413 46.563 325.425 14 1 1 569 3
240.413 46.563 325.425 15 1 1 569 3
240.413 46.563 325.425 16 1 1 569 3
240.413 46.563 325.425 17 1 1 569 3
240.413 46.563 325.425 18 1 1 569 3
240.413 46.563 325.425 19 1 1 569 3
240.413 46.563 325.425 20 1 1 569 3
240.413 46.563 325.425 21 1 1 569 3
240.413 46.563 325.425 22 1 1 569 3
240.413 46.563 325.425 23 1 1 569 3
240.413 46.563 325.425 24 1 1 569 3
240.413 46.563 325.425 25 1 1 569 3
240.413 46.563 325.425 26 1 1 569 3
240.413 46.563 325.425 27 1 1 569 3
240.413 46.563 325.425 28 1 1 569 3
240.413 46.563 325.425 29 1 1 569 3
240.413 46.563 325.425 30 1 1 569 3
333.562 100.457 264.474 1 2 1 362 1
333.562 100.457 264.474 2 2 1 362 1
58.568 85.242 358.625 3 2 1 126 1
171.053 122.217 88.002 4 2 1 526 2
171.053 122.217 88.002 5 2 1 526 2
171.053 122.217 88.002 6 2 1 526 2
171.053 122.217 88.002 7 2 1 526 2
171.053 122.217 88.002 8 2 1 526 2
171.053 122.217 88.002 9 2 1 526 2
171.053 122.217 88.002 10 2 1 526 2
240.413 46.563 325.425 11 2 1 569 3
240.413 46.563 325.425 12 2 1 569 3
240.413 46.563 325.425 13 2 1 569 3
240.413 46.563 325.425 14 2 1 569 3
240.413 46.563 325.425 15 2 1 569 3
240.413 46.563 325.425 16 2 1 569 3
240.413 46.563 325.425 17 2 1 569 3
240.413 46.563 325.425 18 2 1 569 3
240.413 46.563 325.425 19 2 1 569 3
240.413 46.563 325.425 20 2 1 569 3
240.413 46.563 325.425 21 2 1 569 3
240.413 46.563 325.425 22 2 1 569 3
240.413 46.563 325.425 23 2 1 569 3
240.413 46.563 325.425 24 2 1 569 3
240.413 46.563 325.425 25 2 1 569 3
240.413 46.563 325.425 26 2 1 569 3
240.413 46.563 325.425 27 2 1 569 3
99.790 35.654 357.713 28 2 1 6 1
240.413 46.563 325.425 29 2 1 569 3
240.413 46.563 325.425 30 2 1 569 3
58.568 85.242 358.625 1 3 1 126 1
58.568 85.242 358.625 2 3 1 126 1
58.568 85.242 358.625 3 3 1 126 1
58.568 85.242 358.625 4 3 1 126 1
171.053 122.217 88.002 5 3 1 526 2
171.053 122.217 88.002 6 3 1 526 2
171.053 122.217 88.002 7 3 1 526 2
171.053 122.217 88.002 8 3 1 526 2
171.053 122.217 88.002 9 3 1 526 2
171.053 122.217 88.002 10 3 1 526 2
240.413 46.563 325.425 11 3 1 569 3
240.413 46.563 325.425 12 3 1 569 3
240.413 46.563 325.425 13 3 1 569 3
240.413 46.563 325.425 14 3 1 569 3
240.413 46.563 325.425 15 3 1 569 3
240.413 46.563 325.425 16 3 1 569 3
240.413 46.563 325.425 17 3 1 569 3
240.413 46.563 325.425 18 3 1 569 3
240.413 46.563 325.425 19 3 1 569 3
240.413 46.563 325.425 20 3 1 569 3
240.413 46.563 325.425 21 3 1 569 3
240.413 46.563 325.425 22 3 1 569 3
240.413 46.563 325.425 23 3 1 569 3
240.413 46.563 325.425 24 3 1 569 3
240.413 46.563 325.425 25 3 1 569 3
240.413 46.563 325.425 26 3 1 569 3
240.413 46.563 325.425 27 3 1 569 3
240.413 46.563 325.425 28 3 1 569 3
240.413 46.563 325.425 29 3 1 569 3
240.413 46.563 325.425 30 3 1 569 3
49.163 52.972 55.873 1 4 1 608 1
49.163 52.972 55.873 2 4 1 608 1
58.568 85.242 358.625 3 4 1 126 1
58.568 85.242 358.625 4 4 1 126 1
58.568 85.242 358.625 5 4 1 126 1
171.053 122.217 88.002 6 4 1 526 2
171.053 122.217 88.002 7 4 1 526 2
171.053 122.217 88.002 8 4 1 526 2
182.908 105.230 132.924 9 4 1 453 1
182.908 105.230 132.924 10 4 1 453 1
240.413 46.563 325.425 11 4 1 569 3
240.413 46.563 325.425 12 4 1 569 3
240.413 46.563 325.425 13 4 1 569 3
240.413 46.563 325.425 14 4 1 569 3
240.413 46.563 325.425 15 4 1 569 3
240.413 46.563 325.425 16 4 1 569 3
240.413 46.563 325.425 17 4 1 569 3
240.413 46.563 325.425 18 4 1 569 3
240.413 46.563 325.425 19 4 1 569 3
240.413 46.563 325.425 20 4 1 569 3
240.413 46.563 325.425 21 4 1 569 3
240.413 46.563 325.425 22 4 1 569 3
240.413 46.563 325.425 23 4 1 569 3
240.413 46.563 325.425 24 4 1 569 3
240.413 46.563 325.425 25 4 1 569 3
240.413 46.563 325.425 26 4 1 569 3
240.413 46.563 325.425 27 4 1 569 3
240.413 46.563 325.425 28 4 1 569 3
240.413 46.563 325.425 29 4 1 569 3
240.413 46.563 325.425 30 4 1 569 3
49.163 52.972 55.873 1 5 1 608 1
49.163 52.972 55.873 2 5 1 608 1
58.568 85.242 358.625 3 5 1 126 1
49.163 52.972 55.873 4 5 1 608 1
58.568 85.242 358.625 5 5 1 126 1
171.053 122.217 88.002 6 5 1 526 2
171.053 122.217 88.002 7 5 1 526 2
182.908 105.230 132.924 8 5 1 453 1
182.908 105.230 132.924 9 5 1 453 1
182.908 105.230 132.924 10 5 1 453 1
240.413 46.563 325.425 11 5 1 569 3
240.413 46.563 325.425 12 5 1 569 3
240.413 46.563 325.425 13 5 1 569 3
240.413 46.563 325.425 14 5 1 569 3
240.413 46.563 325.425 15 5 1 569 3
240.413 46.563 325.425 16 5 1 569 3
240.413 46.563 325.425 17 5 1 569 3
240.413 46.563 325.425 18 5 1 569 3
240.413 46.563 325.425 19 5 1 569 3
240.413 46.563 325.425 20 5 1 569 3
240.413 46.563 325.425 21 5 1 569 3
240.413 46.563 325.425 22 5 1 569 3
240.413 46.563 325.425 23 5 1 569 3
240.413 46.563 325.425 24 5 1 569 3
240.413 46.563 325.425 25 5 1 569 3
240.413 46.563 325.425 26 5 1 569 3
240.413 46.563 325.425 27 5 1 569 3
240.413 46.563 325.425 28 5 1 569 3
240.413 46.563 325.425 29 5 1 569 3
240.413 46.563 325.425 30 5 1 569 3
173.043 87.161 289.475 1 6 1 233 1
173.043 87.161 289.475 2 6 1 233 1
173.043 87.161 289.475 3 6 1 233 1
49.163 52.972 55.873 4 6 1 608 1
58.568 85.242 358.625 5 6 1 126 1
171.053 122.217 88.002 6 6 1 526 2
171.053 122.217 88.002 7 6 1 526 2
182.908 105.230 132.924 8 6 1 453 1
64.311 45.544 31.990 9 6 1 349 1
64.311 45.544 31.990 10 6 1 349 1
240.413 46.563 325.425 11 6 1 569 3
240.413 46.563 325.425 12 6 1 569 3
240.413 46.563 325.425 13 6 1 569 3
240.413 46.563 325.425 14 6 1 569 3
240.413 46.563 325.425 15 6 1 569 3
240.413 46.563 325.425 16 6 1 569 3
240.413 46.563 325.425 17 6 1 569 3
240.413 46.563 325.425 18 6 1 569 3
240.413 46.563 325.425 19 6 1 569 3
240.413 46.563 325.425 20 6 1 569 3
240.413 46.563 325.425 21 6 1 569 3
240.413 46.563 325.425 22 6 1 569 3
240.413 46.563 325.425 23 6 1 569 3
240.413 46.563 325.425 24 6 1 569 3
240.413 46.563 325.425 25 6 1 569 3
240.413 46.563 325.425 26 6 1 569 3
240.413 46.563 325.425 27 6 1 569 3
240.413 46.563 325.425 28 6 1 569 3
240.413 46.563 325.425 29 6 1 569 3
240.413 46.563 325.425 30 6 1 569 3
38.553 161.159 61.399 1 7 1 571 4
38.553 161.159 61.399 2 7 1 571 4
38.553 161.159 61.399 3 7 1 571 4
38.553 161.159 61.399 4 7 1 571 4
38.553 161.159 61.399 5 7 1 571 4
38.553 161.159 61.399 6 7 1 571 4
38.553 161.159 61.399 7 7 1 571 4
38.553 161.159 61.399 8 7 1 571 4
64.311 45.544 31.990 9 7 1 349 1
64.311 45.544 31.990 10 7 1 349 1
240.413 46.563 325.425 11 7 1 569 3
240.413 46.563 325.425 12 7 1 569 3
240.413 46.563 325.425 13 7 1 569 3
240.413 46.563 325.425 14 7 1 569 3
240.413 46.563 325.425 15 7 1 569 3
240.413 46.563 325.425 16 7 1 569 3
240.413 46.563 325.425 17 7 1 569 3
240.413 46.563 325.425 18 7 1 569 3
240.413 46.563 325.425 19 7 1 569 3
240.413 46.563 325.425 20 7 1 569 3
240.413 46.563 325.425 21 7 1 569 3
240.413 46.563 325.425 22 7 1 569 3
240.413 46.563 325.425 23 7 1 569 3
240.413 46.563 325.425 24 7 1 569 3
240.413 46.563 325.425 25 7 1 569 3
240.413 46.563 325.425 26 7 1 569 3
240.413 46.563 325.425 27 7 1 569 3
240.413 46.563 325.425 28 7 1 569 3
240.413 46.563 325.425 29 7 1 569 3
240.413 46.563 325.425 30 7 1 569 3
38.553 161.159 61.399 1 8 1 571 4
38.553 161.159 61.399 2 8 1 571 4
38.553 161.159 61.399 3 8 1 571 4
38.553 161.159 61.399 4 8 1 571 4
38.553 161.159 61.399 5 8 1 571 4
38.553 161.159 61.399 6 8 1 571 4
38.553 161.159 61.399 7 8 1 571 4
38.553 161.159 61.399 8 8 1 571 4
38.553 161.159 61.399 9 8 1 571 4
38.553 161.159 61.399 10 8 1 571 4
240.413 46.563 325.425 11 8 1 569 3
240.413 46.563 325.425 12 8 1 569 3
240.413 46.563 325.425 13 8 1 569 3
240.413 46.563 325.425 14 8 1 569 3
240.413 46.563 325.425 15 8 1 569 3
240.413 46.563 325.425 16 8 1 569 3
240.413 46.563 325.425 17 8 1 569 3
240.413 46.563 325.425 18 8 1 569 3
240.413 46.563 325.425 19 8 1 569 3
240.413 46.563 325.425 20 8 1 569 3
240.413 46.563 325.425 21 8 1 569 3
240.413 46.563 325.425 22 8 1 569 3
240.413 46.563 325.425 23 8 1 569 3
240.413 46.563 325.425 24 8 1 569 3
240.413 46.563 325.425 25 8 1 569 3
240.413 46.563 325.425 26 8 1 569 3
240.413 46.563 325.425 27 8 1 569 3
240.413 46.563 325.425 28 8 1 569 3
240.413 46.563 325.425 29 8 1 569 3
240.413 46.563 325.425 30 8 1 569 3
38.553 161.159 61.399 1 9 1 571 4
38.553 161.159 61.399 2 9 1 571 4
38.553 161.159 61.399 3 9 1 571 4
38.553 161.159 61.399 4 9 1 571 4
38.553 161.159 61.399 5 9 1 571 4
38.553 161.159 61.399 6 9 1 571 4
38.553 161.159 61.399 7 9 1 571 4
38.553 161.159 61.399 8 9 1 571 4
38.553 161.159 61.399 9 9 1 571 4
38.553 161.159 61.399 10 9 1 571 4
240.413 46.563 325.425 11 9 1 569 3
240.413 46.563 325.425 12 9 1 569 3
240.413 46.563 325.425 13 9 1 569 3
240.413 46.563 325.425 14 9 1 569 3
240.413 46.563 325.425 15 9 1 569 3
240.413 46.563 325.425 16 9 1 569 3
240.413 46.563 325.425 17 9 1 569 3
240.413 46.563 325.425 18 9 1 569 3
240.413 46.563 325.425 19 9 1 569 3
240.413 46.563 325.425 20 9 1 569 3
240.413 46.563 325.425 21 9 1 569 3
240.413 46.563 325.425 22 9 1 569 3
240.413 46.563 325.425 23 9 1 569 3
240.413 46.563 325.425 24 9 1 569 3
240.413 46.563 325.425 25 9 1 569 3
240.413 46.563 325.425 26 9 1 569 3
240.413 46.563 325.425 27 9 1 569 3
240.413 46.563 325.425 28 9 1 569 3
240.413 46.563 325.425 29 9 1 569 3
240.413 46.563 325.425 30 9 1 569 3
38.553 161.159 61.399 1 10 1 571 4
38.553 161.159 61.399 2 10 1 571 4
38.553 161.159 61.399 3 10 1 571 4
38.553 161.159 61.399 4 10 1 571 4
38.553 161.159 61.399 5 10 1 571 4
38.553 161.159 61.399 6 10 1 571 4
38.553 161.159 61.399 7 10 1 571 4
38.553 161.159 61.399 8 10 1 571 4
38.553 161.159 61.399 9 10 1 571 4
38.553 161.159 61.399 10 10 1 571 4
38.553 161.159 61.399 11 10 1 571 4
240.413 46.563 325.425 12 10 1 569 3
240.413 46.563 325.425 13 10 1 569 3
240.413 46.563 325.425 14 10 1 569 3
240.413 46.563 325.425 15 10 1 569 3
240.413 46.563 325.425 16 10 1 569 3
240.413 46.563 325.425 17 10 1 569 3
240.413 46.563 325.425 18 10 1 569 3
240.413 46.563 325.425 19 10 1 569 3
240.413 46.563 325.425 20 10 1 569 3
240.413 46.563 325.425 21 10 1 569 3
240.413 46.563 325.425 22 10 1 569 3
240.413 46.563 325.425 23 10 1 569 3
240.413 46.563 325.425 24 10 1 569 3
240.413 46.563 325.425 25 10 1 569 3
240.413 46.563 325.425 26 10 1 569 3
240.413 46.563 325.425 27 10 1 569 3
240.413 46.563 325.425 28 10 1 569 3
240.413 46.563 325.425 29 10 1 569 3
240.413 46.563 325.425 30 10 1 569 3
38.553 161.159 61.399 1 11 1 571 4
38.553 161.159 61.399 2 11 1 571 4
38.553 161.159 61.399 3 11 1 571 4
38.553 161.159 61.399 4 11 1 571 4
38.553 161.159 61.399 5 11 1 571 4
38.553 161.159 61.399 6 11 1 571 4
38.553 161.159 61.399 7 11 1 571 4
38.553 161.159 61.399 8 11 1 571 4
38.553 161.159 61.399 9 11 1 571 4
38.553 161.159 61.399 10 11 1 571 4
38.553 161.159 61.399 11 11 1 571 4
38.553 161.159 61.399 12 11 1 571 4
240.413 46.563 325.425 13 11 1 569 3
240.413 46.563 325.425 14 11 1 569 3
240.413 46.563 325.425 15 11 1 569 3
240.413 46.563 325.425 16 11 1 569 3
240.413 46.563 325.425 17 11 1 569 3
240.413 46.563 325.425 18 11 1 569 3
240.413 46.563 325.425 19 11 1 569 3
240.413 46.563 325.425 20 11 1 569 3
240.413 46.563 325.425 21 11 1 569 3
240.413 46.563 325.425 22 11 1 569 3
240.413 46.563 325.425 23 11 1 569 3
240.413 46.563 325.425 24 11 1 569 3
240.413 46.563 325.425 25 11 1 569 3
240.413 46.563 325.425 26 11 1 569 3
240.413 46.563 325.425 27 11 1 569 3
240.413 46.563 325.425 28 11 1 569 3
240.413 46.563 325.425 29 11 1 569 3
240.413 46.563 325.425 30 11 1 569 3
38.553 161.159 61.399 1 12 1 571 4
38.553 161.159 61.399 2 12 1 571 4
38.553 161.159 61.399 3 12 1 571 4
38.553 161.159 61.399 4 12 1 571 4
38.553 161.159 61.399 5 12 1 571 4
38.553 161.159 61.399 6 12 1 571 4
38.553 161.159 61.399 7 12 1 571 4
38.553 161.159 61.399 8 12 1 571 4
38.553 161.159 61.399 9 12 1 571 4
3.034 70.156 32.701 10 12 1 323 1
38.553 161.159 61.399 11 12 1 571 4
38.553 161.159 61.399 12 12 1 571 4
240.413 46.563 325.425 13 12 1 569 3
240.413 46.563 325.425 14 12 1 569 3
240.413 46.563 325.425 15 12 1 569 3
240.413 46.563 325.425 16 12 1 569 3
96.020 41.039 229.140 17 12 1 462 1
240.413 46.563 325.425 18 12 1 569 3
240.413 46.563 325.425 19 12 1 569 3
240.413 46.563 325.425 20 12 1 569 3
240.413 46.563 325.425 21 12 1 569 3
240.413 46.563 325.425 22 12 1 569 3
240.413 46.563 325.425 23 12 1 569 3
240.413 46.563 325.425 24 12 1 569 3
240.413 46.563 325.425 25 12 1 569 3
240.413 46.563 325.425 26 12 1 569 3
240.413 46.563 325.425 27 12 1 569 3
240.413 46.563 325.425 28 12 1 569 3
240.413 46.563 325.425 29 12 1 569 3
240.413 46.563 325.425 30 12 1 569 3
38.553 161.159 61.399 1 13 1 571 4
38.553 161.159 61.399 2 13 1 571 4
38.553 161.159 61.399 3 13 1 571 4
38.553 161.159 61.399 4 13 1 571 4
38.553 161.159 61.399 5 13 1 571 4
38.553 161.159 61.399 6 13 1 571 4
38.553 161.159 61.399 7 13 1 571 4
38.553 161.159 61.399 8 13 1 571 4
38.553 161.159 61.399 9 13 1 571 4
38.553 161.159 61.399 10 13 1 571 4
38.553 161.159 61.399 11 13 1 571 4
38.553 161.159 61.399 12 13 1 571 4
38.553 161.159 61.399 13 13 1 571 4
240.413 46.563 325.425 14 13 1 569 3
240.413 46.563 325.425 15 13 1 569 3
240.413 46.563 325.425 16 13 1 569 3
240.413 46.563 325.425 17 13 1 569 3
240.413 46.563 325.425 18 13 1 569 3
240.413 46.563 325.425 19 13 1 569 3
240.413 46.563 325.425 20 13 1 569 3
240.413 46.563 325.425 21 13 1 569 3
240.413 46.563 325.425 22 13 1 569 3
240.413 46.563 325.425 23 13 1 569 3
240.413 46.563 325.425 24 13 1 569 3
240.413 46.563 325.425 25 13 1 569 3
240.413 46.563 325.425 26 13 1 569 3
240.413 46.563 325.425 27 13 1 569 3
240.413 46.563 325.425 28 13 1 569 3
240.413 46.563 325.425 29 13 1 569 3
240.413 46.563 325.425 30 13 1 569 3
38.553 161.159 61.399 1 14 1 571 4
38.553 161.159 61.399 2 14 1 571 4
38.553 161.159 61.399 3 14 1 571 4
38.553 161.159 61.399 4 14 1 571 4
38.553 161.159 61.399 5 14 1 571 4
38.553 161.159 61.399 6 14 1 571 4
38.553 161.159 61.399 7 14 1 571 4
38.553 161.159 61.399 8 14 1 571 4
38.553 161.159 61.399 9 14 1 571 4
38.553 161.159 61.399 10 14 1 571 4
38.553 161.159 61.399 11 14 1 571 4
38.553 161.159 61.399 12 14 1 571 4
38.553 161.159 61.399 13 14 1 571 4
38.553 161.159 61.399 14 14 1 571 4
240.413 46.563 325.425 15 14 1 569 3
311.445 55.821 306.005 16 14 1 478 2
311.445 55.821 306.005 17 14 1 478 2
311.445 55.821 306.005 18 14 1 478 2
240.413 46.563 325.425 19 14 1 569 3
240.413 46.563 325.425 20 14 1 569 3
240.413 46.563 325.425 21 14 1 569 3
240.413 46.563 325.425 22 14 1 569 3
240.413 46.563 325.425 23 14 1 569 3
240.413 46.563 325.425 24 14 1 569 3
240.413 46.563 325.425 25 14 1 569 3
240.413 46.563 325.425 26 14 1 569 3
240.413 46.563 325.425 27 14 1 569 3
240.413 46.563 325.425 28 14 1 569 3
240.413 46.563 325.425 29 14 1 569 3
240.413 46.563 325.425 30 14 1 569 3
38.553 161.159 61.399 1 15 1 571 4
38.553 161.159 61.399 2 15 1 571 4
38.553 161.159 61.399 3 15 1 571 4
38.553 161.159 61.399 4 15 1 571 4
38.553 161.159 61.399 5 15 1 571 4
38.553 161.159 61.399 6 15 1 571 4
38.553 161.159 61.399 7 15 1 571 4
38.553 161.159 61.399 8 15 1 571 4
38.553 161.159 61.399 9 15 1 571 4
38.553 161.159 61.399 10 15 1 571 4
38.553 161.159 61.399 11 15 1 571 4
38.553 161.159 61.399 12 15 1 571 4
38.553 161.159 61.399 13 15 1 571 4
38.553 161.159 61.399 14 15 1 571 4
311.445 55.821 306.005 15 15 1 478 2
311.445 55.821 306.005 16 15 1 478 2
311.445 55.821 306.005 17 15 1 478 2
311.445 55.821 306.005 18 15 1 478 2
311.445 55.821 306.005 19 15 1 478 2
311.445 55.821 306.005 20 15 1 478 2
240.413 46.563 325.425 21 15 1 569 3
240.413 46.563 325.425 22 15 1 569 3
240.413 46.563 325.425 23 15 1 569 3
240.413 46.563 325.425 24 15 1 569 3
240.413 46.563 325.425 25 15 1 569 3
240.413 46.563 325.425 26 15 1 569 3
240.413 46.563 325.425 27 15 1 569 3
240.413 46.563 325.425 28 15 1 569 3
240.413 46.563 325.425 29 15 1 569 3
240.413 46.563 325.425 30 15 1 569 3
38.553 161.159 61.399 1 16 1 571 4
38.553 161.159 61.399 2 16 1 571 4
38.553 161.159 61.399 3 16 1 571 4
38.553 161.159 61.399 4 16 1 571 4
38.553 161.159 61.399 5 16 1 571 4
38.553 161.159 61.399 6 16 1 571 4
38.553 161.159 61.399 7 16 1 571 4
38.553 161.159 61.399 8 16 1 571 4
38.553 161.159 61.399 9 16 1 571 4
38.553 161.159 61.399 10 16 1 571 4
38.553 161.159 61.399 11 16 1 571 4
38.553 161.159 61.399 12 16 1 571 4
38.553 161.159 61.399 13 16 1 571 4
38.553 161.159 61.399 14 16 1 571 4
311.445 55.821 306.005 15 16 1 478 2
311.445 55.821 306.005 16 16 1 478 2
311.445 55.821 306.005 17 16 1 478 2
311.445 55.821 306.005 18 16 1 478 2
311.445 55.821 306.005 19 16 1 478 2
311.445 55.821 306.005 20 16 1 478 2
311.445 55.821 306.005 21 16 1 478 2
311.445 55.821 306.005 22 16 1 478 2
240.413 46.563 325.425 23 16 1 569 3
240.413 46.563 325.425 24 16 1 569 3
38.601 153.258 211.510 25 16 1 554 2
38.601 153.258 211.510 26 16 1 554 2
240.413 46.563 325.425 27 16 1 569 3
240.413 46.563 325.425 28 16 1 569 3
359.392 81.007 259.773 29 16 1 576 4
359.392 81.007 259.773 30 16 1 576 4
38.553 161.159 61.399 1 17 1 571 4
38.553 161.159 61.399 2 17 1 571 4
38.553 161.159 61.399 3 17 1 571 4
38.553 161.159 61.399 4 17 1 571 4
38.553 161.159 61.399 5 17 1 571 4
38.553 161.159 61.399 6 17 1 571 4
38.553 161.159 61.399 7 17 1 571 4
38.553 161.159 61.399 8 17 1 571 4
38.553 161.159 61.399 9 17 1 571 4
38.553 161.159 61.399 10 17 1 571 4
38.553 161.159 61.399 11 17 1 571 4
38.553 161.159 61.399 12 17 1 571 4
38.553 161.159 61.399 13 17 1 571 4
38.553 161.159 61.399 14 17 1 571 4
311.445 55.821 306.005 15 17 1 478 2
311.445 55.821 306.005 16 17 1 478 2
311.445 55.821 306.005 17 17 1 478 2
311.445 55.821 306.005 18 17 1 478 2
311.445 55.821 306.005 19 17 1 478 2
311.445 55.821 306.005 20 17 1 478 2
311.445 55.821 306.005 21 17 1 478 2
311.445 55.821 306.005 22 17 1 478 2
240.413 46.563 325.425 23 17 1 569 3
240.413 46.563 325.425 24 17 1 569 3
38.601 153.258 211.510 25 17 1 554 2
38.601 153.258 211.510 26 17 1 554 2
240.413 46.563 325.425 27 17 1 569 3
359.392 81.007 259.773 28 17 1 576 4
359.392 81.007 259.773 29 17 1 576 4
359.392 81.007 259.773 30 17 1 576 4
38.553 161.159 61.399 1 18 1 571 4
38.553 161.159 61.399 2 18 1 571 4
38.553 161.159 61.399 3 18 1 571 4
38.553 161.159 61.399 4 18 1 571 4
38.553 161.159 61.399 5 18 1 571 4
38.553 161.159 61.399 6 18 1 571 4
38.553 161.159 61.399 7 18 1 571 4
38.553 161.159 61.399 8 18 1 571 4
38.553 161.159 61.399 9 18 1 571 4
38.553 161.159 61.399 10 18 1 571 4
38.553 161.159 61.399 11 18 1 571 4
38.553 161.159 61.399 12 18 1 571 4
38.553 161.159 61.399 13 18 1 571 4
38.553 161.159 61.399 14 18 1 571 4
355.395 144.881 306.395 15 18 1 570 4
311.445 55.821 306.005 16 18 1 478 2
311.445 55.821 306.005 17 18 1 478 2
311.445 55.821 306.005 18 18 1 478 2
311.445 55.821 306.005 19 18 1 478 2
311.445 55.821 306.005 20 18 1 478 2
311.445 55.821 306.005 21 18 1 478 2
311.445 55.821 306.005 22 18 1 478 2
311.445 55.821 306.005 23 18 1 478 2
335.204 78.535 336.455 24 18 1 540 2
335.204 78.535 336.455 25 18 1 540 2
335.204 78.535 336.455 26 18 1 540 2
359.392 81.007 259.773 27 18 1 576 4
359.392 81.007 259.773 28 18 1 576 4
359.392 81.007 259.773 29 18 1 576 4
359.392 81.007 259.773 30 18 1 576 4
38.553 161.159 61.399 1 19 1 571 4
38.553 161.159 61.399 2 19 1 571 4
38.553 161.159 61.399 3 19 1 571 4
38.553 161.159 61.399 4 19 1 571 4
38.553 161.159 61.399 5 19 1 571 4
38.553 161.159 61.399 6 19 1 571 4
38.553 161.159 61.399 7 19 1 571 4
38.553 161.159 61.399 8 19 1 571 4
38.553 161.159 61.399 9 19 1 571 4
38.553 161.159 61.399 10 19 1 571 4
38.553 161.159 61.399 11 19 1 571 4
38.553 161.159 61.399 12 19 1 571 4
38.553 161.159 61.399 13 19 1 571 4
355.395 144.881 306.395 14 19 1 570 4
355.395 144.881 306.395 15 19 1 570 4
355.395 144.881 306.395 16 19 1 570 4
355.395 144.881 306.395 17 19 1 570 4
355.395 144.881 306.395 18 19 1 570 4
355.395 144.881 306.395 19 19 1 570 4
311.445 55.821 306.005 20 19 1 478 2
311.445 55.821 306.005 21 19 1 478 2
311.445 55.821 306.005 22 19 1 478 2
335.204 78.535 336.455 23 19 1 540 2
335.204 78.535 336.455 24 19 1 540 2
335.204 78.535 336.455 25 19 1 540 2
359.392 81.007 259.773 26 19 1 576 4
359.392 81.007 259.773 27 19 1 576 4
20.325 102.632 151.373 28 19 1 560 2
359.392 81.007 259.773 29 19 1 576 4
359.392 81.007 259.773 30 19 1 576 4
38.553 161.159 61.399 1 20 1 571 4
38.553 161.159 61.399 2 20 1 571 4
38.553 161.159 61.399 3 20 1 571 4
38.553 161.159 61.399 4 20 1 571 4
38.553 161.159 61.399 5 20 1 571 4
38.553 161.159 61.399 6 20 1 571 4
38.553 161.159 61.399 7 20 1 571 4
38.553 161.159 61.399 8 20 1 571 4
38.553 161.159 61.399 9 20 1 571 4
38.553 161.159 61.399 10 20 1 571 4
38.553 161.159 61.399 11 20 1 571 4
38.553 161.159 61.399 12 20 1 571 4
38.553 161.159 61.399 13 20 1 571 4
355.395 144.881 306.395 14 20 1 570 4
355.395 144.881 306.395 15 20 1 570 4
355.395 144.881 306.395 16 20 1 570 4
355.395 144.881 306.395 17 20 1 570 4
355.395 144.881 306.395 18 20 1 570 4
355.395 144.881 306.395 19 20 1 570 4
355.395 144.881 306.395 20 20 1 570 4
355.395 144.881 306.395 21 20 1 570 4
355.395 144.881 306.395 22 20 1 570 4
335.204 78.535 336.455 23 20 1 540 2
335.204 78.535 336.455 24 20 1 540 2
335.204 78.535 336.455 25 20 1 540 2
359.392 81.007 259.773 26 20 1 576 4
359.392 81.007 259.773 27 20 1 576 4
359.392 81.007 259.773 28 20 1 576 4
359.392 81.007 259.773 29 20 1 576 4
359.392 81.007 259.773 30 20 1 576 4
38.553 161.159 61.399 1 21 1 571 4
38.553 161.159 61.399 2 21 1 571 4
38.553 161.159 61.399 3 21 1 571 4
38.553 161.159 61.399 4 21 1 571 4
38.553 161.159 61.399 5 21 1 571 4
38.553 161.159 61.399 6 21 1 571 4
38.553 161.159 61.399 7 21 1 571 4
38.553 161.159 61.399 8 21 1 571 4
38.553 161.159 61.399 9 21 1 571 4
38.553 161.159 61.399 10 21 1 571 4
38.553 161.159 61.399 11 21 1 571 4
38.553 161.159 61.399 12 21 1 571 4
355.395 144.881 306.395 13 21 1 570 4
355.395 144.881 306.395 14 21 1 570 4
355.395 144.881 306.395 15 21 1 570 4
355.395 144.881 306.395 16 21 1 570 4
355.395 144.881 306.395 17 21 1 570 4
355.395 144.881 306.395 18 21 1 570 4
355.395 144.881 306.395 19 21 1 570 4
355.395 144.881 306.395 20 21 1 570 4
355.395 144.881 306.395 21 21 1 570 4
355.395 144.881 306.395 22 21 1 570 4
355.395 144.881 306.395 23 21 1 570 4
359.392 81.007 259.773 24 21 1 576 4
359.392 81.007 259.773 25 21 1 576 4
359.392 81.007 259.773 26 21 1 576 4
359.392 81.007 259.773 27 21 1 576 4
359.392 81.007 259.773 28 21 1 576 4
359.392 81.007 259.773 29 21 1 576 4
187.236 108.876 202.408 30 21 1 364 1
38.553 161.159 61.399 1 22 1 571 4
38.553 161.159 61.399 2 22 1 571 4
38.553 161.159 61.399 3 22 1 571 4
38.553 161.159 61.399 4 22 1 571 4
38.553 161.159 61.399 5 22 1 571 4
38.553 161.159 61.399 6 22 1 571 4
38.553 161.159 61.399 7 22 1 571 4
38.553 161.159 61.399 8 22 1 571 4
38.553 161.159 61.399 9 22 1 571 4
38.553 161.159 61.399 10 22 1 571 4
38.553 161.159 61.399 11 22 1 571 4
38.553 161.159 61.399 12 22 1 571 4
355.395 144.881 306.395 13 22 1 570 4
355.395 144.881 306.395 14 22 1 570 4
355.395 144.881 306.395 15 22 1 570 4
355.395 144.881 306.395 16 22 1 570 4
355.395 144.881 306.395 17 22 1 570 4
355.395 144.881 306.395 18 22 1 570 4
355.395 144.881 306.395 19 22 1 570 4
355.395 144.881 306.395 20 22 1 570 4
355.395 144.881 306.395 21 22 1 570 4
355.395 144.881 306.395 22 22 1 570 4
355.395 144.881 306.395 23 22 1 570 4
359.392 81.007 259.773 24 22 1 576 4
359.392 81.007 259.773 25 22 1 576 4
359.392 81.007 259.773 26 22 1 576 4
359.392 81.007 259.773 27 22 1 576 4
359.392 81.007 259.773 28 22 1 576 4
359.392 81.007 259.773 29 22 1 576 4
187.236 108.876 202.408 30 22 1 364 1
38.553 161.159 61.399 1 23 1 571 4
38.553 161.159 61.399 2 23 1 571 4
38.553 161.159 61.399 3 23 1 571 4
38.553 161.159 61.399 4 23 1 571 4
38.553 161.159 61.399 5 23 1 571 4
38.553 161.159 61.399 6 23 1 571 4
38.553 161.159 61.399 7 23 1 571 4
38.553 161.159 61.399 8 23 1 571 4
38.553 161.159 61.399 9 23 1 571 4
38.553 161.159 61.399 10 23 1 571 4
38.553 161.159 61.399 11 23 1 571 4
204.468 85.731 341.311 12 23 1 121 1
204.468 85.731 341.311 13 23 1 121 1
355.395 144.881 306.395 14 23 1 570 4
355.395 144.881 306.395 15 23 1 570 4
355.395 144.881 306.395 16 23 1 570 4
355.395 144.881 306.395 17 23 1 570 4
355.395 144.881 306.395 18 23 1 570 4
355.395 144.881 306.395 19 23 1 570 4
355.395 144.881 306.395 20 23 1 570 4
355.395 144.881 306.395 21 23 1 570 4
168.000 118.190 82.347 22 23 1 573 4
168.000 118.190 82.347 23 23 1 573 4
258.511 137.042 5.196 24 23 1 99 1
258.511 137.042 5.196 25 23 1 99 1
359.392 81.007 259.773 26 23 1 576 4
359.392 81.007 259.773 27 23 1 576 4
359.392 81.007 259.773 28 23 1 576 4
359.392 81.007 259.773 29 23 1 576 4
187.236 108.876 202.408 30 23 1 364 1
38.553 161.159 61.399 1 24 1 571 4
38.553 161.159 61.399 2 24 1 571 4
38.553 161.159 61.399 3 24 1 571 4
38.553 161.159 61.399 4 24 1 571 4
38.553 161.159 61.399 5 24 1 571 4
38.553 161.159 61.399 6 24 1 571 4
38.553 161.159 61.399 7 24 1 571 4
38.553 161.159 61.399 8 24 1 571 4
38.553 161.159 61.399 9 24 1 571 4
38.553 161.159 61.399 10 24 1 571 4
38.553 161.159 61.399 11 24 1 571 4
204.468 85.731 341.311 12 24 1 121 1
204.468 85.731 341.311 13 24 1 121 1
355.395 144.881 306.395 14 24 1 570 4
355.395 144.881 306.395 15 24 1 570 4
355.395 144.881 306.395 16 24 1 570 4
355.395 144.881 306.395 17 24 1 570 4
355.395 144.881 306.395 18 24 1 570 4
355.395 144.881 306.395 19 24 1 570 4
355.395 144.881 306.395 20 24 1 570 4
355.395 144.881 306.395 21 24 1 570 4
168.000 118.190 82.347 22 24 1 573 4
359.392 81.007 259.773 23 24 1 576 4
359.392 81.007 259.773 24 24 1 576 4
258.511 137.042 5.196 25 24 1 99 1
359.392 81.007 259.773 26 24 1 576 4
359.392 81.007 259.773 27 24 1 576 4
359.392 81.007 259.773 28 24 1 576 4
359.392 81.007 259.773 29 24 1 576 4
187.236 108.876 202.408 30 24 1 364 1
38.553 161.159 61.399 1 25 1 571 4
38.553 161.159 61.399 2 25 1 571 4
38.553 161.159 61.399 3 25 1 571 4
38.553 161.159 61.399 4 25 1 571 4
38.553 161.159 61.399 5 25 1 571 4
167.750 39.557 280.759 6 25 1 27 1
167.750 39.557 280.759 7 25 1 27 1
38.553 161.159 61.399 8 25 1 571 4
38.553 161.159 61.399 9 25 1 571 4
38.553 161.159 61.399 10 25 1 571 4
38.553 161.159 61.399 11 25 1 571 4
238.218 45.043 155.225 12 25 1 585 4
238.218 45.043 155.225 13 25 1 585 4
238.218 45.043 155.225 14 25 1 585 4
238.218 45.043 155.225 15 25 1 585 4
355.395 144.881 306.395 16 25 1 570 4
355.395 144.881 306.395 17 25 1 570 4
355.395 144.881 306.395 18 25 1 570 4
355.395 144.881 306.395 19 25 1 570 4
355.395 144.881 306.395 20 25 1 570 4
168.000 118.190 82.347 21 25 1 573 4
359.392 81.007 259.773 22 25 1 576 4
359.392 81.007 259.773 23 25 1 576 4
359.392 81.007 259.773 24 25 1 576 4
359.392 81.007 259.773 25 25 1 576 4
359.392 81.007 259.773 26 25 1 576 4
230.001 121.884 283.329 27 25 1 612 1
230.001 121.884 283.329 28 25 1 612 1
359.392 81.007 259.773 29 25 1 576 4
187.236 108.876 202.408 30 25 1 364 1
38.553 161.159 61.399 1 26 1 571 4
38.553 161.159 61.399 2 26 1 571 4
38.553 161.159 61.399 3 26 1 571 4
38.553 161.159 61.399 4 26 1 571 4
38.553 161.159 61.399 5 26 1 571 4
167.750 39.557 280.759 6 26 1 27 1
167.750 39.557 280.759 7 26 1 27 1
167.750 39.557 280.759 8 26 1 27 1
178.314 127.719 5.521 9 26 1 309 1
178.314 127.719 5.521 10 26 1 309 1
238.218 45.043 155.225 11 26 1 585 4
238.218 45.043 155.225 12 26 1 585 4
238.218 45.043 155.225 13 26 1 585 4
238.218 45.043 155.225 14 26 1 585 4
238.218 45.043 155.225 15 26 1 585 4
238.218 45.043 155.225 16 26 1 585 4
238.218 45.043 155.225 17 26 1 585 4
255.073 150.242 129.509 18 26 1 251 1
159.210 123.315 181.999 19 26 1 213 1
159.210 123.315 181.999 20 26 1 213 1
238.218 45.043 155.225 21 26 1 585 4
39.170 72.282 99.554 22 26 1 420 1
39.170 72.282 99.554 23 26 1 420 1
359.392 81.007 259.773 24 26 1 576 4
359.392 81.007 259.773 25 26 1 576 4
359.392 81.007 259.773 26 26 1 576 4
359.392 81.007 259.773 27 26 1 576 4
359.392 81.007 259.773 28 26 1 576 4
359.392 81.007 259.773 29 26 1 576 4
359.392 81.007 259.773 30 26 1 576 4
38.553 161.159 61.399 1 27 1 571 4
38.553 161.159 61.399 2 27 1 571 4
38.553 161.159 61.399 3 27 1 571 4
38.553 161.159 61.399 4 27 1 571 4
38.553 161.159 61.399 5 27 1 571 4
167.750 39.557 280.759 6 27 1 27 1
320.612 38.401 98.679 7 27 1 63 1
320.612 38.401 98.679 8 27 1 63 1
320.612 38.401 98.679 9 27 1 63 1
217.415 126.429 315.621 10 27 1 411 1
238.218 45.043 155.225 11 27 1 585 4
238.218 45.043 155.225 12 27 1 585 4
238.218 45.043 155.225 13 27 1 585 4
238.218 45.043 155.225 14 27 1 585 4
238.218 45.043 155.225 15 27 1 585 4
238.218 45.043 155.225 16 27 1 585 4
238.218 45.043 155.225 17 27 1 585 4
238.218 45.043 155.225 18 27 1 585 4
238.218 45.043 155.225 19 27 1 585 4
238.218 45.043 155.225 20 27 1 585 4
238.218 45.043 155.225 21 27 1 585 4
39.170 72.282 99.554 22 27 1 420 1
39.170 72.282 99.554 23 27 1 420 1
359.392 81.007 259.773 24 27 1 576 4
359.392 81.007 259.773 25 27 1 576 4
359.392 81.007 259.773 26 27 1 576 4
359.392 81.007 259.773 27 27 1 576 4
359.392 81.007 259.773 28 27 1 576 4
359.392 81.007 259.773 29 27 1 576 4
359.392 81.007 259.773 30 27 1 576 4
38.553 161.159 61.399 1 28 1 571 4
38.553 161.159 61.399 2 28 1 571 4
38.553 161.159 61.399 3 28 1 571 4
38.553 161.159 61.399 4 28 1 571 4
320.612 38.401 98.679 5 28 1 63 1
320.612 38.401 98.679 6 28 1 63 1
320.612 38.401 98.679 7 28 1 63 1
320.612 38.401 98.679 8 28 1 63 1
320.612 38.401 98.679 9 28 1 63 1
217.415 126.429 315.621 10 28 1 411 1
217.415 126.429 315.621 11 28 1 411 1
238.218 45.043 155.225 12 28 1 585 4
238.218 45.043 155.225 13 28 1 585 4
238.218 45.043 155.225 14 28 1 585 4
238.218 45.043 155.225 15 28 1 585 4
238.218 45.043 155.225 16 28 1 585 4
238.218 45.043 155.225 17 28 1 585 4
238.218 45.043 155.225 18 28 1 585 4
61.363 130.295 234.062 19 28 1 522 2
61.363 130.295 234.062 20 28 1 522 2
61.363 130.295 234.062 21 28 1 522 2
359.392 81.007 259.773 22 28 1 576 4
359.392 81.007 259.773 23 28 1 576 4
359.392 81.007 259.773 24 28 1 576 4
359.392 81.007 259.773 25 28 1 576 4
359.392 81.007 259.773 26 28 1 576 4
359.392 81.007 259.773 27 28 1 576 4
359.392 81.007 259.773 28 28 1 576 4
359.392 81.007 259.773 29 28 1 576 4
359.392 81.007 259.773 30 28 1 576 4
38.553 161.159 61.399 1 29 1 571 4
38.553 161.159 61.399 2 29 1 571 4
38.553 161.159 61.399 3 29 1 571 4
38.553 161.159 61.399 4 29 1 571 4
320.612 38.401 98.679 5 29 1 63 1
320.612 38.401 98.679 6 29 1 63 1
320.612 38.401 98.679 7 29 1 63 1
320.612 38.401 98.679 8 29 1 63 1
320.612 38.401 98.679 9 29 1 63 1
217.415 126.429 315.621 10 29 1 411 1
217.415 126.429 315.621 11 29 1 411 1
238.218 45.043 155.225 12 29 1 585 4
238.218 45.043 155.225 13 29 1 585 4
238.218 45.043 155.225 14 29 1 585 4
238.218 45.043 155.225 15 29 1 585 4
238.218 45.043 155.225 16 29 1 585 4
238.218 45.043 155.225 17 29 1 585 4
61.363 130.295 234.062 18 29 1 522 2
61.363 130.295 234.062 19 29 1 522 2
61.363 130.295 234.062 20 29 1 522 2
61.363 130.295 234.062 21 29 1 522 2
61.363 130.295 234.062 22 29 1 522 2
359.392 81.007 259.773 23 29 1 576 4
113.854 90.065 168.610 24 29 1 374 1
359.392 81.007 259.773 25 29 1 576 4
359.392 81.007 259.773 26 29 1 576 4
359.392 81.007 259.773 27 29 1 576 4
359.392 81.007 259.773 28 29 1 576 4
34.401 61.257 340.003 29 29 1 552 2
34.401 61.257 340.003 30 29 1 552 2
38.553 161.159 61.399 1 30 1 571 4
38.553 161.159 61.399 2 30 1 571 4
38.553 161.159 61.399 3 30 1 571 4
38.553 161.159 61.399 4 30 1 571 4
320.612 38.401 98.679 5 30 1 63 1
320.612 38.401 98.679 6 30 1 63 1
320.612 38.401 98.679 7 30 1 63 1
320.612 38.401 98.679 8 30 1 63 1
320.612 38.401 98.679 9 30 1 63 1
217.415 126.429 315.621 10 30 1 411 1
33.082 128.630 343.460 11 30 1 417 1
33.082 128.630 343.460 12 30 1 417 1
33.082 128.630 343.460 13 30 1 417 1
238.218 45.043 155.225 14 30 1 585 4
238.218 45.043 155.225 15 30 1 585 4
238.218 45.043 155.225 16 30 1 585 4
61.363 130.295 234.062 17 30 1 522 2
61.363 130.295 234.062 18 30 1 522 2
61.363 130.295 234.062 19 30 1 522 2
61.363 130.295 234.062 20 30 1 522 2
61.363 130.295 234.062 21 30 1 522 2
61.363 130.295 234.062 22 30 1 522 2
113.854 90.065 168.610 23 30 1 374 1
113.854 90.065 168.610 24 30 1 374 1
359.392 81.007 259.773 25 30 1 576 4
71.327 125.876 211.300 26 30 1 97 1
359.392 81.007 259.773 27 30 1 576 4
34.401 61.257 340.003 28 30 1 552 2
34.401 61.257 340.003 29 30 1 552 2
34.401 61.257 340.003 30 30 1 552 2
