240.413 46.563 325.425 1 1 18 569 3
240.413 46.563 325.425 2 1 18 569 3
240.413 46.563 325.425 3 1 18 569 3
240.413 46.563 325.425 4 1 18 569 3
240.413 46.563 325.425 5 1 18 569 3
240.413 46.563 325.425 6 1 18 569 3
240.413 46.563 325.425 7 1 18 569 3
240.413 46.563 325.425 8 1 18 569 3
240.413 46.563 325.425 9 1 18 569 3
240.413 46.563 325.425 10 1 18 569 3
240.413 46.563 325.425 11 1 18 569 3
240.413 46.563 325.425 12 1 18 569 3
240.413 46.563 325.425 13 1 18 569 3
240.413 46.563 325.425 14 1 18 569 3
240.413 46.563 325.425 15 1 18 569 3
240.413 46.563 325.425 16 1 18 569 3
240.413 46.563 325.425 17 1 18 569 3
240.413 46.563 325.425 18 1 18 569 3
240.413 46.563 325.425 19 1 18 569 3
240.413 46.563 325.425 20 1 18 569 3
240.413 46.563 325.425 21 1 18 569 3
240.413 46.563 325.425 22 1 18 569 3
240.413 46.563 325.425 23 1 18 569 3
240.413 46.563 325.425 24 1 18 569 3
190.618 92.255 142.635 25 1 18 281 1
280.377 75.509 252.405 26 1 18 405 1
280.377 75.509 252.405 27 1 18 405 1
128.698 32.818 161.046 28 1 18 558 2
128.698 32.818 161.046 29 1 18 558 2
128.698 32.818 161.046 30 1 18 558 2
240.413 46.563 325.425 1 2 18 569 3
240.413 46.563 325.425 2 2 18 569 3
240.413 46.563 325.425 3 2 18 569 3
240.413 46.563 325.425 4 2 18 569 3
240.413 46.563 325.425 5 2 18 569 3
240.413 46.563 325.425 6 2 18 569 3
240.413 46.563 325.425 7 2 18 569 3
240.413 46.563 325.425 8 2 18 569 3
240.413 46.563 325.425 9 2 18 569 3
240.413 46.563 325.425 10 2 18 569 3
240.413 46.563 325.425 11 2 18 569 3
240.413 46.563 325.425 12 2 18 569 3
240.413 46.563 325.425 13 2 18 569 3
18.297 143.810 333.883 14 2 18 91 1
240.413 46.563 325.425 15 2 18 569 3
240.413 46.563 325.425 16 2 18 569 3
240.413 46.563 325.425 17 2 18 569 3
240.413 46.563 325.425 18 2 18 569 3
240.413 46.563 325.425 19 2 18 569 3
240.413 46.563 325.425 20 2 18 569 3
240.413 46.563 325.425 21 2 18 569 3
240.413 46.563 325.425 22 2 18 569 3
131.753 76.477 287.342 23 2 18 70 1
240.413 46.563 325.425 24 2 18 569 3
280.377 75.509 252.405 25 2 18 405 1
280.377 75.509 252.405 26 2 18 405 1
128.698 32.818 161.046 27 2 18 558 2
128.698 32.818 161.046 28 2 18 558 2
128.698 32.818 161.046 29 2 18 558 2
128.698 32.818 161.046 30 2 18 558 2
240.413 46.563 325.425 1 3 18 569 3
240.413 46.563 325.425 2 3 18 569 3
240.413 46.563 325.425 3 3 18 569 3
240.413 46.563 325.425 4 3 18 569 3
240.413 46.563 325.425 5 3 18 569 3
240.413 46.563 325.425 6 3 18 569 3
240.413 46.563 325.425 7 3 18 569 3
240.413 46.563 325.425 8 3 18 569 3
240.413 46.563 325.425 9 3 18 569 3
240.413 46.563 325.425 10 3 18 569 3
240.413 46.563 325.425 11 3 18 569 3
240.413 46.563 325.425 12 3 18 569 3
240.413 46.563 325.425 13 3 18 569 3
240.413 46.563 325.425 14 3 18 569 3
240.413 46.563 325.425 15 3 18 569 3
240.413 46.563 325.425 16 3 18 569 3
240.413 46.563 325.425 17 3 18 569 3
240.413 46.563 325.425 18 3 18 569 3
240.413 46.563 325.425 19 3 18 569 3
240.413 46.563 325.425 20 3 18 569 3
240.413 46.563 325.425 21 3 18 569 3
240.413 46.563 325.425 22 3 18 569 3
240.413 46.563 325.425 23 3 18 569 3
240.413 46.563 325.425 24 3 18 569 3
240.413 46.563 325.425 25 3 18 569 3
128.698 32.818 161.046 26 3 18 558 2
128.698 32.818 161.046 27 3 18 558 2
128.698 32.818 161.046 28 3 18 558 2
128.698 32.818 161.046 29 3 18 558 2
128.698 32.818 161.046 30 3 18 558 2
240.413 46.563 325.425 1 4 18 569 3
240.413 46.563 325.425 2 4 18 569 3
240.413 46.563 325.425 3 4 18 569 3
240.413 46.563 325.425 4 4 18 569 3
240.413 46.563 325.425 5 4 18 569 3
240.413 46.563 325.425 6 4 18 569 3
240.413 46.563 325.425 7 4 18 569 3
240.413 46.563 325.425 8 4 18 569 3
240.413 46.563 325.425 9 4 18 569 3
240.413 46.563 325.425 10 4 18 569 3
240.413 46.563 325.425 11 4 18 569 3
240.413 46.563 325.425 12 4 18 569 3
240.413 46.563 325.425 13 4 18 569 3
240.413 46.563 325.425 14 4 18 569 3
240.413 46.563 325.425 15 4 18 569 3
240.413 46.563 325.425 16 4 18 569 3
240.413 46.563 325.425 17 4 18 569 3
240.413 46.563 325.425 18 4 18 569 3
240.413 46.563 325.425 19 4 18 569 3
240.413 46.563 325.425 20 4 18 569 3
240.413 46.563 325.425 21 4 18 569 3
240.413 46.563 325.425 22 4 18 569 3
240.413 46.563 325.425 23 4 18 569 3
240.413 46.563 325.425 24 4 18 569 3
240.413 46.563 325.425 25 4 18 569 3
128.698 32.818 161.046 26 4 18 558 2
128.698 32.818 161.046 27 4 18 558 2
128.698 32.818 161.046 28 4 18 558 2
128.698 32.818 161.046 29 4 18 558 2
128.698 32.818 161.046 30 4 18 558 2
240.413 46.563 325.425 1 5 18 569 3
240.413 46.563 325.425 2 5 18 569 3
240.413 46.563 325.425 3 5 18 569 3
240.413 46.563 325.425 4 5 18 569 3
240.413 46.563 325.425 5 5 18 569 3
240.413 46.563 325.425 6 5 18 569 3
240.413 46.563 325.425 7 5 18 569 3
240.413 46.563 325.425 8 5 18 569 3
240.413 46.563 325.425 9 5 18 569 3
240.413 46.563 325.425 10 5 18 569 3
240.413 46.563 325.425 11 5 18 569 3
240.413 46.563 325.425 12 5 18 569 3
240.413 46.563 325.425 13 5 18 569 3
240.413 46.563 325.425 14 5 18 569 3
240.413 46.563 325.425 15 5 18 569 3
240.413 46.563 325.425 16 5 18 569 3
240.413 46.563 325.425 17 5 18 569 3
240.413 46.563 325.425 18 5 18 569 3
240.413 46.563 325.425 19 5 18 569 3
240.413 46.563 325.425 20 5 18 569 3
240.413 46.563 325.425 21 5 18 569 3
240.413 46.563 325.425 22 5 18 569 3
240.413 46.563 325.425 23 5 18 569 3
240.413 46.563 325.425 24 5 18 569 3
240.413 46.563 325.425 25 5 18 569 3
240.413 46.563 325.425 26 5 18 569 3
128.698 32.818 161.046 27 5 18 558 2
128.698 32.818 161.046 28 5 18 558 2
128.698 32.818 161.046 29 5 18 558 2
128.698 32.818 161.046 30 5 18 558 2
240.413 46.563 325.425 1 6 18 569 3
240.413 46.563 325.425 2 6 18 569 3
240.413 46.563 325.425 3 6 18 569 3
240.413 46.563 325.425 4 6 18 569 3
240.413 46.563 325.425 5 6 18 569 3
240.413 46.563 325.425 6 6 18 569 3
240.413 46.563 325.425 7 6 18 569 3
240.413 46.563 325.425 8 6 18 569 3
240.413 46.563 325.425 9 6 18 569 3
240.413 46.563 325.425 10 6 18 569 3
240.413 46.563 325.425 11 6 18 569 3
240.413 46.563 325.425 12 6 18 569 3
240.413 46.563 325.425 13 6 18 569 3
240.413 46.563 325.425 14 6 18 569 3
240.413 46.563 325.425 15 6 18 569 3
240.413 46.563 325.425 16 6 18 569 3
240.413 46.563 325.425 17 6 18 569 3
240.413 46.563 325.425 18 6 18 569 3
240.413 46.563 325.425 19 6 18 569 3
240.413 46.563 325.425 20 6 18 569 3
240.413 46.563 325.425 21 6 18 569 3
240.413 46.563 325.425 22 6 18 569 3
240.413 46.563 325.425 23 6 18 569 3
240.413 46.563 325.425 24 6 18 569 3
240.413 46.563 325.425 25 6 18 569 3
240.413 46.563 325.425 26 6 18 569 3
128.698 32.818 161.046 27 6 18 558 2
128.698 32.818 161.046 28 6 18 558 2
128.698 32.818 161.046 29 6 18 558 2
128.698 32.818 161.046 30 6 18 558 2
240.413 46.563 325.425 1 7 18 569 3
240.413 46.563 325.425 2 7 18 569 3
240.413 46.563 325.425 3 7 18 569 3
240.413 46.563 325.425 4 7 18 569 3
240.413 46.563 325.425 5 7 18 569 3
240.413 46.563 325.425 6 7 18 569 3
240.413 46.563 325.425 7 7 18 569 3
240.413 46.563 325.425 8 7 18 569 3
240.413 46.563 325.425 9 7 18 569 3
240.413 46.563 325.425 10 7 18 569 3
240.413 46.563 325.425 11 7 18 569 3
240.413 46.563 325.425 12 7 18 569 3
240.413 46.563 325.425 13 7 18 569 3
240.413 46.563 325.425 14 7 18 569 3
240.413 46.563 325.425 15 7 18 569 3
240.413 46.563 325.425 16 7 18 569 3
240.413 46.563 325.425 17 7 18 569 3
240.413 46.563 325.425 18 7 18 569 3
240.413 46.563 325.425 19 7 18 569 3
240.413 46.563 325.425 20 7 18 569 3
240.413 46.563 325.425 21 7 18 569 3
240.413 46.563 325.425 22 7 18 569 3
240.413 46.563 325.425 23 7 18 569 3
240.413 46.563 325.425 24 7 18 569 3
240.413 46.563 325.425 25 7 18 569 3
240.413 46.563 325.425 26 7 18 569 3
240.413 46.563 325.425 27 7 18 569 3
128.698 32.818 161.046 28 7 18 558 2
277.388 43.139 204.362 29 7 18 579 4
85.643 143.474 171.552 30 7 18 164 1
240.413 46.563 325.425 1 8 18 569 3
240.413 46.563 325.425 2 8 18 569 3
240.413 46.563 325.425 3 8 18 569 3
240.413 46.563 325.425 4 8 18 569 3
240.413 46.563 325.425 5 8 18 569 3
240.413 46.563 325.425 6 8 18 569 3
240.413 46.563 325.425 7 8 18 569 3
240.413 46.563 325.425 8 8 18 569 3
240.413 46.563 325.425 9 8 18 569 3
240.413 46.563 325.425 10 8 18 569 3
240.413 46.563 325.425 11 8 18 569 3
197.202 109.978 121.372 12 8 18 81 1
240.413 46.563 325.425 13 8 18 569 3
240.413 46.563 325.425 14 8 18 569 3
240.413 46.563 325.425 15 8 18 569 3
240.413 46.563 325.425 16 8 18 569 3
240.413 46.563 325.425 17 8 18 569 3
240.413 46.563 325.425 18 8 18 569 3
240.413 46.563 325.425 19 8 18 569 3
240.413 46.563 325.425 20 8 18 569 3
240.413 46.563 325.425 21 8 18 569 3
240.413 46.563 325.425 22 8 18 569 3
240.413 46.563 325.425 23 8 18 569 3
240.413 46.563 325.425 24 8 18 569 3
240.413 46.563 325.425 25 8 18 569 3
240.413 46.563 325.425 26 8 18 569 3
277.388 43.139 204.362 27 8 18 579 4
277.388 43.139 204.362 28 8 18 579 4
277.388 43.139 204.362 29 8 18 579 4
85.643 143.474 171.552 30 8 18 164 1
240.413 46.563 325.425 1 9 18 569 3
240.413 46.563 325.425 2 9 18 569 3
240.413 46.563 325.425 3 9 18 569 3
240.413 46.563 325.425 4 9 18 569 3
240.413 46.563 325.425 5 9 18 569 3
240.413 46.563 325.425 6 9 18 569 3
240.413 46.563 325.425 7 9 18 569 3
240.413 46.563 325.425 8 9 18 569 3
240.413 46.563 325.425 9 9 18 569 3
240.413 46.563 325.425 10 9 18 569 3
240.413 46.563 325.425 11 9 18 569 3
240.413 46.563 325.425 12 9 18 569 3
240.413 46.563 325.425 13 9 18 569 3
240.413 46.563 325.425 14 9 18 569 3
240.413 46.563 325.425 15 9 18 569 3
240.413 46.563 325.425 16 9 18 569 3
240.413 46.563 325.425 17 9 18 569 3
240.413 46.563 325.425 18 9 18 569 3
240.413 46.563 325.425 19 9 18 569 3
240.413 46.563 325.425 20 9 18 569 3
240.413 46.563 325.425 21 9 18 569 3
240.413 46.563 325.425 22 9 18 569 3
240.413 46.563 325.425 23 9 18 569 3
240.413 46.563 325.425 24 9 18 569 3
240.413 46.563 325.425 25 9 18 569 3
277.388 43.139 204.362 26 9 18 579 4
277.388 43.139 204.362 27 9 18 579 4
277.388 43.139 204.362 28 9 18 579 4
115.559 57.208 35.758 29 9 18 172 1
115.559 57.208 35.758 30 9 18 172 1
240.413 46.563 325.425 1 10 18 569 3
240.413 46.563 325.425 2 10 18 569 3
240.413 46.563 325.425 3 10 18 569 3
240.413 46.563 325.425 4 10 18 569 3
240.413 46.563 325.425 5 10 18 569 3
240.413 46.563 325.425 6 10 18 569 3
240.413 46.563 325.425 7 10 18 569 3
240.413 46.563 325.425 8 10 18 569 3
240.413 46.563 325.425 9 10 18 569 3
240.413 46.563 325.425 10 10 18 569 3
240.413 46.563 325.425 11 10 18 569 3
240.413 46.563 325.425 12 10 18 569 3
240.413 46.563 325.425 13 10 18 569 3
240.413 46.563 325.425 14 10 18 569 3
240.413 46.563 325.425 15 10 18 569 3
240.413 46.563 325.425 16 10 18 569 3
240.413 46.563 325.425 17 10 18 569 3
240.413 46.563 325.425 18 10 18 569 3
240.413 46.563 325.425 19 10 18 569 3
240.413 46.563 325.425 20 10 18 569 3
240.413 46.563 325.425 21 10 18 569 3
240.413 46.563 325.425 22 10 18 569 3
240.413 46.563 325.425 23 10 18 569 3
240.413 46.563 325.425 24 10 18 569 3
240.413 46.563 325.425 25 10 18 569 3
277.388 43.139 204.362 26 10 18 579 4
277.388 43.139 204.362 27 10 18 579 4
277.388 43.139 204.362 28 10 18 579 4
277.388 43.139 204.362 29 10 18 579 4
277.388 43.139 204.362 30 10 18 579 4
240.413 46.563 325.425 1 11 18 569 3
240.413 46.563 325.425 2 11 18 569 3
240.413 46.563 325.425 3 11 18 569 3
240.413 46.563 325.425 4 11 18 569 3
240.413 46.563 325.425 5 11 18 569 3
240.413 46.563 325.425 6 11 18 569 3
240.413 46.563 325.425 7 11 18 569 3
240.413 46.563 325.425 8 11 18 569 3
240.413 46.563 325.425 9 11 18 569 3
240.413 46.563 325.425 10 11 18 569 3
240.413 46.563 325.425 11 11 18 569 3
240.413 46.563 325.425 12 11 18 569 3
240.413 46.563 325.425 13 11 18 569 3
240.413 46.563 325.425 14 11 18 569 3
240.413 46.563 325.425 15 11 18 569 3
240.413 46.563 325.425 16 11 18 569 3
240.413 46.563 325.425 17 11 18 569 3
240.413 46.563 325.425 18 11 18 569 3
240.413 46.563 325.425 19 11 18 569 3
240.413 46.563 325.425 20 11 18 569 3
240.413 46.563 325.425 21 11 18 569 3
240.413 46.563 325.425 22 11 18 569 3
240.413 46.563 325.425 23 11 18 569 3
240.413 46.563 325.425 24 11 18 569 3
277.388 43.139 204.362 25 11 18 579 4
277.388 43.139 204.362 26 11 18 579 4
277.388 43.139 204.362 27 11 18 579 4
277.388 43.139 204.362 28 11 18 579 4
277.388 43.139 204.362 29 11 18 579 4
277.388 43.139 204.362 30 11 18 579 4
240.413 46.563 325.425 1 12 18 569 3
240.413 46.563 325.425 2 12 18 569 3
240.413 46.563 325.425 3 12 18 569 3
240.413 46.563 325.425 4 12 18 569 3
240.413 46.563 325.425 5 12 18 569 3
240.413 46.563 325.425 6 12 18 569 3
240.413 46.563 325.425 7 12 18 569 3
240.413 46.563 325.425 8 12 18 569 3
240.413 46.563 325.425 9 12 18 569 3
307.675 121.752 279.365 10 12 18 204 1
240.413 46.563 325.425 11 12 18 569 3
240.413 46.563 325.425 12 12 18 569 3
240.413 46.563 325.425 13 12 18 569 3
240.413 46.563 325.425 14 12 18 569 3
240.413 46.563 325.425 15 12 18 569 3
240.413 46.563 325.425 16 12 18 569 3
240.413 46.563 325.425 17 12 18 569 3
240.413 46.563 325.425 18 12 18 569 3
240.413 46.563 325.425 19 12 18 569 3
240.413 46.563 325.425 20 12 18 569 3
240.413 46.563 325.425 21 12 18 569 3
240.413 46.563 325.425 22 12 18 569 3
240.413 46.563 325.425 23 12 18 569 3
240.413 46.563 325.425 24 12 18 569 3
101.807 52.241 339.281 25 12 18 586 4
277.388 43.139 204.362 26 12 18 579 4
277.388 43.139 204.362 27 12 18 579 4
277.388 43.139 204.362 28 12 18 579 4
277.388 43.139 204.362 29 12 18 579 4
277.388 43.139 204.362 30 12 18 579 4
240.413 46.563 325.425 1 13 18 569 3
240.413 46.563 325.425 2 13 18 569 3
240.413 46.563 325.425 3 13 18 569 3
240.413 46.563 325.425 4 13 18 569 3
240.413 46.563 325.425 5 13 18 569 3
240.413 46.563 325.425 6 13 18 569 3
240.413 46.563 325.425 7 13 18 569 3
240.413 46.563 325.425 8 13 18 569 3
240.413 46.563 325.425 9 13 18 569 3
240.413 46.563 325.425 10 13 18 569 3
240.413 46.563 325.425 11 13 18 569 3
240.413 46.563 325.425 12 13 18 569 3
240.413 46.563 325.425 13 13 18 569 3
240.413 46.563 325.425 14 13 18 569 3
240.413 46.563 325.425 15 13 18 569 3
240.413 46.563 325.425 16 13 18 569 3
240.413 46.563 325.425 17 13 18 569 3
240.413 46.563 325.425 18 13 18 569 3
240.413 46.563 325.425 19 13 18 569 3
240.413 46.563 325.425 20 13 18 569 3
240.413 46.563 325.425 21 13 18 569 3
101.807 52.241 339.281 22 13 18 586 4
101.807 52.241 339.281 23 13 18 586 4
101.807 52.241 339.281 24 13 18 586 4
101.807 52.241 339.281 25 13 18 586 4
101.807 52.241 339.281 26 13 18 586 4
101.807 52.241 339.281 27 13 18 586 4
101.807 52.241 339.281 28 13 18 586 4
101.807 52.241 339.281 29 13 18 586 4
101.807 52.241 339.281 30 13 18 586 4
240.413 46.563 325.425 1 14 18 569 3
240.413 46.563 325.425 2 14 18 569 3
240.413 46.563 325.425 3 14 18 569 3
240.413 46.563 325.425 4 14 18 569 3
240.413 46.563 325.425 5 14 18 569 3
240.413 46.563 325.425 6 14 18 569 3
240.413 46.563 325.425 7 14 18 569 3
240.413 46.563 325.425 8 14 18 569 3
240.413 46.563 325.425 9 14 18 569 3
240.413 46.563 325.425 10 14 18 569 3
240.413 46.563 325.425 11 14 18 569 3
240.413 46.563 325.425 12 14 18 569 3
240.413 46.563 325.425 13 14 18 569 3
240.413 46.563 325.425 14 14 18 569 3
240.413 46.563 325.425 15 14 18 569 3
240.413 46.563 325.425 16 14 18 569 3
240.413 46.563 325.425 17 14 18 569 3
101.807 52.241 339.281 18 14 18 586 4
101.807 52.241 339.281 19 14 18 586 4
101.807 52.241 339.281 20 14 18 586 4
101.807 52.241 339.281 21 14 18 586 4
101.807 52.241 339.281 22 14 18 586 4
101.807 52.241 339.281 23 14 18 586 4
101.807 52.241 339.281 24 14 18 586 4
101.807 52.241 339.281 25 14 18 586 4
101.807 52.241 339.281 26 14 18 586 4
101.807 52.241 339.281 27 14 18 586 4
101.807 52.241 339.281 28 14 18 586 4
101.807 52.241 339.281 29 14 18 586 4
101.807 52.241 339.281 30 14 18 586 4
240.413 46.563 325.425 1 15 18 569 3
240.413 46.563 325.425 2 15 18 569 3
240.413 46.563 325.425 3 15 18 569 3
240.413 46.563 325.425 4 15 18 569 3
240.413 46.563 325.425 5 15 18 569 3
240.413 46.563 325.425 6 15 18 569 3
240.413 46.563 325.425 7 15 18 569 3
240.413 46.563 325.425 8 15 18 569 3
240.413 46.563 325.425 9 15 18 569 3
240.413 46.563 325.425 10 15 18 569 3
240.413 46.563 325.425 11 15 18 569 3
240.413 46.563 325.425 12 15 18 569 3
240.413 46.563 325.425 13 15 18 569 3
101.807 52.241 339.281 14 15 18 586 4
101.807 52.241 339.281 15 15 18 586 4
101.807 52.241 339.281 16 15 18 586 4
101.807 52.241 339.281 17 15 18 586 4
101.807 52.241 339.281 18 15 18 586 4
101.807 52.241 339.281 19 15 18 586 4
101.807 52.241 339.281 20 15 18 586 4
101.807 52.241 339.281 21 15 18 586 4
101.807 52.241 339.281 22 15 18 586 4
101.807 52.241 339.281 23 15 18 586 4
101.807 52.241 339.281 24 15 18 586 4
101.807 52.241 339.281 25 15 18 586 4
101.807 52.241 339.281 26 15 18 586 4
101.807 52.241 339.281 27 15 18 586 4
101.807 52.241 339.281 28 15 18 586 4
101.807 52.241 339.281 29 15 18 586 4
101.807 52.241 339.281 30 15 18 586 4
38.553 161.159 61.399 1 16 18 571 4
240.413 46.563 325.425 2 16 18 569 3
240.413 46.563 325.425 3 16 18 569 3
240.413 46.563 325.425 4 16 18 569 3
240.413 46.563 325.425 5 16 18 569 3
240.413 46.563 325.425 6 16 18 569 3
240.413 46.563 325.425 7 16 18 569 3
240.413 46.563 325.425 8 16 18 569 3
240.413 46.563 325.425 9 16 18 569 3
101.807 52.241 339.281 10 16 18 586 4
101.807 52.241 339.281 11 16 18 586 4
101.807 52.241 339.281 12 16 18 586 4
101.807 52.241 339.281 13 16 18 586 4
101.807 52.241 339.281 14 16 18 586 4
101.807 52.241 339.281 15 16 18 586 4
101.807 52.241 339.281 16 16 18 586 4
101.807 52.241 339.281 17 16 18 586 4
101.807 52.241 339.281 18 16 18 586 4
101.807 52.241 339.281 19 16 18 586 4
101.807 52.241 339.281 20 16 18 586 4
101.807 52.241 339.281 21 16 18 586 4
101.807 52.241 339.281 22 16 18 586 4
101.807 52.241 339.281 23 16 18 586 4
101.807 52.241 339.281 24 16 18 586 4
101.807 52.241 339.281 25 16 18 586 4
101.807 52.241 339.281 26 16 18 586 4
101.807 52.241 339.281 27 16 18 586 4
101.807 52.241 339.281 28 16 18 586 4
101.807 52.241 339.281 29 16 18 586 4
101.807 52.241 339.281 30 16 18 586 4
38.553 161.159 61.399 1 17 18 571 4
38.553 161.159 61.399 2 17 18 571 4
38.553 161.159 61.399 3 17 18 571 4
101.807 52.241 339.281 4 17 18 586 4
101.807 52.241 339.281 5 17 18 586 4
101.807 52.241 339.281 6 17 18 586 4
101.807 52.241 339.281 7 17 18 586 4
101.807 52.241 339.281 8 17 18 586 4
101.807 52.241 339.281 9 17 18 586 4
101.807 52.241 339.281 10 17 18 586 4
101.807 52.241 339.281 11 17 18 586 4
101.807 52.241 339.281 12 17 18 586 4
101.807 52.241 339.281 13 17 18 586 4
101.807 52.241 339.281 14 17 18 586 4
101.807 52.241 339.281 15 17 18 586 4
101.807 52.241 339.281 16 17 18 586 4
101.807 52.241 339.281 17 17 18 586 4
101.807 52.241 339.281 18 17 18 586 4
101.807 52.241 339.281 19 17 18 586 4
101.807 52.241 339.281 20 17 18 586 4
101.807 52.241 339.281 21 17 18 586 4
101.807 52.241 339.281 22 17 18 586 4
101.807 52.241 339.281 23 17 18 586 4
101.807 52.241 339.281 24 17 18 586 4
101.807 52.241 339.281 25 17 18 586 4
101.807 52.241 339.281 26 17 18 586 4
101.807 52.241 339.281 27 17 18 586 4
101.807 52.241 339.281 28 17 18 586 4
101.807 52.241 339.281 29 17 18 586 4
101.807 52.241 339.281 30 17 18 586 4
38.553 161.159 61.399 1 18 18 571 4
38.553 161.159 61.399 2 18 18 571 4
38.553 161.159 61.399 3 18 18 571 4
101.807 52.241 339.281 4 18 18 586 4
101.807 52.241 339.281 5 18 18 586 4
101.807 52.241 339.281 6 18 18 586 4
101.807 52.241 339.281 7 18 18 586 4
101.807 52.241 339.281 8 18 18 586 4
101.807 52.241 339.281 9 18 18 586 4
101.807 52.241 339.281 10 18 18 586 4
101.807 52.241 339.281 11 18 18 586 4
101.807 52.241 339.281 12 18 18 586 4
101.807 52.241 339.281 13 18 18 586 4
101.807 52.241 339.281 14 18 18 586 4
101.807 52.241 339.281 15 18 18 586 4
101.807 52.241 339.281 16 18 18 586 4
101.807 52.241 339.281 17 18 18 586 4
101.807 52.241 339.281 18 18 18 586 4
101.807 52.241 339.281 19 18 18 586 4
101.807 52.241 339.281 20 18 18 586 4
101.807 52.241 339.281 21 18 18 586 4
101.807 52.241 339.281 22 18 18 586 4
101.807 52.241 339.281 23 18 18 586 4
101.807 52.241 339.281 24 18 18 586 4
101.807 52.241 339.281 25 18 18 586 4
101.807 52.241 339.281 26 18 18 586 4
101.807 52.241 339.281 27 18 18 586 4
101.807 52.241 339.281 28 18 18 586 4
101.807 52.241 339.281 29 18 18 586 4
101.807 52.241 339.281 30 18 18 586 4
38.553 161.159 61.399 1 19 18 571 4
101.807 52.241 339.281 2 19 18 586 4
101.807 52.241 339.281 3 19 18 586 4
101.807 52.241 339.281 4 19 18 586 4
101.807 52.241 339.281 5 19 18 586 4
101.807 52.241 339.281 6 19 18 586 4
101.807 52.241 339.281 7 19 18 586 4
101.807 52.241 339.281 8 19 18 586 4
101.807 52.241 339.281 9 19 18 586 4
101.807 52.241 339.281 10 19 18 586 4
101.807 52.241 339.281 11 19 18 586 4
101.807 52.241 339.281 12 19 18 586 4
101.807 52.241 339.281 13 19 18 586 4
101.807 52.241 339.281 14 19 18 586 4
101.807 52.241 339.281 15 19 18 586 4
101.807 52.241 339.281 16 19 18 586 4
101.807 52.241 339.281 17 19 18 586 4
101.807 52.241 339.281 18 19 18 586 4
101.807 52.241 339.281 19 19 18 586 4
101.807 52.241 339.281 20 19 18 586 4
101.807 52.241 339.281 21 19 18 586 4
101.807 52.241 339.281 22 19 18 586 4
101.807 52.241 339.281 23 19 18 586 4
101.807 52.241 339.281 24 19 18 586 4
101.807 52.241 339.281 25 19 18 586 4
101.807 52.241 339.281 26 19 18 586 4
101.807 52.241 339.281 27 19 18 586 4
101.807 52.241 339.281 28 19 18 586 4
101.807 52.241 339.281 29 19 18 586 4
101.807 52.241 339.281 30 19 18 586 4
38.553 161.159 61.399 1 20 18 571 4
101.807 52.241 339.281 2 20 18 586 4
101.807 52.241 339.281 3 20 18 586 4
101.807 52.241 339.281 4 20 18 586 4
101.807 52.241 339.281 5 20 18 586 4
101.807 52.241 339.281 6 20 18 586 4
101.807 52.241 339.281 7 20 18 586 4
101.807 52.241 339.281 8 20 18 586 4
101.807 52.241 339.281 9 20 18 586 4
101.807 52.241 339.281 10 20 18 586 4
101.807 52.241 339.281 11 20 18 586 4
101.807 52.241 339.281 12 20 18 586 4
101.807 52.241 339.281 13 20 18 586 4
101.807 52.241 339.281 14 20 18 586 4
101.807 52.241 339.281 15 20 18 586 4
101.807 52.241 339.281 16 20 18 586 4
101.807 52.241 339.281 17 20 18 586 4
101.807 52.241 339.281 18 20 18 586 4
101.807 52.241 339.281 19 20 18 586 4
101.807 52.241 339.281 20 20 18 586 4
101.807 52.241 339.281 21 20 18 586 4
101.807 52.241 339.281 22 20 18 586 4
101.807 52.241 339.281 23 20 18 586 4
101.807 52.241 339.281 24 20 18 586 4
101.807 52.241 339.281 25 20 18 586 4
101.807 52.241 339.281 26 20 18 586 4
101.807 52.241 339.281 27 20 18 586 4
101.807 52.241 339.281 28 20 18 586 4
101.807 52.241 339.281 29 20 18 586 4
101.807 52.241 339.281 30 20 18 586 4
38.553 161.159 61.399 1 21 18 571 4
101.807 52.241 339.281 2 21 18 586 4
101.807 52.241 339.281 3 21 18 586 4
101.807 52.241 339.281 4 21 18 586 4
101.807 52.241 339.281 5 21 18 586 4
101.807 52.241 339.281 6 21 18 586 4
101.807 52.241 339.281 7 21 18 586 4
101.807 52.241 339.281 8 21 18 586 4
101.807 52.241 339.281 9 21 18 586 4
101.807 52.241 339.281 10 21 18 586 4
101.807 52.241 339.281 11 21 18 586 4
101.807 52.241 339.281 12 21 18 586 4
101.807 52.241 339.281 13 21 18 586 4
101.807 52.241 339.281 14 21 18 586 4
101.807 52.241 339.281 15 21 18 586 4
101.807 52.241 339.281 16 21 18 586 4
101.807 52.241 339.281 17 21 18 586 4
101.807 52.241 339.281 18 21 18 586 4
101.807 52.241 339.281 19 21 18 586 4
101.807 52.241 339.281 20 21 18 586 4
101.807 52.241 339.281 21 21 18 586 4
101.807 52.241 339.281 22 21 18 586 4
101.807 52.241 339.281 23 21 18 586 4
101.807 52.241 339.281 24 21 18 586 4
101.807 52.241 339.281 25 21 18 586 4
101.807 52.241 339.281 26 21 18 586 4
101.807 52.241 339.281 27 21 18 586 4
101.807 52.241 339.281 28 21 18 586 4
359.392 81.007 259.773 29 21 18 576 4
359.392 81.007 259.773 30 21 18 576 4
101.807 52.241 339.281 1 22 18 586 4
101.807 52.241 339.281 2 22 18 586 4
101.807 52.241 339.281 3 22 18 586 4
101.807 52.241 339.281 4 22 18 586 4
101.807 52.241 339.281 5 22 18 586 4
101.807 52.241 339.281 6 22 18 586 4
101.807 52.241 339.281 7 22 18 586 4
101.807 52.241 339.281 8 22 18 586 4
101.807 52.241 339.281 9 22 18 586 4
101.807 52.241 339.281 10 22 18 586 4
101.807 52.241 339.281 11 22 18 586 4
101.807 52.241 339.281 12 22 18 586 4
101.807 52.241 339.281 13 22 18 586 4
101.807 52.241 339.281 14 22 18 586 4
101.807 52.241 339.281 15 22 18 586 4
101.807 52.241 339.281 16 22 18 586 4
101.807 52.241 339.281 17 22 18 586 4
101.807 52.241 339.281 18 22 18 586 4
101.807 52.241 339.281 19 22 18 586 4
101.807 52.241 339.281 20 22 18 586 4
101.807 52.241 339.281 21 22 18 586 4
101.807 52.241 339.281 22 22 18 586 4
101.807 52.241 339.281 23 22 18 586 4
101.807 52.241 339.281 24 22 18 586 4
101.807 52.241 339.281 25 22 18 586 4
101.807 52.241 339.281 26 22 18 586 4
359.392 81.007 259.773 27 22 18 576 4
82.506 72.834 7.922 28 22 18 308 1
359.392 81.007 259.773 29 22 18 576 4
359.392 81.007 259.773 30 22 18 576 4
101.807 52.241 339.281 1 23 18 586 4
101.807 52.241 339.281 2 23 18 586 4
101.807 52.241 339.281 3 23 18 586 4
101.807 52.241 339.281 4 23 18 586 4
101.807 52.241 339.281 5 23 18 586 4
101.807 52.241 339.281 6 23 18 586 4
101.807 52.241 339.281 7 23 18 586 4
101.807 52.241 339.281 8 23 18 586 4
101.807 52.241 339.281 9 23 18 586 4
101.807 52.241 339.281 10 23 18 586 4
101.807 52.241 339.281 11 23 18 586 4
101.807 52.241 339.281 12 23 18 586 4
101.807 52.241 339.281 13 23 18 586 4
101.807 52.241 339.281 14 23 18 586 4
101.807 52.241 339.281 15 23 18 586 4
101.807 52.241 339.281 16 23 18 586 4
101.807 52.241 339.281 17 23 18 586 4
101.807 52.241 339.281 18 23 18 586 4
101.807 52.241 339.281 19 23 18 586 4
101.807 52.241 339.281 20 23 18 586 4
101.807 52.241 339.281 21 23 18 586 4
101.807 52.241 339.281 22 23 18 586 4
101.807 52.241 339.281 23 23 18 586 4
101.807 52.241 339.281 24 23 18 586 4
101.807 52.241 339.281 25 23 18 586 4
115.119 104.305 298.715 26 23 18 506 2
115.119 104.305 298.715 27 23 18 506 2
359.392 81.007 259.773 28 23 18 576 4
359.392 81.007 259.773 29 23 18 576 4
359.392 81.007 259.773 30 23 18 576 4
101.807 52.241 339.281 1 24 18 586 4
101.807 52.241 339.281 2 24 18 586 4
101.807 52.241 339.281 3 24 18 586 4
101.807 52.241 339.281 4 24 18 586 4
101.807 52.241 339.281 5 24 18 586 4
101.807 52.241 339.281 6 24 18 586 4
101.807 52.241 339.281 7 24 18 586 4
101.807 52.241 339.281 8 24 18 586 4
101.807 52.241 339.281 9 24 18 586 4
101.807 52.241 339.281 10 24 18 586 4
101.807 52.241 339.281 11 24 18 586 4
101.807 52.241 339.281 12 24 18 586 4
101.807 52.241 339.281 13 24 18 586 4
101.807 52.241 339.281 14 24 18 586 4
101.807 52.241 339.281 15 24 18 586 4
101.807 52.241 339.281 16 24 18 586 4
101.807 52.241 339.281 17 24 18 586 4
101.807 52.241 339.281 18 24 18 586 4
101.807 52.241 339.281 19 24 18 586 4
101.807 52.241 339.281 20 24 18 586 4
101.807 52.241 339.281 21 24 18 586 4
101.807 52.241 339.281 22 24 18 586 4
101.807 52.241 339.281 23 24 18 586 4
101.807 52.241 339.281 24 24 18 586 4
115.119 104.305 298.715 25 24 18 506 2
115.119 104.305 298.715 26 24 18 506 2
115.119 104.305 298.715 27 24 18 506 2
359.392 81.007 259.773 28 24 18 576 4
359.392 81.007 259.773 29 24 18 576 4
359.392 81.007 259.773 30 24 18 576 4
101.807 52.241 339.281 1 25 18 586 4
101.807 52.241 339.281 2 25 18 586 4
101.807 52.241 339.281 3 25 18 586 4
101.807 52.241 339.281 4 25 18 586 4
101.807 52.241 339.281 5 25 18 586 4
101.807 52.241 339.281 6 25 18 586 4
101.807 52.241 339.281 7 25 18 586 4
101.807 52.241 339.281 8 25 18 586 4
101.807 52.241 339.281 9 25 18 586 4
101.807 52.241 339.281 10 25 18 586 4
101.807 52.241 339.281 11 25 18 586 4
101.807 52.241 339.281 12 25 18 586 4
101.807 52.241 339.281 13 25 18 586 4
101.807 52.241 339.281 14 25 18 586 4
101.807 52.241 339.281 15 25 18 586 4
101.807 52.241 339.281 16 25 18 586 4
101.807 52.241 339.281 17 25 18 586 4
101.807 52.241 339.281 18 25 18 586 4
101.807 52.241 339.281 19 25 18 586 4
30.521 78.833 228.403 20 25 18 577 4
94.881 109.778 237.073 21 25 18 574 4
94.881 109.778 237.073 22 25 18 574 4
94.881 109.778 237.073 23 25 18 574 4
359.392 81.007 259.773 24 25 18 576 4
359.392 81.007 259.773 25 25 18 576 4
115.119 104.305 298.715 26 25 18 506 2
115.119 104.305 298.715 27 25 18 506 2
359.392 81.007 259.773 28 25 18 576 4
359.392 81.007 259.773 29 25 18 576 4
359.392 81.007 259.773 30 25 18 576 4
204.844 119.627 193.244 1 26 18 474 2
101.807 52.241 339.281 2 26 18 586 4
101.807 52.241 339.281 3 26 18 586 4
101.807 52.241 339.281 4 26 18 586 4
101.807 52.241 339.281 5 26 18 586 4
101.807 52.241 339.281 6 26 18 586 4
101.807 52.241 339.281 7 26 18 586 4
101.807 52.241 339.281 8 26 18 586 4
101.807 52.241 339.281 9 26 18 586 4
101.807 52.241 339.281 10 26 18 586 4
101.807 52.241 339.281 11 26 18 586 4
101.807 52.241 339.281 12 26 18 586 4
101.807 52.241 339.281 13 26 18 586 4
101.807 52.241 339.281 14 26 18 586 4
101.807 52.241 339.281 15 26 18 586 4
101.807 52.241 339.281 16 26 18 586 4
30.521 78.833 228.403 17 26 18 577 4
30.521 78.833 228.403 18 26 18 577 4
30.521 78.833 228.403 19 26 18 577 4
30.521 78.833 228.403 20 26 18 577 4
30.521 78.833 228.403 21 26 18 577 4
94.881 109.778 237.073 22 26 18 574 4
94.881 109.778 237.073 23 26 18 574 4
359.392 81.007 259.773 24 26 18 576 4
359.392 81.007 259.773 25 26 18 576 4
359.392 81.007 259.773 26 26 18 576 4
224.576 56.469 51.818 27 26 18 168 1
359.392 81.007 259.773 28 26 18 576 4
359.392 81.007 259.773 29 26 18 576 4
359.392 81.007 259.773 30 26 18 576 4
204.844 119.627 193.244 1 27 18 474 2
43.280 97.075 104.407 2 27 18 372 1
204.844 119.627 193.244 3 27 18 474 2
192.850 69.832 308.556 4 27 18 205 1
204.844 119.627 193.244 5 27 18 474 2
101.807 52.241 339.281 6 27 18 586 4
31.760 16.770 223.195 7 27 18 562 2
31.760 16.770 223.195 8 27 18 562 2
222.830 79.787 208.465 9 27 18 484 2
222.830 79.787 208.465 10 27 18 484 2
101.807 52.241 339.281 11 27 18 586 4
101.807 52.241 339.281 12 27 18 586 4
21.437 104.053 337.191 13 27 18 383 1
21.437 104.053 337.191 14 27 18 383 1
21.437 104.053 337.191 15 27 18 383 1
40.835 147.981 298.667 16 27 18 620 2
30.521 78.833 228.403 17 27 18 577 4
30.521 78.833 228.403 18 27 18 577 4
30.521 78.833 228.403 19 27 18 577 4
30.521 78.833 228.403 20 27 18 577 4
30.521 78.833 228.403 21 27 18 577 4
94.881 109.778 237.073 22 27 18 574 4
94.881 109.778 237.073 23 27 18 574 4
359.392 81.007 259.773 24 27 18 576 4
359.392 81.007 259.773 25 27 18 576 4
359.392 81.007 259.773 26 27 18 576 4
359.392 81.007 259.773 27 27 18 576 4
359.392 81.007 259.773 28 27 18 576 4
359.392 81.007 259.773 29 27 18 576 4
359.392 81.007 259.773 30 27 18 576 4
204.844 119.627 193.244 1 28 18 474 2
43.280 97.075 104.407 2 28 18 372 1
204.844 119.627 193.244 3 28 18 474 2
192.850 69.832 308.556 4 28 18 205 1
204.844 119.627 193.244 5 28 18 474 2
31.760 16.770 223.195 6 28 18 562 2
31.760 16.770 223.195 7 28 18 562 2
31.760 16.770 223.195 8 28 18 562 2
222.830 79.787 208.465 9 28 18 484 2
222.830 79.787 208.465 10 28 18 484 2
222.830 79.787 208.465 11 28 18 484 2
327.803 140.466 77.404 12 28 18 143 1
21.437 104.053 337.191 13 28 18 383 1
21.437 104.053 337.191 14 28 18 383 1
21.437 104.053 337.191 15 28 18 383 1
40.835 147.981 298.667 16 28 18 620 2
30.521 78.833 228.403 17 28 18 577 4
30.521 78.833 228.403 18 28 18 577 4
30.521 78.833 228.403 19 28 18 577 4
30.521 78.833 228.403 20 28 18 577 4
30.521 78.833 228.403 21 28 18 577 4
30.521 78.833 228.403 22 28 18 577 4
359.392 81.007 259.773 23 28 18 576 4
359.392 81.007 259.773 24 28 18 576 4
359.392 81.007 259.773 25 28 18 576 4
359.392 81.007 259.773 26 28 18 576 4
359.392 81.007 259.773 27 28 18 576 4
359.392 81.007 259.773 28 28 18 576 4
359.392 81.007 259.773 29 28 18 576 4
359.392 81.007 259.773 30 28 18 576 4
204.844 119.627 193.244 1 29 18 474 2
204.844 119.627 193.244 2 29 18 474 2
204.844 119.627 193.244 3 29 18 474 2
204.844 119.627 193.244 4 29 18 474 2
204.844 119.627 193.244 5 29 18 474 2
31.760 16.770 223.195 6 29 18 562 2
31.760 16.770 223.195 7 29 18 562 2
31.760 16.770 223.195 8 29 18 562 2
31.760 16.770 223.195 9 29 18 562 2
222.830 79.787 208.465 10 29 18 484 2
222.830 79.787 208.465 11 29 18 484 2
327.803 140.466 77.404 12 29 18 143 1
21.437 104.053 337.191 13 29 18 383 1
21.437 104.053 337.191 14 29 18 383 1
21.437 104.053 337.191 15 29 18 383 1
21.437 104.053 337.191 16 29 18 383 1
30.521 78.833 228.403 17 29 18 577 4
30.521 78.833 228.403 18 29 18 577 4
30.521 78.833 228.403 19 29 18 577 4
30.521 78.833 228.403 20 29 18 577 4
30.521 78.833 228.403 21 29 18 577 4
30.521 78.833 228.403 22 29 18 577 4
359.392 81.007 259.773 23 29 18 576 4
359.392 81.007 259.773 24 29 18 576 4
359.392 81.007 259.773 25 29 18 576 4
359.392 81.007 259.773 26 29 18 576 4
359.392 81.007 259.773 27 29 18 576 4
359.392 81.007 259.773 28 29 18 576 4
359.392 81.007 259.773 29 29 18 576 4
359.392 81.007 259.773 30 29 18 576 4
204.844 119.627 193.244 1 30 18 474 2
204.844 119.627 193.244 2 30 18 474 2
204.844 119.627 193.244 3 30 18 474 2
204.844 119.627 193.244 4 30 18 474 2
31.760 16.770 223.195 5 30 18 562 2
31.760 16.770 223.195 6 30 18 562 2
31.760 16.770 223.195 7 30 18 562 2
31.760 16.770 223.195 8 30 18 562 2
31.760 16.770 223.195 9 30 18 562 2
222.830 79.787 208.465 10 30 18 484 2
222.830 79.787 208.465 11 30 18 484 2
327.803 140.466 77.404 12 30 18 143 1
21.437 104.053 337.191 13 30 18 383 1
21.437 104.053 337.191 14 30 18 383 1
21.437 104.053 337.191 15 30 18 383 1
21.437 104.053 337.191 16 30 18 383 1
30.521 78.833 228.403 17 30 18 577 4
30.521 78.833 228.403 18 30 18 577 4
30.521 78.833 228.403 19 30 18 577 4
30.521 78.833 228.403 20 30 18 577 4
30.521 78.833 228.403 21 30 18 577 4
30.521 78.833 228.403 22 30 18 577 4
359.392 81.007 259.773 23 30 18 576 4
359.392 81.007 259.773 24 30 18 576 4
359.392 81.007 259.773 25 30 18 576 4
359.392 81.007 259.773 26 30 18 576 4
359.392 81.007 259.773 27 30 18 576 4
359.392 81.007 259.773 28 30 18 576 4
359.392 81.007 259.773 29 30 18 576 4
359.392 81.007 259.773 30 30 18 576 4
