17.847 54.428 257.623 1 1 1 587 4
17.847 54.428 257.623 2 1 1 587 4
17.847 54.428 257.623 3 1 1 587 4
17.847 54.428 257.623 4 1 1 587 4
141.200 49.091 229.468 5 1 1 486 2
141.200 49.091 229.468 6 1 1 486 2
141.200 49.091 229.468 7 1 1 486 2
168.858 93.570 194.702 8 1 1 522 2
168.858 93.570 194.702 9 1 1 522 2
168.858 93.570 194.702 10 1 1 522 2
168.858 93.570 194.702 11 1 1 522 2
168.858 93.570 194.702 12 1 1 522 2
101.075 114.505 56.793 13 1 1 428 1
60.953 124.751 196.934 14 1 1 106 1
161.376 90.429 9.324 15 1 1 482 2
161.376 90.429 9.324 16 1 1 482 2
202.061 84.583 184.257 17 1 1 573 4
202.061 84.583 184.257 18 1 1 573 4
202.061 84.583 184.257 19 1 1 573 4
202.061 84.583 184.257 20 1 1 573 4
202.061 84.583 184.257 21 1 1 573 4
202.061 84.583 184.257 22 1 1 573 4
202.061 84.583 184.257 23 1 1 573 4
342.949 107.511 97.225 24 1 1 632 2
342.949 107.511 97.225 25 1 1 632 2
21.836 30.895 356.545 26 1 1 53 1
21.836 30.895 356.545 27 1 1 53 1
21.836 30.895 356.545 28 1 1 53 1
11.508 79.313 266.438 29 1 1 263 1
206.248 147.349 322.488 30 1 1 581 4
17.847 54.428 257.623 1 2 1 587 4
17.847 54.428 257.623 2 2 1 587 4
17.847 54.428 257.623 3 2 1 587 4
17.847 54.428 257.623 4 2 1 587 4
168.858 93.570 194.702 5 2 1 522 2
168.858 93.570 194.702 6 2 1 522 2
168.858 93.570 194.702 7 2 1 522 2
168.858 93.570 194.702 8 2 1 522 2
168.858 93.570 194.702 9 2 1 522 2
168.858 93.570 194.702 10 2 1 522 2
168.858 93.570 194.702 11 2 1 522 2
168.858 93.570 194.702 12 2 1 522 2
101.075 114.505 56.793 13 2 1 428 1
60.953 124.751 196.934 14 2 1 106 1
161.376 90.429 9.324 15 2 1 482 2
161.376 90.429 9.324 16 2 1 482 2
331.077 86.085 232.557 17 2 1 316 1
331.077 86.085 232.557 18 2 1 316 1
331.077 86.085 232.557 19 2 1 316 1
202.061 84.583 184.257 20 2 1 573 4
202.061 84.583 184.257 21 2 1 573 4
202.061 84.583 184.257 22 2 1 573 4
202.061 84.583 184.257 23 2 1 573 4
342.949 107.511 97.225 24 2 1 632 2
342.949 107.511 97.225 25 2 1 632 2
342.949 107.511 97.225 26 2 1 632 2
21.836 30.895 356.545 27 2 1 53 1
21.836 30.895 356.545 28 2 1 53 1
11.508 79.313 266.438 29 2 1 263 1
11.508 79.313 266.438 30 2 1 263 1
17.847 54.428 257.623 1 3 1 587 4
232.839 122.416 112.970 2 3 1 6 1
232.839 122.416 112.970 3 3 1 6 1
17.847 54.428 257.623 4 3 1 587 4
168.858 93.570 194.702 5 3 1 522 2
168.858 93.570 194.702 6 3 1 522 2
168.858 93.570 194.702 7 3 1 522 2
168.858 93.570 194.702 8 3 1 522 2
168.858 93.570 194.702 9 3 1 522 2
168.858 93.570 194.702 10 3 1 522 2
168.858 93.570 194.702 11 3 1 522 2
168.858 93.570 194.702 12 3 1 522 2
168.858 93.570 194.702 13 3 1 522 2
161.376 90.429 9.324 14 3 1 482 2
161.376 90.429 9.324 15 3 1 482 2
161.376 90.429 9.324 16 3 1 482 2
331.077 86.085 232.557 17 3 1 316 1
331.077 86.085 232.557 18 3 1 316 1
331.077 86.085 232.557 19 3 1 316 1
331.077 86.085 232.557 20 3 1 316 1
202.061 84.583 184.257 21 3 1 573 4
202.061 84.583 184.257 22 3 1 573 4
202.061 84.583 184.257 23 3 1 573 4
342.949 107.511 97.225 24 3 1 632 2
342.949 107.511 97.225 25 3 1 632 2
342.949 107.511 97.225 26 3 1 632 2
21.836 30.895 356.545 27 3 1 53 1
21.836 30.895 356.545 28 3 1 53 1
11.508 79.313 266.438 29 3 1 263 1
156.569 117.977 275.949 30 3 1 202 1
17.847 54.428 257.623 1 4 1 587 4
17.847 54.428 257.623 2 4 1 587 4
17.847 54.428 257.623 3 4 1 587 4
17.847 54.428 257.623 4 4 1 587 4
168.858 93.570 194.702 5 4 1 522 2
168.858 93.570 194.702 6 4 1 522 2
168.858 93.570 194.702 7 4 1 522 2
168.858 93.570 194.702 8 4 1 522 2
168.858 93.570 194.702 9 4 1 522 2
168.858 93.570 194.702 10 4 1 522 2
168.858 93.570 194.702 11 4 1 522 2
168.858 93.570 194.702 12 4 1 522 2
168.858 93.570 194.702 13 4 1 522 2
161.376 90.429 9.324 14 4 1 482 2
161.376 90.429 9.324 15 4 1 482 2
304.537 113.169 129.483 16 4 1 624 1
304.537 113.169 129.483 17 4 1 624 1
304.537 113.169 129.483 18 4 1 624 1
331.077 86.085 232.557 19 4 1 316 1
331.077 86.085 232.557 20 4 1 316 1
202.061 84.583 184.257 21 4 1 573 4
202.061 84.583 184.257 22 4 1 573 4
202.061 84.583 184.257 23 4 1 573 4
202.061 84.583 184.257 24 4 1 573 4
342.949 107.511 97.225 25 4 1 632 2
342.949 107.511 97.225 26 4 1 632 2
21.836 30.895 356.545 27 4 1 53 1
358.880 101.929 250.799 28 4 1 140 1
358.880 101.929 250.799 29 4 1 140 1
358.880 101.929 250.799 30 4 1 140 1
17.847 54.428 257.623 1 5 1 587 4
17.847 54.428 257.623 2 5 1 587 4
17.847 54.428 257.623 3 5 1 587 4
17.847 54.428 257.623 4 5 1 587 4
168.858 93.570 194.702 5 5 1 522 2
168.858 93.570 194.702 6 5 1 522 2
168.858 93.570 194.702 7 5 1 522 2
168.858 93.570 194.702 8 5 1 522 2
168.858 93.570 194.702 9 5 1 522 2
168.858 93.570 194.702 10 5 1 522 2
168.858 93.570 194.702 11 5 1 522 2
168.858 93.570 194.702 12 5 1 522 2
168.858 93.570 194.702 13 5 1 522 2
168.858 93.570 194.702 14 5 1 522 2
304.537 113.169 129.483 15 5 1 624 1
304.537 113.169 129.483 16 5 1 624 1
304.537 113.169 129.483 17 5 1 624 1
304.537 113.169 129.483 18 5 1 624 1
304.537 113.169 129.483 19 5 1 624 1
331.077 86.085 232.557 20 5 1 316 1
202.061 84.583 184.257 21 5 1 573 4
202.061 84.583 184.257 22 5 1 573 4
202.061 84.583 184.257 23 5 1 573 4
202.061 84.583 184.257 24 5 1 573 4
202.061 84.583 184.257 25 5 1 573 4
182.034 120.239 167.690 26 5 1 190 1
358.880 101.929 250.799 27 5 1 140 1
358.880 101.929 250.799 28 5 1 140 1
358.880 101.929 250.799 29 5 1 140 1
358.880 101.929 250.799 30 5 1 140 1
17.847 54.428 257.623 1 6 1 587 4
17.847 54.428 257.623 2 6 1 587 4
17.847 54.428 257.623 3 6 1 587 4
17.847 54.428 257.623 4 6 1 587 4
168.858 93.570 194.702 5 6 1 522 2
168.858 93.570 194.702 6 6 1 522 2
168.858 93.570 194.702 7 6 1 522 2
168.858 93.570 194.702 8 6 1 522 2
168.858 93.570 194.702 9 6 1 522 2
168.858 93.570 194.702 10 6 1 522 2
168.858 93.570 194.702 11 6 1 522 2
168.858 93.570 194.702 12 6 1 522 2
168.858 93.570 194.702 13 6 1 522 2
168.858 93.570 194.702 14 6 1 522 2
304.537 113.169 129.483 15 6 1 624 1
304.537 113.169 129.483 16 6 1 624 1
304.537 113.169 129.483 17 6 1 624 1
304.537 113.169 129.483 18 6 1 624 1
304.537 113.169 129.483 19 6 1 624 1
242.164 54.327 337.036 20 6 1 385 1
242.164 54.327 337.036 21 6 1 385 1
202.061 84.583 184.257 22 6 1 573 4
202.061 84.583 184.257 23 6 1 573 4
91.904 105.342 357.362 24 6 1 301 1
91.904 105.342 357.362 25 6 1 301 1
182.034 120.239 167.690 26 6 1 190 1
64.574 100.251 169.420 27 6 1 543 2
64.574 100.251 169.420 28 6 1 543 2
64.574 100.251 169.420 29 6 1 543 2
358.880 101.929 250.799 30 6 1 140 1
17.847 54.428 257.623 1 7 1 587 4
17.847 54.428 257.623 2 7 1 587 4
17.847 54.428 257.623 3 7 1 587 4
17.847 54.428 257.623 4 7 1 587 4
168.858 93.570 194.702 5 7 1 522 2
168.858 93.570 194.702 6 7 1 522 2
168.858 93.570 194.702 7 7 1 522 2
168.858 93.570 194.702 8 7 1 522 2
168.858 93.570 194.702 9 7 1 522 2
168.858 93.570 194.702 10 7 1 522 2
168.858 93.570 194.702 11 7 1 522 2
168.858 93.570 194.702 12 7 1 522 2
4.843 110.528 338.233 13 7 1 541 2
129.281 105.743 238.216 14 7 1 545 2
129.281 105.743 238.216 15 7 1 545 2
129.281 105.743 238.216 16 7 1 545 2
304.537 113.169 129.483 17 7 1 624 1
304.537 113.169 129.483 18 7 1 624 1
242.164 54.327 337.036 19 7 1 385 1
242.164 54.327 337.036 20 7 1 385 1
242.164 54.327 337.036 21 7 1 385 1
242.164 54.327 337.036 22 7 1 385 1
91.904 105.342 357.362 23 7 1 301 1
91.904 105.342 357.362 24 7 1 301 1
91.904 105.342 357.362 25 7 1 301 1
64.574 100.251 169.420 26 7 1 543 2
64.574 100.251 169.420 27 7 1 543 2
64.574 100.251 169.420 28 7 1 543 2
64.574 100.251 169.420 29 7 1 543 2
64.574 100.251 169.420 30 7 1 543 2
17.847 54.428 257.623 1 8 1 587 4
17.847 54.428 257.623 2 8 1 587 4
17.847 54.428 257.623 3 8 1 587 4
17.847 54.428 257.623 4 8 1 587 4
351.478 134.102 215.799 5 8 1 559 2
351.478 134.102 215.799 6 8 1 559 2
351.478 134.102 215.799 7 8 1 559 2
351.478 134.102 215.799 8 8 1 559 2
351.478 134.102 215.799 9 8 1 559 2
351.478 134.102 215.799 10 8 1 559 2
4.843 110.528 338.233 11 8 1 541 2
4.843 110.528 338.233 12 8 1 541 2
4.843 110.528 338.233 13 8 1 541 2
129.281 105.743 238.216 14 8 1 545 2
129.281 105.743 238.216 15 8 1 545 2
129.281 105.743 238.216 16 8 1 545 2
129.281 105.743 238.216 17 8 1 545 2
84.178 96.112 239.897 18 8 1 82 1
84.178 96.112 239.897 19 8 1 82 1
242.164 54.327 337.036 20 8 1 385 1
242.164 54.327 337.036 21 8 1 385 1
242.164 54.327 337.036 22 8 1 385 1
242.164 54.327 337.036 23 8 1 385 1
91.904 105.342 357.362 24 8 1 301 1
91.904 105.342 357.362 25 8 1 301 1
64.574 100.251 169.420 26 8 1 543 2
64.574 100.251 169.420 27 8 1 543 2
64.574 100.251 169.420 28 8 1 543 2
64.574 100.251 169.420 29 8 1 543 2
64.574 100.251 169.420 30 8 1 543 2
17.847 54.428 257.623 1 9 1 587 4
17.847 54.428 257.623 2 9 1 587 4
17.847 54.428 257.623 3 9 1 587 4
17.847 54.428 257.623 4 9 1 587 4
351.478 134.102 215.799 5 9 1 559 2
351.478 134.102 215.799 6 9 1 559 2
351.478 134.102 215.799 7 9 1 559 2
351.478 134.102 215.799 8 9 1 559 2
351.478 134.102 215.799 9 9 1 559 2
351.478 134.102 215.799 10 9 1 559 2
4.843 110.528 338.233 11 9 1 541 2
4.843 110.528 338.233 12 9 1 541 2
4.843 110.528 338.233 13 9 1 541 2
129.281 105.743 238.216 14 9 1 545 2
129.281 105.743 238.216 15 9 1 545 2
129.281 105.743 238.216 16 9 1 545 2
129.281 105.743 238.216 17 9 1 545 2
84.178 96.112 239.897 18 9 1 82 1
84.178 96.112 239.897 19 9 1 82 1
84.178 96.112 239.897 20 9 1 82 1
242.164 54.327 337.036 21 9 1 385 1
242.164 54.327 337.036 22 9 1 385 1
242.164 54.327 337.036 23 9 1 385 1
242.164 54.327 337.036 24 9 1 385 1
242.164 54.327 337.036 25 9 1 385 1
64.574 100.251 169.420 26 9 1 543 2
64.574 100.251 169.420 27 9 1 543 2
64.574 100.251 169.420 28 9 1 543 2
64.574 100.251 169.420 29 9 1 543 2
64.574 100.251 169.420 30 9 1 543 2
17.847 54.428 257.623 1 10 1 587 4
17.847 54.428 257.623 2 10 1 587 4
17.847 54.428 257.623 3 10 1 587 4
351.478 134.102 215.799 4 10 1 559 2
351.478 134.102 215.799 5 10 1 559 2
351.478 134.102 215.799 6 10 1 559 2
351.478 134.102 215.799 7 10 1 559 2
351.478 134.102 215.799 8 10 1 559 2
351.478 134.102 215.799 9 10 1 559 2
351.478 134.102 215.799 10 10 1 559 2
4.843 110.528 338.233 11 10 1 541 2
4.843 110.528 338.233 12 10 1 541 2
4.843 110.528 338.233 13 10 1 541 2
129.281 105.743 238.216 14 10 1 545 2
129.281 105.743 238.216 15 10 1 545 2
129.281 105.743 238.216 16 10 1 545 2
129.281 105.743 238.216 17 10 1 545 2
84.178 96.112 239.897 18 10 1 82 1
84.178 96.112 239.897 19 10 1 82 1
84.178 96.112 239.897 20 10 1 82 1
242.164 54.327 337.036 21 10 1 385 1
242.164 54.327 337.036 22 10 1 385 1
242.164 54.327 337.036 23 10 1 385 1
242.164 54.327 337.036 24 10 1 385 1
242.164 54.327 337.036 25 10 1 385 1
64.574 100.251 169.420 26 10 1 543 2
64.574 100.251 169.420 27 10 1 543 2
64.574 100.251 169.420 28 10 1 543 2
64.574 100.251 169.420 29 10 1 543 2
64.574 100.251 169.420 30 10 1 543 2
17.847 54.428 257.623 1 11 1 587 4
17.847 54.428 257.623 2 11 1 587 4
17.847 54.428 257.623 3 11 1 587 4
351.478 134.102 215.799 4 11 1 559 2
351.478 134.102 215.799 5 11 1 559 2
351.478 134.102 215.799 6 11 1 559 2
351.478 134.102 215.799 7 11 1 559 2
351.478 134.102 215.799 8 11 1 559 2
351.478 134.102 215.799 9 11 1 559 2
351.478 134.102 215.799 10 11 1 559 2
4.843 110.528 338.233 11 11 1 541 2
4.843 110.528 338.233 12 11 1 541 2
129.281 105.743 238.216 13 11 1 545 2
129.281 105.743 238.216 14 11 1 545 2
129.281 105.743 238.216 15 11 1 545 2
129.281 105.743 238.216 16 11 1 545 2
84.178 96.112 239.897 17 11 1 82 1
84.178 96.112 239.897 18 11 1 82 1
84.178 96.112 239.897 19 11 1 82 1
84.178 96.112 239.897 20 11 1 82 1
242.164 54.327 337.036 21 11 1 385 1
242.164 54.327 337.036 22 11 1 385 1
242.164 54.327 337.036 23 11 1 385 1
242.164 54.327 337.036 24 11 1 385 1
149.039 123.355 51.651 25 11 1 566 2
149.039 123.355 51.651 26 11 1 566 2
149.039 123.355 51.651 27 11 1 566 2
12.876 72.135 112.095 28 11 1 517 2
12.876 72.135 112.095 29 11 1 517 2
12.876 72.135 112.095 30 11 1 517 2
17.847 54.428 257.623 1 12 1 587 4
17.847 54.428 257.623 2 12 1 587 4
351.478 134.102 215.799 3 12 1 559 2
351.478 134.102 215.799 4 12 1 559 2
351.478 134.102 215.799 5 12 1 559 2
351.478 134.102 215.799 6 12 1 559 2
351.478 134.102 215.799 7 12 1 559 2
351.478 134.102 215.799 8 12 1 559 2
351.478 134.102 215.799 9 12 1 559 2
4.145 83.079 52.130 10 12 1 576 4
4.843 110.528 338.233 11 12 1 541 2
4.843 110.528 338.233 12 12 1 541 2
129.281 105.743 238.216 13 12 1 545 2
129.281 105.743 238.216 14 12 1 545 2
129.281 105.743 238.216 15 12 1 545 2
84.178 96.112 239.897 16 12 1 82 1
84.178 96.112 239.897 17 12 1 82 1
84.178 96.112 239.897 18 12 1 82 1
84.178 96.112 239.897 19 12 1 82 1
84.178 96.112 239.897 20 12 1 82 1
84.178 96.112 239.897 21 12 1 82 1
245.408 99.837 325.843 22 12 1 234 1
245.408 99.837 325.843 23 12 1 234 1
149.039 123.355 51.651 24 12 1 566 2
149.039 123.355 51.651 25 12 1 566 2
149.039 123.355 51.651 26 12 1 566 2
149.039 123.355 51.651 27 12 1 566 2
12.876 72.135 112.095 28 12 1 517 2
12.876 72.135 112.095 29 12 1 517 2
12.876 72.135 112.095 30 12 1 517 2
17.847 54.428 257.623 1 13 1 587 4
223.512 106.544 36.710 2 13 1 590 1
351.478 134.102 215.799 3 13 1 559 2
351.478 134.102 215.799 4 13 1 559 2
351.478 134.102 215.799 5 13 1 559 2
351.478 134.102 215.799 6 13 1 559 2
351.478 134.102 215.799 7 13 1 559 2
351.478 134.102 215.799 8 13 1 559 2
4.145 83.079 52.130 9 13 1 576 4
4.145 83.079 52.130 10 13 1 576 4
4.145 83.079 52.130 11 13 1 576 4
4.145 83.079 52.130 12 13 1 576 4
129.281 105.743 238.216 13 13 1 545 2
129.281 105.743 238.216 14 13 1 545 2
129.281 105.743 238.216 15 13 1 545 2
84.178 96.112 239.897 16 13 1 82 1
84.178 96.112 239.897 17 13 1 82 1
84.178 96.112 239.897 18 13 1 82 1
84.178 96.112 239.897 19 13 1 82 1
84.178 96.112 239.897 20 13 1 82 1
228.526 50.276 104.202 21 13 1 571 3
294.830 132.971 9.474 22 13 1 389 1
95.650 95.798 242.441 23 13 1 160 1
95.650 95.798 242.441 24 13 1 160 1
149.039 123.355 51.651 25 13 1 566 2
149.039 123.355 51.651 26 13 1 566 2
149.039 123.355 51.651 27 13 1 566 2
12.876 72.135 112.095 28 13 1 517 2
12.876 72.135 112.095 29 13 1 517 2
220.301 134.207 188.347 30 13 1 135 1
223.512 106.544 36.710 1 14 1 590 1
223.512 106.544 36.710 2 14 1 590 1
223.512 106.544 36.710 3 14 1 590 1
351.478 134.102 215.799 4 14 1 559 2
351.478 134.102 215.799 5 14 1 559 2
351.478 134.102 215.799 6 14 1 559 2
351.478 134.102 215.799 7 14 1 559 2
351.478 134.102 215.799 8 14 1 559 2
4.145 83.079 52.130 9 14 1 576 4
4.145 83.079 52.130 10 14 1 576 4
4.145 83.079 52.130 11 14 1 576 4
4.145 83.079 52.130 12 14 1 576 4
4.145 83.079 52.130 13 14 1 576 4
4.145 83.079 52.130 14 14 1 576 4
4.145 83.079 52.130 15 14 1 576 4
6.180 88.872 294.431 16 14 1 273 1
6.180 88.872 294.431 17 14 1 273 1
6.180 88.872 294.431 18 14 1 273 1
6.180 88.872 294.431 19 14 1 273 1
228.526 50.276 104.202 20 14 1 571 3
228.526 50.276 104.202 21 14 1 571 3
294.830 132.971 9.474 22 14 1 389 1
95.650 95.798 242.441 23 14 1 160 1
95.650 95.798 242.441 24 14 1 160 1
95.650 95.798 242.441 25 14 1 160 1
149.039 123.355 51.651 26 14 1 566 2
149.039 123.355 51.651 27 14 1 566 2
228.526 50.276 104.202 28 14 1 571 3
220.301 134.207 188.347 29 14 1 135 1
220.301 134.207 188.347 30 14 1 135 1
223.512 106.544 36.710 1 15 1 590 1
223.512 106.544 36.710 2 15 1 590 1
223.512 106.544 36.710 3 15 1 590 1
351.478 134.102 215.799 4 15 1 559 2
351.478 134.102 215.799 5 15 1 559 2
351.478 134.102 215.799 6 15 1 559 2
351.478 134.102 215.799 7 15 1 559 2
351.478 134.102 215.799 8 15 1 559 2
4.145 83.079 52.130 9 15 1 576 4
4.145 83.079 52.130 10 15 1 576 4
4.145 83.079 52.130 11 15 1 576 4
4.145 83.079 52.130 12 15 1 576 4
4.145 83.079 52.130 13 15 1 576 4
4.145 83.079 52.130 14 15 1 576 4
228.526 50.276 104.202 15 15 1 571 3
6.180 88.872 294.431 16 15 1 273 1
6.180 88.872 294.431 17 15 1 273 1
6.180 88.872 294.431 18 15 1 273 1
6.180 88.872 294.431 19 15 1 273 1
6.180 88.872 294.431 20 15 1 273 1
228.526 50.276 104.202 21 15 1 571 3
294.830 132.971 9.474 22 15 1 389 1
95.650 95.798 242.441 23 15 1 160 1
95.650 95.798 242.441 24 15 1 160 1
95.650 95.798 242.441 25 15 1 160 1
294.830 132.971 9.474 26 15 1 389 1
228.526 50.276 104.202 27 15 1 571 3
228.526 50.276 104.202 28 15 1 571 3
220.301 134.207 188.347 29 15 1 135 1
220.301 134.207 188.347 30 15 1 135 1
223.512 106.544 36.710 1 16 1 590 1
223.512 106.544 36.710 2 16 1 590 1
223.512 106.544 36.710 3 16 1 590 1
351.478 134.102 215.799 4 16 1 559 2
351.478 134.102 215.799 5 16 1 559 2
351.478 134.102 215.799 6 16 1 559 2
351.478 134.102 215.799 7 16 1 559 2
351.478 134.102 215.799 8 16 1 559 2
351.478 134.102 215.799 9 16 1 559 2
4.145 83.079 52.130 10 16 1 576 4
4.145 83.079 52.130 11 16 1 576 4
4.145 83.079 52.130 12 16 1 576 4
4.145 83.079 52.130 13 16 1 576 4
228.526 50.276 104.202 14 16 1 571 3
228.526 50.276 104.202 15 16 1 571 3
228.526 50.276 104.202 16 16 1 571 3
6.180 88.872 294.431 17 16 1 273 1
6.180 88.872 294.431 18 16 1 273 1
6.180 88.872 294.431 19 16 1 273 1
6.180 88.872 294.431 20 16 1 273 1
228.526 50.276 104.202 21 16 1 571 3
294.830 132.971 9.474 22 16 1 389 1
322.062 46.625 357.540 23 16 1 265 1
322.062 46.625 357.540 24 16 1 265 1
322.062 46.625 357.540 25 16 1 265 1
294.830 132.971 9.474 26 16 1 389 1
228.526 50.276 104.202 27 16 1 571 3
228.526 50.276 104.202 28 16 1 571 3
220.301 134.207 188.347 29 16 1 135 1
220.301 134.207 188.347 30 16 1 135 1
223.512 106.544 36.710 1 17 1 590 1
223.512 106.544 36.710 2 17 1 590 1
223.512 106.544 36.710 3 17 1 590 1
351.478 134.102 215.799 4 17 1 559 2
351.478 134.102 215.799 5 17 1 559 2
351.478 134.102 215.799 6 17 1 559 2
351.478 134.102 215.799 7 17 1 559 2
351.478 134.102 215.799 8 17 1 559 2
351.478 134.102 215.799 9 17 1 559 2
4.145 83.079 52.130 10 17 1 576 4
4.145 83.079 52.130 11 17 1 576 4
4.145 83.079 52.130 12 17 1 576 4
4.145 83.079 52.130 13 17 1 576 4
228.526 50.276 104.202 14 17 1 571 3
228.526 50.276 104.202 15 17 1 571 3
228.526 50.276 104.202 16 17 1 571 3
228.526 50.276 104.202 17 17 1 571 3
6.180 88.872 294.431 18 17 1 273 1
228.526 50.276 104.202 19 17 1 571 3
228.526 50.276 104.202 20 17 1 571 3
228.526 50.276 104.202 21 17 1 571 3
228.526 50.276 104.202 22 17 1 571 3
228.526 50.276 104.202 23 17 1 571 3
322.062 46.625 357.540 24 17 1 265 1
228.526 50.276 104.202 25 17 1 571 3
294.830 132.971 9.474 26 17 1 389 1
228.526 50.276 104.202 27 17 1 571 3
228.526 50.276 104.202 28 17 1 571 3
228.526 50.276 104.202 29 17 1 571 3
220.301 134.207 188.347 30 17 1 135 1
223.512 106.544 36.710 1 18 1 590 1
223.512 106.544 36.710 2 18 1 590 1
223.512 106.544 36.710 3 18 1 590 1
351.478 134.102 215.799 4 18 1 559 2
351.478 134.102 215.799 5 18 1 559 2
351.478 134.102 215.799 6 18 1 559 2
351.478 134.102 215.799 7 18 1 559 2
351.478 134.102 215.799 8 18 1 559 2
351.478 134.102 215.799 9 18 1 559 2
351.478 134.102 215.799 10 18 1 559 2
4.145 83.079 52.130 11 18 1 576 4
4.145 83.079 52.130 12 18 1 576 4
228.526 50.276 104.202 13 18 1 571 3
228.526 50.276 104.202 14 18 1 571 3
228.526 50.276 104.202 15 18 1 571 3
228.526 50.276 104.202 16 18 1 571 3
209.346 93.422 129.059 17 18 1 563 2
209.346 93.422 129.059 18 18 1 563 2
228.526 50.276 104.202 19 18 1 571 3
228.526 50.276 104.202 20 18 1 571 3
228.526 50.276 104.202 21 18 1 571 3
228.526 50.276 104.202 22 18 1 571 3
228.526 50.276 104.202 23 18 1 571 3
228.526 50.276 104.202 24 18 1 571 3
228.526 50.276 104.202 25 18 1 571 3
228.526 50.276 104.202 26 18 1 571 3
228.526 50.276 104.202 27 18 1 571 3
228.526 50.276 104.202 28 18 1 571 3
228.526 50.276 104.202 29 18 1 571 3
228.526 50.276 104.202 30 18 1 571 3
223.512 106.544 36.710 1 19 1 590 1
223.512 106.544 36.710 2 19 1 590 1
85.884 58.871 276.432 3 19 1 312 1
85.884 58.871 276.432 4 19 1 312 1
137.173 92.351 131.053 5 19 1 626 1
137.173 92.351 131.053 6 19 1 626 1
137.173 92.351 131.053 7 19 1 626 1
137.173 92.351 131.053 8 19 1 626 1
137.173 92.351 131.053 9 19 1 626 1
296.008 141.600 29.756 10 19 1 416 1
70.370 131.690 149.965 11 19 1 588 1
70.370 131.690 149.965 12 19 1 588 1
70.370 131.690 149.965 13 19 1 588 1
339.439 28.270 251.416 14 19 1 15 1
339.439 28.270 251.416 15 19 1 15 1
174.738 30.329 206.999 16 19 1 436 1
209.346 93.422 129.059 17 19 1 563 2
209.346 93.422 129.059 18 19 1 563 2
228.526 50.276 104.202 19 19 1 571 3
228.526 50.276 104.202 20 19 1 571 3
228.526 50.276 104.202 21 19 1 571 3
228.526 50.276 104.202 22 19 1 571 3
228.526 50.276 104.202 23 19 1 571 3
228.526 50.276 104.202 24 19 1 571 3
228.526 50.276 104.202 25 19 1 571 3
228.526 50.276 104.202 26 19 1 571 3
228.526 50.276 104.202 27 19 1 571 3
228.526 50.276 104.202 28 19 1 571 3
228.526 50.276 104.202 29 19 1 571 3
228.526 50.276 104.202 30 19 1 571 3
85.884 58.871 276.432 1 20 1 312 1
85.884 58.871 276.432 2 20 1 312 1
85.884 58.871 276.432 3 20 1 312 1
85.884 58.871 276.432 4 20 1 312 1
137.173 92.351 131.053 5 20 1 626 1
137.173 92.351 131.053 6 20 1 626 1
137.173 92.351 131.053 7 20 1 626 1
137.173 92.351 131.053 8 20 1 626 1
137.173 92.351 131.053 9 20 1 626 1
296.008 141.600 29.756 10 20 1 416 1
70.370 131.690 149.965 11 20 1 588 1
70.370 131.690 149.965 12 20 1 588 1
70.370 131.690 149.965 13 20 1 588 1
174.738 30.329 206.999 14 20 1 436 1
174.738 30.329 206.999 15 20 1 436 1
174.738 30.329 206.999 16 20 1 436 1
228.526 50.276 104.202 17 20 1 571 3
228.526 50.276 104.202 18 20 1 571 3
137.961 66.721 175.709 19 20 1 623 1
228.526 50.276 104.202 20 20 1 571 3
228.526 50.276 104.202 21 20 1 571 3
228.526 50.276 104.202 22 20 1 571 3
228.526 50.276 104.202 23 20 1 571 3
228.526 50.276 104.202 24 20 1 571 3
228.526 50.276 104.202 25 20 1 571 3
228.526 50.276 104.202 26 20 1 571 3
228.526 50.276 104.202 27 20 1 571 3
228.526 50.276 104.202 28 20 1 571 3
228.526 50.276 104.202 29 20 1 571 3
246.743 67.304 86.361 30 20 1 542 2
85.884 58.871 276.432 1 21 1 312 1
85.884 58.871 276.432 2 21 1 312 1
85.884 58.871 276.432 3 21 1 312 1
38.921 144.145 34.682 4 21 1 575 4
38.921 144.145 34.682 5 21 1 575 4
137.173 92.351 131.053 6 21 1 626 1
137.173 92.351 131.053 7 21 1 626 1
137.173 92.351 131.053 8 21 1 626 1
137.173 92.351 131.053 9 21 1 626 1
296.008 141.600 29.756 10 21 1 416 1
70.370 131.690 149.965 11 21 1 588 1
70.370 131.690 149.965 12 21 1 588 1
238.435 140.492 37.903 13 21 1 585 4
238.435 140.492 37.903 14 21 1 585 4
238.435 140.492 37.903 15 21 1 585 4
174.738 30.329 206.999 16 21 1 436 1
266.562 129.832 224.921 17 21 1 329 1
266.562 129.832 224.921 18 21 1 329 1
266.562 129.832 224.921 19 21 1 329 1
228.526 50.276 104.202 20 21 1 571 3
228.526 50.276 104.202 21 21 1 571 3
228.526 50.276 104.202 22 21 1 571 3
228.526 50.276 104.202 23 21 1 571 3
228.526 50.276 104.202 24 21 1 571 3
228.526 50.276 104.202 25 21 1 571 3
228.526 50.276 104.202 26 21 1 571 3
228.526 50.276 104.202 27 21 1 571 3
228.526 50.276 104.202 28 21 1 571 3
246.743 67.304 86.361 29 21 1 542 2
246.743 67.304 86.361 30 21 1 542 2
85.884 58.871 276.432 1 22 1 312 1
38.921 144.145 34.682 2 22 1 575 4
38.921 144.145 34.682 3 22 1 575 4
38.921 144.145 34.682 4 22 1 575 4
38.921 144.145 34.682 5 22 1 575 4
38.921 144.145 34.682 6 22 1 575 4
137.173 92.351 131.053 7 22 1 626 1
137.173 92.351 131.053 8 22 1 626 1
137.173 92.351 131.053 9 22 1 626 1
296.008 141.600 29.756 10 22 1 416 1
238.435 140.492 37.903 11 22 1 585 4
238.435 140.492 37.903 12 22 1 585 4
238.435 140.492 37.903 13 22 1 585 4
238.435 140.492 37.903 14 22 1 585 4
238.435 140.492 37.903 15 22 1 585 4
238.435 140.492 37.903 16 22 1 585 4
238.435 140.492 37.903 17 22 1 585 4
228.526 50.276 104.202 18 22 1 571 3
228.526 50.276 104.202 19 22 1 571 3
228.526 50.276 104.202 20 22 1 571 3
228.526 50.276 104.202 21 22 1 571 3
228.526 50.276 104.202 22 22 1 571 3
228.526 50.276 104.202 23 22 1 571 3
323.605 129.572 60.590 24 22 1 46 1
228.526 50.276 104.202 25 22 1 571 3
228.526 50.276 104.202 26 22 1 571 3
228.526 50.276 104.202 27 22 1 571 3
228.526 50.276 104.202 28 22 1 571 3
246.743 67.304 86.361 29 22 1 542 2
246.743 67.304 86.361 30 22 1 542 2
38.921 144.145 34.682 1 23 1 575 4
38.921 144.145 34.682 2 23 1 575 4
38.921 144.145 34.682 3 23 1 575 4
38.921 144.145 34.682 4 23 1 575 4
38.921 144.145 34.682 5 23 1 575 4
38.921 144.145 34.682 6 23 1 575 4
38.921 144.145 34.682 7 23 1 575 4
38.921 144.145 34.682 8 23 1 575 4
38.921 144.145 34.682 9 23 1 575 4
238.435 140.492 37.903 10 23 1 585 4
238.435 140.492 37.903 11 23 1 585 4
238.435 140.492 37.903 12 23 1 585 4
238.435 140.492 37.903 13 23 1 585 4
238.435 140.492 37.903 14 23 1 585 4
238.435 140.492 37.903 15 23 1 585 4
238.435 140.492 37.903 16 23 1 585 4
238.435 140.492 37.903 17 23 1 585 4
238.435 140.492 37.903 18 23 1 585 4
238.435 140.492 37.903 19 23 1 585 4
228.526 50.276 104.202 20 23 1 571 3
228.526 50.276 104.202 21 23 1 571 3
228.526 50.276 104.202 22 23 1 571 3
228.526 50.276 104.202 23 23 1 571 3
323.605 129.572 60.590 24 23 1 46 1
228.526 50.276 104.202 25 23 1 571 3
228.526 50.276 104.202 26 23 1 571 3
228.526 50.276 104.202 27 23 1 571 3
246.743 67.304 86.361 28 23 1 542 2
246.743 67.304 86.361 29 23 1 542 2
246.743 67.304 86.361 30 23 1 542 2
38.921 144.145 34.682 1 24 1 575 4
38.921 144.145 34.682 2 24 1 575 4
38.921 144.145 34.682 3 24 1 575 4
38.921 144.145 34.682 4 24 1 575 4
38.921 144.145 34.682 5 24 1 575 4
38.921 144.145 34.682 6 24 1 575 4
38.921 144.145 34.682 7 24 1 575 4
38.921 144.145 34.682 8 24 1 575 4
38.921 144.145 34.682 9 24 1 575 4
142.115 137.556 322.519 10 24 1 68 1
238.435 140.492 37.903 11 24 1 585 4
238.435 140.492 37.903 12 24 1 585 4
238.435 140.492 37.903 13 24 1 585 4
238.435 140.492 37.903 14 24 1 585 4
238.435 140.492 37.903 15 24 1 585 4
238.435 140.492 37.903 16 24 1 585 4
238.435 140.492 37.903 17 24 1 585 4
238.435 140.492 37.903 18 24 1 585 4
238.435 140.492 37.903 19 24 1 585 4
238.435 140.492 37.903 20 24 1 585 4
26.810 115.891 229.926 21 24 1 560 2
26.810 115.891 229.926 22 24 1 560 2
26.810 115.891 229.926 23 24 1 560 2
26.810 115.891 229.926 24 24 1 560 2
228.526 50.276 104.202 25 24 1 571 3
228.526 50.276 104.202 26 24 1 571 3
246.743 67.304 86.361 27 24 1 542 2
246.743 67.304 86.361 28 24 1 542 2
246.743 67.304 86.361 29 24 1 542 2
295.786 47.887 215.246 30 24 1 179 1
38.921 144.145 34.682 1 25 1 575 4
38.921 144.145 34.682 2 25 1 575 4
38.921 144.145 34.682 3 25 1 575 4
38.921 144.145 34.682 4 25 1 575 4
38.921 144.145 34.682 5 25 1 575 4
38.921 144.145 34.682 6 25 1 575 4
38.921 144.145 34.682 7 25 1 575 4
38.921 144.145 34.682 8 25 1 575 4
38.921 144.145 34.682 9 25 1 575 4
142.115 137.556 322.519 10 25 1 68 1
199.580 124.313 248.933 11 25 1 497 2
199.580 124.313 248.933 12 25 1 497 2
238.435 140.492 37.903 13 25 1 585 4
238.435 140.492 37.903 14 25 1 585 4
238.435 140.492 37.903 15 25 1 585 4
238.435 140.492 37.903 16 25 1 585 4
238.435 140.492 37.903 17 25 1 585 4
238.435 140.492 37.903 18 25 1 585 4
238.435 140.492 37.903 19 25 1 585 4
238.435 140.492 37.903 20 25 1 585 4
26.810 115.891 229.926 21 25 1 560 2
26.810 115.891 229.926 22 25 1 560 2
26.810 115.891 229.926 23 25 1 560 2
26.810 115.891 229.926 24 25 1 560 2
233.243 46.268 308.765 25 25 1 52 1
233.243 46.268 308.765 26 25 1 52 1
246.743 67.304 86.361 27 25 1 542 2
246.743 67.304 86.361 28 25 1 542 2
55.344 84.851 306.870 29 25 1 513 2
55.344 84.851 306.870 30 25 1 513 2
38.921 144.145 34.682 1 26 1 575 4
38.921 144.145 34.682 2 26 1 575 4
38.921 144.145 34.682 3 26 1 575 4
38.921 144.145 34.682 4 26 1 575 4
38.921 144.145 34.682 5 26 1 575 4
38.921 144.145 34.682 6 26 1 575 4
38.921 144.145 34.682 7 26 1 575 4
38.921 144.145 34.682 8 26 1 575 4
38.921 144.145 34.682 9 26 1 575 4
142.115 137.556 322.519 10 26 1 68 1
199.580 124.313 248.933 11 26 1 497 2
199.580 124.313 248.933 12 26 1 497 2
199.580 124.313 248.933 13 26 1 497 2
199.580 124.313 248.933 14 26 1 497 2
238.435 140.492 37.903 15 26 1 585 4
238.435 140.492 37.903 16 26 1 585 4
238.435 140.492 37.903 17 26 1 585 4
238.435 140.492 37.903 18 26 1 585 4
238.435 140.492 37.903 19 26 1 585 4
238.435 140.492 37.903 20 26 1 585 4
26.810 115.891 229.926 21 26 1 560 2
26.810 115.891 229.926 22 26 1 560 2
26.810 115.891 229.926 23 26 1 560 2
26.810 115.891 229.926 24 26 1 560 2
233.243 46.268 308.765 25 26 1 52 1
233.243 46.268 308.765 26 26 1 52 1
59.784 78.525 46.812 27 26 1 325 1
59.784 78.525 46.812 28 26 1 325 1
59.784 78.525 46.812 29 26 1 325 1
55.344 84.851 306.870 30 26 1 513 2
38.921 144.145 34.682 1 27 1 575 4
38.921 144.145 34.682 2 27 1 575 4
38.921 144.145 34.682 3 27 1 575 4
38.921 144.145 34.682 4 27 1 575 4
38.921 144.145 34.682 5 27 1 575 4
38.921 144.145 34.682 6 27 1 575 4
38.921 144.145 34.682 7 27 1 575 4
38.921 144.145 34.682 8 27 1 575 4
318.203 137.072 288.614 9 27 1 378 1
318.203 137.072 288.614 10 27 1 378 1
52.567 73.022 206.464 11 27 1 477 2
199.580 124.313 248.933 12 27 1 497 2
199.580 124.313 248.933 13 27 1 497 2
199.580 124.313 248.933 14 27 1 497 2
0.051 65.304 40.149 15 27 1 467 2
0.051 65.304 40.149 16 27 1 467 2
0.051 65.304 40.149 17 27 1 467 2
238.435 140.492 37.903 18 27 1 585 4
238.435 140.492 37.903 19 27 1 585 4
238.435 140.492 37.903 20 27 1 585 4
26.810 115.891 229.926 21 27 1 560 2
26.810 115.891 229.926 22 27 1 560 2
26.810 115.891 229.926 23 27 1 560 2
26.810 115.891 229.926 24 27 1 560 2
233.243 46.268 308.765 25 27 1 52 1
233.243 46.268 308.765 26 27 1 52 1
59.784 78.525 46.812 27 27 1 325 1
59.784 78.525 46.812 28 27 1 325 1
59.784 78.525 46.812 29 27 1 325 1
59.784 78.525 46.812 30 27 1 325 1
38.921 144.145 34.682 1 28 1 575 4
38.921 144.145 34.682 2 28 1 575 4
38.921 144.145 34.682 3 28 1 575 4
38.921 144.145 34.682 4 28 1 575 4
38.921 144.145 34.682 5 28 1 575 4
38.921 144.145 34.682 6 28 1 575 4
318.203 137.072 288.614 7 28 1 378 1
318.203 137.072 288.614 8 28 1 378 1
318.203 137.072 288.614 9 28 1 378 1
318.203 137.072 288.614 10 28 1 378 1
52.567 73.022 206.464 11 28 1 477 2
199.580 124.313 248.933 12 28 1 497 2
199.580 124.313 248.933 13 28 1 497 2
199.580 124.313 248.933 14 28 1 497 2
0.051 65.304 40.149 15 28 1 467 2
0.051 65.304 40.149 16 28 1 467 2
0.051 65.304 40.149 17 28 1 467 2
0.051 65.304 40.149 18 28 1 467 2
0.051 65.304 40.149 19 28 1 467 2
246.676 50.440 144.022 20 28 1 309 1
246.676 50.440 144.022 21 28 1 309 1
246.676 50.440 144.022 22 28 1 309 1
26.810 115.891 229.926 23 28 1 560 2
26.810 115.891 229.926 24 28 1 560 2
107.288 76.817 295.697 25 28 1 457 1
107.288 76.817 295.697 26 28 1 457 1
107.288 76.817 295.697 27 28 1 457 1
59.784 78.525 46.812 28 28 1 325 1
59.784 78.525 46.812 29 28 1 325 1
59.784 78.525 46.812 30 28 1 325 1
38.921 144.145 34.682 1 29 1 575 4
38.921 144.145 34.682 2 29 1 575 4
38.921 144.145 34.682 3 29 1 575 4
38.921 144.145 34.682 4 29 1 575 4
38.921 144.145 34.682 5 29 1 575 4
38.921 144.145 34.682 6 29 1 575 4
318.203 137.072 288.614 7 29 1 378 1
318.203 137.072 288.614 8 29 1 378 1
318.203 137.072 288.614 9 29 1 378 1
318.203 137.072 288.614 10 29 1 378 1
318.203 137.072 288.614 11 29 1 378 1
173.533 132.146 131.732 12 29 1 221 1
199.580 124.313 248.933 13 29 1 497 2
0.051 65.304 40.149 14 29 1 467 2
0.051 65.304 40.149 15 29 1 467 2
0.051 65.304 40.149 16 29 1 467 2
0.051 65.304 40.149 17 29 1 467 2
0.051 65.304 40.149 18 29 1 467 2
0.051 65.304 40.149 19 29 1 467 2
246.676 50.440 144.022 20 29 1 309 1
246.676 50.440 144.022 21 29 1 309 1
246.676 50.440 144.022 22 29 1 309 1
246.676 50.440 144.022 23 29 1 309 1
246.676 50.440 144.022 24 29 1 309 1
107.288 76.817 295.697 25 29 1 457 1
107.288 76.817 295.697 26 29 1 457 1
107.288 76.817 295.697 27 29 1 457 1
107.288 76.817 295.697 28 29 1 457 1
59.784 78.525 46.812 29 29 1 325 1
59.784 78.525 46.812 30 29 1 325 1
267.715 135.781 115.540 1 30 1 485 2
267.715 135.781 115.540 2 30 1 485 2
267.715 135.781 115.540 3 30 1 485 2
267.715 135.781 115.540 4 30 1 485 2
267.715 135.781 115.540 5 30 1 485 2
318.203 137.072 288.614 6 30 1 378 1
318.203 137.072 288.614 7 30 1 378 1
318.203 137.072 288.614 8 30 1 378 1
318.203 137.072 288.614 9 30 1 378 1
318.203 137.072 288.614 10 30 1 378 1
318.203 137.072 288.614 11 30 1 378 1
173.533 132.146 131.732 12 30 1 221 1
199.580 124.313 248.933 13 30 1 497 2
0.051 65.304 40.149 14 30 1 467 2
0.051 65.304 40.149 15 30 1 467 2
0.051 65.304 40.149 16 30 1 467 2
0.051 65.304 40.149 17 30 1 467 2
0.051 65.304 40.149 18 30 1 467 2
0.051 65.304 40.149 19 30 1 467 2
246.676 50.440 144.022 20 30 1 309 1
246.676 50.440 144.022 21 30 1 309 1
246.676 50.440 144.022 22 30 1 309 1
246.676 50.440 144.022 23 30 1 309 1
246.676 50.440 144.022 24 30 1 309 1
107.288 76.817 295.697 25 30 1 457 1
107.288 76.817 295.697 26 30 1 457 1
107.288 76.817 295.697 27 30 1 457 1
107.288 76.817 295.697 28 30 1 457 1
59.784 78.525 46.812 29 30 1 325 1
59.784 78.525 46.812 30 30 1 325 1
