57.603 157.296 62.654 1 1 21 634 2
57.603 157.296 62.654 2 1 21 634 2
57.603 157.296 62.654 3 1 21 634 2
57.603 157.296 62.654 4 1 21 634 2
234.790 163.597 46.096 5 1 21 29 1
234.790 163.597 46.096 6 1 21 29 1
228.526 50.276 104.202 7 1 21 571 3
228.526 50.276 104.202 8 1 21 571 3
228.526 50.276 104.202 9 1 21 571 3
228.526 50.276 104.202 10 1 21 571 3
228.526 50.276 104.202 11 1 21 571 3
228.526 50.276 104.202 12 1 21 571 3
228.526 50.276 104.202 13 1 21 571 3
228.526 50.276 104.202 14 1 21 571 3
228.526 50.276 104.202 15 1 21 571 3
228.526 50.276 104.202 16 1 21 571 3
228.526 50.276 104.202 17 1 21 571 3
228.526 50.276 104.202 18 1 21 571 3
228.526 50.276 104.202 19 1 21 571 3
228.526 50.276 104.202 20 1 21 571 3
228.526 50.276 104.202 21 1 21 571 3
228.526 50.276 104.202 22 1 21 571 3
228.526 50.276 104.202 23 1 21 571 3
228.526 50.276 104.202 24 1 21 571 3
228.526 50.276 104.202 25 1 21 571 3
228.526 50.276 104.202 26 1 21 571 3
228.526 50.276 104.202 27 1 21 571 3
228.526 50.276 104.202 28 1 21 571 3
228.526 50.276 104.202 29 1 21 571 3
228.526 50.276 104.202 30 1 21 571 3
57.603 157.296 62.654 1 2 21 634 2
276.370 22.502 228.287 2 2 21 472 2
276.370 22.502 228.287 3 2 21 472 2
17.847 54.428 257.623 4 2 21 587 4
234.790 163.597 46.096 5 2 21 29 1
234.790 163.597 46.096 6 2 21 29 1
228.526 50.276 104.202 7 2 21 571 3
228.526 50.276 104.202 8 2 21 571 3
228.526 50.276 104.202 9 2 21 571 3
228.526 50.276 104.202 10 2 21 571 3
228.526 50.276 104.202 11 2 21 571 3
228.526 50.276 104.202 12 2 21 571 3
228.526 50.276 104.202 13 2 21 571 3
228.526 50.276 104.202 14 2 21 571 3
228.526 50.276 104.202 15 2 21 571 3
228.526 50.276 104.202 16 2 21 571 3
228.526 50.276 104.202 17 2 21 571 3
176.993 139.528 241.841 18 2 21 249 1
228.526 50.276 104.202 19 2 21 571 3
228.526 50.276 104.202 20 2 21 571 3
228.526 50.276 104.202 21 2 21 571 3
223.456 55.983 34.661 22 2 21 490 2
228.526 50.276 104.202 23 2 21 571 3
228.526 50.276 104.202 24 2 21 571 3
228.526 50.276 104.202 25 2 21 571 3
228.526 50.276 104.202 26 2 21 571 3
228.526 50.276 104.202 27 2 21 571 3
75.708 126.012 340.588 28 2 21 390 1
228.526 50.276 104.202 29 2 21 571 3
27.090 144.602 303.243 30 2 21 533 2
57.603 157.296 62.654 1 3 21 634 2
57.603 157.296 62.654 2 3 21 634 2
17.847 54.428 257.623 3 3 21 587 4
17.847 54.428 257.623 4 3 21 587 4
17.847 54.428 257.623 5 3 21 587 4
17.847 54.428 257.623 6 3 21 587 4
228.526 50.276 104.202 7 3 21 571 3
228.526 50.276 104.202 8 3 21 571 3
228.526 50.276 104.202 9 3 21 571 3
228.526 50.276 104.202 10 3 21 571 3
228.526 50.276 104.202 11 3 21 571 3
228.526 50.276 104.202 12 3 21 571 3
228.526 50.276 104.202 13 3 21 571 3
276.464 129.884 189.056 14 3 21 181 1
228.526 50.276 104.202 15 3 21 571 3
228.526 50.276 104.202 16 3 21 571 3
228.526 50.276 104.202 17 3 21 571 3
228.526 50.276 104.202 18 3 21 571 3
228.526 50.276 104.202 19 3 21 571 3
228.526 50.276 104.202 20 3 21 571 3
228.526 50.276 104.202 21 3 21 571 3
228.526 50.276 104.202 22 3 21 571 3
228.526 50.276 104.202 23 3 21 571 3
228.526 50.276 104.202 24 3 21 571 3
228.526 50.276 104.202 25 3 21 571 3
228.526 50.276 104.202 26 3 21 571 3
228.526 50.276 104.202 27 3 21 571 3
228.526 50.276 104.202 28 3 21 571 3
228.526 50.276 104.202 29 3 21 571 3
228.526 50.276 104.202 30 3 21 571 3
17.847 54.428 257.623 1 4 21 587 4
17.847 54.428 257.623 2 4 21 587 4
17.847 54.428 257.623 3 4 21 587 4
17.847 54.428 257.623 4 4 21 587 4
17.847 54.428 257.623 5 4 21 587 4
17.847 54.428 257.623 6 4 21 587 4
17.847 54.428 257.623 7 4 21 587 4
228.526 50.276 104.202 8 4 21 571 3
228.526 50.276 104.202 9 4 21 571 3
120.467 122.970 292.397 10 4 21 98 1
228.526 50.276 104.202 11 4 21 571 3
228.526 50.276 104.202 12 4 21 571 3
228.526 50.276 104.202 13 4 21 571 3
228.526 50.276 104.202 14 4 21 571 3
228.526 50.276 104.202 15 4 21 571 3
228.526 50.276 104.202 16 4 21 571 3
228.526 50.276 104.202 17 4 21 571 3
228.526 50.276 104.202 18 4 21 571 3
228.526 50.276 104.202 19 4 21 571 3
228.526 50.276 104.202 20 4 21 571 3
228.526 50.276 104.202 21 4 21 571 3
228.526 50.276 104.202 22 4 21 571 3
228.526 50.276 104.202 23 4 21 571 3
228.526 50.276 104.202 24 4 21 571 3
228.526 50.276 104.202 25 4 21 571 3
228.526 50.276 104.202 26 4 21 571 3
228.526 50.276 104.202 27 4 21 571 3
228.526 50.276 104.202 28 4 21 571 3
228.526 50.276 104.202 29 4 21 571 3
228.526 50.276 104.202 30 4 21 571 3
17.847 54.428 257.623 1 5 21 587 4
17.847 54.428 257.623 2 5 21 587 4
17.847 54.428 257.623 3 5 21 587 4
17.847 54.428 257.623 4 5 21 587 4
17.847 54.428 257.623 5 5 21 587 4
17.847 54.428 257.623 6 5 21 587 4
17.847 54.428 257.623 7 5 21 587 4
17.847 54.428 257.623 8 5 21 587 4
228.526 50.276 104.202 9 5 21 571 3
228.526 50.276 104.202 10 5 21 571 3
228.526 50.276 104.202 11 5 21 571 3
228.526 50.276 104.202 12 5 21 571 3
228.526 50.276 104.202 13 5 21 571 3
228.526 50.276 104.202 14 5 21 571 3
228.526 50.276 104.202 15 5 21 571 3
228.526 50.276 104.202 16 5 21 571 3
228.526 50.276 104.202 17 5 21 571 3
228.526 50.276 104.202 18 5 21 571 3
228.526 50.276 104.202 19 5 21 571 3
228.526 50.276 104.202 20 5 21 571 3
228.526 50.276 104.202 21 5 21 571 3
228.526 50.276 104.202 22 5 21 571 3
228.526 50.276 104.202 23 5 21 571 3
228.526 50.276 104.202 24 5 21 571 3
228.526 50.276 104.202 25 5 21 571 3
228.526 50.276 104.202 26 5 21 571 3
228.526 50.276 104.202 27 5 21 571 3
228.526 50.276 104.202 28 5 21 571 3
228.526 50.276 104.202 29 5 21 571 3
228.526 50.276 104.202 30 5 21 571 3
17.847 54.428 257.623 1 6 21 587 4
17.847 54.428 257.623 2 6 21 587 4
17.847 54.428 257.623 3 6 21 587 4
17.847 54.428 257.623 4 6 21 587 4
17.847 54.428 257.623 5 6 21 587 4
17.847 54.428 257.623 6 6 21 587 4
17.847 54.428 257.623 7 6 21 587 4
17.847 54.428 257.623 8 6 21 587 4
17.847 54.428 257.623 9 6 21 587 4
228.526 50.276 104.202 10 6 21 571 3
228.526 50.276 104.202 11 6 21 571 3
228.526 50.276 104.202 12 6 21 571 3
228.526 50.276 104.202 13 6 21 571 3
228.526 50.276 104.202 14 6 21 571 3
228.526 50.276 104.202 15 6 21 571 3
228.526 50.276 104.202 16 6 21 571 3
228.526 50.276 104.202 17 6 21 571 3
228.526 50.276 104.202 18 6 21 571 3
228.526 50.276 104.202 19 6 21 571 3
228.526 50.276 104.202 20 6 21 571 3
228.526 50.276 104.202 21 6 21 571 3
228.526 50.276 104.202 22 6 21 571 3
228.526 50.276 104.202 23 6 21 571 3
228.526 50.276 104.202 24 6 21 571 3
228.526 50.276 104.202 25 6 21 571 3
228.526 50.276 104.202 26 6 21 571 3
228.526 50.276 104.202 27 6 21 571 3
228.526 50.276 104.202 28 6 21 571 3
228.526 50.276 104.202 29 6 21 571 3
228.526 50.276 104.202 30 6 21 571 3
17.847 54.428 257.623 1 7 21 587 4
17.847 54.428 257.623 2 7 21 587 4
17.847 54.428 257.623 3 7 21 587 4
17.847 54.428 257.623 4 7 21 587 4
17.847 54.428 257.623 5 7 21 587 4
17.847 54.428 257.623 6 7 21 587 4
17.847 54.428 257.623 7 7 21 587 4
17.847 54.428 257.623 8 7 21 587 4
17.847 54.428 257.623 9 7 21 587 4
17.847 54.428 257.623 10 7 21 587 4
228.526 50.276 104.202 11 7 21 571 3
228.526 50.276 104.202 12 7 21 571 3
228.526 50.276 104.202 13 7 21 571 3
228.526 50.276 104.202 14 7 21 571 3
228.526 50.276 104.202 15 7 21 571 3
228.526 50.276 104.202 16 7 21 571 3
228.526 50.276 104.202 17 7 21 571 3
228.526 50.276 104.202 18 7 21 571 3
228.526 50.276 104.202 19 7 21 571 3
228.526 50.276 104.202 20 7 21 571 3
228.526 50.276 104.202 21 7 21 571 3
228.526 50.276 104.202 22 7 21 571 3
228.526 50.276 104.202 23 7 21 571 3
228.526 50.276 104.202 24 7 21 571 3
228.526 50.276 104.202 25 7 21 571 3
228.526 50.276 104.202 26 7 21 571 3
228.526 50.276 104.202 27 7 21 571 3
228.526 50.276 104.202 28 7 21 571 3
228.526 50.276 104.202 29 7 21 571 3
228.526 50.276 104.202 30 7 21 571 3
17.847 54.428 257.623 1 8 21 587 4
17.847 54.428 257.623 2 8 21 587 4
17.847 54.428 257.623 3 8 21 587 4
17.847 54.428 257.623 4 8 21 587 4
17.847 54.428 257.623 5 8 21 587 4
17.847 54.428 257.623 6 8 21 587 4
17.847 54.428 257.623 7 8 21 587 4
17.847 54.428 257.623 8 8 21 587 4
17.847 54.428 257.623 9 8 21 587 4
17.847 54.428 257.623 10 8 21 587 4
17.847 54.428 257.623 11 8 21 587 4
228.526 50.276 104.202 12 8 21 571 3
228.526 50.276 104.202 13 8 21 571 3
228.526 50.276 104.202 14 8 21 571 3
126.719 73.784 43.910 15 8 21 152 1
228.526 50.276 104.202 16 8 21 571 3
228.526 50.276 104.202 17 8 21 571 3
228.526 50.276 104.202 18 8 21 571 3
228.526 50.276 104.202 19 8 21 571 3
228.526 50.276 104.202 20 8 21 571 3
228.526 50.276 104.202 21 8 21 571 3
228.526 50.276 104.202 22 8 21 571 3
228.526 50.276 104.202 23 8 21 571 3
228.526 50.276 104.202 24 8 21 571 3
228.526 50.276 104.202 25 8 21 571 3
228.526 50.276 104.202 26 8 21 571 3
228.526 50.276 104.202 27 8 21 571 3
228.526 50.276 104.202 28 8 21 571 3
228.526 50.276 104.202 29 8 21 571 3
228.526 50.276 104.202 30 8 21 571 3
17.847 54.428 257.623 1 9 21 587 4
17.847 54.428 257.623 2 9 21 587 4
17.847 54.428 257.623 3 9 21 587 4
17.847 54.428 257.623 4 9 21 587 4
17.847 54.428 257.623 5 9 21 587 4
17.847 54.428 257.623 6 9 21 587 4
17.847 54.428 257.623 7 9 21 587 4
17.847 54.428 257.623 8 9 21 587 4
17.847 54.428 257.623 9 9 21 587 4
17.847 54.428 257.623 10 9 21 587 4
17.847 54.428 257.623 11 9 21 587 4
17.847 54.428 257.623 12 9 21 587 4
228.526 50.276 104.202 13 9 21 571 3
228.526 50.276 104.202 14 9 21 571 3
228.526 50.276 104.202 15 9 21 571 3
228.526 50.276 104.202 16 9 21 571 3
228.526 50.276 104.202 17 9 21 571 3
228.526 50.276 104.202 18 9 21 571 3
228.526 50.276 104.202 19 9 21 571 3
228.526 50.276 104.202 20 9 21 571 3
228.526 50.276 104.202 21 9 21 571 3
228.526 50.276 104.202 22 9 21 571 3
228.526 50.276 104.202 23 9 21 571 3
228.526 50.276 104.202 24 9 21 571 3
228.526 50.276 104.202 25 9 21 571 3
228.526 50.276 104.202 26 9 21 571 3
228.526 50.276 104.202 27 9 21 571 3
228.526 50.276 104.202 28 9 21 571 3
228.526 50.276 104.202 29 9 21 571 3
228.526 50.276 104.202 30 9 21 571 3
17.847 54.428 257.623 1 10 21 587 4
17.847 54.428 257.623 2 10 21 587 4
17.847 54.428 257.623 3 10 21 587 4
17.847 54.428 257.623 4 10 21 587 4
17.847 54.428 257.623 5 10 21 587 4
17.847 54.428 257.623 6 10 21 587 4
17.847 54.428 257.623 7 10 21 587 4
17.847 54.428 257.623 8 10 21 587 4
17.847 54.428 257.623 9 10 21 587 4
17.847 54.428 257.623 10 10 21 587 4
17.847 54.428 257.623 11 10 21 587 4
17.847 54.428 257.623 12 10 21 587 4
17.847 54.428 257.623 13 10 21 587 4
228.526 50.276 104.202 14 10 21 571 3
228.526 50.276 104.202 15 10 21 571 3
228.526 50.276 104.202 16 10 21 571 3
228.526 50.276 104.202 17 10 21 571 3
228.526 50.276 104.202 18 10 21 571 3
228.526 50.276 104.202 19 10 21 571 3
228.526 50.276 104.202 20 10 21 571 3
228.526 50.276 104.202 21 10 21 571 3
228.526 50.276 104.202 22 10 21 571 3
228.526 50.276 104.202 23 10 21 571 3
228.526 50.276 104.202 24 10 21 571 3
228.526 50.276 104.202 25 10 21 571 3
228.526 50.276 104.202 26 10 21 571 3
228.526 50.276 104.202 27 10 21 571 3
228.526 50.276 104.202 28 10 21 571 3
228.526 50.276 104.202 29 10 21 571 3
228.526 50.276 104.202 30 10 21 571 3
17.847 54.428 257.623 1 11 21 587 4
17.847 54.428 257.623 2 11 21 587 4
17.847 54.428 257.623 3 11 21 587 4
17.847 54.428 257.623 4 11 21 587 4
17.847 54.428 257.623 5 11 21 587 4
17.847 54.428 257.623 6 11 21 587 4
17.847 54.428 257.623 7 11 21 587 4
17.847 54.428 257.623 8 11 21 587 4
17.847 54.428 257.623 9 11 21 587 4
17.847 54.428 257.623 10 11 21 587 4
17.847 54.428 257.623 11 11 21 587 4
17.847 54.428 257.623 12 11 21 587 4
17.847 54.428 257.623 13 11 21 587 4
228.526 50.276 104.202 14 11 21 571 3
228.526 50.276 104.202 15 11 21 571 3
228.526 50.276 104.202 16 11 21 571 3
228.526 50.276 104.202 17 11 21 571 3
228.526 50.276 104.202 18 11 21 571 3
228.526 50.276 104.202 19 11 21 571 3
228.526 50.276 104.202 20 11 21 571 3
228.526 50.276 104.202 21 11 21 571 3
228.526 50.276 104.202 22 11 21 571 3
228.526 50.276 104.202 23 11 21 571 3
228.526 50.276 104.202 24 11 21 571 3
228.526 50.276 104.202 25 11 21 571 3
228.526 50.276 104.202 26 11 21 571 3
228.526 50.276 104.202 27 11 21 571 3
199.548 118.991 218.789 28 11 21 290 1
228.526 50.276 104.202 29 11 21 571 3
228.526 50.276 104.202 30 11 21 571 3
17.847 54.428 257.623 1 12 21 587 4
17.847 54.428 257.623 2 12 21 587 4
17.847 54.428 257.623 3 12 21 587 4
17.847 54.428 257.623 4 12 21 587 4
17.847 54.428 257.623 5 12 21 587 4
17.847 54.428 257.623 6 12 21 587 4
17.847 54.428 257.623 7 12 21 587 4
17.847 54.428 257.623 8 12 21 587 4
17.847 54.428 257.623 9 12 21 587 4
17.847 54.428 257.623 10 12 21 587 4
17.847 54.428 257.623 11 12 21 587 4
17.847 54.428 257.623 12 12 21 587 4
17.847 54.428 257.623 13 12 21 587 4
17.847 54.428 257.623 14 12 21 587 4
228.526 50.276 104.202 15 12 21 571 3
228.526 50.276 104.202 16 12 21 571 3
271.261 119.575 31.301 17 12 21 475 2
271.261 119.575 31.301 18 12 21 475 2
228.526 50.276 104.202 19 12 21 571 3
228.526 50.276 104.202 20 12 21 571 3
228.526 50.276 104.202 21 12 21 571 3
228.526 50.276 104.202 22 12 21 571 3
228.526 50.276 104.202 23 12 21 571 3
228.526 50.276 104.202 24 12 21 571 3
228.526 50.276 104.202 25 12 21 571 3
228.526 50.276 104.202 26 12 21 571 3
228.526 50.276 104.202 27 12 21 571 3
228.526 50.276 104.202 28 12 21 571 3
228.526 50.276 104.202 29 12 21 571 3
228.526 50.276 104.202 30 12 21 571 3
17.847 54.428 257.623 1 13 21 587 4
17.847 54.428 257.623 2 13 21 587 4
17.847 54.428 257.623 3 13 21 587 4
17.847 54.428 257.623 4 13 21 587 4
17.847 54.428 257.623 5 13 21 587 4
17.847 54.428 257.623 6 13 21 587 4
17.847 54.428 257.623 7 13 21 587 4
17.847 54.428 257.623 8 13 21 587 4
17.847 54.428 257.623 9 13 21 587 4
17.847 54.428 257.623 10 13 21 587 4
17.847 54.428 257.623 11 13 21 587 4
17.847 54.428 257.623 12 13 21 587 4
17.847 54.428 257.623 13 13 21 587 4
17.847 54.428 257.623 14 13 21 587 4
17.847 54.428 257.623 15 13 21 587 4
228.526 50.276 104.202 16 13 21 571 3
271.261 119.575 31.301 17 13 21 475 2
271.261 119.575 31.301 18 13 21 475 2
228.526 50.276 104.202 19 13 21 571 3
228.526 50.276 104.202 20 13 21 571 3
228.526 50.276 104.202 21 13 21 571 3
228.526 50.276 104.202 22 13 21 571 3
228.526 50.276 104.202 23 13 21 571 3
228.526 50.276 104.202 24 13 21 571 3
228.526 50.276 104.202 25 13 21 571 3
228.526 50.276 104.202 26 13 21 571 3
228.526 50.276 104.202 27 13 21 571 3
228.526 50.276 104.202 28 13 21 571 3
228.526 50.276 104.202 29 13 21 571 3
228.526 50.276 104.202 30 13 21 571 3
17.847 54.428 257.623 1 14 21 587 4
17.847 54.428 257.623 2 14 21 587 4
17.847 54.428 257.623 3 14 21 587 4
17.847 54.428 257.623 4 14 21 587 4
17.847 54.428 257.623 5 14 21 587 4
17.847 54.428 257.623 6 14 21 587 4
17.847 54.428 257.623 7 14 21 587 4
17.847 54.428 257.623 8 14 21 587 4
17.847 54.428 257.623 9 14 21 587 4
17.847 54.428 257.623 10 14 21 587 4
17.847 54.428 257.623 11 14 21 587 4
17.847 54.428 257.623 12 14 21 587 4
17.847 54.428 257.623 13 14 21 587 4
17.847 54.428 257.623 14 14 21 587 4
17.847 54.428 257.623 15 14 21 587 4
17.847 54.428 257.623 16 14 21 587 4
228.526 50.276 104.202 17 14 21 571 3
228.526 50.276 104.202 18 14 21 571 3
228.526 50.276 104.202 19 14 21 571 3
228.526 50.276 104.202 20 14 21 571 3
228.526 50.276 104.202 21 14 21 571 3
228.526 50.276 104.202 22 14 21 571 3
228.526 50.276 104.202 23 14 21 571 3
228.526 50.276 104.202 24 14 21 571 3
172.963 100.175 132.384 25 14 21 574 4
172.963 100.175 132.384 26 14 21 574 4
228.526 50.276 104.202 27 14 21 571 3
228.526 50.276 104.202 28 14 21 571 3
228.526 50.276 104.202 29 14 21 571 3
228.526 50.276 104.202 30 14 21 571 3
17.847 54.428 257.623 1 15 21 587 4
17.847 54.428 257.623 2 15 21 587 4
17.847 54.428 257.623 3 15 21 587 4
17.847 54.428 257.623 4 15 21 587 4
17.847 54.428 257.623 5 15 21 587 4
17.847 54.428 257.623 6 15 21 587 4
17.847 54.428 257.623 7 15 21 587 4
17.847 54.428 257.623 8 15 21 587 4
17.847 54.428 257.623 9 15 21 587 4
17.847 54.428 257.623 10 15 21 587 4
17.847 54.428 257.623 11 15 21 587 4
17.847 54.428 257.623 12 15 21 587 4
17.847 54.428 257.623 13 15 21 587 4
17.847 54.428 257.623 14 15 21 587 4
17.847 54.428 257.623 15 15 21 587 4
17.847 54.428 257.623 16 15 21 587 4
226.601 120.849 133.469 17 15 21 297 1
165.217 71.520 210.175 18 15 21 612 1
165.217 71.520 210.175 19 15 21 612 1
228.526 50.276 104.202 20 15 21 571 3
228.526 50.276 104.202 21 15 21 571 3
228.526 50.276 104.202 22 15 21 571 3
172.963 100.175 132.384 23 15 21 574 4
172.963 100.175 132.384 24 15 21 574 4
172.963 100.175 132.384 25 15 21 574 4
172.963 100.175 132.384 26 15 21 574 4
172.963 100.175 132.384 27 15 21 574 4
172.963 100.175 132.384 28 15 21 574 4
228.526 50.276 104.202 29 15 21 571 3
228.526 50.276 104.202 30 15 21 571 3
17.847 54.428 257.623 1 16 21 587 4
17.847 54.428 257.623 2 16 21 587 4
17.847 54.428 257.623 3 16 21 587 4
17.847 54.428 257.623 4 16 21 587 4
17.847 54.428 257.623 5 16 21 587 4
17.847 54.428 257.623 6 16 21 587 4
17.847 54.428 257.623 7 16 21 587 4
17.847 54.428 257.623 8 16 21 587 4
17.847 54.428 257.623 9 16 21 587 4
17.847 54.428 257.623 10 16 21 587 4
17.847 54.428 257.623 11 16 21 587 4
17.847 54.428 257.623 12 16 21 587 4
17.847 54.428 257.623 13 16 21 587 4
17.847 54.428 257.623 14 16 21 587 4
17.847 54.428 257.623 15 16 21 587 4
17.847 54.428 257.623 16 16 21 587 4
226.601 120.849 133.469 17 16 21 297 1
267.583 65.409 60.517 18 16 21 262 1
165.217 71.520 210.175 19 16 21 612 1
228.526 50.276 104.202 20 16 21 571 3
172.963 100.175 132.384 21 16 21 574 4
172.963 100.175 132.384 22 16 21 574 4
172.963 100.175 132.384 23 16 21 574 4
172.963 100.175 132.384 24 16 21 574 4
172.963 100.175 132.384 25 16 21 574 4
172.963 100.175 132.384 26 16 21 574 4
172.963 100.175 132.384 27 16 21 574 4
172.963 100.175 132.384 28 16 21 574 4
208.733 46.520 129.056 29 16 21 584 4
208.733 46.520 129.056 30 16 21 584 4
17.847 54.428 257.623 1 17 21 587 4
17.847 54.428 257.623 2 17 21 587 4
17.847 54.428 257.623 3 17 21 587 4
17.847 54.428 257.623 4 17 21 587 4
17.847 54.428 257.623 5 17 21 587 4
17.847 54.428 257.623 6 17 21 587 4
17.847 54.428 257.623 7 17 21 587 4
17.847 54.428 257.623 8 17 21 587 4
17.847 54.428 257.623 9 17 21 587 4
17.847 54.428 257.623 10 17 21 587 4
17.847 54.428 257.623 11 17 21 587 4
17.847 54.428 257.623 12 17 21 587 4
17.847 54.428 257.623 13 17 21 587 4
17.847 54.428 257.623 14 17 21 587 4
17.847 54.428 257.623 15 17 21 587 4
17.847 54.428 257.623 16 17 21 587 4
267.583 65.409 60.517 17 17 21 262 1
267.583 65.409 60.517 18 17 21 262 1
267.583 65.409 60.517 19 17 21 262 1
172.963 100.175 132.384 20 17 21 574 4
172.963 100.175 132.384 21 17 21 574 4
172.963 100.175 132.384 22 17 21 574 4
172.963 100.175 132.384 23 17 21 574 4
172.963 100.175 132.384 24 17 21 574 4
172.963 100.175 132.384 25 17 21 574 4
172.963 100.175 132.384 26 17 21 574 4
172.963 100.175 132.384 27 17 21 574 4
172.963 100.175 132.384 28 17 21 574 4
208.733 46.520 129.056 29 17 21 584 4
208.733 46.520 129.056 30 17 21 584 4
17.847 54.428 257.623 1 18 21 587 4
17.847 54.428 257.623 2 18 21 587 4
17.847 54.428 257.623 3 18 21 587 4
17.847 54.428 257.623 4 18 21 587 4
17.847 54.428 257.623 5 18 21 587 4
17.847 54.428 257.623 6 18 21 587 4
17.847 54.428 257.623 7 18 21 587 4
17.847 54.428 257.623 8 18 21 587 4
17.847 54.428 257.623 9 18 21 587 4
17.847 54.428 257.623 10 18 21 587 4
17.847 54.428 257.623 11 18 21 587 4
17.847 54.428 257.623 12 18 21 587 4
17.847 54.428 257.623 13 18 21 587 4
17.847 54.428 257.623 14 18 21 587 4
17.847 54.428 257.623 15 18 21 587 4
17.847 54.428 257.623 16 18 21 587 4
17.847 54.428 257.623 17 18 21 587 4
267.583 65.409 60.517 18 18 21 262 1
267.583 65.409 60.517 19 18 21 262 1
172.963 100.175 132.384 20 18 21 574 4
172.963 100.175 132.384 21 18 21 574 4
172.963 100.175 132.384 22 18 21 574 4
172.963 100.175 132.384 23 18 21 574 4
172.963 100.175 132.384 24 18 21 574 4
172.963 100.175 132.384 25 18 21 574 4
172.963 100.175 132.384 26 18 21 574 4
172.963 100.175 132.384 27 18 21 574 4
172.963 100.175 132.384 28 18 21 574 4
208.733 46.520 129.056 29 18 21 584 4
208.733 46.520 129.056 30 18 21 584 4
17.847 54.428 257.623 1 19 21 587 4
17.847 54.428 257.623 2 19 21 587 4
17.847 54.428 257.623 3 19 21 587 4
17.847 54.428 257.623 4 19 21 587 4
17.847 54.428 257.623 5 19 21 587 4
17.847 54.428 257.623 6 19 21 587 4
17.847 54.428 257.623 7 19 21 587 4
17.847 54.428 257.623 8 19 21 587 4
17.847 54.428 257.623 9 19 21 587 4
17.847 54.428 257.623 10 19 21 587 4
17.847 54.428 257.623 11 19 21 587 4
17.847 54.428 257.623 12 19 21 587 4
17.847 54.428 257.623 13 19 21 587 4
17.847 54.428 257.623 14 19 21 587 4
17.847 54.428 257.623 15 19 21 587 4
17.847 54.428 257.623 16 19 21 587 4
17.847 54.428 257.623 17 19 21 587 4
267.583 65.409 60.517 18 19 21 262 1
172.963 100.175 132.384 19 19 21 574 4
172.963 100.175 132.384 20 19 21 574 4
172.963 100.175 132.384 21 19 21 574 4
172.963 100.175 132.384 22 19 21 574 4
172.963 100.175 132.384 23 19 21 574 4
172.963 100.175 132.384 24 19 21 574 4
172.963 100.175 132.384 25 19 21 574 4
172.963 100.175 132.384 26 19 21 574 4
172.963 100.175 132.384 27 19 21 574 4
144.748 167.251 322.201 28 19 21 579 4
208.733 46.520 129.056 29 19 21 584 4
208.733 46.520 129.056 30 19 21 584 4
17.847 54.428 257.623 1 20 21 587 4
17.847 54.428 257.623 2 20 21 587 4
17.847 54.428 257.623 3 20 21 587 4
17.847 54.428 257.623 4 20 21 587 4
17.847 54.428 257.623 5 20 21 587 4
17.847 54.428 257.623 6 20 21 587 4
17.847 54.428 257.623 7 20 21 587 4
17.847 54.428 257.623 8 20 21 587 4
17.847 54.428 257.623 9 20 21 587 4
17.847 54.428 257.623 10 20 21 587 4
17.847 54.428 257.623 11 20 21 587 4
17.847 54.428 257.623 12 20 21 587 4
17.847 54.428 257.623 13 20 21 587 4
17.847 54.428 257.623 14 20 21 587 4
17.847 54.428 257.623 15 20 21 587 4
17.847 54.428 257.623 16 20 21 587 4
294.380 46.061 33.199 17 20 21 577 4
172.963 100.175 132.384 18 20 21 574 4
172.963 100.175 132.384 19 20 21 574 4
172.963 100.175 132.384 20 20 21 574 4
172.963 100.175 132.384 21 20 21 574 4
172.963 100.175 132.384 22 20 21 574 4
172.963 100.175 132.384 23 20 21 574 4
172.963 100.175 132.384 24 20 21 574 4
172.963 100.175 132.384 25 20 21 574 4
172.963 100.175 132.384 26 20 21 574 4
144.748 167.251 322.201 27 20 21 579 4
144.748 167.251 322.201 28 20 21 579 4
144.748 167.251 322.201 29 20 21 579 4
208.733 46.520 129.056 30 20 21 584 4
17.847 54.428 257.623 1 21 21 587 4
17.847 54.428 257.623 2 21 21 587 4
17.847 54.428 257.623 3 21 21 587 4
17.847 54.428 257.623 4 21 21 587 4
17.847 54.428 257.623 5 21 21 587 4
17.847 54.428 257.623 6 21 21 587 4
17.847 54.428 257.623 7 21 21 587 4
17.847 54.428 257.623 8 21 21 587 4
17.847 54.428 257.623 9 21 21 587 4
17.847 54.428 257.623 10 21 21 587 4
17.847 54.428 257.623 11 21 21 587 4
17.847 54.428 257.623 12 21 21 587 4
17.847 54.428 257.623 13 21 21 587 4
17.847 54.428 257.623 14 21 21 587 4
17.847 54.428 257.623 15 21 21 587 4
294.380 46.061 33.199 16 21 21 577 4
294.380 46.061 33.199 17 21 21 577 4
144.748 167.251 322.201 18 21 21 579 4
144.748 167.251 322.201 19 21 21 579 4
144.748 167.251 322.201 20 21 21 579 4
172.963 100.175 132.384 21 21 21 574 4
172.963 100.175 132.384 22 21 21 574 4
172.963 100.175 132.384 23 21 21 574 4
172.963 100.175 132.384 24 21 21 574 4
144.748 167.251 322.201 25 21 21 579 4
144.748 167.251 322.201 26 21 21 579 4
144.748 167.251 322.201 27 21 21 579 4
144.748 167.251 322.201 28 21 21 579 4
144.748 167.251 322.201 29 21 21 579 4
144.748 167.251 322.201 30 21 21 579 4
17.847 54.428 257.623 1 22 21 587 4
17.847 54.428 257.623 2 22 21 587 4
17.847 54.428 257.623 3 22 21 587 4
17.847 54.428 257.623 4 22 21 587 4
17.847 54.428 257.623 5 22 21 587 4
17.847 54.428 257.623 6 22 21 587 4
17.847 54.428 257.623 7 22 21 587 4
17.847 54.428 257.623 8 22 21 587 4
17.847 54.428 257.623 9 22 21 587 4
17.847 54.428 257.623 10 22 21 587 4
17.847 54.428 257.623 11 22 21 587 4
17.847 54.428 257.623 12 22 21 587 4
17.847 54.428 257.623 13 22 21 587 4
17.847 54.428 257.623 14 22 21 587 4
17.847 54.428 257.623 15 22 21 587 4
294.380 46.061 33.199 16 22 21 577 4
294.380 46.061 33.199 17 22 21 577 4
144.748 167.251 322.201 18 22 21 579 4
144.748 167.251 322.201 19 22 21 579 4
144.748 167.251 322.201 20 22 21 579 4
144.748 167.251 322.201 21 22 21 579 4
144.748 167.251 322.201 22 22 21 579 4
144.748 167.251 322.201 23 22 21 579 4
144.748 167.251 322.201 24 22 21 579 4
144.748 167.251 322.201 25 22 21 579 4
144.748 167.251 322.201 26 22 21 579 4
144.748 167.251 322.201 27 22 21 579 4
144.748 167.251 322.201 28 22 21 579 4
144.748 167.251 322.201 29 22 21 579 4
144.748 167.251 322.201 30 22 21 579 4
17.847 54.428 257.623 1 23 21 587 4
17.847 54.428 257.623 2 23 21 587 4
17.847 54.428 257.623 3 23 21 587 4
17.847 54.428 257.623 4 23 21 587 4
17.847 54.428 257.623 5 23 21 587 4
17.847 54.428 257.623 6 23 21 587 4
17.847 54.428 257.623 7 23 21 587 4
17.847 54.428 257.623 8 23 21 587 4
17.847 54.428 257.623 9 23 21 587 4
17.847 54.428 257.623 10 23 21 587 4
17.847 54.428 257.623 11 23 21 587 4
17.847 54.428 257.623 12 23 21 587 4
17.847 54.428 257.623 13 23 21 587 4
17.847 54.428 257.623 14 23 21 587 4
294.380 46.061 33.199 15 23 21 577 4
294.380 46.061 33.199 16 23 21 577 4
294.380 46.061 33.199 17 23 21 577 4
144.748 167.251 322.201 18 23 21 579 4
144.748 167.251 322.201 19 23 21 579 4
144.748 167.251 322.201 20 23 21 579 4
144.748 167.251 322.201 21 23 21 579 4
144.748 167.251 322.201 22 23 21 579 4
144.748 167.251 322.201 23 23 21 579 4
144.748 167.251 322.201 24 23 21 579 4
144.748 167.251 322.201 25 23 21 579 4
144.748 167.251 322.201 26 23 21 579 4
144.748 167.251 322.201 27 23 21 579 4
144.748 167.251 322.201 28 23 21 579 4
144.748 167.251 322.201 29 23 21 579 4
144.748 167.251 322.201 30 23 21 579 4
80.957 161.770 24.449 1 24 21 580 4
80.957 161.770 24.449 2 24 21 580 4
17.847 54.428 257.623 3 24 21 587 4
17.847 54.428 257.623 4 24 21 587 4
17.847 54.428 257.623 5 24 21 587 4
17.847 54.428 257.623 6 24 21 587 4
17.847 54.428 257.623 7 24 21 587 4
17.847 54.428 257.623 8 24 21 587 4
17.847 54.428 257.623 9 24 21 587 4
17.847 54.428 257.623 10 24 21 587 4
17.847 54.428 257.623 11 24 21 587 4
17.847 54.428 257.623 12 24 21 587 4
17.847 54.428 257.623 13 24 21 587 4
17.847 54.428 257.623 14 24 21 587 4
122.621 49.083 203.139 15 24 21 615 1
294.380 46.061 33.199 16 24 21 577 4
294.380 46.061 33.199 17 24 21 577 4
144.748 167.251 322.201 18 24 21 579 4
144.748 167.251 322.201 19 24 21 579 4
144.748 167.251 322.201 20 24 21 579 4
144.748 167.251 322.201 21 24 21 579 4
144.748 167.251 322.201 22 24 21 579 4
144.748 167.251 322.201 23 24 21 579 4
144.748 167.251 322.201 24 24 21 579 4
144.748 167.251 322.201 25 24 21 579 4
144.748 167.251 322.201 26 24 21 579 4
144.748 167.251 322.201 27 24 21 579 4
144.748 167.251 322.201 28 24 21 579 4
144.748 167.251 322.201 29 24 21 579 4
144.748 167.251 322.201 30 24 21 579 4
80.957 161.770 24.449 1 25 21 580 4
206.173 120.390 242.404 2 25 21 572 4
206.173 120.390 242.404 3 25 21 572 4
80.957 161.770 24.449 4 25 21 580 4
80.957 161.770 24.449 5 25 21 580 4
80.957 161.770 24.449 6 25 21 580 4
80.957 161.770 24.449 7 25 21 580 4
80.957 161.770 24.449 8 25 21 580 4
17.847 54.428 257.623 9 25 21 587 4
17.847 54.428 257.623 10 25 21 587 4
17.847 54.428 257.623 11 25 21 587 4
17.847 54.428 257.623 12 25 21 587 4
122.621 49.083 203.139 13 25 21 615 1
122.621 49.083 203.139 14 25 21 615 1
122.621 49.083 203.139 15 25 21 615 1
294.380 46.061 33.199 16 25 21 577 4
294.380 46.061 33.199 17 25 21 577 4
144.748 167.251 322.201 18 25 21 579 4
144.748 167.251 322.201 19 25 21 579 4
144.748 167.251 322.201 20 25 21 579 4
144.748 167.251 322.201 21 25 21 579 4
144.748 167.251 322.201 22 25 21 579 4
144.748 167.251 322.201 23 25 21 579 4
144.748 167.251 322.201 24 25 21 579 4
144.748 167.251 322.201 25 25 21 579 4
144.748 167.251 322.201 26 25 21 579 4
144.748 167.251 322.201 27 25 21 579 4
144.748 167.251 322.201 28 25 21 579 4
144.748 167.251 322.201 29 25 21 579 4
144.748 167.251 322.201 30 25 21 579 4
206.173 120.390 242.404 1 26 21 572 4
206.173 120.390 242.404 2 26 21 572 4
206.173 120.390 242.404 3 26 21 572 4
80.957 161.770 24.449 4 26 21 580 4
80.957 161.770 24.449 5 26 21 580 4
80.957 161.770 24.449 6 26 21 580 4
80.957 161.770 24.449 7 26 21 580 4
80.957 161.770 24.449 8 26 21 580 4
80.957 161.770 24.449 9 26 21 580 4
80.957 161.770 24.449 10 26 21 580 4
80.957 161.770 24.449 11 26 21 580 4
80.957 161.770 24.449 12 26 21 580 4
122.621 49.083 203.139 13 26 21 615 1
122.621 49.083 203.139 14 26 21 615 1
122.621 49.083 203.139 15 26 21 615 1
294.380 46.061 33.199 16 26 21 577 4
294.380 46.061 33.199 17 26 21 577 4
144.748 167.251 322.201 18 26 21 579 4
144.748 167.251 322.201 19 26 21 579 4
144.748 167.251 322.201 20 26 21 579 4
144.748 167.251 322.201 21 26 21 579 4
144.748 167.251 322.201 22 26 21 579 4
144.748 167.251 322.201 23 26 21 579 4
144.748 167.251 322.201 24 26 21 579 4
144.748 167.251 322.201 25 26 21 579 4
144.748 167.251 322.201 26 26 21 579 4
144.748 167.251 322.201 27 26 21 579 4
144.748 167.251 322.201 28 26 21 579 4
144.748 167.251 322.201 29 26 21 579 4
144.748 167.251 322.201 30 26 21 579 4
206.173 120.390 242.404 1 27 21 572 4
206.173 120.390 242.404 2 27 21 572 4
206.173 120.390 242.404 3 27 21 572 4
80.957 161.770 24.449 4 27 21 580 4
80.957 161.770 24.449 5 27 21 580 4
80.957 161.770 24.449 6 27 21 580 4
80.957 161.770 24.449 7 27 21 580 4
80.957 161.770 24.449 8 27 21 580 4
80.957 161.770 24.449 9 27 21 580 4
80.957 161.770 24.449 10 27 21 580 4
80.957 161.770 24.449 11 27 21 580 4
80.957 161.770 24.449 12 27 21 580 4
80.957 161.770 24.449 13 27 21 580 4
80.957 161.770 24.449 14 27 21 580 4
122.621 49.083 203.139 15 27 21 615 1
294.380 46.061 33.199 16 27 21 577 4
294.380 46.061 33.199 17 27 21 577 4
144.748 167.251 322.201 18 27 21 579 4
144.748 167.251 322.201 19 27 21 579 4
144.748 167.251 322.201 20 27 21 579 4
144.748 167.251 322.201 21 27 21 579 4
144.748 167.251 322.201 22 27 21 579 4
144.748 167.251 322.201 23 27 21 579 4
144.748 167.251 322.201 24 27 21 579 4
144.748 167.251 322.201 25 27 21 579 4
144.748 167.251 322.201 26 27 21 579 4
144.748 167.251 322.201 27 27 21 579 4
144.748 167.251 322.201 28 27 21 579 4
144.748 167.251 322.201 29 27 21 579 4
144.748 167.251 322.201 30 27 21 579 4
206.173 120.390 242.404 1 28 21 572 4
206.173 120.390 242.404 2 28 21 572 4
206.173 120.390 242.404 3 28 21 572 4
80.957 161.770 24.449 4 28 21 580 4
80.957 161.770 24.449 5 28 21 580 4
80.957 161.770 24.449 6 28 21 580 4
80.957 161.770 24.449 7 28 21 580 4
80.957 161.770 24.449 8 28 21 580 4
80.957 161.770 24.449 9 28 21 580 4
80.957 161.770 24.449 10 28 21 580 4
80.957 161.770 24.449 11 28 21 580 4
80.957 161.770 24.449 12 28 21 580 4
113.897 121.001 243.649 13 28 21 282 1
113.897 121.001 243.649 14 28 21 282 1
113.897 121.001 243.649 15 28 21 282 1
113.897 121.001 243.649 16 28 21 282 1
294.380 46.061 33.199 17 28 21 577 4
144.748 167.251 322.201 18 28 21 579 4
144.748 167.251 322.201 19 28 21 579 4
144.748 167.251 322.201 20 28 21 579 4
144.748 167.251 322.201 21 28 21 579 4
144.748 167.251 322.201 22 28 21 579 4
144.748 167.251 322.201 23 28 21 579 4
144.748 167.251 322.201 24 28 21 579 4
144.748 167.251 322.201 25 28 21 579 4
144.748 167.251 322.201 26 28 21 579 4
144.748 167.251 322.201 27 28 21 579 4
144.748 167.251 322.201 28 28 21 579 4
144.748 167.251 322.201 29 28 21 579 4
144.748 167.251 322.201 30 28 21 579 4
206.173 120.390 242.404 1 29 21 572 4
206.173 120.390 242.404 2 29 21 572 4
206.173 120.390 242.404 3 29 21 572 4
80.957 161.770 24.449 4 29 21 580 4
80.957 161.770 24.449 5 29 21 580 4
80.957 161.770 24.449 6 29 21 580 4
80.957 161.770 24.449 7 29 21 580 4
80.957 161.770 24.449 8 29 21 580 4
80.957 161.770 24.449 9 29 21 580 4
80.957 161.770 24.449 10 29 21 580 4
80.957 161.770 24.449 11 29 21 580 4
80.957 161.770 24.449 12 29 21 580 4
80.957 161.770 24.449 13 29 21 580 4
80.957 161.770 24.449 14 29 21 580 4
80.957 161.770 24.449 15 29 21 580 4
80.957 161.770 24.449 16 29 21 580 4
80.957 161.770 24.449 17 29 21 580 4
144.748 167.251 322.201 18 29 21 579 4
144.748 167.251 322.201 19 29 21 579 4
144.748 167.251 322.201 20 29 21 579 4
144.748 167.251 322.201 21 29 21 579 4
144.748 167.251 322.201 22 29 21 579 4
144.748 167.251 322.201 23 29 21 579 4
144.748 167.251 322.201 24 29 21 579 4
144.748 167.251 322.201 25 29 21 579 4
144.748 167.251 322.201 26 29 21 579 4
144.748 167.251 322.201 27 29 21 579 4
144.748 167.251 322.201 28 29 21 579 4
144.748 167.251 322.201 29 29 21 579 4
144.748 167.251 322.201 30 29 21 579 4
206.173 120.390 242.404 1 30 21 572 4
206.173 120.390 242.404 2 30 21 572 4
206.173 120.390 242.404 3 30 21 572 4
80.957 161.770 24.449 4 30 21 580 4
80.957 161.770 24.449 5 30 21 580 4
80.957 161.770 24.449 6 30 21 580 4
80.957 161.770 24.449 7 30 21 580 4
80.957 161.770 24.449 8 30 21 580 4
80.957 161.770 24.449 9 30 21 580 4
80.957 161.770 24.449 10 30 21 580 4
80.957 161.770 24.449 11 30 21 580 4
80.957 161.770 24.449 12 30 21 580 4
80.957 161.770 24.449 13 30 21 580 4
80.957 161.770 24.449 14 30 21 580 4
80.957 161.770 24.449 15 30 21 580 4
80.957 161.770 24.449 16 30 21 580 4
80.957 161.770 24.449 17 30 21 580 4
144.748 167.251 322.201 18 30 21 579 4
144.748 167.251 322.201 19 30 21 579 4
144.748 167.251 322.201 20 30 21 579 4
144.748 167.251 322.201 21 30 21 579 4
144.748 167.251 322.201 22 30 21 579 4
144.748 167.251 322.201 23 30 21 579 4
144.748 167.251 322.201 24 30 21 579 4
144.748 167.251 322.201 25 30 21 579 4
144.748 167.251 322.201 26 30 21 579 4
144.748 167.251 322.201 27 30 21 579 4
144.748 167.251 322.201 28 30 21 579 4
144.748 167.251 322.201 29 30 21 579 4
144.748 167.251 322.201 30 30 21 579 4
