17.847 54.428 257.623 1 1 3 587 4
17.847 54.428 257.623 2 1 3 587 4
17.847 54.428 257.623 3 1 3 587 4
17.847 54.428 257.623 4 1 3 587 4
141.200 49.091 229.468 5 1 3 486 2
141.200 49.091 229.468 6 1 3 486 2
141.200 49.091 229.468 7 1 3 486 2
141.200 49.091 229.468 8 1 3 486 2
141.200 49.091 229.468 9 1 3 486 2
101.856 121.623 35.132 10 1 3 67 1
161.376 90.429 9.324 11 1 3 482 2
161.376 90.429 9.324 12 1 3 482 2
161.376 90.429 9.324 13 1 3 482 2
161.376 90.429 9.324 14 1 3 482 2
161.376 90.429 9.324 15 1 3 482 2
161.376 90.429 9.324 16 1 3 482 2
209.120 61.882 102.162 17 1 3 382 1
202.061 84.583 184.257 18 1 3 573 4
202.061 84.583 184.257 19 1 3 573 4
202.061 84.583 184.257 20 1 3 573 4
202.061 84.583 184.257 21 1 3 573 4
202.061 84.583 184.257 22 1 3 573 4
202.061 84.583 184.257 23 1 3 573 4
342.949 107.511 97.225 24 1 3 632 2
342.949 107.511 97.225 25 1 3 632 2
342.949 107.511 97.225 26 1 3 632 2
21.836 30.895 356.545 27 1 3 53 1
206.248 147.349 322.488 28 1 3 581 4
206.248 147.349 322.488 29 1 3 581 4
206.248 147.349 322.488 30 1 3 581 4
17.847 54.428 257.623 1 2 3 587 4
17.847 54.428 257.623 2 2 3 587 4
17.847 54.428 257.623 3 2 3 587 4
17.847 54.428 257.623 4 2 3 587 4
141.200 49.091 229.468 5 2 3 486 2
141.200 49.091 229.468 6 2 3 486 2
141.200 49.091 229.468 7 2 3 486 2
141.200 49.091 229.468 8 2 3 486 2
168.858 93.570 194.702 9 2 3 522 2
101.856 121.623 35.132 10 2 3 67 1
168.858 93.570 194.702 11 2 3 522 2
161.376 90.429 9.324 12 2 3 482 2
161.376 90.429 9.324 13 2 3 482 2
161.376 90.429 9.324 14 2 3 482 2
161.376 90.429 9.324 15 2 3 482 2
161.376 90.429 9.324 16 2 3 482 2
209.120 61.882 102.162 17 2 3 382 1
209.120 61.882 102.162 18 2 3 382 1
209.120 61.882 102.162 19 2 3 382 1
202.061 84.583 184.257 20 2 3 573 4
202.061 84.583 184.257 21 2 3 573 4
202.061 84.583 184.257 22 2 3 573 4
202.061 84.583 184.257 23 2 3 573 4
342.949 107.511 97.225 24 2 3 632 2
342.949 107.511 97.225 25 2 3 632 2
342.949 107.511 97.225 26 2 3 632 2
21.836 30.895 356.545 27 2 3 53 1
21.836 30.895 356.545 28 2 3 53 1
206.248 147.349 322.488 29 2 3 581 4
206.248 147.349 322.488 30 2 3 581 4
17.847 54.428 257.623 1 3 3 587 4
17.847 54.428 257.623 2 3 3 587 4
17.847 54.428 257.623 3 3 3 587 4
17.847 54.428 257.623 4 3 3 587 4
17.847 54.428 257.623 5 3 3 587 4
141.200 49.091 229.468 6 3 3 486 2
141.200 49.091 229.468 7 3 3 486 2
168.858 93.570 194.702 8 3 3 522 2
168.858 93.570 194.702 9 3 3 522 2
101.856 121.623 35.132 10 3 3 67 1
168.858 93.570 194.702 11 3 3 522 2
161.376 90.429 9.324 12 3 3 482 2
161.376 90.429 9.324 13 3 3 482 2
161.376 90.429 9.324 14 3 3 482 2
161.376 90.429 9.324 15 3 3 482 2
161.376 90.429 9.324 16 3 3 482 2
161.376 90.429 9.324 17 3 3 482 2
209.120 61.882 102.162 18 3 3 382 1
209.120 61.882 102.162 19 3 3 382 1
202.061 84.583 184.257 20 3 3 573 4
202.061 84.583 184.257 21 3 3 573 4
202.061 84.583 184.257 22 3 3 573 4
202.061 84.583 184.257 23 3 3 573 4
342.949 107.511 97.225 24 3 3 632 2
342.949 107.511 97.225 25 3 3 632 2
342.949 107.511 97.225 26 3 3 632 2
206.248 147.349 322.488 27 3 3 581 4
206.248 147.349 322.488 28 3 3 581 4
206.248 147.349 322.488 29 3 3 581 4
206.248 147.349 322.488 30 3 3 581 4
17.847 54.428 257.623 1 4 3 587 4
17.847 54.428 257.623 2 4 3 587 4
17.847 54.428 257.623 3 4 3 587 4
17.847 54.428 257.623 4 4 3 587 4
17.847 54.428 257.623 5 4 3 587 4
168.858 93.570 194.702 6 4 3 522 2
168.858 93.570 194.702 7 4 3 522 2
168.858 93.570 194.702 8 4 3 522 2
168.858 93.570 194.702 9 4 3 522 2
101.856 121.623 35.132 10 4 3 67 1
313.453 102.336 215.419 11 4 3 299 1
297.810 76.412 288.114 12 4 3 535 2
297.810 76.412 288.114 13 4 3 535 2
161.376 90.429 9.324 14 4 3 482 2
161.376 90.429 9.324 15 4 3 482 2
161.376 90.429 9.324 16 4 3 482 2
161.376 90.429 9.324 17 4 3 482 2
331.077 86.085 232.557 18 4 3 316 1
331.077 86.085 232.557 19 4 3 316 1
202.061 84.583 184.257 20 4 3 573 4
202.061 84.583 184.257 21 4 3 573 4
202.061 84.583 184.257 22 4 3 573 4
202.061 84.583 184.257 23 4 3 573 4
202.061 84.583 184.257 24 4 3 573 4
17.495 54.284 331.715 25 4 3 503 2
182.034 120.239 167.690 26 4 3 190 1
206.248 147.349 322.488 27 4 3 581 4
206.248 147.349 322.488 28 4 3 581 4
358.880 101.929 250.799 29 4 3 140 1
358.880 101.929 250.799 30 4 3 140 1
17.847 54.428 257.623 1 5 3 587 4
17.847 54.428 257.623 2 5 3 587 4
17.847 54.428 257.623 3 5 3 587 4
17.847 54.428 257.623 4 5 3 587 4
17.847 54.428 257.623 5 5 3 587 4
168.858 93.570 194.702 6 5 3 522 2
168.858 93.570 194.702 7 5 3 522 2
168.858 93.570 194.702 8 5 3 522 2
168.858 93.570 194.702 9 5 3 522 2
101.856 121.623 35.132 10 5 3 67 1
168.858 93.570 194.702 11 5 3 522 2
297.810 76.412 288.114 12 5 3 535 2
297.810 76.412 288.114 13 5 3 535 2
161.376 90.429 9.324 14 5 3 482 2
161.376 90.429 9.324 15 5 3 482 2
161.376 90.429 9.324 16 5 3 482 2
304.537 113.169 129.483 17 5 3 624 1
304.537 113.169 129.483 18 5 3 624 1
331.077 86.085 232.557 19 5 3 316 1
331.077 86.085 232.557 20 5 3 316 1
331.077 86.085 232.557 21 5 3 316 1
202.061 84.583 184.257 22 5 3 573 4
202.061 84.583 184.257 23 5 3 573 4
202.061 84.583 184.257 24 5 3 573 4
17.495 54.284 331.715 25 5 3 503 2
182.034 120.239 167.690 26 5 3 190 1
182.034 120.239 167.690 27 5 3 190 1
206.248 147.349 322.488 28 5 3 581 4
206.248 147.349 322.488 29 5 3 581 4
206.248 147.349 322.488 30 5 3 581 4
17.847 54.428 257.623 1 6 3 587 4
17.847 54.428 257.623 2 6 3 587 4
17.847 54.428 257.623 3 6 3 587 4
17.847 54.428 257.623 4 6 3 587 4
17.847 54.428 257.623 5 6 3 587 4
168.858 93.570 194.702 6 6 3 522 2
168.858 93.570 194.702 7 6 3 522 2
168.858 93.570 194.702 8 6 3 522 2
168.858 93.570 194.702 9 6 3 522 2
168.858 93.570 194.702 10 6 3 522 2
297.810 76.412 288.114 11 6 3 535 2
297.810 76.412 288.114 12 6 3 535 2
297.810 76.412 288.114 13 6 3 535 2
297.810 76.412 288.114 14 6 3 535 2
161.376 90.429 9.324 15 6 3 482 2
161.376 90.429 9.324 16 6 3 482 2
224.302 51.123 338.795 17 6 3 205 1
224.302 51.123 338.795 18 6 3 205 1
331.077 86.085 232.557 19 6 3 316 1
331.077 86.085 232.557 20 6 3 316 1
331.077 86.085 232.557 21 6 3 316 1
202.061 84.583 184.257 22 6 3 573 4
202.061 84.583 184.257 23 6 3 573 4
202.061 84.583 184.257 24 6 3 573 4
17.495 54.284 331.715 25 6 3 503 2
182.034 120.239 167.690 26 6 3 190 1
182.034 120.239 167.690 27 6 3 190 1
64.574 100.251 169.420 28 6 3 543 2
64.574 100.251 169.420 29 6 3 543 2
206.248 147.349 322.488 30 6 3 581 4
17.847 54.428 257.623 1 7 3 587 4
17.847 54.428 257.623 2 7 3 587 4
17.847 54.428 257.623 3 7 3 587 4
17.847 54.428 257.623 4 7 3 587 4
17.847 54.428 257.623 5 7 3 587 4
168.858 93.570 194.702 6 7 3 522 2
168.858 93.570 194.702 7 7 3 522 2
168.858 93.570 194.702 8 7 3 522 2
71.853 107.832 186.486 9 7 3 483 2
71.853 107.832 186.486 10 7 3 483 2
297.810 76.412 288.114 11 7 3 535 2
297.810 76.412 288.114 12 7 3 535 2
297.810 76.412 288.114 13 7 3 535 2
297.810 76.412 288.114 14 7 3 535 2
129.281 105.743 238.216 15 7 3 545 2
129.281 105.743 238.216 16 7 3 545 2
224.302 51.123 338.795 17 7 3 205 1
224.302 51.123 338.795 18 7 3 205 1
242.164 54.327 337.036 19 7 3 385 1
242.164 54.327 337.036 20 7 3 385 1
242.164 54.327 337.036 21 7 3 385 1
242.164 54.327 337.036 22 7 3 385 1
202.061 84.583 184.257 23 7 3 573 4
202.061 84.583 184.257 24 7 3 573 4
202.061 84.583 184.257 25 7 3 573 4
182.034 120.239 167.690 26 7 3 190 1
64.574 100.251 169.420 27 7 3 543 2
64.574 100.251 169.420 28 7 3 543 2
64.574 100.251 169.420 29 7 3 543 2
64.574 100.251 169.420 30 7 3 543 2
17.847 54.428 257.623 1 8 3 587 4
17.847 54.428 257.623 2 8 3 587 4
17.847 54.428 257.623 3 8 3 587 4
17.847 54.428 257.623 4 8 3 587 4
17.847 54.428 257.623 5 8 3 587 4
351.478 134.102 215.799 6 8 3 559 2
351.478 134.102 215.799 7 8 3 559 2
351.478 134.102 215.799 8 8 3 559 2
71.853 107.832 186.486 9 8 3 483 2
71.853 107.832 186.486 10 8 3 483 2
4.843 110.528 338.233 11 8 3 541 2
4.843 110.528 338.233 12 8 3 541 2
4.843 110.528 338.233 13 8 3 541 2
129.281 105.743 238.216 14 8 3 545 2
129.281 105.743 238.216 15 8 3 545 2
129.281 105.743 238.216 16 8 3 545 2
315.288 80.977 153.025 17 8 3 620 1
315.288 80.977 153.025 18 8 3 620 1
315.288 80.977 153.025 19 8 3 620 1
242.164 54.327 337.036 20 8 3 385 1
242.164 54.327 337.036 21 8 3 385 1
242.164 54.327 337.036 22 8 3 385 1
223.699 85.797 21.531 23 8 3 496 2
202.061 84.583 184.257 24 8 3 573 4
202.061 84.583 184.257 25 8 3 573 4
202.061 84.583 184.257 26 8 3 573 4
64.574 100.251 169.420 27 8 3 543 2
64.574 100.251 169.420 28 8 3 543 2
64.574 100.251 169.420 29 8 3 543 2
64.574 100.251 169.420 30 8 3 543 2
17.847 54.428 257.623 1 9 3 587 4
17.847 54.428 257.623 2 9 3 587 4
17.847 54.428 257.623 3 9 3 587 4
17.847 54.428 257.623 4 9 3 587 4
17.847 54.428 257.623 5 9 3 587 4
351.478 134.102 215.799 6 9 3 559 2
351.478 134.102 215.799 7 9 3 559 2
84.789 52.248 270.560 8 9 3 598 1
71.853 107.832 186.486 9 9 3 483 2
4.843 110.528 338.233 10 9 3 541 2
4.843 110.528 338.233 11 9 3 541 2
4.843 110.528 338.233 12 9 3 541 2
4.843 110.528 338.233 13 9 3 541 2
129.281 105.743 238.216 14 9 3 545 2
129.281 105.743 238.216 15 9 3 545 2
129.281 105.743 238.216 16 9 3 545 2
315.288 80.977 153.025 17 9 3 620 1
315.288 80.977 153.025 18 9 3 620 1
315.288 80.977 153.025 19 9 3 620 1
315.288 80.977 153.025 20 9 3 620 1
223.699 85.797 21.531 21 9 3 496 2
223.699 85.797 21.531 22 9 3 496 2
242.164 54.327 337.036 23 9 3 385 1
202.061 84.583 184.257 24 9 3 573 4
202.061 84.583 184.257 25 9 3 573 4
202.061 84.583 184.257 26 9 3 573 4
64.574 100.251 169.420 27 9 3 543 2
64.574 100.251 169.420 28 9 3 543 2
64.574 100.251 169.420 29 9 3 543 2
64.574 100.251 169.420 30 9 3 543 2
17.847 54.428 257.623 1 10 3 587 4
17.847 54.428 257.623 2 10 3 587 4
17.847 54.428 257.623 3 10 3 587 4
17.847 54.428 257.623 4 10 3 587 4
351.478 134.102 215.799 5 10 3 559 2
351.478 134.102 215.799 6 10 3 559 2
351.478 134.102 215.799 7 10 3 559 2
351.478 134.102 215.799 8 10 3 559 2
351.478 134.102 215.799 9 10 3 559 2
4.843 110.528 338.233 10 10 3 541 2
4.843 110.528 338.233 11 10 3 541 2
4.843 110.528 338.233 12 10 3 541 2
129.281 105.743 238.216 13 10 3 545 2
129.281 105.743 238.216 14 10 3 545 2
129.281 105.743 238.216 15 10 3 545 2
129.281 105.743 238.216 16 10 3 545 2
315.288 80.977 153.025 17 10 3 620 1
315.288 80.977 153.025 18 10 3 620 1
315.288 80.977 153.025 19 10 3 620 1
100.707 17.508 275.840 20 10 3 518 2
223.699 85.797 21.531 21 10 3 496 2
223.699 85.797 21.531 22 10 3 496 2
242.164 54.327 337.036 23 10 3 385 1
202.061 84.583 184.257 24 10 3 573 4
202.061 84.583 184.257 25 10 3 573 4
121.250 60.963 325.030 26 10 3 502 2
64.574 100.251 169.420 27 10 3 543 2
64.574 100.251 169.420 28 10 3 543 2
64.574 100.251 169.420 29 10 3 543 2
64.574 100.251 169.420 30 10 3 543 2
17.847 54.428 257.623 1 11 3 587 4
17.847 54.428 257.623 2 11 3 587 4
17.847 54.428 257.623 3 11 3 587 4
17.847 54.428 257.623 4 11 3 587 4
351.478 134.102 215.799 5 11 3 559 2
351.478 134.102 215.799 6 11 3 559 2
351.478 134.102 215.799 7 11 3 559 2
351.478 134.102 215.799 8 11 3 559 2
351.478 134.102 215.799 9 11 3 559 2
351.478 134.102 215.799 10 11 3 559 2
4.843 110.528 338.233 11 11 3 541 2
4.843 110.528 338.233 12 11 3 541 2
129.281 105.743 238.216 13 11 3 545 2
129.281 105.743 238.216 14 11 3 545 2
129.281 105.743 238.216 15 11 3 545 2
129.281 105.743 238.216 16 11 3 545 2
84.178 96.112 239.897 17 11 3 82 1
84.178 96.112 239.897 18 11 3 82 1
180.392 162.024 222.979 19 11 3 366 1
180.392 162.024 222.979 20 11 3 366 1
41.108 104.771 221.038 21 11 3 74 1
245.408 99.837 325.843 22 11 3 234 1
245.408 99.837 325.843 23 11 3 234 1
245.408 99.837 325.843 24 11 3 234 1
121.250 60.963 325.030 25 11 3 502 2
121.250 60.963 325.030 26 11 3 502 2
121.250 60.963 325.030 27 11 3 502 2
12.876 72.135 112.095 28 11 3 517 2
12.876 72.135 112.095 29 11 3 517 2
12.876 72.135 112.095 30 11 3 517 2
17.847 54.428 257.623 1 12 3 587 4
17.847 54.428 257.623 2 12 3 587 4
234.443 108.783 37.779 3 12 3 277 1
234.443 108.783 37.779 4 12 3 277 1
351.478 134.102 215.799 5 12 3 559 2
351.478 134.102 215.799 6 12 3 559 2
351.478 134.102 215.799 7 12 3 559 2
351.478 134.102 215.799 8 12 3 559 2
351.478 134.102 215.799 9 12 3 559 2
4.145 83.079 52.130 10 12 3 576 4
4.843 110.528 338.233 11 12 3 541 2
4.843 110.528 338.233 12 12 3 541 2
129.281 105.743 238.216 13 12 3 545 2
129.281 105.743 238.216 14 12 3 545 2
129.281 105.743 238.216 15 12 3 545 2
228.526 50.276 104.202 16 12 3 571 3
84.178 96.112 239.897 17 12 3 82 1
84.178 96.112 239.897 18 12 3 82 1
180.392 162.024 222.979 19 12 3 366 1
180.392 162.024 222.979 20 12 3 366 1
41.108 104.771 221.038 21 12 3 74 1
245.408 99.837 325.843 22 12 3 234 1
245.408 99.837 325.843 23 12 3 234 1
245.408 99.837 325.843 24 12 3 234 1
149.039 123.355 51.651 25 12 3 566 2
149.039 123.355 51.651 26 12 3 566 2
149.039 123.355 51.651 27 12 3 566 2
12.876 72.135 112.095 28 12 3 517 2
12.876 72.135 112.095 29 12 3 517 2
12.876 72.135 112.095 30 12 3 517 2
17.847 54.428 257.623 1 13 3 587 4
223.512 106.544 36.710 2 13 3 590 1
234.443 108.783 37.779 3 13 3 277 1
234.443 108.783 37.779 4 13 3 277 1
351.478 134.102 215.799 5 13 3 559 2
351.478 134.102 215.799 6 13 3 559 2
351.478 134.102 215.799 7 13 3 559 2
351.478 134.102 215.799 8 13 3 559 2
4.145 83.079 52.130 9 13 3 576 4
4.145 83.079 52.130 10 13 3 576 4
4.145 83.079 52.130 11 13 3 576 4
4.145 83.079 52.130 12 13 3 576 4
129.281 105.743 238.216 13 13 3 545 2
228.526 50.276 104.202 14 13 3 571 3
228.526 50.276 104.202 15 13 3 571 3
228.526 50.276 104.202 16 13 3 571 3
228.526 50.276 104.202 17 13 3 571 3
84.178 96.112 239.897 18 13 3 82 1
228.526 50.276 104.202 19 13 3 571 3
228.526 50.276 104.202 20 13 3 571 3
228.526 50.276 104.202 21 13 3 571 3
228.526 50.276 104.202 22 13 3 571 3
245.408 99.837 325.843 23 13 3 234 1
228.526 50.276 104.202 24 13 3 571 3
228.526 50.276 104.202 25 13 3 571 3
149.039 123.355 51.651 26 13 3 566 2
149.039 123.355 51.651 27 13 3 566 2
228.526 50.276 104.202 28 13 3 571 3
158.197 76.986 200.134 29 13 3 115 1
220.301 134.207 188.347 30 13 3 135 1
223.512 106.544 36.710 1 14 3 590 1
223.512 106.544 36.710 2 14 3 590 1
223.512 106.544 36.710 3 14 3 590 1
234.443 108.783 37.779 4 14 3 277 1
351.478 134.102 215.799 5 14 3 559 2
351.478 134.102 215.799 6 14 3 559 2
351.478 134.102 215.799 7 14 3 559 2
351.478 134.102 215.799 8 14 3 559 2
4.145 83.079 52.130 9 14 3 576 4
4.145 83.079 52.130 10 14 3 576 4
4.145 83.079 52.130 11 14 3 576 4
4.145 83.079 52.130 12 14 3 576 4
4.145 83.079 52.130 13 14 3 576 4
4.145 83.079 52.130 14 14 3 576 4
228.526 50.276 104.202 15 14 3 571 3
228.526 50.276 104.202 16 14 3 571 3
228.526 50.276 104.202 17 14 3 571 3
228.526 50.276 104.202 18 14 3 571 3
228.526 50.276 104.202 19 14 3 571 3
228.526 50.276 104.202 20 14 3 571 3
228.526 50.276 104.202 21 14 3 571 3
228.526 50.276 104.202 22 14 3 571 3
228.526 50.276 104.202 23 14 3 571 3
228.526 50.276 104.202 24 14 3 571 3
228.526 50.276 104.202 25 14 3 571 3
228.526 50.276 104.202 26 14 3 571 3
228.526 50.276 104.202 27 14 3 571 3
228.526 50.276 104.202 28 14 3 571 3
228.526 50.276 104.202 29 14 3 571 3
220.301 134.207 188.347 30 14 3 135 1
223.512 106.544 36.710 1 15 3 590 1
223.512 106.544 36.710 2 15 3 590 1
223.512 106.544 36.710 3 15 3 590 1
234.443 108.783 37.779 4 15 3 277 1
351.478 134.102 215.799 5 15 3 559 2
351.478 134.102 215.799 6 15 3 559 2
351.478 134.102 215.799 7 15 3 559 2
351.478 134.102 215.799 8 15 3 559 2
4.145 83.079 52.130 9 15 3 576 4
4.145 83.079 52.130 10 15 3 576 4
4.145 83.079 52.130 11 15 3 576 4
4.145 83.079 52.130 12 15 3 576 4
4.145 83.079 52.130 13 15 3 576 4
4.145 83.079 52.130 14 15 3 576 4
228.526 50.276 104.202 15 15 3 571 3
228.526 50.276 104.202 16 15 3 571 3
228.526 50.276 104.202 17 15 3 571 3
228.526 50.276 104.202 18 15 3 571 3
228.526 50.276 104.202 19 15 3 571 3
303.949 62.105 178.000 20 15 3 149 1
228.526 50.276 104.202 21 15 3 571 3
228.526 50.276 104.202 22 15 3 571 3
228.526 50.276 104.202 23 15 3 571 3
228.526 50.276 104.202 24 15 3 571 3
228.526 50.276 104.202 25 15 3 571 3
228.526 50.276 104.202 26 15 3 571 3
228.526 50.276 104.202 27 15 3 571 3
228.526 50.276 104.202 28 15 3 571 3
228.526 50.276 104.202 29 15 3 571 3
220.301 134.207 188.347 30 15 3 135 1
223.512 106.544 36.710 1 16 3 590 1
223.512 106.544 36.710 2 16 3 590 1
223.512 106.544 36.710 3 16 3 590 1
223.512 106.544 36.710 4 16 3 590 1
351.478 134.102 215.799 5 16 3 559 2
351.478 134.102 215.799 6 16 3 559 2
351.478 134.102 215.799 7 16 3 559 2
351.478 134.102 215.799 8 16 3 559 2
351.478 134.102 215.799 9 16 3 559 2
4.145 83.079 52.130 10 16 3 576 4
4.145 83.079 52.130 11 16 3 576 4
4.145 83.079 52.130 12 16 3 576 4
4.145 83.079 52.130 13 16 3 576 4
228.526 50.276 104.202 14 16 3 571 3
228.526 50.276 104.202 15 16 3 571 3
228.526 50.276 104.202 16 16 3 571 3
228.526 50.276 104.202 17 16 3 571 3
6.180 88.872 294.431 18 16 3 273 1
228.526 50.276 104.202 19 16 3 571 3
87.761 79.161 19.937 20 16 3 508 2
228.526 50.276 104.202 21 16 3 571 3
228.526 50.276 104.202 22 16 3 571 3
20.217 137.381 230.458 23 16 3 132 1
228.526 50.276 104.202 24 16 3 571 3
228.526 50.276 104.202 25 16 3 571 3
228.526 50.276 104.202 26 16 3 571 3
228.526 50.276 104.202 27 16 3 571 3
228.526 50.276 104.202 28 16 3 571 3
228.526 50.276 104.202 29 16 3 571 3
228.526 50.276 104.202 30 16 3 571 3
223.512 106.544 36.710 1 17 3 590 1
223.512 106.544 36.710 2 17 3 590 1
223.512 106.544 36.710 3 17 3 590 1
223.512 106.544 36.710 4 17 3 590 1
351.478 134.102 215.799 5 17 3 559 2
351.478 134.102 215.799 6 17 3 559 2
351.478 134.102 215.799 7 17 3 559 2
351.478 134.102 215.799 8 17 3 559 2
351.478 134.102 215.799 9 17 3 559 2
4.145 83.079 52.130 10 17 3 576 4
4.145 83.079 52.130 11 17 3 576 4
4.145 83.079 52.130 12 17 3 576 4
228.526 50.276 104.202 13 17 3 571 3
228.526 50.276 104.202 14 17 3 571 3
228.526 50.276 104.202 15 17 3 571 3
228.526 50.276 104.202 16 17 3 571 3
228.526 50.276 104.202 17 17 3 571 3
6.180 88.872 294.431 18 17 3 273 1
228.526 50.276 104.202 19 17 3 571 3
228.526 50.276 104.202 20 17 3 571 3
228.526 50.276 104.202 21 17 3 571 3
228.526 50.276 104.202 22 17 3 571 3
228.526 50.276 104.202 23 17 3 571 3
228.526 50.276 104.202 24 17 3 571 3
228.526 50.276 104.202 25 17 3 571 3
228.526 50.276 104.202 26 17 3 571 3
228.526 50.276 104.202 27 17 3 571 3
228.526 50.276 104.202 28 17 3 571 3
228.526 50.276 104.202 29 17 3 571 3
228.526 50.276 104.202 30 17 3 571 3
223.512 106.544 36.710 1 18 3 590 1
223.512 106.544 36.710 2 18 3 590 1
223.512 106.544 36.710 3 18 3 590 1
223.512 106.544 36.710 4 18 3 590 1
351.478 134.102 215.799 5 18 3 559 2
351.478 134.102 215.799 6 18 3 559 2
351.478 134.102 215.799 7 18 3 559 2
137.173 92.351 131.053 8 18 3 626 1
137.173 92.351 131.053 9 18 3 626 1
137.173 92.351 131.053 10 18 3 626 1
4.145 83.079 52.130 11 18 3 576 4
228.526 50.276 104.202 12 18 3 571 3
228.526 50.276 104.202 13 18 3 571 3
228.526 50.276 104.202 14 18 3 571 3
228.526 50.276 104.202 15 18 3 571 3
228.526 50.276 104.202 16 18 3 571 3
228.526 50.276 104.202 17 18 3 571 3
209.346 93.422 129.059 18 18 3 563 2
228.526 50.276 104.202 19 18 3 571 3
228.526 50.276 104.202 20 18 3 571 3
228.526 50.276 104.202 21 18 3 571 3
228.526 50.276 104.202 22 18 3 571 3
228.526 50.276 104.202 23 18 3 571 3
110.813 97.989 164.639 24 18 3 599 1
228.526 50.276 104.202 25 18 3 571 3
228.526 50.276 104.202 26 18 3 571 3
187.672 30.062 306.380 27 18 3 372 1
228.526 50.276 104.202 28 18 3 571 3
228.526 50.276 104.202 29 18 3 571 3
228.526 50.276 104.202 30 18 3 571 3
223.512 106.544 36.710 1 19 3 590 1
223.512 106.544 36.710 2 19 3 590 1
223.512 106.544 36.710 3 19 3 590 1
223.512 106.544 36.710 4 19 3 590 1
351.478 134.102 215.799 5 19 3 559 2
351.478 134.102 215.799 6 19 3 559 2
351.478 134.102 215.799 7 19 3 559 2
137.173 92.351 131.053 8 19 3 626 1
137.173 92.351 131.053 9 19 3 626 1
306.910 115.738 280.187 10 19 3 239 1
306.910 115.738 280.187 11 19 3 239 1
70.370 131.690 149.965 12 19 3 588 1
228.526 50.276 104.202 13 19 3 571 3
228.526 50.276 104.202 14 19 3 571 3
228.526 50.276 104.202 15 19 3 571 3
228.526 50.276 104.202 16 19 3 571 3
228.526 50.276 104.202 17 19 3 571 3
228.526 50.276 104.202 18 19 3 571 3
228.526 50.276 104.202 19 19 3 571 3
228.526 50.276 104.202 20 19 3 571 3
228.526 50.276 104.202 21 19 3 571 3
228.526 50.276 104.202 22 19 3 571 3
228.526 50.276 104.202 23 19 3 571 3
110.813 97.989 164.639 24 19 3 599 1
228.526 50.276 104.202 25 19 3 571 3
228.526 50.276 104.202 26 19 3 571 3
187.672 30.062 306.380 27 19 3 372 1
228.526 50.276 104.202 28 19 3 571 3
228.526 50.276 104.202 29 19 3 571 3
228.526 50.276 104.202 30 19 3 571 3
85.884 58.871 276.432 1 20 3 312 1
85.884 58.871 276.432 2 20 3 312 1
85.884 58.871 276.432 3 20 3 312 1
85.884 58.871 276.432 4 20 3 312 1
227.748 33.404 230.175 5 20 3 250 1
227.748 33.404 230.175 6 20 3 250 1
351.478 134.102 215.799 7 20 3 559 2
137.173 92.351 131.053 8 20 3 626 1
137.173 92.351 131.053 9 20 3 626 1
306.910 115.738 280.187 10 20 3 239 1
306.910 115.738 280.187 11 20 3 239 1
70.370 131.690 149.965 12 20 3 588 1
102.191 125.469 126.377 13 20 3 565 2
102.191 125.469 126.377 14 20 3 565 2
228.526 50.276 104.202 15 20 3 571 3
260.654 157.573 129.379 16 20 3 180 1
260.654 157.573 129.379 17 20 3 180 1
228.526 50.276 104.202 18 20 3 571 3
228.526 50.276 104.202 19 20 3 571 3
228.526 50.276 104.202 20 20 3 571 3
228.526 50.276 104.202 21 20 3 571 3
228.526 50.276 104.202 22 20 3 571 3
228.526 50.276 104.202 23 20 3 571 3
228.526 50.276 104.202 24 20 3 571 3
105.709 36.264 192.500 25 20 3 296 1
105.709 36.264 192.500 26 20 3 296 1
187.672 30.062 306.380 27 20 3 372 1
228.526 50.276 104.202 28 20 3 571 3
228.526 50.276 104.202 29 20 3 571 3
228.526 50.276 104.202 30 20 3 571 3
85.884 58.871 276.432 1 21 3 312 1
38.921 144.145 34.682 2 21 3 575 4
38.921 144.145 34.682 3 21 3 575 4
38.921 144.145 34.682 4 21 3 575 4
38.921 144.145 34.682 5 21 3 575 4
38.921 144.145 34.682 6 21 3 575 4
38.921 144.145 34.682 7 21 3 575 4
137.173 92.351 131.053 8 21 3 626 1
306.910 115.738 280.187 9 21 3 239 1
306.910 115.738 280.187 10 21 3 239 1
306.910 115.738 280.187 11 21 3 239 1
70.370 131.690 149.965 12 21 3 588 1
70.370 131.690 149.965 13 21 3 588 1
102.191 125.469 126.377 14 21 3 565 2
16.880 127.157 39.826 15 21 3 554 2
260.654 157.573 129.379 16 21 3 180 1
266.562 129.832 224.921 17 21 3 329 1
266.562 129.832 224.921 18 21 3 329 1
228.526 50.276 104.202 19 21 3 571 3
228.526 50.276 104.202 20 21 3 571 3
228.526 50.276 104.202 21 21 3 571 3
228.526 50.276 104.202 22 21 3 571 3
228.526 50.276 104.202 23 21 3 571 3
323.605 129.572 60.590 24 21 3 46 1
105.709 36.264 192.500 25 21 3 296 1
105.709 36.264 192.500 26 21 3 296 1
228.526 50.276 104.202 27 21 3 571 3
228.526 50.276 104.202 28 21 3 571 3
228.526 50.276 104.202 29 21 3 571 3
246.743 67.304 86.361 30 21 3 542 2
38.921 144.145 34.682 1 22 3 575 4
38.921 144.145 34.682 2 22 3 575 4
38.921 144.145 34.682 3 22 3 575 4
38.921 144.145 34.682 4 22 3 575 4
38.921 144.145 34.682 5 22 3 575 4
38.921 144.145 34.682 6 22 3 575 4
38.921 144.145 34.682 7 22 3 575 4
139.076 146.789 223.340 8 22 3 64 1
139.076 146.789 223.340 9 22 3 64 1
306.910 115.738 280.187 10 22 3 239 1
306.910 115.738 280.187 11 22 3 239 1
70.370 131.690 149.965 12 22 3 588 1
238.435 140.492 37.903 13 22 3 585 4
238.435 140.492 37.903 14 22 3 585 4
16.880 127.157 39.826 15 22 3 554 2
16.880 127.157 39.826 16 22 3 554 2
228.526 50.276 104.202 17 22 3 571 3
228.526 50.276 104.202 18 22 3 571 3
228.526 50.276 104.202 19 22 3 571 3
310.190 131.311 78.739 20 22 3 492 2
39.122 126.739 206.921 21 22 3 520 2
228.526 50.276 104.202 22 22 3 571 3
228.526 50.276 104.202 23 22 3 571 3
323.605 129.572 60.590 24 22 3 46 1
228.526 50.276 104.202 25 22 3 571 3
228.526 50.276 104.202 26 22 3 571 3
228.526 50.276 104.202 27 22 3 571 3
228.526 50.276 104.202 28 22 3 571 3
246.743 67.304 86.361 29 22 3 542 2
246.743 67.304 86.361 30 22 3 542 2
38.921 144.145 34.682 1 23 3 575 4
38.921 144.145 34.682 2 23 3 575 4
38.921 144.145 34.682 3 23 3 575 4
38.921 144.145 34.682 4 23 3 575 4
38.921 144.145 34.682 5 23 3 575 4
38.921 144.145 34.682 6 23 3 575 4
38.921 144.145 34.682 7 23 3 575 4
139.076 146.789 223.340 8 23 3 64 1
139.076 146.789 223.340 9 23 3 64 1
306.910 115.738 280.187 10 23 3 239 1
238.435 140.492 37.903 11 23 3 585 4
238.435 140.492 37.903 12 23 3 585 4
238.435 140.492 37.903 13 23 3 585 4
238.435 140.492 37.903 14 23 3 585 4
16.880 127.157 39.826 15 23 3 554 2
16.880 127.157 39.826 16 23 3 554 2
16.880 127.157 39.826 17 23 3 554 2
228.526 50.276 104.202 18 23 3 571 3
228.526 50.276 104.202 19 23 3 571 3
39.122 126.739 206.921 20 23 3 520 2
39.122 126.739 206.921 21 23 3 520 2
39.122 126.739 206.921 22 23 3 520 2
228.526 50.276 104.202 23 23 3 571 3
228.526 50.276 104.202 24 23 3 571 3
228.526 50.276 104.202 25 23 3 571 3
228.526 50.276 104.202 26 23 3 571 3
228.526 50.276 104.202 27 23 3 571 3
246.743 67.304 86.361 28 23 3 542 2
246.743 67.304 86.361 29 23 3 542 2
246.743 67.304 86.361 30 23 3 542 2
38.921 144.145 34.682 1 24 3 575 4
38.921 144.145 34.682 2 24 3 575 4
38.921 144.145 34.682 3 24 3 575 4
38.921 144.145 34.682 4 24 3 575 4
38.921 144.145 34.682 5 24 3 575 4
38.921 144.145 34.682 6 24 3 575 4
38.921 144.145 34.682 7 24 3 575 4
38.921 144.145 34.682 8 24 3 575 4
38.921 144.145 34.682 9 24 3 575 4
272.481 58.192 319.944 10 24 3 59 1
272.481 58.192 319.944 11 24 3 59 1
272.481 58.192 319.944 12 24 3 59 1
238.435 140.492 37.903 13 24 3 585 4
238.435 140.492 37.903 14 24 3 585 4
238.435 140.492 37.903 15 24 3 585 4
16.880 127.157 39.826 16 24 3 554 2
16.880 127.157 39.826 17 24 3 554 2
238.435 140.492 37.903 18 24 3 585 4
228.526 50.276 104.202 19 24 3 571 3
39.122 126.739 206.921 20 24 3 520 2
39.122 126.739 206.921 21 24 3 520 2
39.122 126.739 206.921 22 24 3 520 2
26.810 115.891 229.926 23 24 3 560 2
228.526 50.276 104.202 24 24 3 571 3
228.526 50.276 104.202 25 24 3 571 3
228.526 50.276 104.202 26 24 3 571 3
228.526 50.276 104.202 27 24 3 571 3
246.743 67.304 86.361 28 24 3 542 2
246.743 67.304 86.361 29 24 3 542 2
246.743 67.304 86.361 30 24 3 542 2
38.921 144.145 34.682 1 25 3 575 4
38.921 144.145 34.682 2 25 3 575 4
38.921 144.145 34.682 3 25 3 575 4
38.921 144.145 34.682 4 25 3 575 4
38.921 144.145 34.682 5 25 3 575 4
38.921 144.145 34.682 6 25 3 575 4
38.921 144.145 34.682 7 25 3 575 4
38.921 144.145 34.682 8 25 3 575 4
38.921 144.145 34.682 9 25 3 575 4
272.481 58.192 319.944 10 25 3 59 1
272.481 58.192 319.944 11 25 3 59 1
272.481 58.192 319.944 12 25 3 59 1
272.481 58.192 319.944 13 25 3 59 1
238.435 140.492 37.903 14 25 3 585 4
238.435 140.492 37.903 15 25 3 585 4
16.880 127.157 39.826 16 25 3 554 2
16.880 127.157 39.826 17 25 3 554 2
238.435 140.492 37.903 18 25 3 585 4
238.435 140.492 37.903 19 25 3 585 4
144.748 167.251 322.201 20 25 3 579 4
39.122 126.739 206.921 21 25 3 520 2
26.810 115.891 229.926 22 25 3 560 2
26.810 115.891 229.926 23 25 3 560 2
26.810 115.891 229.926 24 25 3 560 2
144.748 167.251 322.201 25 25 3 579 4
144.748 167.251 322.201 26 25 3 579 4
259.667 100.046 266.102 27 25 3 156 1
259.667 100.046 266.102 28 25 3 156 1
55.344 84.851 306.870 29 25 3 513 2
55.344 84.851 306.870 30 25 3 513 2
38.921 144.145 34.682 1 26 3 575 4
38.921 144.145 34.682 2 26 3 575 4
38.921 144.145 34.682 3 26 3 575 4
38.921 144.145 34.682 4 26 3 575 4
38.921 144.145 34.682 5 26 3 575 4
38.921 144.145 34.682 6 26 3 575 4
38.921 144.145 34.682 7 26 3 575 4
38.921 144.145 34.682 8 26 3 575 4
318.203 137.072 288.614 9 26 3 378 1
142.115 137.556 322.519 10 26 3 68 1
106.973 116.443 208.137 11 26 3 578 4
272.481 58.192 319.944 12 26 3 59 1
199.580 124.313 248.933 13 26 3 497 2
199.580 124.313 248.933 14 26 3 497 2
0.051 65.304 40.149 15 26 3 467 2
0.051 65.304 40.149 16 26 3 467 2
0.051 65.304 40.149 17 26 3 467 2
238.435 140.492 37.903 18 26 3 585 4
238.435 140.492 37.903 19 26 3 585 4
144.748 167.251 322.201 20 26 3 579 4
144.748 167.251 322.201 21 26 3 579 4
26.810 115.891 229.926 22 26 3 560 2
233.243 46.268 308.765 23 26 3 52 1
233.243 46.268 308.765 24 26 3 52 1
233.243 46.268 308.765 25 26 3 52 1
233.243 46.268 308.765 26 26 3 52 1
259.667 100.046 266.102 27 26 3 156 1
259.667 100.046 266.102 28 26 3 156 1
259.667 100.046 266.102 29 26 3 156 1
55.344 84.851 306.870 30 26 3 513 2
38.921 144.145 34.682 1 27 3 575 4
38.921 144.145 34.682 2 27 3 575 4
38.921 144.145 34.682 3 27 3 575 4
38.921 144.145 34.682 4 27 3 575 4
38.921 144.145 34.682 5 27 3 575 4
38.921 144.145 34.682 6 27 3 575 4
38.921 144.145 34.682 7 27 3 575 4
318.203 137.072 288.614 8 27 3 378 1
318.203 137.072 288.614 9 27 3 378 1
106.973 116.443 208.137 10 27 3 578 4
106.973 116.443 208.137 11 27 3 578 4
106.973 116.443 208.137 12 27 3 578 4
199.580 124.313 248.933 13 27 3 497 2
199.580 124.313 248.933 14 27 3 497 2
0.051 65.304 40.149 15 27 3 467 2
0.051 65.304 40.149 16 27 3 467 2
0.051 65.304 40.149 17 27 3 467 2
0.051 65.304 40.149 18 27 3 467 2
0.051 65.304 40.149 19 27 3 467 2
246.676 50.440 144.022 20 27 3 309 1
246.676 50.440 144.022 21 27 3 309 1
246.676 50.440 144.022 22 27 3 309 1
233.243 46.268 308.765 23 27 3 52 1
233.243 46.268 308.765 24 27 3 52 1
233.243 46.268 308.765 25 27 3 52 1
233.243 46.268 308.765 26 27 3 52 1
59.784 78.525 46.812 27 27 3 325 1
59.784 78.525 46.812 28 27 3 325 1
59.784 78.525 46.812 29 27 3 325 1
59.784 78.525 46.812 30 27 3 325 1
267.715 135.781 115.540 1 28 3 485 2
267.715 135.781 115.540 2 28 3 485 2
267.715 135.781 115.540 3 28 3 485 2
267.715 135.781 115.540 4 28 3 485 2
38.921 144.145 34.682 5 28 3 575 4
38.921 144.145 34.682 6 28 3 575 4
318.203 137.072 288.614 7 28 3 378 1
318.203 137.072 288.614 8 28 3 378 1
318.203 137.072 288.614 9 28 3 378 1
173.533 132.146 131.732 10 28 3 221 1
173.533 132.146 131.732 11 28 3 221 1
106.973 116.443 208.137 12 28 3 578 4
106.973 116.443 208.137 13 28 3 578 4
199.580 124.313 248.933 14 28 3 497 2
0.051 65.304 40.149 15 28 3 467 2
0.051 65.304 40.149 16 28 3 467 2
0.051 65.304 40.149 17 28 3 467 2
0.051 65.304 40.149 18 28 3 467 2
0.051 65.304 40.149 19 28 3 467 2
246.676 50.440 144.022 20 28 3 309 1
246.676 50.440 144.022 21 28 3 309 1
246.676 50.440 144.022 22 28 3 309 1
246.676 50.440 144.022 23 28 3 309 1
233.243 46.268 308.765 24 28 3 52 1
33.475 20.984 151.172 25 28 3 84 1
33.475 20.984 151.172 26 28 3 84 1
59.784 78.525 46.812 27 28 3 325 1
59.784 78.525 46.812 28 28 3 325 1
59.784 78.525 46.812 29 28 3 325 1
59.784 78.525 46.812 30 28 3 325 1
267.715 135.781 115.540 1 29 3 485 2
267.715 135.781 115.540 2 29 3 485 2
267.715 135.781 115.540 3 29 3 485 2
267.715 135.781 115.540 4 29 3 485 2
267.715 135.781 115.540 5 29 3 485 2
95.598 99.281 113.432 6 29 3 561 2
95.598 99.281 113.432 7 29 3 561 2
95.598 99.281 113.432 8 29 3 561 2
14.760 107.433 232.019 9 29 3 336 1
173.533 132.146 131.732 10 29 3 221 1
173.533 132.146 131.732 11 29 3 221 1
173.533 132.146 131.732 12 29 3 221 1
173.533 132.146 131.732 13 29 3 221 1
199.580 124.313 248.933 14 29 3 497 2
0.051 65.304 40.149 15 29 3 467 2
0.051 65.304 40.149 16 29 3 467 2
0.051 65.304 40.149 17 29 3 467 2
0.051 65.304 40.149 18 29 3 467 2
0.051 65.304 40.149 19 29 3 467 2
246.676 50.440 144.022 20 29 3 309 1
246.676 50.440 144.022 21 29 3 309 1
246.676 50.440 144.022 22 29 3 309 1
246.676 50.440 144.022 23 29 3 309 1
246.676 50.440 144.022 24 29 3 309 1
33.475 20.984 151.172 25 29 3 84 1
33.475 20.984 151.172 26 29 3 84 1
33.475 20.984 151.172 27 29 3 84 1
59.784 78.525 46.812 28 29 3 325 1
59.784 78.525 46.812 29 29 3 325 1
59.784 78.525 46.812 30 29 3 325 1
267.715 135.781 115.540 1 30 3 485 2
267.715 135.781 115.540 2 30 3 485 2
267.715 135.781 115.540 3 30 3 485 2
267.715 135.781 115.540 4 30 3 485 2
267.715 135.781 115.540 5 30 3 485 2
95.598 99.281 113.432 6 30 3 561 2
95.598 99.281 113.432 7 30 3 561 2
14.760 107.433 232.019 8 30 3 336 1
14.760 107.433 232.019 9 30 3 336 1
14.760 107.433 232.019 10 30 3 336 1
173.533 132.146 131.732 11 30 3 221 1
173.533 132.146 131.732 12 30 3 221 1
173.533 132.146 131.732 13 30 3 221 1
173.533 132.146 131.732 14 30 3 221 1
0.051 65.304 40.149 15 30 3 467 2
0.051 65.304 40.149 16 30 3 467 2
0.051 65.304 40.149 17 30 3 467 2
0.051 65.304 40.149 18 30 3 467 2
246.676 50.440 144.022 19 30 3 309 1
246.676 50.440 144.022 20 30 3 309 1
246.676 50.440 144.022 21 30 3 309 1
246.676 50.440 144.022 22 30 3 309 1
246.676 50.440 144.022 23 30 3 309 1
246.676 50.440 144.022 24 30 3 309 1
33.475 20.984 151.172 25 30 3 84 1
33.475 20.984 151.172 26 30 3 84 1
33.475 20.984 151.172 27 30 3 84 1
33.475 20.984 151.172 28 30 3 84 1
59.784 78.525 46.812 29 30 3 325 1
59.784 78.525 46.812 30 30 3 325 1
