17.847 54.428 257.623 1 1 9 587 4
17.847 54.428 257.623 2 1 9 587 4
17.847 54.428 257.623 3 1 9 587 4
17.847 54.428 257.623 4 1 9 587 4
17.847 54.428 257.623 5 1 9 587 4
17.847 54.428 257.623 6 1 9 587 4
17.847 54.428 257.623 7 1 9 587 4
17.847 54.428 257.623 8 1 9 587 4
25.999 28.172 123.131 9 1 9 564 2
25.999 28.172 123.131 10 1 9 564 2
127.012 108.413 268.461 11 1 9 435 1
127.012 108.413 268.461 12 1 9 435 1
127.012 108.413 268.461 13 1 9 435 1
297.333 41.979 284.201 14 1 9 493 2
170.546 61.801 191.164 15 1 9 260 1
122.879 60.630 26.768 16 1 9 534 2
122.879 60.630 26.768 17 1 9 534 2
122.879 60.630 26.768 18 1 9 534 2
122.879 60.630 26.768 19 1 9 534 2
202.061 84.583 184.257 20 1 9 573 4
202.061 84.583 184.257 21 1 9 573 4
34.361 115.539 105.912 22 1 9 45 1
34.361 115.539 105.912 23 1 9 45 1
34.361 115.539 105.912 24 1 9 45 1
34.361 115.539 105.912 25 1 9 45 1
34.361 115.539 105.912 26 1 9 45 1
206.248 147.349 322.488 27 1 9 581 4
206.248 147.349 322.488 28 1 9 581 4
206.248 147.349 322.488 29 1 9 581 4
206.248 147.349 322.488 30 1 9 581 4
17.847 54.428 257.623 1 2 9 587 4
17.847 54.428 257.623 2 2 9 587 4
17.847 54.428 257.623 3 2 9 587 4
17.847 54.428 257.623 4 2 9 587 4
17.847 54.428 257.623 5 2 9 587 4
17.847 54.428 257.623 6 2 9 587 4
17.847 54.428 257.623 7 2 9 587 4
17.847 54.428 257.623 8 2 9 587 4
25.999 28.172 123.131 9 2 9 564 2
25.999 28.172 123.131 10 2 9 564 2
127.012 108.413 268.461 11 2 9 435 1
297.333 41.979 284.201 12 2 9 493 2
297.333 41.979 284.201 13 2 9 493 2
297.333 41.979 284.201 14 2 9 493 2
170.546 61.801 191.164 15 2 9 260 1
122.879 60.630 26.768 16 2 9 534 2
122.879 60.630 26.768 17 2 9 534 2
122.879 60.630 26.768 18 2 9 534 2
122.879 60.630 26.768 19 2 9 534 2
202.061 84.583 184.257 20 2 9 573 4
202.061 84.583 184.257 21 2 9 573 4
202.061 84.583 184.257 22 2 9 573 4
34.361 115.539 105.912 23 2 9 45 1
34.361 115.539 105.912 24 2 9 45 1
34.361 115.539 105.912 25 2 9 45 1
34.361 115.539 105.912 26 2 9 45 1
206.248 147.349 322.488 27 2 9 581 4
206.248 147.349 322.488 28 2 9 581 4
206.248 147.349 322.488 29 2 9 581 4
206.248 147.349 322.488 30 2 9 581 4
17.847 54.428 257.623 1 3 9 587 4
17.847 54.428 257.623 2 3 9 587 4
17.847 54.428 257.623 3 3 9 587 4
17.847 54.428 257.623 4 3 9 587 4
17.847 54.428 257.623 5 3 9 587 4
17.847 54.428 257.623 6 3 9 587 4
17.847 54.428 257.623 7 3 9 587 4
25.999 28.172 123.131 8 3 9 564 2
25.999 28.172 123.131 9 3 9 564 2
25.999 28.172 123.131 10 3 9 564 2
25.999 28.172 123.131 11 3 9 564 2
297.333 41.979 284.201 12 3 9 493 2
297.333 41.979 284.201 13 3 9 493 2
297.333 41.979 284.201 14 3 9 493 2
170.546 61.801 191.164 15 3 9 260 1
122.879 60.630 26.768 16 3 9 534 2
122.879 60.630 26.768 17 3 9 534 2
0.616 10.754 64.589 18 3 9 380 1
127.151 49.450 7.329 19 3 9 17 1
202.061 84.583 184.257 20 3 9 573 4
202.061 84.583 184.257 21 3 9 573 4
202.061 84.583 184.257 22 3 9 573 4
34.361 115.539 105.912 23 3 9 45 1
34.361 115.539 105.912 24 3 9 45 1
34.361 115.539 105.912 25 3 9 45 1
34.361 115.539 105.912 26 3 9 45 1
206.248 147.349 322.488 27 3 9 581 4
206.248 147.349 322.488 28 3 9 581 4
206.248 147.349 322.488 29 3 9 581 4
206.248 147.349 322.488 30 3 9 581 4
17.847 54.428 257.623 1 4 9 587 4
17.847 54.428 257.623 2 4 9 587 4
17.847 54.428 257.623 3 4 9 587 4
17.847 54.428 257.623 4 4 9 587 4
17.847 54.428 257.623 5 4 9 587 4
17.847 54.428 257.623 6 4 9 587 4
17.847 54.428 257.623 7 4 9 587 4
25.999 28.172 123.131 8 4 9 564 2
25.999 28.172 123.131 9 4 9 564 2
25.999 28.172 123.131 10 4 9 564 2
25.999 28.172 123.131 11 4 9 564 2
297.333 41.979 284.201 12 4 9 493 2
297.333 41.979 284.201 13 4 9 493 2
297.333 41.979 284.201 14 4 9 493 2
297.333 41.979 284.201 15 4 9 493 2
222.117 117.352 235.791 16 4 9 547 2
0.616 10.754 64.589 17 4 9 380 1
0.616 10.754 64.589 18 4 9 380 1
127.151 49.450 7.329 19 4 9 17 1
127.151 49.450 7.329 20 4 9 17 1
202.061 84.583 184.257 21 4 9 573 4
202.061 84.583 184.257 22 4 9 573 4
202.061 84.583 184.257 23 4 9 573 4
34.361 115.539 105.912 24 4 9 45 1
225.986 134.113 168.263 25 4 9 359 1
225.986 134.113 168.263 26 4 9 359 1
225.986 134.113 168.263 27 4 9 359 1
206.248 147.349 322.488 28 4 9 581 4
206.248 147.349 322.488 29 4 9 581 4
206.248 147.349 322.488 30 4 9 581 4
17.847 54.428 257.623 1 5 9 587 4
17.847 54.428 257.623 2 5 9 587 4
17.847 54.428 257.623 3 5 9 587 4
17.847 54.428 257.623 4 5 9 587 4
17.847 54.428 257.623 5 5 9 587 4
17.847 54.428 257.623 6 5 9 587 4
17.847 54.428 257.623 7 5 9 587 4
25.999 28.172 123.131 8 5 9 564 2
25.999 28.172 123.131 9 5 9 564 2
25.999 28.172 123.131 10 5 9 564 2
25.999 28.172 123.131 11 5 9 564 2
297.333 41.979 284.201 12 5 9 493 2
297.333 41.979 284.201 13 5 9 493 2
297.333 41.979 284.201 14 5 9 493 2
297.333 41.979 284.201 15 5 9 493 2
222.117 117.352 235.791 16 5 9 547 2
14.115 99.103 215.330 17 5 9 232 1
14.115 99.103 215.330 18 5 9 232 1
127.151 49.450 7.329 19 5 9 17 1
127.151 49.450 7.329 20 5 9 17 1
202.061 84.583 184.257 21 5 9 573 4
202.061 84.583 184.257 22 5 9 573 4
202.061 84.583 184.257 23 5 9 573 4
202.061 84.583 184.257 24 5 9 573 4
225.986 134.113 168.263 25 5 9 359 1
225.986 134.113 168.263 26 5 9 359 1
206.248 147.349 322.488 27 5 9 581 4
206.248 147.349 322.488 28 5 9 581 4
206.248 147.349 322.488 29 5 9 581 4
206.248 147.349 322.488 30 5 9 581 4
17.847 54.428 257.623 1 6 9 587 4
17.847 54.428 257.623 2 6 9 587 4
17.847 54.428 257.623 3 6 9 587 4
17.847 54.428 257.623 4 6 9 587 4
17.847 54.428 257.623 5 6 9 587 4
17.847 54.428 257.623 6 6 9 587 4
17.847 54.428 257.623 7 6 9 587 4
17.847 54.428 257.623 8 6 9 587 4
17.847 54.428 257.623 9 6 9 587 4
17.847 54.428 257.623 10 6 9 587 4
25.999 28.172 123.131 11 6 9 564 2
297.810 76.412 288.114 12 6 9 535 2
297.810 76.412 288.114 13 6 9 535 2
297.810 76.412 288.114 14 6 9 535 2
222.117 117.352 235.791 15 6 9 547 2
222.117 117.352 235.791 16 6 9 547 2
14.115 99.103 215.330 17 6 9 232 1
14.115 99.103 215.330 18 6 9 232 1
14.115 99.103 215.330 19 6 9 232 1
228.526 50.276 104.202 20 6 9 571 3
228.526 50.276 104.202 21 6 9 571 3
202.061 84.583 184.257 22 6 9 573 4
202.061 84.583 184.257 23 6 9 573 4
202.061 84.583 184.257 24 6 9 573 4
165.623 146.431 223.118 25 6 9 461 1
165.623 146.431 223.118 26 6 9 461 1
206.248 147.349 322.488 27 6 9 581 4
206.248 147.349 322.488 28 6 9 581 4
206.248 147.349 322.488 29 6 9 581 4
206.248 147.349 322.488 30 6 9 581 4
17.847 54.428 257.623 1 7 9 587 4
17.847 54.428 257.623 2 7 9 587 4
17.847 54.428 257.623 3 7 9 587 4
17.847 54.428 257.623 4 7 9 587 4
17.847 54.428 257.623 5 7 9 587 4
17.847 54.428 257.623 6 7 9 587 4
17.847 54.428 257.623 7 7 9 587 4
17.847 54.428 257.623 8 7 9 587 4
17.847 54.428 257.623 9 7 9 587 4
17.847 54.428 257.623 10 7 9 587 4
17.847 54.428 257.623 11 7 9 587 4
297.810 76.412 288.114 12 7 9 535 2
297.810 76.412 288.114 13 7 9 535 2
297.810 76.412 288.114 14 7 9 535 2
228.526 50.276 104.202 15 7 9 571 3
228.526 50.276 104.202 16 7 9 571 3
89.887 141.142 248.195 17 7 9 166 1
14.115 99.103 215.330 18 7 9 232 1
228.526 50.276 104.202 19 7 9 571 3
228.526 50.276 104.202 20 7 9 571 3
228.526 50.276 104.202 21 7 9 571 3
228.526 50.276 104.202 22 7 9 571 3
228.526 50.276 104.202 23 7 9 571 3
228.526 50.276 104.202 24 7 9 571 3
165.623 146.431 223.118 25 7 9 461 1
228.526 50.276 104.202 26 7 9 571 3
228.526 50.276 104.202 27 7 9 571 3
206.248 147.349 322.488 28 7 9 581 4
206.248 147.349 322.488 29 7 9 581 4
206.248 147.349 322.488 30 7 9 581 4
17.847 54.428 257.623 1 8 9 587 4
17.847 54.428 257.623 2 8 9 587 4
17.847 54.428 257.623 3 8 9 587 4
17.847 54.428 257.623 4 8 9 587 4
17.847 54.428 257.623 5 8 9 587 4
17.847 54.428 257.623 6 8 9 587 4
17.847 54.428 257.623 7 8 9 587 4
17.847 54.428 257.623 8 8 9 587 4
17.847 54.428 257.623 9 8 9 587 4
17.847 54.428 257.623 10 8 9 587 4
228.526 50.276 104.202 11 8 9 571 3
297.810 76.412 288.114 12 8 9 535 2
297.810 76.412 288.114 13 8 9 535 2
297.810 76.412 288.114 14 8 9 535 2
228.526 50.276 104.202 15 8 9 571 3
228.526 50.276 104.202 16 8 9 571 3
89.887 141.142 248.195 17 8 9 166 1
228.526 50.276 104.202 18 8 9 571 3
228.526 50.276 104.202 19 8 9 571 3
228.526 50.276 104.202 20 8 9 571 3
228.526 50.276 104.202 21 8 9 571 3
228.526 50.276 104.202 22 8 9 571 3
228.526 50.276 104.202 23 8 9 571 3
228.526 50.276 104.202 24 8 9 571 3
228.526 50.276 104.202 25 8 9 571 3
228.526 50.276 104.202 26 8 9 571 3
228.526 50.276 104.202 27 8 9 571 3
228.526 50.276 104.202 28 8 9 571 3
228.526 50.276 104.202 29 8 9 571 3
228.526 50.276 104.202 30 8 9 571 3
17.847 54.428 257.623 1 9 9 587 4
17.847 54.428 257.623 2 9 9 587 4
17.847 54.428 257.623 3 9 9 587 4
17.847 54.428 257.623 4 9 9 587 4
17.847 54.428 257.623 5 9 9 587 4
17.847 54.428 257.623 6 9 9 587 4
17.847 54.428 257.623 7 9 9 587 4
17.847 54.428 257.623 8 9 9 587 4
17.847 54.428 257.623 9 9 9 587 4
17.847 54.428 257.623 10 9 9 587 4
228.526 50.276 104.202 11 9 9 571 3
228.526 50.276 104.202 12 9 9 571 3
297.810 76.412 288.114 13 9 9 535 2
297.810 76.412 288.114 14 9 9 535 2
228.526 50.276 104.202 15 9 9 571 3
228.526 50.276 104.202 16 9 9 571 3
228.526 50.276 104.202 17 9 9 571 3
228.526 50.276 104.202 18 9 9 571 3
228.526 50.276 104.202 19 9 9 571 3
228.526 50.276 104.202 20 9 9 571 3
228.526 50.276 104.202 21 9 9 571 3
228.526 50.276 104.202 22 9 9 571 3
228.526 50.276 104.202 23 9 9 571 3
228.526 50.276 104.202 24 9 9 571 3
228.526 50.276 104.202 25 9 9 571 3
105.042 37.348 111.472 26 9 9 119 1
228.526 50.276 104.202 27 9 9 571 3
228.526 50.276 104.202 28 9 9 571 3
228.526 50.276 104.202 29 9 9 571 3
228.526 50.276 104.202 30 9 9 571 3
17.847 54.428 257.623 1 10 9 587 4
17.847 54.428 257.623 2 10 9 587 4
17.847 54.428 257.623 3 10 9 587 4
17.847 54.428 257.623 4 10 9 587 4
17.847 54.428 257.623 5 10 9 587 4
17.847 54.428 257.623 6 10 9 587 4
17.847 54.428 257.623 7 10 9 587 4
17.847 54.428 257.623 8 10 9 587 4
17.847 54.428 257.623 9 10 9 587 4
17.847 54.428 257.623 10 10 9 587 4
228.526 50.276 104.202 11 10 9 571 3
129.995 75.339 128.582 12 10 9 50 1
228.526 50.276 104.202 13 10 9 571 3
228.526 50.276 104.202 14 10 9 571 3
228.526 50.276 104.202 15 10 9 571 3
228.526 50.276 104.202 16 10 9 571 3
228.526 50.276 104.202 17 10 9 571 3
228.526 50.276 104.202 18 10 9 571 3
228.526 50.276 104.202 19 10 9 571 3
228.526 50.276 104.202 20 10 9 571 3
228.526 50.276 104.202 21 10 9 571 3
228.526 50.276 104.202 22 10 9 571 3
228.526 50.276 104.202 23 10 9 571 3
228.526 50.276 104.202 24 10 9 571 3
228.526 50.276 104.202 25 10 9 571 3
228.526 50.276 104.202 26 10 9 571 3
228.526 50.276 104.202 27 10 9 571 3
228.526 50.276 104.202 28 10 9 571 3
228.526 50.276 104.202 29 10 9 571 3
228.526 50.276 104.202 30 10 9 571 3
17.847 54.428 257.623 1 11 9 587 4
17.847 54.428 257.623 2 11 9 587 4
17.847 54.428 257.623 3 11 9 587 4
17.847 54.428 257.623 4 11 9 587 4
17.847 54.428 257.623 5 11 9 587 4
17.847 54.428 257.623 6 11 9 587 4
17.847 54.428 257.623 7 11 9 587 4
17.847 54.428 257.623 8 11 9 587 4
17.847 54.428 257.623 9 11 9 587 4
228.526 50.276 104.202 10 11 9 571 3
228.526 50.276 104.202 11 11 9 571 3
228.526 50.276 104.202 12 11 9 571 3
228.526 50.276 104.202 13 11 9 571 3
228.526 50.276 104.202 14 11 9 571 3
228.526 50.276 104.202 15 11 9 571 3
228.526 50.276 104.202 16 11 9 571 3
228.526 50.276 104.202 17 11 9 571 3
228.526 50.276 104.202 18 11 9 571 3
228.526 50.276 104.202 19 11 9 571 3
228.526 50.276 104.202 20 11 9 571 3
228.526 50.276 104.202 21 11 9 571 3
228.526 50.276 104.202 22 11 9 571 3
228.526 50.276 104.202 23 11 9 571 3
228.526 50.276 104.202 24 11 9 571 3
228.526 50.276 104.202 25 11 9 571 3
228.526 50.276 104.202 26 11 9 571 3
228.526 50.276 104.202 27 11 9 571 3
228.526 50.276 104.202 28 11 9 571 3
228.526 50.276 104.202 29 11 9 571 3
228.526 50.276 104.202 30 11 9 571 3
17.847 54.428 257.623 1 12 9 587 4
17.847 54.428 257.623 2 12 9 587 4
17.847 54.428 257.623 3 12 9 587 4
17.847 54.428 257.623 4 12 9 587 4
17.847 54.428 257.623 5 12 9 587 4
17.847 54.428 257.623 6 12 9 587 4
17.847 54.428 257.623 7 12 9 587 4
17.847 54.428 257.623 8 12 9 587 4
17.847 54.428 257.623 9 12 9 587 4
228.526 50.276 104.202 10 12 9 571 3
228.526 50.276 104.202 11 12 9 571 3
228.526 50.276 104.202 12 12 9 571 3
228.526 50.276 104.202 13 12 9 571 3
228.526 50.276 104.202 14 12 9 571 3
228.526 50.276 104.202 15 12 9 571 3
228.526 50.276 104.202 16 12 9 571 3
189.966 92.519 225.818 17 12 9 66 1
228.526 50.276 104.202 18 12 9 571 3
228.526 50.276 104.202 19 12 9 571 3
228.526 50.276 104.202 20 12 9 571 3
228.526 50.276 104.202 21 12 9 571 3
228.526 50.276 104.202 22 12 9 571 3
228.526 50.276 104.202 23 12 9 571 3
228.526 50.276 104.202 24 12 9 571 3
228.526 50.276 104.202 25 12 9 571 3
228.526 50.276 104.202 26 12 9 571 3
228.526 50.276 104.202 27 12 9 571 3
228.526 50.276 104.202 28 12 9 571 3
228.526 50.276 104.202 29 12 9 571 3
228.526 50.276 104.202 30 12 9 571 3
17.847 54.428 257.623 1 13 9 587 4
17.847 54.428 257.623 2 13 9 587 4
17.847 54.428 257.623 3 13 9 587 4
17.847 54.428 257.623 4 13 9 587 4
17.847 54.428 257.623 5 13 9 587 4
17.847 54.428 257.623 6 13 9 587 4
17.847 54.428 257.623 7 13 9 587 4
17.847 54.428 257.623 8 13 9 587 4
17.847 54.428 257.623 9 13 9 587 4
228.526 50.276 104.202 10 13 9 571 3
228.526 50.276 104.202 11 13 9 571 3
228.526 50.276 104.202 12 13 9 571 3
228.526 50.276 104.202 13 13 9 571 3
228.526 50.276 104.202 14 13 9 571 3
228.526 50.276 104.202 15 13 9 571 3
228.526 50.276 104.202 16 13 9 571 3
228.526 50.276 104.202 17 13 9 571 3
228.526 50.276 104.202 18 13 9 571 3
228.526 50.276 104.202 19 13 9 571 3
228.526 50.276 104.202 20 13 9 571 3
228.526 50.276 104.202 21 13 9 571 3
131.414 119.408 204.095 22 13 9 144 1
228.526 50.276 104.202 23 13 9 571 3
228.526 50.276 104.202 24 13 9 571 3
228.526 50.276 104.202 25 13 9 571 3
228.526 50.276 104.202 26 13 9 571 3
228.526 50.276 104.202 27 13 9 571 3
228.526 50.276 104.202 28 13 9 571 3
228.526 50.276 104.202 29 13 9 571 3
228.526 50.276 104.202 30 13 9 571 3
17.847 54.428 257.623 1 14 9 587 4
17.847 54.428 257.623 2 14 9 587 4
17.847 54.428 257.623 3 14 9 587 4
17.847 54.428 257.623 4 14 9 587 4
17.847 54.428 257.623 5 14 9 587 4
17.847 54.428 257.623 6 14 9 587 4
331.649 100.283 68.187 7 14 9 178 1
17.847 54.428 257.623 8 14 9 587 4
228.526 50.276 104.202 9 14 9 571 3
228.526 50.276 104.202 10 14 9 571 3
228.526 50.276 104.202 11 14 9 571 3
107.102 32.355 262.819 12 14 9 57 1
228.526 50.276 104.202 13 14 9 571 3
228.526 50.276 104.202 14 14 9 571 3
228.526 50.276 104.202 15 14 9 571 3
228.526 50.276 104.202 16 14 9 571 3
228.526 50.276 104.202 17 14 9 571 3
228.526 50.276 104.202 18 14 9 571 3
228.526 50.276 104.202 19 14 9 571 3
228.526 50.276 104.202 20 14 9 571 3
228.526 50.276 104.202 21 14 9 571 3
228.526 50.276 104.202 22 14 9 571 3
228.526 50.276 104.202 23 14 9 571 3
228.526 50.276 104.202 24 14 9 571 3
228.526 50.276 104.202 25 14 9 571 3
228.526 50.276 104.202 26 14 9 571 3
228.526 50.276 104.202 27 14 9 571 3
228.526 50.276 104.202 28 14 9 571 3
228.526 50.276 104.202 29 14 9 571 3
228.526 50.276 104.202 30 14 9 571 3
17.847 54.428 257.623 1 15 9 587 4
17.847 54.428 257.623 2 15 9 587 4
17.847 54.428 257.623 3 15 9 587 4
17.847 54.428 257.623 4 15 9 587 4
17.847 54.428 257.623 5 15 9 587 4
17.847 54.428 257.623 6 15 9 587 4
17.847 54.428 257.623 7 15 9 587 4
17.847 54.428 257.623 8 15 9 587 4
228.526 50.276 104.202 9 15 9 571 3
228.526 50.276 104.202 10 15 9 571 3
228.526 50.276 104.202 11 15 9 571 3
228.526 50.276 104.202 12 15 9 571 3
228.526 50.276 104.202 13 15 9 571 3
228.526 50.276 104.202 14 15 9 571 3
228.526 50.276 104.202 15 15 9 571 3
228.526 50.276 104.202 16 15 9 571 3
228.526 50.276 104.202 17 15 9 571 3
228.526 50.276 104.202 18 15 9 571 3
228.526 50.276 104.202 19 15 9 571 3
228.526 50.276 104.202 20 15 9 571 3
228.526 50.276 104.202 21 15 9 571 3
228.526 50.276 104.202 22 15 9 571 3
228.526 50.276 104.202 23 15 9 571 3
228.526 50.276 104.202 24 15 9 571 3
228.526 50.276 104.202 25 15 9 571 3
228.526 50.276 104.202 26 15 9 571 3
228.526 50.276 104.202 27 15 9 571 3
228.526 50.276 104.202 28 15 9 571 3
228.526 50.276 104.202 29 15 9 571 3
228.526 50.276 104.202 30 15 9 571 3
17.847 54.428 257.623 1 16 9 587 4
17.847 54.428 257.623 2 16 9 587 4
17.847 54.428 257.623 3 16 9 587 4
17.847 54.428 257.623 4 16 9 587 4
17.847 54.428 257.623 5 16 9 587 4
61.155 60.653 185.841 6 16 9 400 1
17.847 54.428 257.623 7 16 9 587 4
17.847 54.428 257.623 8 16 9 587 4
228.526 50.276 104.202 9 16 9 571 3
228.526 50.276 104.202 10 16 9 571 3
228.526 50.276 104.202 11 16 9 571 3
228.526 50.276 104.202 12 16 9 571 3
36.155 124.406 242.426 13 16 9 10 1
228.526 50.276 104.202 14 16 9 571 3
228.526 50.276 104.202 15 16 9 571 3
228.526 50.276 104.202 16 16 9 571 3
228.526 50.276 104.202 17 16 9 571 3
228.526 50.276 104.202 18 16 9 571 3
228.526 50.276 104.202 19 16 9 571 3
228.526 50.276 104.202 20 16 9 571 3
228.526 50.276 104.202 21 16 9 571 3
228.526 50.276 104.202 22 16 9 571 3
228.526 50.276 104.202 23 16 9 571 3
348.329 69.724 199.299 24 16 9 157 1
228.526 50.276 104.202 25 16 9 571 3
228.526 50.276 104.202 26 16 9 571 3
228.526 50.276 104.202 27 16 9 571 3
228.526 50.276 104.202 28 16 9 571 3
228.526 50.276 104.202 29 16 9 571 3
228.526 50.276 104.202 30 16 9 571 3
17.847 54.428 257.623 1 17 9 587 4
17.847 54.428 257.623 2 17 9 587 4
17.847 54.428 257.623 3 17 9 587 4
17.847 54.428 257.623 4 17 9 587 4
17.847 54.428 257.623 5 17 9 587 4
61.155 60.653 185.841 6 17 9 400 1
250.721 47.599 232.355 7 17 9 308 1
250.721 47.599 232.355 8 17 9 308 1
250.721 47.599 232.355 9 17 9 308 1
228.526 50.276 104.202 10 17 9 571 3
228.526 50.276 104.202 11 17 9 571 3
202.951 84.640 112.701 12 17 9 331 1
228.526 50.276 104.202 13 17 9 571 3
228.526 50.276 104.202 14 17 9 571 3
228.526 50.276 104.202 15 17 9 571 3
228.526 50.276 104.202 16 17 9 571 3
228.526 50.276 104.202 17 17 9 571 3
228.526 50.276 104.202 18 17 9 571 3
228.526 50.276 104.202 19 17 9 571 3
228.526 50.276 104.202 20 17 9 571 3
228.526 50.276 104.202 21 17 9 571 3
228.526 50.276 104.202 22 17 9 571 3
228.526 50.276 104.202 23 17 9 571 3
228.526 50.276 104.202 24 17 9 571 3
228.526 50.276 104.202 25 17 9 571 3
228.526 50.276 104.202 26 17 9 571 3
228.526 50.276 104.202 27 17 9 571 3
228.526 50.276 104.202 28 17 9 571 3
228.526 50.276 104.202 29 17 9 571 3
228.526 50.276 104.202 30 17 9 571 3
17.847 54.428 257.623 1 18 9 587 4
17.847 54.428 257.623 2 18 9 587 4
17.847 54.428 257.623 3 18 9 587 4
17.847 54.428 257.623 4 18 9 587 4
17.847 54.428 257.623 5 18 9 587 4
17.847 54.428 257.623 6 18 9 587 4
250.721 47.599 232.355 7 18 9 308 1
250.721 47.599 232.355 8 18 9 308 1
250.721 47.599 232.355 9 18 9 308 1
202.951 84.640 112.701 10 18 9 331 1
202.951 84.640 112.701 11 18 9 331 1
228.526 50.276 104.202 12 18 9 571 3
228.526 50.276 104.202 13 18 9 571 3
228.526 50.276 104.202 14 18 9 571 3
228.526 50.276 104.202 15 18 9 571 3
228.526 50.276 104.202 16 18 9 571 3
228.526 50.276 104.202 17 18 9 571 3
228.526 50.276 104.202 18 18 9 571 3
228.526 50.276 104.202 19 18 9 571 3
228.526 50.276 104.202 20 18 9 571 3
228.526 50.276 104.202 21 18 9 571 3
228.526 50.276 104.202 22 18 9 571 3
228.526 50.276 104.202 23 18 9 571 3
228.526 50.276 104.202 24 18 9 571 3
228.526 50.276 104.202 25 18 9 571 3
228.526 50.276 104.202 26 18 9 571 3
228.526 50.276 104.202 27 18 9 571 3
228.526 50.276 104.202 28 18 9 571 3
228.526 50.276 104.202 29 18 9 571 3
228.526 50.276 104.202 30 18 9 571 3
38.921 144.145 34.682 1 19 9 575 4
38.921 144.145 34.682 2 19 9 575 4
38.921 144.145 34.682 3 19 9 575 4
38.921 144.145 34.682 4 19 9 575 4
38.921 144.145 34.682 5 19 9 575 4
38.921 144.145 34.682 6 19 9 575 4
38.921 144.145 34.682 7 19 9 575 4
250.721 47.599 232.355 8 19 9 308 1
250.721 47.599 232.355 9 19 9 308 1
202.951 84.640 112.701 10 19 9 331 1
202.951 84.640 112.701 11 19 9 331 1
228.526 50.276 104.202 12 19 9 571 3
58.629 18.260 176.515 13 19 9 532 2
58.629 18.260 176.515 14 19 9 532 2
58.629 18.260 176.515 15 19 9 532 2
58.629 18.260 176.515 16 19 9 532 2
228.526 50.276 104.202 17 19 9 571 3
228.526 50.276 104.202 18 19 9 571 3
228.526 50.276 104.202 19 19 9 571 3
228.526 50.276 104.202 20 19 9 571 3
228.526 50.276 104.202 21 19 9 571 3
228.526 50.276 104.202 22 19 9 571 3
228.526 50.276 104.202 23 19 9 571 3
228.526 50.276 104.202 24 19 9 571 3
228.526 50.276 104.202 25 19 9 571 3
228.526 50.276 104.202 26 19 9 571 3
228.526 50.276 104.202 27 19 9 571 3
228.526 50.276 104.202 28 19 9 571 3
228.526 50.276 104.202 29 19 9 571 3
228.526 50.276 104.202 30 19 9 571 3
38.921 144.145 34.682 1 20 9 575 4
38.921 144.145 34.682 2 20 9 575 4
38.921 144.145 34.682 3 20 9 575 4
38.921 144.145 34.682 4 20 9 575 4
38.921 144.145 34.682 5 20 9 575 4
38.921 144.145 34.682 6 20 9 575 4
38.921 144.145 34.682 7 20 9 575 4
38.921 144.145 34.682 8 20 9 575 4
38.921 144.145 34.682 9 20 9 575 4
13.860 88.349 110.050 10 20 9 642 2
202.951 84.640 112.701 11 20 9 331 1
58.629 18.260 176.515 12 20 9 532 2
58.629 18.260 176.515 13 20 9 532 2
58.629 18.260 176.515 14 20 9 532 2
58.629 18.260 176.515 15 20 9 532 2
58.629 18.260 176.515 16 20 9 532 2
58.629 18.260 176.515 17 20 9 532 2
58.629 18.260 176.515 18 20 9 532 2
146.645 17.051 347.849 19 20 9 629 1
228.526 50.276 104.202 20 20 9 571 3
228.526 50.276 104.202 21 20 9 571 3
228.526 50.276 104.202 22 20 9 571 3
228.526 50.276 104.202 23 20 9 571 3
228.526 50.276 104.202 24 20 9 571 3
228.526 50.276 104.202 25 20 9 571 3
228.526 50.276 104.202 26 20 9 571 3
228.526 50.276 104.202 27 20 9 571 3
115.774 112.913 233.907 28 20 9 450 1
228.526 50.276 104.202 29 20 9 571 3
228.526 50.276 104.202 30 20 9 571 3
38.921 144.145 34.682 1 21 9 575 4
38.921 144.145 34.682 2 21 9 575 4
38.921 144.145 34.682 3 21 9 575 4
38.921 144.145 34.682 4 21 9 575 4
38.921 144.145 34.682 5 21 9 575 4
38.921 144.145 34.682 6 21 9 575 4
38.921 144.145 34.682 7 21 9 575 4
38.921 144.145 34.682 8 21 9 575 4
38.921 144.145 34.682 9 21 9 575 4
38.921 144.145 34.682 10 21 9 575 4
315.342 44.814 185.895 11 21 9 635 2
58.629 18.260 176.515 12 21 9 532 2
58.629 18.260 176.515 13 21 9 532 2
58.629 18.260 176.515 14 21 9 532 2
58.629 18.260 176.515 15 21 9 532 2
58.629 18.260 176.515 16 21 9 532 2
58.629 18.260 176.515 17 21 9 532 2
58.629 18.260 176.515 18 21 9 532 2
228.526 50.276 104.202 19 21 9 571 3
228.526 50.276 104.202 20 21 9 571 3
228.526 50.276 104.202 21 21 9 571 3
228.526 50.276 104.202 22 21 9 571 3
228.526 50.276 104.202 23 21 9 571 3
228.526 50.276 104.202 24 21 9 571 3
228.526 50.276 104.202 25 21 9 571 3
228.526 50.276 104.202 26 21 9 571 3
228.526 50.276 104.202 27 21 9 571 3
228.526 50.276 104.202 28 21 9 571 3
228.526 50.276 104.202 29 21 9 571 3
228.526 50.276 104.202 30 21 9 571 3
38.921 144.145 34.682 1 22 9 575 4
38.921 144.145 34.682 2 22 9 575 4
38.921 144.145 34.682 3 22 9 575 4
38.921 144.145 34.682 4 22 9 575 4
38.921 144.145 34.682 5 22 9 575 4
38.921 144.145 34.682 6 22 9 575 4
38.921 144.145 34.682 7 22 9 575 4
38.921 144.145 34.682 8 22 9 575 4
38.921 144.145 34.682 9 22 9 575 4
38.921 144.145 34.682 10 22 9 575 4
315.342 44.814 185.895 11 22 9 635 2
43.450 88.287 136.824 12 22 9 211 1
43.450 88.287 136.824 13 22 9 211 1
16.880 127.157 39.826 14 22 9 554 2
16.880 127.157 39.826 15 22 9 554 2
16.880 127.157 39.826 16 22 9 554 2
16.880 127.157 39.826 17 22 9 554 2
16.880 127.157 39.826 18 22 9 554 2
144.748 167.251 322.201 19 22 9 579 4
144.748 167.251 322.201 20 22 9 579 4
144.748 167.251 322.201 21 22 9 579 4
144.748 167.251 322.201 22 22 9 579 4
144.748 167.251 322.201 23 22 9 579 4
144.748 167.251 322.201 24 22 9 579 4
144.748 167.251 322.201 25 22 9 579 4
144.748 167.251 322.201 26 22 9 579 4
144.748 167.251 322.201 27 22 9 579 4
144.748 167.251 322.201 28 22 9 579 4
228.526 50.276 104.202 29 22 9 571 3
228.526 50.276 104.202 30 22 9 571 3
38.921 144.145 34.682 1 23 9 575 4
38.921 144.145 34.682 2 23 9 575 4
38.921 144.145 34.682 3 23 9 575 4
38.921 144.145 34.682 4 23 9 575 4
38.921 144.145 34.682 5 23 9 575 4
38.921 144.145 34.682 6 23 9 575 4
38.921 144.145 34.682 7 23 9 575 4
38.921 144.145 34.682 8 23 9 575 4
38.921 144.145 34.682 9 23 9 575 4
43.450 88.287 136.824 10 23 9 211 1
43.450 88.287 136.824 11 23 9 211 1
43.450 88.287 136.824 12 23 9 211 1
190.399 49.256 89.900 13 23 9 138 1
190.399 49.256 89.900 14 23 9 138 1
191.243 59.197 114.014 15 23 9 183 1
16.880 127.157 39.826 16 23 9 554 2
16.880 127.157 39.826 17 23 9 554 2
144.748 167.251 322.201 18 23 9 579 4
144.748 167.251 322.201 19 23 9 579 4
10.583 125.003 336.936 20 23 9 283 1
144.748 167.251 322.201 21 23 9 579 4
144.748 167.251 322.201 22 23 9 579 4
144.748 167.251 322.201 23 23 9 579 4
144.748 167.251 322.201 24 23 9 579 4
144.748 167.251 322.201 25 23 9 579 4
144.748 167.251 322.201 26 23 9 579 4
144.748 167.251 322.201 27 23 9 579 4
144.748 167.251 322.201 28 23 9 579 4
144.748 167.251 322.201 29 23 9 579 4
144.748 167.251 322.201 30 23 9 579 4
80.957 161.770 24.449 1 24 9 580 4
38.921 144.145 34.682 2 24 9 575 4
38.921 144.145 34.682 3 24 9 575 4
38.921 144.145 34.682 4 24 9 575 4
38.921 144.145 34.682 5 24 9 575 4
38.921 144.145 34.682 6 24 9 575 4
38.921 144.145 34.682 7 24 9 575 4
38.921 144.145 34.682 8 24 9 575 4
38.921 144.145 34.682 9 24 9 575 4
43.450 88.287 136.824 10 24 9 211 1
43.450 88.287 136.824 11 24 9 211 1
43.450 88.287 136.824 12 24 9 211 1
43.450 88.287 136.824 13 24 9 211 1
191.243 59.197 114.014 14 24 9 183 1
191.243 59.197 114.014 15 24 9 183 1
191.243 59.197 114.014 16 24 9 183 1
144.748 167.251 322.201 17 24 9 579 4
144.748 167.251 322.201 18 24 9 579 4
144.748 167.251 322.201 19 24 9 579 4
144.748 167.251 322.201 20 24 9 579 4
144.748 167.251 322.201 21 24 9 579 4
144.748 167.251 322.201 22 24 9 579 4
144.748 167.251 322.201 23 24 9 579 4
144.748 167.251 322.201 24 24 9 579 4
144.748 167.251 322.201 25 24 9 579 4
144.748 167.251 322.201 26 24 9 579 4
144.748 167.251 322.201 27 24 9 579 4
144.748 167.251 322.201 28 24 9 579 4
144.748 167.251 322.201 29 24 9 579 4
144.748 167.251 322.201 30 24 9 579 4
80.957 161.770 24.449 1 25 9 580 4
80.957 161.770 24.449 2 25 9 580 4
80.957 161.770 24.449 3 25 9 580 4
38.921 144.145 34.682 4 25 9 575 4
38.921 144.145 34.682 5 25 9 575 4
38.921 144.145 34.682 6 25 9 575 4
38.921 144.145 34.682 7 25 9 575 4
38.921 144.145 34.682 8 25 9 575 4
359.763 92.374 9.375 9 25 9 394 1
359.763 92.374 9.375 10 25 9 394 1
43.450 88.287 136.824 11 25 9 211 1
43.450 88.287 136.824 12 25 9 211 1
43.450 88.287 136.824 13 25 9 211 1
191.243 59.197 114.014 14 25 9 183 1
191.243 59.197 114.014 15 25 9 183 1
191.243 59.197 114.014 16 25 9 183 1
144.748 167.251 322.201 17 25 9 579 4
144.748 167.251 322.201 18 25 9 579 4
144.748 167.251 322.201 19 25 9 579 4
144.748 167.251 322.201 20 25 9 579 4
144.748 167.251 322.201 21 25 9 579 4
144.748 167.251 322.201 22 25 9 579 4
144.748 167.251 322.201 23 25 9 579 4
144.748 167.251 322.201 24 25 9 579 4
144.748 167.251 322.201 25 25 9 579 4
144.748 167.251 322.201 26 25 9 579 4
144.748 167.251 322.201 27 25 9 579 4
144.748 167.251 322.201 28 25 9 579 4
144.748 167.251 322.201 29 25 9 579 4
144.748 167.251 322.201 30 25 9 579 4
80.957 161.770 24.449 1 26 9 580 4
80.957 161.770 24.449 2 26 9 580 4
80.957 161.770 24.449 3 26 9 580 4
80.957 161.770 24.449 4 26 9 580 4
80.957 161.770 24.449 5 26 9 580 4
80.957 161.770 24.449 6 26 9 580 4
80.957 161.770 24.449 7 26 9 580 4
80.957 161.770 24.449 8 26 9 580 4
359.763 92.374 9.375 9 26 9 394 1
359.763 92.374 9.375 10 26 9 394 1
43.450 88.287 136.824 11 26 9 211 1
43.450 88.287 136.824 12 26 9 211 1
24.096 32.817 230.721 13 26 9 471 2
24.096 32.817 230.721 14 26 9 471 2
24.096 32.817 230.721 15 26 9 471 2
24.096 32.817 230.721 16 26 9 471 2
144.748 167.251 322.201 17 26 9 579 4
144.748 167.251 322.201 18 26 9 579 4
144.748 167.251 322.201 19 26 9 579 4
144.748 167.251 322.201 20 26 9 579 4
144.748 167.251 322.201 21 26 9 579 4
144.748 167.251 322.201 22 26 9 579 4
144.748 167.251 322.201 23 26 9 579 4
144.748 167.251 322.201 24 26 9 579 4
144.748 167.251 322.201 25 26 9 579 4
144.748 167.251 322.201 26 26 9 579 4
144.748 167.251 322.201 27 26 9 579 4
144.748 167.251 322.201 28 26 9 579 4
144.748 167.251 322.201 29 26 9 579 4
144.748 167.251 322.201 30 26 9 579 4
80.957 161.770 24.449 1 27 9 580 4
80.957 161.770 24.449 2 27 9 580 4
80.957 161.770 24.449 3 27 9 580 4
80.957 161.770 24.449 4 27 9 580 4
80.957 161.770 24.449 5 27 9 580 4
80.957 161.770 24.449 6 27 9 580 4
80.957 161.770 24.449 7 27 9 580 4
80.957 161.770 24.449 8 27 9 580 4
359.763 92.374 9.375 9 27 9 394 1
359.763 92.374 9.375 10 27 9 394 1
43.450 88.287 136.824 11 27 9 211 1
24.096 32.817 230.721 12 27 9 471 2
24.096 32.817 230.721 13 27 9 471 2
24.096 32.817 230.721 14 27 9 471 2
24.096 32.817 230.721 15 27 9 471 2
24.096 32.817 230.721 16 27 9 471 2
24.096 32.817 230.721 17 27 9 471 2
144.748 167.251 322.201 18 27 9 579 4
144.748 167.251 322.201 19 27 9 579 4
144.748 167.251 322.201 20 27 9 579 4
144.748 167.251 322.201 21 27 9 579 4
144.748 167.251 322.201 22 27 9 579 4
144.748 167.251 322.201 23 27 9 579 4
144.748 167.251 322.201 24 27 9 579 4
144.748 167.251 322.201 25 27 9 579 4
144.748 167.251 322.201 26 27 9 579 4
144.748 167.251 322.201 27 27 9 579 4
144.748 167.251 322.201 28 27 9 579 4
144.748 167.251 322.201 29 27 9 579 4
144.748 167.251 322.201 30 27 9 579 4
80.957 161.770 24.449 1 28 9 580 4
80.957 161.770 24.449 2 28 9 580 4
80.957 161.770 24.449 3 28 9 580 4
80.957 161.770 24.449 4 28 9 580 4
80.957 161.770 24.449 5 28 9 580 4
80.957 161.770 24.449 6 28 9 580 4
80.957 161.770 24.449 7 28 9 580 4
80.957 161.770 24.449 8 28 9 580 4
80.957 161.770 24.449 9 28 9 580 4
80.957 161.770 24.449 10 28 9 580 4
24.096 32.817 230.721 11 28 9 471 2
24.096 32.817 230.721 12 28 9 471 2
24.096 32.817 230.721 13 28 9 471 2
24.096 32.817 230.721 14 28 9 471 2
24.096 32.817 230.721 15 28 9 471 2
24.096 32.817 230.721 16 28 9 471 2
24.096 32.817 230.721 17 28 9 471 2
53.429 20.362 231.541 18 28 9 526 2
53.429 20.362 231.541 19 28 9 526 2
53.429 20.362 231.541 20 28 9 526 2
144.748 167.251 322.201 21 28 9 579 4
144.748 167.251 322.201 22 28 9 579 4
144.748 167.251 322.201 23 28 9 579 4
144.748 167.251 322.201 24 28 9 579 4
144.748 167.251 322.201 25 28 9 579 4
144.748 167.251 322.201 26 28 9 579 4
144.748 167.251 322.201 27 28 9 579 4
144.748 167.251 322.201 28 28 9 579 4
144.748 167.251 322.201 29 28 9 579 4
144.748 167.251 322.201 30 28 9 579 4
80.957 161.770 24.449 1 29 9 580 4
80.957 161.770 24.449 2 29 9 580 4
80.957 161.770 24.449 3 29 9 580 4
80.957 161.770 24.449 4 29 9 580 4
80.957 161.770 24.449 5 29 9 580 4
80.957 161.770 24.449 6 29 9 580 4
80.957 161.770 24.449 7 29 9 580 4
80.957 161.770 24.449 8 29 9 580 4
80.957 161.770 24.449 9 29 9 580 4
87.259 129.436 156.592 10 29 9 427 1
87.259 129.436 156.592 11 29 9 427 1
87.259 129.436 156.592 12 29 9 427 1
24.096 32.817 230.721 13 29 9 471 2
24.096 32.817 230.721 14 29 9 471 2
24.096 32.817 230.721 15 29 9 471 2
24.096 32.817 230.721 16 29 9 471 2
53.429 20.362 231.541 17 29 9 526 2
53.429 20.362 231.541 18 29 9 526 2
53.429 20.362 231.541 19 29 9 526 2
53.429 20.362 231.541 20 29 9 526 2
53.429 20.362 231.541 21 29 9 526 2
98.247 77.896 39.078 22 29 9 79 1
98.247 77.896 39.078 23 29 9 79 1
144.748 167.251 322.201 24 29 9 579 4
144.748 167.251 322.201 25 29 9 579 4
144.748 167.251 322.201 26 29 9 579 4
144.748 167.251 322.201 27 29 9 579 4
144.748 167.251 322.201 28 29 9 579 4
278.174 75.616 134.068 29 29 9 347 1
278.174 75.616 134.068 30 29 9 347 1
80.957 161.770 24.449 1 30 9 580 4
80.957 161.770 24.449 2 30 9 580 4
80.957 161.770 24.449 3 30 9 580 4
80.957 161.770 24.449 4 30 9 580 4
80.957 161.770 24.449 5 30 9 580 4
80.957 161.770 24.449 6 30 9 580 4
80.957 161.770 24.449 7 30 9 580 4
80.957 161.770 24.449 8 30 9 580 4
80.957 161.770 24.449 9 30 9 580 4
87.259 129.436 156.592 10 30 9 427 1
87.259 129.436 156.592 11 30 9 427 1
87.259 129.436 156.592 12 30 9 427 1
24.096 32.817 230.721 13 30 9 471 2
24.096 32.817 230.721 14 30 9 471 2
24.096 32.817 230.721 15 30 9 471 2
24.096 32.817 230.721 16 30 9 471 2
53.429 20.362 231.541 17 30 9 526 2
53.429 20.362 231.541 18 30 9 526 2
53.429 20.362 231.541 19 30 9 526 2
53.429 20.362 231.541 20 30 9 526 2
53.429 20.362 231.541 21 30 9 526 2
98.247 77.896 39.078 22 30 9 79 1
98.247 77.896 39.078 23 30 9 79 1
144.748 167.251 322.201 24 30 9 579 4
144.748 167.251 322.201 25 30 9 579 4
31.561 90.883 256.079 26 30 9 433 1
31.561 90.883 256.079 27 30 9 433 1
278.174 75.616 134.068 28 30 9 347 1
278.174 75.616 134.068 29 30 9 347 1
278.174 75.616 134.068 30 30 9 347 1
