17.847 54.428 257.623 1 1 13 587 4
17.847 54.428 257.623 2 1 13 587 4
17.847 54.428 257.623 3 1 13 587 4
17.847 54.428 257.623 4 1 13 587 4
17.847 54.428 257.623 5 1 13 587 4
17.847 54.428 257.623 6 1 13 587 4
17.847 54.428 257.623 7 1 13 587 4
17.847 54.428 257.623 8 1 13 587 4
17.847 54.428 257.623 9 1 13 587 4
258.717 143.500 110.267 10 1 13 616 1
258.717 143.500 110.267 11 1 13 616 1
297.333 41.979 284.201 12 1 13 493 2
232.586 56.287 0.925 13 1 13 163 1
232.586 56.287 0.925 14 1 13 163 1
232.586 56.287 0.925 15 1 13 163 1
122.879 60.630 26.768 16 1 13 534 2
122.879 60.630 26.768 17 1 13 534 2
122.879 60.630 26.768 18 1 13 534 2
122.879 60.630 26.768 19 1 13 534 2
34.095 110.466 220.118 20 1 13 154 1
34.095 110.466 220.118 21 1 13 154 1
34.095 110.466 220.118 22 1 13 154 1
218.196 100.407 216.500 23 1 13 278 1
271.350 127.725 286.952 24 1 13 343 1
271.350 127.725 286.952 25 1 13 343 1
303.044 133.895 140.542 26 1 13 391 1
206.248 147.349 322.488 27 1 13 581 4
206.248 147.349 322.488 28 1 13 581 4
206.248 147.349 322.488 29 1 13 581 4
206.248 147.349 322.488 30 1 13 581 4
17.847 54.428 257.623 1 2 13 587 4
17.847 54.428 257.623 2 2 13 587 4
17.847 54.428 257.623 3 2 13 587 4
17.847 54.428 257.623 4 2 13 587 4
17.847 54.428 257.623 5 2 13 587 4
17.847 54.428 257.623 6 2 13 587 4
17.847 54.428 257.623 7 2 13 587 4
17.847 54.428 257.623 8 2 13 587 4
17.847 54.428 257.623 9 2 13 587 4
17.847 54.428 257.623 10 2 13 587 4
297.333 41.979 284.201 11 2 13 493 2
297.333 41.979 284.201 12 2 13 493 2
232.586 56.287 0.925 13 2 13 163 1
232.586 56.287 0.925 14 2 13 163 1
232.586 56.287 0.925 15 2 13 163 1
118.017 32.763 130.657 16 2 13 491 2
228.526 50.276 104.202 17 2 13 571 3
28.036 152.894 113.010 18 2 13 592 1
228.526 50.276 104.202 19 2 13 571 3
34.095 110.466 220.118 20 2 13 154 1
34.095 110.466 220.118 21 2 13 154 1
34.095 110.466 220.118 22 2 13 154 1
34.095 110.466 220.118 23 2 13 154 1
218.196 100.407 216.500 24 2 13 278 1
218.196 100.407 216.500 25 2 13 278 1
303.044 133.895 140.542 26 2 13 391 1
206.248 147.349 322.488 27 2 13 581 4
206.248 147.349 322.488 28 2 13 581 4
206.248 147.349 322.488 29 2 13 581 4
206.248 147.349 322.488 30 2 13 581 4
17.847 54.428 257.623 1 3 13 587 4
17.847 54.428 257.623 2 3 13 587 4
17.847 54.428 257.623 3 3 13 587 4
17.847 54.428 257.623 4 3 13 587 4
17.847 54.428 257.623 5 3 13 587 4
17.847 54.428 257.623 6 3 13 587 4
17.847 54.428 257.623 7 3 13 587 4
17.847 54.428 257.623 8 3 13 587 4
17.847 54.428 257.623 9 3 13 587 4
17.847 54.428 257.623 10 3 13 587 4
17.847 54.428 257.623 11 3 13 587 4
297.333 41.979 284.201 12 3 13 493 2
228.526 50.276 104.202 13 3 13 571 3
228.526 50.276 104.202 14 3 13 571 3
228.526 50.276 104.202 15 3 13 571 3
118.017 32.763 130.657 16 3 13 491 2
228.526 50.276 104.202 17 3 13 571 3
228.526 50.276 104.202 18 3 13 571 3
228.526 50.276 104.202 19 3 13 571 3
228.526 50.276 104.202 20 3 13 571 3
228.526 50.276 104.202 21 3 13 571 3
228.526 50.276 104.202 22 3 13 571 3
228.526 50.276 104.202 23 3 13 571 3
228.526 50.276 104.202 24 3 13 571 3
228.526 50.276 104.202 25 3 13 571 3
228.526 50.276 104.202 26 3 13 571 3
206.248 147.349 322.488 27 3 13 581 4
206.248 147.349 322.488 28 3 13 581 4
206.248 147.349 322.488 29 3 13 581 4
206.248 147.349 322.488 30 3 13 581 4
17.847 54.428 257.623 1 4 13 587 4
17.847 54.428 257.623 2 4 13 587 4
17.847 54.428 257.623 3 4 13 587 4
17.847 54.428 257.623 4 4 13 587 4
17.847 54.428 257.623 5 4 13 587 4
17.847 54.428 257.623 6 4 13 587 4
17.847 54.428 257.623 7 4 13 587 4
17.847 54.428 257.623 8 4 13 587 4
17.847 54.428 257.623 9 4 13 587 4
17.847 54.428 257.623 10 4 13 587 4
17.847 54.428 257.623 11 4 13 587 4
228.526 50.276 104.202 12 4 13 571 3
228.526 50.276 104.202 13 4 13 571 3
228.526 50.276 104.202 14 4 13 571 3
228.526 50.276 104.202 15 4 13 571 3
118.017 32.763 130.657 16 4 13 491 2
228.526 50.276 104.202 17 4 13 571 3
228.526 50.276 104.202 18 4 13 571 3
228.526 50.276 104.202 19 4 13 571 3
228.526 50.276 104.202 20 4 13 571 3
228.526 50.276 104.202 21 4 13 571 3
228.526 50.276 104.202 22 4 13 571 3
228.526 50.276 104.202 23 4 13 571 3
228.526 50.276 104.202 24 4 13 571 3
228.526 50.276 104.202 25 4 13 571 3
228.526 50.276 104.202 26 4 13 571 3
228.526 50.276 104.202 27 4 13 571 3
206.248 147.349 322.488 28 4 13 581 4
206.248 147.349 322.488 29 4 13 581 4
206.248 147.349 322.488 30 4 13 581 4
17.847 54.428 257.623 1 5 13 587 4
17.847 54.428 257.623 2 5 13 587 4
17.847 54.428 257.623 3 5 13 587 4
17.847 54.428 257.623 4 5 13 587 4
17.847 54.428 257.623 5 5 13 587 4
17.847 54.428 257.623 6 5 13 587 4
17.847 54.428 257.623 7 5 13 587 4
17.847 54.428 257.623 8 5 13 587 4
17.847 54.428 257.623 9 5 13 587 4
17.847 54.428 257.623 10 5 13 587 4
228.526 50.276 104.202 11 5 13 571 3
228.526 50.276 104.202 12 5 13 571 3
228.526 50.276 104.202 13 5 13 571 3
228.526 50.276 104.202 14 5 13 571 3
228.526 50.276 104.202 15 5 13 571 3
228.526 50.276 104.202 16 5 13 571 3
228.526 50.276 104.202 17 5 13 571 3
228.526 50.276 104.202 18 5 13 571 3
228.526 50.276 104.202 19 5 13 571 3
228.526 50.276 104.202 20 5 13 571 3
228.526 50.276 104.202 21 5 13 571 3
228.526 50.276 104.202 22 5 13 571 3
140.942 33.973 145.734 23 5 13 465 2
228.526 50.276 104.202 24 5 13 571 3
228.526 50.276 104.202 25 5 13 571 3
228.526 50.276 104.202 26 5 13 571 3
228.526 50.276 104.202 27 5 13 571 3
228.526 50.276 104.202 28 5 13 571 3
228.526 50.276 104.202 29 5 13 571 3
228.526 50.276 104.202 30 5 13 571 3
17.847 54.428 257.623 1 6 13 587 4
17.847 54.428 257.623 2 6 13 587 4
17.847 54.428 257.623 3 6 13 587 4
17.847 54.428 257.623 4 6 13 587 4
17.847 54.428 257.623 5 6 13 587 4
17.847 54.428 257.623 6 6 13 587 4
17.847 54.428 257.623 7 6 13 587 4
17.847 54.428 257.623 8 6 13 587 4
17.847 54.428 257.623 9 6 13 587 4
17.847 54.428 257.623 10 6 13 587 4
228.526 50.276 104.202 11 6 13 571 3
228.526 50.276 104.202 12 6 13 571 3
228.526 50.276 104.202 13 6 13 571 3
228.526 50.276 104.202 14 6 13 571 3
228.526 50.276 104.202 15 6 13 571 3
228.526 50.276 104.202 16 6 13 571 3
228.526 50.276 104.202 17 6 13 571 3
228.526 50.276 104.202 18 6 13 571 3
228.526 50.276 104.202 19 6 13 571 3
228.526 50.276 104.202 20 6 13 571 3
228.526 50.276 104.202 21 6 13 571 3
228.526 50.276 104.202 22 6 13 571 3
140.942 33.973 145.734 23 6 13 465 2
228.526 50.276 104.202 24 6 13 571 3
228.526 50.276 104.202 25 6 13 571 3
228.526 50.276 104.202 26 6 13 571 3
228.526 50.276 104.202 27 6 13 571 3
228.526 50.276 104.202 28 6 13 571 3
228.526 50.276 104.202 29 6 13 571 3
228.526 50.276 104.202 30 6 13 571 3
17.847 54.428 257.623 1 7 13 587 4
17.847 54.428 257.623 2 7 13 587 4
17.847 54.428 257.623 3 7 13 587 4
17.847 54.428 257.623 4 7 13 587 4
17.847 54.428 257.623 5 7 13 587 4
17.847 54.428 257.623 6 7 13 587 4
17.847 54.428 257.623 7 7 13 587 4
17.847 54.428 257.623 8 7 13 587 4
17.847 54.428 257.623 9 7 13 587 4
17.847 54.428 257.623 10 7 13 587 4
228.526 50.276 104.202 11 7 13 571 3
228.526 50.276 104.202 12 7 13 571 3
228.526 50.276 104.202 13 7 13 571 3
228.526 50.276 104.202 14 7 13 571 3
228.526 50.276 104.202 15 7 13 571 3
228.526 50.276 104.202 16 7 13 571 3
228.526 50.276 104.202 17 7 13 571 3
228.526 50.276 104.202 18 7 13 571 3
228.526 50.276 104.202 19 7 13 571 3
228.526 50.276 104.202 20 7 13 571 3
228.526 50.276 104.202 21 7 13 571 3
228.526 50.276 104.202 22 7 13 571 3
228.526 50.276 104.202 23 7 13 571 3
228.526 50.276 104.202 24 7 13 571 3
228.526 50.276 104.202 25 7 13 571 3
228.526 50.276 104.202 26 7 13 571 3
228.526 50.276 104.202 27 7 13 571 3
228.526 50.276 104.202 28 7 13 571 3
228.526 50.276 104.202 29 7 13 571 3
228.526 50.276 104.202 30 7 13 571 3
17.847 54.428 257.623 1 8 13 587 4
17.847 54.428 257.623 2 8 13 587 4
17.847 54.428 257.623 3 8 13 587 4
17.847 54.428 257.623 4 8 13 587 4
17.847 54.428 257.623 5 8 13 587 4
17.847 54.428 257.623 6 8 13 587 4
17.847 54.428 257.623 7 8 13 587 4
17.847 54.428 257.623 8 8 13 587 4
17.847 54.428 257.623 9 8 13 587 4
17.847 54.428 257.623 10 8 13 587 4
228.526 50.276 104.202 11 8 13 571 3
228.526 50.276 104.202 12 8 13 571 3
228.526 50.276 104.202 13 8 13 571 3
228.526 50.276 104.202 14 8 13 571 3
228.526 50.276 104.202 15 8 13 571 3
228.526 50.276 104.202 16 8 13 571 3
228.526 50.276 104.202 17 8 13 571 3
228.526 50.276 104.202 18 8 13 571 3
228.526 50.276 104.202 19 8 13 571 3
228.526 50.276 104.202 20 8 13 571 3
228.526 50.276 104.202 21 8 13 571 3
228.526 50.276 104.202 22 8 13 571 3
228.526 50.276 104.202 23 8 13 571 3
228.526 50.276 104.202 24 8 13 571 3
228.526 50.276 104.202 25 8 13 571 3
228.526 50.276 104.202 26 8 13 571 3
228.526 50.276 104.202 27 8 13 571 3
228.526 50.276 104.202 28 8 13 571 3
228.526 50.276 104.202 29 8 13 571 3
228.526 50.276 104.202 30 8 13 571 3
17.847 54.428 257.623 1 9 13 587 4
17.847 54.428 257.623 2 9 13 587 4
17.847 54.428 257.623 3 9 13 587 4
17.847 54.428 257.623 4 9 13 587 4
17.847 54.428 257.623 5 9 13 587 4
17.847 54.428 257.623 6 9 13 587 4
17.847 54.428 257.623 7 9 13 587 4
17.847 54.428 257.623 8 9 13 587 4
17.847 54.428 257.623 9 9 13 587 4
17.847 54.428 257.623 10 9 13 587 4
228.526 50.276 104.202 11 9 13 571 3
228.526 50.276 104.202 12 9 13 571 3
228.526 50.276 104.202 13 9 13 571 3
228.526 50.276 104.202 14 9 13 571 3
228.526 50.276 104.202 15 9 13 571 3
228.526 50.276 104.202 16 9 13 571 3
228.526 50.276 104.202 17 9 13 571 3
228.526 50.276 104.202 18 9 13 571 3
228.526 50.276 104.202 19 9 13 571 3
228.526 50.276 104.202 20 9 13 571 3
228.526 50.276 104.202 21 9 13 571 3
228.526 50.276 104.202 22 9 13 571 3
228.526 50.276 104.202 23 9 13 571 3
228.526 50.276 104.202 24 9 13 571 3
228.526 50.276 104.202 25 9 13 571 3
228.526 50.276 104.202 26 9 13 571 3
228.526 50.276 104.202 27 9 13 571 3
228.526 50.276 104.202 28 9 13 571 3
228.526 50.276 104.202 29 9 13 571 3
228.526 50.276 104.202 30 9 13 571 3
17.847 54.428 257.623 1 10 13 587 4
17.847 54.428 257.623 2 10 13 587 4
17.847 54.428 257.623 3 10 13 587 4
17.847 54.428 257.623 4 10 13 587 4
17.847 54.428 257.623 5 10 13 587 4
17.847 54.428 257.623 6 10 13 587 4
17.847 54.428 257.623 7 10 13 587 4
17.847 54.428 257.623 8 10 13 587 4
17.847 54.428 257.623 9 10 13 587 4
17.847 54.428 257.623 10 10 13 587 4
228.526 50.276 104.202 11 10 13 571 3
228.526 50.276 104.202 12 10 13 571 3
228.526 50.276 104.202 13 10 13 571 3
228.526 50.276 104.202 14 10 13 571 3
228.526 50.276 104.202 15 10 13 571 3
228.526 50.276 104.202 16 10 13 571 3
228.526 50.276 104.202 17 10 13 571 3
228.526 50.276 104.202 18 10 13 571 3
228.526 50.276 104.202 19 10 13 571 3
228.526 50.276 104.202 20 10 13 571 3
228.526 50.276 104.202 21 10 13 571 3
228.526 50.276 104.202 22 10 13 571 3
228.526 50.276 104.202 23 10 13 571 3
228.526 50.276 104.202 24 10 13 571 3
228.526 50.276 104.202 25 10 13 571 3
228.526 50.276 104.202 26 10 13 571 3
228.526 50.276 104.202 27 10 13 571 3
228.526 50.276 104.202 28 10 13 571 3
228.526 50.276 104.202 29 10 13 571 3
228.526 50.276 104.202 30 10 13 571 3
17.847 54.428 257.623 1 11 13 587 4
17.847 54.428 257.623 2 11 13 587 4
17.847 54.428 257.623 3 11 13 587 4
17.847 54.428 257.623 4 11 13 587 4
17.847 54.428 257.623 5 11 13 587 4
17.847 54.428 257.623 6 11 13 587 4
17.847 54.428 257.623 7 11 13 587 4
17.847 54.428 257.623 8 11 13 587 4
17.847 54.428 257.623 9 11 13 587 4
17.847 54.428 257.623 10 11 13 587 4
228.526 50.276 104.202 11 11 13 571 3
228.526 50.276 104.202 12 11 13 571 3
228.526 50.276 104.202 13 11 13 571 3
228.526 50.276 104.202 14 11 13 571 3
228.526 50.276 104.202 15 11 13 571 3
228.526 50.276 104.202 16 11 13 571 3
228.526 50.276 104.202 17 11 13 571 3
228.526 50.276 104.202 18 11 13 571 3
228.526 50.276 104.202 19 11 13 571 3
228.526 50.276 104.202 20 11 13 571 3
228.526 50.276 104.202 21 11 13 571 3
228.526 50.276 104.202 22 11 13 571 3
228.526 50.276 104.202 23 11 13 571 3
228.526 50.276 104.202 24 11 13 571 3
228.526 50.276 104.202 25 11 13 571 3
228.526 50.276 104.202 26 11 13 571 3
228.526 50.276 104.202 27 11 13 571 3
228.526 50.276 104.202 28 11 13 571 3
228.526 50.276 104.202 29 11 13 571 3
228.526 50.276 104.202 30 11 13 571 3
17.847 54.428 257.623 1 12 13 587 4
17.847 54.428 257.623 2 12 13 587 4
17.847 54.428 257.623 3 12 13 587 4
17.847 54.428 257.623 4 12 13 587 4
17.847 54.428 257.623 5 12 13 587 4
17.847 54.428 257.623 6 12 13 587 4
17.847 54.428 257.623 7 12 13 587 4
17.847 54.428 257.623 8 12 13 587 4
17.847 54.428 257.623 9 12 13 587 4
17.847 54.428 257.623 10 12 13 587 4
228.526 50.276 104.202 11 12 13 571 3
228.526 50.276 104.202 12 12 13 571 3
228.526 50.276 104.202 13 12 13 571 3
228.526 50.276 104.202 14 12 13 571 3
228.526 50.276 104.202 15 12 13 571 3
228.526 50.276 104.202 16 12 13 571 3
228.526 50.276 104.202 17 12 13 571 3
228.526 50.276 104.202 18 12 13 571 3
228.526 50.276 104.202 19 12 13 571 3
228.526 50.276 104.202 20 12 13 571 3
228.526 50.276 104.202 21 12 13 571 3
228.526 50.276 104.202 22 12 13 571 3
228.526 50.276 104.202 23 12 13 571 3
228.526 50.276 104.202 24 12 13 571 3
228.526 50.276 104.202 25 12 13 571 3
228.526 50.276 104.202 26 12 13 571 3
228.526 50.276 104.202 27 12 13 571 3
228.526 50.276 104.202 28 12 13 571 3
228.526 50.276 104.202 29 12 13 571 3
228.526 50.276 104.202 30 12 13 571 3
17.847 54.428 257.623 1 13 13 587 4
17.847 54.428 257.623 2 13 13 587 4
17.847 54.428 257.623 3 13 13 587 4
17.847 54.428 257.623 4 13 13 587 4
17.847 54.428 257.623 5 13 13 587 4
17.847 54.428 257.623 6 13 13 587 4
17.847 54.428 257.623 7 13 13 587 4
17.847 54.428 257.623 8 13 13 587 4
17.847 54.428 257.623 9 13 13 587 4
17.847 54.428 257.623 10 13 13 587 4
228.526 50.276 104.202 11 13 13 571 3
228.526 50.276 104.202 12 13 13 571 3
228.526 50.276 104.202 13 13 13 571 3
228.526 50.276 104.202 14 13 13 571 3
228.526 50.276 104.202 15 13 13 571 3
228.526 50.276 104.202 16 13 13 571 3
228.526 50.276 104.202 17 13 13 571 3
228.526 50.276 104.202 18 13 13 571 3
228.526 50.276 104.202 19 13 13 571 3
228.526 50.276 104.202 20 13 13 571 3
228.526 50.276 104.202 21 13 13 571 3
228.526 50.276 104.202 22 13 13 571 3
228.526 50.276 104.202 23 13 13 571 3
228.526 50.276 104.202 24 13 13 571 3
228.526 50.276 104.202 25 13 13 571 3
228.526 50.276 104.202 26 13 13 571 3
228.526 50.276 104.202 27 13 13 571 3
228.526 50.276 104.202 28 13 13 571 3
228.526 50.276 104.202 29 13 13 571 3
228.526 50.276 104.202 30 13 13 571 3
17.847 54.428 257.623 1 14 13 587 4
17.847 54.428 257.623 2 14 13 587 4
17.847 54.428 257.623 3 14 13 587 4
17.847 54.428 257.623 4 14 13 587 4
17.847 54.428 257.623 5 14 13 587 4
17.847 54.428 257.623 6 14 13 587 4
17.847 54.428 257.623 7 14 13 587 4
17.847 54.428 257.623 8 14 13 587 4
17.847 54.428 257.623 9 14 13 587 4
17.847 54.428 257.623 10 14 13 587 4
228.526 50.276 104.202 11 14 13 571 3
228.526 50.276 104.202 12 14 13 571 3
228.526 50.276 104.202 13 14 13 571 3
228.526 50.276 104.202 14 14 13 571 3
228.526 50.276 104.202 15 14 13 571 3
228.526 50.276 104.202 16 14 13 571 3
228.526 50.276 104.202 17 14 13 571 3
228.526 50.276 104.202 18 14 13 571 3
228.526 50.276 104.202 19 14 13 571 3
228.526 50.276 104.202 20 14 13 571 3
228.526 50.276 104.202 21 14 13 571 3
56.515 50.665 247.694 22 14 13 423 1
228.526 50.276 104.202 23 14 13 571 3
228.526 50.276 104.202 24 14 13 571 3
228.526 50.276 104.202 25 14 13 571 3
228.526 50.276 104.202 26 14 13 571 3
228.526 50.276 104.202 27 14 13 571 3
228.526 50.276 104.202 28 14 13 571 3
228.526 50.276 104.202 29 14 13 571 3
228.526 50.276 104.202 30 14 13 571 3
17.847 54.428 257.623 1 15 13 587 4
17.847 54.428 257.623 2 15 13 587 4
17.847 54.428 257.623 3 15 13 587 4
17.847 54.428 257.623 4 15 13 587 4
17.847 54.428 257.623 5 15 13 587 4
17.847 54.428 257.623 6 15 13 587 4
17.847 54.428 257.623 7 15 13 587 4
17.847 54.428 257.623 8 15 13 587 4
17.847 54.428 257.623 9 15 13 587 4
17.847 54.428 257.623 10 15 13 587 4
17.847 54.428 257.623 11 15 13 587 4
228.526 50.276 104.202 12 15 13 571 3
228.526 50.276 104.202 13 15 13 571 3
228.526 50.276 104.202 14 15 13 571 3
228.526 50.276 104.202 15 15 13 571 3
228.526 50.276 104.202 16 15 13 571 3
228.526 50.276 104.202 17 15 13 571 3
228.526 50.276 104.202 18 15 13 571 3
228.526 50.276 104.202 19 15 13 571 3
228.526 50.276 104.202 20 15 13 571 3
228.526 50.276 104.202 21 15 13 571 3
228.526 50.276 104.202 22 15 13 571 3
228.526 50.276 104.202 23 15 13 571 3
228.526 50.276 104.202 24 15 13 571 3
228.526 50.276 104.202 25 15 13 571 3
228.526 50.276 104.202 26 15 13 571 3
228.526 50.276 104.202 27 15 13 571 3
228.526 50.276 104.202 28 15 13 571 3
228.526 50.276 104.202 29 15 13 571 3
228.526 50.276 104.202 30 15 13 571 3
17.847 54.428 257.623 1 16 13 587 4
17.847 54.428 257.623 2 16 13 587 4
17.847 54.428 257.623 3 16 13 587 4
17.847 54.428 257.623 4 16 13 587 4
17.847 54.428 257.623 5 16 13 587 4
17.847 54.428 257.623 6 16 13 587 4
17.847 54.428 257.623 7 16 13 587 4
17.847 54.428 257.623 8 16 13 587 4
17.847 54.428 257.623 9 16 13 587 4
17.847 54.428 257.623 10 16 13 587 4
17.847 54.428 257.623 11 16 13 587 4
228.526 50.276 104.202 12 16 13 571 3
228.526 50.276 104.202 13 16 13 571 3
228.526 50.276 104.202 14 16 13 571 3
228.526 50.276 104.202 15 16 13 571 3
228.526 50.276 104.202 16 16 13 571 3
228.526 50.276 104.202 17 16 13 571 3
228.526 50.276 104.202 18 16 13 571 3
228.526 50.276 104.202 19 16 13 571 3
228.526 50.276 104.202 20 16 13 571 3
228.526 50.276 104.202 21 16 13 571 3
228.526 50.276 104.202 22 16 13 571 3
228.526 50.276 104.202 23 16 13 571 3
228.526 50.276 104.202 24 16 13 571 3
228.526 50.276 104.202 25 16 13 571 3
228.526 50.276 104.202 26 16 13 571 3
228.526 50.276 104.202 27 16 13 571 3
228.526 50.276 104.202 28 16 13 571 3
228.526 50.276 104.202 29 16 13 571 3
228.526 50.276 104.202 30 16 13 571 3
17.847 54.428 257.623 1 17 13 587 4
17.847 54.428 257.623 2 17 13 587 4
17.847 54.428 257.623 3 17 13 587 4
17.847 54.428 257.623 4 17 13 587 4
17.847 54.428 257.623 5 17 13 587 4
17.847 54.428 257.623 6 17 13 587 4
17.847 54.428 257.623 7 17 13 587 4
17.847 54.428 257.623 8 17 13 587 4
17.847 54.428 257.623 9 17 13 587 4
17.847 54.428 257.623 10 17 13 587 4
17.847 54.428 257.623 11 17 13 587 4
228.526 50.276 104.202 12 17 13 571 3
228.526 50.276 104.202 13 17 13 571 3
228.526 50.276 104.202 14 17 13 571 3
228.526 50.276 104.202 15 17 13 571 3
228.526 50.276 104.202 16 17 13 571 3
228.526 50.276 104.202 17 17 13 571 3
228.526 50.276 104.202 18 17 13 571 3
228.526 50.276 104.202 19 17 13 571 3
228.526 50.276 104.202 20 17 13 571 3
228.526 50.276 104.202 21 17 13 571 3
228.526 50.276 104.202 22 17 13 571 3
228.526 50.276 104.202 23 17 13 571 3
228.526 50.276 104.202 24 17 13 571 3
228.526 50.276 104.202 25 17 13 571 3
228.526 50.276 104.202 26 17 13 571 3
228.526 50.276 104.202 27 17 13 571 3
228.526 50.276 104.202 28 17 13 571 3
228.526 50.276 104.202 29 17 13 571 3
228.526 50.276 104.202 30 17 13 571 3
17.847 54.428 257.623 1 18 13 587 4
17.847 54.428 257.623 2 18 13 587 4
17.847 54.428 257.623 3 18 13 587 4
17.847 54.428 257.623 4 18 13 587 4
17.847 54.428 257.623 5 18 13 587 4
17.847 54.428 257.623 6 18 13 587 4
17.847 54.428 257.623 7 18 13 587 4
17.847 54.428 257.623 8 18 13 587 4
17.847 54.428 257.623 9 18 13 587 4
17.847 54.428 257.623 10 18 13 587 4
17.847 54.428 257.623 11 18 13 587 4
228.526 50.276 104.202 12 18 13 571 3
228.526 50.276 104.202 13 18 13 571 3
228.526 50.276 104.202 14 18 13 571 3
268.956 26.950 182.919 15 18 13 583 4
268.956 26.950 182.919 16 18 13 583 4
268.956 26.950 182.919 17 18 13 583 4
268.956 26.950 182.919 18 18 13 583 4
228.526 50.276 104.202 19 18 13 571 3
228.526 50.276 104.202 20 18 13 571 3
228.526 50.276 104.202 21 18 13 571 3
228.526 50.276 104.202 22 18 13 571 3
228.526 50.276 104.202 23 18 13 571 3
228.526 50.276 104.202 24 18 13 571 3
228.526 50.276 104.202 25 18 13 571 3
178.079 61.774 315.480 26 18 13 539 2
228.526 50.276 104.202 27 18 13 571 3
228.526 50.276 104.202 28 18 13 571 3
228.526 50.276 104.202 29 18 13 571 3
228.526 50.276 104.202 30 18 13 571 3
38.921 144.145 34.682 1 19 13 575 4
38.921 144.145 34.682 2 19 13 575 4
38.921 144.145 34.682 3 19 13 575 4
38.921 144.145 34.682 4 19 13 575 4
38.921 144.145 34.682 5 19 13 575 4
17.847 54.428 257.623 6 19 13 587 4
17.847 54.428 257.623 7 19 13 587 4
17.847 54.428 257.623 8 19 13 587 4
17.847 54.428 257.623 9 19 13 587 4
17.847 54.428 257.623 10 19 13 587 4
13.860 88.349 110.050 11 19 13 642 2
70.973 119.648 230.821 12 19 13 85 1
70.973 119.648 230.821 13 19 13 85 1
268.956 26.950 182.919 14 19 13 583 4
268.956 26.950 182.919 15 19 13 583 4
268.956 26.950 182.919 16 19 13 583 4
268.956 26.950 182.919 17 19 13 583 4
268.956 26.950 182.919 18 19 13 583 4
228.526 50.276 104.202 19 19 13 571 3
228.526 50.276 104.202 20 19 13 571 3
228.526 50.276 104.202 21 19 13 571 3
228.526 50.276 104.202 22 19 13 571 3
228.526 50.276 104.202 23 19 13 571 3
228.526 50.276 104.202 24 19 13 571 3
228.526 50.276 104.202 25 19 13 571 3
228.526 50.276 104.202 26 19 13 571 3
228.526 50.276 104.202 27 19 13 571 3
228.526 50.276 104.202 28 19 13 571 3
228.526 50.276 104.202 29 19 13 571 3
228.526 50.276 104.202 30 19 13 571 3
38.921 144.145 34.682 1 20 13 575 4
38.921 144.145 34.682 2 20 13 575 4
38.921 144.145 34.682 3 20 13 575 4
38.921 144.145 34.682 4 20 13 575 4
38.921 144.145 34.682 5 20 13 575 4
38.921 144.145 34.682 6 20 13 575 4
17.847 54.428 257.623 7 20 13 587 4
17.847 54.428 257.623 8 20 13 587 4
17.847 54.428 257.623 9 20 13 587 4
13.860 88.349 110.050 10 20 13 642 2
13.860 88.349 110.050 11 20 13 642 2
70.973 119.648 230.821 12 20 13 85 1
70.973 119.648 230.821 13 20 13 85 1
268.956 26.950 182.919 14 20 13 583 4
268.956 26.950 182.919 15 20 13 583 4
268.956 26.950 182.919 16 20 13 583 4
268.956 26.950 182.919 17 20 13 583 4
268.956 26.950 182.919 18 20 13 583 4
228.526 50.276 104.202 19 20 13 571 3
144.748 167.251 322.201 20 20 13 579 4
144.748 167.251 322.201 21 20 13 579 4
144.748 167.251 322.201 22 20 13 579 4
144.748 167.251 322.201 23 20 13 579 4
144.748 167.251 322.201 24 20 13 579 4
144.748 167.251 322.201 25 20 13 579 4
144.748 167.251 322.201 26 20 13 579 4
144.748 167.251 322.201 27 20 13 579 4
228.526 50.276 104.202 28 20 13 571 3
228.526 50.276 104.202 29 20 13 571 3
225.524 146.163 160.559 30 20 13 201 1
38.921 144.145 34.682 1 21 13 575 4
38.921 144.145 34.682 2 21 13 575 4
38.921 144.145 34.682 3 21 13 575 4
38.921 144.145 34.682 4 21 13 575 4
38.921 144.145 34.682 5 21 13 575 4
38.921 144.145 34.682 6 21 13 575 4
38.921 144.145 34.682 7 21 13 575 4
17.847 54.428 257.623 8 21 13 587 4
13.860 88.349 110.050 9 21 13 642 2
13.860 88.349 110.050 10 21 13 642 2
13.860 88.349 110.050 11 21 13 642 2
70.973 119.648 230.821 12 21 13 85 1
70.973 119.648 230.821 13 21 13 85 1
70.973 119.648 230.821 14 21 13 85 1
268.956 26.950 182.919 15 21 13 583 4
268.956 26.950 182.919 16 21 13 583 4
268.956 26.950 182.919 17 21 13 583 4
268.956 26.950 182.919 18 21 13 583 4
144.748 167.251 322.201 19 21 13 579 4
267.543 102.161 238.615 20 21 13 226 1
144.748 167.251 322.201 21 21 13 579 4
144.748 167.251 322.201 22 21 13 579 4
144.748 167.251 322.201 23 21 13 579 4
144.748 167.251 322.201 24 21 13 579 4
144.748 167.251 322.201 25 21 13 579 4
144.748 167.251 322.201 26 21 13 579 4
144.748 167.251 322.201 27 21 13 579 4
144.748 167.251 322.201 28 21 13 579 4
144.748 167.251 322.201 29 21 13 579 4
144.748 167.251 322.201 30 21 13 579 4
80.957 161.770 24.449 1 22 13 580 4
80.957 161.770 24.449 2 22 13 580 4
38.921 144.145 34.682 3 22 13 575 4
38.921 144.145 34.682 4 22 13 575 4
38.921 144.145 34.682 5 22 13 575 4
38.921 144.145 34.682 6 22 13 575 4
38.921 144.145 34.682 7 22 13 575 4
326.816 156.196 93.640 8 22 13 478 2
13.860 88.349 110.050 9 22 13 642 2
13.860 88.349 110.050 10 22 13 642 2
257.817 63.586 242.715 11 22 13 552 2
70.973 119.648 230.821 12 22 13 85 1
70.973 119.648 230.821 13 22 13 85 1
70.973 119.648 230.821 14 22 13 85 1
268.956 26.950 182.919 15 22 13 583 4
268.956 26.950 182.919 16 22 13 583 4
268.956 26.950 182.919 17 22 13 583 4
144.748 167.251 322.201 18 22 13 579 4
144.748 167.251 322.201 19 22 13 579 4
144.748 167.251 322.201 20 22 13 579 4
144.748 167.251 322.201 21 22 13 579 4
144.748 167.251 322.201 22 22 13 579 4
144.748 167.251 322.201 23 22 13 579 4
144.748 167.251 322.201 24 22 13 579 4
144.748 167.251 322.201 25 22 13 579 4
144.748 167.251 322.201 26 22 13 579 4
144.748 167.251 322.201 27 22 13 579 4
144.748 167.251 322.201 28 22 13 579 4
144.748 167.251 322.201 29 22 13 579 4
144.748 167.251 322.201 30 22 13 579 4
80.957 161.770 24.449 1 23 13 580 4
80.957 161.770 24.449 2 23 13 580 4
80.957 161.770 24.449 3 23 13 580 4
80.957 161.770 24.449 4 23 13 580 4
80.957 161.770 24.449 5 23 13 580 4
80.957 161.770 24.449 6 23 13 580 4
326.816 156.196 93.640 7 23 13 478 2
326.816 156.196 93.640 8 23 13 478 2
326.816 156.196 93.640 9 23 13 478 2
13.860 88.349 110.050 10 23 13 642 2
257.817 63.586 242.715 11 23 13 552 2
257.817 63.586 242.715 12 23 13 552 2
70.973 119.648 230.821 13 23 13 85 1
268.956 26.950 182.919 14 23 13 583 4
268.956 26.950 182.919 15 23 13 583 4
268.956 26.950 182.919 16 23 13 583 4
268.956 26.950 182.919 17 23 13 583 4
144.748 167.251 322.201 18 23 13 579 4
144.748 167.251 322.201 19 23 13 579 4
144.748 167.251 322.201 20 23 13 579 4
144.748 167.251 322.201 21 23 13 579 4
144.748 167.251 322.201 22 23 13 579 4
144.748 167.251 322.201 23 23 13 579 4
144.748 167.251 322.201 24 23 13 579 4
144.748 167.251 322.201 25 23 13 579 4
144.748 167.251 322.201 26 23 13 579 4
144.748 167.251 322.201 27 23 13 579 4
144.748 167.251 322.201 28 23 13 579 4
144.748 167.251 322.201 29 23 13 579 4
144.748 167.251 322.201 30 23 13 579 4
80.957 161.770 24.449 1 24 13 580 4
80.957 161.770 24.449 2 24 13 580 4
80.957 161.770 24.449 3 24 13 580 4
80.957 161.770 24.449 4 24 13 580 4
80.957 161.770 24.449 5 24 13 580 4
80.957 161.770 24.449 6 24 13 580 4
80.957 161.770 24.449 7 24 13 580 4
326.816 156.196 93.640 8 24 13 478 2
326.816 156.196 93.640 9 24 13 478 2
326.816 156.196 93.640 10 24 13 478 2
257.817 63.586 242.715 11 24 13 552 2
257.817 63.586 242.715 12 24 13 552 2
70.973 119.648 230.821 13 24 13 85 1
268.956 26.950 182.919 14 24 13 583 4
268.956 26.950 182.919 15 24 13 583 4
268.956 26.950 182.919 16 24 13 583 4
144.748 167.251 322.201 17 24 13 579 4
144.748 167.251 322.201 18 24 13 579 4
144.748 167.251 322.201 19 24 13 579 4
144.748 167.251 322.201 20 24 13 579 4
144.748 167.251 322.201 21 24 13 579 4
144.748 167.251 322.201 22 24 13 579 4
144.748 167.251 322.201 23 24 13 579 4
144.748 167.251 322.201 24 24 13 579 4
144.748 167.251 322.201 25 24 13 579 4
144.748 167.251 322.201 26 24 13 579 4
144.748 167.251 322.201 27 24 13 579 4
144.748 167.251 322.201 28 24 13 579 4
144.748 167.251 322.201 29 24 13 579 4
144.748 167.251 322.201 30 24 13 579 4
80.957 161.770 24.449 1 25 13 580 4
80.957 161.770 24.449 2 25 13 580 4
80.957 161.770 24.449 3 25 13 580 4
80.957 161.770 24.449 4 25 13 580 4
80.957 161.770 24.449 5 25 13 580 4
80.957 161.770 24.449 6 25 13 580 4
80.957 161.770 24.449 7 25 13 580 4
80.957 161.770 24.449 8 25 13 580 4
359.763 92.374 9.375 9 25 13 394 1
359.763 92.374 9.375 10 25 13 394 1
359.763 92.374 9.375 11 25 13 394 1
257.817 63.586 242.715 12 25 13 552 2
268.956 26.950 182.919 13 25 13 583 4
268.956 26.950 182.919 14 25 13 583 4
268.956 26.950 182.919 15 25 13 583 4
268.956 26.950 182.919 16 25 13 583 4
144.748 167.251 322.201 17 25 13 579 4
144.748 167.251 322.201 18 25 13 579 4
144.748 167.251 322.201 19 25 13 579 4
144.748 167.251 322.201 20 25 13 579 4
144.748 167.251 322.201 21 25 13 579 4
144.748 167.251 322.201 22 25 13 579 4
144.748 167.251 322.201 23 25 13 579 4
144.748 167.251 322.201 24 25 13 579 4
144.748 167.251 322.201 25 25 13 579 4
144.748 167.251 322.201 26 25 13 579 4
144.748 167.251 322.201 27 25 13 579 4
144.748 167.251 322.201 28 25 13 579 4
144.748 167.251 322.201 29 25 13 579 4
144.748 167.251 322.201 30 25 13 579 4
80.957 161.770 24.449 1 26 13 580 4
80.957 161.770 24.449 2 26 13 580 4
80.957 161.770 24.449 3 26 13 580 4
80.957 161.770 24.449 4 26 13 580 4
80.957 161.770 24.449 5 26 13 580 4
80.957 161.770 24.449 6 26 13 580 4
80.957 161.770 24.449 7 26 13 580 4
80.957 161.770 24.449 8 26 13 580 4
359.763 92.374 9.375 9 26 13 394 1
80.957 161.770 24.449 10 26 13 580 4
80.957 161.770 24.449 11 26 13 580 4
80.957 161.770 24.449 12 26 13 580 4
182.639 75.913 82.054 13 26 13 480 2
182.639 75.913 82.054 14 26 13 480 2
182.639 75.913 82.054 15 26 13 480 2
182.639 75.913 82.054 16 26 13 480 2
144.748 167.251 322.201 17 26 13 579 4
144.748 167.251 322.201 18 26 13 579 4
144.748 167.251 322.201 19 26 13 579 4
144.748 167.251 322.201 20 26 13 579 4
144.748 167.251 322.201 21 26 13 579 4
144.748 167.251 322.201 22 26 13 579 4
144.748 167.251 322.201 23 26 13 579 4
144.748 167.251 322.201 24 26 13 579 4
144.748 167.251 322.201 25 26 13 579 4
144.748 167.251 322.201 26 26 13 579 4
144.748 167.251 322.201 27 26 13 579 4
144.748 167.251 322.201 28 26 13 579 4
144.748 167.251 322.201 29 26 13 579 4
144.748 167.251 322.201 30 26 13 579 4
80.957 161.770 24.449 1 27 13 580 4
80.957 161.770 24.449 2 27 13 580 4
80.957 161.770 24.449 3 27 13 580 4
80.957 161.770 24.449 4 27 13 580 4
80.957 161.770 24.449 5 27 13 580 4
80.957 161.770 24.449 6 27 13 580 4
80.957 161.770 24.449 7 27 13 580 4
80.957 161.770 24.449 8 27 13 580 4
359.763 92.374 9.375 9 27 13 394 1
80.957 161.770 24.449 10 27 13 580 4
80.957 161.770 24.449 11 27 13 580 4
80.957 161.770 24.449 12 27 13 580 4
182.639 75.913 82.054 13 27 13 480 2
182.639 75.913 82.054 14 27 13 480 2
182.639 75.913 82.054 15 27 13 480 2
182.639 75.913 82.054 16 27 13 480 2
182.639 75.913 82.054 17 27 13 480 2
330.929 136.260 323.850 18 27 13 413 1
144.748 167.251 322.201 19 27 13 579 4
144.748 167.251 322.201 20 27 13 579 4
144.748 167.251 322.201 21 27 13 579 4
144.748 167.251 322.201 22 27 13 579 4
144.748 167.251 322.201 23 27 13 579 4
144.748 167.251 322.201 24 27 13 579 4
144.748 167.251 322.201 25 27 13 579 4
144.748 167.251 322.201 26 27 13 579 4
144.748 167.251 322.201 27 27 13 579 4
144.748 167.251 322.201 28 27 13 579 4
144.748 167.251 322.201 29 27 13 579 4
144.748 167.251 322.201 30 27 13 579 4
80.957 161.770 24.449 1 28 13 580 4
80.957 161.770 24.449 2 28 13 580 4
80.957 161.770 24.449 3 28 13 580 4
80.957 161.770 24.449 4 28 13 580 4
80.957 161.770 24.449 5 28 13 580 4
80.957 161.770 24.449 6 28 13 580 4
80.957 161.770 24.449 7 28 13 580 4
80.957 161.770 24.449 8 28 13 580 4
80.957 161.770 24.449 9 28 13 580 4
80.957 161.770 24.449 10 28 13 580 4
80.957 161.770 24.449 11 28 13 580 4
80.957 161.770 24.449 12 28 13 580 4
182.639 75.913 82.054 13 28 13 480 2
182.639 75.913 82.054 14 28 13 480 2
182.639 75.913 82.054 15 28 13 480 2
182.639 75.913 82.054 16 28 13 480 2
330.929 136.260 323.850 17 28 13 413 1
330.929 136.260 323.850 18 28 13 413 1
330.929 136.260 323.850 19 28 13 413 1
144.748 167.251 322.201 20 28 13 579 4
144.748 167.251 322.201 21 28 13 579 4
144.748 167.251 322.201 22 28 13 579 4
144.748 167.251 322.201 23 28 13 579 4
144.748 167.251 322.201 24 28 13 579 4
144.748 167.251 322.201 25 28 13 579 4
144.748 167.251 322.201 26 28 13 579 4
144.748 167.251 322.201 27 28 13 579 4
144.748 167.251 322.201 28 28 13 579 4
144.748 167.251 322.201 29 28 13 579 4
144.748 167.251 322.201 30 28 13 579 4
80.957 161.770 24.449 1 29 13 580 4
80.957 161.770 24.449 2 29 13 580 4
80.957 161.770 24.449 3 29 13 580 4
80.957 161.770 24.449 4 29 13 580 4
80.957 161.770 24.449 5 29 13 580 4
80.957 161.770 24.449 6 29 13 580 4
80.957 161.770 24.449 7 29 13 580 4
80.957 161.770 24.449 8 29 13 580 4
80.957 161.770 24.449 9 29 13 580 4
80.957 161.770 24.449 10 29 13 580 4
80.957 161.770 24.449 11 29 13 580 4
80.957 161.770 24.449 12 29 13 580 4
182.639 75.913 82.054 13 29 13 480 2
182.639 75.913 82.054 14 29 13 480 2
182.639 75.913 82.054 15 29 13 480 2
330.929 136.260 323.850 16 29 13 413 1
330.929 136.260 323.850 17 29 13 413 1
330.929 136.260 323.850 18 29 13 413 1
330.929 136.260 323.850 19 29 13 413 1
144.748 167.251 322.201 20 29 13 579 4
144.748 167.251 322.201 21 29 13 579 4
144.748 167.251 322.201 22 29 13 579 4
144.748 167.251 322.201 23 29 13 579 4
144.748 167.251 322.201 24 29 13 579 4
144.748 167.251 322.201 25 29 13 579 4
144.748 167.251 322.201 26 29 13 579 4
144.748 167.251 322.201 27 29 13 579 4
144.748 167.251 322.201 28 29 13 579 4
144.748 167.251 322.201 29 29 13 579 4
144.748 167.251 322.201 30 29 13 579 4
80.957 161.770 24.449 1 30 13 580 4
80.957 161.770 24.449 2 30 13 580 4
80.957 161.770 24.449 3 30 13 580 4
80.957 161.770 24.449 4 30 13 580 4
80.957 161.770 24.449 5 30 13 580 4
80.957 161.770 24.449 6 30 13 580 4
80.957 161.770 24.449 7 30 13 580 4
80.957 161.770 24.449 8 30 13 580 4
80.957 161.770 24.449 9 30 13 580 4
80.957 161.770 24.449 10 30 13 580 4
80.957 161.770 24.449 11 30 13 580 4
80.957 161.770 24.449 12 30 13 580 4
80.957 161.770 24.449 13 30 13 580 4
182.639 75.913 82.054 14 30 13 480 2
89.973 166.390 276.598 15 30 13 548 2
89.973 166.390 276.598 16 30 13 548 2
89.973 166.390 276.598 17 30 13 548 2
330.929 136.260 323.850 18 30 13 413 1
53.429 20.362 231.541 19 30 13 526 2
53.429 20.362 231.541 20 30 13 526 2
53.429 20.362 231.541 21 30 13 526 2
144.748 167.251 322.201 22 30 13 579 4
144.748 167.251 322.201 23 30 13 579 4
144.748 167.251 322.201 24 30 13 579 4
144.748 167.251 322.201 25 30 13 579 4
144.748 167.251 322.201 26 30 13 579 4
144.748 167.251 322.201 27 30 13 579 4
144.748 167.251 322.201 28 30 13 579 4
144.748 167.251 322.201 29 30 13 579 4
144.748 167.251 322.201 30 30 13 579 4
