17.847 54.428 257.623 1 1 6 587 4
17.847 54.428 257.623 2 1 6 587 4
17.847 54.428 257.623 3 1 6 587 4
17.847 54.428 257.623 4 1 6 587 4
17.847 54.428 257.623 5 1 6 587 4
17.847 54.428 257.623 6 1 6 587 4
17.847 54.428 257.623 7 1 6 587 4
25.999 28.172 123.131 8 1 6 564 2
25.999 28.172 123.131 9 1 6 564 2
25.999 28.172 123.131 10 1 6 564 2
127.012 108.413 268.461 11 1 6 435 1
161.376 90.429 9.324 12 1 6 482 2
161.376 90.429 9.324 13 1 6 482 2
161.376 90.429 9.324 14 1 6 482 2
161.376 90.429 9.324 15 1 6 482 2
161.376 90.429 9.324 16 1 6 482 2
209.120 61.882 102.162 17 1 6 382 1
202.061 84.583 184.257 18 1 6 573 4
202.061 84.583 184.257 19 1 6 573 4
202.061 84.583 184.257 20 1 6 573 4
202.061 84.583 184.257 21 1 6 573 4
202.061 84.583 184.257 22 1 6 573 4
202.061 84.583 184.257 23 1 6 573 4
202.061 84.583 184.257 24 1 6 573 4
342.949 107.511 97.225 25 1 6 632 2
206.248 147.349 322.488 26 1 6 581 4
206.248 147.349 322.488 27 1 6 581 4
206.248 147.349 322.488 28 1 6 581 4
206.248 147.349 322.488 29 1 6 581 4
206.248 147.349 322.488 30 1 6 581 4
17.847 54.428 257.623 1 2 6 587 4
17.847 54.428 257.623 2 2 6 587 4
17.847 54.428 257.623 3 2 6 587 4
146.520 119.755 26.741 4 2 6 340 1
17.847 54.428 257.623 5 2 6 587 4
17.847 54.428 257.623 6 2 6 587 4
17.847 54.428 257.623 7 2 6 587 4
25.999 28.172 123.131 8 2 6 564 2
25.999 28.172 123.131 9 2 6 564 2
25.999 28.172 123.131 10 2 6 564 2
127.012 108.413 268.461 11 2 6 435 1
161.376 90.429 9.324 12 2 6 482 2
161.376 90.429 9.324 13 2 6 482 2
161.376 90.429 9.324 14 2 6 482 2
161.376 90.429 9.324 15 2 6 482 2
161.376 90.429 9.324 16 2 6 482 2
209.120 61.882 102.162 17 2 6 382 1
209.120 61.882 102.162 18 2 6 382 1
202.061 84.583 184.257 19 2 6 573 4
202.061 84.583 184.257 20 2 6 573 4
202.061 84.583 184.257 21 2 6 573 4
202.061 84.583 184.257 22 2 6 573 4
202.061 84.583 184.257 23 2 6 573 4
202.061 84.583 184.257 24 2 6 573 4
342.949 107.511 97.225 25 2 6 632 2
206.248 147.349 322.488 26 2 6 581 4
206.248 147.349 322.488 27 2 6 581 4
206.248 147.349 322.488 28 2 6 581 4
206.248 147.349 322.488 29 2 6 581 4
206.248 147.349 322.488 30 2 6 581 4
17.847 54.428 257.623 1 3 6 587 4
17.847 54.428 257.623 2 3 6 587 4
17.847 54.428 257.623 3 3 6 587 4
17.847 54.428 257.623 4 3 6 587 4
17.847 54.428 257.623 5 3 6 587 4
17.847 54.428 257.623 6 3 6 587 4
17.847 54.428 257.623 7 3 6 587 4
25.999 28.172 123.131 8 3 6 564 2
25.999 28.172 123.131 9 3 6 564 2
25.999 28.172 123.131 10 3 6 564 2
25.999 28.172 123.131 11 3 6 564 2
161.376 90.429 9.324 12 3 6 482 2
161.376 90.429 9.324 13 3 6 482 2
161.376 90.429 9.324 14 3 6 482 2
161.376 90.429 9.324 15 3 6 482 2
161.376 90.429 9.324 16 3 6 482 2
209.120 61.882 102.162 17 3 6 382 1
209.120 61.882 102.162 18 3 6 382 1
202.061 84.583 184.257 19 3 6 573 4
202.061 84.583 184.257 20 3 6 573 4
202.061 84.583 184.257 21 3 6 573 4
202.061 84.583 184.257 22 3 6 573 4
202.061 84.583 184.257 23 3 6 573 4
202.061 84.583 184.257 24 3 6 573 4
202.061 84.583 184.257 25 3 6 573 4
206.248 147.349 322.488 26 3 6 581 4
206.248 147.349 322.488 27 3 6 581 4
206.248 147.349 322.488 28 3 6 581 4
206.248 147.349 322.488 29 3 6 581 4
206.248 147.349 322.488 30 3 6 581 4
17.847 54.428 257.623 1 4 6 587 4
17.847 54.428 257.623 2 4 6 587 4
17.847 54.428 257.623 3 4 6 587 4
17.847 54.428 257.623 4 4 6 587 4
17.847 54.428 257.623 5 4 6 587 4
17.847 54.428 257.623 6 4 6 587 4
17.847 54.428 257.623 7 4 6 587 4
17.847 54.428 257.623 8 4 6 587 4
25.999 28.172 123.131 9 4 6 564 2
25.999 28.172 123.131 10 4 6 564 2
25.999 28.172 123.131 11 4 6 564 2
297.810 76.412 288.114 12 4 6 535 2
297.810 76.412 288.114 13 4 6 535 2
161.376 90.429 9.324 14 4 6 482 2
161.376 90.429 9.324 15 4 6 482 2
161.376 90.429 9.324 16 4 6 482 2
209.120 61.882 102.162 17 4 6 382 1
209.120 61.882 102.162 18 4 6 382 1
202.061 84.583 184.257 19 4 6 573 4
202.061 84.583 184.257 20 4 6 573 4
202.061 84.583 184.257 21 4 6 573 4
202.061 84.583 184.257 22 4 6 573 4
202.061 84.583 184.257 23 4 6 573 4
202.061 84.583 184.257 24 4 6 573 4
202.061 84.583 184.257 25 4 6 573 4
206.248 147.349 322.488 26 4 6 581 4
206.248 147.349 322.488 27 4 6 581 4
206.248 147.349 322.488 28 4 6 581 4
206.248 147.349 322.488 29 4 6 581 4
206.248 147.349 322.488 30 4 6 581 4
17.847 54.428 257.623 1 5 6 587 4
17.847 54.428 257.623 2 5 6 587 4
17.847 54.428 257.623 3 5 6 587 4
17.847 54.428 257.623 4 5 6 587 4
17.847 54.428 257.623 5 5 6 587 4
17.847 54.428 257.623 6 5 6 587 4
17.847 54.428 257.623 7 5 6 587 4
17.847 54.428 257.623 8 5 6 587 4
321.771 129.178 74.088 9 5 6 442 1
25.999 28.172 123.131 10 5 6 564 2
297.810 76.412 288.114 11 5 6 535 2
297.810 76.412 288.114 12 5 6 535 2
297.810 76.412 288.114 13 5 6 535 2
297.810 76.412 288.114 14 5 6 535 2
161.376 90.429 9.324 15 5 6 482 2
222.117 117.352 235.791 16 5 6 547 2
224.302 51.123 338.795 17 5 6 205 1
224.302 51.123 338.795 18 5 6 205 1
224.302 51.123 338.795 19 5 6 205 1
202.061 84.583 184.257 20 5 6 573 4
202.061 84.583 184.257 21 5 6 573 4
202.061 84.583 184.257 22 5 6 573 4
202.061 84.583 184.257 23 5 6 573 4
202.061 84.583 184.257 24 5 6 573 4
202.061 84.583 184.257 25 5 6 573 4
182.034 120.239 167.690 26 5 6 190 1
206.248 147.349 322.488 27 5 6 581 4
206.248 147.349 322.488 28 5 6 581 4
206.248 147.349 322.488 29 5 6 581 4
206.248 147.349 322.488 30 5 6 581 4
17.847 54.428 257.623 1 6 6 587 4
17.847 54.428 257.623 2 6 6 587 4
17.847 54.428 257.623 3 6 6 587 4
17.847 54.428 257.623 4 6 6 587 4
17.847 54.428 257.623 5 6 6 587 4
17.847 54.428 257.623 6 6 6 587 4
17.847 54.428 257.623 7 6 6 587 4
17.847 54.428 257.623 8 6 6 587 4
321.771 129.178 74.088 9 6 6 442 1
25.999 28.172 123.131 10 6 6 564 2
297.810 76.412 288.114 11 6 6 535 2
297.810 76.412 288.114 12 6 6 535 2
297.810 76.412 288.114 13 6 6 535 2
266.963 122.620 86.211 14 6 6 594 1
222.117 117.352 235.791 15 6 6 547 2
222.117 117.352 235.791 16 6 6 547 2
224.302 51.123 338.795 17 6 6 205 1
224.302 51.123 338.795 18 6 6 205 1
224.302 51.123 338.795 19 6 6 205 1
202.061 84.583 184.257 20 6 6 573 4
202.061 84.583 184.257 21 6 6 573 4
202.061 84.583 184.257 22 6 6 573 4
202.061 84.583 184.257 23 6 6 573 4
202.061 84.583 184.257 24 6 6 573 4
202.061 84.583 184.257 25 6 6 573 4
202.061 84.583 184.257 26 6 6 573 4
206.248 147.349 322.488 27 6 6 581 4
206.248 147.349 322.488 28 6 6 581 4
206.248 147.349 322.488 29 6 6 581 4
206.248 147.349 322.488 30 6 6 581 4
17.847 54.428 257.623 1 7 6 587 4
17.847 54.428 257.623 2 7 6 587 4
17.847 54.428 257.623 3 7 6 587 4
17.847 54.428 257.623 4 7 6 587 4
17.847 54.428 257.623 5 7 6 587 4
17.847 54.428 257.623 6 7 6 587 4
17.847 54.428 257.623 7 7 6 587 4
17.847 54.428 257.623 8 7 6 587 4
17.847 54.428 257.623 9 7 6 587 4
297.810 76.412 288.114 10 7 6 535 2
297.810 76.412 288.114 11 7 6 535 2
297.810 76.412 288.114 12 7 6 535 2
297.810 76.412 288.114 13 7 6 535 2
297.810 76.412 288.114 14 7 6 535 2
222.117 117.352 235.791 15 7 6 547 2
222.117 117.352 235.791 16 7 6 547 2
224.302 51.123 338.795 17 7 6 205 1
224.302 51.123 338.795 18 7 6 205 1
52.575 102.129 9.511 19 7 6 470 2
52.575 102.129 9.511 20 7 6 470 2
52.575 102.129 9.511 21 7 6 470 2
202.061 84.583 184.257 22 7 6 573 4
202.061 84.583 184.257 23 7 6 573 4
202.061 84.583 184.257 24 7 6 573 4
202.061 84.583 184.257 25 7 6 573 4
202.061 84.583 184.257 26 7 6 573 4
206.248 147.349 322.488 27 7 6 581 4
206.248 147.349 322.488 28 7 6 581 4
206.248 147.349 322.488 29 7 6 581 4
206.248 147.349 322.488 30 7 6 581 4
17.847 54.428 257.623 1 8 6 587 4
17.847 54.428 257.623 2 8 6 587 4
17.847 54.428 257.623 3 8 6 587 4
17.847 54.428 257.623 4 8 6 587 4
17.847 54.428 257.623 5 8 6 587 4
17.847 54.428 257.623 6 8 6 587 4
17.847 54.428 257.623 7 8 6 587 4
17.847 54.428 257.623 8 8 6 587 4
135.775 18.118 80.478 9 8 6 613 1
135.775 18.118 80.478 10 8 6 613 1
297.810 76.412 288.114 11 8 6 535 2
297.810 76.412 288.114 12 8 6 535 2
297.810 76.412 288.114 13 8 6 535 2
297.810 76.412 288.114 14 8 6 535 2
297.810 76.412 288.114 15 8 6 535 2
297.810 76.412 288.114 16 8 6 535 2
315.288 80.977 153.025 17 8 6 620 1
315.288 80.977 153.025 18 8 6 620 1
100.707 17.508 275.840 19 8 6 518 2
100.707 17.508 275.840 20 8 6 518 2
252.577 69.330 338.569 21 8 6 602 1
202.061 84.583 184.257 22 8 6 573 4
202.061 84.583 184.257 23 8 6 573 4
202.061 84.583 184.257 24 8 6 573 4
202.061 84.583 184.257 25 8 6 573 4
202.061 84.583 184.257 26 8 6 573 4
202.061 84.583 184.257 27 8 6 573 4
253.792 49.292 270.668 28 8 6 56 1
206.248 147.349 322.488 29 8 6 581 4
244.500 31.705 21.698 30 8 6 133 1
17.847 54.428 257.623 1 9 6 587 4
17.847 54.428 257.623 2 9 6 587 4
17.847 54.428 257.623 3 9 6 587 4
17.847 54.428 257.623 4 9 6 587 4
17.847 54.428 257.623 5 9 6 587 4
17.847 54.428 257.623 6 9 6 587 4
17.847 54.428 257.623 7 9 6 587 4
17.847 54.428 257.623 8 9 6 587 4
135.775 18.118 80.478 9 9 6 613 1
135.775 18.118 80.478 10 9 6 613 1
297.810 76.412 288.114 11 9 6 535 2
297.810 76.412 288.114 12 9 6 535 2
297.810 76.412 288.114 13 9 6 535 2
297.810 76.412 288.114 14 9 6 535 2
297.810 76.412 288.114 15 9 6 535 2
228.526 50.276 104.202 16 9 6 571 3
35.892 62.987 37.906 17 9 6 500 2
100.707 17.508 275.840 18 9 6 518 2
100.707 17.508 275.840 19 9 6 518 2
100.707 17.508 275.840 20 9 6 518 2
252.577 69.330 338.569 21 9 6 602 1
252.577 69.330 338.569 22 9 6 602 1
202.061 84.583 184.257 23 9 6 573 4
202.061 84.583 184.257 24 9 6 573 4
202.061 84.583 184.257 25 9 6 573 4
202.061 84.583 184.257 26 9 6 573 4
202.061 84.583 184.257 27 9 6 573 4
253.792 49.292 270.668 28 9 6 56 1
253.792 49.292 270.668 29 9 6 56 1
244.500 31.705 21.698 30 9 6 133 1
17.847 54.428 257.623 1 10 6 587 4
17.847 54.428 257.623 2 10 6 587 4
17.847 54.428 257.623 3 10 6 587 4
17.847 54.428 257.623 4 10 6 587 4
17.847 54.428 257.623 5 10 6 587 4
17.847 54.428 257.623 6 10 6 587 4
17.847 54.428 257.623 7 10 6 587 4
17.847 54.428 257.623 8 10 6 587 4
17.847 54.428 257.623 9 10 6 587 4
17.847 54.428 257.623 10 10 6 587 4
315.603 139.812 204.757 11 10 6 510 2
315.603 139.812 204.757 12 10 6 510 2
315.603 139.812 204.757 13 10 6 510 2
315.603 139.812 204.757 14 10 6 510 2
315.603 139.812 204.757 15 10 6 510 2
228.526 50.276 104.202 16 10 6 571 3
35.892 62.987 37.906 17 10 6 500 2
35.892 62.987 37.906 18 10 6 500 2
228.526 50.276 104.202 19 10 6 571 3
224.506 52.326 65.047 20 10 6 402 1
100.707 17.508 275.840 21 10 6 518 2
252.577 69.330 338.569 22 10 6 602 1
252.577 69.330 338.569 23 10 6 602 1
202.061 84.583 184.257 24 10 6 573 4
202.061 84.583 184.257 25 10 6 573 4
202.061 84.583 184.257 26 10 6 573 4
121.250 60.963 325.030 27 10 6 502 2
121.250 60.963 325.030 28 10 6 502 2
121.250 60.963 325.030 29 10 6 502 2
121.250 60.963 325.030 30 10 6 502 2
17.847 54.428 257.623 1 11 6 587 4
17.847 54.428 257.623 2 11 6 587 4
17.847 54.428 257.623 3 11 6 587 4
17.847 54.428 257.623 4 11 6 587 4
17.847 54.428 257.623 5 11 6 587 4
17.847 54.428 257.623 6 11 6 587 4
17.847 54.428 257.623 7 11 6 587 4
17.847 54.428 257.623 8 11 6 587 4
17.847 54.428 257.623 9 11 6 587 4
228.526 50.276 104.202 10 11 6 571 3
228.526 50.276 104.202 11 11 6 571 3
228.526 50.276 104.202 12 11 6 571 3
228.526 50.276 104.202 13 11 6 571 3
228.526 50.276 104.202 14 11 6 571 3
228.526 50.276 104.202 15 11 6 571 3
228.526 50.276 104.202 16 11 6 571 3
35.892 62.987 37.906 17 11 6 500 2
35.892 62.987 37.906 18 11 6 500 2
228.526 50.276 104.202 19 11 6 571 3
100.707 17.508 275.840 20 11 6 518 2
100.707 17.508 275.840 21 11 6 518 2
313.799 40.867 233.451 22 11 6 476 2
228.526 50.276 104.202 23 11 6 571 3
228.526 50.276 104.202 24 11 6 571 3
228.526 50.276 104.202 25 11 6 571 3
228.526 50.276 104.202 26 11 6 571 3
121.250 60.963 325.030 27 11 6 502 2
121.250 60.963 325.030 28 11 6 502 2
121.250 60.963 325.030 29 11 6 502 2
129.783 37.284 156.732 30 11 6 103 1
17.847 54.428 257.623 1 12 6 587 4
17.847 54.428 257.623 2 12 6 587 4
17.847 54.428 257.623 3 12 6 587 4
17.847 54.428 257.623 4 12 6 587 4
17.847 54.428 257.623 5 12 6 587 4
351.478 134.102 215.799 6 12 6 559 2
351.478 134.102 215.799 7 12 6 559 2
351.478 134.102 215.799 8 12 6 559 2
351.478 134.102 215.799 9 12 6 559 2
228.526 50.276 104.202 10 12 6 571 3
228.526 50.276 104.202 11 12 6 571 3
228.526 50.276 104.202 12 12 6 571 3
228.526 50.276 104.202 13 12 6 571 3
228.526 50.276 104.202 14 12 6 571 3
228.526 50.276 104.202 15 12 6 571 3
228.526 50.276 104.202 16 12 6 571 3
35.892 62.987 37.906 17 12 6 500 2
110.115 41.578 24.896 18 12 6 3 1
35.892 62.987 37.906 19 12 6 500 2
129.367 114.270 174.815 20 12 6 90 1
228.526 50.276 104.202 21 12 6 571 3
231.814 28.506 288.090 22 12 6 424 1
231.814 28.506 288.090 23 12 6 424 1
228.526 50.276 104.202 24 12 6 571 3
228.526 50.276 104.202 25 12 6 571 3
228.526 50.276 104.202 26 12 6 571 3
228.526 50.276 104.202 27 12 6 571 3
228.526 50.276 104.202 28 12 6 571 3
228.526 50.276 104.202 29 12 6 571 3
228.526 50.276 104.202 30 12 6 571 3
17.847 54.428 257.623 1 13 6 587 4
17.847 54.428 257.623 2 13 6 587 4
17.847 54.428 257.623 3 13 6 587 4
17.847 54.428 257.623 4 13 6 587 4
17.847 54.428 257.623 5 13 6 587 4
351.478 134.102 215.799 6 13 6 559 2
351.478 134.102 215.799 7 13 6 559 2
351.478 134.102 215.799 8 13 6 559 2
351.478 134.102 215.799 9 13 6 559 2
228.526 50.276 104.202 10 13 6 571 3
228.526 50.276 104.202 11 13 6 571 3
80.044 106.772 99.750 12 13 6 217 1
228.526 50.276 104.202 13 13 6 571 3
228.526 50.276 104.202 14 13 6 571 3
228.526 50.276 104.202 15 13 6 571 3
228.526 50.276 104.202 16 13 6 571 3
228.526 50.276 104.202 17 13 6 571 3
35.892 62.987 37.906 18 13 6 500 2
228.526 50.276 104.202 19 13 6 571 3
228.526 50.276 104.202 20 13 6 571 3
228.526 50.276 104.202 21 13 6 571 3
352.719 134.236 210.643 22 13 6 387 1
352.719 134.236 210.643 23 13 6 387 1
203.440 86.281 131.692 24 13 6 285 1
228.526 50.276 104.202 25 13 6 571 3
228.526 50.276 104.202 26 13 6 571 3
228.526 50.276 104.202 27 13 6 571 3
228.526 50.276 104.202 28 13 6 571 3
228.526 50.276 104.202 29 13 6 571 3
228.526 50.276 104.202 30 13 6 571 3
17.847 54.428 257.623 1 14 6 587 4
17.847 54.428 257.623 2 14 6 587 4
17.847 54.428 257.623 3 14 6 587 4
17.847 54.428 257.623 4 14 6 587 4
17.847 54.428 257.623 5 14 6 587 4
351.478 134.102 215.799 6 14 6 559 2
351.478 134.102 215.799 7 14 6 559 2
65.209 50.164 30.904 8 14 6 536 2
65.209 50.164 30.904 9 14 6 536 2
228.526 50.276 104.202 10 14 6 571 3
228.526 50.276 104.202 11 14 6 571 3
80.044 106.772 99.750 12 14 6 217 1
228.526 50.276 104.202 13 14 6 571 3
38.179 104.671 178.092 14 14 6 367 1
228.526 50.276 104.202 15 14 6 571 3
16.265 37.023 237.078 16 14 6 38 1
228.526 50.276 104.202 17 14 6 571 3
83.123 88.183 117.583 18 14 6 271 1
228.526 50.276 104.202 19 14 6 571 3
228.526 50.276 104.202 20 14 6 571 3
228.526 50.276 104.202 21 14 6 571 3
228.526 50.276 104.202 22 14 6 571 3
203.440 86.281 131.692 23 14 6 285 1
157.291 80.485 139.456 24 14 6 118 1
203.440 86.281 131.692 25 14 6 285 1
228.526 50.276 104.202 26 14 6 571 3
228.526 50.276 104.202 27 14 6 571 3
17.229 76.645 333.115 28 14 6 609 1
228.526 50.276 104.202 29 14 6 571 3
228.526 50.276 104.202 30 14 6 571 3
17.847 54.428 257.623 1 15 6 587 4
17.847 54.428 257.623 2 15 6 587 4
17.847 54.428 257.623 3 15 6 587 4
17.847 54.428 257.623 4 15 6 587 4
351.478 134.102 215.799 5 15 6 559 2
351.478 134.102 215.799 6 15 6 559 2
351.478 134.102 215.799 7 15 6 559 2
351.478 134.102 215.799 8 15 6 559 2
351.478 134.102 215.799 9 15 6 559 2
228.526 50.276 104.202 10 15 6 571 3
228.526 50.276 104.202 11 15 6 571 3
80.044 106.772 99.750 12 15 6 217 1
228.526 50.276 104.202 13 15 6 571 3
228.526 50.276 104.202 14 15 6 571 3
228.526 50.276 104.202 15 15 6 571 3
228.526 50.276 104.202 16 15 6 571 3
228.526 50.276 104.202 17 15 6 571 3
228.526 50.276 104.202 18 15 6 571 3
228.526 50.276 104.202 19 15 6 571 3
77.049 20.791 122.559 20 15 6 468 2
228.526 50.276 104.202 21 15 6 571 3
228.526 50.276 104.202 22 15 6 571 3
228.526 50.276 104.202 23 15 6 571 3
203.440 86.281 131.692 24 15 6 285 1
228.526 50.276 104.202 25 15 6 571 3
228.526 50.276 104.202 26 15 6 571 3
228.526 50.276 104.202 27 15 6 571 3
228.526 50.276 104.202 28 15 6 571 3
228.526 50.276 104.202 29 15 6 571 3
228.526 50.276 104.202 30 15 6 571 3
17.847 54.428 257.623 1 16 6 587 4
17.847 54.428 257.623 2 16 6 587 4
17.847 54.428 257.623 3 16 6 587 4
17.847 54.428 257.623 4 16 6 587 4
351.478 134.102 215.799 5 16 6 559 2
351.478 134.102 215.799 6 16 6 559 2
351.478 134.102 215.799 7 16 6 559 2
351.478 134.102 215.799 8 16 6 559 2
351.478 134.102 215.799 9 16 6 559 2
228.526 50.276 104.202 10 16 6 571 3
228.526 50.276 104.202 11 16 6 571 3
228.526 50.276 104.202 12 16 6 571 3
228.526 50.276 104.202 13 16 6 571 3
246.209 102.989 167.091 14 16 6 374 1
228.526 50.276 104.202 15 16 6 571 3
228.526 50.276 104.202 16 16 6 571 3
228.526 50.276 104.202 17 16 6 571 3
355.726 44.913 242.538 18 16 6 415 1
228.526 50.276 104.202 19 16 6 571 3
228.526 50.276 104.202 20 16 6 571 3
228.526 50.276 104.202 21 16 6 571 3
296.986 88.248 166.284 22 16 6 191 1
228.526 50.276 104.202 23 16 6 571 3
228.526 50.276 104.202 24 16 6 571 3
228.526 50.276 104.202 25 16 6 571 3
303.688 116.375 289.544 26 16 6 456 1
228.526 50.276 104.202 27 16 6 571 3
228.526 50.276 104.202 28 16 6 571 3
228.526 50.276 104.202 29 16 6 571 3
63.549 62.231 86.346 30 16 6 404 1
17.847 54.428 257.623 1 17 6 587 4
17.847 54.428 257.623 2 17 6 587 4
17.847 54.428 257.623 3 17 6 587 4
17.847 54.428 257.623 4 17 6 587 4
351.478 134.102 215.799 5 17 6 559 2
351.478 134.102 215.799 6 17 6 559 2
351.478 134.102 215.799 7 17 6 559 2
351.478 134.102 215.799 8 17 6 559 2
351.478 134.102 215.799 9 17 6 559 2
228.526 50.276 104.202 10 17 6 571 3
228.526 50.276 104.202 11 17 6 571 3
228.526 50.276 104.202 12 17 6 571 3
228.526 50.276 104.202 13 17 6 571 3
228.526 50.276 104.202 14 17 6 571 3
228.526 50.276 104.202 15 17 6 571 3
228.526 50.276 104.202 16 17 6 571 3
228.526 50.276 104.202 17 17 6 571 3
228.526 50.276 104.202 18 17 6 571 3
228.526 50.276 104.202 19 17 6 571 3
228.526 50.276 104.202 20 17 6 571 3
228.526 50.276 104.202 21 17 6 571 3
228.526 50.276 104.202 22 17 6 571 3
228.526 50.276 104.202 23 17 6 571 3
228.526 50.276 104.202 24 17 6 571 3
228.526 50.276 104.202 25 17 6 571 3
228.526 50.276 104.202 26 17 6 571 3
228.526 50.276 104.202 27 17 6 571 3
228.526 50.276 104.202 28 17 6 571 3
228.526 50.276 104.202 29 17 6 571 3
228.526 50.276 104.202 30 17 6 571 3
320.888 130.836 242.958 1 18 6 368 1
326.625 36.325 82.384 2 18 6 48 1
326.625 36.325 82.384 3 18 6 48 1
326.625 36.325 82.384 4 18 6 48 1
351.478 134.102 215.799 5 18 6 559 2
351.478 134.102 215.799 6 18 6 559 2
351.478 134.102 215.799 7 18 6 559 2
351.478 134.102 215.799 8 18 6 559 2
351.478 134.102 215.799 9 18 6 559 2
228.526 50.276 104.202 10 18 6 571 3
228.526 50.276 104.202 11 18 6 571 3
228.526 50.276 104.202 12 18 6 571 3
228.526 50.276 104.202 13 18 6 571 3
228.526 50.276 104.202 14 18 6 571 3
228.526 50.276 104.202 15 18 6 571 3
228.526 50.276 104.202 16 18 6 571 3
228.526 50.276 104.202 17 18 6 571 3
228.526 50.276 104.202 18 18 6 571 3
228.526 50.276 104.202 19 18 6 571 3
149.943 136.409 92.044 20 18 6 116 1
228.526 50.276 104.202 21 18 6 571 3
228.526 50.276 104.202 22 18 6 571 3
228.526 50.276 104.202 23 18 6 571 3
135.886 84.752 138.745 24 18 6 60 1
135.886 84.752 138.745 25 18 6 60 1
228.526 50.276 104.202 26 18 6 571 3
228.526 50.276 104.202 27 18 6 571 3
228.526 50.276 104.202 28 18 6 571 3
228.526 50.276 104.202 29 18 6 571 3
228.526 50.276 104.202 30 18 6 571 3
320.888 130.836 242.958 1 19 6 368 1
326.625 36.325 82.384 2 19 6 48 1
326.625 36.325 82.384 3 19 6 48 1
326.625 36.325 82.384 4 19 6 48 1
38.921 144.145 34.682 5 19 6 575 4
351.478 134.102 215.799 6 19 6 559 2
351.478 134.102 215.799 7 19 6 559 2
351.478 134.102 215.799 8 19 6 559 2
351.478 134.102 215.799 9 19 6 559 2
228.526 50.276 104.202 10 19 6 571 3
228.526 50.276 104.202 11 19 6 571 3
228.526 50.276 104.202 12 19 6 571 3
228.526 50.276 104.202 13 19 6 571 3
228.526 50.276 104.202 14 19 6 571 3
228.526 50.276 104.202 15 19 6 571 3
228.526 50.276 104.202 16 19 6 571 3
228.526 50.276 104.202 17 19 6 571 3
228.526 50.276 104.202 18 19 6 571 3
228.526 50.276 104.202 19 19 6 571 3
228.526 50.276 104.202 20 19 6 571 3
228.526 50.276 104.202 21 19 6 571 3
228.526 50.276 104.202 22 19 6 571 3
228.526 50.276 104.202 23 19 6 571 3
135.886 84.752 138.745 24 19 6 60 1
135.886 84.752 138.745 25 19 6 60 1
228.526 50.276 104.202 26 19 6 571 3
228.526 50.276 104.202 27 19 6 571 3
228.526 50.276 104.202 28 19 6 571 3
228.526 50.276 104.202 29 19 6 571 3
228.526 50.276 104.202 30 19 6 571 3
38.921 144.145 34.682 1 20 6 575 4
38.921 144.145 34.682 2 20 6 575 4
38.921 144.145 34.682 3 20 6 575 4
38.921 144.145 34.682 4 20 6 575 4
38.921 144.145 34.682 5 20 6 575 4
38.921 144.145 34.682 6 20 6 575 4
38.921 144.145 34.682 7 20 6 575 4
38.921 144.145 34.682 8 20 6 575 4
306.910 115.738 280.187 9 20 6 239 1
306.910 115.738 280.187 10 20 6 239 1
306.910 115.738 280.187 11 20 6 239 1
306.910 115.738 280.187 12 20 6 239 1
228.526 50.276 104.202 13 20 6 571 3
16.880 127.157 39.826 14 20 6 554 2
16.880 127.157 39.826 15 20 6 554 2
16.880 127.157 39.826 16 20 6 554 2
228.526 50.276 104.202 17 20 6 571 3
228.526 50.276 104.202 18 20 6 571 3
228.526 50.276 104.202 19 20 6 571 3
228.526 50.276 104.202 20 20 6 571 3
228.526 50.276 104.202 21 20 6 571 3
228.526 50.276 104.202 22 20 6 571 3
228.526 50.276 104.202 23 20 6 571 3
228.526 50.276 104.202 24 20 6 571 3
228.526 50.276 104.202 25 20 6 571 3
228.526 50.276 104.202 26 20 6 571 3
228.526 50.276 104.202 27 20 6 571 3
199.727 47.791 179.755 28 20 6 14 1
228.526 50.276 104.202 29 20 6 571 3
108.114 80.157 109.558 30 20 6 569 2
38.921 144.145 34.682 1 21 6 575 4
38.921 144.145 34.682 2 21 6 575 4
38.921 144.145 34.682 3 21 6 575 4
38.921 144.145 34.682 4 21 6 575 4
38.921 144.145 34.682 5 21 6 575 4
38.921 144.145 34.682 6 21 6 575 4
38.921 144.145 34.682 7 21 6 575 4
38.921 144.145 34.682 8 21 6 575 4
38.921 144.145 34.682 9 21 6 575 4
306.910 115.738 280.187 10 21 6 239 1
306.910 115.738 280.187 11 21 6 239 1
43.450 88.287 136.824 12 21 6 211 1
244.132 94.016 227.779 13 21 6 474 2
16.880 127.157 39.826 14 21 6 554 2
16.880 127.157 39.826 15 21 6 554 2
16.880 127.157 39.826 16 21 6 554 2
16.880 127.157 39.826 17 21 6 554 2
228.526 50.276 104.202 18 21 6 571 3
228.526 50.276 104.202 19 21 6 571 3
228.526 50.276 104.202 20 21 6 571 3
228.526 50.276 104.202 21 21 6 571 3
228.526 50.276 104.202 22 21 6 571 3
228.526 50.276 104.202 23 21 6 571 3
228.526 50.276 104.202 24 21 6 571 3
228.526 50.276 104.202 25 21 6 571 3
228.526 50.276 104.202 26 21 6 571 3
228.526 50.276 104.202 27 21 6 571 3
228.526 50.276 104.202 28 21 6 571 3
228.526 50.276 104.202 29 21 6 571 3
228.526 50.276 104.202 30 21 6 571 3
38.921 144.145 34.682 1 22 6 575 4
38.921 144.145 34.682 2 22 6 575 4
38.921 144.145 34.682 3 22 6 575 4
38.921 144.145 34.682 4 22 6 575 4
38.921 144.145 34.682 5 22 6 575 4
38.921 144.145 34.682 6 22 6 575 4
38.921 144.145 34.682 7 22 6 575 4
38.921 144.145 34.682 8 22 6 575 4
38.921 144.145 34.682 9 22 6 575 4
43.450 88.287 136.824 10 22 6 211 1
43.450 88.287 136.824 11 22 6 211 1
43.450 88.287 136.824 12 22 6 211 1
43.450 88.287 136.824 13 22 6 211 1
43.450 88.287 136.824 14 22 6 211 1
16.880 127.157 39.826 15 22 6 554 2
16.880 127.157 39.826 16 22 6 554 2
16.880 127.157 39.826 17 22 6 554 2
16.880 127.157 39.826 18 22 6 554 2
228.526 50.276 104.202 19 22 6 571 3
228.526 50.276 104.202 20 22 6 571 3
228.526 50.276 104.202 21 22 6 571 3
221.866 60.610 268.583 22 22 6 484 2
197.475 38.871 113.356 23 22 6 124 1
20.997 43.681 141.790 24 22 6 1 1
20.997 43.681 141.790 25 22 6 1 1
228.526 50.276 104.202 26 22 6 571 3
228.526 50.276 104.202 27 22 6 571 3
228.526 50.276 104.202 28 22 6 571 3
228.526 50.276 104.202 29 22 6 571 3
228.526 50.276 104.202 30 22 6 571 3
38.921 144.145 34.682 1 23 6 575 4
38.921 144.145 34.682 2 23 6 575 4
38.921 144.145 34.682 3 23 6 575 4
38.921 144.145 34.682 4 23 6 575 4
38.921 144.145 34.682 5 23 6 575 4
38.921 144.145 34.682 6 23 6 575 4
38.921 144.145 34.682 7 23 6 575 4
38.921 144.145 34.682 8 23 6 575 4
43.450 88.287 136.824 9 23 6 211 1
43.450 88.287 136.824 10 23 6 211 1
43.450 88.287 136.824 11 23 6 211 1
43.450 88.287 136.824 12 23 6 211 1
43.450 88.287 136.824 13 23 6 211 1
43.450 88.287 136.824 14 23 6 211 1
16.880 127.157 39.826 15 23 6 554 2
16.880 127.157 39.826 16 23 6 554 2
16.880 127.157 39.826 17 23 6 554 2
16.880 127.157 39.826 18 23 6 554 2
144.748 167.251 322.201 19 23 6 579 4
144.748 167.251 322.201 20 23 6 579 4
144.748 167.251 322.201 21 23 6 579 4
144.748 167.251 322.201 22 23 6 579 4
144.748 167.251 322.201 23 23 6 579 4
312.585 36.309 297.642 24 23 6 327 1
144.748 167.251 322.201 25 23 6 579 4
144.748 167.251 322.201 26 23 6 579 4
228.526 50.276 104.202 27 23 6 571 3
301.595 50.333 332.059 28 23 6 128 1
301.595 50.333 332.059 29 23 6 128 1
228.526 50.276 104.202 30 23 6 571 3
38.921 144.145 34.682 1 24 6 575 4
38.921 144.145 34.682 2 24 6 575 4
38.921 144.145 34.682 3 24 6 575 4
38.921 144.145 34.682 4 24 6 575 4
38.921 144.145 34.682 5 24 6 575 4
38.921 144.145 34.682 6 24 6 575 4
38.921 144.145 34.682 7 24 6 575 4
38.921 144.145 34.682 8 24 6 575 4
43.450 88.287 136.824 9 24 6 211 1
43.450 88.287 136.824 10 24 6 211 1
43.450 88.287 136.824 11 24 6 211 1
43.450 88.287 136.824 12 24 6 211 1
43.450 88.287 136.824 13 24 6 211 1
43.450 88.287 136.824 14 24 6 211 1
43.450 88.287 136.824 15 24 6 211 1
16.880 127.157 39.826 16 24 6 554 2
16.880 127.157 39.826 17 24 6 554 2
16.880 127.157 39.826 18 24 6 554 2
144.748 167.251 322.201 19 24 6 579 4
144.748 167.251 322.201 20 24 6 579 4
144.748 167.251 322.201 21 24 6 579 4
144.748 167.251 322.201 22 24 6 579 4
144.748 167.251 322.201 23 24 6 579 4
144.748 167.251 322.201 24 24 6 579 4
144.748 167.251 322.201 25 24 6 579 4
144.748 167.251 322.201 26 24 6 579 4
301.595 50.333 332.059 27 24 6 128 1
301.595 50.333 332.059 28 24 6 128 1
301.595 50.333 332.059 29 24 6 128 1
228.526 50.276 104.202 30 24 6 571 3
38.921 144.145 34.682 1 25 6 575 4
38.921 144.145 34.682 2 25 6 575 4
38.921 144.145 34.682 3 25 6 575 4
38.921 144.145 34.682 4 25 6 575 4
38.921 144.145 34.682 5 25 6 575 4
38.921 144.145 34.682 6 25 6 575 4
38.921 144.145 34.682 7 25 6 575 4
38.921 144.145 34.682 8 25 6 575 4
43.450 88.287 136.824 9 25 6 211 1
43.450 88.287 136.824 10 25 6 211 1
43.450 88.287 136.824 11 25 6 211 1
43.450 88.287 136.824 12 25 6 211 1
43.450 88.287 136.824 13 25 6 211 1
43.450 88.287 136.824 14 25 6 211 1
43.450 88.287 136.824 15 25 6 211 1
16.880 127.157 39.826 16 25 6 554 2
16.880 127.157 39.826 17 25 6 554 2
144.748 167.251 322.201 18 25 6 579 4
144.748 167.251 322.201 19 25 6 579 4
144.748 167.251 322.201 20 25 6 579 4
144.748 167.251 322.201 21 25 6 579 4
144.748 167.251 322.201 22 25 6 579 4
144.748 167.251 322.201 23 25 6 579 4
144.748 167.251 322.201 24 25 6 579 4
144.748 167.251 322.201 25 25 6 579 4
144.748 167.251 322.201 26 25 6 579 4
301.595 50.333 332.059 27 25 6 128 1
301.595 50.333 332.059 28 25 6 128 1
301.595 50.333 332.059 29 25 6 128 1
301.595 50.333 332.059 30 25 6 128 1
38.921 144.145 34.682 1 26 6 575 4
38.921 144.145 34.682 2 26 6 575 4
38.921 144.145 34.682 3 26 6 575 4
38.921 144.145 34.682 4 26 6 575 4
38.921 144.145 34.682 5 26 6 575 4
38.921 144.145 34.682 6 26 6 575 4
38.921 144.145 34.682 7 26 6 575 4
38.921 144.145 34.682 8 26 6 575 4
43.450 88.287 136.824 9 26 6 211 1
43.450 88.287 136.824 10 26 6 211 1
43.450 88.287 136.824 11 26 6 211 1
43.450 88.287 136.824 12 26 6 211 1
43.450 88.287 136.824 13 26 6 211 1
43.450 88.287 136.824 14 26 6 211 1
43.450 88.287 136.824 15 26 6 211 1
16.880 127.157 39.826 16 26 6 554 2
16.880 127.157 39.826 17 26 6 554 2
144.748 167.251 322.201 18 26 6 579 4
144.748 167.251 322.201 19 26 6 579 4
144.748 167.251 322.201 20 26 6 579 4
144.748 167.251 322.201 21 26 6 579 4
144.748 167.251 322.201 22 26 6 579 4
144.748 167.251 322.201 23 26 6 579 4
144.748 167.251 322.201 24 26 6 579 4
144.748 167.251 322.201 25 26 6 579 4
144.748 167.251 322.201 26 26 6 579 4
144.748 167.251 322.201 27 26 6 579 4
301.595 50.333 332.059 28 26 6 128 1
301.595 50.333 332.059 29 26 6 128 1
301.595 50.333 332.059 30 26 6 128 1
80.957 161.770 24.449 1 27 6 580 4
38.921 144.145 34.682 2 27 6 575 4
38.921 144.145 34.682 3 27 6 575 4
38.921 144.145 34.682 4 27 6 575 4
38.921 144.145 34.682 5 27 6 575 4
38.921 144.145 34.682 6 27 6 575 4
38.921 144.145 34.682 7 27 6 575 4
318.203 137.072 288.614 8 27 6 378 1
43.450 88.287 136.824 9 27 6 211 1
106.973 116.443 208.137 10 27 6 578 4
106.973 116.443 208.137 11 27 6 578 4
272.481 58.192 319.944 12 27 6 59 1
272.481 58.192 319.944 13 27 6 59 1
199.580 124.313 248.933 14 27 6 497 2
0.051 65.304 40.149 15 27 6 467 2
0.051 65.304 40.149 16 27 6 467 2
0.051 65.304 40.149 17 27 6 467 2
144.748 167.251 322.201 18 27 6 579 4
144.748 167.251 322.201 19 27 6 579 4
144.748 167.251 322.201 20 27 6 579 4
144.748 167.251 322.201 21 27 6 579 4
144.748 167.251 322.201 22 27 6 579 4
144.748 167.251 322.201 23 27 6 579 4
144.748 167.251 322.201 24 27 6 579 4
144.748 167.251 322.201 25 27 6 579 4
144.748 167.251 322.201 26 27 6 579 4
144.748 167.251 322.201 27 27 6 579 4
144.748 167.251 322.201 28 27 6 579 4
144.748 167.251 322.201 29 27 6 579 4
144.748 167.251 322.201 30 27 6 579 4
80.957 161.770 24.449 1 28 6 580 4
80.957 161.770 24.449 2 28 6 580 4
38.921 144.145 34.682 3 28 6 575 4
38.921 144.145 34.682 4 28 6 575 4
38.921 144.145 34.682 5 28 6 575 4
38.921 144.145 34.682 6 28 6 575 4
95.598 99.281 113.432 7 28 6 561 2
95.598 99.281 113.432 8 28 6 561 2
14.760 107.433 232.019 9 28 6 336 1
106.973 116.443 208.137 10 28 6 578 4
106.973 116.443 208.137 11 28 6 578 4
272.481 58.192 319.944 12 28 6 59 1
87.259 129.436 156.592 13 28 6 427 1
87.259 129.436 156.592 14 28 6 427 1
87.259 129.436 156.592 15 28 6 427 1
0.051 65.304 40.149 16 28 6 467 2
53.429 20.362 231.541 17 28 6 526 2
53.429 20.362 231.541 18 28 6 526 2
53.429 20.362 231.541 19 28 6 526 2
144.748 167.251 322.201 20 28 6 579 4
144.748 167.251 322.201 21 28 6 579 4
144.748 167.251 322.201 22 28 6 579 4
144.748 167.251 322.201 23 28 6 579 4
144.748 167.251 322.201 24 28 6 579 4
144.748 167.251 322.201 25 28 6 579 4
144.748 167.251 322.201 26 28 6 579 4
144.748 167.251 322.201 27 28 6 579 4
144.748 167.251 322.201 28 28 6 579 4
278.174 75.616 134.068 29 28 6 347 1
278.174 75.616 134.068 30 28 6 347 1
80.957 161.770 24.449 1 29 6 580 4
267.715 135.781 115.540 2 29 6 485 2
267.715 135.781 115.540 3 29 6 485 2
267.715 135.781 115.540 4 29 6 485 2
95.598 99.281 113.432 5 29 6 561 2
95.598 99.281 113.432 6 29 6 561 2
95.598 99.281 113.432 7 29 6 561 2
95.598 99.281 113.432 8 29 6 561 2
14.760 107.433 232.019 9 29 6 336 1
14.760 107.433 232.019 10 29 6 336 1
87.259 129.436 156.592 11 29 6 427 1
87.259 129.436 156.592 12 29 6 427 1
87.259 129.436 156.592 13 29 6 427 1
87.259 129.436 156.592 14 29 6 427 1
87.259 129.436 156.592 15 29 6 427 1
87.259 129.436 156.592 16 29 6 427 1
53.429 20.362 231.541 17 29 6 526 2
53.429 20.362 231.541 18 29 6 526 2
53.429 20.362 231.541 19 29 6 526 2
53.429 20.362 231.541 20 29 6 526 2
53.429 20.362 231.541 21 29 6 526 2
144.748 167.251 322.201 22 29 6 579 4
144.748 167.251 322.201 23 29 6 579 4
144.748 167.251 322.201 24 29 6 579 4
144.748 167.251 322.201 25 29 6 579 4
301.881 72.538 148.311 26 29 6 186 1
301.881 72.538 148.311 27 29 6 186 1
278.174 75.616 134.068 28 29 6 347 1
278.174 75.616 134.068 29 29 6 347 1
278.174 75.616 134.068 30 29 6 347 1
267.715 135.781 115.540 1 30 6 485 2
267.715 135.781 115.540 2 30 6 485 2
267.715 135.781 115.540 3 30 6 485 2
267.715 135.781 115.540 4 30 6 485 2
267.715 135.781 115.540 5 30 6 485 2
95.598 99.281 113.432 6 30 6 561 2
95.598 99.281 113.432 7 30 6 561 2
95.598 99.281 113.432 8 30 6 561 2
14.760 107.433 232.019 9 30 6 336 1
14.760 107.433 232.019 10 30 6 336 1
87.259 129.436 156.592 11 30 6 427 1
87.259 129.436 156.592 12 30 6 427 1
87.259 129.436 156.592 13 30 6 427 1
87.259 129.436 156.592 14 30 6 427 1
173.533 132.146 131.732 15 30 6 221 1
173.533 132.146 131.732 16 30 6 221 1
53.429 20.362 231.541 17 30 6 526 2
53.429 20.362 231.541 18 30 6 526 2
53.429 20.362 231.541 19 30 6 526 2
53.429 20.362 231.541 20 30 6 526 2
53.429 20.362 231.541 21 30 6 526 2
98.247 77.896 39.078 22 30 6 79 1
98.247 77.896 39.078 23 30 6 79 1
144.748 167.251 322.201 24 30 6 579 4
301.881 72.538 148.311 25 30 6 186 1
301.881 72.538 148.311 26 30 6 186 1
301.881 72.538 148.311 27 30 6 186 1
278.174 75.616 134.068 28 30 6 347 1
278.174 75.616 134.068 29 30 6 347 1
278.174 75.616 134.068 30 30 6 347 1
