17.847 54.428 257.623 1 1 11 587 4
17.847 54.428 257.623 2 1 11 587 4
17.847 54.428 257.623 3 1 11 587 4
17.847 54.428 257.623 4 1 11 587 4
17.847 54.428 257.623 5 1 11 587 4
17.847 54.428 257.623 6 1 11 587 4
17.847 54.428 257.623 7 1 11 587 4
17.847 54.428 257.623 8 1 11 587 4
155.660 114.395 73.678 9 1 11 555 2
155.660 114.395 73.678 10 1 11 555 2
297.333 41.979 284.201 11 1 11 493 2
297.333 41.979 284.201 12 1 11 493 2
297.333 41.979 284.201 13 1 11 493 2
297.333 41.979 284.201 14 1 11 493 2
122.879 60.630 26.768 15 1 11 534 2
122.879 60.630 26.768 16 1 11 534 2
122.879 60.630 26.768 17 1 11 534 2
122.879 60.630 26.768 18 1 11 534 2
122.879 60.630 26.768 19 1 11 534 2
122.879 60.630 26.768 20 1 11 534 2
34.095 110.466 220.118 21 1 11 154 1
34.095 110.466 220.118 22 1 11 154 1
218.196 100.407 216.500 23 1 11 278 1
34.361 115.539 105.912 24 1 11 45 1
34.361 115.539 105.912 25 1 11 45 1
34.361 115.539 105.912 26 1 11 45 1
206.248 147.349 322.488 27 1 11 581 4
206.248 147.349 322.488 28 1 11 581 4
206.248 147.349 322.488 29 1 11 581 4
206.248 147.349 322.488 30 1 11 581 4
17.847 54.428 257.623 1 2 11 587 4
17.847 54.428 257.623 2 2 11 587 4
17.847 54.428 257.623 3 2 11 587 4
17.847 54.428 257.623 4 2 11 587 4
17.847 54.428 257.623 5 2 11 587 4
17.847 54.428 257.623 6 2 11 587 4
17.847 54.428 257.623 7 2 11 587 4
17.847 54.428 257.623 8 2 11 587 4
155.660 114.395 73.678 9 2 11 555 2
155.660 114.395 73.678 10 2 11 555 2
297.333 41.979 284.201 11 2 11 493 2
297.333 41.979 284.201 12 2 11 493 2
297.333 41.979 284.201 13 2 11 493 2
297.333 41.979 284.201 14 2 11 493 2
297.333 41.979 284.201 15 2 11 493 2
122.879 60.630 26.768 16 2 11 534 2
122.879 60.630 26.768 17 2 11 534 2
122.879 60.630 26.768 18 2 11 534 2
122.879 60.630 26.768 19 2 11 534 2
122.879 60.630 26.768 20 2 11 534 2
34.095 110.466 220.118 21 2 11 154 1
34.095 110.466 220.118 22 2 11 154 1
34.361 115.539 105.912 23 2 11 45 1
34.361 115.539 105.912 24 2 11 45 1
34.361 115.539 105.912 25 2 11 45 1
34.361 115.539 105.912 26 2 11 45 1
206.248 147.349 322.488 27 2 11 581 4
206.248 147.349 322.488 28 2 11 581 4
206.248 147.349 322.488 29 2 11 581 4
206.248 147.349 322.488 30 2 11 581 4
17.847 54.428 257.623 1 3 11 587 4
17.847 54.428 257.623 2 3 11 587 4
17.847 54.428 257.623 3 3 11 587 4
17.847 54.428 257.623 4 3 11 587 4
17.847 54.428 257.623 5 3 11 587 4
17.847 54.428 257.623 6 3 11 587 4
17.847 54.428 257.623 7 3 11 587 4
17.847 54.428 257.623 8 3 11 587 4
17.847 54.428 257.623 9 3 11 587 4
17.847 54.428 257.623 10 3 11 587 4
297.333 41.979 284.201 11 3 11 493 2
297.333 41.979 284.201 12 3 11 493 2
297.333 41.979 284.201 13 3 11 493 2
297.333 41.979 284.201 14 3 11 493 2
297.333 41.979 284.201 15 3 11 493 2
118.017 32.763 130.657 16 3 11 491 2
122.879 60.630 26.768 17 3 11 534 2
122.879 60.630 26.768 18 3 11 534 2
156.066 120.811 29.118 19 3 11 213 1
156.066 120.811 29.118 20 3 11 213 1
140.942 33.973 145.734 21 3 11 465 2
140.942 33.973 145.734 22 3 11 465 2
140.942 33.973 145.734 23 3 11 465 2
34.361 115.539 105.912 24 3 11 45 1
34.361 115.539 105.912 25 3 11 45 1
34.361 115.539 105.912 26 3 11 45 1
206.248 147.349 322.488 27 3 11 581 4
206.248 147.349 322.488 28 3 11 581 4
206.248 147.349 322.488 29 3 11 581 4
206.248 147.349 322.488 30 3 11 581 4
17.847 54.428 257.623 1 4 11 587 4
17.847 54.428 257.623 2 4 11 587 4
17.847 54.428 257.623 3 4 11 587 4
17.847 54.428 257.623 4 4 11 587 4
17.847 54.428 257.623 5 4 11 587 4
17.847 54.428 257.623 6 4 11 587 4
17.847 54.428 257.623 7 4 11 587 4
17.847 54.428 257.623 8 4 11 587 4
17.847 54.428 257.623 9 4 11 587 4
17.847 54.428 257.623 10 4 11 587 4
297.333 41.979 284.201 11 4 11 493 2
297.333 41.979 284.201 12 4 11 493 2
297.333 41.979 284.201 13 4 11 493 2
297.333 41.979 284.201 14 4 11 493 2
297.333 41.979 284.201 15 4 11 493 2
118.017 32.763 130.657 16 4 11 491 2
118.017 32.763 130.657 17 4 11 491 2
0.616 10.754 64.589 18 4 11 380 1
156.066 120.811 29.118 19 4 11 213 1
277.811 131.245 72.686 20 4 11 227 1
140.942 33.973 145.734 21 4 11 465 2
140.942 33.973 145.734 22 4 11 465 2
140.942 33.973 145.734 23 4 11 465 2
140.942 33.973 145.734 24 4 11 465 2
225.986 134.113 168.263 25 4 11 359 1
225.986 134.113 168.263 26 4 11 359 1
206.248 147.349 322.488 27 4 11 581 4
206.248 147.349 322.488 28 4 11 581 4
206.248 147.349 322.488 29 4 11 581 4
206.248 147.349 322.488 30 4 11 581 4
17.847 54.428 257.623 1 5 11 587 4
17.847 54.428 257.623 2 5 11 587 4
17.847 54.428 257.623 3 5 11 587 4
17.847 54.428 257.623 4 5 11 587 4
17.847 54.428 257.623 5 5 11 587 4
17.847 54.428 257.623 6 5 11 587 4
17.847 54.428 257.623 7 5 11 587 4
17.847 54.428 257.623 8 5 11 587 4
17.847 54.428 257.623 9 5 11 587 4
17.847 54.428 257.623 10 5 11 587 4
17.847 54.428 257.623 11 5 11 587 4
297.333 41.979 284.201 12 5 11 493 2
297.333 41.979 284.201 13 5 11 493 2
297.333 41.979 284.201 14 5 11 493 2
297.333 41.979 284.201 15 5 11 493 2
228.526 50.276 104.202 16 5 11 571 3
228.526 50.276 104.202 17 5 11 571 3
14.115 99.103 215.330 18 5 11 232 1
228.526 50.276 104.202 19 5 11 571 3
228.526 50.276 104.202 20 5 11 571 3
228.526 50.276 104.202 21 5 11 571 3
140.942 33.973 145.734 22 5 11 465 2
140.942 33.973 145.734 23 5 11 465 2
140.942 33.973 145.734 24 5 11 465 2
228.526 50.276 104.202 25 5 11 571 3
228.526 50.276 104.202 26 5 11 571 3
206.248 147.349 322.488 27 5 11 581 4
206.248 147.349 322.488 28 5 11 581 4
206.248 147.349 322.488 29 5 11 581 4
206.248 147.349 322.488 30 5 11 581 4
17.847 54.428 257.623 1 6 11 587 4
17.847 54.428 257.623 2 6 11 587 4
17.847 54.428 257.623 3 6 11 587 4
17.847 54.428 257.623 4 6 11 587 4
17.847 54.428 257.623 5 6 11 587 4
17.847 54.428 257.623 6 6 11 587 4
17.847 54.428 257.623 7 6 11 587 4
17.847 54.428 257.623 8 6 11 587 4
17.847 54.428 257.623 9 6 11 587 4
17.847 54.428 257.623 10 6 11 587 4
17.847 54.428 257.623 11 6 11 587 4
228.526 50.276 104.202 12 6 11 571 3
228.526 50.276 104.202 13 6 11 571 3
228.526 50.276 104.202 14 6 11 571 3
228.526 50.276 104.202 15 6 11 571 3
228.526 50.276 104.202 16 6 11 571 3
228.526 50.276 104.202 17 6 11 571 3
315.248 55.535 313.355 18 6 11 241 1
228.526 50.276 104.202 19 6 11 571 3
228.526 50.276 104.202 20 6 11 571 3
228.526 50.276 104.202 21 6 11 571 3
140.942 33.973 145.734 22 6 11 465 2
140.942 33.973 145.734 23 6 11 465 2
228.526 50.276 104.202 24 6 11 571 3
228.526 50.276 104.202 25 6 11 571 3
228.526 50.276 104.202 26 6 11 571 3
228.526 50.276 104.202 27 6 11 571 3
295.375 63.706 154.659 28 6 11 169 1
206.248 147.349 322.488 29 6 11 581 4
206.248 147.349 322.488 30 6 11 581 4
17.847 54.428 257.623 1 7 11 587 4
17.847 54.428 257.623 2 7 11 587 4
17.847 54.428 257.623 3 7 11 587 4
17.847 54.428 257.623 4 7 11 587 4
17.847 54.428 257.623 5 7 11 587 4
17.847 54.428 257.623 6 7 11 587 4
17.847 54.428 257.623 7 7 11 587 4
17.847 54.428 257.623 8 7 11 587 4
17.847 54.428 257.623 9 7 11 587 4
17.847 54.428 257.623 10 7 11 587 4
228.526 50.276 104.202 11 7 11 571 3
228.526 50.276 104.202 12 7 11 571 3
228.526 50.276 104.202 13 7 11 571 3
228.526 50.276 104.202 14 7 11 571 3
228.526 50.276 104.202 15 7 11 571 3
228.526 50.276 104.202 16 7 11 571 3
228.526 50.276 104.202 17 7 11 571 3
228.526 50.276 104.202 18 7 11 571 3
228.526 50.276 104.202 19 7 11 571 3
228.526 50.276 104.202 20 7 11 571 3
228.526 50.276 104.202 21 7 11 571 3
228.526 50.276 104.202 22 7 11 571 3
228.526 50.276 104.202 23 7 11 571 3
228.526 50.276 104.202 24 7 11 571 3
228.526 50.276 104.202 25 7 11 571 3
228.526 50.276 104.202 26 7 11 571 3
228.526 50.276 104.202 27 7 11 571 3
228.526 50.276 104.202 28 7 11 571 3
228.526 50.276 104.202 29 7 11 571 3
228.526 50.276 104.202 30 7 11 571 3
17.847 54.428 257.623 1 8 11 587 4
17.847 54.428 257.623 2 8 11 587 4
17.847 54.428 257.623 3 8 11 587 4
17.847 54.428 257.623 4 8 11 587 4
17.847 54.428 257.623 5 8 11 587 4
17.847 54.428 257.623 6 8 11 587 4
17.847 54.428 257.623 7 8 11 587 4
17.847 54.428 257.623 8 8 11 587 4
17.847 54.428 257.623 9 8 11 587 4
17.847 54.428 257.623 10 8 11 587 4
228.526 50.276 104.202 11 8 11 571 3
228.526 50.276 104.202 12 8 11 571 3
228.526 50.276 104.202 13 8 11 571 3
228.526 50.276 104.202 14 8 11 571 3
228.526 50.276 104.202 15 8 11 571 3
228.526 50.276 104.202 16 8 11 571 3
228.526 50.276 104.202 17 8 11 571 3
228.526 50.276 104.202 18 8 11 571 3
228.526 50.276 104.202 19 8 11 571 3
228.526 50.276 104.202 20 8 11 571 3
228.526 50.276 104.202 21 8 11 571 3
228.526 50.276 104.202 22 8 11 571 3
228.526 50.276 104.202 23 8 11 571 3
228.526 50.276 104.202 24 8 11 571 3
228.526 50.276 104.202 25 8 11 571 3
228.526 50.276 104.202 26 8 11 571 3
228.526 50.276 104.202 27 8 11 571 3
228.526 50.276 104.202 28 8 11 571 3
228.526 50.276 104.202 29 8 11 571 3
228.526 50.276 104.202 30 8 11 571 3
17.847 54.428 257.623 1 9 11 587 4
17.847 54.428 257.623 2 9 11 587 4
17.847 54.428 257.623 3 9 11 587 4
17.847 54.428 257.623 4 9 11 587 4
17.847 54.428 257.623 5 9 11 587 4
17.847 54.428 257.623 6 9 11 587 4
17.847 54.428 257.623 7 9 11 587 4
17.847 54.428 257.623 8 9 11 587 4
17.847 54.428 257.623 9 9 11 587 4
17.847 54.428 257.623 10 9 11 587 4
228.526 50.276 104.202 11 9 11 571 3
228.526 50.276 104.202 12 9 11 571 3
228.526 50.276 104.202 13 9 11 571 3
228.526 50.276 104.202 14 9 11 571 3
228.526 50.276 104.202 15 9 11 571 3
228.526 50.276 104.202 16 9 11 571 3
228.526 50.276 104.202 17 9 11 571 3
228.526 50.276 104.202 18 9 11 571 3
228.526 50.276 104.202 19 9 11 571 3
228.526 50.276 104.202 20 9 11 571 3
228.526 50.276 104.202 21 9 11 571 3
228.526 50.276 104.202 22 9 11 571 3
228.526 50.276 104.202 23 9 11 571 3
228.526 50.276 104.202 24 9 11 571 3
228.526 50.276 104.202 25 9 11 571 3
228.526 50.276 104.202 26 9 11 571 3
228.526 50.276 104.202 27 9 11 571 3
228.526 50.276 104.202 28 9 11 571 3
228.526 50.276 104.202 29 9 11 571 3
228.526 50.276 104.202 30 9 11 571 3
17.847 54.428 257.623 1 10 11 587 4
17.847 54.428 257.623 2 10 11 587 4
17.847 54.428 257.623 3 10 11 587 4
17.847 54.428 257.623 4 10 11 587 4
17.847 54.428 257.623 5 10 11 587 4
17.847 54.428 257.623 6 10 11 587 4
17.847 54.428 257.623 7 10 11 587 4
17.847 54.428 257.623 8 10 11 587 4
17.847 54.428 257.623 9 10 11 587 4
17.847 54.428 257.623 10 10 11 587 4
228.526 50.276 104.202 11 10 11 571 3
129.995 75.339 128.582 12 10 11 50 1
228.526 50.276 104.202 13 10 11 571 3
228.526 50.276 104.202 14 10 11 571 3
228.526 50.276 104.202 15 10 11 571 3
228.526 50.276 104.202 16 10 11 571 3
228.526 50.276 104.202 17 10 11 571 3
228.526 50.276 104.202 18 10 11 571 3
228.526 50.276 104.202 19 10 11 571 3
228.526 50.276 104.202 20 10 11 571 3
228.526 50.276 104.202 21 10 11 571 3
228.526 50.276 104.202 22 10 11 571 3
228.526 50.276 104.202 23 10 11 571 3
228.526 50.276 104.202 24 10 11 571 3
228.526 50.276 104.202 25 10 11 571 3
228.526 50.276 104.202 26 10 11 571 3
228.526 50.276 104.202 27 10 11 571 3
228.526 50.276 104.202 28 10 11 571 3
246.802 98.835 332.031 29 10 11 618 1
228.526 50.276 104.202 30 10 11 571 3
17.847 54.428 257.623 1 11 11 587 4
17.847 54.428 257.623 2 11 11 587 4
17.847 54.428 257.623 3 11 11 587 4
17.847 54.428 257.623 4 11 11 587 4
17.847 54.428 257.623 5 11 11 587 4
17.847 54.428 257.623 6 11 11 587 4
17.847 54.428 257.623 7 11 11 587 4
17.847 54.428 257.623 8 11 11 587 4
17.847 54.428 257.623 9 11 11 587 4
17.847 54.428 257.623 10 11 11 587 4
228.526 50.276 104.202 11 11 11 571 3
228.526 50.276 104.202 12 11 11 571 3
228.526 50.276 104.202 13 11 11 571 3
228.526 50.276 104.202 14 11 11 571 3
228.526 50.276 104.202 15 11 11 571 3
228.526 50.276 104.202 16 11 11 571 3
228.526 50.276 104.202 17 11 11 571 3
228.526 50.276 104.202 18 11 11 571 3
228.526 50.276 104.202 19 11 11 571 3
228.526 50.276 104.202 20 11 11 571 3
228.526 50.276 104.202 21 11 11 571 3
228.526 50.276 104.202 22 11 11 571 3
228.526 50.276 104.202 23 11 11 571 3
228.526 50.276 104.202 24 11 11 571 3
228.526 50.276 104.202 25 11 11 571 3
228.526 50.276 104.202 26 11 11 571 3
228.526 50.276 104.202 27 11 11 571 3
228.526 50.276 104.202 28 11 11 571 3
246.802 98.835 332.031 29 11 11 618 1
228.526 50.276 104.202 30 11 11 571 3
17.847 54.428 257.623 1 12 11 587 4
17.847 54.428 257.623 2 12 11 587 4
17.847 54.428 257.623 3 12 11 587 4
17.847 54.428 257.623 4 12 11 587 4
17.847 54.428 257.623 5 12 11 587 4
17.847 54.428 257.623 6 12 11 587 4
17.847 54.428 257.623 7 12 11 587 4
17.847 54.428 257.623 8 12 11 587 4
17.847 54.428 257.623 9 12 11 587 4
228.526 50.276 104.202 10 12 11 571 3
228.526 50.276 104.202 11 12 11 571 3
228.526 50.276 104.202 12 12 11 571 3
228.526 50.276 104.202 13 12 11 571 3
228.526 50.276 104.202 14 12 11 571 3
228.526 50.276 104.202 15 12 11 571 3
228.526 50.276 104.202 16 12 11 571 3
228.526 50.276 104.202 17 12 11 571 3
228.526 50.276 104.202 18 12 11 571 3
228.526 50.276 104.202 19 12 11 571 3
228.526 50.276 104.202 20 12 11 571 3
228.526 50.276 104.202 21 12 11 571 3
228.526 50.276 104.202 22 12 11 571 3
228.526 50.276 104.202 23 12 11 571 3
228.526 50.276 104.202 24 12 11 571 3
228.526 50.276 104.202 25 12 11 571 3
228.526 50.276 104.202 26 12 11 571 3
228.526 50.276 104.202 27 12 11 571 3
228.526 50.276 104.202 28 12 11 571 3
228.526 50.276 104.202 29 12 11 571 3
228.526 50.276 104.202 30 12 11 571 3
17.847 54.428 257.623 1 13 11 587 4
17.847 54.428 257.623 2 13 11 587 4
17.847 54.428 257.623 3 13 11 587 4
17.847 54.428 257.623 4 13 11 587 4
17.847 54.428 257.623 5 13 11 587 4
17.847 54.428 257.623 6 13 11 587 4
17.847 54.428 257.623 7 13 11 587 4
17.847 54.428 257.623 8 13 11 587 4
17.847 54.428 257.623 9 13 11 587 4
228.526 50.276 104.202 10 13 11 571 3
228.526 50.276 104.202 11 13 11 571 3
228.526 50.276 104.202 12 13 11 571 3
228.526 50.276 104.202 13 13 11 571 3
228.526 50.276 104.202 14 13 11 571 3
228.526 50.276 104.202 15 13 11 571 3
228.526 50.276 104.202 16 13 11 571 3
228.526 50.276 104.202 17 13 11 571 3
228.526 50.276 104.202 18 13 11 571 3
228.526 50.276 104.202 19 13 11 571 3
228.526 50.276 104.202 20 13 11 571 3
228.526 50.276 104.202 21 13 11 571 3
228.526 50.276 104.202 22 13 11 571 3
228.526 50.276 104.202 23 13 11 571 3
228.526 50.276 104.202 24 13 11 571 3
228.526 50.276 104.202 25 13 11 571 3
228.526 50.276 104.202 26 13 11 571 3
228.526 50.276 104.202 27 13 11 571 3
228.526 50.276 104.202 28 13 11 571 3
228.526 50.276 104.202 29 13 11 571 3
228.526 50.276 104.202 30 13 11 571 3
17.847 54.428 257.623 1 14 11 587 4
17.847 54.428 257.623 2 14 11 587 4
17.847 54.428 257.623 3 14 11 587 4
17.847 54.428 257.623 4 14 11 587 4
17.847 54.428 257.623 5 14 11 587 4
17.847 54.428 257.623 6 14 11 587 4
17.847 54.428 257.623 7 14 11 587 4
17.847 54.428 257.623 8 14 11 587 4
17.847 54.428 257.623 9 14 11 587 4
228.526 50.276 104.202 10 14 11 571 3
228.526 50.276 104.202 11 14 11 571 3
228.526 50.276 104.202 12 14 11 571 3
228.526 50.276 104.202 13 14 11 571 3
228.526 50.276 104.202 14 14 11 571 3
228.526 50.276 104.202 15 14 11 571 3
228.526 50.276 104.202 16 14 11 571 3
228.526 50.276 104.202 17 14 11 571 3
228.526 50.276 104.202 18 14 11 571 3
228.526 50.276 104.202 19 14 11 571 3
228.526 50.276 104.202 20 14 11 571 3
228.526 50.276 104.202 21 14 11 571 3
228.526 50.276 104.202 22 14 11 571 3
228.526 50.276 104.202 23 14 11 571 3
228.526 50.276 104.202 24 14 11 571 3
228.526 50.276 104.202 25 14 11 571 3
228.526 50.276 104.202 26 14 11 571 3
228.526 50.276 104.202 27 14 11 571 3
228.526 50.276 104.202 28 14 11 571 3
228.526 50.276 104.202 29 14 11 571 3
228.526 50.276 104.202 30 14 11 571 3
17.847 54.428 257.623 1 15 11 587 4
17.847 54.428 257.623 2 15 11 587 4
17.847 54.428 257.623 3 15 11 587 4
17.847 54.428 257.623 4 15 11 587 4
17.847 54.428 257.623 5 15 11 587 4
17.847 54.428 257.623 6 15 11 587 4
17.847 54.428 257.623 7 15 11 587 4
17.847 54.428 257.623 8 15 11 587 4
17.847 54.428 257.623 9 15 11 587 4
228.526 50.276 104.202 10 15 11 571 3
228.526 50.276 104.202 11 15 11 571 3
228.526 50.276 104.202 12 15 11 571 3
228.526 50.276 104.202 13 15 11 571 3
228.526 50.276 104.202 14 15 11 571 3
228.526 50.276 104.202 15 15 11 571 3
228.526 50.276 104.202 16 15 11 571 3
228.526 50.276 104.202 17 15 11 571 3
228.526 50.276 104.202 18 15 11 571 3
228.526 50.276 104.202 19 15 11 571 3
228.526 50.276 104.202 20 15 11 571 3
228.526 50.276 104.202 21 15 11 571 3
228.526 50.276 104.202 22 15 11 571 3
228.526 50.276 104.202 23 15 11 571 3
228.526 50.276 104.202 24 15 11 571 3
228.526 50.276 104.202 25 15 11 571 3
228.526 50.276 104.202 26 15 11 571 3
228.526 50.276 104.202 27 15 11 571 3
228.526 50.276 104.202 28 15 11 571 3
228.526 50.276 104.202 29 15 11 571 3
228.526 50.276 104.202 30 15 11 571 3
17.847 54.428 257.623 1 16 11 587 4
17.847 54.428 257.623 2 16 11 587 4
17.847 54.428 257.623 3 16 11 587 4
17.847 54.428 257.623 4 16 11 587 4
17.847 54.428 257.623 5 16 11 587 4
17.847 54.428 257.623 6 16 11 587 4
17.847 54.428 257.623 7 16 11 587 4
17.847 54.428 257.623 8 16 11 587 4
17.847 54.428 257.623 9 16 11 587 4
228.526 50.276 104.202 10 16 11 571 3
228.526 50.276 104.202 11 16 11 571 3
228.526 50.276 104.202 12 16 11 571 3
228.526 50.276 104.202 13 16 11 571 3
228.526 50.276 104.202 14 16 11 571 3
228.526 50.276 104.202 15 16 11 571 3
228.526 50.276 104.202 16 16 11 571 3
18.874 138.694 138.125 17 16 11 302 1
228.526 50.276 104.202 18 16 11 571 3
228.526 50.276 104.202 19 16 11 571 3
228.526 50.276 104.202 20 16 11 571 3
228.526 50.276 104.202 21 16 11 571 3
228.526 50.276 104.202 22 16 11 571 3
228.526 50.276 104.202 23 16 11 571 3
228.526 50.276 104.202 24 16 11 571 3
228.526 50.276 104.202 25 16 11 571 3
228.526 50.276 104.202 26 16 11 571 3
228.526 50.276 104.202 27 16 11 571 3
228.526 50.276 104.202 28 16 11 571 3
228.526 50.276 104.202 29 16 11 571 3
228.526 50.276 104.202 30 16 11 571 3
17.847 54.428 257.623 1 17 11 587 4
17.847 54.428 257.623 2 17 11 587 4
17.847 54.428 257.623 3 17 11 587 4
17.847 54.428 257.623 4 17 11 587 4
17.847 54.428 257.623 5 17 11 587 4
17.847 54.428 257.623 6 17 11 587 4
17.847 54.428 257.623 7 17 11 587 4
17.847 54.428 257.623 8 17 11 587 4
17.847 54.428 257.623 9 17 11 587 4
228.526 50.276 104.202 10 17 11 571 3
228.526 50.276 104.202 11 17 11 571 3
228.526 50.276 104.202 12 17 11 571 3
228.526 50.276 104.202 13 17 11 571 3
228.526 50.276 104.202 14 17 11 571 3
228.526 50.276 104.202 15 17 11 571 3
228.526 50.276 104.202 16 17 11 571 3
228.526 50.276 104.202 17 17 11 571 3
228.526 50.276 104.202 18 17 11 571 3
228.526 50.276 104.202 19 17 11 571 3
228.526 50.276 104.202 20 17 11 571 3
228.526 50.276 104.202 21 17 11 571 3
228.526 50.276 104.202 22 17 11 571 3
228.526 50.276 104.202 23 17 11 571 3
228.526 50.276 104.202 24 17 11 571 3
228.526 50.276 104.202 25 17 11 571 3
228.526 50.276 104.202 26 17 11 571 3
228.526 50.276 104.202 27 17 11 571 3
228.526 50.276 104.202 28 17 11 571 3
228.526 50.276 104.202 29 17 11 571 3
228.526 50.276 104.202 30 17 11 571 3
17.847 54.428 257.623 1 18 11 587 4
17.847 54.428 257.623 2 18 11 587 4
38.921 144.145 34.682 3 18 11 575 4
17.847 54.428 257.623 4 18 11 587 4
17.847 54.428 257.623 5 18 11 587 4
17.847 54.428 257.623 6 18 11 587 4
17.847 54.428 257.623 7 18 11 587 4
250.721 47.599 232.355 8 18 11 308 1
250.721 47.599 232.355 9 18 11 308 1
250.721 47.599 232.355 10 18 11 308 1
228.526 50.276 104.202 11 18 11 571 3
202.951 84.640 112.701 12 18 11 331 1
202.951 84.640 112.701 13 18 11 331 1
228.526 50.276 104.202 14 18 11 571 3
228.526 50.276 104.202 15 18 11 571 3
228.526 50.276 104.202 16 18 11 571 3
228.526 50.276 104.202 17 18 11 571 3
198.658 122.431 284.254 18 18 11 254 1
228.526 50.276 104.202 19 18 11 571 3
228.526 50.276 104.202 20 18 11 571 3
228.526 50.276 104.202 21 18 11 571 3
228.526 50.276 104.202 22 18 11 571 3
228.526 50.276 104.202 23 18 11 571 3
228.526 50.276 104.202 24 18 11 571 3
228.526 50.276 104.202 25 18 11 571 3
228.526 50.276 104.202 26 18 11 571 3
228.526 50.276 104.202 27 18 11 571 3
228.526 50.276 104.202 28 18 11 571 3
228.526 50.276 104.202 29 18 11 571 3
228.526 50.276 104.202 30 18 11 571 3
38.921 144.145 34.682 1 19 11 575 4
38.921 144.145 34.682 2 19 11 575 4
38.921 144.145 34.682 3 19 11 575 4
38.921 144.145 34.682 4 19 11 575 4
38.921 144.145 34.682 5 19 11 575 4
38.921 144.145 34.682 6 19 11 575 4
17.847 54.428 257.623 7 19 11 587 4
250.721 47.599 232.355 8 19 11 308 1
250.721 47.599 232.355 9 19 11 308 1
250.721 47.599 232.355 10 19 11 308 1
13.860 88.349 110.050 11 19 11 642 2
202.951 84.640 112.701 12 19 11 331 1
202.951 84.640 112.701 13 19 11 331 1
228.526 50.276 104.202 14 19 11 571 3
228.526 50.276 104.202 15 19 11 571 3
228.526 50.276 104.202 16 19 11 571 3
26.818 59.051 186.456 17 19 11 407 1
228.526 50.276 104.202 18 19 11 571 3
228.526 50.276 104.202 19 19 11 571 3
228.526 50.276 104.202 20 19 11 571 3
228.526 50.276 104.202 21 19 11 571 3
228.526 50.276 104.202 22 19 11 571 3
228.526 50.276 104.202 23 19 11 571 3
228.526 50.276 104.202 24 19 11 571 3
228.526 50.276 104.202 25 19 11 571 3
228.526 50.276 104.202 26 19 11 571 3
228.526 50.276 104.202 27 19 11 571 3
228.526 50.276 104.202 28 19 11 571 3
228.526 50.276 104.202 29 19 11 571 3
228.526 50.276 104.202 30 19 11 571 3
38.921 144.145 34.682 1 20 11 575 4
38.921 144.145 34.682 2 20 11 575 4
38.921 144.145 34.682 3 20 11 575 4
38.921 144.145 34.682 4 20 11 575 4
38.921 144.145 34.682 5 20 11 575 4
38.921 144.145 34.682 6 20 11 575 4
38.921 144.145 34.682 7 20 11 575 4
38.921 144.145 34.682 8 20 11 575 4
250.721 47.599 232.355 9 20 11 308 1
13.860 88.349 110.050 10 20 11 642 2
13.860 88.349 110.050 11 20 11 642 2
315.342 44.814 185.895 12 20 11 635 2
58.629 18.260 176.515 13 20 11 532 2
58.629 18.260 176.515 14 20 11 532 2
268.956 26.950 182.919 15 20 11 583 4
268.956 26.950 182.919 16 20 11 583 4
26.818 59.051 186.456 17 20 11 407 1
228.526 50.276 104.202 18 20 11 571 3
228.526 50.276 104.202 19 20 11 571 3
228.526 50.276 104.202 20 20 11 571 3
228.526 50.276 104.202 21 20 11 571 3
228.526 50.276 104.202 22 20 11 571 3
228.526 50.276 104.202 23 20 11 571 3
228.526 50.276 104.202 24 20 11 571 3
345.742 158.234 12.086 25 20 11 306 1
228.526 50.276 104.202 26 20 11 571 3
228.526 50.276 104.202 27 20 11 571 3
228.526 50.276 104.202 28 20 11 571 3
228.526 50.276 104.202 29 20 11 571 3
228.526 50.276 104.202 30 20 11 571 3
38.921 144.145 34.682 1 21 11 575 4
38.921 144.145 34.682 2 21 11 575 4
38.921 144.145 34.682 3 21 11 575 4
38.921 144.145 34.682 4 21 11 575 4
38.921 144.145 34.682 5 21 11 575 4
38.921 144.145 34.682 6 21 11 575 4
158.546 72.624 316.690 7 21 11 63 1
158.546 72.624 316.690 8 21 11 63 1
158.546 72.624 316.690 9 21 11 63 1
13.860 88.349 110.050 10 21 11 642 2
315.342 44.814 185.895 11 21 11 635 2
315.342 44.814 185.895 12 21 11 635 2
315.342 44.814 185.895 13 21 11 635 2
58.629 18.260 176.515 14 21 11 532 2
268.956 26.950 182.919 15 21 11 583 4
268.956 26.950 182.919 16 21 11 583 4
268.956 26.950 182.919 17 21 11 583 4
39.979 27.027 299.693 18 21 11 514 2
267.543 102.161 238.615 19 21 11 226 1
144.748 167.251 322.201 20 21 11 579 4
144.748 167.251 322.201 21 21 11 579 4
144.748 167.251 322.201 22 21 11 579 4
144.748 167.251 322.201 23 21 11 579 4
144.748 167.251 322.201 24 21 11 579 4
144.748 167.251 322.201 25 21 11 579 4
144.748 167.251 322.201 26 21 11 579 4
144.748 167.251 322.201 27 21 11 579 4
144.748 167.251 322.201 28 21 11 579 4
228.526 50.276 104.202 29 21 11 571 3
228.526 50.276 104.202 30 21 11 571 3
38.921 144.145 34.682 1 22 11 575 4
38.921 144.145 34.682 2 22 11 575 4
38.921 144.145 34.682 3 22 11 575 4
38.921 144.145 34.682 4 22 11 575 4
38.921 144.145 34.682 5 22 11 575 4
158.546 72.624 316.690 6 22 11 63 1
158.546 72.624 316.690 7 22 11 63 1
158.546 72.624 316.690 8 22 11 63 1
158.546 72.624 316.690 9 22 11 63 1
13.860 88.349 110.050 10 22 11 642 2
315.342 44.814 185.895 11 22 11 635 2
315.342 44.814 185.895 12 22 11 635 2
190.399 49.256 89.900 13 22 11 138 1
190.399 49.256 89.900 14 22 11 138 1
190.399 49.256 89.900 15 22 11 138 1
268.956 26.950 182.919 16 22 11 583 4
268.956 26.950 182.919 17 22 11 583 4
144.748 167.251 322.201 18 22 11 579 4
144.748 167.251 322.201 19 22 11 579 4
144.748 167.251 322.201 20 22 11 579 4
144.748 167.251 322.201 21 22 11 579 4
144.748 167.251 322.201 22 22 11 579 4
144.748 167.251 322.201 23 22 11 579 4
144.748 167.251 322.201 24 22 11 579 4
144.748 167.251 322.201 25 22 11 579 4
144.748 167.251 322.201 26 22 11 579 4
144.748 167.251 322.201 27 22 11 579 4
144.748 167.251 322.201 28 22 11 579 4
144.748 167.251 322.201 29 22 11 579 4
144.748 167.251 322.201 30 22 11 579 4
80.957 161.770 24.449 1 23 11 580 4
80.957 161.770 24.449 2 23 11 580 4
38.921 144.145 34.682 3 23 11 575 4
38.921 144.145 34.682 4 23 11 575 4
38.921 144.145 34.682 5 23 11 575 4
158.546 72.624 316.690 6 23 11 63 1
158.546 72.624 316.690 7 23 11 63 1
158.546 72.624 316.690 8 23 11 63 1
158.546 72.624 316.690 9 23 11 63 1
13.860 88.349 110.050 10 23 11 642 2
315.342 44.814 185.895 11 23 11 635 2
190.399 49.256 89.900 12 23 11 138 1
190.399 49.256 89.900 13 23 11 138 1
190.399 49.256 89.900 14 23 11 138 1
190.399 49.256 89.900 15 23 11 138 1
268.956 26.950 182.919 16 23 11 583 4
144.748 167.251 322.201 17 23 11 579 4
144.748 167.251 322.201 18 23 11 579 4
10.583 125.003 336.936 19 23 11 283 1
144.748 167.251 322.201 20 23 11 579 4
144.748 167.251 322.201 21 23 11 579 4
144.748 167.251 322.201 22 23 11 579 4
144.748 167.251 322.201 23 23 11 579 4
144.748 167.251 322.201 24 23 11 579 4
144.748 167.251 322.201 25 23 11 579 4
144.748 167.251 322.201 26 23 11 579 4
144.748 167.251 322.201 27 23 11 579 4
144.748 167.251 322.201 28 23 11 579 4
144.748 167.251 322.201 29 23 11 579 4
144.748 167.251 322.201 30 23 11 579 4
80.957 161.770 24.449 1 24 11 580 4
80.957 161.770 24.449 2 24 11 580 4
80.957 161.770 24.449 3 24 11 580 4
80.957 161.770 24.449 4 24 11 580 4
38.921 144.145 34.682 5 24 11 575 4
38.921 144.145 34.682 6 24 11 575 4
38.921 144.145 34.682 7 24 11 575 4
326.816 156.196 93.640 8 24 11 478 2
359.763 92.374 9.375 9 24 11 394 1
359.763 92.374 9.375 10 24 11 394 1
359.763 92.374 9.375 11 24 11 394 1
190.399 49.256 89.900 12 24 11 138 1
190.399 49.256 89.900 13 24 11 138 1
190.399 49.256 89.900 14 24 11 138 1
190.399 49.256 89.900 15 24 11 138 1
190.399 49.256 89.900 16 24 11 138 1
144.748 167.251 322.201 17 24 11 579 4
144.748 167.251 322.201 18 24 11 579 4
144.748 167.251 322.201 19 24 11 579 4
144.748 167.251 322.201 20 24 11 579 4
144.748 167.251 322.201 21 24 11 579 4
144.748 167.251 322.201 22 24 11 579 4
144.748 167.251 322.201 23 24 11 579 4
144.748 167.251 322.201 24 24 11 579 4
144.748 167.251 322.201 25 24 11 579 4
144.748 167.251 322.201 26 24 11 579 4
144.748 167.251 322.201 27 24 11 579 4
144.748 167.251 322.201 28 24 11 579 4
144.748 167.251 322.201 29 24 11 579 4
144.748 167.251 322.201 30 24 11 579 4
80.957 161.770 24.449 1 25 11 580 4
80.957 161.770 24.449 2 25 11 580 4
80.957 161.770 24.449 3 25 11 580 4
80.957 161.770 24.449 4 25 11 580 4
80.957 161.770 24.449 5 25 11 580 4
80.957 161.770 24.449 6 25 11 580 4
80.957 161.770 24.449 7 25 11 580 4
80.957 161.770 24.449 8 25 11 580 4
359.763 92.374 9.375 9 25 11 394 1
359.763 92.374 9.375 10 25 11 394 1
359.763 92.374 9.375 11 25 11 394 1
359.763 92.374 9.375 12 25 11 394 1
24.096 32.817 230.721 13 25 11 471 2
24.096 32.817 230.721 14 25 11 471 2
190.399 49.256 89.900 15 25 11 138 1
24.096 32.817 230.721 16 25 11 471 2
144.748 167.251 322.201 17 25 11 579 4
144.748 167.251 322.201 18 25 11 579 4
144.748 167.251 322.201 19 25 11 579 4
144.748 167.251 322.201 20 25 11 579 4
144.748 167.251 322.201 21 25 11 579 4
144.748 167.251 322.201 22 25 11 579 4
144.748 167.251 322.201 23 25 11 579 4
144.748 167.251 322.201 24 25 11 579 4
144.748 167.251 322.201 25 25 11 579 4
144.748 167.251 322.201 26 25 11 579 4
144.748 167.251 322.201 27 25 11 579 4
144.748 167.251 322.201 28 25 11 579 4
144.748 167.251 322.201 29 25 11 579 4
144.748 167.251 322.201 30 25 11 579 4
80.957 161.770 24.449 1 26 11 580 4
80.957 161.770 24.449 2 26 11 580 4
80.957 161.770 24.449 3 26 11 580 4
80.957 161.770 24.449 4 26 11 580 4
80.957 161.770 24.449 5 26 11 580 4
80.957 161.770 24.449 6 26 11 580 4
80.957 161.770 24.449 7 26 11 580 4
80.957 161.770 24.449 8 26 11 580 4
359.763 92.374 9.375 9 26 11 394 1
359.763 92.374 9.375 10 26 11 394 1
359.763 92.374 9.375 11 26 11 394 1
359.763 92.374 9.375 12 26 11 394 1
24.096 32.817 230.721 13 26 11 471 2
24.096 32.817 230.721 14 26 11 471 2
24.096 32.817 230.721 15 26 11 471 2
24.096 32.817 230.721 16 26 11 471 2
24.096 32.817 230.721 17 26 11 471 2
144.748 167.251 322.201 18 26 11 579 4
144.748 167.251 322.201 19 26 11 579 4
144.748 167.251 322.201 20 26 11 579 4
144.748 167.251 322.201 21 26 11 579 4
144.748 167.251 322.201 22 26 11 579 4
144.748 167.251 322.201 23 26 11 579 4
144.748 167.251 322.201 24 26 11 579 4
144.748 167.251 322.201 25 26 11 579 4
144.748 167.251 322.201 26 26 11 579 4
144.748 167.251 322.201 27 26 11 579 4
144.748 167.251 322.201 28 26 11 579 4
144.748 167.251 322.201 29 26 11 579 4
144.748 167.251 322.201 30 26 11 579 4
80.957 161.770 24.449 1 27 11 580 4
80.957 161.770 24.449 2 27 11 580 4
80.957 161.770 24.449 3 27 11 580 4
80.957 161.770 24.449 4 27 11 580 4
80.957 161.770 24.449 5 27 11 580 4
80.957 161.770 24.449 6 27 11 580 4
80.957 161.770 24.449 7 27 11 580 4
359.763 92.374 9.375 8 27 11 394 1
359.763 92.374 9.375 9 27 11 394 1
359.763 92.374 9.375 10 27 11 394 1
359.763 92.374 9.375 11 27 11 394 1
24.096 32.817 230.721 12 27 11 471 2
24.096 32.817 230.721 13 27 11 471 2
24.096 32.817 230.721 14 27 11 471 2
24.096 32.817 230.721 15 27 11 471 2
24.096 32.817 230.721 16 27 11 471 2
24.096 32.817 230.721 17 27 11 471 2
144.748 167.251 322.201 18 27 11 579 4
144.748 167.251 322.201 19 27 11 579 4
144.748 167.251 322.201 20 27 11 579 4
144.748 167.251 322.201 21 27 11 579 4
144.748 167.251 322.201 22 27 11 579 4
144.748 167.251 322.201 23 27 11 579 4
144.748 167.251 322.201 24 27 11 579 4
144.748 167.251 322.201 25 27 11 579 4
144.748 167.251 322.201 26 27 11 579 4
144.748 167.251 322.201 27 27 11 579 4
144.748 167.251 322.201 28 27 11 579 4
144.748 167.251 322.201 29 27 11 579 4
144.748 167.251 322.201 30 27 11 579 4
80.957 161.770 24.449 1 28 11 580 4
80.957 161.770 24.449 2 28 11 580 4
80.957 161.770 24.449 3 28 11 580 4
80.957 161.770 24.449 4 28 11 580 4
80.957 161.770 24.449 5 28 11 580 4
80.957 161.770 24.449 6 28 11 580 4
80.957 161.770 24.449 7 28 11 580 4
80.957 161.770 24.449 8 28 11 580 4
80.957 161.770 24.449 9 28 11 580 4
80.957 161.770 24.449 10 28 11 580 4
80.957 161.770 24.449 11 28 11 580 4
24.096 32.817 230.721 12 28 11 471 2
24.096 32.817 230.721 13 28 11 471 2
24.096 32.817 230.721 14 28 11 471 2
24.096 32.817 230.721 15 28 11 471 2
24.096 32.817 230.721 16 28 11 471 2
24.096 32.817 230.721 17 28 11 471 2
53.429 20.362 231.541 18 28 11 526 2
53.429 20.362 231.541 19 28 11 526 2
144.748 167.251 322.201 20 28 11 579 4
144.748 167.251 322.201 21 28 11 579 4
144.748 167.251 322.201 22 28 11 579 4
144.748 167.251 322.201 23 28 11 579 4
144.748 167.251 322.201 24 28 11 579 4
144.748 167.251 322.201 25 28 11 579 4
144.748 167.251 322.201 26 28 11 579 4
144.748 167.251 322.201 27 28 11 579 4
144.748 167.251 322.201 28 28 11 579 4
144.748 167.251 322.201 29 28 11 579 4
144.748 167.251 322.201 30 28 11 579 4
80.957 161.770 24.449 1 29 11 580 4
80.957 161.770 24.449 2 29 11 580 4
80.957 161.770 24.449 3 29 11 580 4
80.957 161.770 24.449 4 29 11 580 4
80.957 161.770 24.449 5 29 11 580 4
80.957 161.770 24.449 6 29 11 580 4
80.957 161.770 24.449 7 29 11 580 4
80.957 161.770 24.449 8 29 11 580 4
80.957 161.770 24.449 9 29 11 580 4
80.957 161.770 24.449 10 29 11 580 4
80.957 161.770 24.449 11 29 11 580 4
24.096 32.817 230.721 12 29 11 471 2
24.096 32.817 230.721 13 29 11 471 2
24.096 32.817 230.721 14 29 11 471 2
24.096 32.817 230.721 15 29 11 471 2
24.096 32.817 230.721 16 29 11 471 2
53.429 20.362 231.541 17 29 11 526 2
53.429 20.362 231.541 18 29 11 526 2
53.429 20.362 231.541 19 29 11 526 2
53.429 20.362 231.541 20 29 11 526 2
53.429 20.362 231.541 21 29 11 526 2
144.748 167.251 322.201 22 29 11 579 4
144.748 167.251 322.201 23 29 11 579 4
144.748 167.251 322.201 24 29 11 579 4
144.748 167.251 322.201 25 29 11 579 4
144.748 167.251 322.201 26 29 11 579 4
144.748 167.251 322.201 27 29 11 579 4
144.748 167.251 322.201 28 29 11 579 4
144.748 167.251 322.201 29 29 11 579 4
144.748 167.251 322.201 30 29 11 579 4
80.957 161.770 24.449 1 30 11 580 4
80.957 161.770 24.449 2 30 11 580 4
80.957 161.770 24.449 3 30 11 580 4
80.957 161.770 24.449 4 30 11 580 4
80.957 161.770 24.449 5 30 11 580 4
80.957 161.770 24.449 6 30 11 580 4
80.957 161.770 24.449 7 30 11 580 4
80.957 161.770 24.449 8 30 11 580 4
80.957 161.770 24.449 9 30 11 580 4
80.957 161.770 24.449 10 30 11 580 4
80.957 161.770 24.449 11 30 11 580 4
24.096 32.817 230.721 12 30 11 471 2
24.096 32.817 230.721 13 30 11 471 2
24.096 32.817 230.721 14 30 11 471 2
24.096 32.817 230.721 15 30 11 471 2
24.096 32.817 230.721 16 30 11 471 2
53.429 20.362 231.541 17 30 11 526 2
53.429 20.362 231.541 18 30 11 526 2
53.429 20.362 231.541 19 30 11 526 2
53.429 20.362 231.541 20 30 11 526 2
53.429 20.362 231.541 21 30 11 526 2
98.247 77.896 39.078 22 30 11 79 1
98.247 77.896 39.078 23 30 11 79 1
144.748 167.251 322.201 24 30 11 579 4
144.748 167.251 322.201 25 30 11 579 4
144.748 167.251 322.201 26 30 11 579 4
144.748 167.251 322.201 27 30 11 579 4
144.748 167.251 322.201 28 30 11 579 4
144.748 167.251 322.201 29 30 11 579 4
144.748 167.251 322.201 30 30 11 579 4
