17.847 54.428 257.623 1 1 18 587 4
17.847 54.428 257.623 2 1 18 587 4
17.847 54.428 257.623 3 1 18 587 4
17.847 54.428 257.623 4 1 18 587 4
17.847 54.428 257.623 5 1 18 587 4
17.847 54.428 257.623 6 1 18 587 4
17.847 54.428 257.623 7 1 18 587 4
17.847 54.428 257.623 8 1 18 587 4
228.526 50.276 104.202 9 1 18 571 3
228.526 50.276 104.202 10 1 18 571 3
228.526 50.276 104.202 11 1 18 571 3
228.526 50.276 104.202 12 1 18 571 3
228.526 50.276 104.202 13 1 18 571 3
228.526 50.276 104.202 14 1 18 571 3
228.526 50.276 104.202 15 1 18 571 3
300.756 148.138 298.060 16 1 18 528 2
228.526 50.276 104.202 17 1 18 571 3
228.526 50.276 104.202 18 1 18 571 3
228.526 50.276 104.202 19 1 18 571 3
228.526 50.276 104.202 20 1 18 571 3
228.526 50.276 104.202 21 1 18 571 3
228.526 50.276 104.202 22 1 18 571 3
228.526 50.276 104.202 23 1 18 571 3
228.526 50.276 104.202 24 1 18 571 3
228.526 50.276 104.202 25 1 18 571 3
228.526 50.276 104.202 26 1 18 571 3
228.526 50.276 104.202 27 1 18 571 3
228.526 50.276 104.202 28 1 18 571 3
228.526 50.276 104.202 29 1 18 571 3
228.526 50.276 104.202 30 1 18 571 3
17.847 54.428 257.623 1 2 18 587 4
17.847 54.428 257.623 2 2 18 587 4
17.847 54.428 257.623 3 2 18 587 4
17.847 54.428 257.623 4 2 18 587 4
17.847 54.428 257.623 5 2 18 587 4
17.847 54.428 257.623 6 2 18 587 4
17.847 54.428 257.623 7 2 18 587 4
17.847 54.428 257.623 8 2 18 587 4
228.526 50.276 104.202 9 2 18 571 3
228.526 50.276 104.202 10 2 18 571 3
228.526 50.276 104.202 11 2 18 571 3
228.526 50.276 104.202 12 2 18 571 3
228.526 50.276 104.202 13 2 18 571 3
220.540 156.015 176.741 14 2 18 80 1
228.526 50.276 104.202 15 2 18 571 3
300.756 148.138 298.060 16 2 18 528 2
228.526 50.276 104.202 17 2 18 571 3
228.526 50.276 104.202 18 2 18 571 3
228.526 50.276 104.202 19 2 18 571 3
11.910 24.241 87.106 20 2 18 155 1
228.526 50.276 104.202 21 2 18 571 3
228.526 50.276 104.202 22 2 18 571 3
228.526 50.276 104.202 23 2 18 571 3
228.526 50.276 104.202 24 2 18 571 3
228.526 50.276 104.202 25 2 18 571 3
228.526 50.276 104.202 26 2 18 571 3
228.526 50.276 104.202 27 2 18 571 3
228.526 50.276 104.202 28 2 18 571 3
228.526 50.276 104.202 29 2 18 571 3
228.526 50.276 104.202 30 2 18 571 3
17.847 54.428 257.623 1 3 18 587 4
17.847 54.428 257.623 2 3 18 587 4
17.847 54.428 257.623 3 3 18 587 4
17.847 54.428 257.623 4 3 18 587 4
17.847 54.428 257.623 5 3 18 587 4
17.847 54.428 257.623 6 3 18 587 4
17.847 54.428 257.623 7 3 18 587 4
17.847 54.428 257.623 8 3 18 587 4
228.526 50.276 104.202 9 3 18 571 3
228.526 50.276 104.202 10 3 18 571 3
228.526 50.276 104.202 11 3 18 571 3
228.526 50.276 104.202 12 3 18 571 3
228.526 50.276 104.202 13 3 18 571 3
250.491 24.172 92.793 14 3 18 633 2
250.491 24.172 92.793 15 3 18 633 2
300.756 148.138 298.060 16 3 18 528 2
228.526 50.276 104.202 17 3 18 571 3
120.157 129.698 326.366 18 3 18 383 1
228.526 50.276 104.202 19 3 18 571 3
228.526 50.276 104.202 20 3 18 571 3
228.526 50.276 104.202 21 3 18 571 3
327.196 138.472 201.755 22 3 18 361 1
138.676 139.215 243.891 23 3 18 87 1
228.526 50.276 104.202 24 3 18 571 3
228.526 50.276 104.202 25 3 18 571 3
228.526 50.276 104.202 26 3 18 571 3
228.526 50.276 104.202 27 3 18 571 3
228.526 50.276 104.202 28 3 18 571 3
228.526 50.276 104.202 29 3 18 571 3
228.526 50.276 104.202 30 3 18 571 3
17.847 54.428 257.623 1 4 18 587 4
17.847 54.428 257.623 2 4 18 587 4
17.847 54.428 257.623 3 4 18 587 4
17.847 54.428 257.623 4 4 18 587 4
17.847 54.428 257.623 5 4 18 587 4
290.994 46.309 51.794 6 4 18 540 2
17.847 54.428 257.623 7 4 18 587 4
17.847 54.428 257.623 8 4 18 587 4
17.847 54.428 257.623 9 4 18 587 4
228.526 50.276 104.202 10 4 18 571 3
228.526 50.276 104.202 11 4 18 571 3
330.745 16.849 227.836 12 4 18 281 1
228.526 50.276 104.202 13 4 18 571 3
54.813 113.244 10.967 14 4 18 70 1
228.526 50.276 104.202 15 4 18 571 3
72.774 107.314 229.992 16 4 18 224 1
228.526 50.276 104.202 17 4 18 571 3
120.157 129.698 326.366 18 4 18 383 1
228.526 50.276 104.202 19 4 18 571 3
219.925 142.766 209.027 20 4 18 505 2
228.526 50.276 104.202 21 4 18 571 3
327.196 138.472 201.755 22 4 18 361 1
228.526 50.276 104.202 23 4 18 571 3
228.526 50.276 104.202 24 4 18 571 3
228.526 50.276 104.202 25 4 18 571 3
228.526 50.276 104.202 26 4 18 571 3
228.526 50.276 104.202 27 4 18 571 3
228.526 50.276 104.202 28 4 18 571 3
228.526 50.276 104.202 29 4 18 571 3
228.526 50.276 104.202 30 4 18 571 3
17.847 54.428 257.623 1 5 18 587 4
17.847 54.428 257.623 2 5 18 587 4
17.847 54.428 257.623 3 5 18 587 4
17.847 54.428 257.623 4 5 18 587 4
17.847 54.428 257.623 5 5 18 587 4
290.994 46.309 51.794 6 5 18 540 2
17.847 54.428 257.623 7 5 18 587 4
17.847 54.428 257.623 8 5 18 587 4
17.847 54.428 257.623 9 5 18 587 4
228.526 50.276 104.202 10 5 18 571 3
228.526 50.276 104.202 11 5 18 571 3
322.875 110.824 142.991 12 5 18 322 1
228.526 50.276 104.202 13 5 18 571 3
250.491 24.172 92.793 14 5 18 633 2
228.526 50.276 104.202 15 5 18 571 3
228.526 50.276 104.202 16 5 18 571 3
228.526 50.276 104.202 17 5 18 571 3
120.157 129.698 326.366 18 5 18 383 1
228.526 50.276 104.202 19 5 18 571 3
228.526 50.276 104.202 20 5 18 571 3
228.526 50.276 104.202 21 5 18 571 3
228.526 50.276 104.202 22 5 18 571 3
228.526 50.276 104.202 23 5 18 571 3
228.526 50.276 104.202 24 5 18 571 3
228.526 50.276 104.202 25 5 18 571 3
228.526 50.276 104.202 26 5 18 571 3
228.526 50.276 104.202 27 5 18 571 3
228.526 50.276 104.202 28 5 18 571 3
228.526 50.276 104.202 29 5 18 571 3
36.284 64.444 135.483 30 5 18 640 2
17.847 54.428 257.623 1 6 18 587 4
17.847 54.428 257.623 2 6 18 587 4
17.847 54.428 257.623 3 6 18 587 4
17.847 54.428 257.623 4 6 18 587 4
17.847 54.428 257.623 5 6 18 587 4
17.847 54.428 257.623 6 6 18 587 4
17.847 54.428 257.623 7 6 18 587 4
17.847 54.428 257.623 8 6 18 587 4
17.847 54.428 257.623 9 6 18 587 4
228.526 50.276 104.202 10 6 18 571 3
228.526 50.276 104.202 11 6 18 571 3
228.526 50.276 104.202 12 6 18 571 3
228.526 50.276 104.202 13 6 18 571 3
228.526 50.276 104.202 14 6 18 571 3
228.526 50.276 104.202 15 6 18 571 3
228.526 50.276 104.202 16 6 18 571 3
228.526 50.276 104.202 17 6 18 571 3
228.526 50.276 104.202 18 6 18 571 3
228.526 50.276 104.202 19 6 18 571 3
228.526 50.276 104.202 20 6 18 571 3
228.526 50.276 104.202 21 6 18 571 3
228.526 50.276 104.202 22 6 18 571 3
228.526 50.276 104.202 23 6 18 571 3
228.526 50.276 104.202 24 6 18 571 3
228.526 50.276 104.202 25 6 18 571 3
228.526 50.276 104.202 26 6 18 571 3
228.526 50.276 104.202 27 6 18 571 3
248.361 173.050 23.796 28 6 18 384 1
228.526 50.276 104.202 29 6 18 571 3
36.284 64.444 135.483 30 6 18 640 2
17.847 54.428 257.623 1 7 18 587 4
17.847 54.428 257.623 2 7 18 587 4
17.847 54.428 257.623 3 7 18 587 4
17.847 54.428 257.623 4 7 18 587 4
17.847 54.428 257.623 5 7 18 587 4
17.847 54.428 257.623 6 7 18 587 4
17.847 54.428 257.623 7 7 18 587 4
17.847 54.428 257.623 8 7 18 587 4
17.847 54.428 257.623 9 7 18 587 4
17.847 54.428 257.623 10 7 18 587 4
228.526 50.276 104.202 11 7 18 571 3
228.526 50.276 104.202 12 7 18 571 3
228.526 50.276 104.202 13 7 18 571 3
228.526 50.276 104.202 14 7 18 571 3
228.526 50.276 104.202 15 7 18 571 3
228.526 50.276 104.202 16 7 18 571 3
228.526 50.276 104.202 17 7 18 571 3
228.526 50.276 104.202 18 7 18 571 3
228.526 50.276 104.202 19 7 18 571 3
228.526 50.276 104.202 20 7 18 571 3
228.526 50.276 104.202 21 7 18 571 3
228.526 50.276 104.202 22 7 18 571 3
228.526 50.276 104.202 23 7 18 571 3
228.526 50.276 104.202 24 7 18 571 3
228.526 50.276 104.202 25 7 18 571 3
228.526 50.276 104.202 26 7 18 571 3
228.526 50.276 104.202 27 7 18 571 3
228.526 50.276 104.202 28 7 18 571 3
228.526 50.276 104.202 29 7 18 571 3
228.526 50.276 104.202 30 7 18 571 3
17.847 54.428 257.623 1 8 18 587 4
17.847 54.428 257.623 2 8 18 587 4
17.847 54.428 257.623 3 8 18 587 4
17.847 54.428 257.623 4 8 18 587 4
17.847 54.428 257.623 5 8 18 587 4
17.847 54.428 257.623 6 8 18 587 4
17.847 54.428 257.623 7 8 18 587 4
17.847 54.428 257.623 8 8 18 587 4
17.847 54.428 257.623 9 8 18 587 4
17.847 54.428 257.623 10 8 18 587 4
228.526 50.276 104.202 11 8 18 571 3
228.526 50.276 104.202 12 8 18 571 3
228.526 50.276 104.202 13 8 18 571 3
80.397 53.994 87.761 14 8 18 429 1
228.526 50.276 104.202 15 8 18 571 3
228.526 50.276 104.202 16 8 18 571 3
228.526 50.276 104.202 17 8 18 571 3
228.526 50.276 104.202 18 8 18 571 3
228.526 50.276 104.202 19 8 18 571 3
228.526 50.276 104.202 20 8 18 571 3
228.526 50.276 104.202 21 8 18 571 3
228.526 50.276 104.202 22 8 18 571 3
228.526 50.276 104.202 23 8 18 571 3
21.804 81.259 133.730 24 8 18 114 1
228.526 50.276 104.202 25 8 18 571 3
228.526 50.276 104.202 26 8 18 571 3
228.526 50.276 104.202 27 8 18 571 3
228.526 50.276 104.202 28 8 18 571 3
228.526 50.276 104.202 29 8 18 571 3
237.316 155.143 177.552 30 8 18 257 1
17.847 54.428 257.623 1 9 18 587 4
17.847 54.428 257.623 2 9 18 587 4
17.847 54.428 257.623 3 9 18 587 4
17.847 54.428 257.623 4 9 18 587 4
17.847 54.428 257.623 5 9 18 587 4
17.847 54.428 257.623 6 9 18 587 4
17.847 54.428 257.623 7 9 18 587 4
17.847 54.428 257.623 8 9 18 587 4
17.847 54.428 257.623 9 9 18 587 4
17.847 54.428 257.623 10 9 18 587 4
17.847 54.428 257.623 11 9 18 587 4
228.526 50.276 104.202 12 9 18 571 3
228.526 50.276 104.202 13 9 18 571 3
228.526 50.276 104.202 14 9 18 571 3
228.526 50.276 104.202 15 9 18 571 3
228.526 50.276 104.202 16 9 18 571 3
228.526 50.276 104.202 17 9 18 571 3
228.526 50.276 104.202 18 9 18 571 3
228.526 50.276 104.202 19 9 18 571 3
228.526 50.276 104.202 20 9 18 571 3
228.526 50.276 104.202 21 9 18 571 3
228.526 50.276 104.202 22 9 18 571 3
228.526 50.276 104.202 23 9 18 571 3
228.526 50.276 104.202 24 9 18 571 3
228.526 50.276 104.202 25 9 18 571 3
228.526 50.276 104.202 26 9 18 571 3
228.526 50.276 104.202 27 9 18 571 3
228.526 50.276 104.202 28 9 18 571 3
228.526 50.276 104.202 29 9 18 571 3
228.526 50.276 104.202 30 9 18 571 3
17.847 54.428 257.623 1 10 18 587 4
17.847 54.428 257.623 2 10 18 587 4
17.847 54.428 257.623 3 10 18 587 4
17.847 54.428 257.623 4 10 18 587 4
17.847 54.428 257.623 5 10 18 587 4
17.847 54.428 257.623 6 10 18 587 4
17.847 54.428 257.623 7 10 18 587 4
17.847 54.428 257.623 8 10 18 587 4
17.847 54.428 257.623 9 10 18 587 4
17.847 54.428 257.623 10 10 18 587 4
17.847 54.428 257.623 11 10 18 587 4
228.526 50.276 104.202 12 10 18 571 3
228.526 50.276 104.202 13 10 18 571 3
228.526 50.276 104.202 14 10 18 571 3
228.526 50.276 104.202 15 10 18 571 3
228.526 50.276 104.202 16 10 18 571 3
228.526 50.276 104.202 17 10 18 571 3
228.526 50.276 104.202 18 10 18 571 3
228.526 50.276 104.202 19 10 18 571 3
228.526 50.276 104.202 20 10 18 571 3
228.526 50.276 104.202 21 10 18 571 3
228.526 50.276 104.202 22 10 18 571 3
228.526 50.276 104.202 23 10 18 571 3
228.526 50.276 104.202 24 10 18 571 3
228.526 50.276 104.202 25 10 18 571 3
228.526 50.276 104.202 26 10 18 571 3
228.526 50.276 104.202 27 10 18 571 3
88.066 66.494 169.437 28 10 18 182 1
228.526 50.276 104.202 29 10 18 571 3
91.291 50.018 131.003 30 10 18 318 1
17.847 54.428 257.623 1 11 18 587 4
17.847 54.428 257.623 2 11 18 587 4
17.847 54.428 257.623 3 11 18 587 4
17.847 54.428 257.623 4 11 18 587 4
17.847 54.428 257.623 5 11 18 587 4
17.847 54.428 257.623 6 11 18 587 4
17.847 54.428 257.623 7 11 18 587 4
17.847 54.428 257.623 8 11 18 587 4
17.847 54.428 257.623 9 11 18 587 4
17.847 54.428 257.623 10 11 18 587 4
17.847 54.428 257.623 11 11 18 587 4
17.847 54.428 257.623 12 11 18 587 4
228.526 50.276 104.202 13 11 18 571 3
228.526 50.276 104.202 14 11 18 571 3
228.526 50.276 104.202 15 11 18 571 3
228.526 50.276 104.202 16 11 18 571 3
228.526 50.276 104.202 17 11 18 571 3
168.872 38.322 225.965 18 11 18 137 1
228.526 50.276 104.202 19 11 18 571 3
228.526 50.276 104.202 20 11 18 571 3
228.526 50.276 104.202 21 11 18 571 3
228.526 50.276 104.202 22 11 18 571 3
228.526 50.276 104.202 23 11 18 571 3
228.526 50.276 104.202 24 11 18 571 3
228.526 50.276 104.202 25 11 18 571 3
228.526 50.276 104.202 26 11 18 571 3
228.526 50.276 104.202 27 11 18 571 3
228.526 50.276 104.202 28 11 18 571 3
228.526 50.276 104.202 29 11 18 571 3
228.526 50.276 104.202 30 11 18 571 3
17.847 54.428 257.623 1 12 18 587 4
17.847 54.428 257.623 2 12 18 587 4
17.847 54.428 257.623 3 12 18 587 4
17.847 54.428 257.623 4 12 18 587 4
17.847 54.428 257.623 5 12 18 587 4
17.847 54.428 257.623 6 12 18 587 4
17.847 54.428 257.623 7 12 18 587 4
17.847 54.428 257.623 8 12 18 587 4
17.847 54.428 257.623 9 12 18 587 4
17.847 54.428 257.623 10 12 18 587 4
17.847 54.428 257.623 11 12 18 587 4
17.847 54.428 257.623 12 12 18 587 4
228.526 50.276 104.202 13 12 18 571 3
228.526 50.276 104.202 14 12 18 571 3
228.526 50.276 104.202 15 12 18 571 3
297.882 69.072 132.180 16 12 18 93 1
228.526 50.276 104.202 17 12 18 571 3
39.602 44.087 359.365 18 12 18 89 1
228.526 50.276 104.202 19 12 18 571 3
228.526 50.276 104.202 20 12 18 571 3
228.526 50.276 104.202 21 12 18 571 3
254.609 50.098 331.009 22 12 18 370 1
228.526 50.276 104.202 23 12 18 571 3
228.526 50.276 104.202 24 12 18 571 3
228.526 50.276 104.202 25 12 18 571 3
228.526 50.276 104.202 26 12 18 571 3
228.526 50.276 104.202 27 12 18 571 3
82.745 125.402 280.589 28 12 18 164 1
228.526 50.276 104.202 29 12 18 571 3
228.526 50.276 104.202 30 12 18 571 3
17.847 54.428 257.623 1 13 18 587 4
17.847 54.428 257.623 2 13 18 587 4
17.847 54.428 257.623 3 13 18 587 4
17.847 54.428 257.623 4 13 18 587 4
17.847 54.428 257.623 5 13 18 587 4
17.847 54.428 257.623 6 13 18 587 4
17.847 54.428 257.623 7 13 18 587 4
17.847 54.428 257.623 8 13 18 587 4
17.847 54.428 257.623 9 13 18 587 4
17.847 54.428 257.623 10 13 18 587 4
17.847 54.428 257.623 11 13 18 587 4
17.847 54.428 257.623 12 13 18 587 4
17.847 54.428 257.623 13 13 18 587 4
228.526 50.276 104.202 14 13 18 571 3
228.526 50.276 104.202 15 13 18 571 3
228.526 50.276 104.202 16 13 18 571 3
228.526 50.276 104.202 17 13 18 571 3
228.526 50.276 104.202 18 13 18 571 3
228.526 50.276 104.202 19 13 18 571 3
228.526 50.276 104.202 20 13 18 571 3
228.526 50.276 104.202 21 13 18 571 3
228.526 50.276 104.202 22 13 18 571 3
228.526 50.276 104.202 23 13 18 571 3
228.526 50.276 104.202 24 13 18 571 3
228.526 50.276 104.202 25 13 18 571 3
228.526 50.276 104.202 26 13 18 571 3
228.526 50.276 104.202 27 13 18 571 3
228.526 50.276 104.202 28 13 18 571 3
228.526 50.276 104.202 29 13 18 571 3
228.526 50.276 104.202 30 13 18 571 3
17.847 54.428 257.623 1 14 18 587 4
17.847 54.428 257.623 2 14 18 587 4
17.847 54.428 257.623 3 14 18 587 4
17.847 54.428 257.623 4 14 18 587 4
17.847 54.428 257.623 5 14 18 587 4
17.847 54.428 257.623 6 14 18 587 4
17.847 54.428 257.623 7 14 18 587 4
17.847 54.428 257.623 8 14 18 587 4
17.847 54.428 257.623 9 14 18 587 4
17.847 54.428 257.623 10 14 18 587 4
17.847 54.428 257.623 11 14 18 587 4
17.847 54.428 257.623 12 14 18 587 4
17.847 54.428 257.623 13 14 18 587 4
17.847 54.428 257.623 14 14 18 587 4
228.526 50.276 104.202 15 14 18 571 3
228.526 50.276 104.202 16 14 18 571 3
228.526 50.276 104.202 17 14 18 571 3
228.526 50.276 104.202 18 14 18 571 3
228.526 50.276 104.202 19 14 18 571 3
153.753 133.961 127.857 20 14 18 549 2
228.526 50.276 104.202 21 14 18 571 3
228.526 50.276 104.202 22 14 18 571 3
228.526 50.276 104.202 23 14 18 571 3
228.526 50.276 104.202 24 14 18 571 3
228.526 50.276 104.202 25 14 18 571 3
228.526 50.276 104.202 26 14 18 571 3
228.526 50.276 104.202 27 14 18 571 3
228.526 50.276 104.202 28 14 18 571 3
228.526 50.276 104.202 29 14 18 571 3
19.136 157.010 66.017 30 14 18 443 1
17.847 54.428 257.623 1 15 18 587 4
17.847 54.428 257.623 2 15 18 587 4
17.847 54.428 257.623 3 15 18 587 4
17.847 54.428 257.623 4 15 18 587 4
17.847 54.428 257.623 5 15 18 587 4
17.847 54.428 257.623 6 15 18 587 4
17.847 54.428 257.623 7 15 18 587 4
17.847 54.428 257.623 8 15 18 587 4
17.847 54.428 257.623 9 15 18 587 4
17.847 54.428 257.623 10 15 18 587 4
17.847 54.428 257.623 11 15 18 587 4
17.847 54.428 257.623 12 15 18 587 4
17.847 54.428 257.623 13 15 18 587 4
17.847 54.428 257.623 14 15 18 587 4
228.526 50.276 104.202 15 15 18 571 3
226.601 120.849 133.469 16 15 18 297 1
228.526 50.276 104.202 17 15 18 571 3
228.526 50.276 104.202 18 15 18 571 3
228.526 50.276 104.202 19 15 18 571 3
228.526 50.276 104.202 20 15 18 571 3
228.526 50.276 104.202 21 15 18 571 3
228.526 50.276 104.202 22 15 18 571 3
228.526 50.276 104.202 23 15 18 571 3
228.526 50.276 104.202 24 15 18 571 3
228.526 50.276 104.202 25 15 18 571 3
228.526 50.276 104.202 26 15 18 571 3
228.526 50.276 104.202 27 15 18 571 3
228.526 50.276 104.202 28 15 18 571 3
228.526 50.276 104.202 29 15 18 571 3
228.526 50.276 104.202 30 15 18 571 3
17.847 54.428 257.623 1 16 18 587 4
17.847 54.428 257.623 2 16 18 587 4
17.847 54.428 257.623 3 16 18 587 4
17.847 54.428 257.623 4 16 18 587 4
17.847 54.428 257.623 5 16 18 587 4
17.847 54.428 257.623 6 16 18 587 4
17.847 54.428 257.623 7 16 18 587 4
17.847 54.428 257.623 8 16 18 587 4
17.847 54.428 257.623 9 16 18 587 4
17.847 54.428 257.623 10 16 18 587 4
17.847 54.428 257.623 11 16 18 587 4
17.847 54.428 257.623 12 16 18 587 4
17.847 54.428 257.623 13 16 18 587 4
17.847 54.428 257.623 14 16 18 587 4
226.601 120.849 133.469 15 16 18 297 1
226.601 120.849 133.469 16 16 18 297 1
228.526 50.276 104.202 17 16 18 571 3
228.526 50.276 104.202 18 16 18 571 3
228.526 50.276 104.202 19 16 18 571 3
228.526 50.276 104.202 20 16 18 571 3
228.526 50.276 104.202 21 16 18 571 3
341.323 136.094 240.489 22 16 18 356 1
228.526 50.276 104.202 23 16 18 571 3
228.526 50.276 104.202 24 16 18 571 3
172.963 100.175 132.384 25 16 18 574 4
172.963 100.175 132.384 26 16 18 574 4
228.526 50.276 104.202 27 16 18 571 3
228.526 50.276 104.202 28 16 18 571 3
228.526 50.276 104.202 29 16 18 571 3
228.526 50.276 104.202 30 16 18 571 3
17.847 54.428 257.623 1 17 18 587 4
17.847 54.428 257.623 2 17 18 587 4
17.847 54.428 257.623 3 17 18 587 4
17.847 54.428 257.623 4 17 18 587 4
17.847 54.428 257.623 5 17 18 587 4
17.847 54.428 257.623 6 17 18 587 4
17.847 54.428 257.623 7 17 18 587 4
17.847 54.428 257.623 8 17 18 587 4
17.847 54.428 257.623 9 17 18 587 4
17.847 54.428 257.623 10 17 18 587 4
17.847 54.428 257.623 11 17 18 587 4
17.847 54.428 257.623 12 17 18 587 4
17.847 54.428 257.623 13 17 18 587 4
17.847 54.428 257.623 14 17 18 587 4
226.601 120.849 133.469 15 17 18 297 1
226.601 120.849 133.469 16 17 18 297 1
268.956 26.950 182.919 17 17 18 583 4
268.956 26.950 182.919 18 17 18 583 4
228.526 50.276 104.202 19 17 18 571 3
228.526 50.276 104.202 20 17 18 571 3
228.526 50.276 104.202 21 17 18 571 3
172.963 100.175 132.384 22 17 18 574 4
172.963 100.175 132.384 23 17 18 574 4
172.963 100.175 132.384 24 17 18 574 4
172.963 100.175 132.384 25 17 18 574 4
172.963 100.175 132.384 26 17 18 574 4
172.963 100.175 132.384 27 17 18 574 4
228.526 50.276 104.202 28 17 18 571 3
228.526 50.276 104.202 29 17 18 571 3
228.526 50.276 104.202 30 17 18 571 3
17.847 54.428 257.623 1 18 18 587 4
17.847 54.428 257.623 2 18 18 587 4
17.847 54.428 257.623 3 18 18 587 4
17.847 54.428 257.623 4 18 18 587 4
17.847 54.428 257.623 5 18 18 587 4
17.847 54.428 257.623 6 18 18 587 4
17.847 54.428 257.623 7 18 18 587 4
17.847 54.428 257.623 8 18 18 587 4
17.847 54.428 257.623 9 18 18 587 4
17.847 54.428 257.623 10 18 18 587 4
17.847 54.428 257.623 11 18 18 587 4
17.847 54.428 257.623 12 18 18 587 4
17.847 54.428 257.623 13 18 18 587 4
17.847 54.428 257.623 14 18 18 587 4
268.956 26.950 182.919 15 18 18 583 4
268.956 26.950 182.919 16 18 18 583 4
268.956 26.950 182.919 17 18 18 583 4
268.956 26.950 182.919 18 18 18 583 4
228.526 50.276 104.202 19 18 18 571 3
228.526 50.276 104.202 20 18 18 571 3
172.963 100.175 132.384 21 18 18 574 4
172.963 100.175 132.384 22 18 18 574 4
172.963 100.175 132.384 23 18 18 574 4
172.963 100.175 132.384 24 18 18 574 4
172.963 100.175 132.384 25 18 18 574 4
172.963 100.175 132.384 26 18 18 574 4
172.963 100.175 132.384 27 18 18 574 4
172.963 100.175 132.384 28 18 18 574 4
228.526 50.276 104.202 29 18 18 571 3
208.733 46.520 129.056 30 18 18 584 4
17.847 54.428 257.623 1 19 18 587 4
17.847 54.428 257.623 2 19 18 587 4
17.847 54.428 257.623 3 19 18 587 4
17.847 54.428 257.623 4 19 18 587 4
17.847 54.428 257.623 5 19 18 587 4
17.847 54.428 257.623 6 19 18 587 4
17.847 54.428 257.623 7 19 18 587 4
17.847 54.428 257.623 8 19 18 587 4
17.847 54.428 257.623 9 19 18 587 4
17.847 54.428 257.623 10 19 18 587 4
17.847 54.428 257.623 11 19 18 587 4
17.847 54.428 257.623 12 19 18 587 4
17.847 54.428 257.623 13 19 18 587 4
17.847 54.428 257.623 14 19 18 587 4
268.956 26.950 182.919 15 19 18 583 4
268.956 26.950 182.919 16 19 18 583 4
268.956 26.950 182.919 17 19 18 583 4
268.956 26.950 182.919 18 19 18 583 4
268.956 26.950 182.919 19 19 18 583 4
172.963 100.175 132.384 20 19 18 574 4
172.963 100.175 132.384 21 19 18 574 4
172.963 100.175 132.384 22 19 18 574 4
172.963 100.175 132.384 23 19 18 574 4
172.963 100.175 132.384 24 19 18 574 4
172.963 100.175 132.384 25 19 18 574 4
172.963 100.175 132.384 26 19 18 574 4
172.963 100.175 132.384 27 19 18 574 4
144.748 167.251 322.201 28 19 18 579 4
208.733 46.520 129.056 29 19 18 584 4
208.733 46.520 129.056 30 19 18 584 4
17.847 54.428 257.623 1 20 18 587 4
17.847 54.428 257.623 2 20 18 587 4
17.847 54.428 257.623 3 20 18 587 4
17.847 54.428 257.623 4 20 18 587 4
17.847 54.428 257.623 5 20 18 587 4
17.847 54.428 257.623 6 20 18 587 4
17.847 54.428 257.623 7 20 18 587 4
17.847 54.428 257.623 8 20 18 587 4
17.847 54.428 257.623 9 20 18 587 4
17.847 54.428 257.623 10 20 18 587 4
17.847 54.428 257.623 11 20 18 587 4
17.847 54.428 257.623 12 20 18 587 4
17.847 54.428 257.623 13 20 18 587 4
17.847 54.428 257.623 14 20 18 587 4
268.956 26.950 182.919 15 20 18 583 4
268.956 26.950 182.919 16 20 18 583 4
268.956 26.950 182.919 17 20 18 583 4
268.956 26.950 182.919 18 20 18 583 4
144.748 167.251 322.201 19 20 18 579 4
144.748 167.251 322.201 20 20 18 579 4
172.963 100.175 132.384 21 20 18 574 4
172.963 100.175 132.384 22 20 18 574 4
172.963 100.175 132.384 23 20 18 574 4
172.963 100.175 132.384 24 20 18 574 4
172.963 100.175 132.384 25 20 18 574 4
172.963 100.175 132.384 26 20 18 574 4
144.748 167.251 322.201 27 20 18 579 4
144.748 167.251 322.201 28 20 18 579 4
208.733 46.520 129.056 29 20 18 584 4
208.733 46.520 129.056 30 20 18 584 4
17.847 54.428 257.623 1 21 18 587 4
17.847 54.428 257.623 2 21 18 587 4
17.847 54.428 257.623 3 21 18 587 4
17.847 54.428 257.623 4 21 18 587 4
17.847 54.428 257.623 5 21 18 587 4
17.847 54.428 257.623 6 21 18 587 4
17.847 54.428 257.623 7 21 18 587 4
17.847 54.428 257.623 8 21 18 587 4
17.847 54.428 257.623 9 21 18 587 4
17.847 54.428 257.623 10 21 18 587 4
17.847 54.428 257.623 11 21 18 587 4
17.847 54.428 257.623 12 21 18 587 4
17.847 54.428 257.623 13 21 18 587 4
268.956 26.950 182.919 14 21 18 583 4
268.956 26.950 182.919 15 21 18 583 4
268.956 26.950 182.919 16 21 18 583 4
268.956 26.950 182.919 17 21 18 583 4
268.956 26.950 182.919 18 21 18 583 4
144.748 167.251 322.201 19 21 18 579 4
144.748 167.251 322.201 20 21 18 579 4
144.748 167.251 322.201 21 21 18 579 4
144.748 167.251 322.201 22 21 18 579 4
172.963 100.175 132.384 23 21 18 574 4
144.748 167.251 322.201 24 21 18 579 4
144.748 167.251 322.201 25 21 18 579 4
144.748 167.251 322.201 26 21 18 579 4
144.748 167.251 322.201 27 21 18 579 4
144.748 167.251 322.201 28 21 18 579 4
144.748 167.251 322.201 29 21 18 579 4
208.733 46.520 129.056 30 21 18 584 4
80.957 161.770 24.449 1 22 18 580 4
80.957 161.770 24.449 2 22 18 580 4
17.847 54.428 257.623 3 22 18 587 4
17.847 54.428 257.623 4 22 18 587 4
17.847 54.428 257.623 5 22 18 587 4
17.847 54.428 257.623 6 22 18 587 4
17.847 54.428 257.623 7 22 18 587 4
17.847 54.428 257.623 8 22 18 587 4
17.847 54.428 257.623 9 22 18 587 4
17.847 54.428 257.623 10 22 18 587 4
17.847 54.428 257.623 11 22 18 587 4
17.847 54.428 257.623 12 22 18 587 4
122.621 49.083 203.139 13 22 18 615 1
122.621 49.083 203.139 14 22 18 615 1
268.956 26.950 182.919 15 22 18 583 4
268.956 26.950 182.919 16 22 18 583 4
268.956 26.950 182.919 17 22 18 583 4
144.748 167.251 322.201 18 22 18 579 4
144.748 167.251 322.201 19 22 18 579 4
144.748 167.251 322.201 20 22 18 579 4
144.748 167.251 322.201 21 22 18 579 4
144.748 167.251 322.201 22 22 18 579 4
144.748 167.251 322.201 23 22 18 579 4
144.748 167.251 322.201 24 22 18 579 4
144.748 167.251 322.201 25 22 18 579 4
144.748 167.251 322.201 26 22 18 579 4
144.748 167.251 322.201 27 22 18 579 4
144.748 167.251 322.201 28 22 18 579 4
144.748 167.251 322.201 29 22 18 579 4
144.748 167.251 322.201 30 22 18 579 4
80.957 161.770 24.449 1 23 18 580 4
80.957 161.770 24.449 2 23 18 580 4
80.957 161.770 24.449 3 23 18 580 4
80.957 161.770 24.449 4 23 18 580 4
80.957 161.770 24.449 5 23 18 580 4
80.957 161.770 24.449 6 23 18 580 4
17.847 54.428 257.623 7 23 18 587 4
17.847 54.428 257.623 8 23 18 587 4
17.847 54.428 257.623 9 23 18 587 4
17.847 54.428 257.623 10 23 18 587 4
17.847 54.428 257.623 11 23 18 587 4
122.621 49.083 203.139 12 23 18 615 1
122.621 49.083 203.139 13 23 18 615 1
122.621 49.083 203.139 14 23 18 615 1
122.621 49.083 203.139 15 23 18 615 1
122.621 49.083 203.139 16 23 18 615 1
268.956 26.950 182.919 17 23 18 583 4
144.748 167.251 322.201 18 23 18 579 4
144.748 167.251 322.201 19 23 18 579 4
144.748 167.251 322.201 20 23 18 579 4
144.748 167.251 322.201 21 23 18 579 4
144.748 167.251 322.201 22 23 18 579 4
144.748 167.251 322.201 23 23 18 579 4
144.748 167.251 322.201 24 23 18 579 4
144.748 167.251 322.201 25 23 18 579 4
144.748 167.251 322.201 26 23 18 579 4
144.748 167.251 322.201 27 23 18 579 4
144.748 167.251 322.201 28 23 18 579 4
144.748 167.251 322.201 29 23 18 579 4
144.748 167.251 322.201 30 23 18 579 4
80.957 161.770 24.449 1 24 18 580 4
80.957 161.770 24.449 2 24 18 580 4
80.957 161.770 24.449 3 24 18 580 4
80.957 161.770 24.449 4 24 18 580 4
80.957 161.770 24.449 5 24 18 580 4
80.957 161.770 24.449 6 24 18 580 4
80.957 161.770 24.449 7 24 18 580 4
80.957 161.770 24.449 8 24 18 580 4
80.957 161.770 24.449 9 24 18 580 4
80.957 161.770 24.449 10 24 18 580 4
80.957 161.770 24.449 11 24 18 580 4
122.621 49.083 203.139 12 24 18 615 1
122.621 49.083 203.139 13 24 18 615 1
122.621 49.083 203.139 14 24 18 615 1
122.621 49.083 203.139 15 24 18 615 1
122.621 49.083 203.139 16 24 18 615 1
122.621 49.083 203.139 17 24 18 615 1
103.951 94.301 286.274 18 24 18 617 1
103.951 94.301 286.274 19 24 18 617 1
144.748 167.251 322.201 20 24 18 579 4
144.748 167.251 322.201 21 24 18 579 4
144.748 167.251 322.201 22 24 18 579 4
144.748 167.251 322.201 23 24 18 579 4
144.748 167.251 322.201 24 24 18 579 4
144.748 167.251 322.201 25 24 18 579 4
144.748 167.251 322.201 26 24 18 579 4
144.748 167.251 322.201 27 24 18 579 4
144.748 167.251 322.201 28 24 18 579 4
144.748 167.251 322.201 29 24 18 579 4
144.748 167.251 322.201 30 24 18 579 4
80.957 161.770 24.449 1 25 18 580 4
80.957 161.770 24.449 2 25 18 580 4
80.957 161.770 24.449 3 25 18 580 4
80.957 161.770 24.449 4 25 18 580 4
80.957 161.770 24.449 5 25 18 580 4
80.957 161.770 24.449 6 25 18 580 4
80.957 161.770 24.449 7 25 18 580 4
80.957 161.770 24.449 8 25 18 580 4
80.957 161.770 24.449 9 25 18 580 4
80.957 161.770 24.449 10 25 18 580 4
80.957 161.770 24.449 11 25 18 580 4
122.621 49.083 203.139 12 25 18 615 1
122.621 49.083 203.139 13 25 18 615 1
122.621 49.083 203.139 14 25 18 615 1
122.621 49.083 203.139 15 25 18 615 1
122.621 49.083 203.139 16 25 18 615 1
122.621 49.083 203.139 17 25 18 615 1
144.748 167.251 322.201 18 25 18 579 4
144.748 167.251 322.201 19 25 18 579 4
144.748 167.251 322.201 20 25 18 579 4
144.748 167.251 322.201 21 25 18 579 4
144.748 167.251 322.201 22 25 18 579 4
144.748 167.251 322.201 23 25 18 579 4
144.748 167.251 322.201 24 25 18 579 4
144.748 167.251 322.201 25 25 18 579 4
144.748 167.251 322.201 26 25 18 579 4
144.748 167.251 322.201 27 25 18 579 4
144.748 167.251 322.201 28 25 18 579 4
144.748 167.251 322.201 29 25 18 579 4
144.748 167.251 322.201 30 25 18 579 4
80.957 161.770 24.449 1 26 18 580 4
80.957 161.770 24.449 2 26 18 580 4
80.957 161.770 24.449 3 26 18 580 4
80.957 161.770 24.449 4 26 18 580 4
80.957 161.770 24.449 5 26 18 580 4
80.957 161.770 24.449 6 26 18 580 4
80.957 161.770 24.449 7 26 18 580 4
80.957 161.770 24.449 8 26 18 580 4
80.957 161.770 24.449 9 26 18 580 4
80.957 161.770 24.449 10 26 18 580 4
80.957 161.770 24.449 11 26 18 580 4
80.957 161.770 24.449 12 26 18 580 4
122.621 49.083 203.139 13 26 18 615 1
122.621 49.083 203.139 14 26 18 615 1
122.621 49.083 203.139 15 26 18 615 1
122.621 49.083 203.139 16 26 18 615 1
144.748 167.251 322.201 17 26 18 579 4
144.748 167.251 322.201 18 26 18 579 4
144.748 167.251 322.201 19 26 18 579 4
144.748 167.251 322.201 20 26 18 579 4
144.748 167.251 322.201 21 26 18 579 4
144.748 167.251 322.201 22 26 18 579 4
144.748 167.251 322.201 23 26 18 579 4
144.748 167.251 322.201 24 26 18 579 4
144.748 167.251 322.201 25 26 18 579 4
144.748 167.251 322.201 26 26 18 579 4
144.748 167.251 322.201 27 26 18 579 4
144.748 167.251 322.201 28 26 18 579 4
144.748 167.251 322.201 29 26 18 579 4
144.748 167.251 322.201 30 26 18 579 4
80.957 161.770 24.449 1 27 18 580 4
80.957 161.770 24.449 2 27 18 580 4
80.957 161.770 24.449 3 27 18 580 4
80.957 161.770 24.449 4 27 18 580 4
80.957 161.770 24.449 5 27 18 580 4
80.957 161.770 24.449 6 27 18 580 4
80.957 161.770 24.449 7 27 18 580 4
80.957 161.770 24.449 8 27 18 580 4
80.957 161.770 24.449 9 27 18 580 4
80.957 161.770 24.449 10 27 18 580 4
80.957 161.770 24.449 11 27 18 580 4
80.957 161.770 24.449 12 27 18 580 4
80.957 161.770 24.449 13 27 18 580 4
122.621 49.083 203.139 14 27 18 615 1
122.621 49.083 203.139 15 27 18 615 1
122.621 49.083 203.139 16 27 18 615 1
144.748 167.251 322.201 17 27 18 579 4
144.748 167.251 322.201 18 27 18 579 4
144.748 167.251 322.201 19 27 18 579 4
144.748 167.251 322.201 20 27 18 579 4
144.748 167.251 322.201 21 27 18 579 4
144.748 167.251 322.201 22 27 18 579 4
144.748 167.251 322.201 23 27 18 579 4
144.748 167.251 322.201 24 27 18 579 4
144.748 167.251 322.201 25 27 18 579 4
144.748 167.251 322.201 26 27 18 579 4
144.748 167.251 322.201 27 27 18 579 4
144.748 167.251 322.201 28 27 18 579 4
144.748 167.251 322.201 29 27 18 579 4
144.748 167.251 322.201 30 27 18 579 4
80.957 161.770 24.449 1 28 18 580 4
80.957 161.770 24.449 2 28 18 580 4
80.957 161.770 24.449 3 28 18 580 4
80.957 161.770 24.449 4 28 18 580 4
80.957 161.770 24.449 5 28 18 580 4
80.957 161.770 24.449 6 28 18 580 4
80.957 161.770 24.449 7 28 18 580 4
80.957 161.770 24.449 8 28 18 580 4
80.957 161.770 24.449 9 28 18 580 4
80.957 161.770 24.449 10 28 18 580 4
80.957 161.770 24.449 11 28 18 580 4
80.957 161.770 24.449 12 28 18 580 4
80.957 161.770 24.449 13 28 18 580 4
80.957 161.770 24.449 14 28 18 580 4
182.639 75.913 82.054 15 28 18 480 2
182.639 75.913 82.054 16 28 18 480 2
182.639 75.913 82.054 17 28 18 480 2
144.748 167.251 322.201 18 28 18 579 4
144.748 167.251 322.201 19 28 18 579 4
144.748 167.251 322.201 20 28 18 579 4
144.748 167.251 322.201 21 28 18 579 4
144.748 167.251 322.201 22 28 18 579 4
144.748 167.251 322.201 23 28 18 579 4
144.748 167.251 322.201 24 28 18 579 4
144.748 167.251 322.201 25 28 18 579 4
144.748 167.251 322.201 26 28 18 579 4
144.748 167.251 322.201 27 28 18 579 4
144.748 167.251 322.201 28 28 18 579 4
144.748 167.251 322.201 29 28 18 579 4
144.748 167.251 322.201 30 28 18 579 4
80.957 161.770 24.449 1 29 18 580 4
80.957 161.770 24.449 2 29 18 580 4
80.957 161.770 24.449 3 29 18 580 4
80.957 161.770 24.449 4 29 18 580 4
80.957 161.770 24.449 5 29 18 580 4
80.957 161.770 24.449 6 29 18 580 4
80.957 161.770 24.449 7 29 18 580 4
80.957 161.770 24.449 8 29 18 580 4
80.957 161.770 24.449 9 29 18 580 4
80.957 161.770 24.449 10 29 18 580 4
80.957 161.770 24.449 11 29 18 580 4
80.957 161.770 24.449 12 29 18 580 4
80.957 161.770 24.449 13 29 18 580 4
80.957 161.770 24.449 14 29 18 580 4
80.957 161.770 24.449 15 29 18 580 4
182.639 75.913 82.054 16 29 18 480 2
182.639 75.913 82.054 17 29 18 480 2
216.556 62.173 216.315 18 29 18 333 1
144.748 167.251 322.201 19 29 18 579 4
144.748 167.251 322.201 20 29 18 579 4
144.748 167.251 322.201 21 29 18 579 4
144.748 167.251 322.201 22 29 18 579 4
144.748 167.251 322.201 23 29 18 579 4
144.748 167.251 322.201 24 29 18 579 4
144.748 167.251 322.201 25 29 18 579 4
144.748 167.251 322.201 26 29 18 579 4
144.748 167.251 322.201 27 29 18 579 4
144.748 167.251 322.201 28 29 18 579 4
144.748 167.251 322.201 29 29 18 579 4
144.748 167.251 322.201 30 29 18 579 4
80.957 161.770 24.449 1 30 18 580 4
80.957 161.770 24.449 2 30 18 580 4
80.957 161.770 24.449 3 30 18 580 4
80.957 161.770 24.449 4 30 18 580 4
80.957 161.770 24.449 5 30 18 580 4
80.957 161.770 24.449 6 30 18 580 4
80.957 161.770 24.449 7 30 18 580 4
80.957 161.770 24.449 8 30 18 580 4
80.957 161.770 24.449 9 30 18 580 4
80.957 161.770 24.449 10 30 18 580 4
80.957 161.770 24.449 11 30 18 580 4
80.957 161.770 24.449 12 30 18 580 4
80.957 161.770 24.449 13 30 18 580 4
80.957 161.770 24.449 14 30 18 580 4
80.957 161.770 24.449 15 30 18 580 4
80.957 161.770 24.449 16 30 18 580 4
330.929 136.260 323.850 17 30 18 413 1
216.556 62.173 216.315 18 30 18 333 1
144.748 167.251 322.201 19 30 18 579 4
144.748 167.251 322.201 20 30 18 579 4
144.748 167.251 322.201 21 30 18 579 4
144.748 167.251 322.201 22 30 18 579 4
144.748 167.251 322.201 23 30 18 579 4
144.748 167.251 322.201 24 30 18 579 4
144.748 167.251 322.201 25 30 18 579 4
144.748 167.251 322.201 26 30 18 579 4
144.748 167.251 322.201 27 30 18 579 4
144.748 167.251 322.201 28 30 18 579 4
144.748 167.251 322.201 29 30 18 579 4
144.748 167.251 322.201 30 30 18 579 4
