17.847 54.428 257.623 1 1 10 587 4
17.847 54.428 257.623 2 1 10 587 4
17.847 54.428 257.623 3 1 10 587 4
17.847 54.428 257.623 4 1 10 587 4
17.847 54.428 257.623 5 1 10 587 4
17.847 54.428 257.623 6 1 10 587 4
17.847 54.428 257.623 7 1 10 587 4
17.847 54.428 257.623 8 1 10 587 4
155.660 114.395 73.678 9 1 10 555 2
25.999 28.172 123.131 10 1 10 564 2
297.333 41.979 284.201 11 1 10 493 2
297.333 41.979 284.201 12 1 10 493 2
297.333 41.979 284.201 13 1 10 493 2
297.333 41.979 284.201 14 1 10 493 2
122.879 60.630 26.768 15 1 10 534 2
122.879 60.630 26.768 16 1 10 534 2
122.879 60.630 26.768 17 1 10 534 2
122.879 60.630 26.768 18 1 10 534 2
122.879 60.630 26.768 19 1 10 534 2
122.879 60.630 26.768 20 1 10 534 2
202.061 84.583 184.257 21 1 10 573 4
34.361 115.539 105.912 22 1 10 45 1
34.361 115.539 105.912 23 1 10 45 1
34.361 115.539 105.912 24 1 10 45 1
34.361 115.539 105.912 25 1 10 45 1
34.361 115.539 105.912 26 1 10 45 1
206.248 147.349 322.488 27 1 10 581 4
206.248 147.349 322.488 28 1 10 581 4
206.248 147.349 322.488 29 1 10 581 4
206.248 147.349 322.488 30 1 10 581 4
17.847 54.428 257.623 1 2 10 587 4
17.847 54.428 257.623 2 2 10 587 4
17.847 54.428 257.623 3 2 10 587 4
17.847 54.428 257.623 4 2 10 587 4
17.847 54.428 257.623 5 2 10 587 4
17.847 54.428 257.623 6 2 10 587 4
17.847 54.428 257.623 7 2 10 587 4
17.847 54.428 257.623 8 2 10 587 4
155.660 114.395 73.678 9 2 10 555 2
25.999 28.172 123.131 10 2 10 564 2
297.333 41.979 284.201 11 2 10 493 2
297.333 41.979 284.201 12 2 10 493 2
297.333 41.979 284.201 13 2 10 493 2
297.333 41.979 284.201 14 2 10 493 2
297.333 41.979 284.201 15 2 10 493 2
122.879 60.630 26.768 16 2 10 534 2
122.879 60.630 26.768 17 2 10 534 2
122.879 60.630 26.768 18 2 10 534 2
122.879 60.630 26.768 19 2 10 534 2
122.879 60.630 26.768 20 2 10 534 2
202.061 84.583 184.257 21 2 10 573 4
34.361 115.539 105.912 22 2 10 45 1
34.361 115.539 105.912 23 2 10 45 1
34.361 115.539 105.912 24 2 10 45 1
34.361 115.539 105.912 25 2 10 45 1
34.361 115.539 105.912 26 2 10 45 1
206.248 147.349 322.488 27 2 10 581 4
206.248 147.349 322.488 28 2 10 581 4
206.248 147.349 322.488 29 2 10 581 4
206.248 147.349 322.488 30 2 10 581 4
17.847 54.428 257.623 1 3 10 587 4
17.847 54.428 257.623 2 3 10 587 4
17.847 54.428 257.623 3 3 10 587 4
17.847 54.428 257.623 4 3 10 587 4
17.847 54.428 257.623 5 3 10 587 4
17.847 54.428 257.623 6 3 10 587 4
17.847 54.428 257.623 7 3 10 587 4
17.847 54.428 257.623 8 3 10 587 4
25.999 28.172 123.131 9 3 10 564 2
25.999 28.172 123.131 10 3 10 564 2
297.333 41.979 284.201 11 3 10 493 2
297.333 41.979 284.201 12 3 10 493 2
297.333 41.979 284.201 13 3 10 493 2
297.333 41.979 284.201 14 3 10 493 2
297.333 41.979 284.201 15 3 10 493 2
122.879 60.630 26.768 16 3 10 534 2
122.879 60.630 26.768 17 3 10 534 2
122.879 60.630 26.768 18 3 10 534 2
122.879 60.630 26.768 19 3 10 534 2
122.879 60.630 26.768 20 3 10 534 2
202.061 84.583 184.257 21 3 10 573 4
140.942 33.973 145.734 22 3 10 465 2
34.361 115.539 105.912 23 3 10 45 1
34.361 115.539 105.912 24 3 10 45 1
34.361 115.539 105.912 25 3 10 45 1
34.361 115.539 105.912 26 3 10 45 1
206.248 147.349 322.488 27 3 10 581 4
206.248 147.349 322.488 28 3 10 581 4
206.248 147.349 322.488 29 3 10 581 4
206.248 147.349 322.488 30 3 10 581 4
17.847 54.428 257.623 1 4 10 587 4
17.847 54.428 257.623 2 4 10 587 4
17.847 54.428 257.623 3 4 10 587 4
17.847 54.428 257.623 4 4 10 587 4
17.847 54.428 257.623 5 4 10 587 4
17.847 54.428 257.623 6 4 10 587 4
17.847 54.428 257.623 7 4 10 587 4
17.847 54.428 257.623 8 4 10 587 4
25.999 28.172 123.131 9 4 10 564 2
25.999 28.172 123.131 10 4 10 564 2
25.999 28.172 123.131 11 4 10 564 2
297.333 41.979 284.201 12 4 10 493 2
297.333 41.979 284.201 13 4 10 493 2
297.333 41.979 284.201 14 4 10 493 2
297.333 41.979 284.201 15 4 10 493 2
297.333 41.979 284.201 16 4 10 493 2
122.879 60.630 26.768 17 4 10 534 2
276.750 113.564 266.839 18 4 10 335 1
127.151 49.450 7.329 19 4 10 17 1
277.811 131.245 72.686 20 4 10 227 1
277.811 131.245 72.686 21 4 10 227 1
140.942 33.973 145.734 22 4 10 465 2
140.942 33.973 145.734 23 4 10 465 2
34.361 115.539 105.912 24 4 10 45 1
225.986 134.113 168.263 25 4 10 359 1
271.142 104.025 179.472 26 4 10 78 1
225.986 134.113 168.263 27 4 10 359 1
206.248 147.349 322.488 28 4 10 581 4
206.248 147.349 322.488 29 4 10 581 4
206.248 147.349 322.488 30 4 10 581 4
17.847 54.428 257.623 1 5 10 587 4
17.847 54.428 257.623 2 5 10 587 4
17.847 54.428 257.623 3 5 10 587 4
17.847 54.428 257.623 4 5 10 587 4
17.847 54.428 257.623 5 5 10 587 4
17.847 54.428 257.623 6 5 10 587 4
17.847 54.428 257.623 7 5 10 587 4
17.847 54.428 257.623 8 5 10 587 4
25.999 28.172 123.131 9 5 10 564 2
25.999 28.172 123.131 10 5 10 564 2
25.999 28.172 123.131 11 5 10 564 2
297.333 41.979 284.201 12 5 10 493 2
297.333 41.979 284.201 13 5 10 493 2
166.046 103.774 273.870 14 5 10 304 1
297.333 41.979 284.201 15 5 10 493 2
297.333 41.979 284.201 16 5 10 493 2
14.115 99.103 215.330 17 5 10 232 1
14.115 99.103 215.330 18 5 10 232 1
14.115 99.103 215.330 19 5 10 232 1
277.811 131.245 72.686 20 5 10 227 1
140.942 33.973 145.734 21 5 10 465 2
140.942 33.973 145.734 22 5 10 465 2
140.942 33.973 145.734 23 5 10 465 2
140.942 33.973 145.734 24 5 10 465 2
225.986 134.113 168.263 25 5 10 359 1
271.142 104.025 179.472 26 5 10 78 1
206.248 147.349 322.488 27 5 10 581 4
206.248 147.349 322.488 28 5 10 581 4
206.248 147.349 322.488 29 5 10 581 4
206.248 147.349 322.488 30 5 10 581 4
17.847 54.428 257.623 1 6 10 587 4
17.847 54.428 257.623 2 6 10 587 4
17.847 54.428 257.623 3 6 10 587 4
17.847 54.428 257.623 4 6 10 587 4
17.847 54.428 257.623 5 6 10 587 4
17.847 54.428 257.623 6 6 10 587 4
17.847 54.428 257.623 7 6 10 587 4
17.847 54.428 257.623 8 6 10 587 4
17.847 54.428 257.623 9 6 10 587 4
17.847 54.428 257.623 10 6 10 587 4
17.847 54.428 257.623 11 6 10 587 4
297.810 76.412 288.114 12 6 10 535 2
297.810 76.412 288.114 13 6 10 535 2
166.046 103.774 273.870 14 6 10 304 1
228.526 50.276 104.202 15 6 10 571 3
228.526 50.276 104.202 16 6 10 571 3
14.115 99.103 215.330 17 6 10 232 1
14.115 99.103 215.330 18 6 10 232 1
14.115 99.103 215.330 19 6 10 232 1
228.526 50.276 104.202 20 6 10 571 3
228.526 50.276 104.202 21 6 10 571 3
140.942 33.973 145.734 22 6 10 465 2
140.942 33.973 145.734 23 6 10 465 2
228.526 50.276 104.202 24 6 10 571 3
228.526 50.276 104.202 25 6 10 571 3
228.526 50.276 104.202 26 6 10 571 3
206.248 147.349 322.488 27 6 10 581 4
206.248 147.349 322.488 28 6 10 581 4
206.248 147.349 322.488 29 6 10 581 4
206.248 147.349 322.488 30 6 10 581 4
17.847 54.428 257.623 1 7 10 587 4
17.847 54.428 257.623 2 7 10 587 4
17.847 54.428 257.623 3 7 10 587 4
17.847 54.428 257.623 4 7 10 587 4
17.847 54.428 257.623 5 7 10 587 4
17.847 54.428 257.623 6 7 10 587 4
17.847 54.428 257.623 7 7 10 587 4
17.847 54.428 257.623 8 7 10 587 4
17.847 54.428 257.623 9 7 10 587 4
17.847 54.428 257.623 10 7 10 587 4
17.847 54.428 257.623 11 7 10 587 4
321.649 137.220 287.850 12 7 10 431 1
228.526 50.276 104.202 13 7 10 571 3
166.046 103.774 273.870 14 7 10 304 1
228.526 50.276 104.202 15 7 10 571 3
228.526 50.276 104.202 16 7 10 571 3
228.526 50.276 104.202 17 7 10 571 3
14.115 99.103 215.330 18 7 10 232 1
228.526 50.276 104.202 19 7 10 571 3
228.526 50.276 104.202 20 7 10 571 3
228.526 50.276 104.202 21 7 10 571 3
228.526 50.276 104.202 22 7 10 571 3
228.526 50.276 104.202 23 7 10 571 3
228.526 50.276 104.202 24 7 10 571 3
228.526 50.276 104.202 25 7 10 571 3
228.526 50.276 104.202 26 7 10 571 3
228.526 50.276 104.202 27 7 10 571 3
228.526 50.276 104.202 28 7 10 571 3
206.248 147.349 322.488 29 7 10 581 4
228.526 50.276 104.202 30 7 10 571 3
17.847 54.428 257.623 1 8 10 587 4
17.847 54.428 257.623 2 8 10 587 4
17.847 54.428 257.623 3 8 10 587 4
17.847 54.428 257.623 4 8 10 587 4
17.847 54.428 257.623 5 8 10 587 4
17.847 54.428 257.623 6 8 10 587 4
17.847 54.428 257.623 7 8 10 587 4
17.847 54.428 257.623 8 8 10 587 4
17.847 54.428 257.623 9 8 10 587 4
17.847 54.428 257.623 10 8 10 587 4
228.526 50.276 104.202 11 8 10 571 3
321.649 137.220 287.850 12 8 10 431 1
228.526 50.276 104.202 13 8 10 571 3
166.046 103.774 273.870 14 8 10 304 1
228.526 50.276 104.202 15 8 10 571 3
228.526 50.276 104.202 16 8 10 571 3
228.526 50.276 104.202 17 8 10 571 3
228.526 50.276 104.202 18 8 10 571 3
228.526 50.276 104.202 19 8 10 571 3
47.788 101.077 43.794 20 8 10 289 1
228.526 50.276 104.202 21 8 10 571 3
17.517 91.392 314.704 22 8 10 43 1
228.526 50.276 104.202 23 8 10 571 3
112.816 65.308 198.296 24 8 10 300 1
228.526 50.276 104.202 25 8 10 571 3
228.526 50.276 104.202 26 8 10 571 3
228.526 50.276 104.202 27 8 10 571 3
228.526 50.276 104.202 28 8 10 571 3
228.526 50.276 104.202 29 8 10 571 3
228.526 50.276 104.202 30 8 10 571 3
17.847 54.428 257.623 1 9 10 587 4
17.847 54.428 257.623 2 9 10 587 4
17.847 54.428 257.623 3 9 10 587 4
17.847 54.428 257.623 4 9 10 587 4
17.847 54.428 257.623 5 9 10 587 4
17.847 54.428 257.623 6 9 10 587 4
17.847 54.428 257.623 7 9 10 587 4
17.847 54.428 257.623 8 9 10 587 4
17.847 54.428 257.623 9 9 10 587 4
17.847 54.428 257.623 10 9 10 587 4
228.526 50.276 104.202 11 9 10 571 3
228.526 50.276 104.202 12 9 10 571 3
228.526 50.276 104.202 13 9 10 571 3
228.526 50.276 104.202 14 9 10 571 3
228.526 50.276 104.202 15 9 10 571 3
228.526 50.276 104.202 16 9 10 571 3
89.887 141.142 248.195 17 9 10 166 1
228.526 50.276 104.202 18 9 10 571 3
228.526 50.276 104.202 19 9 10 571 3
228.526 50.276 104.202 20 9 10 571 3
228.526 50.276 104.202 21 9 10 571 3
228.526 50.276 104.202 22 9 10 571 3
228.526 50.276 104.202 23 9 10 571 3
228.526 50.276 104.202 24 9 10 571 3
228.526 50.276 104.202 25 9 10 571 3
228.526 50.276 104.202 26 9 10 571 3
228.526 50.276 104.202 27 9 10 571 3
228.526 50.276 104.202 28 9 10 571 3
228.526 50.276 104.202 29 9 10 571 3
228.526 50.276 104.202 30 9 10 571 3
17.847 54.428 257.623 1 10 10 587 4
17.847 54.428 257.623 2 10 10 587 4
17.847 54.428 257.623 3 10 10 587 4
17.847 54.428 257.623 4 10 10 587 4
17.847 54.428 257.623 5 10 10 587 4
17.847 54.428 257.623 6 10 10 587 4
17.847 54.428 257.623 7 10 10 587 4
17.847 54.428 257.623 8 10 10 587 4
17.847 54.428 257.623 9 10 10 587 4
17.847 54.428 257.623 10 10 10 587 4
228.526 50.276 104.202 11 10 10 571 3
129.995 75.339 128.582 12 10 10 50 1
228.526 50.276 104.202 13 10 10 571 3
228.526 50.276 104.202 14 10 10 571 3
228.526 50.276 104.202 15 10 10 571 3
228.526 50.276 104.202 16 10 10 571 3
228.526 50.276 104.202 17 10 10 571 3
228.526 50.276 104.202 18 10 10 571 3
228.526 50.276 104.202 19 10 10 571 3
228.526 50.276 104.202 20 10 10 571 3
228.526 50.276 104.202 21 10 10 571 3
228.526 50.276 104.202 22 10 10 571 3
228.526 50.276 104.202 23 10 10 571 3
228.526 50.276 104.202 24 10 10 571 3
228.526 50.276 104.202 25 10 10 571 3
228.526 50.276 104.202 26 10 10 571 3
228.526 50.276 104.202 27 10 10 571 3
228.526 50.276 104.202 28 10 10 571 3
228.526 50.276 104.202 29 10 10 571 3
228.526 50.276 104.202 30 10 10 571 3
17.847 54.428 257.623 1 11 10 587 4
17.847 54.428 257.623 2 11 10 587 4
17.847 54.428 257.623 3 11 10 587 4
17.847 54.428 257.623 4 11 10 587 4
17.847 54.428 257.623 5 11 10 587 4
17.847 54.428 257.623 6 11 10 587 4
17.847 54.428 257.623 7 11 10 587 4
17.847 54.428 257.623 8 11 10 587 4
17.847 54.428 257.623 9 11 10 587 4
228.526 50.276 104.202 10 11 10 571 3
228.526 50.276 104.202 11 11 10 571 3
228.526 50.276 104.202 12 11 10 571 3
228.526 50.276 104.202 13 11 10 571 3
241.826 40.569 256.871 14 11 10 20 1
228.526 50.276 104.202 15 11 10 571 3
228.526 50.276 104.202 16 11 10 571 3
228.526 50.276 104.202 17 11 10 571 3
228.526 50.276 104.202 18 11 10 571 3
228.526 50.276 104.202 19 11 10 571 3
228.526 50.276 104.202 20 11 10 571 3
228.526 50.276 104.202 21 11 10 571 3
228.526 50.276 104.202 22 11 10 571 3
228.526 50.276 104.202 23 11 10 571 3
228.526 50.276 104.202 24 11 10 571 3
228.526 50.276 104.202 25 11 10 571 3
228.526 50.276 104.202 26 11 10 571 3
228.526 50.276 104.202 27 11 10 571 3
228.526 50.276 104.202 28 11 10 571 3
228.526 50.276 104.202 29 11 10 571 3
228.526 50.276 104.202 30 11 10 571 3
17.847 54.428 257.623 1 12 10 587 4
17.847 54.428 257.623 2 12 10 587 4
17.847 54.428 257.623 3 12 10 587 4
17.847 54.428 257.623 4 12 10 587 4
17.847 54.428 257.623 5 12 10 587 4
17.847 54.428 257.623 6 12 10 587 4
17.847 54.428 257.623 7 12 10 587 4
17.847 54.428 257.623 8 12 10 587 4
17.847 54.428 257.623 9 12 10 587 4
228.526 50.276 104.202 10 12 10 571 3
228.526 50.276 104.202 11 12 10 571 3
228.526 50.276 104.202 12 12 10 571 3
228.526 50.276 104.202 13 12 10 571 3
241.826 40.569 256.871 14 12 10 20 1
228.526 50.276 104.202 15 12 10 571 3
345.663 45.487 205.947 16 12 10 449 1
228.526 50.276 104.202 17 12 10 571 3
228.526 50.276 104.202 18 12 10 571 3
228.526 50.276 104.202 19 12 10 571 3
44.159 128.821 162.339 20 12 10 23 1
228.526 50.276 104.202 21 12 10 571 3
228.526 50.276 104.202 22 12 10 571 3
228.526 50.276 104.202 23 12 10 571 3
22.819 90.446 15.316 24 12 10 230 1
228.526 50.276 104.202 25 12 10 571 3
228.526 50.276 104.202 26 12 10 571 3
228.526 50.276 104.202 27 12 10 571 3
228.526 50.276 104.202 28 12 10 571 3
228.526 50.276 104.202 29 12 10 571 3
228.526 50.276 104.202 30 12 10 571 3
17.847 54.428 257.623 1 13 10 587 4
17.847 54.428 257.623 2 13 10 587 4
17.847 54.428 257.623 3 13 10 587 4
17.847 54.428 257.623 4 13 10 587 4
17.847 54.428 257.623 5 13 10 587 4
17.847 54.428 257.623 6 13 10 587 4
331.649 100.283 68.187 7 13 10 178 1
17.847 54.428 257.623 8 13 10 587 4
17.847 54.428 257.623 9 13 10 587 4
228.526 50.276 104.202 10 13 10 571 3
0.061 73.676 48.937 11 13 10 434 1
228.526 50.276 104.202 12 13 10 571 3
228.526 50.276 104.202 13 13 10 571 3
241.826 40.569 256.871 14 13 10 20 1
228.526 50.276 104.202 15 13 10 571 3
228.526 50.276 104.202 16 13 10 571 3
228.526 50.276 104.202 17 13 10 571 3
228.526 50.276 104.202 18 13 10 571 3
228.526 50.276 104.202 19 13 10 571 3
228.526 50.276 104.202 20 13 10 571 3
228.526 50.276 104.202 21 13 10 571 3
228.526 50.276 104.202 22 13 10 571 3
228.526 50.276 104.202 23 13 10 571 3
228.526 50.276 104.202 24 13 10 571 3
228.526 50.276 104.202 25 13 10 571 3
228.526 50.276 104.202 26 13 10 571 3
228.526 50.276 104.202 27 13 10 571 3
228.526 50.276 104.202 28 13 10 571 3
228.526 50.276 104.202 29 13 10 571 3
228.526 50.276 104.202 30 13 10 571 3
17.847 54.428 257.623 1 14 10 587 4
17.847 54.428 257.623 2 14 10 587 4
17.847 54.428 257.623 3 14 10 587 4
17.847 54.428 257.623 4 14 10 587 4
17.847 54.428 257.623 5 14 10 587 4
17.847 54.428 257.623 6 14 10 587 4
331.649 100.283 68.187 7 14 10 178 1
17.847 54.428 257.623 8 14 10 587 4
17.847 54.428 257.623 9 14 10 587 4
228.526 50.276 104.202 10 14 10 571 3
228.526 50.276 104.202 11 14 10 571 3
107.102 32.355 262.819 12 14 10 57 1
228.526 50.276 104.202 13 14 10 571 3
228.526 50.276 104.202 14 14 10 571 3
228.526 50.276 104.202 15 14 10 571 3
27.937 124.572 127.414 16 14 10 338 1
228.526 50.276 104.202 17 14 10 571 3
156.022 64.786 165.736 18 14 10 412 1
228.526 50.276 104.202 19 14 10 571 3
228.526 50.276 104.202 20 14 10 571 3
228.526 50.276 104.202 21 14 10 571 3
228.526 50.276 104.202 22 14 10 571 3
228.526 50.276 104.202 23 14 10 571 3
228.526 50.276 104.202 24 14 10 571 3
228.526 50.276 104.202 25 14 10 571 3
61.845 114.497 5.311 26 14 10 568 2
228.526 50.276 104.202 27 14 10 571 3
228.526 50.276 104.202 28 14 10 571 3
228.526 50.276 104.202 29 14 10 571 3
228.526 50.276 104.202 30 14 10 571 3
17.847 54.428 257.623 1 15 10 587 4
17.847 54.428 257.623 2 15 10 587 4
17.847 54.428 257.623 3 15 10 587 4
17.847 54.428 257.623 4 15 10 587 4
17.847 54.428 257.623 5 15 10 587 4
17.847 54.428 257.623 6 15 10 587 4
331.649 100.283 68.187 7 15 10 178 1
331.649 100.283 68.187 8 15 10 178 1
17.847 54.428 257.623 9 15 10 587 4
228.526 50.276 104.202 10 15 10 571 3
228.526 50.276 104.202 11 15 10 571 3
228.526 50.276 104.202 12 15 10 571 3
228.526 50.276 104.202 13 15 10 571 3
228.526 50.276 104.202 14 15 10 571 3
228.526 50.276 104.202 15 15 10 571 3
228.526 50.276 104.202 16 15 10 571 3
228.526 50.276 104.202 17 15 10 571 3
228.526 50.276 104.202 18 15 10 571 3
228.526 50.276 104.202 19 15 10 571 3
228.526 50.276 104.202 20 15 10 571 3
228.526 50.276 104.202 21 15 10 571 3
228.526 50.276 104.202 22 15 10 571 3
228.526 50.276 104.202 23 15 10 571 3
228.526 50.276 104.202 24 15 10 571 3
120.254 125.270 233.391 25 15 10 31 1
228.526 50.276 104.202 26 15 10 571 3
228.526 50.276 104.202 27 15 10 571 3
228.526 50.276 104.202 28 15 10 571 3
228.526 50.276 104.202 29 15 10 571 3
228.526 50.276 104.202 30 15 10 571 3
17.847 54.428 257.623 1 16 10 587 4
17.847 54.428 257.623 2 16 10 587 4
17.847 54.428 257.623 3 16 10 587 4
17.847 54.428 257.623 4 16 10 587 4
17.847 54.428 257.623 5 16 10 587 4
17.847 54.428 257.623 6 16 10 587 4
17.847 54.428 257.623 7 16 10 587 4
17.847 54.428 257.623 8 16 10 587 4
17.847 54.428 257.623 9 16 10 587 4
228.526 50.276 104.202 10 16 10 571 3
228.526 50.276 104.202 11 16 10 571 3
228.526 50.276 104.202 12 16 10 571 3
228.526 50.276 104.202 13 16 10 571 3
85.966 163.830 284.005 14 16 10 419 1
228.526 50.276 104.202 15 16 10 571 3
228.526 50.276 104.202 16 16 10 571 3
228.526 50.276 104.202 17 16 10 571 3
228.526 50.276 104.202 18 16 10 571 3
228.526 50.276 104.202 19 16 10 571 3
226.737 31.122 177.980 20 16 10 207 1
228.526 50.276 104.202 21 16 10 571 3
228.526 50.276 104.202 22 16 10 571 3
228.526 50.276 104.202 23 16 10 571 3
348.329 69.724 199.299 24 16 10 157 1
228.526 50.276 104.202 25 16 10 571 3
228.526 50.276 104.202 26 16 10 571 3
228.526 50.276 104.202 27 16 10 571 3
46.375 97.751 309.361 28 16 10 365 1
228.526 50.276 104.202 29 16 10 571 3
228.526 50.276 104.202 30 16 10 571 3
17.847 54.428 257.623 1 17 10 587 4
17.847 54.428 257.623 2 17 10 587 4
17.847 54.428 257.623 3 17 10 587 4
17.847 54.428 257.623 4 17 10 587 4
17.847 54.428 257.623 5 17 10 587 4
17.847 54.428 257.623 6 17 10 587 4
250.721 47.599 232.355 7 17 10 308 1
250.721 47.599 232.355 8 17 10 308 1
250.721 47.599 232.355 9 17 10 308 1
228.526 50.276 104.202 10 17 10 571 3
228.526 50.276 104.202 11 17 10 571 3
228.526 50.276 104.202 12 17 10 571 3
202.951 84.640 112.701 13 17 10 331 1
228.526 50.276 104.202 14 17 10 571 3
228.526 50.276 104.202 15 17 10 571 3
228.526 50.276 104.202 16 17 10 571 3
228.526 50.276 104.202 17 17 10 571 3
228.526 50.276 104.202 18 17 10 571 3
228.526 50.276 104.202 19 17 10 571 3
228.526 50.276 104.202 20 17 10 571 3
228.526 50.276 104.202 21 17 10 571 3
228.526 50.276 104.202 22 17 10 571 3
228.526 50.276 104.202 23 17 10 571 3
228.526 50.276 104.202 24 17 10 571 3
228.526 50.276 104.202 25 17 10 571 3
228.526 50.276 104.202 26 17 10 571 3
228.526 50.276 104.202 27 17 10 571 3
228.526 50.276 104.202 28 17 10 571 3
228.526 50.276 104.202 29 17 10 571 3
228.526 50.276 104.202 30 17 10 571 3
17.847 54.428 257.623 1 18 10 587 4
17.847 54.428 257.623 2 18 10 587 4
38.921 144.145 34.682 3 18 10 575 4
17.847 54.428 257.623 4 18 10 587 4
17.847 54.428 257.623 5 18 10 587 4
17.847 54.428 257.623 6 18 10 587 4
250.721 47.599 232.355 7 18 10 308 1
250.721 47.599 232.355 8 18 10 308 1
250.721 47.599 232.355 9 18 10 308 1
250.721 47.599 232.355 10 18 10 308 1
202.951 84.640 112.701 11 18 10 331 1
202.951 84.640 112.701 12 18 10 331 1
228.526 50.276 104.202 13 18 10 571 3
228.526 50.276 104.202 14 18 10 571 3
228.526 50.276 104.202 15 18 10 571 3
228.526 50.276 104.202 16 18 10 571 3
228.526 50.276 104.202 17 18 10 571 3
255.923 47.610 10.145 18 18 10 641 2
228.526 50.276 104.202 19 18 10 571 3
228.526 50.276 104.202 20 18 10 571 3
228.526 50.276 104.202 21 18 10 571 3
43.956 103.951 171.052 22 18 10 451 1
228.526 50.276 104.202 23 18 10 571 3
228.526 50.276 104.202 24 18 10 571 3
228.526 50.276 104.202 25 18 10 571 3
288.367 88.111 173.565 26 18 10 463 2
228.526 50.276 104.202 27 18 10 571 3
228.526 50.276 104.202 28 18 10 571 3
228.526 50.276 104.202 29 18 10 571 3
228.526 50.276 104.202 30 18 10 571 3
38.921 144.145 34.682 1 19 10 575 4
38.921 144.145 34.682 2 19 10 575 4
38.921 144.145 34.682 3 19 10 575 4
38.921 144.145 34.682 4 19 10 575 4
38.921 144.145 34.682 5 19 10 575 4
38.921 144.145 34.682 6 19 10 575 4
250.721 47.599 232.355 7 19 10 308 1
250.721 47.599 232.355 8 19 10 308 1
250.721 47.599 232.355 9 19 10 308 1
250.721 47.599 232.355 10 19 10 308 1
202.951 84.640 112.701 11 19 10 331 1
202.951 84.640 112.701 12 19 10 331 1
58.629 18.260 176.515 13 19 10 532 2
58.629 18.260 176.515 14 19 10 532 2
58.629 18.260 176.515 15 19 10 532 2
58.629 18.260 176.515 16 19 10 532 2
228.526 50.276 104.202 17 19 10 571 3
39.979 27.027 299.693 18 19 10 514 2
228.526 50.276 104.202 19 19 10 571 3
228.526 50.276 104.202 20 19 10 571 3
228.526 50.276 104.202 21 19 10 571 3
228.526 50.276 104.202 22 19 10 571 3
228.526 50.276 104.202 23 19 10 571 3
228.526 50.276 104.202 24 19 10 571 3
228.526 50.276 104.202 25 19 10 571 3
228.526 50.276 104.202 26 19 10 571 3
228.526 50.276 104.202 27 19 10 571 3
228.526 50.276 104.202 28 19 10 571 3
228.526 50.276 104.202 29 19 10 571 3
228.526 50.276 104.202 30 19 10 571 3
38.921 144.145 34.682 1 20 10 575 4
38.921 144.145 34.682 2 20 10 575 4
38.921 144.145 34.682 3 20 10 575 4
38.921 144.145 34.682 4 20 10 575 4
38.921 144.145 34.682 5 20 10 575 4
38.921 144.145 34.682 6 20 10 575 4
38.921 144.145 34.682 7 20 10 575 4
250.721 47.599 232.355 8 20 10 308 1
250.721 47.599 232.355 9 20 10 308 1
13.860 88.349 110.050 10 20 10 642 2
202.951 84.640 112.701 11 20 10 331 1
58.629 18.260 176.515 12 20 10 532 2
58.629 18.260 176.515 13 20 10 532 2
58.629 18.260 176.515 14 20 10 532 2
58.629 18.260 176.515 15 20 10 532 2
58.629 18.260 176.515 16 20 10 532 2
58.629 18.260 176.515 17 20 10 532 2
146.295 65.749 107.992 18 20 10 269 1
228.526 50.276 104.202 19 20 10 571 3
228.526 50.276 104.202 20 20 10 571 3
228.526 50.276 104.202 21 20 10 571 3
309.600 85.832 173.374 22 20 10 351 1
228.526 50.276 104.202 23 20 10 571 3
205.767 93.781 270.791 24 20 10 452 1
228.526 50.276 104.202 25 20 10 571 3
315.050 61.595 127.078 26 20 10 417 1
228.526 50.276 104.202 27 20 10 571 3
228.526 50.276 104.202 28 20 10 571 3
228.526 50.276 104.202 29 20 10 571 3
228.526 50.276 104.202 30 20 10 571 3
38.921 144.145 34.682 1 21 10 575 4
38.921 144.145 34.682 2 21 10 575 4
38.921 144.145 34.682 3 21 10 575 4
38.921 144.145 34.682 4 21 10 575 4
38.921 144.145 34.682 5 21 10 575 4
38.921 144.145 34.682 6 21 10 575 4
38.921 144.145 34.682 7 21 10 575 4
38.921 144.145 34.682 8 21 10 575 4
38.921 144.145 34.682 9 21 10 575 4
13.860 88.349 110.050 10 21 10 642 2
315.342 44.814 185.895 11 21 10 635 2
315.342 44.814 185.895 12 21 10 635 2
58.629 18.260 176.515 13 21 10 532 2
58.629 18.260 176.515 14 21 10 532 2
58.629 18.260 176.515 15 21 10 532 2
58.629 18.260 176.515 16 21 10 532 2
58.629 18.260 176.515 17 21 10 532 2
39.979 27.027 299.693 18 21 10 514 2
228.526 50.276 104.202 19 21 10 571 3
228.526 50.276 104.202 20 21 10 571 3
144.748 167.251 322.201 21 21 10 579 4
144.748 167.251 322.201 22 21 10 579 4
144.748 167.251 322.201 23 21 10 579 4
144.748 167.251 322.201 24 21 10 579 4
144.748 167.251 322.201 25 21 10 579 4
144.748 167.251 322.201 26 21 10 579 4
228.526 50.276 104.202 27 21 10 571 3
228.526 50.276 104.202 28 21 10 571 3
228.526 50.276 104.202 29 21 10 571 3
228.526 50.276 104.202 30 21 10 571 3
38.921 144.145 34.682 1 22 10 575 4
38.921 144.145 34.682 2 22 10 575 4
38.921 144.145 34.682 3 22 10 575 4
38.921 144.145 34.682 4 22 10 575 4
38.921 144.145 34.682 5 22 10 575 4
38.921 144.145 34.682 6 22 10 575 4
38.921 144.145 34.682 7 22 10 575 4
38.921 144.145 34.682 8 22 10 575 4
38.921 144.145 34.682 9 22 10 575 4
13.860 88.349 110.050 10 22 10 642 2
315.342 44.814 185.895 11 22 10 635 2
315.342 44.814 185.895 12 22 10 635 2
190.399 49.256 89.900 13 22 10 138 1
190.399 49.256 89.900 14 22 10 138 1
58.629 18.260 176.515 15 22 10 532 2
58.629 18.260 176.515 16 22 10 532 2
16.880 127.157 39.826 17 22 10 554 2
144.748 167.251 322.201 18 22 10 579 4
144.748 167.251 322.201 19 22 10 579 4
144.748 167.251 322.201 20 22 10 579 4
144.748 167.251 322.201 21 22 10 579 4
144.748 167.251 322.201 22 22 10 579 4
144.748 167.251 322.201 23 22 10 579 4
144.748 167.251 322.201 24 22 10 579 4
144.748 167.251 322.201 25 22 10 579 4
144.748 167.251 322.201 26 22 10 579 4
144.748 167.251 322.201 27 22 10 579 4
144.748 167.251 322.201 28 22 10 579 4
144.748 167.251 322.201 29 22 10 579 4
228.526 50.276 104.202 30 22 10 571 3
80.957 161.770 24.449 1 23 10 580 4
38.921 144.145 34.682 2 23 10 575 4
38.921 144.145 34.682 3 23 10 575 4
38.921 144.145 34.682 4 23 10 575 4
38.921 144.145 34.682 5 23 10 575 4
38.921 144.145 34.682 6 23 10 575 4
38.921 144.145 34.682 7 23 10 575 4
38.921 144.145 34.682 8 23 10 575 4
38.921 144.145 34.682 9 23 10 575 4
13.860 88.349 110.050 10 23 10 642 2
315.342 44.814 185.895 11 23 10 635 2
190.399 49.256 89.900 12 23 10 138 1
190.399 49.256 89.900 13 23 10 138 1
190.399 49.256 89.900 14 23 10 138 1
190.399 49.256 89.900 15 23 10 138 1
16.880 127.157 39.826 16 23 10 554 2
144.748 167.251 322.201 17 23 10 579 4
144.748 167.251 322.201 18 23 10 579 4
144.748 167.251 322.201 19 23 10 579 4
10.583 125.003 336.936 20 23 10 283 1
144.748 167.251 322.201 21 23 10 579 4
144.748 167.251 322.201 22 23 10 579 4
144.748 167.251 322.201 23 23 10 579 4
144.748 167.251 322.201 24 23 10 579 4
144.748 167.251 322.201 25 23 10 579 4
144.748 167.251 322.201 26 23 10 579 4
144.748 167.251 322.201 27 23 10 579 4
144.748 167.251 322.201 28 23 10 579 4
144.748 167.251 322.201 29 23 10 579 4
144.748 167.251 322.201 30 23 10 579 4
80.957 161.770 24.449 1 24 10 580 4
80.957 161.770 24.449 2 24 10 580 4
38.921 144.145 34.682 3 24 10 575 4
38.921 144.145 34.682 4 24 10 575 4
38.921 144.145 34.682 5 24 10 575 4
38.921 144.145 34.682 6 24 10 575 4
38.921 144.145 34.682 7 24 10 575 4
38.921 144.145 34.682 8 24 10 575 4
359.763 92.374 9.375 9 24 10 394 1
359.763 92.374 9.375 10 24 10 394 1
359.763 92.374 9.375 11 24 10 394 1
190.399 49.256 89.900 12 24 10 138 1
190.399 49.256 89.900 13 24 10 138 1
190.399 49.256 89.900 14 24 10 138 1
191.243 59.197 114.014 15 24 10 183 1
191.243 59.197 114.014 16 24 10 183 1
144.748 167.251 322.201 17 24 10 579 4
144.748 167.251 322.201 18 24 10 579 4
144.748 167.251 322.201 19 24 10 579 4
10.583 125.003 336.936 20 24 10 283 1
144.748 167.251 322.201 21 24 10 579 4
144.748 167.251 322.201 22 24 10 579 4
144.748 167.251 322.201 23 24 10 579 4
144.748 167.251 322.201 24 24 10 579 4
144.748 167.251 322.201 25 24 10 579 4
144.748 167.251 322.201 26 24 10 579 4
144.748 167.251 322.201 27 24 10 579 4
144.748 167.251 322.201 28 24 10 579 4
144.748 167.251 322.201 29 24 10 579 4
144.748 167.251 322.201 30 24 10 579 4
80.957 161.770 24.449 1 25 10 580 4
80.957 161.770 24.449 2 25 10 580 4
80.957 161.770 24.449 3 25 10 580 4
80.957 161.770 24.449 4 25 10 580 4
80.957 161.770 24.449 5 25 10 580 4
80.957 161.770 24.449 6 25 10 580 4
80.957 161.770 24.449 7 25 10 580 4
359.763 92.374 9.375 8 25 10 394 1
359.763 92.374 9.375 9 25 10 394 1
359.763 92.374 9.375 10 25 10 394 1
359.763 92.374 9.375 11 25 10 394 1
24.096 32.817 230.721 12 25 10 471 2
24.096 32.817 230.721 13 25 10 471 2
24.096 32.817 230.721 14 25 10 471 2
191.243 59.197 114.014 15 25 10 183 1
24.096 32.817 230.721 16 25 10 471 2
144.748 167.251 322.201 17 25 10 579 4
144.748 167.251 322.201 18 25 10 579 4
144.748 167.251 322.201 19 25 10 579 4
144.748 167.251 322.201 20 25 10 579 4
144.748 167.251 322.201 21 25 10 579 4
144.748 167.251 322.201 22 25 10 579 4
144.748 167.251 322.201 23 25 10 579 4
144.748 167.251 322.201 24 25 10 579 4
144.748 167.251 322.201 25 25 10 579 4
144.748 167.251 322.201 26 25 10 579 4
144.748 167.251 322.201 27 25 10 579 4
144.748 167.251 322.201 28 25 10 579 4
144.748 167.251 322.201 29 25 10 579 4
144.748 167.251 322.201 30 25 10 579 4
80.957 161.770 24.449 1 26 10 580 4
80.957 161.770 24.449 2 26 10 580 4
80.957 161.770 24.449 3 26 10 580 4
80.957 161.770 24.449 4 26 10 580 4
80.957 161.770 24.449 5 26 10 580 4
80.957 161.770 24.449 6 26 10 580 4
80.957 161.770 24.449 7 26 10 580 4
80.957 161.770 24.449 8 26 10 580 4
359.763 92.374 9.375 9 26 10 394 1
359.763 92.374 9.375 10 26 10 394 1
359.763 92.374 9.375 11 26 10 394 1
24.096 32.817 230.721 12 26 10 471 2
24.096 32.817 230.721 13 26 10 471 2
24.096 32.817 230.721 14 26 10 471 2
24.096 32.817 230.721 15 26 10 471 2
24.096 32.817 230.721 16 26 10 471 2
24.096 32.817 230.721 17 26 10 471 2
144.748 167.251 322.201 18 26 10 579 4
144.748 167.251 322.201 19 26 10 579 4
144.748 167.251 322.201 20 26 10 579 4
144.748 167.251 322.201 21 26 10 579 4
144.748 167.251 322.201 22 26 10 579 4
144.748 167.251 322.201 23 26 10 579 4
144.748 167.251 322.201 24 26 10 579 4
144.748 167.251 322.201 25 26 10 579 4
144.748 167.251 322.201 26 26 10 579 4
144.748 167.251 322.201 27 26 10 579 4
144.748 167.251 322.201 28 26 10 579 4
144.748 167.251 322.201 29 26 10 579 4
144.748 167.251 322.201 30 26 10 579 4
80.957 161.770 24.449 1 27 10 580 4
80.957 161.770 24.449 2 27 10 580 4
80.957 161.770 24.449 3 27 10 580 4
80.957 161.770 24.449 4 27 10 580 4
80.957 161.770 24.449 5 27 10 580 4
80.957 161.770 24.449 6 27 10 580 4
80.957 161.770 24.449 7 27 10 580 4
80.957 161.770 24.449 8 27 10 580 4
359.763 92.374 9.375 9 27 10 394 1
359.763 92.374 9.375 10 27 10 394 1
359.763 92.374 9.375 11 27 10 394 1
24.096 32.817 230.721 12 27 10 471 2
24.096 32.817 230.721 13 27 10 471 2
24.096 32.817 230.721 14 27 10 471 2
24.096 32.817 230.721 15 27 10 471 2
24.096 32.817 230.721 16 27 10 471 2
24.096 32.817 230.721 17 27 10 471 2
144.748 167.251 322.201 18 27 10 579 4
144.748 167.251 322.201 19 27 10 579 4
144.748 167.251 322.201 20 27 10 579 4
144.748 167.251 322.201 21 27 10 579 4
144.748 167.251 322.201 22 27 10 579 4
144.748 167.251 322.201 23 27 10 579 4
144.748 167.251 322.201 24 27 10 579 4
144.748 167.251 322.201 25 27 10 579 4
144.748 167.251 322.201 26 27 10 579 4
144.748 167.251 322.201 27 27 10 579 4
144.748 167.251 322.201 28 27 10 579 4
144.748 167.251 322.201 29 27 10 579 4
144.748 167.251 322.201 30 27 10 579 4
80.957 161.770 24.449 1 28 10 580 4
80.957 161.770 24.449 2 28 10 580 4
80.957 161.770 24.449 3 28 10 580 4
80.957 161.770 24.449 4 28 10 580 4
80.957 161.770 24.449 5 28 10 580 4
80.957 161.770 24.449 6 28 10 580 4
80.957 161.770 24.449 7 28 10 580 4
80.957 161.770 24.449 8 28 10 580 4
80.957 161.770 24.449 9 28 10 580 4
80.957 161.770 24.449 10 28 10 580 4
24.096 32.817 230.721 11 28 10 471 2
24.096 32.817 230.721 12 28 10 471 2
24.096 32.817 230.721 13 28 10 471 2
24.096 32.817 230.721 14 28 10 471 2
24.096 32.817 230.721 15 28 10 471 2
24.096 32.817 230.721 16 28 10 471 2
24.096 32.817 230.721 17 28 10 471 2
53.429 20.362 231.541 18 28 10 526 2
53.429 20.362 231.541 19 28 10 526 2
53.429 20.362 231.541 20 28 10 526 2
144.748 167.251 322.201 21 28 10 579 4
144.748 167.251 322.201 22 28 10 579 4
144.748 167.251 322.201 23 28 10 579 4
144.748 167.251 322.201 24 28 10 579 4
144.748 167.251 322.201 25 28 10 579 4
144.748 167.251 322.201 26 28 10 579 4
144.748 167.251 322.201 27 28 10 579 4
144.748 167.251 322.201 28 28 10 579 4
144.748 167.251 322.201 29 28 10 579 4
144.748 167.251 322.201 30 28 10 579 4
80.957 161.770 24.449 1 29 10 580 4
80.957 161.770 24.449 2 29 10 580 4
80.957 161.770 24.449 3 29 10 580 4
80.957 161.770 24.449 4 29 10 580 4
80.957 161.770 24.449 5 29 10 580 4
80.957 161.770 24.449 6 29 10 580 4
80.957 161.770 24.449 7 29 10 580 4
80.957 161.770 24.449 8 29 10 580 4
80.957 161.770 24.449 9 29 10 580 4
80.957 161.770 24.449 10 29 10 580 4
24.096 32.817 230.721 11 29 10 471 2
24.096 32.817 230.721 12 29 10 471 2
24.096 32.817 230.721 13 29 10 471 2
24.096 32.817 230.721 14 29 10 471 2
24.096 32.817 230.721 15 29 10 471 2
24.096 32.817 230.721 16 29 10 471 2
53.429 20.362 231.541 17 29 10 526 2
53.429 20.362 231.541 18 29 10 526 2
53.429 20.362 231.541 19 29 10 526 2
53.429 20.362 231.541 20 29 10 526 2
53.429 20.362 231.541 21 29 10 526 2
144.748 167.251 322.201 22 29 10 579 4
144.748 167.251 322.201 23 29 10 579 4
144.748 167.251 322.201 24 29 10 579 4
144.748 167.251 322.201 25 29 10 579 4
144.748 167.251 322.201 26 29 10 579 4
144.748 167.251 322.201 27 29 10 579 4
144.748 167.251 322.201 28 29 10 579 4
144.748 167.251 322.201 29 29 10 579 4
144.748 167.251 322.201 30 29 10 579 4
80.957 161.770 24.449 1 30 10 580 4
80.957 161.770 24.449 2 30 10 580 4
80.957 161.770 24.449 3 30 10 580 4
80.957 161.770 24.449 4 30 10 580 4
80.957 161.770 24.449 5 30 10 580 4
80.957 161.770 24.449 6 30 10 580 4
80.957 161.770 24.449 7 30 10 580 4
80.957 161.770 24.449 8 30 10 580 4
80.957 161.770 24.449 9 30 10 580 4
80.957 161.770 24.449 10 30 10 580 4
87.259 129.436 156.592 11 30 10 427 1
24.096 32.817 230.721 12 30 10 471 2
24.096 32.817 230.721 13 30 10 471 2
24.096 32.817 230.721 14 30 10 471 2
24.096 32.817 230.721 15 30 10 471 2
24.096 32.817 230.721 16 30 10 471 2
53.429 20.362 231.541 17 30 10 526 2
53.429 20.362 231.541 18 30 10 526 2
53.429 20.362 231.541 19 30 10 526 2
53.429 20.362 231.541 20 30 10 526 2
53.429 20.362 231.541 21 30 10 526 2
98.247 77.896 39.078 22 30 10 79 1
98.247 77.896 39.078 23 30 10 79 1
144.748 167.251 322.201 24 30 10 579 4
144.748 167.251 322.201 25 30 10 579 4
144.748 167.251 322.201 26 30 10 579 4
144.748 167.251 322.201 27 30 10 579 4
144.748 167.251 322.201 28 30 10 579 4
278.174 75.616 134.068 29 30 10 347 1
278.174 75.616 134.068 30 30 10 347 1
