69.354 36.738 99.941 1 1 30 570 2
69.354 36.738 99.941 2 1 30 570 2
69.354 36.738 99.941 3 1 30 570 2
69.354 36.738 99.941 4 1 30 570 2
85.070 89.493 270.678 5 1 30 142 1
85.070 89.493 270.678 6 1 30 142 1
85.070 89.493 270.678 7 1 30 142 1
85.070 89.493 270.678 8 1 30 142 1
85.070 89.493 270.678 9 1 30 142 1
228.526 50.276 104.202 10 1 30 571 3
228.526 50.276 104.202 11 1 30 571 3
228.526 50.276 104.202 12 1 30 571 3
228.526 50.276 104.202 13 1 30 571 3
228.526 50.276 104.202 14 1 30 571 3
228.526 50.276 104.202 15 1 30 571 3
228.526 50.276 104.202 16 1 30 571 3
228.526 50.276 104.202 17 1 30 571 3
228.526 50.276 104.202 18 1 30 571 3
228.526 50.276 104.202 19 1 30 571 3
228.526 50.276 104.202 20 1 30 571 3
228.526 50.276 104.202 21 1 30 571 3
228.526 50.276 104.202 22 1 30 571 3
228.526 50.276 104.202 23 1 30 571 3
228.526 50.276 104.202 24 1 30 571 3
228.526 50.276 104.202 25 1 30 571 3
228.526 50.276 104.202 26 1 30 571 3
228.526 50.276 104.202 27 1 30 571 3
228.526 50.276 104.202 28 1 30 571 3
228.526 50.276 104.202 29 1 30 571 3
228.526 50.276 104.202 30 1 30 571 3
69.354 36.738 99.941 1 2 30 570 2
69.354 36.738 99.941 2 2 30 570 2
69.354 36.738 99.941 3 2 30 570 2
69.354 36.738 99.941 4 2 30 570 2
85.070 89.493 270.678 5 2 30 142 1
85.070 89.493 270.678 6 2 30 142 1
85.070 89.493 270.678 7 2 30 142 1
85.070 89.493 270.678 8 2 30 142 1
85.070 89.493 270.678 9 2 30 142 1
228.526 50.276 104.202 10 2 30 571 3
228.526 50.276 104.202 11 2 30 571 3
228.526 50.276 104.202 12 2 30 571 3
228.526 50.276 104.202 13 2 30 571 3
228.526 50.276 104.202 14 2 30 571 3
228.526 50.276 104.202 15 2 30 571 3
228.526 50.276 104.202 16 2 30 571 3
228.526 50.276 104.202 17 2 30 571 3
228.526 50.276 104.202 18 2 30 571 3
228.526 50.276 104.202 19 2 30 571 3
228.526 50.276 104.202 20 2 30 571 3
228.526 50.276 104.202 21 2 30 571 3
228.526 50.276 104.202 22 2 30 571 3
228.526 50.276 104.202 23 2 30 571 3
228.526 50.276 104.202 24 2 30 571 3
228.526 50.276 104.202 25 2 30 571 3
286.515 66.836 73.539 26 2 30 24 1
228.526 50.276 104.202 27 2 30 571 3
283.783 116.650 314.852 28 2 30 353 1
228.526 50.276 104.202 29 2 30 571 3
260.955 118.814 68.177 30 2 30 264 1
69.354 36.738 99.941 1 3 30 570 2
69.354 36.738 99.941 2 3 30 570 2
69.354 36.738 99.941 3 3 30 570 2
69.354 36.738 99.941 4 3 30 570 2
85.070 89.493 270.678 5 3 30 142 1
85.070 89.493 270.678 6 3 30 142 1
85.070 89.493 270.678 7 3 30 142 1
85.070 89.493 270.678 8 3 30 142 1
85.070 89.493 270.678 9 3 30 142 1
228.526 50.276 104.202 10 3 30 571 3
228.526 50.276 104.202 11 3 30 571 3
228.526 50.276 104.202 12 3 30 571 3
228.526 50.276 104.202 13 3 30 571 3
228.526 50.276 104.202 14 3 30 571 3
228.526 50.276 104.202 15 3 30 571 3
228.526 50.276 104.202 16 3 30 571 3
228.526 50.276 104.202 17 3 30 571 3
228.526 50.276 104.202 18 3 30 571 3
228.526 50.276 104.202 19 3 30 571 3
228.526 50.276 104.202 20 3 30 571 3
228.526 50.276 104.202 21 3 30 571 3
228.526 50.276 104.202 22 3 30 571 3
228.526 50.276 104.202 23 3 30 571 3
228.526 50.276 104.202 24 3 30 571 3
228.526 50.276 104.202 25 3 30 571 3
228.526 50.276 104.202 26 3 30 571 3
228.526 50.276 104.202 27 3 30 571 3
228.526 50.276 104.202 28 3 30 571 3
228.526 50.276 104.202 29 3 30 571 3
228.526 50.276 104.202 30 3 30 571 3
313.083 101.818 81.030 1 4 30 546 2
313.083 101.818 81.030 2 4 30 546 2
313.083 101.818 81.030 3 4 30 546 2
313.083 101.818 81.030 4 4 30 546 2
85.070 89.493 270.678 5 4 30 142 1
85.070 89.493 270.678 6 4 30 142 1
105.802 32.889 56.157 7 4 30 349 1
105.802 32.889 56.157 8 4 30 349 1
105.802 32.889 56.157 9 4 30 349 1
318.964 82.836 166.862 10 4 30 591 1
318.964 82.836 166.862 11 4 30 591 1
318.964 82.836 166.862 12 4 30 591 1
228.526 50.276 104.202 13 4 30 571 3
228.526 50.276 104.202 14 4 30 571 3
228.526 50.276 104.202 15 4 30 571 3
228.526 50.276 104.202 16 4 30 571 3
228.526 50.276 104.202 17 4 30 571 3
228.526 50.276 104.202 18 4 30 571 3
228.526 50.276 104.202 19 4 30 571 3
228.526 50.276 104.202 20 4 30 571 3
228.526 50.276 104.202 21 4 30 571 3
228.526 50.276 104.202 22 4 30 571 3
228.526 50.276 104.202 23 4 30 571 3
4.624 28.508 254.252 24 4 30 567 2
228.526 50.276 104.202 25 4 30 571 3
228.526 50.276 104.202 26 4 30 571 3
228.526 50.276 104.202 27 4 30 571 3
228.526 50.276 104.202 28 4 30 571 3
228.526 50.276 104.202 29 4 30 571 3
25.130 12.417 281.033 30 4 30 51 1
313.083 101.818 81.030 1 5 30 546 2
313.083 101.818 81.030 2 5 30 546 2
313.083 101.818 81.030 3 5 30 546 2
313.083 101.818 81.030 4 5 30 546 2
53.492 86.035 345.494 5 5 30 418 1
53.492 86.035 345.494 6 5 30 418 1
53.492 86.035 345.494 7 5 30 418 1
105.802 32.889 56.157 8 5 30 349 1
105.802 32.889 56.157 9 5 30 349 1
318.964 82.836 166.862 10 5 30 591 1
318.964 82.836 166.862 11 5 30 591 1
334.699 60.291 191.488 12 5 30 204 1
334.699 60.291 191.488 13 5 30 204 1
334.699 60.291 191.488 14 5 30 204 1
334.699 60.291 191.488 15 5 30 204 1
228.526 50.276 104.202 16 5 30 571 3
228.526 50.276 104.202 17 5 30 571 3
228.526 50.276 104.202 18 5 30 571 3
228.526 50.276 104.202 19 5 30 571 3
228.526 50.276 104.202 20 5 30 571 3
228.526 50.276 104.202 21 5 30 571 3
228.526 50.276 104.202 22 5 30 571 3
228.526 50.276 104.202 23 5 30 571 3
228.526 50.276 104.202 24 5 30 571 3
228.526 50.276 104.202 25 5 30 571 3
228.526 50.276 104.202 26 5 30 571 3
228.526 50.276 104.202 27 5 30 571 3
228.526 50.276 104.202 28 5 30 571 3
228.526 50.276 104.202 29 5 30 571 3
228.526 50.276 104.202 30 5 30 571 3
313.083 101.818 81.030 1 6 30 546 2
313.083 101.818 81.030 2 6 30 546 2
313.083 101.818 81.030 3 6 30 546 2
313.083 101.818 81.030 4 6 30 546 2
313.083 101.818 81.030 5 6 30 546 2
53.492 86.035 345.494 6 6 30 418 1
53.492 86.035 345.494 7 6 30 418 1
105.802 32.889 56.157 8 6 30 349 1
105.802 32.889 56.157 9 6 30 349 1
318.964 82.836 166.862 10 6 30 591 1
318.964 82.836 166.862 11 6 30 591 1
334.699 60.291 191.488 12 6 30 204 1
334.699 60.291 191.488 13 6 30 204 1
334.699 60.291 191.488 14 6 30 204 1
334.699 60.291 191.488 15 6 30 204 1
74.011 101.524 211.805 16 6 30 611 1
228.526 50.276 104.202 17 6 30 571 3
126.362 91.283 35.932 18 6 30 422 1
228.526 50.276 104.202 19 6 30 571 3
228.526 50.276 104.202 20 6 30 571 3
228.526 50.276 104.202 21 6 30 571 3
228.526 50.276 104.202 22 6 30 571 3
228.526 50.276 104.202 23 6 30 571 3
228.526 50.276 104.202 24 6 30 571 3
228.526 50.276 104.202 25 6 30 571 3
228.526 50.276 104.202 26 6 30 571 3
228.526 50.276 104.202 27 6 30 571 3
294.663 27.631 87.651 28 6 30 287 1
228.526 50.276 104.202 29 6 30 571 3
74.903 140.994 68.396 30 6 30 100 1
313.083 101.818 81.030 1 7 30 546 2
313.083 101.818 81.030 2 7 30 546 2
313.083 101.818 81.030 3 7 30 546 2
313.083 101.818 81.030 4 7 30 546 2
313.083 101.818 81.030 5 7 30 546 2
53.492 86.035 345.494 6 7 30 418 1
53.492 86.035 345.494 7 7 30 418 1
17.847 54.428 257.623 8 7 30 587 4
17.847 54.428 257.623 9 7 30 587 4
17.847 54.428 257.623 10 7 30 587 4
318.964 82.836 166.862 11 7 30 591 1
334.699 60.291 191.488 12 7 30 204 1
334.699 60.291 191.488 13 7 30 204 1
334.699 60.291 191.488 14 7 30 204 1
334.699 60.291 191.488 15 7 30 204 1
334.699 60.291 191.488 16 7 30 204 1
228.526 50.276 104.202 17 7 30 571 3
126.362 91.283 35.932 18 7 30 422 1
228.526 50.276 104.202 19 7 30 571 3
228.526 50.276 104.202 20 7 30 571 3
228.526 50.276 104.202 21 7 30 571 3
228.526 50.276 104.202 22 7 30 571 3
356.547 137.257 76.631 23 7 30 113 1
356.547 137.257 76.631 24 7 30 113 1
228.526 50.276 104.202 25 7 30 571 3
228.526 50.276 104.202 26 7 30 571 3
228.526 50.276 104.202 27 7 30 571 3
228.526 50.276 104.202 28 7 30 571 3
228.526 50.276 104.202 29 7 30 571 3
228.526 50.276 104.202 30 7 30 571 3
313.083 101.818 81.030 1 8 30 546 2
313.083 101.818 81.030 2 8 30 546 2
313.083 101.818 81.030 3 8 30 546 2
313.083 101.818 81.030 4 8 30 546 2
313.083 101.818 81.030 5 8 30 546 2
17.847 54.428 257.623 6 8 30 587 4
17.847 54.428 257.623 7 8 30 587 4
17.847 54.428 257.623 8 8 30 587 4
17.847 54.428 257.623 9 8 30 587 4
17.847 54.428 257.623 10 8 30 587 4
17.847 54.428 257.623 11 8 30 587 4
17.847 54.428 257.623 12 8 30 587 4
334.699 60.291 191.488 13 8 30 204 1
334.699 60.291 191.488 14 8 30 204 1
334.699 60.291 191.488 15 8 30 204 1
342.543 160.771 81.324 16 8 30 425 1
280.313 56.223 182.459 17 8 30 445 1
280.313 56.223 182.459 18 8 30 445 1
280.313 56.223 182.459 19 8 30 445 1
228.526 50.276 104.202 20 8 30 571 3
228.526 50.276 104.202 21 8 30 571 3
228.526 50.276 104.202 22 8 30 571 3
228.526 50.276 104.202 23 8 30 571 3
228.526 50.276 104.202 24 8 30 571 3
228.526 50.276 104.202 25 8 30 571 3
228.526 50.276 104.202 26 8 30 571 3
228.526 50.276 104.202 27 8 30 571 3
228.526 50.276 104.202 28 8 30 571 3
228.526 50.276 104.202 29 8 30 571 3
228.526 50.276 104.202 30 8 30 571 3
313.083 101.818 81.030 1 9 30 546 2
313.083 101.818 81.030 2 9 30 546 2
313.083 101.818 81.030 3 9 30 546 2
313.083 101.818 81.030 4 9 30 546 2
17.847 54.428 257.623 5 9 30 587 4
17.847 54.428 257.623 6 9 30 587 4
17.847 54.428 257.623 7 9 30 587 4
17.847 54.428 257.623 8 9 30 587 4
17.847 54.428 257.623 9 9 30 587 4
17.847 54.428 257.623 10 9 30 587 4
17.847 54.428 257.623 11 9 30 587 4
17.847 54.428 257.623 12 9 30 587 4
17.847 54.428 257.623 13 9 30 587 4
17.847 54.428 257.623 14 9 30 587 4
17.847 54.428 257.623 15 9 30 587 4
342.543 160.771 81.324 16 9 30 425 1
280.313 56.223 182.459 17 9 30 445 1
280.313 56.223 182.459 18 9 30 445 1
228.526 50.276 104.202 19 9 30 571 3
228.526 50.276 104.202 20 9 30 571 3
207.911 122.063 230.981 21 9 30 645 2
207.911 122.063 230.981 22 9 30 645 2
228.526 50.276 104.202 23 9 30 571 3
228.526 50.276 104.202 24 9 30 571 3
228.526 50.276 104.202 25 9 30 571 3
228.526 50.276 104.202 26 9 30 571 3
228.526 50.276 104.202 27 9 30 571 3
228.526 50.276 104.202 28 9 30 571 3
228.526 50.276 104.202 29 9 30 571 3
228.526 50.276 104.202 30 9 30 571 3
313.083 101.818 81.030 1 10 30 546 2
313.083 101.818 81.030 2 10 30 546 2
313.083 101.818 81.030 3 10 30 546 2
17.847 54.428 257.623 4 10 30 587 4
17.847 54.428 257.623 5 10 30 587 4
17.847 54.428 257.623 6 10 30 587 4
17.847 54.428 257.623 7 10 30 587 4
17.847 54.428 257.623 8 10 30 587 4
17.847 54.428 257.623 9 10 30 587 4
17.847 54.428 257.623 10 10 30 587 4
17.847 54.428 257.623 11 10 30 587 4
17.847 54.428 257.623 12 10 30 587 4
17.847 54.428 257.623 13 10 30 587 4
17.847 54.428 257.623 14 10 30 587 4
17.847 54.428 257.623 15 10 30 587 4
17.847 54.428 257.623 16 10 30 587 4
36.095 116.034 240.727 17 10 30 639 2
68.516 53.298 135.893 18 10 30 453 1
68.516 53.298 135.893 19 10 30 453 1
207.911 122.063 230.981 20 10 30 645 2
207.911 122.063 230.981 21 10 30 645 2
207.911 122.063 230.981 22 10 30 645 2
207.911 122.063 230.981 23 10 30 645 2
228.526 50.276 104.202 24 10 30 571 3
228.526 50.276 104.202 25 10 30 571 3
228.526 50.276 104.202 26 10 30 571 3
228.526 50.276 104.202 27 10 30 571 3
228.526 50.276 104.202 28 10 30 571 3
228.526 50.276 104.202 29 10 30 571 3
228.526 50.276 104.202 30 10 30 571 3
17.847 54.428 257.623 1 11 30 587 4
17.847 54.428 257.623 2 11 30 587 4
17.847 54.428 257.623 3 11 30 587 4
17.847 54.428 257.623 4 11 30 587 4
17.847 54.428 257.623 5 11 30 587 4
17.847 54.428 257.623 6 11 30 587 4
17.847 54.428 257.623 7 11 30 587 4
17.847 54.428 257.623 8 11 30 587 4
17.847 54.428 257.623 9 11 30 587 4
17.847 54.428 257.623 10 11 30 587 4
17.847 54.428 257.623 11 11 30 587 4
17.847 54.428 257.623 12 11 30 587 4
17.847 54.428 257.623 13 11 30 587 4
17.847 54.428 257.623 14 11 30 587 4
17.847 54.428 257.623 15 11 30 587 4
17.847 54.428 257.623 16 11 30 587 4
68.516 53.298 135.893 17 11 30 453 1
68.516 53.298 135.893 18 11 30 453 1
68.516 53.298 135.893 19 11 30 453 1
207.911 122.063 230.981 20 11 30 645 2
207.911 122.063 230.981 21 11 30 645 2
207.911 122.063 230.981 22 11 30 645 2
207.911 122.063 230.981 23 11 30 645 2
207.911 122.063 230.981 24 11 30 645 2
172.963 100.175 132.384 25 11 30 574 4
172.963 100.175 132.384 26 11 30 574 4
172.963 100.175 132.384 27 11 30 574 4
228.526 50.276 104.202 28 11 30 571 3
228.526 50.276 104.202 29 11 30 571 3
228.526 50.276 104.202 30 11 30 571 3
17.847 54.428 257.623 1 12 30 587 4
17.847 54.428 257.623 2 12 30 587 4
17.847 54.428 257.623 3 12 30 587 4
17.847 54.428 257.623 4 12 30 587 4
17.847 54.428 257.623 5 12 30 587 4
17.847 54.428 257.623 6 12 30 587 4
17.847 54.428 257.623 7 12 30 587 4
17.847 54.428 257.623 8 12 30 587 4
17.847 54.428 257.623 9 12 30 587 4
17.847 54.428 257.623 10 12 30 587 4
17.847 54.428 257.623 11 12 30 587 4
17.847 54.428 257.623 12 12 30 587 4
17.847 54.428 257.623 13 12 30 587 4
17.847 54.428 257.623 14 12 30 587 4
17.847 54.428 257.623 15 12 30 587 4
17.847 54.428 257.623 16 12 30 587 4
17.847 54.428 257.623 17 12 30 587 4
61.507 52.227 56.996 18 12 30 352 1
68.516 53.298 135.893 19 12 30 453 1
288.320 69.852 102.448 20 12 30 601 1
207.911 122.063 230.981 21 12 30 645 2
49.602 93.875 70.810 22 12 30 111 1
207.911 122.063 230.981 23 12 30 645 2
207.911 122.063 230.981 24 12 30 645 2
172.963 100.175 132.384 25 12 30 574 4
172.963 100.175 132.384 26 12 30 574 4
172.963 100.175 132.384 27 12 30 574 4
172.963 100.175 132.384 28 12 30 574 4
172.963 100.175 132.384 29 12 30 574 4
228.526 50.276 104.202 30 12 30 571 3
17.847 54.428 257.623 1 13 30 587 4
17.847 54.428 257.623 2 13 30 587 4
17.847 54.428 257.623 3 13 30 587 4
17.847 54.428 257.623 4 13 30 587 4
17.847 54.428 257.623 5 13 30 587 4
17.847 54.428 257.623 6 13 30 587 4
17.847 54.428 257.623 7 13 30 587 4
17.847 54.428 257.623 8 13 30 587 4
17.847 54.428 257.623 9 13 30 587 4
17.847 54.428 257.623 10 13 30 587 4
17.847 54.428 257.623 11 13 30 587 4
17.847 54.428 257.623 12 13 30 587 4
17.847 54.428 257.623 13 13 30 587 4
17.847 54.428 257.623 14 13 30 587 4
17.847 54.428 257.623 15 13 30 587 4
17.847 54.428 257.623 16 13 30 587 4
17.847 54.428 257.623 17 13 30 587 4
61.507 52.227 56.996 18 13 30 352 1
68.516 53.298 135.893 19 13 30 453 1
288.320 69.852 102.448 20 13 30 601 1
207.911 122.063 230.981 21 13 30 645 2
207.911 122.063 230.981 22 13 30 645 2
207.911 122.063 230.981 23 13 30 645 2
172.963 100.175 132.384 24 13 30 574 4
172.963 100.175 132.384 25 13 30 574 4
172.963 100.175 132.384 26 13 30 574 4
172.963 100.175 132.384 27 13 30 574 4
172.963 100.175 132.384 28 13 30 574 4
172.963 100.175 132.384 29 13 30 574 4
172.963 100.175 132.384 30 13 30 574 4
17.847 54.428 257.623 1 14 30 587 4
17.847 54.428 257.623 2 14 30 587 4
17.847 54.428 257.623 3 14 30 587 4
17.847 54.428 257.623 4 14 30 587 4
17.847 54.428 257.623 5 14 30 587 4
17.847 54.428 257.623 6 14 30 587 4
17.847 54.428 257.623 7 14 30 587 4
17.847 54.428 257.623 8 14 30 587 4
17.847 54.428 257.623 9 14 30 587 4
17.847 54.428 257.623 10 14 30 587 4
17.847 54.428 257.623 11 14 30 587 4
17.847 54.428 257.623 12 14 30 587 4
17.847 54.428 257.623 13 14 30 587 4
17.847 54.428 257.623 14 14 30 587 4
17.847 54.428 257.623 15 14 30 587 4
17.847 54.428 257.623 16 14 30 587 4
17.847 54.428 257.623 17 14 30 587 4
17.847 54.428 257.623 18 14 30 587 4
309.094 46.172 75.008 19 14 30 619 1
309.094 46.172 75.008 20 14 30 619 1
309.094 46.172 75.008 21 14 30 619 1
207.911 122.063 230.981 22 14 30 645 2
172.963 100.175 132.384 23 14 30 574 4
172.963 100.175 132.384 24 14 30 574 4
172.963 100.175 132.384 25 14 30 574 4
172.963 100.175 132.384 26 14 30 574 4
172.963 100.175 132.384 27 14 30 574 4
172.963 100.175 132.384 28 14 30 574 4
172.963 100.175 132.384 29 14 30 574 4
343.273 168.525 37.636 30 14 30 582 4
17.847 54.428 257.623 1 15 30 587 4
17.847 54.428 257.623 2 15 30 587 4
17.847 54.428 257.623 3 15 30 587 4
17.847 54.428 257.623 4 15 30 587 4
17.847 54.428 257.623 5 15 30 587 4
17.847 54.428 257.623 6 15 30 587 4
17.847 54.428 257.623 7 15 30 587 4
17.847 54.428 257.623 8 15 30 587 4
17.847 54.428 257.623 9 15 30 587 4
17.847 54.428 257.623 10 15 30 587 4
17.847 54.428 257.623 11 15 30 587 4
17.847 54.428 257.623 12 15 30 587 4
17.847 54.428 257.623 13 15 30 587 4
17.847 54.428 257.623 14 15 30 587 4
17.847 54.428 257.623 15 15 30 587 4
17.847 54.428 257.623 16 15 30 587 4
17.847 54.428 257.623 17 15 30 587 4
17.847 54.428 257.623 18 15 30 587 4
17.847 54.428 257.623 19 15 30 587 4
184.745 99.061 232.225 20 15 30 108 1
184.745 99.061 232.225 21 15 30 108 1
184.745 99.061 232.225 22 15 30 108 1
172.963 100.175 132.384 23 15 30 574 4
172.963 100.175 132.384 24 15 30 574 4
172.963 100.175 132.384 25 15 30 574 4
172.963 100.175 132.384 26 15 30 574 4
172.963 100.175 132.384 27 15 30 574 4
172.963 100.175 132.384 28 15 30 574 4
343.273 168.525 37.636 29 15 30 582 4
343.273 168.525 37.636 30 15 30 582 4
17.847 54.428 257.623 1 16 30 587 4
17.847 54.428 257.623 2 16 30 587 4
17.847 54.428 257.623 3 16 30 587 4
17.847 54.428 257.623 4 16 30 587 4
17.847 54.428 257.623 5 16 30 587 4
17.847 54.428 257.623 6 16 30 587 4
17.847 54.428 257.623 7 16 30 587 4
17.847 54.428 257.623 8 16 30 587 4
17.847 54.428 257.623 9 16 30 587 4
17.847 54.428 257.623 10 16 30 587 4
17.847 54.428 257.623 11 16 30 587 4
17.847 54.428 257.623 12 16 30 587 4
17.847 54.428 257.623 13 16 30 587 4
17.847 54.428 257.623 14 16 30 587 4
17.847 54.428 257.623 15 16 30 587 4
17.847 54.428 257.623 16 16 30 587 4
17.847 54.428 257.623 17 16 30 587 4
17.847 54.428 257.623 18 16 30 587 4
17.847 54.428 257.623 19 16 30 587 4
184.745 99.061 232.225 20 16 30 108 1
184.745 99.061 232.225 21 16 30 108 1
184.745 99.061 232.225 22 16 30 108 1
172.963 100.175 132.384 23 16 30 574 4
172.963 100.175 132.384 24 16 30 574 4
172.963 100.175 132.384 25 16 30 574 4
172.963 100.175 132.384 26 16 30 574 4
172.963 100.175 132.384 27 16 30 574 4
343.273 168.525 37.636 28 16 30 582 4
343.273 168.525 37.636 29 16 30 582 4
343.273 168.525 37.636 30 16 30 582 4
17.847 54.428 257.623 1 17 30 587 4
17.847 54.428 257.623 2 17 30 587 4
17.847 54.428 257.623 3 17 30 587 4
17.847 54.428 257.623 4 17 30 587 4
17.847 54.428 257.623 5 17 30 587 4
17.847 54.428 257.623 6 17 30 587 4
17.847 54.428 257.623 7 17 30 587 4
17.847 54.428 257.623 8 17 30 587 4
17.847 54.428 257.623 9 17 30 587 4
17.847 54.428 257.623 10 17 30 587 4
17.847 54.428 257.623 11 17 30 587 4
17.847 54.428 257.623 12 17 30 587 4
17.847 54.428 257.623 13 17 30 587 4
17.847 54.428 257.623 14 17 30 587 4
17.847 54.428 257.623 15 17 30 587 4
17.847 54.428 257.623 16 17 30 587 4
17.847 54.428 257.623 17 17 30 587 4
17.847 54.428 257.623 18 17 30 587 4
17.847 54.428 257.623 19 17 30 587 4
306.962 71.516 23.005 20 17 30 145 1
184.745 99.061 232.225 21 17 30 108 1
184.745 99.061 232.225 22 17 30 108 1
172.963 100.175 132.384 23 17 30 574 4
172.963 100.175 132.384 24 17 30 574 4
172.963 100.175 132.384 25 17 30 574 4
172.963 100.175 132.384 26 17 30 574 4
343.273 168.525 37.636 27 17 30 582 4
343.273 168.525 37.636 28 17 30 582 4
343.273 168.525 37.636 29 17 30 582 4
343.273 168.525 37.636 30 17 30 582 4
17.847 54.428 257.623 1 18 30 587 4
17.847 54.428 257.623 2 18 30 587 4
17.847 54.428 257.623 3 18 30 587 4
17.847 54.428 257.623 4 18 30 587 4
17.847 54.428 257.623 5 18 30 587 4
17.847 54.428 257.623 6 18 30 587 4
17.847 54.428 257.623 7 18 30 587 4
17.847 54.428 257.623 8 18 30 587 4
17.847 54.428 257.623 9 18 30 587 4
17.847 54.428 257.623 10 18 30 587 4
17.847 54.428 257.623 11 18 30 587 4
17.847 54.428 257.623 12 18 30 587 4
17.847 54.428 257.623 13 18 30 587 4
17.847 54.428 257.623 14 18 30 587 4
17.847 54.428 257.623 15 18 30 587 4
17.847 54.428 257.623 16 18 30 587 4
17.847 54.428 257.623 17 18 30 587 4
17.847 54.428 257.623 18 18 30 587 4
17.847 54.428 257.623 19 18 30 587 4
306.962 71.516 23.005 20 18 30 145 1
184.745 99.061 232.225 21 18 30 108 1
184.745 99.061 232.225 22 18 30 108 1
172.963 100.175 132.384 23 18 30 574 4
172.963 100.175 132.384 24 18 30 574 4
172.963 100.175 132.384 25 18 30 574 4
172.963 100.175 132.384 26 18 30 574 4
343.273 168.525 37.636 27 18 30 582 4
343.273 168.525 37.636 28 18 30 582 4
343.273 168.525 37.636 29 18 30 582 4
343.273 168.525 37.636 30 18 30 582 4
17.847 54.428 257.623 1 19 30 587 4
17.847 54.428 257.623 2 19 30 587 4
17.847 54.428 257.623 3 19 30 587 4
17.847 54.428 257.623 4 19 30 587 4
17.847 54.428 257.623 5 19 30 587 4
17.847 54.428 257.623 6 19 30 587 4
17.847 54.428 257.623 7 19 30 587 4
17.847 54.428 257.623 8 19 30 587 4
17.847 54.428 257.623 9 19 30 587 4
17.847 54.428 257.623 10 19 30 587 4
17.847 54.428 257.623 11 19 30 587 4
17.847 54.428 257.623 12 19 30 587 4
17.847 54.428 257.623 13 19 30 587 4
17.847 54.428 257.623 14 19 30 587 4
17.847 54.428 257.623 15 19 30 587 4
17.847 54.428 257.623 16 19 30 587 4
17.847 54.428 257.623 17 19 30 587 4
17.847 54.428 257.623 18 19 30 587 4
17.847 54.428 257.623 19 19 30 587 4
17.847 54.428 257.623 20 19 30 587 4
184.745 99.061 232.225 21 19 30 108 1
172.963 100.175 132.384 22 19 30 574 4
172.963 100.175 132.384 23 19 30 574 4
172.963 100.175 132.384 24 19 30 574 4
144.748 167.251 322.201 25 19 30 579 4
144.748 167.251 322.201 26 19 30 579 4
144.748 167.251 322.201 27 19 30 579 4
343.273 168.525 37.636 28 19 30 582 4
343.273 168.525 37.636 29 19 30 582 4
343.273 168.525 37.636 30 19 30 582 4
17.847 54.428 257.623 1 20 30 587 4
17.847 54.428 257.623 2 20 30 587 4
17.847 54.428 257.623 3 20 30 587 4
17.847 54.428 257.623 4 20 30 587 4
17.847 54.428 257.623 5 20 30 587 4
17.847 54.428 257.623 6 20 30 587 4
17.847 54.428 257.623 7 20 30 587 4
17.847 54.428 257.623 8 20 30 587 4
17.847 54.428 257.623 9 20 30 587 4
17.847 54.428 257.623 10 20 30 587 4
17.847 54.428 257.623 11 20 30 587 4
17.847 54.428 257.623 12 20 30 587 4
17.847 54.428 257.623 13 20 30 587 4
17.847 54.428 257.623 14 20 30 587 4
17.847 54.428 257.623 15 20 30 587 4
17.847 54.428 257.623 16 20 30 587 4
17.847 54.428 257.623 17 20 30 587 4
17.847 54.428 257.623 18 20 30 587 4
17.847 54.428 257.623 19 20 30 587 4
17.847 54.428 257.623 20 20 30 587 4
144.748 167.251 322.201 21 20 30 579 4
144.748 167.251 322.201 22 20 30 579 4
144.748 167.251 322.201 23 20 30 579 4
301.779 25.713 71.270 24 20 30 464 2
144.748 167.251 322.201 25 20 30 579 4
144.748 167.251 322.201 26 20 30 579 4
144.748 167.251 322.201 27 20 30 579 4
144.748 167.251 322.201 28 20 30 579 4
144.748 167.251 322.201 29 20 30 579 4
343.273 168.525 37.636 30 20 30 582 4
17.847 54.428 257.623 1 21 30 587 4
17.847 54.428 257.623 2 21 30 587 4
17.847 54.428 257.623 3 21 30 587 4
17.847 54.428 257.623 4 21 30 587 4
17.847 54.428 257.623 5 21 30 587 4
17.847 54.428 257.623 6 21 30 587 4
17.847 54.428 257.623 7 21 30 587 4
17.847 54.428 257.623 8 21 30 587 4
17.847 54.428 257.623 9 21 30 587 4
17.847 54.428 257.623 10 21 30 587 4
17.847 54.428 257.623 11 21 30 587 4
17.847 54.428 257.623 12 21 30 587 4
17.847 54.428 257.623 13 21 30 587 4
17.847 54.428 257.623 14 21 30 587 4
17.847 54.428 257.623 15 21 30 587 4
17.847 54.428 257.623 16 21 30 587 4
17.847 54.428 257.623 17 21 30 587 4
17.847 54.428 257.623 18 21 30 587 4
17.847 54.428 257.623 19 21 30 587 4
17.847 54.428 257.623 20 21 30 587 4
144.748 167.251 322.201 21 21 30 579 4
144.748 167.251 322.201 22 21 30 579 4
144.748 167.251 322.201 23 21 30 579 4
144.748 167.251 322.201 24 21 30 579 4
144.748 167.251 322.201 25 21 30 579 4
144.748 167.251 322.201 26 21 30 579 4
144.748 167.251 322.201 27 21 30 579 4
144.748 167.251 322.201 28 21 30 579 4
144.748 167.251 322.201 29 21 30 579 4
140.517 89.561 186.058 30 21 30 219 1
17.847 54.428 257.623 1 22 30 587 4
17.847 54.428 257.623 2 22 30 587 4
17.847 54.428 257.623 3 22 30 587 4
17.847 54.428 257.623 4 22 30 587 4
17.847 54.428 257.623 5 22 30 587 4
17.847 54.428 257.623 6 22 30 587 4
17.847 54.428 257.623 7 22 30 587 4
17.847 54.428 257.623 8 22 30 587 4
17.847 54.428 257.623 9 22 30 587 4
17.847 54.428 257.623 10 22 30 587 4
17.847 54.428 257.623 11 22 30 587 4
17.847 54.428 257.623 12 22 30 587 4
17.847 54.428 257.623 13 22 30 587 4
17.847 54.428 257.623 14 22 30 587 4
17.847 54.428 257.623 15 22 30 587 4
17.847 54.428 257.623 16 22 30 587 4
17.847 54.428 257.623 17 22 30 587 4
17.847 54.428 257.623 18 22 30 587 4
17.847 54.428 257.623 19 22 30 587 4
17.847 54.428 257.623 20 22 30 587 4
144.748 167.251 322.201 21 22 30 579 4
144.748 167.251 322.201 22 22 30 579 4
144.748 167.251 322.201 23 22 30 579 4
144.748 167.251 322.201 24 22 30 579 4
144.748 167.251 322.201 25 22 30 579 4
144.748 167.251 322.201 26 22 30 579 4
144.748 167.251 322.201 27 22 30 579 4
144.748 167.251 322.201 28 22 30 579 4
144.748 167.251 322.201 29 22 30 579 4
140.517 89.561 186.058 30 22 30 219 1
17.847 54.428 257.623 1 23 30 587 4
17.847 54.428 257.623 2 23 30 587 4
17.847 54.428 257.623 3 23 30 587 4
17.847 54.428 257.623 4 23 30 587 4
17.847 54.428 257.623 5 23 30 587 4
17.847 54.428 257.623 6 23 30 587 4
17.847 54.428 257.623 7 23 30 587 4
17.847 54.428 257.623 8 23 30 587 4
17.847 54.428 257.623 9 23 30 587 4
17.847 54.428 257.623 10 23 30 587 4
17.847 54.428 257.623 11 23 30 587 4
17.847 54.428 257.623 12 23 30 587 4
17.847 54.428 257.623 13 23 30 587 4
17.847 54.428 257.623 14 23 30 587 4
17.847 54.428 257.623 15 23 30 587 4
17.847 54.428 257.623 16 23 30 587 4
17.847 54.428 257.623 17 23 30 587 4
17.847 54.428 257.623 18 23 30 587 4
17.847 54.428 257.623 19 23 30 587 4
144.748 167.251 322.201 20 23 30 579 4
144.748 167.251 322.201 21 23 30 579 4
144.748 167.251 322.201 22 23 30 579 4
144.748 167.251 322.201 23 23 30 579 4
144.748 167.251 322.201 24 23 30 579 4
144.748 167.251 322.201 25 23 30 579 4
144.748 167.251 322.201 26 23 30 579 4
144.748 167.251 322.201 27 23 30 579 4
144.748 167.251 322.201 28 23 30 579 4
144.748 167.251 322.201 29 23 30 579 4
144.748 167.251 322.201 30 23 30 579 4
17.847 54.428 257.623 1 24 30 587 4
17.847 54.428 257.623 2 24 30 587 4
17.847 54.428 257.623 3 24 30 587 4
17.847 54.428 257.623 4 24 30 587 4
17.847 54.428 257.623 5 24 30 587 4
17.847 54.428 257.623 6 24 30 587 4
17.847 54.428 257.623 7 24 30 587 4
17.847 54.428 257.623 8 24 30 587 4
17.847 54.428 257.623 9 24 30 587 4
17.847 54.428 257.623 10 24 30 587 4
17.847 54.428 257.623 11 24 30 587 4
17.847 54.428 257.623 12 24 30 587 4
17.847 54.428 257.623 13 24 30 587 4
17.847 54.428 257.623 14 24 30 587 4
17.847 54.428 257.623 15 24 30 587 4
291.609 58.960 116.194 16 24 30 438 1
17.847 54.428 257.623 17 24 30 587 4
17.847 54.428 257.623 18 24 30 587 4
30.473 40.047 253.577 19 24 30 314 1
30.473 40.047 253.577 20 24 30 314 1
144.748 167.251 322.201 21 24 30 579 4
144.748 167.251 322.201 22 24 30 579 4
144.748 167.251 322.201 23 24 30 579 4
144.748 167.251 322.201 24 24 30 579 4
144.748 167.251 322.201 25 24 30 579 4
144.748 167.251 322.201 26 24 30 579 4
144.748 167.251 322.201 27 24 30 579 4
144.748 167.251 322.201 28 24 30 579 4
144.748 167.251 322.201 29 24 30 579 4
144.748 167.251 322.201 30 24 30 579 4
288.487 155.632 192.115 1 25 30 246 1
288.487 155.632 192.115 2 25 30 246 1
288.487 155.632 192.115 3 25 30 246 1
288.487 155.632 192.115 4 25 30 246 1
288.487 155.632 192.115 5 25 30 246 1
288.487 155.632 192.115 6 25 30 246 1
17.847 54.428 257.623 7 25 30 587 4
17.847 54.428 257.623 8 25 30 587 4
17.847 54.428 257.623 9 25 30 587 4
17.847 54.428 257.623 10 25 30 587 4
17.847 54.428 257.623 11 25 30 587 4
17.847 54.428 257.623 12 25 30 587 4
17.847 54.428 257.623 13 25 30 587 4
17.847 54.428 257.623 14 25 30 587 4
17.847 54.428 257.623 15 25 30 587 4
17.847 54.428 257.623 16 25 30 587 4
17.847 54.428 257.623 17 25 30 587 4
17.847 54.428 257.623 18 25 30 587 4
30.473 40.047 253.577 19 25 30 314 1
144.748 167.251 322.201 20 25 30 579 4
144.748 167.251 322.201 21 25 30 579 4
144.748 167.251 322.201 22 25 30 579 4
144.748 167.251 322.201 23 25 30 579 4
144.748 167.251 322.201 24 25 30 579 4
144.748 167.251 322.201 25 25 30 579 4
144.748 167.251 322.201 26 25 30 579 4
144.748 167.251 322.201 27 25 30 579 4
144.748 167.251 322.201 28 25 30 579 4
144.748 167.251 322.201 29 25 30 579 4
144.748 167.251 322.201 30 25 30 579 4
288.487 155.632 192.115 1 26 30 246 1
288.487 155.632 192.115 2 26 30 246 1
288.487 155.632 192.115 3 26 30 246 1
288.487 155.632 192.115 4 26 30 246 1
288.487 155.632 192.115 5 26 30 246 1
288.487 155.632 192.115 6 26 30 246 1
17.847 54.428 257.623 7 26 30 587 4
17.847 54.428 257.623 8 26 30 587 4
17.847 54.428 257.623 9 26 30 587 4
17.847 54.428 257.623 10 26 30 587 4
17.847 54.428 257.623 11 26 30 587 4
17.847 54.428 257.623 12 26 30 587 4
17.847 54.428 257.623 13 26 30 587 4
17.847 54.428 257.623 14 26 30 587 4
17.847 54.428 257.623 15 26 30 587 4
17.847 54.428 257.623 16 26 30 587 4
17.847 54.428 257.623 17 26 30 587 4
17.847 54.428 257.623 18 26 30 587 4
17.847 54.428 257.623 19 26 30 587 4
144.748 167.251 322.201 20 26 30 579 4
144.748 167.251 322.201 21 26 30 579 4
144.748 167.251 322.201 22 26 30 579 4
144.748 167.251 322.201 23 26 30 579 4
144.748 167.251 322.201 24 26 30 579 4
144.748 167.251 322.201 25 26 30 579 4
144.748 167.251 322.201 26 26 30 579 4
144.748 167.251 322.201 27 26 30 579 4
144.748 167.251 322.201 28 26 30 579 4
144.748 167.251 322.201 29 26 30 579 4
144.748 167.251 322.201 30 26 30 579 4
288.487 155.632 192.115 1 27 30 246 1
288.487 155.632 192.115 2 27 30 246 1
288.487 155.632 192.115 3 27 30 246 1
288.487 155.632 192.115 4 27 30 246 1
297.312 47.589 228.595 5 27 30 537 2
297.312 47.589 228.595 6 27 30 537 2
17.847 54.428 257.623 7 27 30 587 4
17.847 54.428 257.623 8 27 30 587 4
17.847 54.428 257.623 9 27 30 587 4
17.847 54.428 257.623 10 27 30 587 4
17.847 54.428 257.623 11 27 30 587 4
17.847 54.428 257.623 12 27 30 587 4
17.847 54.428 257.623 13 27 30 587 4
17.847 54.428 257.623 14 27 30 587 4
17.847 54.428 257.623 15 27 30 587 4
130.252 95.363 129.487 16 27 30 36 1
130.252 95.363 129.487 17 27 30 36 1
130.252 95.363 129.487 18 27 30 36 1
130.252 95.363 129.487 19 27 30 36 1
247.601 63.852 147.921 20 27 30 556 2
247.601 63.852 147.921 21 27 30 556 2
144.748 167.251 322.201 22 27 30 579 4
144.748 167.251 322.201 23 27 30 579 4
144.748 167.251 322.201 24 27 30 579 4
144.748 167.251 322.201 25 27 30 579 4
144.748 167.251 322.201 26 27 30 579 4
144.748 167.251 322.201 27 27 30 579 4
144.748 167.251 322.201 28 27 30 579 4
144.748 167.251 322.201 29 27 30 579 4
144.748 167.251 322.201 30 27 30 579 4
206.173 120.390 242.404 1 28 30 572 4
206.173 120.390 242.404 2 28 30 572 4
297.312 47.589 228.595 3 28 30 537 2
297.312 47.589 228.595 4 28 30 537 2
297.312 47.589 228.595 5 28 30 537 2
297.312 47.589 228.595 6 28 30 537 2
297.312 47.589 228.595 7 28 30 537 2
17.847 54.428 257.623 8 28 30 587 4
17.847 54.428 257.623 9 28 30 587 4
235.509 56.873 237.621 10 28 30 509 2
17.847 54.428 257.623 11 28 30 587 4
17.847 54.428 257.623 12 28 30 587 4
17.847 54.428 257.623 13 28 30 587 4
214.367 127.183 150.775 14 28 30 512 2
130.252 95.363 129.487 15 28 30 36 1
130.252 95.363 129.487 16 28 30 36 1
130.252 95.363 129.487 17 28 30 36 1
130.252 95.363 129.487 18 28 30 36 1
247.601 63.852 147.921 19 28 30 556 2
247.601 63.852 147.921 20 28 30 556 2
247.601 63.852 147.921 21 28 30 556 2
247.601 63.852 147.921 22 28 30 556 2
247.601 63.852 147.921 23 28 30 556 2
144.748 167.251 322.201 24 28 30 579 4
144.748 167.251 322.201 25 28 30 579 4
144.748 167.251 322.201 26 28 30 579 4
144.748 167.251 322.201 27 28 30 579 4
144.748 167.251 322.201 28 28 30 579 4
144.748 167.251 322.201 29 28 30 579 4
144.748 167.251 322.201 30 28 30 579 4
206.173 120.390 242.404 1 29 30 572 4
206.173 120.390 242.404 2 29 30 572 4
206.173 120.390 242.404 3 29 30 572 4
297.312 47.589 228.595 4 29 30 537 2
297.312 47.589 228.595 5 29 30 537 2
297.312 47.589 228.595 6 29 30 537 2
297.312 47.589 228.595 7 29 30 537 2
17.847 54.428 257.623 8 29 30 587 4
17.847 54.428 257.623 9 29 30 587 4
235.509 56.873 237.621 10 29 30 509 2
235.509 56.873 237.621 11 29 30 509 2
17.847 54.428 257.623 12 29 30 587 4
17.847 54.428 257.623 13 29 30 587 4
214.367 127.183 150.775 14 29 30 512 2
130.252 95.363 129.487 15 29 30 36 1
130.252 95.363 129.487 16 29 30 36 1
130.252 95.363 129.487 17 29 30 36 1
130.252 95.363 129.487 18 29 30 36 1
247.601 63.852 147.921 19 29 30 556 2
247.601 63.852 147.921 20 29 30 556 2
247.601 63.852 147.921 21 29 30 556 2
247.601 63.852 147.921 22 29 30 556 2
247.601 63.852 147.921 23 29 30 556 2
63.358 72.347 265.092 24 29 30 550 2
63.358 72.347 265.092 25 29 30 550 2
74.872 90.262 154.627 26 29 30 8 1
144.748 167.251 322.201 27 29 30 579 4
239.342 122.788 76.356 28 29 30 586 4
239.342 122.788 76.356 29 29 30 586 4
239.342 122.788 76.356 30 29 30 586 4
206.173 120.390 242.404 1 30 30 572 4
206.173 120.390 242.404 2 30 30 572 4
206.173 120.390 242.404 3 30 30 572 4
297.312 47.589 228.595 4 30 30 537 2
297.312 47.589 228.595 5 30 30 537 2
297.312 47.589 228.595 6 30 30 537 2
297.312 47.589 228.595 7 30 30 537 2
17.847 54.428 257.623 8 30 30 587 4
17.847 54.428 257.623 9 30 30 587 4
306.915 134.078 340.861 10 30 30 109 1
235.509 56.873 237.621 11 30 30 509 2
17.847 54.428 257.623 12 30 30 587 4
77.326 36.103 181.578 13 30 30 516 2
77.326 36.103 181.578 14 30 30 516 2
77.326 36.103 181.578 15 30 30 516 2
77.326 36.103 181.578 16 30 30 516 2
130.252 95.363 129.487 17 30 30 36 1
247.601 63.852 147.921 18 30 30 556 2
247.601 63.852 147.921 19 30 30 556 2
247.601 63.852 147.921 20 30 30 556 2
247.601 63.852 147.921 21 30 30 556 2
247.601 63.852 147.921 22 30 30 556 2
247.601 63.852 147.921 23 30 30 556 2
63.358 72.347 265.092 24 30 30 550 2
63.358 72.347 265.092 25 30 30 550 2
74.872 90.262 154.627 26 30 30 8 1
74.872 90.262 154.627 27 30 30 8 1
239.342 122.788 76.356 28 30 30 586 4
239.342 122.788 76.356 29 30 30 586 4
239.342 122.788 76.356 30 30 30 586 4
