17.847 54.428 257.623 1 1 7 587 4
17.847 54.428 257.623 2 1 7 587 4
17.847 54.428 257.623 3 1 7 587 4
17.847 54.428 257.623 4 1 7 587 4
17.847 54.428 257.623 5 1 7 587 4
17.847 54.428 257.623 6 1 7 587 4
17.847 54.428 257.623 7 1 7 587 4
25.999 28.172 123.131 8 1 7 564 2
25.999 28.172 123.131 9 1 7 564 2
127.012 108.413 268.461 10 1 7 435 1
127.012 108.413 268.461 11 1 7 435 1
127.012 108.413 268.461 12 1 7 435 1
161.376 90.429 9.324 13 1 7 482 2
161.376 90.429 9.324 14 1 7 482 2
161.376 90.429 9.324 15 1 7 482 2
161.376 90.429 9.324 16 1 7 482 2
209.120 61.882 102.162 17 1 7 382 1
202.061 84.583 184.257 18 1 7 573 4
202.061 84.583 184.257 19 1 7 573 4
202.061 84.583 184.257 20 1 7 573 4
202.061 84.583 184.257 21 1 7 573 4
202.061 84.583 184.257 22 1 7 573 4
202.061 84.583 184.257 23 1 7 573 4
273.461 149.917 318.969 24 1 7 214 1
34.361 115.539 105.912 25 1 7 45 1
206.248 147.349 322.488 26 1 7 581 4
206.248 147.349 322.488 27 1 7 581 4
206.248 147.349 322.488 28 1 7 581 4
206.248 147.349 322.488 29 1 7 581 4
206.248 147.349 322.488 30 1 7 581 4
17.847 54.428 257.623 1 2 7 587 4
17.847 54.428 257.623 2 2 7 587 4
17.847 54.428 257.623 3 2 7 587 4
17.847 54.428 257.623 4 2 7 587 4
17.847 54.428 257.623 5 2 7 587 4
17.847 54.428 257.623 6 2 7 587 4
17.847 54.428 257.623 7 2 7 587 4
25.999 28.172 123.131 8 2 7 564 2
25.999 28.172 123.131 9 2 7 564 2
127.012 108.413 268.461 10 2 7 435 1
127.012 108.413 268.461 11 2 7 435 1
127.012 108.413 268.461 12 2 7 435 1
161.376 90.429 9.324 13 2 7 482 2
161.376 90.429 9.324 14 2 7 482 2
161.376 90.429 9.324 15 2 7 482 2
161.376 90.429 9.324 16 2 7 482 2
209.120 61.882 102.162 17 2 7 382 1
209.120 61.882 102.162 18 2 7 382 1
202.061 84.583 184.257 19 2 7 573 4
202.061 84.583 184.257 20 2 7 573 4
202.061 84.583 184.257 21 2 7 573 4
202.061 84.583 184.257 22 2 7 573 4
202.061 84.583 184.257 23 2 7 573 4
273.461 149.917 318.969 24 2 7 214 1
34.361 115.539 105.912 25 2 7 45 1
206.248 147.349 322.488 26 2 7 581 4
206.248 147.349 322.488 27 2 7 581 4
206.248 147.349 322.488 28 2 7 581 4
206.248 147.349 322.488 29 2 7 581 4
206.248 147.349 322.488 30 2 7 581 4
17.847 54.428 257.623 1 3 7 587 4
17.847 54.428 257.623 2 3 7 587 4
17.847 54.428 257.623 3 3 7 587 4
17.847 54.428 257.623 4 3 7 587 4
17.847 54.428 257.623 5 3 7 587 4
17.847 54.428 257.623 6 3 7 587 4
17.847 54.428 257.623 7 3 7 587 4
25.999 28.172 123.131 8 3 7 564 2
25.999 28.172 123.131 9 3 7 564 2
25.999 28.172 123.131 10 3 7 564 2
127.012 108.413 268.461 11 3 7 435 1
48.683 101.414 282.572 12 3 7 253 1
161.376 90.429 9.324 13 3 7 482 2
161.376 90.429 9.324 14 3 7 482 2
161.376 90.429 9.324 15 3 7 482 2
222.117 117.352 235.791 16 3 7 547 2
222.117 117.352 235.791 17 3 7 547 2
209.120 61.882 102.162 18 3 7 382 1
202.061 84.583 184.257 19 3 7 573 4
202.061 84.583 184.257 20 3 7 573 4
202.061 84.583 184.257 21 3 7 573 4
202.061 84.583 184.257 22 3 7 573 4
202.061 84.583 184.257 23 3 7 573 4
202.061 84.583 184.257 24 3 7 573 4
34.361 115.539 105.912 25 3 7 45 1
206.248 147.349 322.488 26 3 7 581 4
206.248 147.349 322.488 27 3 7 581 4
206.248 147.349 322.488 28 3 7 581 4
206.248 147.349 322.488 29 3 7 581 4
206.248 147.349 322.488 30 3 7 581 4
17.847 54.428 257.623 1 4 7 587 4
17.847 54.428 257.623 2 4 7 587 4
17.847 54.428 257.623 3 4 7 587 4
17.847 54.428 257.623 4 4 7 587 4
17.847 54.428 257.623 5 4 7 587 4
17.847 54.428 257.623 6 4 7 587 4
17.847 54.428 257.623 7 4 7 587 4
25.999 28.172 123.131 8 4 7 564 2
25.999 28.172 123.131 9 4 7 564 2
25.999 28.172 123.131 10 4 7 564 2
25.999 28.172 123.131 11 4 7 564 2
297.810 76.412 288.114 12 4 7 535 2
297.810 76.412 288.114 13 4 7 535 2
161.376 90.429 9.324 14 4 7 482 2
161.376 90.429 9.324 15 4 7 482 2
222.117 117.352 235.791 16 4 7 547 2
222.117 117.352 235.791 17 4 7 547 2
127.151 49.450 7.329 18 4 7 17 1
127.151 49.450 7.329 19 4 7 17 1
202.061 84.583 184.257 20 4 7 573 4
202.061 84.583 184.257 21 4 7 573 4
202.061 84.583 184.257 22 4 7 573 4
202.061 84.583 184.257 23 4 7 573 4
202.061 84.583 184.257 24 4 7 573 4
202.061 84.583 184.257 25 4 7 573 4
206.248 147.349 322.488 26 4 7 581 4
206.248 147.349 322.488 27 4 7 581 4
206.248 147.349 322.488 28 4 7 581 4
206.248 147.349 322.488 29 4 7 581 4
206.248 147.349 322.488 30 4 7 581 4
17.847 54.428 257.623 1 5 7 587 4
17.847 54.428 257.623 2 5 7 587 4
17.847 54.428 257.623 3 5 7 587 4
17.847 54.428 257.623 4 5 7 587 4
17.847 54.428 257.623 5 5 7 587 4
17.847 54.428 257.623 6 5 7 587 4
17.847 54.428 257.623 7 5 7 587 4
17.847 54.428 257.623 8 5 7 587 4
25.999 28.172 123.131 9 5 7 564 2
25.999 28.172 123.131 10 5 7 564 2
25.999 28.172 123.131 11 5 7 564 2
297.810 76.412 288.114 12 5 7 535 2
297.810 76.412 288.114 13 5 7 535 2
297.810 76.412 288.114 14 5 7 535 2
222.117 117.352 235.791 15 5 7 547 2
222.117 117.352 235.791 16 5 7 547 2
222.117 117.352 235.791 17 5 7 547 2
224.302 51.123 338.795 18 5 7 205 1
127.151 49.450 7.329 19 5 7 17 1
202.061 84.583 184.257 20 5 7 573 4
202.061 84.583 184.257 21 5 7 573 4
202.061 84.583 184.257 22 5 7 573 4
202.061 84.583 184.257 23 5 7 573 4
202.061 84.583 184.257 24 5 7 573 4
202.061 84.583 184.257 25 5 7 573 4
206.248 147.349 322.488 26 5 7 581 4
206.248 147.349 322.488 27 5 7 581 4
206.248 147.349 322.488 28 5 7 581 4
206.248 147.349 322.488 29 5 7 581 4
206.248 147.349 322.488 30 5 7 581 4
17.847 54.428 257.623 1 6 7 587 4
17.847 54.428 257.623 2 6 7 587 4
17.847 54.428 257.623 3 6 7 587 4
17.847 54.428 257.623 4 6 7 587 4
17.847 54.428 257.623 5 6 7 587 4
17.847 54.428 257.623 6 6 7 587 4
17.847 54.428 257.623 7 6 7 587 4
17.847 54.428 257.623 8 6 7 587 4
25.999 28.172 123.131 9 6 7 564 2
25.999 28.172 123.131 10 6 7 564 2
25.999 28.172 123.131 11 6 7 564 2
297.810 76.412 288.114 12 6 7 535 2
297.810 76.412 288.114 13 6 7 535 2
297.810 76.412 288.114 14 6 7 535 2
222.117 117.352 235.791 15 6 7 547 2
222.117 117.352 235.791 16 6 7 547 2
222.117 117.352 235.791 17 6 7 547 2
222.117 117.352 235.791 18 6 7 547 2
127.151 49.450 7.329 19 6 7 17 1
202.061 84.583 184.257 20 6 7 573 4
202.061 84.583 184.257 21 6 7 573 4
202.061 84.583 184.257 22 6 7 573 4
202.061 84.583 184.257 23 6 7 573 4
202.061 84.583 184.257 24 6 7 573 4
202.061 84.583 184.257 25 6 7 573 4
206.248 147.349 322.488 26 6 7 581 4
206.248 147.349 322.488 27 6 7 581 4
206.248 147.349 322.488 28 6 7 581 4
206.248 147.349 322.488 29 6 7 581 4
206.248 147.349 322.488 30 6 7 581 4
17.847 54.428 257.623 1 7 7 587 4
17.847 54.428 257.623 2 7 7 587 4
17.847 54.428 257.623 3 7 7 587 4
17.847 54.428 257.623 4 7 7 587 4
17.847 54.428 257.623 5 7 7 587 4
17.847 54.428 257.623 6 7 7 587 4
17.847 54.428 257.623 7 7 7 587 4
17.847 54.428 257.623 8 7 7 587 4
17.847 54.428 257.623 9 7 7 587 4
17.847 54.428 257.623 10 7 7 587 4
297.810 76.412 288.114 11 7 7 535 2
297.810 76.412 288.114 12 7 7 535 2
297.810 76.412 288.114 13 7 7 535 2
297.810 76.412 288.114 14 7 7 535 2
222.117 117.352 235.791 15 7 7 547 2
222.117 117.352 235.791 16 7 7 547 2
222.117 117.352 235.791 17 7 7 547 2
222.117 117.352 235.791 18 7 7 547 2
228.526 50.276 104.202 19 7 7 571 3
202.061 84.583 184.257 20 7 7 573 4
202.061 84.583 184.257 21 7 7 573 4
202.061 84.583 184.257 22 7 7 573 4
202.061 84.583 184.257 23 7 7 573 4
202.061 84.583 184.257 24 7 7 573 4
202.061 84.583 184.257 25 7 7 573 4
105.042 37.348 111.472 26 7 7 119 1
206.248 147.349 322.488 27 7 7 581 4
206.248 147.349 322.488 28 7 7 581 4
206.248 147.349 322.488 29 7 7 581 4
206.248 147.349 322.488 30 7 7 581 4
17.847 54.428 257.623 1 8 7 587 4
17.847 54.428 257.623 2 8 7 587 4
17.847 54.428 257.623 3 8 7 587 4
17.847 54.428 257.623 4 8 7 587 4
17.847 54.428 257.623 5 8 7 587 4
17.847 54.428 257.623 6 8 7 587 4
17.847 54.428 257.623 7 8 7 587 4
17.847 54.428 257.623 8 8 7 587 4
17.847 54.428 257.623 9 8 7 587 4
17.847 54.428 257.623 10 8 7 587 4
297.810 76.412 288.114 11 8 7 535 2
297.810 76.412 288.114 12 8 7 535 2
297.810 76.412 288.114 13 8 7 535 2
297.810 76.412 288.114 14 8 7 535 2
297.810 76.412 288.114 15 8 7 535 2
297.810 76.412 288.114 16 8 7 535 2
228.526 50.276 104.202 17 8 7 571 3
228.526 50.276 104.202 18 8 7 571 3
228.526 50.276 104.202 19 8 7 571 3
100.707 17.508 275.840 20 8 7 518 2
100.707 17.508 275.840 21 8 7 518 2
202.061 84.583 184.257 22 8 7 573 4
202.061 84.583 184.257 23 8 7 573 4
202.061 84.583 184.257 24 8 7 573 4
202.061 84.583 184.257 25 8 7 573 4
202.061 84.583 184.257 26 8 7 573 4
253.792 49.292 270.668 27 8 7 56 1
253.792 49.292 270.668 28 8 7 56 1
253.792 49.292 270.668 29 8 7 56 1
206.248 147.349 322.488 30 8 7 581 4
17.847 54.428 257.623 1 9 7 587 4
17.847 54.428 257.623 2 9 7 587 4
17.847 54.428 257.623 3 9 7 587 4
17.847 54.428 257.623 4 9 7 587 4
17.847 54.428 257.623 5 9 7 587 4
17.847 54.428 257.623 6 9 7 587 4
17.847 54.428 257.623 7 9 7 587 4
17.847 54.428 257.623 8 9 7 587 4
17.847 54.428 257.623 9 9 7 587 4
17.847 54.428 257.623 10 9 7 587 4
297.810 76.412 288.114 11 9 7 535 2
297.810 76.412 288.114 12 9 7 535 2
297.810 76.412 288.114 13 9 7 535 2
297.810 76.412 288.114 14 9 7 535 2
297.810 76.412 288.114 15 9 7 535 2
228.526 50.276 104.202 16 9 7 571 3
228.526 50.276 104.202 17 9 7 571 3
228.526 50.276 104.202 18 9 7 571 3
228.526 50.276 104.202 19 9 7 571 3
100.707 17.508 275.840 20 9 7 518 2
100.707 17.508 275.840 21 9 7 518 2
252.577 69.330 338.569 22 9 7 602 1
202.061 84.583 184.257 23 9 7 573 4
202.061 84.583 184.257 24 9 7 573 4
202.061 84.583 184.257 25 9 7 573 4
202.061 84.583 184.257 26 9 7 573 4
253.792 49.292 270.668 27 9 7 56 1
253.792 49.292 270.668 28 9 7 56 1
253.792 49.292 270.668 29 9 7 56 1
253.792 49.292 270.668 30 9 7 56 1
17.847 54.428 257.623 1 10 7 587 4
17.847 54.428 257.623 2 10 7 587 4
17.847 54.428 257.623 3 10 7 587 4
17.847 54.428 257.623 4 10 7 587 4
17.847 54.428 257.623 5 10 7 587 4
17.847 54.428 257.623 6 10 7 587 4
17.847 54.428 257.623 7 10 7 587 4
17.847 54.428 257.623 8 10 7 587 4
17.847 54.428 257.623 9 10 7 587 4
17.847 54.428 257.623 10 10 7 587 4
228.526 50.276 104.202 11 10 7 571 3
297.810 76.412 288.114 12 10 7 535 2
297.810 76.412 288.114 13 10 7 535 2
297.810 76.412 288.114 14 10 7 535 2
228.526 50.276 104.202 15 10 7 571 3
228.526 50.276 104.202 16 10 7 571 3
228.526 50.276 104.202 17 10 7 571 3
228.526 50.276 104.202 18 10 7 571 3
228.526 50.276 104.202 19 10 7 571 3
228.526 50.276 104.202 20 10 7 571 3
100.707 17.508 275.840 21 10 7 518 2
252.577 69.330 338.569 22 10 7 602 1
252.577 69.330 338.569 23 10 7 602 1
228.526 50.276 104.202 24 10 7 571 3
228.526 50.276 104.202 25 10 7 571 3
228.526 50.276 104.202 26 10 7 571 3
228.526 50.276 104.202 27 10 7 571 3
121.250 60.963 325.030 28 10 7 502 2
121.250 60.963 325.030 29 10 7 502 2
121.250 60.963 325.030 30 10 7 502 2
17.847 54.428 257.623 1 11 7 587 4
17.847 54.428 257.623 2 11 7 587 4
17.847 54.428 257.623 3 11 7 587 4
17.847 54.428 257.623 4 11 7 587 4
17.847 54.428 257.623 5 11 7 587 4
17.847 54.428 257.623 6 11 7 587 4
17.847 54.428 257.623 7 11 7 587 4
17.847 54.428 257.623 8 11 7 587 4
17.847 54.428 257.623 9 11 7 587 4
228.526 50.276 104.202 10 11 7 571 3
228.526 50.276 104.202 11 11 7 571 3
228.526 50.276 104.202 12 11 7 571 3
228.526 50.276 104.202 13 11 7 571 3
228.526 50.276 104.202 14 11 7 571 3
228.526 50.276 104.202 15 11 7 571 3
228.526 50.276 104.202 16 11 7 571 3
228.526 50.276 104.202 17 11 7 571 3
35.892 62.987 37.906 18 11 7 500 2
228.526 50.276 104.202 19 11 7 571 3
228.526 50.276 104.202 20 11 7 571 3
100.707 17.508 275.840 21 11 7 518 2
228.526 50.276 104.202 22 11 7 571 3
228.526 50.276 104.202 23 11 7 571 3
228.526 50.276 104.202 24 11 7 571 3
228.526 50.276 104.202 25 11 7 571 3
228.526 50.276 104.202 26 11 7 571 3
228.526 50.276 104.202 27 11 7 571 3
121.250 60.963 325.030 28 11 7 502 2
121.250 60.963 325.030 29 11 7 502 2
129.783 37.284 156.732 30 11 7 103 1
17.847 54.428 257.623 1 12 7 587 4
17.847 54.428 257.623 2 12 7 587 4
17.847 54.428 257.623 3 12 7 587 4
17.847 54.428 257.623 4 12 7 587 4
17.847 54.428 257.623 5 12 7 587 4
17.847 54.428 257.623 6 12 7 587 4
17.847 54.428 257.623 7 12 7 587 4
17.847 54.428 257.623 8 12 7 587 4
17.847 54.428 257.623 9 12 7 587 4
228.526 50.276 104.202 10 12 7 571 3
228.526 50.276 104.202 11 12 7 571 3
228.526 50.276 104.202 12 12 7 571 3
228.526 50.276 104.202 13 12 7 571 3
228.526 50.276 104.202 14 12 7 571 3
228.526 50.276 104.202 15 12 7 571 3
228.526 50.276 104.202 16 12 7 571 3
228.526 50.276 104.202 17 12 7 571 3
35.892 62.987 37.906 18 12 7 500 2
228.526 50.276 104.202 19 12 7 571 3
228.526 50.276 104.202 20 12 7 571 3
228.526 50.276 104.202 21 12 7 571 3
228.526 50.276 104.202 22 12 7 571 3
228.526 50.276 104.202 23 12 7 571 3
228.526 50.276 104.202 24 12 7 571 3
228.526 50.276 104.202 25 12 7 571 3
228.526 50.276 104.202 26 12 7 571 3
228.526 50.276 104.202 27 12 7 571 3
228.526 50.276 104.202 28 12 7 571 3
228.526 50.276 104.202 29 12 7 571 3
228.526 50.276 104.202 30 12 7 571 3
17.847 54.428 257.623 1 13 7 587 4
17.847 54.428 257.623 2 13 7 587 4
17.847 54.428 257.623 3 13 7 587 4
17.847 54.428 257.623 4 13 7 587 4
17.847 54.428 257.623 5 13 7 587 4
17.847 54.428 257.623 6 13 7 587 4
17.847 54.428 257.623 7 13 7 587 4
17.847 54.428 257.623 8 13 7 587 4
228.526 50.276 104.202 9 13 7 571 3
228.526 50.276 104.202 10 13 7 571 3
228.526 50.276 104.202 11 13 7 571 3
228.526 50.276 104.202 12 13 7 571 3
228.526 50.276 104.202 13 13 7 571 3
228.526 50.276 104.202 14 13 7 571 3
228.526 50.276 104.202 15 13 7 571 3
228.526 50.276 104.202 16 13 7 571 3
228.526 50.276 104.202 17 13 7 571 3
228.526 50.276 104.202 18 13 7 571 3
228.526 50.276 104.202 19 13 7 571 3
228.526 50.276 104.202 20 13 7 571 3
228.526 50.276 104.202 21 13 7 571 3
228.526 50.276 104.202 22 13 7 571 3
228.526 50.276 104.202 23 13 7 571 3
228.526 50.276 104.202 24 13 7 571 3
228.526 50.276 104.202 25 13 7 571 3
228.526 50.276 104.202 26 13 7 571 3
228.526 50.276 104.202 27 13 7 571 3
228.526 50.276 104.202 28 13 7 571 3
228.526 50.276 104.202 29 13 7 571 3
228.526 50.276 104.202 30 13 7 571 3
17.847 54.428 257.623 1 14 7 587 4
17.847 54.428 257.623 2 14 7 587 4
17.847 54.428 257.623 3 14 7 587 4
17.847 54.428 257.623 4 14 7 587 4
17.847 54.428 257.623 5 14 7 587 4
17.847 54.428 257.623 6 14 7 587 4
17.847 54.428 257.623 7 14 7 587 4
65.209 50.164 30.904 8 14 7 536 2
228.526 50.276 104.202 9 14 7 571 3
228.526 50.276 104.202 10 14 7 571 3
228.526 50.276 104.202 11 14 7 571 3
228.526 50.276 104.202 12 14 7 571 3
228.526 50.276 104.202 13 14 7 571 3
228.526 50.276 104.202 14 14 7 571 3
228.526 50.276 104.202 15 14 7 571 3
228.526 50.276 104.202 16 14 7 571 3
228.526 50.276 104.202 17 14 7 571 3
228.526 50.276 104.202 18 14 7 571 3
228.526 50.276 104.202 19 14 7 571 3
228.526 50.276 104.202 20 14 7 571 3
228.526 50.276 104.202 21 14 7 571 3
228.526 50.276 104.202 22 14 7 571 3
228.526 50.276 104.202 23 14 7 571 3
228.526 50.276 104.202 24 14 7 571 3
228.526 50.276 104.202 25 14 7 571 3
228.526 50.276 104.202 26 14 7 571 3
228.526 50.276 104.202 27 14 7 571 3
228.526 50.276 104.202 28 14 7 571 3
228.526 50.276 104.202 29 14 7 571 3
228.526 50.276 104.202 30 14 7 571 3
17.847 54.428 257.623 1 15 7 587 4
17.847 54.428 257.623 2 15 7 587 4
17.847 54.428 257.623 3 15 7 587 4
17.847 54.428 257.623 4 15 7 587 4
17.847 54.428 257.623 5 15 7 587 4
351.478 134.102 215.799 6 15 7 559 2
351.478 134.102 215.799 7 15 7 559 2
351.478 134.102 215.799 8 15 7 559 2
228.526 50.276 104.202 9 15 7 571 3
228.526 50.276 104.202 10 15 7 571 3
228.526 50.276 104.202 11 15 7 571 3
228.526 50.276 104.202 12 15 7 571 3
228.526 50.276 104.202 13 15 7 571 3
228.526 50.276 104.202 14 15 7 571 3
228.526 50.276 104.202 15 15 7 571 3
228.526 50.276 104.202 16 15 7 571 3
228.526 50.276 104.202 17 15 7 571 3
228.526 50.276 104.202 18 15 7 571 3
228.526 50.276 104.202 19 15 7 571 3
228.526 50.276 104.202 20 15 7 571 3
228.526 50.276 104.202 21 15 7 571 3
228.526 50.276 104.202 22 15 7 571 3
228.526 50.276 104.202 23 15 7 571 3
228.526 50.276 104.202 24 15 7 571 3
228.526 50.276 104.202 25 15 7 571 3
228.526 50.276 104.202 26 15 7 571 3
228.526 50.276 104.202 27 15 7 571 3
228.526 50.276 104.202 28 15 7 571 3
228.526 50.276 104.202 29 15 7 571 3
228.526 50.276 104.202 30 15 7 571 3
17.847 54.428 257.623 1 16 7 587 4
17.847 54.428 257.623 2 16 7 587 4
17.847 54.428 257.623 3 16 7 587 4
17.847 54.428 257.623 4 16 7 587 4
17.847 54.428 257.623 5 16 7 587 4
351.478 134.102 215.799 6 16 7 559 2
351.478 134.102 215.799 7 16 7 559 2
351.478 134.102 215.799 8 16 7 559 2
228.526 50.276 104.202 9 16 7 571 3
228.526 50.276 104.202 10 16 7 571 3
228.526 50.276 104.202 11 16 7 571 3
228.526 50.276 104.202 12 16 7 571 3
228.526 50.276 104.202 13 16 7 571 3
228.526 50.276 104.202 14 16 7 571 3
228.526 50.276 104.202 15 16 7 571 3
228.526 50.276 104.202 16 16 7 571 3
228.526 50.276 104.202 17 16 7 571 3
228.526 50.276 104.202 18 16 7 571 3
228.526 50.276 104.202 19 16 7 571 3
228.526 50.276 104.202 20 16 7 571 3
228.526 50.276 104.202 21 16 7 571 3
228.526 50.276 104.202 22 16 7 571 3
228.526 50.276 104.202 23 16 7 571 3
228.526 50.276 104.202 24 16 7 571 3
228.526 50.276 104.202 25 16 7 571 3
228.526 50.276 104.202 26 16 7 571 3
228.526 50.276 104.202 27 16 7 571 3
228.526 50.276 104.202 28 16 7 571 3
228.526 50.276 104.202 29 16 7 571 3
228.526 50.276 104.202 30 16 7 571 3
17.847 54.428 257.623 1 17 7 587 4
17.847 54.428 257.623 2 17 7 587 4
17.847 54.428 257.623 3 17 7 587 4
17.847 54.428 257.623 4 17 7 587 4
17.847 54.428 257.623 5 17 7 587 4
351.478 134.102 215.799 6 17 7 559 2
351.478 134.102 215.799 7 17 7 559 2
351.478 134.102 215.799 8 17 7 559 2
228.526 50.276 104.202 9 17 7 571 3
228.526 50.276 104.202 10 17 7 571 3
228.526 50.276 104.202 11 17 7 571 3
228.526 50.276 104.202 12 17 7 571 3
228.526 50.276 104.202 13 17 7 571 3
228.526 50.276 104.202 14 17 7 571 3
228.526 50.276 104.202 15 17 7 571 3
228.526 50.276 104.202 16 17 7 571 3
228.526 50.276 104.202 17 17 7 571 3
228.526 50.276 104.202 18 17 7 571 3
149.943 136.409 92.044 19 17 7 116 1
228.526 50.276 104.202 20 17 7 571 3
228.526 50.276 104.202 21 17 7 571 3
228.526 50.276 104.202 22 17 7 571 3
228.526 50.276 104.202 23 17 7 571 3
228.526 50.276 104.202 24 17 7 571 3
228.526 50.276 104.202 25 17 7 571 3
228.526 50.276 104.202 26 17 7 571 3
228.526 50.276 104.202 27 17 7 571 3
228.526 50.276 104.202 28 17 7 571 3
228.526 50.276 104.202 29 17 7 571 3
228.526 50.276 104.202 30 17 7 571 3
17.847 54.428 257.623 1 18 7 587 4
326.625 36.325 82.384 2 18 7 48 1
326.625 36.325 82.384 3 18 7 48 1
326.625 36.325 82.384 4 18 7 48 1
326.625 36.325 82.384 5 18 7 48 1
351.478 134.102 215.799 6 18 7 559 2
351.478 134.102 215.799 7 18 7 559 2
351.478 134.102 215.799 8 18 7 559 2
351.478 134.102 215.799 9 18 7 559 2
228.526 50.276 104.202 10 18 7 571 3
228.526 50.276 104.202 11 18 7 571 3
228.526 50.276 104.202 12 18 7 571 3
228.526 50.276 104.202 13 18 7 571 3
228.526 50.276 104.202 14 18 7 571 3
228.526 50.276 104.202 15 18 7 571 3
228.526 50.276 104.202 16 18 7 571 3
228.526 50.276 104.202 17 18 7 571 3
228.526 50.276 104.202 18 18 7 571 3
149.943 136.409 92.044 19 18 7 116 1
228.526 50.276 104.202 20 18 7 571 3
228.526 50.276 104.202 21 18 7 571 3
228.526 50.276 104.202 22 18 7 571 3
228.526 50.276 104.202 23 18 7 571 3
255.841 53.220 231.351 24 18 7 647 2
228.526 50.276 104.202 25 18 7 571 3
228.526 50.276 104.202 26 18 7 571 3
228.526 50.276 104.202 27 18 7 571 3
228.526 50.276 104.202 28 18 7 571 3
228.526 50.276 104.202 29 18 7 571 3
228.526 50.276 104.202 30 18 7 571 3
38.921 144.145 34.682 1 19 7 575 4
326.625 36.325 82.384 2 19 7 48 1
326.625 36.325 82.384 3 19 7 48 1
326.625 36.325 82.384 4 19 7 48 1
38.921 144.145 34.682 5 19 7 575 4
38.921 144.145 34.682 6 19 7 575 4
38.921 144.145 34.682 7 19 7 575 4
38.921 144.145 34.682 8 19 7 575 4
250.721 47.599 232.355 9 19 7 308 1
228.526 50.276 104.202 10 19 7 571 3
228.526 50.276 104.202 11 19 7 571 3
228.526 50.276 104.202 12 19 7 571 3
228.526 50.276 104.202 13 19 7 571 3
228.526 50.276 104.202 14 19 7 571 3
228.526 50.276 104.202 15 19 7 571 3
228.526 50.276 104.202 16 19 7 571 3
228.526 50.276 104.202 17 19 7 571 3
228.526 50.276 104.202 18 19 7 571 3
228.526 50.276 104.202 19 19 7 571 3
228.526 50.276 104.202 20 19 7 571 3
228.526 50.276 104.202 21 19 7 571 3
228.526 50.276 104.202 22 19 7 571 3
228.526 50.276 104.202 23 19 7 571 3
228.526 50.276 104.202 24 19 7 571 3
228.526 50.276 104.202 25 19 7 571 3
228.526 50.276 104.202 26 19 7 571 3
228.526 50.276 104.202 27 19 7 571 3
228.526 50.276 104.202 28 19 7 571 3
228.526 50.276 104.202 29 19 7 571 3
228.526 50.276 104.202 30 19 7 571 3
38.921 144.145 34.682 1 20 7 575 4
38.921 144.145 34.682 2 20 7 575 4
38.921 144.145 34.682 3 20 7 575 4
38.921 144.145 34.682 4 20 7 575 4
38.921 144.145 34.682 5 20 7 575 4
38.921 144.145 34.682 6 20 7 575 4
38.921 144.145 34.682 7 20 7 575 4
38.921 144.145 34.682 8 20 7 575 4
38.921 144.145 34.682 9 20 7 575 4
306.910 115.738 280.187 10 20 7 239 1
306.910 115.738 280.187 11 20 7 239 1
234.156 175.275 194.074 12 20 7 19 1
234.156 175.275 194.074 13 20 7 19 1
16.880 127.157 39.826 14 20 7 554 2
16.880 127.157 39.826 15 20 7 554 2
16.880 127.157 39.826 16 20 7 554 2
228.526 50.276 104.202 17 20 7 571 3
228.526 50.276 104.202 18 20 7 571 3
228.526 50.276 104.202 19 20 7 571 3
228.526 50.276 104.202 20 20 7 571 3
228.526 50.276 104.202 21 20 7 571 3
228.526 50.276 104.202 22 20 7 571 3
228.526 50.276 104.202 23 20 7 571 3
228.526 50.276 104.202 24 20 7 571 3
228.526 50.276 104.202 25 20 7 571 3
228.526 50.276 104.202 26 20 7 571 3
228.526 50.276 104.202 27 20 7 571 3
228.526 50.276 104.202 28 20 7 571 3
228.526 50.276 104.202 29 20 7 571 3
228.526 50.276 104.202 30 20 7 571 3
38.921 144.145 34.682 1 21 7 575 4
38.921 144.145 34.682 2 21 7 575 4
38.921 144.145 34.682 3 21 7 575 4
38.921 144.145 34.682 4 21 7 575 4
38.921 144.145 34.682 5 21 7 575 4
38.921 144.145 34.682 6 21 7 575 4
38.921 144.145 34.682 7 21 7 575 4
38.921 144.145 34.682 8 21 7 575 4
38.921 144.145 34.682 9 21 7 575 4
43.450 88.287 136.824 10 21 7 211 1
306.910 115.738 280.187 11 21 7 239 1
234.156 175.275 194.074 12 21 7 19 1
234.156 175.275 194.074 13 21 7 19 1
16.880 127.157 39.826 14 21 7 554 2
16.880 127.157 39.826 15 21 7 554 2
16.880 127.157 39.826 16 21 7 554 2
16.880 127.157 39.826 17 21 7 554 2
239.008 102.922 259.812 18 21 7 481 2
228.526 50.276 104.202 19 21 7 571 3
228.526 50.276 104.202 20 21 7 571 3
228.526 50.276 104.202 21 21 7 571 3
221.866 60.610 268.583 22 21 7 484 2
228.526 50.276 104.202 23 21 7 571 3
197.475 38.871 113.356 24 21 7 124 1
228.526 50.276 104.202 25 21 7 571 3
228.526 50.276 104.202 26 21 7 571 3
228.526 50.276 104.202 27 21 7 571 3
228.526 50.276 104.202 28 21 7 571 3
228.526 50.276 104.202 29 21 7 571 3
228.526 50.276 104.202 30 21 7 571 3
38.921 144.145 34.682 1 22 7 575 4
38.921 144.145 34.682 2 22 7 575 4
38.921 144.145 34.682 3 22 7 575 4
38.921 144.145 34.682 4 22 7 575 4
38.921 144.145 34.682 5 22 7 575 4
38.921 144.145 34.682 6 22 7 575 4
38.921 144.145 34.682 7 22 7 575 4
38.921 144.145 34.682 8 22 7 575 4
38.921 144.145 34.682 9 22 7 575 4
43.450 88.287 136.824 10 22 7 211 1
43.450 88.287 136.824 11 22 7 211 1
43.450 88.287 136.824 12 22 7 211 1
43.450 88.287 136.824 13 22 7 211 1
43.450 88.287 136.824 14 22 7 211 1
16.880 127.157 39.826 15 22 7 554 2
16.880 127.157 39.826 16 22 7 554 2
16.880 127.157 39.826 17 22 7 554 2
16.880 127.157 39.826 18 22 7 554 2
228.526 50.276 104.202 19 22 7 571 3
228.526 50.276 104.202 20 22 7 571 3
228.526 50.276 104.202 21 22 7 571 3
221.866 60.610 268.583 22 22 7 484 2
144.748 167.251 322.201 23 22 7 579 4
20.997 43.681 141.790 24 22 7 1 1
228.526 50.276 104.202 25 22 7 571 3
228.526 50.276 104.202 26 22 7 571 3
228.526 50.276 104.202 27 22 7 571 3
228.526 50.276 104.202 28 22 7 571 3
228.526 50.276 104.202 29 22 7 571 3
228.526 50.276 104.202 30 22 7 571 3
38.921 144.145 34.682 1 23 7 575 4
38.921 144.145 34.682 2 23 7 575 4
38.921 144.145 34.682 3 23 7 575 4
38.921 144.145 34.682 4 23 7 575 4
38.921 144.145 34.682 5 23 7 575 4
38.921 144.145 34.682 6 23 7 575 4
38.921 144.145 34.682 7 23 7 575 4
38.921 144.145 34.682 8 23 7 575 4
43.450 88.287 136.824 9 23 7 211 1
43.450 88.287 136.824 10 23 7 211 1
43.450 88.287 136.824 11 23 7 211 1
43.450 88.287 136.824 12 23 7 211 1
43.450 88.287 136.824 13 23 7 211 1
43.450 88.287 136.824 14 23 7 211 1
43.450 88.287 136.824 15 23 7 211 1
16.880 127.157 39.826 16 23 7 554 2
16.880 127.157 39.826 17 23 7 554 2
16.880 127.157 39.826 18 23 7 554 2
144.748 167.251 322.201 19 23 7 579 4
144.748 167.251 322.201 20 23 7 579 4
144.748 167.251 322.201 21 23 7 579 4
144.748 167.251 322.201 22 23 7 579 4
144.748 167.251 322.201 23 23 7 579 4
144.748 167.251 322.201 24 23 7 579 4
144.748 167.251 322.201 25 23 7 579 4
144.748 167.251 322.201 26 23 7 579 4
144.748 167.251 322.201 27 23 7 579 4
301.595 50.333 332.059 28 23 7 128 1
228.526 50.276 104.202 29 23 7 571 3
228.526 50.276 104.202 30 23 7 571 3
38.921 144.145 34.682 1 24 7 575 4
38.921 144.145 34.682 2 24 7 575 4
38.921 144.145 34.682 3 24 7 575 4
38.921 144.145 34.682 4 24 7 575 4
38.921 144.145 34.682 5 24 7 575 4
38.921 144.145 34.682 6 24 7 575 4
38.921 144.145 34.682 7 24 7 575 4
38.921 144.145 34.682 8 24 7 575 4
43.450 88.287 136.824 9 24 7 211 1
43.450 88.287 136.824 10 24 7 211 1
43.450 88.287 136.824 11 24 7 211 1
43.450 88.287 136.824 12 24 7 211 1
43.450 88.287 136.824 13 24 7 211 1
43.450 88.287 136.824 14 24 7 211 1
43.450 88.287 136.824 15 24 7 211 1
16.880 127.157 39.826 16 24 7 554 2
16.880 127.157 39.826 17 24 7 554 2
16.880 127.157 39.826 18 24 7 554 2
144.748 167.251 322.201 19 24 7 579 4
144.748 167.251 322.201 20 24 7 579 4
144.748 167.251 322.201 21 24 7 579 4
144.748 167.251 322.201 22 24 7 579 4
144.748 167.251 322.201 23 24 7 579 4
144.748 167.251 322.201 24 24 7 579 4
144.748 167.251 322.201 25 24 7 579 4
144.748 167.251 322.201 26 24 7 579 4
144.748 167.251 322.201 27 24 7 579 4
301.595 50.333 332.059 28 24 7 128 1
301.595 50.333 332.059 29 24 7 128 1
228.526 50.276 104.202 30 24 7 571 3
80.957 161.770 24.449 1 25 7 580 4
38.921 144.145 34.682 2 25 7 575 4
38.921 144.145 34.682 3 25 7 575 4
38.921 144.145 34.682 4 25 7 575 4
38.921 144.145 34.682 5 25 7 575 4
38.921 144.145 34.682 6 25 7 575 4
38.921 144.145 34.682 7 25 7 575 4
38.921 144.145 34.682 8 25 7 575 4
43.450 88.287 136.824 9 25 7 211 1
43.450 88.287 136.824 10 25 7 211 1
43.450 88.287 136.824 11 25 7 211 1
43.450 88.287 136.824 12 25 7 211 1
43.450 88.287 136.824 13 25 7 211 1
43.450 88.287 136.824 14 25 7 211 1
43.450 88.287 136.824 15 25 7 211 1
43.450 88.287 136.824 16 25 7 211 1
16.880 127.157 39.826 17 25 7 554 2
144.748 167.251 322.201 18 25 7 579 4
144.748 167.251 322.201 19 25 7 579 4
144.748 167.251 322.201 20 25 7 579 4
144.748 167.251 322.201 21 25 7 579 4
144.748 167.251 322.201 22 25 7 579 4
144.748 167.251 322.201 23 25 7 579 4
144.748 167.251 322.201 24 25 7 579 4
144.748 167.251 322.201 25 25 7 579 4
144.748 167.251 322.201 26 25 7 579 4
301.595 50.333 332.059 27 25 7 128 1
301.595 50.333 332.059 28 25 7 128 1
301.595 50.333 332.059 29 25 7 128 1
301.595 50.333 332.059 30 25 7 128 1
80.957 161.770 24.449 1 26 7 580 4
80.957 161.770 24.449 2 26 7 580 4
38.921 144.145 34.682 3 26 7 575 4
38.921 144.145 34.682 4 26 7 575 4
38.921 144.145 34.682 5 26 7 575 4
38.921 144.145 34.682 6 26 7 575 4
38.921 144.145 34.682 7 26 7 575 4
38.921 144.145 34.682 8 26 7 575 4
43.450 88.287 136.824 9 26 7 211 1
43.450 88.287 136.824 10 26 7 211 1
43.450 88.287 136.824 11 26 7 211 1
43.450 88.287 136.824 12 26 7 211 1
43.450 88.287 136.824 13 26 7 211 1
43.450 88.287 136.824 14 26 7 211 1
43.450 88.287 136.824 15 26 7 211 1
43.450 88.287 136.824 16 26 7 211 1
144.748 167.251 322.201 17 26 7 579 4
144.748 167.251 322.201 18 26 7 579 4
144.748 167.251 322.201 19 26 7 579 4
144.748 167.251 322.201 20 26 7 579 4
144.748 167.251 322.201 21 26 7 579 4
144.748 167.251 322.201 22 26 7 579 4
144.748 167.251 322.201 23 26 7 579 4
144.748 167.251 322.201 24 26 7 579 4
144.748 167.251 322.201 25 26 7 579 4
144.748 167.251 322.201 26 26 7 579 4
301.595 50.333 332.059 27 26 7 128 1
301.595 50.333 332.059 28 26 7 128 1
301.595 50.333 332.059 29 26 7 128 1
301.595 50.333 332.059 30 26 7 128 1
80.957 161.770 24.449 1 27 7 580 4
80.957 161.770 24.449 2 27 7 580 4
80.957 161.770 24.449 3 27 7 580 4
38.921 144.145 34.682 4 27 7 575 4
38.921 144.145 34.682 5 27 7 575 4
38.921 144.145 34.682 6 27 7 575 4
38.921 144.145 34.682 7 27 7 575 4
38.921 144.145 34.682 8 27 7 575 4
43.450 88.287 136.824 9 27 7 211 1
43.450 88.287 136.824 10 27 7 211 1
43.450 88.287 136.824 11 27 7 211 1
43.450 88.287 136.824 12 27 7 211 1
43.450 88.287 136.824 13 27 7 211 1
43.450 88.287 136.824 14 27 7 211 1
24.096 32.817 230.721 15 27 7 471 2
24.096 32.817 230.721 16 27 7 471 2
144.748 167.251 322.201 17 27 7 579 4
144.748 167.251 322.201 18 27 7 579 4
144.748 167.251 322.201 19 27 7 579 4
144.748 167.251 322.201 20 27 7 579 4
144.748 167.251 322.201 21 27 7 579 4
144.748 167.251 322.201 22 27 7 579 4
144.748 167.251 322.201 23 27 7 579 4
144.748 167.251 322.201 24 27 7 579 4
144.748 167.251 322.201 25 27 7 579 4
144.748 167.251 322.201 26 27 7 579 4
144.748 167.251 322.201 27 27 7 579 4
144.748 167.251 322.201 28 27 7 579 4
144.748 167.251 322.201 29 27 7 579 4
144.748 167.251 322.201 30 27 7 579 4
80.957 161.770 24.449 1 28 7 580 4
80.957 161.770 24.449 2 28 7 580 4
80.957 161.770 24.449 3 28 7 580 4
80.957 161.770 24.449 4 28 7 580 4
38.921 144.145 34.682 5 28 7 575 4
38.921 144.145 34.682 6 28 7 575 4
95.598 99.281 113.432 7 28 7 561 2
95.598 99.281 113.432 8 28 7 561 2
43.450 88.287 136.824 9 28 7 211 1
43.450 88.287 136.824 10 28 7 211 1
87.259 129.436 156.592 11 28 7 427 1
87.259 129.436 156.592 12 28 7 427 1
87.259 129.436 156.592 13 28 7 427 1
24.096 32.817 230.721 14 28 7 471 2
24.096 32.817 230.721 15 28 7 471 2
24.096 32.817 230.721 16 28 7 471 2
53.429 20.362 231.541 17 28 7 526 2
53.429 20.362 231.541 18 28 7 526 2
53.429 20.362 231.541 19 28 7 526 2
53.429 20.362 231.541 20 28 7 526 2
98.247 77.896 39.078 21 28 7 79 1
98.247 77.896 39.078 22 28 7 79 1
144.748 167.251 322.201 23 28 7 579 4
144.748 167.251 322.201 24 28 7 579 4
144.748 167.251 322.201 25 28 7 579 4
144.748 167.251 322.201 26 28 7 579 4
144.748 167.251 322.201 27 28 7 579 4
144.748 167.251 322.201 28 28 7 579 4
278.174 75.616 134.068 29 28 7 347 1
278.174 75.616 134.068 30 28 7 347 1
80.957 161.770 24.449 1 29 7 580 4
80.957 161.770 24.449 2 29 7 580 4
80.957 161.770 24.449 3 29 7 580 4
80.957 161.770 24.449 4 29 7 580 4
95.598 99.281 113.432 5 29 7 561 2
95.598 99.281 113.432 6 29 7 561 2
95.598 99.281 113.432 7 29 7 561 2
95.598 99.281 113.432 8 29 7 561 2
14.760 107.433 232.019 9 29 7 336 1
87.259 129.436 156.592 10 29 7 427 1
87.259 129.436 156.592 11 29 7 427 1
87.259 129.436 156.592 12 29 7 427 1
87.259 129.436 156.592 13 29 7 427 1
87.259 129.436 156.592 14 29 7 427 1
24.096 32.817 230.721 15 29 7 471 2
24.096 32.817 230.721 16 29 7 471 2
53.429 20.362 231.541 17 29 7 526 2
53.429 20.362 231.541 18 29 7 526 2
53.429 20.362 231.541 19 29 7 526 2
53.429 20.362 231.541 20 29 7 526 2
98.247 77.896 39.078 21 29 7 79 1
98.247 77.896 39.078 22 29 7 79 1
98.247 77.896 39.078 23 29 7 79 1
144.748 167.251 322.201 24 29 7 579 4
144.748 167.251 322.201 25 29 7 579 4
144.748 167.251 322.201 26 29 7 579 4
144.748 167.251 322.201 27 29 7 579 4
278.174 75.616 134.068 28 29 7 347 1
278.174 75.616 134.068 29 29 7 347 1
278.174 75.616 134.068 30 29 7 347 1
80.957 161.770 24.449 1 30 7 580 4
80.957 161.770 24.449 2 30 7 580 4
267.715 135.781 115.540 3 30 7 485 2
267.715 135.781 115.540 4 30 7 485 2
267.715 135.781 115.540 5 30 7 485 2
95.598 99.281 113.432 6 30 7 561 2
95.598 99.281 113.432 7 30 7 561 2
95.598 99.281 113.432 8 30 7 561 2
14.760 107.433 232.019 9 30 7 336 1
87.259 129.436 156.592 10 30 7 427 1
87.259 129.436 156.592 11 30 7 427 1
87.259 129.436 156.592 12 30 7 427 1
87.259 129.436 156.592 13 30 7 427 1
87.259 129.436 156.592 14 30 7 427 1
24.096 32.817 230.721 15 30 7 471 2
53.429 20.362 231.541 16 30 7 526 2
53.429 20.362 231.541 17 30 7 526 2
53.429 20.362 231.541 18 30 7 526 2
53.429 20.362 231.541 19 30 7 526 2
53.429 20.362 231.541 20 30 7 526 2
53.429 20.362 231.541 21 30 7 526 2
98.247 77.896 39.078 22 30 7 79 1
98.247 77.896 39.078 23 30 7 79 1
144.748 167.251 322.201 24 30 7 579 4
144.748 167.251 322.201 25 30 7 579 4
31.561 90.883 256.079 26 30 7 433 1
31.561 90.883 256.079 27 30 7 433 1
278.174 75.616 134.068 28 30 7 347 1
278.174 75.616 134.068 29 30 7 347 1
278.174 75.616 134.068 30 30 7 347 1
