17.847 54.428 257.623 1 1 5 587 4
17.847 54.428 257.623 2 1 5 587 4
17.847 54.428 257.623 3 1 5 587 4
17.847 54.428 257.623 4 1 5 587 4
146.520 119.755 26.741 5 1 5 340 1
146.520 119.755 26.741 6 1 5 340 1
141.200 49.091 229.468 7 1 5 486 2
141.200 49.091 229.468 8 1 5 486 2
25.999 28.172 123.131 9 1 5 564 2
25.999 28.172 123.131 10 1 5 564 2
161.376 90.429 9.324 11 1 5 482 2
161.376 90.429 9.324 12 1 5 482 2
161.376 90.429 9.324 13 1 5 482 2
161.376 90.429 9.324 14 1 5 482 2
161.376 90.429 9.324 15 1 5 482 2
161.376 90.429 9.324 16 1 5 482 2
209.120 61.882 102.162 17 1 5 382 1
202.061 84.583 184.257 18 1 5 573 4
202.061 84.583 184.257 19 1 5 573 4
202.061 84.583 184.257 20 1 5 573 4
202.061 84.583 184.257 21 1 5 573 4
202.061 84.583 184.257 22 1 5 573 4
202.061 84.583 184.257 23 1 5 573 4
342.949 107.511 97.225 24 1 5 632 2
342.949 107.511 97.225 25 1 5 632 2
342.949 107.511 97.225 26 1 5 632 2
206.248 147.349 322.488 27 1 5 581 4
206.248 147.349 322.488 28 1 5 581 4
206.248 147.349 322.488 29 1 5 581 4
206.248 147.349 322.488 30 1 5 581 4
17.847 54.428 257.623 1 2 5 587 4
17.847 54.428 257.623 2 2 5 587 4
17.847 54.428 257.623 3 2 5 587 4
146.520 119.755 26.741 4 2 5 340 1
146.520 119.755 26.741 5 2 5 340 1
146.520 119.755 26.741 6 2 5 340 1
141.200 49.091 229.468 7 2 5 486 2
141.200 49.091 229.468 8 2 5 486 2
25.999 28.172 123.131 9 2 5 564 2
25.999 28.172 123.131 10 2 5 564 2
87.366 66.084 172.814 11 2 5 72 1
87.366 66.084 172.814 12 2 5 72 1
87.366 66.084 172.814 13 2 5 72 1
87.366 66.084 172.814 14 2 5 72 1
161.376 90.429 9.324 15 2 5 482 2
161.376 90.429 9.324 16 2 5 482 2
209.120 61.882 102.162 17 2 5 382 1
209.120 61.882 102.162 18 2 5 382 1
209.120 61.882 102.162 19 2 5 382 1
202.061 84.583 184.257 20 2 5 573 4
202.061 84.583 184.257 21 2 5 573 4
202.061 84.583 184.257 22 2 5 573 4
202.061 84.583 184.257 23 2 5 573 4
202.061 84.583 184.257 24 2 5 573 4
342.949 107.511 97.225 25 2 5 632 2
206.248 147.349 322.488 26 2 5 581 4
206.248 147.349 322.488 27 2 5 581 4
206.248 147.349 322.488 28 2 5 581 4
206.248 147.349 322.488 29 2 5 581 4
206.248 147.349 322.488 30 2 5 581 4
17.847 54.428 257.623 1 3 5 587 4
17.847 54.428 257.623 2 3 5 587 4
81.590 42.420 203.329 3 3 5 381 1
17.847 54.428 257.623 4 3 5 587 4
17.847 54.428 257.623 5 3 5 587 4
17.847 54.428 257.623 6 3 5 587 4
17.847 54.428 257.623 7 3 5 587 4
25.999 28.172 123.131 8 3 5 564 2
25.999 28.172 123.131 9 3 5 564 2
25.999 28.172 123.131 10 3 5 564 2
25.999 28.172 123.131 11 3 5 564 2
161.376 90.429 9.324 12 3 5 482 2
161.376 90.429 9.324 13 3 5 482 2
161.376 90.429 9.324 14 3 5 482 2
161.376 90.429 9.324 15 3 5 482 2
161.376 90.429 9.324 16 3 5 482 2
209.120 61.882 102.162 17 3 5 382 1
209.120 61.882 102.162 18 3 5 382 1
209.120 61.882 102.162 19 3 5 382 1
202.061 84.583 184.257 20 3 5 573 4
202.061 84.583 184.257 21 3 5 573 4
202.061 84.583 184.257 22 3 5 573 4
202.061 84.583 184.257 23 3 5 573 4
202.061 84.583 184.257 24 3 5 573 4
202.061 84.583 184.257 25 3 5 573 4
206.248 147.349 322.488 26 3 5 581 4
206.248 147.349 322.488 27 3 5 581 4
206.248 147.349 322.488 28 3 5 581 4
206.248 147.349 322.488 29 3 5 581 4
206.248 147.349 322.488 30 3 5 581 4
17.847 54.428 257.623 1 4 5 587 4
17.847 54.428 257.623 2 4 5 587 4
81.590 42.420 203.329 3 4 5 381 1
17.847 54.428 257.623 4 4 5 587 4
17.847 54.428 257.623 5 4 5 587 4
17.847 54.428 257.623 6 4 5 587 4
17.847 54.428 257.623 7 4 5 587 4
321.771 129.178 74.088 8 4 5 442 1
321.771 129.178 74.088 9 4 5 442 1
69.775 31.709 94.552 10 4 5 398 1
297.810 76.412 288.114 11 4 5 535 2
297.810 76.412 288.114 12 4 5 535 2
297.810 76.412 288.114 13 4 5 535 2
161.376 90.429 9.324 14 4 5 482 2
161.376 90.429 9.324 15 4 5 482 2
161.376 90.429 9.324 16 4 5 482 2
209.120 61.882 102.162 17 4 5 382 1
209.120 61.882 102.162 18 4 5 382 1
209.120 61.882 102.162 19 4 5 382 1
202.061 84.583 184.257 20 4 5 573 4
202.061 84.583 184.257 21 4 5 573 4
202.061 84.583 184.257 22 4 5 573 4
202.061 84.583 184.257 23 4 5 573 4
202.061 84.583 184.257 24 4 5 573 4
17.495 54.284 331.715 25 4 5 503 2
206.248 147.349 322.488 26 4 5 581 4
206.248 147.349 322.488 27 4 5 581 4
206.248 147.349 322.488 28 4 5 581 4
206.248 147.349 322.488 29 4 5 581 4
206.248 147.349 322.488 30 4 5 581 4
17.847 54.428 257.623 1 5 5 587 4
17.847 54.428 257.623 2 5 5 587 4
17.847 54.428 257.623 3 5 5 587 4
17.847 54.428 257.623 4 5 5 587 4
17.847 54.428 257.623 5 5 5 587 4
17.847 54.428 257.623 6 5 5 587 4
17.847 54.428 257.623 7 5 5 587 4
321.771 129.178 74.088 8 5 5 442 1
321.771 129.178 74.088 9 5 5 442 1
321.771 129.178 74.088 10 5 5 442 1
321.771 129.178 74.088 11 5 5 442 1
297.810 76.412 288.114 12 5 5 535 2
297.810 76.412 288.114 13 5 5 535 2
161.376 90.429 9.324 14 5 5 482 2
161.376 90.429 9.324 15 5 5 482 2
161.376 90.429 9.324 16 5 5 482 2
224.302 51.123 338.795 17 5 5 205 1
224.302 51.123 338.795 18 5 5 205 1
224.302 51.123 338.795 19 5 5 205 1
202.061 84.583 184.257 20 5 5 573 4
202.061 84.583 184.257 21 5 5 573 4
202.061 84.583 184.257 22 5 5 573 4
202.061 84.583 184.257 23 5 5 573 4
202.061 84.583 184.257 24 5 5 573 4
17.495 54.284 331.715 25 5 5 503 2
182.034 120.239 167.690 26 5 5 190 1
206.248 147.349 322.488 27 5 5 581 4
206.248 147.349 322.488 28 5 5 581 4
206.248 147.349 322.488 29 5 5 581 4
206.248 147.349 322.488 30 5 5 581 4
17.847 54.428 257.623 1 6 5 587 4
17.847 54.428 257.623 2 6 5 587 4
17.847 54.428 257.623 3 6 5 587 4
17.847 54.428 257.623 4 6 5 587 4
17.847 54.428 257.623 5 6 5 587 4
17.847 54.428 257.623 6 6 5 587 4
17.847 54.428 257.623 7 6 5 587 4
221.509 126.365 150.639 8 6 5 410 1
321.771 129.178 74.088 9 6 5 442 1
321.771 129.178 74.088 10 6 5 442 1
297.810 76.412 288.114 11 6 5 535 2
297.810 76.412 288.114 12 6 5 535 2
297.810 76.412 288.114 13 6 5 535 2
297.810 76.412 288.114 14 6 5 535 2
161.376 90.429 9.324 15 6 5 482 2
161.376 90.429 9.324 16 6 5 482 2
224.302 51.123 338.795 17 6 5 205 1
224.302 51.123 338.795 18 6 5 205 1
224.302 51.123 338.795 19 6 5 205 1
52.575 102.129 9.511 20 6 5 470 2
52.575 102.129 9.511 21 6 5 470 2
52.575 102.129 9.511 22 6 5 470 2
202.061 84.583 184.257 23 6 5 573 4
202.061 84.583 184.257 24 6 5 573 4
202.061 84.583 184.257 25 6 5 573 4
182.034 120.239 167.690 26 6 5 190 1
182.034 120.239 167.690 27 6 5 190 1
206.248 147.349 322.488 28 6 5 581 4
206.248 147.349 322.488 29 6 5 581 4
206.248 147.349 322.488 30 6 5 581 4
17.847 54.428 257.623 1 7 5 587 4
17.847 54.428 257.623 2 7 5 587 4
17.847 54.428 257.623 3 7 5 587 4
17.847 54.428 257.623 4 7 5 587 4
17.847 54.428 257.623 5 7 5 587 4
17.847 54.428 257.623 6 7 5 587 4
17.847 54.428 257.623 7 7 5 587 4
71.853 107.832 186.486 8 7 5 483 2
71.853 107.832 186.486 9 7 5 483 2
71.853 107.832 186.486 10 7 5 483 2
297.810 76.412 288.114 11 7 5 535 2
297.810 76.412 288.114 12 7 5 535 2
297.810 76.412 288.114 13 7 5 535 2
297.810 76.412 288.114 14 7 5 535 2
161.376 90.429 9.324 15 7 5 482 2
161.376 90.429 9.324 16 7 5 482 2
224.302 51.123 338.795 17 7 5 205 1
224.302 51.123 338.795 18 7 5 205 1
52.575 102.129 9.511 19 7 5 470 2
52.575 102.129 9.511 20 7 5 470 2
52.575 102.129 9.511 21 7 5 470 2
52.575 102.129 9.511 22 7 5 470 2
202.061 84.583 184.257 23 7 5 573 4
202.061 84.583 184.257 24 7 5 573 4
202.061 84.583 184.257 25 7 5 573 4
202.061 84.583 184.257 26 7 5 573 4
182.034 120.239 167.690 27 7 5 190 1
182.034 120.239 167.690 28 7 5 190 1
206.248 147.349 322.488 29 7 5 581 4
206.248 147.349 322.488 30 7 5 581 4
17.847 54.428 257.623 1 8 5 587 4
17.847 54.428 257.623 2 8 5 587 4
17.847 54.428 257.623 3 8 5 587 4
17.847 54.428 257.623 4 8 5 587 4
17.847 54.428 257.623 5 8 5 587 4
17.847 54.428 257.623 6 8 5 587 4
17.847 54.428 257.623 7 8 5 587 4
71.853 107.832 186.486 8 8 5 483 2
135.775 18.118 80.478 9 8 5 613 1
135.775 18.118 80.478 10 8 5 613 1
297.810 76.412 288.114 11 8 5 535 2
297.810 76.412 288.114 12 8 5 535 2
297.810 76.412 288.114 13 8 5 535 2
297.810 76.412 288.114 14 8 5 535 2
297.810 76.412 288.114 15 8 5 535 2
297.810 76.412 288.114 16 8 5 535 2
315.288 80.977 153.025 17 8 5 620 1
315.288 80.977 153.025 18 8 5 620 1
315.288 80.977 153.025 19 8 5 620 1
52.575 102.129 9.511 20 8 5 470 2
52.575 102.129 9.511 21 8 5 470 2
242.164 54.327 337.036 22 8 5 385 1
202.061 84.583 184.257 23 8 5 573 4
202.061 84.583 184.257 24 8 5 573 4
202.061 84.583 184.257 25 8 5 573 4
202.061 84.583 184.257 26 8 5 573 4
202.061 84.583 184.257 27 8 5 573 4
64.574 100.251 169.420 28 8 5 543 2
244.500 31.705 21.698 29 8 5 133 1
244.500 31.705 21.698 30 8 5 133 1
17.847 54.428 257.623 1 9 5 587 4
17.847 54.428 257.623 2 9 5 587 4
17.847 54.428 257.623 3 9 5 587 4
17.847 54.428 257.623 4 9 5 587 4
17.847 54.428 257.623 5 9 5 587 4
17.847 54.428 257.623 6 9 5 587 4
351.478 134.102 215.799 7 9 5 559 2
351.478 134.102 215.799 8 9 5 559 2
135.775 18.118 80.478 9 9 5 613 1
135.775 18.118 80.478 10 9 5 613 1
297.810 76.412 288.114 11 9 5 535 2
297.810 76.412 288.114 12 9 5 535 2
297.810 76.412 288.114 13 9 5 535 2
297.810 76.412 288.114 14 9 5 535 2
297.810 76.412 288.114 15 9 5 535 2
297.810 76.412 288.114 16 9 5 535 2
315.288 80.977 153.025 17 9 5 620 1
315.288 80.977 153.025 18 9 5 620 1
315.288 80.977 153.025 19 9 5 620 1
100.707 17.508 275.840 20 9 5 518 2
91.400 76.938 296.600 21 9 5 86 1
91.400 76.938 296.600 22 9 5 86 1
202.061 84.583 184.257 23 9 5 573 4
202.061 84.583 184.257 24 9 5 573 4
202.061 84.583 184.257 25 9 5 573 4
202.061 84.583 184.257 26 9 5 573 4
202.061 84.583 184.257 27 9 5 573 4
121.250 60.963 325.030 28 9 5 502 2
244.500 31.705 21.698 29 9 5 133 1
244.500 31.705 21.698 30 9 5 133 1
17.847 54.428 257.623 1 10 5 587 4
17.847 54.428 257.623 2 10 5 587 4
17.847 54.428 257.623 3 10 5 587 4
17.847 54.428 257.623 4 10 5 587 4
17.847 54.428 257.623 5 10 5 587 4
351.478 134.102 215.799 6 10 5 559 2
351.478 134.102 215.799 7 10 5 559 2
351.478 134.102 215.799 8 10 5 559 2
351.478 134.102 215.799 9 10 5 559 2
4.843 110.528 338.233 10 10 5 541 2
4.843 110.528 338.233 11 10 5 541 2
297.810 76.412 288.114 12 10 5 535 2
297.810 76.412 288.114 13 10 5 535 2
297.810 76.412 288.114 14 10 5 535 2
315.603 139.812 204.757 15 10 5 510 2
228.526 50.276 104.202 16 10 5 571 3
228.526 50.276 104.202 17 10 5 571 3
35.892 62.987 37.906 18 10 5 500 2
100.707 17.508 275.840 19 10 5 518 2
100.707 17.508 275.840 20 10 5 518 2
91.400 76.938 296.600 21 10 5 86 1
91.400 76.938 296.600 22 10 5 86 1
202.061 84.583 184.257 23 10 5 573 4
202.061 84.583 184.257 24 10 5 573 4
202.061 84.583 184.257 25 10 5 573 4
202.061 84.583 184.257 26 10 5 573 4
121.250 60.963 325.030 27 10 5 502 2
121.250 60.963 325.030 28 10 5 502 2
121.250 60.963 325.030 29 10 5 502 2
121.250 60.963 325.030 30 10 5 502 2
17.847 54.428 257.623 1 11 5 587 4
17.847 54.428 257.623 2 11 5 587 4
17.847 54.428 257.623 3 11 5 587 4
17.847 54.428 257.623 4 11 5 587 4
17.847 54.428 257.623 5 11 5 587 4
351.478 134.102 215.799 6 11 5 559 2
351.478 134.102 215.799 7 11 5 559 2
351.478 134.102 215.799 8 11 5 559 2
351.478 134.102 215.799 9 11 5 559 2
351.478 134.102 215.799 10 11 5 559 2
4.843 110.528 338.233 11 11 5 541 2
4.843 110.528 338.233 12 11 5 541 2
228.526 50.276 104.202 13 11 5 571 3
228.526 50.276 104.202 14 11 5 571 3
228.526 50.276 104.202 15 11 5 571 3
228.526 50.276 104.202 16 11 5 571 3
228.526 50.276 104.202 17 11 5 571 3
35.892 62.987 37.906 18 11 5 500 2
228.526 50.276 104.202 19 11 5 571 3
100.707 17.508 275.840 20 11 5 518 2
91.400 76.938 296.600 21 11 5 86 1
231.814 28.506 288.090 22 11 5 424 1
228.526 50.276 104.202 23 11 5 571 3
228.526 50.276 104.202 24 11 5 571 3
228.526 50.276 104.202 25 11 5 571 3
121.250 60.963 325.030 26 11 5 502 2
121.250 60.963 325.030 27 11 5 502 2
121.250 60.963 325.030 28 11 5 502 2
121.250 60.963 325.030 29 11 5 502 2
129.783 37.284 156.732 30 11 5 103 1
17.847 54.428 257.623 1 12 5 587 4
17.847 54.428 257.623 2 12 5 587 4
17.847 54.428 257.623 3 12 5 587 4
17.847 54.428 257.623 4 12 5 587 4
17.847 54.428 257.623 5 12 5 587 4
351.478 134.102 215.799 6 12 5 559 2
351.478 134.102 215.799 7 12 5 559 2
351.478 134.102 215.799 8 12 5 559 2
351.478 134.102 215.799 9 12 5 559 2
351.478 134.102 215.799 10 12 5 559 2
228.526 50.276 104.202 11 12 5 571 3
228.526 50.276 104.202 12 12 5 571 3
228.526 50.276 104.202 13 12 5 571 3
228.526 50.276 104.202 14 12 5 571 3
228.526 50.276 104.202 15 12 5 571 3
228.526 50.276 104.202 16 12 5 571 3
228.526 50.276 104.202 17 12 5 571 3
35.892 62.987 37.906 18 12 5 500 2
228.526 50.276 104.202 19 12 5 571 3
228.526 50.276 104.202 20 12 5 571 3
228.526 50.276 104.202 21 12 5 571 3
231.814 28.506 288.090 22 12 5 424 1
228.526 50.276 104.202 23 12 5 571 3
228.526 50.276 104.202 24 12 5 571 3
228.526 50.276 104.202 25 12 5 571 3
228.526 50.276 104.202 26 12 5 571 3
228.526 50.276 104.202 27 12 5 571 3
228.526 50.276 104.202 28 12 5 571 3
158.197 76.986 200.134 29 12 5 115 1
228.526 50.276 104.202 30 12 5 571 3
17.847 54.428 257.623 1 13 5 587 4
17.847 54.428 257.623 2 13 5 587 4
17.847 54.428 257.623 3 13 5 587 4
17.847 54.428 257.623 4 13 5 587 4
351.478 134.102 215.799 5 13 5 559 2
351.478 134.102 215.799 6 13 5 559 2
351.478 134.102 215.799 7 13 5 559 2
351.478 134.102 215.799 8 13 5 559 2
351.478 134.102 215.799 9 13 5 559 2
4.145 83.079 52.130 10 13 5 576 4
4.145 83.079 52.130 11 13 5 576 4
80.044 106.772 99.750 12 13 5 217 1
228.526 50.276 104.202 13 13 5 571 3
228.526 50.276 104.202 14 13 5 571 3
228.526 50.276 104.202 15 13 5 571 3
228.526 50.276 104.202 16 13 5 571 3
228.526 50.276 104.202 17 13 5 571 3
35.892 62.987 37.906 18 13 5 500 2
228.526 50.276 104.202 19 13 5 571 3
303.949 62.105 178.000 20 13 5 149 1
228.526 50.276 104.202 21 13 5 571 3
228.526 50.276 104.202 22 13 5 571 3
228.526 50.276 104.202 23 13 5 571 3
228.526 50.276 104.202 24 13 5 571 3
228.526 50.276 104.202 25 13 5 571 3
228.526 50.276 104.202 26 13 5 571 3
228.526 50.276 104.202 27 13 5 571 3
228.526 50.276 104.202 28 13 5 571 3
158.197 76.986 200.134 29 13 5 115 1
228.526 50.276 104.202 30 13 5 571 3
17.847 54.428 257.623 1 14 5 587 4
17.847 54.428 257.623 2 14 5 587 4
17.847 54.428 257.623 3 14 5 587 4
17.847 54.428 257.623 4 14 5 587 4
351.478 134.102 215.799 5 14 5 559 2
351.478 134.102 215.799 6 14 5 559 2
351.478 134.102 215.799 7 14 5 559 2
351.478 134.102 215.799 8 14 5 559 2
351.478 134.102 215.799 9 14 5 559 2
4.145 83.079 52.130 10 14 5 576 4
4.145 83.079 52.130 11 14 5 576 4
228.526 50.276 104.202 12 14 5 571 3
228.526 50.276 104.202 13 14 5 571 3
228.526 50.276 104.202 14 14 5 571 3
228.526 50.276 104.202 15 14 5 571 3
228.526 50.276 104.202 16 14 5 571 3
228.526 50.276 104.202 17 14 5 571 3
228.526 50.276 104.202 18 14 5 571 3
228.526 50.276 104.202 19 14 5 571 3
228.526 50.276 104.202 20 14 5 571 3
228.526 50.276 104.202 21 14 5 571 3
103.554 100.968 111.422 22 14 5 134 1
228.526 50.276 104.202 23 14 5 571 3
228.526 50.276 104.202 24 14 5 571 3
228.526 50.276 104.202 25 14 5 571 3
228.526 50.276 104.202 26 14 5 571 3
228.526 50.276 104.202 27 14 5 571 3
228.526 50.276 104.202 28 14 5 571 3
228.526 50.276 104.202 29 14 5 571 3
228.526 50.276 104.202 30 14 5 571 3
17.847 54.428 257.623 1 15 5 587 4
17.847 54.428 257.623 2 15 5 587 4
17.847 54.428 257.623 3 15 5 587 4
351.478 134.102 215.799 4 15 5 559 2
351.478 134.102 215.799 5 15 5 559 2
351.478 134.102 215.799 6 15 5 559 2
351.478 134.102 215.799 7 15 5 559 2
351.478 134.102 215.799 8 15 5 559 2
351.478 134.102 215.799 9 15 5 559 2
4.145 83.079 52.130 10 15 5 576 4
4.145 83.079 52.130 11 15 5 576 4
63.163 120.959 230.686 12 15 5 171 1
228.526 50.276 104.202 13 15 5 571 3
228.526 50.276 104.202 14 15 5 571 3
228.526 50.276 104.202 15 15 5 571 3
228.526 50.276 104.202 16 15 5 571 3
228.526 50.276 104.202 17 15 5 571 3
228.526 50.276 104.202 18 15 5 571 3
228.526 50.276 104.202 19 15 5 571 3
228.526 50.276 104.202 20 15 5 571 3
228.526 50.276 104.202 21 15 5 571 3
228.526 50.276 104.202 22 15 5 571 3
228.526 50.276 104.202 23 15 5 571 3
228.526 50.276 104.202 24 15 5 571 3
228.526 50.276 104.202 25 15 5 571 3
228.526 50.276 104.202 26 15 5 571 3
228.526 50.276 104.202 27 15 5 571 3
228.526 50.276 104.202 28 15 5 571 3
228.526 50.276 104.202 29 15 5 571 3
228.526 50.276 104.202 30 15 5 571 3
17.847 54.428 257.623 1 16 5 587 4
223.512 106.544 36.710 2 16 5 590 1
223.512 106.544 36.710 3 16 5 590 1
223.512 106.544 36.710 4 16 5 590 1
351.478 134.102 215.799 5 16 5 559 2
351.478 134.102 215.799 6 16 5 559 2
351.478 134.102 215.799 7 16 5 559 2
351.478 134.102 215.799 8 16 5 559 2
351.478 134.102 215.799 9 16 5 559 2
4.145 83.079 52.130 10 16 5 576 4
63.163 120.959 230.686 11 16 5 171 1
63.163 120.959 230.686 12 16 5 171 1
228.526 50.276 104.202 13 16 5 571 3
228.526 50.276 104.202 14 16 5 571 3
228.526 50.276 104.202 15 16 5 571 3
228.526 50.276 104.202 16 16 5 571 3
228.526 50.276 104.202 17 16 5 571 3
228.526 50.276 104.202 18 16 5 571 3
228.526 50.276 104.202 19 16 5 571 3
228.526 50.276 104.202 20 16 5 571 3
228.526 50.276 104.202 21 16 5 571 3
228.526 50.276 104.202 22 16 5 571 3
228.526 50.276 104.202 23 16 5 571 3
228.526 50.276 104.202 24 16 5 571 3
228.526 50.276 104.202 25 16 5 571 3
228.526 50.276 104.202 26 16 5 571 3
300.073 116.416 45.313 27 16 5 236 1
228.526 50.276 104.202 28 16 5 571 3
228.526 50.276 104.202 29 16 5 571 3
228.526 50.276 104.202 30 16 5 571 3
320.888 130.836 242.958 1 17 5 368 1
223.512 106.544 36.710 2 17 5 590 1
223.512 106.544 36.710 3 17 5 590 1
351.478 134.102 215.799 4 17 5 559 2
351.478 134.102 215.799 5 17 5 559 2
351.478 134.102 215.799 6 17 5 559 2
351.478 134.102 215.799 7 17 5 559 2
351.478 134.102 215.799 8 17 5 559 2
351.478 134.102 215.799 9 17 5 559 2
228.526 50.276 104.202 10 17 5 571 3
228.526 50.276 104.202 11 17 5 571 3
228.526 50.276 104.202 12 17 5 571 3
228.526 50.276 104.202 13 17 5 571 3
228.526 50.276 104.202 14 17 5 571 3
228.526 50.276 104.202 15 17 5 571 3
228.526 50.276 104.202 16 17 5 571 3
228.526 50.276 104.202 17 17 5 571 3
228.526 50.276 104.202 18 17 5 571 3
228.526 50.276 104.202 19 17 5 571 3
228.526 50.276 104.202 20 17 5 571 3
228.526 50.276 104.202 21 17 5 571 3
228.526 50.276 104.202 22 17 5 571 3
228.526 50.276 104.202 23 17 5 571 3
110.813 97.989 164.639 24 17 5 599 1
228.526 50.276 104.202 25 17 5 571 3
228.526 50.276 104.202 26 17 5 571 3
228.526 50.276 104.202 27 17 5 571 3
245.234 87.773 222.407 28 17 5 392 1
228.526 50.276 104.202 29 17 5 571 3
228.526 50.276 104.202 30 17 5 571 3
320.888 130.836 242.958 1 18 5 368 1
320.888 130.836 242.958 2 18 5 368 1
326.625 36.325 82.384 3 18 5 48 1
351.478 134.102 215.799 4 18 5 559 2
351.478 134.102 215.799 5 18 5 559 2
351.478 134.102 215.799 6 18 5 559 2
351.478 134.102 215.799 7 18 5 559 2
351.478 134.102 215.799 8 18 5 559 2
351.478 134.102 215.799 9 18 5 559 2
228.526 50.276 104.202 10 18 5 571 3
228.526 50.276 104.202 11 18 5 571 3
228.526 50.276 104.202 12 18 5 571 3
228.526 50.276 104.202 13 18 5 571 3
228.526 50.276 104.202 14 18 5 571 3
228.526 50.276 104.202 15 18 5 571 3
228.526 50.276 104.202 16 18 5 571 3
228.526 50.276 104.202 17 18 5 571 3
228.526 50.276 104.202 18 18 5 571 3
228.526 50.276 104.202 19 18 5 571 3
228.526 50.276 104.202 20 18 5 571 3
228.526 50.276 104.202 21 18 5 571 3
228.526 50.276 104.202 22 18 5 571 3
228.526 50.276 104.202 23 18 5 571 3
228.526 50.276 104.202 24 18 5 571 3
228.526 50.276 104.202 25 18 5 571 3
228.526 50.276 104.202 26 18 5 571 3
316.917 73.652 218.873 27 18 5 334 1
245.234 87.773 222.407 28 18 5 392 1
228.526 50.276 104.202 29 18 5 571 3
228.526 50.276 104.202 30 18 5 571 3
320.888 130.836 242.958 1 19 5 368 1
320.888 130.836 242.958 2 19 5 368 1
326.625 36.325 82.384 3 19 5 48 1
38.921 144.145 34.682 4 19 5 575 4
351.478 134.102 215.799 5 19 5 559 2
351.478 134.102 215.799 6 19 5 559 2
351.478 134.102 215.799 7 19 5 559 2
137.173 92.351 131.053 8 19 5 626 1
137.173 92.351 131.053 9 19 5 626 1
306.910 115.738 280.187 10 19 5 239 1
306.910 115.738 280.187 11 19 5 239 1
228.526 50.276 104.202 12 19 5 571 3
228.526 50.276 104.202 13 19 5 571 3
102.191 125.469 126.377 14 19 5 565 2
228.526 50.276 104.202 15 19 5 571 3
228.526 50.276 104.202 16 19 5 571 3
228.526 50.276 104.202 17 19 5 571 3
228.526 50.276 104.202 18 19 5 571 3
228.526 50.276 104.202 19 19 5 571 3
228.526 50.276 104.202 20 19 5 571 3
228.526 50.276 104.202 21 19 5 571 3
228.526 50.276 104.202 22 19 5 571 3
228.526 50.276 104.202 23 19 5 571 3
228.526 50.276 104.202 24 19 5 571 3
228.526 50.276 104.202 25 19 5 571 3
228.526 50.276 104.202 26 19 5 571 3
316.917 73.652 218.873 27 19 5 334 1
228.526 50.276 104.202 28 19 5 571 3
228.526 50.276 104.202 29 19 5 571 3
228.526 50.276 104.202 30 19 5 571 3
320.888 130.836 242.958 1 20 5 368 1
38.921 144.145 34.682 2 20 5 575 4
38.921 144.145 34.682 3 20 5 575 4
38.921 144.145 34.682 4 20 5 575 4
38.921 144.145 34.682 5 20 5 575 4
38.921 144.145 34.682 6 20 5 575 4
351.478 134.102 215.799 7 20 5 559 2
137.173 92.351 131.053 8 20 5 626 1
306.910 115.738 280.187 9 20 5 239 1
306.910 115.738 280.187 10 20 5 239 1
306.910 115.738 280.187 11 20 5 239 1
306.910 115.738 280.187 12 20 5 239 1
228.526 50.276 104.202 13 20 5 571 3
16.880 127.157 39.826 14 20 5 554 2
16.880 127.157 39.826 15 20 5 554 2
228.526 50.276 104.202 16 20 5 571 3
228.526 50.276 104.202 17 20 5 571 3
228.526 50.276 104.202 18 20 5 571 3
228.526 50.276 104.202 19 20 5 571 3
228.526 50.276 104.202 20 20 5 571 3
228.526 50.276 104.202 21 20 5 571 3
228.526 50.276 104.202 22 20 5 571 3
228.526 50.276 104.202 23 20 5 571 3
228.526 50.276 104.202 24 20 5 571 3
228.526 50.276 104.202 25 20 5 571 3
228.526 50.276 104.202 26 20 5 571 3
228.526 50.276 104.202 27 20 5 571 3
228.526 50.276 104.202 28 20 5 571 3
228.526 50.276 104.202 29 20 5 571 3
228.526 50.276 104.202 30 20 5 571 3
38.921 144.145 34.682 1 21 5 575 4
38.921 144.145 34.682 2 21 5 575 4
38.921 144.145 34.682 3 21 5 575 4
38.921 144.145 34.682 4 21 5 575 4
38.921 144.145 34.682 5 21 5 575 4
38.921 144.145 34.682 6 21 5 575 4
38.921 144.145 34.682 7 21 5 575 4
38.921 144.145 34.682 8 21 5 575 4
306.910 115.738 280.187 9 21 5 239 1
306.910 115.738 280.187 10 21 5 239 1
306.910 115.738 280.187 11 21 5 239 1
306.910 115.738 280.187 12 21 5 239 1
244.132 94.016 227.779 13 21 5 474 2
16.880 127.157 39.826 14 21 5 554 2
16.880 127.157 39.826 15 21 5 554 2
16.880 127.157 39.826 16 21 5 554 2
228.526 50.276 104.202 17 21 5 571 3
228.526 50.276 104.202 18 21 5 571 3
228.526 50.276 104.202 19 21 5 571 3
228.526 50.276 104.202 20 21 5 571 3
228.526 50.276 104.202 21 21 5 571 3
228.526 50.276 104.202 22 21 5 571 3
228.526 50.276 104.202 23 21 5 571 3
228.526 50.276 104.202 24 21 5 571 3
135.886 84.752 138.745 25 21 5 60 1
135.886 84.752 138.745 26 21 5 60 1
228.526 50.276 104.202 27 21 5 571 3
228.526 50.276 104.202 28 21 5 571 3
228.526 50.276 104.202 29 21 5 571 3
228.526 50.276 104.202 30 21 5 571 3
38.921 144.145 34.682 1 22 5 575 4
38.921 144.145 34.682 2 22 5 575 4
38.921 144.145 34.682 3 22 5 575 4
38.921 144.145 34.682 4 22 5 575 4
38.921 144.145 34.682 5 22 5 575 4
38.921 144.145 34.682 6 22 5 575 4
38.921 144.145 34.682 7 22 5 575 4
38.921 144.145 34.682 8 22 5 575 4
43.450 88.287 136.824 9 22 5 211 1
43.450 88.287 136.824 10 22 5 211 1
43.450 88.287 136.824 11 22 5 211 1
244.132 94.016 227.779 12 22 5 474 2
43.450 88.287 136.824 13 22 5 211 1
16.880 127.157 39.826 14 22 5 554 2
16.880 127.157 39.826 15 22 5 554 2
16.880 127.157 39.826 16 22 5 554 2
16.880 127.157 39.826 17 22 5 554 2
228.526 50.276 104.202 18 22 5 571 3
228.526 50.276 104.202 19 22 5 571 3
310.190 131.311 78.739 20 22 5 492 2
228.526 50.276 104.202 21 22 5 571 3
228.526 50.276 104.202 22 22 5 571 3
228.526 50.276 104.202 23 22 5 571 3
20.997 43.681 141.790 24 22 5 1 1
135.886 84.752 138.745 25 22 5 60 1
135.886 84.752 138.745 26 22 5 60 1
228.526 50.276 104.202 27 22 5 571 3
301.595 50.333 332.059 28 22 5 128 1
301.595 50.333 332.059 29 22 5 128 1
228.526 50.276 104.202 30 22 5 571 3
38.921 144.145 34.682 1 23 5 575 4
38.921 144.145 34.682 2 23 5 575 4
38.921 144.145 34.682 3 23 5 575 4
38.921 144.145 34.682 4 23 5 575 4
38.921 144.145 34.682 5 23 5 575 4
38.921 144.145 34.682 6 23 5 575 4
38.921 144.145 34.682 7 23 5 575 4
38.921 144.145 34.682 8 23 5 575 4
43.450 88.287 136.824 9 23 5 211 1
43.450 88.287 136.824 10 23 5 211 1
43.450 88.287 136.824 11 23 5 211 1
43.450 88.287 136.824 12 23 5 211 1
43.450 88.287 136.824 13 23 5 211 1
43.450 88.287 136.824 14 23 5 211 1
16.880 127.157 39.826 15 23 5 554 2
16.880 127.157 39.826 16 23 5 554 2
16.880 127.157 39.826 17 23 5 554 2
16.880 127.157 39.826 18 23 5 554 2
228.526 50.276 104.202 19 23 5 571 3
228.526 50.276 104.202 20 23 5 571 3
144.748 167.251 322.201 21 23 5 579 4
144.748 167.251 322.201 22 23 5 579 4
144.748 167.251 322.201 23 23 5 579 4
228.526 50.276 104.202 24 23 5 571 3
228.526 50.276 104.202 25 23 5 571 3
228.526 50.276 104.202 26 23 5 571 3
301.595 50.333 332.059 27 23 5 128 1
301.595 50.333 332.059 28 23 5 128 1
301.595 50.333 332.059 29 23 5 128 1
228.526 50.276 104.202 30 23 5 571 3
38.921 144.145 34.682 1 24 5 575 4
38.921 144.145 34.682 2 24 5 575 4
38.921 144.145 34.682 3 24 5 575 4
38.921 144.145 34.682 4 24 5 575 4
38.921 144.145 34.682 5 24 5 575 4
38.921 144.145 34.682 6 24 5 575 4
38.921 144.145 34.682 7 24 5 575 4
38.921 144.145 34.682 8 24 5 575 4
43.450 88.287 136.824 9 24 5 211 1
43.450 88.287 136.824 10 24 5 211 1
43.450 88.287 136.824 11 24 5 211 1
43.450 88.287 136.824 12 24 5 211 1
43.450 88.287 136.824 13 24 5 211 1
43.450 88.287 136.824 14 24 5 211 1
16.880 127.157 39.826 15 24 5 554 2
16.880 127.157 39.826 16 24 5 554 2
16.880 127.157 39.826 17 24 5 554 2
16.880 127.157 39.826 18 24 5 554 2
144.748 167.251 322.201 19 24 5 579 4
144.748 167.251 322.201 20 24 5 579 4
144.748 167.251 322.201 21 24 5 579 4
144.748 167.251 322.201 22 24 5 579 4
144.748 167.251 322.201 23 24 5 579 4
144.748 167.251 322.201 24 24 5 579 4
144.748 167.251 322.201 25 24 5 579 4
144.748 167.251 322.201 26 24 5 579 4
301.595 50.333 332.059 27 24 5 128 1
301.595 50.333 332.059 28 24 5 128 1
301.595 50.333 332.059 29 24 5 128 1
228.526 50.276 104.202 30 24 5 571 3
38.921 144.145 34.682 1 25 5 575 4
38.921 144.145 34.682 2 25 5 575 4
38.921 144.145 34.682 3 25 5 575 4
38.921 144.145 34.682 4 25 5 575 4
38.921 144.145 34.682 5 25 5 575 4
38.921 144.145 34.682 6 25 5 575 4
38.921 144.145 34.682 7 25 5 575 4
127.971 131.016 88.378 8 25 5 507 2
43.450 88.287 136.824 9 25 5 211 1
43.450 88.287 136.824 10 25 5 211 1
43.450 88.287 136.824 11 25 5 211 1
43.450 88.287 136.824 12 25 5 211 1
43.450 88.287 136.824 13 25 5 211 1
43.450 88.287 136.824 14 25 5 211 1
43.450 88.287 136.824 15 25 5 211 1
16.880 127.157 39.826 16 25 5 554 2
16.880 127.157 39.826 17 25 5 554 2
16.880 127.157 39.826 18 25 5 554 2
144.748 167.251 322.201 19 25 5 579 4
144.748 167.251 322.201 20 25 5 579 4
144.748 167.251 322.201 21 25 5 579 4
144.748 167.251 322.201 22 25 5 579 4
144.748 167.251 322.201 23 25 5 579 4
144.748 167.251 322.201 24 25 5 579 4
144.748 167.251 322.201 25 25 5 579 4
144.748 167.251 322.201 26 25 5 579 4
301.595 50.333 332.059 27 25 5 128 1
301.595 50.333 332.059 28 25 5 128 1
301.595 50.333 332.059 29 25 5 128 1
301.595 50.333 332.059 30 25 5 128 1
38.921 144.145 34.682 1 26 5 575 4
38.921 144.145 34.682 2 26 5 575 4
38.921 144.145 34.682 3 26 5 575 4
38.921 144.145 34.682 4 26 5 575 4
38.921 144.145 34.682 5 26 5 575 4
38.921 144.145 34.682 6 26 5 575 4
38.921 144.145 34.682 7 26 5 575 4
318.203 137.072 288.614 8 26 5 378 1
318.203 137.072 288.614 9 26 5 378 1
106.973 116.443 208.137 10 26 5 578 4
106.973 116.443 208.137 11 26 5 578 4
272.481 58.192 319.944 12 26 5 59 1
272.481 58.192 319.944 13 26 5 59 1
43.450 88.287 136.824 14 26 5 211 1
0.051 65.304 40.149 15 26 5 467 2
0.051 65.304 40.149 16 26 5 467 2
16.880 127.157 39.826 17 26 5 554 2
16.880 127.157 39.826 18 26 5 554 2
144.748 167.251 322.201 19 26 5 579 4
144.748 167.251 322.201 20 26 5 579 4
144.748 167.251 322.201 21 26 5 579 4
144.748 167.251 322.201 22 26 5 579 4
144.748 167.251 322.201 23 26 5 579 4
144.748 167.251 322.201 24 26 5 579 4
144.748 167.251 322.201 25 26 5 579 4
144.748 167.251 322.201 26 26 5 579 4
144.748 167.251 322.201 27 26 5 579 4
301.595 50.333 332.059 28 26 5 128 1
301.595 50.333 332.059 29 26 5 128 1
55.344 84.851 306.870 30 26 5 513 2
38.921 144.145 34.682 1 27 5 575 4
38.921 144.145 34.682 2 27 5 575 4
38.921 144.145 34.682 3 27 5 575 4
38.921 144.145 34.682 4 27 5 575 4
38.921 144.145 34.682 5 27 5 575 4
38.921 144.145 34.682 6 27 5 575 4
38.921 144.145 34.682 7 27 5 575 4
318.203 137.072 288.614 8 27 5 378 1
318.203 137.072 288.614 9 27 5 378 1
106.973 116.443 208.137 10 27 5 578 4
106.973 116.443 208.137 11 27 5 578 4
272.481 58.192 319.944 12 27 5 59 1
272.481 58.192 319.944 13 27 5 59 1
199.580 124.313 248.933 14 27 5 497 2
0.051 65.304 40.149 15 27 5 467 2
0.051 65.304 40.149 16 27 5 467 2
0.051 65.304 40.149 17 27 5 467 2
0.051 65.304 40.149 18 27 5 467 2
144.748 167.251 322.201 19 27 5 579 4
144.748 167.251 322.201 20 27 5 579 4
144.748 167.251 322.201 21 27 5 579 4
144.748 167.251 322.201 22 27 5 579 4
144.748 167.251 322.201 23 27 5 579 4
144.748 167.251 322.201 24 27 5 579 4
144.748 167.251 322.201 25 27 5 579 4
144.748 167.251 322.201 26 27 5 579 4
144.748 167.251 322.201 27 27 5 579 4
144.748 167.251 322.201 28 27 5 579 4
59.784 78.525 46.812 29 27 5 325 1
59.784 78.525 46.812 30 27 5 325 1
80.957 161.770 24.449 1 28 5 580 4
267.715 135.781 115.540 2 28 5 485 2
267.715 135.781 115.540 3 28 5 485 2
267.715 135.781 115.540 4 28 5 485 2
38.921 144.145 34.682 5 28 5 575 4
38.921 144.145 34.682 6 28 5 575 4
318.203 137.072 288.614 7 28 5 378 1
318.203 137.072 288.614 8 28 5 378 1
14.760 107.433 232.019 9 28 5 336 1
106.973 116.443 208.137 10 28 5 578 4
106.973 116.443 208.137 11 28 5 578 4
272.481 58.192 319.944 12 28 5 59 1
272.481 58.192 319.944 13 28 5 59 1
87.259 129.436 156.592 14 28 5 427 1
0.051 65.304 40.149 15 28 5 467 2
0.051 65.304 40.149 16 28 5 467 2
0.051 65.304 40.149 17 28 5 467 2
53.429 20.362 231.541 18 28 5 526 2
53.429 20.362 231.541 19 28 5 526 2
144.748 167.251 322.201 20 28 5 579 4
144.748 167.251 322.201 21 28 5 579 4
144.748 167.251 322.201 22 28 5 579 4
144.748 167.251 322.201 23 28 5 579 4
144.748 167.251 322.201 24 28 5 579 4
144.748 167.251 322.201 25 28 5 579 4
301.881 72.538 148.311 26 28 5 186 1
301.881 72.538 148.311 27 28 5 186 1
301.881 72.538 148.311 28 28 5 186 1
278.174 75.616 134.068 29 28 5 347 1
278.174 75.616 134.068 30 28 5 347 1
267.715 135.781 115.540 1 29 5 485 2
267.715 135.781 115.540 2 29 5 485 2
267.715 135.781 115.540 3 29 5 485 2
267.715 135.781 115.540 4 29 5 485 2
267.715 135.781 115.540 5 29 5 485 2
95.598 99.281 113.432 6 29 5 561 2
95.598 99.281 113.432 7 29 5 561 2
95.598 99.281 113.432 8 29 5 561 2
14.760 107.433 232.019 9 29 5 336 1
14.760 107.433 232.019 10 29 5 336 1
173.533 132.146 131.732 11 29 5 221 1
173.533 132.146 131.732 12 29 5 221 1
173.533 132.146 131.732 13 29 5 221 1
87.259 129.436 156.592 14 29 5 427 1
87.259 129.436 156.592 15 29 5 427 1
0.051 65.304 40.149 16 29 5 467 2
0.051 65.304 40.149 17 29 5 467 2
53.429 20.362 231.541 18 29 5 526 2
53.429 20.362 231.541 19 29 5 526 2
53.429 20.362 231.541 20 29 5 526 2
246.676 50.440 144.022 21 29 5 309 1
246.676 50.440 144.022 22 29 5 309 1
246.676 50.440 144.022 23 29 5 309 1
33.475 20.984 151.172 24 29 5 84 1
33.475 20.984 151.172 25 29 5 84 1
301.881 72.538 148.311 26 29 5 186 1
301.881 72.538 148.311 27 29 5 186 1
301.881 72.538 148.311 28 29 5 186 1
278.174 75.616 134.068 29 29 5 347 1
278.174 75.616 134.068 30 29 5 347 1
267.715 135.781 115.540 1 30 5 485 2
267.715 135.781 115.540 2 30 5 485 2
267.715 135.781 115.540 3 30 5 485 2
267.715 135.781 115.540 4 30 5 485 2
267.715 135.781 115.540 5 30 5 485 2
95.598 99.281 113.432 6 30 5 561 2
95.598 99.281 113.432 7 30 5 561 2
14.760 107.433 232.019 8 30 5 336 1
14.760 107.433 232.019 9 30 5 336 1
14.760 107.433 232.019 10 30 5 336 1
173.533 132.146 131.732 11 30 5 221 1
173.533 132.146 131.732 12 30 5 221 1
173.533 132.146 131.732 13 30 5 221 1
173.533 132.146 131.732 14 30 5 221 1
173.533 132.146 131.732 15 30 5 221 1
173.533 132.146 131.732 16 30 5 221 1
173.533 132.146 131.732 17 30 5 221 1
53.429 20.362 231.541 18 30 5 526 2
53.429 20.362 231.541 19 30 5 526 2
53.429 20.362 231.541 20 30 5 526 2
53.429 20.362 231.541 21 30 5 526 2
246.676 50.440 144.022 22 30 5 309 1
246.676 50.440 144.022 23 30 5 309 1
301.881 72.538 148.311 24 30 5 186 1
301.881 72.538 148.311 25 30 5 186 1
301.881 72.538 148.311 26 30 5 186 1
301.881 72.538 148.311 27 30 5 186 1
301.881 72.538 148.311 28 30 5 186 1
278.174 75.616 134.068 29 30 5 347 1
278.174 75.616 134.068 30 30 5 347 1
