276.370 22.502 228.287 1 1 19 472 2
276.370 22.502 228.287 2 1 19 472 2
17.847 54.428 257.623 3 1 19 587 4
17.847 54.428 257.623 4 1 19 587 4
17.847 54.428 257.623 5 1 19 587 4
17.847 54.428 257.623 6 1 19 587 4
17.847 54.428 257.623 7 1 19 587 4
228.526 50.276 104.202 8 1 19 571 3
228.526 50.276 104.202 9 1 19 571 3
228.526 50.276 104.202 10 1 19 571 3
228.526 50.276 104.202 11 1 19 571 3
228.526 50.276 104.202 12 1 19 571 3
228.526 50.276 104.202 13 1 19 571 3
228.526 50.276 104.202 14 1 19 571 3
228.526 50.276 104.202 15 1 19 571 3
228.526 50.276 104.202 16 1 19 571 3
228.526 50.276 104.202 17 1 19 571 3
228.526 50.276 104.202 18 1 19 571 3
228.526 50.276 104.202 19 1 19 571 3
228.526 50.276 104.202 20 1 19 571 3
228.526 50.276 104.202 21 1 19 571 3
228.526 50.276 104.202 22 1 19 571 3
228.526 50.276 104.202 23 1 19 571 3
228.526 50.276 104.202 24 1 19 571 3
228.526 50.276 104.202 25 1 19 571 3
228.526 50.276 104.202 26 1 19 571 3
228.526 50.276 104.202 27 1 19 571 3
228.526 50.276 104.202 28 1 19 571 3
228.526 50.276 104.202 29 1 19 571 3
228.526 50.276 104.202 30 1 19 571 3
276.370 22.502 228.287 1 2 19 472 2
276.370 22.502 228.287 2 2 19 472 2
17.847 54.428 257.623 3 2 19 587 4
17.847 54.428 257.623 4 2 19 587 4
17.847 54.428 257.623 5 2 19 587 4
17.847 54.428 257.623 6 2 19 587 4
17.847 54.428 257.623 7 2 19 587 4
228.526 50.276 104.202 8 2 19 571 3
228.526 50.276 104.202 9 2 19 571 3
228.526 50.276 104.202 10 2 19 571 3
228.526 50.276 104.202 11 2 19 571 3
228.526 50.276 104.202 12 2 19 571 3
220.540 156.015 176.741 13 2 19 80 1
228.526 50.276 104.202 14 2 19 571 3
228.526 50.276 104.202 15 2 19 571 3
228.526 50.276 104.202 16 2 19 571 3
228.526 50.276 104.202 17 2 19 571 3
228.526 50.276 104.202 18 2 19 571 3
228.526 50.276 104.202 19 2 19 571 3
228.526 50.276 104.202 20 2 19 571 3
228.526 50.276 104.202 21 2 19 571 3
228.526 50.276 104.202 22 2 19 571 3
228.526 50.276 104.202 23 2 19 571 3
228.526 50.276 104.202 24 2 19 571 3
228.526 50.276 104.202 25 2 19 571 3
228.526 50.276 104.202 26 2 19 571 3
228.526 50.276 104.202 27 2 19 571 3
228.526 50.276 104.202 28 2 19 571 3
228.526 50.276 104.202 29 2 19 571 3
281.334 140.708 262.354 30 2 19 603 1
17.847 54.428 257.623 1 3 19 587 4
17.847 54.428 257.623 2 3 19 587 4
17.847 54.428 257.623 3 3 19 587 4
17.847 54.428 257.623 4 3 19 587 4
17.847 54.428 257.623 5 3 19 587 4
17.847 54.428 257.623 6 3 19 587 4
17.847 54.428 257.623 7 3 19 587 4
17.847 54.428 257.623 8 3 19 587 4
228.526 50.276 104.202 9 3 19 571 3
24.507 122.131 116.581 10 3 19 544 2
228.526 50.276 104.202 11 3 19 571 3
228.526 50.276 104.202 12 3 19 571 3
228.526 50.276 104.202 13 3 19 571 3
228.526 50.276 104.202 14 3 19 571 3
228.526 50.276 104.202 15 3 19 571 3
228.526 50.276 104.202 16 3 19 571 3
228.526 50.276 104.202 17 3 19 571 3
228.526 50.276 104.202 18 3 19 571 3
228.526 50.276 104.202 19 3 19 571 3
228.526 50.276 104.202 20 3 19 571 3
228.526 50.276 104.202 21 3 19 571 3
228.526 50.276 104.202 22 3 19 571 3
228.526 50.276 104.202 23 3 19 571 3
228.526 50.276 104.202 24 3 19 571 3
228.526 50.276 104.202 25 3 19 571 3
228.526 50.276 104.202 26 3 19 571 3
228.526 50.276 104.202 27 3 19 571 3
228.526 50.276 104.202 28 3 19 571 3
228.526 50.276 104.202 29 3 19 571 3
228.526 50.276 104.202 30 3 19 571 3
17.847 54.428 257.623 1 4 19 587 4
17.847 54.428 257.623 2 4 19 587 4
17.847 54.428 257.623 3 4 19 587 4
17.847 54.428 257.623 4 4 19 587 4
17.847 54.428 257.623 5 4 19 587 4
290.994 46.309 51.794 6 4 19 540 2
17.847 54.428 257.623 7 4 19 587 4
17.847 54.428 257.623 8 4 19 587 4
228.526 50.276 104.202 9 4 19 571 3
228.526 50.276 104.202 10 4 19 571 3
228.526 50.276 104.202 11 4 19 571 3
228.526 50.276 104.202 12 4 19 571 3
228.526 50.276 104.202 13 4 19 571 3
228.526 50.276 104.202 14 4 19 571 3
228.526 50.276 104.202 15 4 19 571 3
228.526 50.276 104.202 16 4 19 571 3
228.526 50.276 104.202 17 4 19 571 3
228.526 50.276 104.202 18 4 19 571 3
228.526 50.276 104.202 19 4 19 571 3
228.526 50.276 104.202 20 4 19 571 3
228.526 50.276 104.202 21 4 19 571 3
228.526 50.276 104.202 22 4 19 571 3
228.526 50.276 104.202 23 4 19 571 3
228.526 50.276 104.202 24 4 19 571 3
228.526 50.276 104.202 25 4 19 571 3
228.526 50.276 104.202 26 4 19 571 3
228.526 50.276 104.202 27 4 19 571 3
228.526 50.276 104.202 28 4 19 571 3
228.526 50.276 104.202 29 4 19 571 3
228.526 50.276 104.202 30 4 19 571 3
17.847 54.428 257.623 1 5 19 587 4
17.847 54.428 257.623 2 5 19 587 4
17.847 54.428 257.623 3 5 19 587 4
17.847 54.428 257.623 4 5 19 587 4
17.847 54.428 257.623 5 5 19 587 4
17.847 54.428 257.623 6 5 19 587 4
17.847 54.428 257.623 7 5 19 587 4
17.847 54.428 257.623 8 5 19 587 4
17.847 54.428 257.623 9 5 19 587 4
228.526 50.276 104.202 10 5 19 571 3
228.526 50.276 104.202 11 5 19 571 3
228.526 50.276 104.202 12 5 19 571 3
228.526 50.276 104.202 13 5 19 571 3
228.526 50.276 104.202 14 5 19 571 3
228.526 50.276 104.202 15 5 19 571 3
228.526 50.276 104.202 16 5 19 571 3
228.526 50.276 104.202 17 5 19 571 3
228.526 50.276 104.202 18 5 19 571 3
228.526 50.276 104.202 19 5 19 571 3
228.526 50.276 104.202 20 5 19 571 3
228.526 50.276 104.202 21 5 19 571 3
228.526 50.276 104.202 22 5 19 571 3
228.526 50.276 104.202 23 5 19 571 3
228.526 50.276 104.202 24 5 19 571 3
228.526 50.276 104.202 25 5 19 571 3
228.526 50.276 104.202 26 5 19 571 3
228.526 50.276 104.202 27 5 19 571 3
228.526 50.276 104.202 28 5 19 571 3
228.526 50.276 104.202 29 5 19 571 3
228.526 50.276 104.202 30 5 19 571 3
17.847 54.428 257.623 1 6 19 587 4
17.847 54.428 257.623 2 6 19 587 4
17.847 54.428 257.623 3 6 19 587 4
17.847 54.428 257.623 4 6 19 587 4
17.847 54.428 257.623 5 6 19 587 4
17.847 54.428 257.623 6 6 19 587 4
17.847 54.428 257.623 7 6 19 587 4
17.847 54.428 257.623 8 6 19 587 4
17.847 54.428 257.623 9 6 19 587 4
228.526 50.276 104.202 10 6 19 571 3
228.526 50.276 104.202 11 6 19 571 3
228.526 50.276 104.202 12 6 19 571 3
228.526 50.276 104.202 13 6 19 571 3
228.526 50.276 104.202 14 6 19 571 3
228.526 50.276 104.202 15 6 19 571 3
228.526 50.276 104.202 16 6 19 571 3
228.526 50.276 104.202 17 6 19 571 3
228.526 50.276 104.202 18 6 19 571 3
228.526 50.276 104.202 19 6 19 571 3
228.526 50.276 104.202 20 6 19 571 3
228.526 50.276 104.202 21 6 19 571 3
228.526 50.276 104.202 22 6 19 571 3
228.526 50.276 104.202 23 6 19 571 3
228.526 50.276 104.202 24 6 19 571 3
228.526 50.276 104.202 25 6 19 571 3
228.526 50.276 104.202 26 6 19 571 3
228.526 50.276 104.202 27 6 19 571 3
228.526 50.276 104.202 28 6 19 571 3
228.526 50.276 104.202 29 6 19 571 3
228.526 50.276 104.202 30 6 19 571 3
17.847 54.428 257.623 1 7 19 587 4
17.847 54.428 257.623 2 7 19 587 4
17.847 54.428 257.623 3 7 19 587 4
17.847 54.428 257.623 4 7 19 587 4
17.847 54.428 257.623 5 7 19 587 4
17.847 54.428 257.623 6 7 19 587 4
17.847 54.428 257.623 7 7 19 587 4
17.847 54.428 257.623 8 7 19 587 4
17.847 54.428 257.623 9 7 19 587 4
17.847 54.428 257.623 10 7 19 587 4
228.526 50.276 104.202 11 7 19 571 3
228.526 50.276 104.202 12 7 19 571 3
228.526 50.276 104.202 13 7 19 571 3
228.526 50.276 104.202 14 7 19 571 3
228.526 50.276 104.202 15 7 19 571 3
228.526 50.276 104.202 16 7 19 571 3
228.526 50.276 104.202 17 7 19 571 3
228.526 50.276 104.202 18 7 19 571 3
228.526 50.276 104.202 19 7 19 571 3
228.526 50.276 104.202 20 7 19 571 3
228.526 50.276 104.202 21 7 19 571 3
228.526 50.276 104.202 22 7 19 571 3
228.526 50.276 104.202 23 7 19 571 3
228.526 50.276 104.202 24 7 19 571 3
228.526 50.276 104.202 25 7 19 571 3
228.526 50.276 104.202 26 7 19 571 3
228.526 50.276 104.202 27 7 19 571 3
228.526 50.276 104.202 28 7 19 571 3
228.526 50.276 104.202 29 7 19 571 3
228.526 50.276 104.202 30 7 19 571 3
17.847 54.428 257.623 1 8 19 587 4
17.847 54.428 257.623 2 8 19 587 4
17.847 54.428 257.623 3 8 19 587 4
17.847 54.428 257.623 4 8 19 587 4
17.847 54.428 257.623 5 8 19 587 4
17.847 54.428 257.623 6 8 19 587 4
17.847 54.428 257.623 7 8 19 587 4
17.847 54.428 257.623 8 8 19 587 4
17.847 54.428 257.623 9 8 19 587 4
17.847 54.428 257.623 10 8 19 587 4
17.847 54.428 257.623 11 8 19 587 4
228.526 50.276 104.202 12 8 19 571 3
228.526 50.276 104.202 13 8 19 571 3
228.526 50.276 104.202 14 8 19 571 3
228.526 50.276 104.202 15 8 19 571 3
228.526 50.276 104.202 16 8 19 571 3
228.526 50.276 104.202 17 8 19 571 3
228.526 50.276 104.202 18 8 19 571 3
228.526 50.276 104.202 19 8 19 571 3
228.526 50.276 104.202 20 8 19 571 3
228.526 50.276 104.202 21 8 19 571 3
228.526 50.276 104.202 22 8 19 571 3
228.526 50.276 104.202 23 8 19 571 3
228.526 50.276 104.202 24 8 19 571 3
228.526 50.276 104.202 25 8 19 571 3
228.526 50.276 104.202 26 8 19 571 3
228.526 50.276 104.202 27 8 19 571 3
228.526 50.276 104.202 28 8 19 571 3
228.526 50.276 104.202 29 8 19 571 3
228.526 50.276 104.202 30 8 19 571 3
17.847 54.428 257.623 1 9 19 587 4
17.847 54.428 257.623 2 9 19 587 4
17.847 54.428 257.623 3 9 19 587 4
17.847 54.428 257.623 4 9 19 587 4
17.847 54.428 257.623 5 9 19 587 4
17.847 54.428 257.623 6 9 19 587 4
17.847 54.428 257.623 7 9 19 587 4
17.847 54.428 257.623 8 9 19 587 4
17.847 54.428 257.623 9 9 19 587 4
17.847 54.428 257.623 10 9 19 587 4
17.847 54.428 257.623 11 9 19 587 4
228.526 50.276 104.202 12 9 19 571 3
228.526 50.276 104.202 13 9 19 571 3
228.526 50.276 104.202 14 9 19 571 3
228.526 50.276 104.202 15 9 19 571 3
228.526 50.276 104.202 16 9 19 571 3
228.526 50.276 104.202 17 9 19 571 3
228.526 50.276 104.202 18 9 19 571 3
228.526 50.276 104.202 19 9 19 571 3
228.526 50.276 104.202 20 9 19 571 3
228.526 50.276 104.202 21 9 19 571 3
228.526 50.276 104.202 22 9 19 571 3
228.526 50.276 104.202 23 9 19 571 3
228.526 50.276 104.202 24 9 19 571 3
228.526 50.276 104.202 25 9 19 571 3
228.526 50.276 104.202 26 9 19 571 3
228.526 50.276 104.202 27 9 19 571 3
228.526 50.276 104.202 28 9 19 571 3
228.526 50.276 104.202 29 9 19 571 3
228.526 50.276 104.202 30 9 19 571 3
17.847 54.428 257.623 1 10 19 587 4
17.847 54.428 257.623 2 10 19 587 4
17.847 54.428 257.623 3 10 19 587 4
17.847 54.428 257.623 4 10 19 587 4
17.847 54.428 257.623 5 10 19 587 4
17.847 54.428 257.623 6 10 19 587 4
17.847 54.428 257.623 7 10 19 587 4
17.847 54.428 257.623 8 10 19 587 4
17.847 54.428 257.623 9 10 19 587 4
17.847 54.428 257.623 10 10 19 587 4
17.847 54.428 257.623 11 10 19 587 4
17.847 54.428 257.623 12 10 19 587 4
228.526 50.276 104.202 13 10 19 571 3
228.526 50.276 104.202 14 10 19 571 3
228.526 50.276 104.202 15 10 19 571 3
228.526 50.276 104.202 16 10 19 571 3
228.526 50.276 104.202 17 10 19 571 3
228.526 50.276 104.202 18 10 19 571 3
228.526 50.276 104.202 19 10 19 571 3
228.526 50.276 104.202 20 10 19 571 3
228.526 50.276 104.202 21 10 19 571 3
228.526 50.276 104.202 22 10 19 571 3
228.526 50.276 104.202 23 10 19 571 3
228.526 50.276 104.202 24 10 19 571 3
228.526 50.276 104.202 25 10 19 571 3
228.526 50.276 104.202 26 10 19 571 3
228.526 50.276 104.202 27 10 19 571 3
228.526 50.276 104.202 28 10 19 571 3
228.526 50.276 104.202 29 10 19 571 3
228.526 50.276 104.202 30 10 19 571 3
17.847 54.428 257.623 1 11 19 587 4
17.847 54.428 257.623 2 11 19 587 4
17.847 54.428 257.623 3 11 19 587 4
17.847 54.428 257.623 4 11 19 587 4
17.847 54.428 257.623 5 11 19 587 4
17.847 54.428 257.623 6 11 19 587 4
17.847 54.428 257.623 7 11 19 587 4
17.847 54.428 257.623 8 11 19 587 4
17.847 54.428 257.623 9 11 19 587 4
17.847 54.428 257.623 10 11 19 587 4
17.847 54.428 257.623 11 11 19 587 4
17.847 54.428 257.623 12 11 19 587 4
228.526 50.276 104.202 13 11 19 571 3
228.526 50.276 104.202 14 11 19 571 3
228.526 50.276 104.202 15 11 19 571 3
228.526 50.276 104.202 16 11 19 571 3
228.526 50.276 104.202 17 11 19 571 3
228.526 50.276 104.202 18 11 19 571 3
228.526 50.276 104.202 19 11 19 571 3
228.526 50.276 104.202 20 11 19 571 3
228.526 50.276 104.202 21 11 19 571 3
228.526 50.276 104.202 22 11 19 571 3
228.526 50.276 104.202 23 11 19 571 3
228.526 50.276 104.202 24 11 19 571 3
228.526 50.276 104.202 25 11 19 571 3
228.526 50.276 104.202 26 11 19 571 3
228.526 50.276 104.202 27 11 19 571 3
228.526 50.276 104.202 28 11 19 571 3
228.526 50.276 104.202 29 11 19 571 3
228.526 50.276 104.202 30 11 19 571 3
17.847 54.428 257.623 1 12 19 587 4
17.847 54.428 257.623 2 12 19 587 4
17.847 54.428 257.623 3 12 19 587 4
17.847 54.428 257.623 4 12 19 587 4
17.847 54.428 257.623 5 12 19 587 4
17.847 54.428 257.623 6 12 19 587 4
17.847 54.428 257.623 7 12 19 587 4
17.847 54.428 257.623 8 12 19 587 4
17.847 54.428 257.623 9 12 19 587 4
17.847 54.428 257.623 10 12 19 587 4
17.847 54.428 257.623 11 12 19 587 4
17.847 54.428 257.623 12 12 19 587 4
17.847 54.428 257.623 13 12 19 587 4
228.526 50.276 104.202 14 12 19 571 3
228.526 50.276 104.202 15 12 19 571 3
228.526 50.276 104.202 16 12 19 571 3
228.526 50.276 104.202 17 12 19 571 3
131.639 30.828 31.884 18 12 19 637 2
228.526 50.276 104.202 19 12 19 571 3
228.526 50.276 104.202 20 12 19 571 3
228.526 50.276 104.202 21 12 19 571 3
228.526 50.276 104.202 22 12 19 571 3
228.526 50.276 104.202 23 12 19 571 3
228.526 50.276 104.202 24 12 19 571 3
228.526 50.276 104.202 25 12 19 571 3
228.526 50.276 104.202 26 12 19 571 3
228.526 50.276 104.202 27 12 19 571 3
228.526 50.276 104.202 28 12 19 571 3
228.526 50.276 104.202 29 12 19 571 3
228.526 50.276 104.202 30 12 19 571 3
17.847 54.428 257.623 1 13 19 587 4
17.847 54.428 257.623 2 13 19 587 4
17.847 54.428 257.623 3 13 19 587 4
17.847 54.428 257.623 4 13 19 587 4
17.847 54.428 257.623 5 13 19 587 4
17.847 54.428 257.623 6 13 19 587 4
17.847 54.428 257.623 7 13 19 587 4
17.847 54.428 257.623 8 13 19 587 4
17.847 54.428 257.623 9 13 19 587 4
17.847 54.428 257.623 10 13 19 587 4
17.847 54.428 257.623 11 13 19 587 4
17.847 54.428 257.623 12 13 19 587 4
17.847 54.428 257.623 13 13 19 587 4
17.847 54.428 257.623 14 13 19 587 4
228.526 50.276 104.202 15 13 19 571 3
228.526 50.276 104.202 16 13 19 571 3
228.526 50.276 104.202 17 13 19 571 3
228.526 50.276 104.202 18 13 19 571 3
228.526 50.276 104.202 19 13 19 571 3
228.526 50.276 104.202 20 13 19 571 3
228.526 50.276 104.202 21 13 19 571 3
228.526 50.276 104.202 22 13 19 571 3
228.526 50.276 104.202 23 13 19 571 3
228.526 50.276 104.202 24 13 19 571 3
228.526 50.276 104.202 25 13 19 571 3
228.526 50.276 104.202 26 13 19 571 3
228.526 50.276 104.202 27 13 19 571 3
228.526 50.276 104.202 28 13 19 571 3
228.526 50.276 104.202 29 13 19 571 3
228.526 50.276 104.202 30 13 19 571 3
17.847 54.428 257.623 1 14 19 587 4
17.847 54.428 257.623 2 14 19 587 4
17.847 54.428 257.623 3 14 19 587 4
17.847 54.428 257.623 4 14 19 587 4
17.847 54.428 257.623 5 14 19 587 4
17.847 54.428 257.623 6 14 19 587 4
17.847 54.428 257.623 7 14 19 587 4
17.847 54.428 257.623 8 14 19 587 4
17.847 54.428 257.623 9 14 19 587 4
17.847 54.428 257.623 10 14 19 587 4
17.847 54.428 257.623 11 14 19 587 4
17.847 54.428 257.623 12 14 19 587 4
17.847 54.428 257.623 13 14 19 587 4
17.847 54.428 257.623 14 14 19 587 4
228.526 50.276 104.202 15 14 19 571 3
228.526 50.276 104.202 16 14 19 571 3
228.526 50.276 104.202 17 14 19 571 3
228.526 50.276 104.202 18 14 19 571 3
228.526 50.276 104.202 19 14 19 571 3
228.526 50.276 104.202 20 14 19 571 3
228.526 50.276 104.202 21 14 19 571 3
228.526 50.276 104.202 22 14 19 571 3
228.526 50.276 104.202 23 14 19 571 3
228.526 50.276 104.202 24 14 19 571 3
228.526 50.276 104.202 25 14 19 571 3
228.526 50.276 104.202 26 14 19 571 3
228.526 50.276 104.202 27 14 19 571 3
228.526 50.276 104.202 28 14 19 571 3
228.526 50.276 104.202 29 14 19 571 3
228.526 50.276 104.202 30 14 19 571 3
17.847 54.428 257.623 1 15 19 587 4
17.847 54.428 257.623 2 15 19 587 4
17.847 54.428 257.623 3 15 19 587 4
17.847 54.428 257.623 4 15 19 587 4
17.847 54.428 257.623 5 15 19 587 4
17.847 54.428 257.623 6 15 19 587 4
17.847 54.428 257.623 7 15 19 587 4
17.847 54.428 257.623 8 15 19 587 4
17.847 54.428 257.623 9 15 19 587 4
17.847 54.428 257.623 10 15 19 587 4
17.847 54.428 257.623 11 15 19 587 4
17.847 54.428 257.623 12 15 19 587 4
17.847 54.428 257.623 13 15 19 587 4
17.847 54.428 257.623 14 15 19 587 4
17.847 54.428 257.623 15 15 19 587 4
226.601 120.849 133.469 16 15 19 297 1
226.601 120.849 133.469 17 15 19 297 1
228.526 50.276 104.202 18 15 19 571 3
228.526 50.276 104.202 19 15 19 571 3
228.526 50.276 104.202 20 15 19 571 3
228.526 50.276 104.202 21 15 19 571 3
228.526 50.276 104.202 22 15 19 571 3
228.526 50.276 104.202 23 15 19 571 3
228.526 50.276 104.202 24 15 19 571 3
228.526 50.276 104.202 25 15 19 571 3
228.526 50.276 104.202 26 15 19 571 3
228.526 50.276 104.202 27 15 19 571 3
228.526 50.276 104.202 28 15 19 571 3
228.526 50.276 104.202 29 15 19 571 3
228.526 50.276 104.202 30 15 19 571 3
17.847 54.428 257.623 1 16 19 587 4
17.847 54.428 257.623 2 16 19 587 4
17.847 54.428 257.623 3 16 19 587 4
17.847 54.428 257.623 4 16 19 587 4
17.847 54.428 257.623 5 16 19 587 4
17.847 54.428 257.623 6 16 19 587 4
17.847 54.428 257.623 7 16 19 587 4
17.847 54.428 257.623 8 16 19 587 4
17.847 54.428 257.623 9 16 19 587 4
17.847 54.428 257.623 10 16 19 587 4
17.847 54.428 257.623 11 16 19 587 4
17.847 54.428 257.623 12 16 19 587 4
17.847 54.428 257.623 13 16 19 587 4
17.847 54.428 257.623 14 16 19 587 4
17.847 54.428 257.623 15 16 19 587 4
226.601 120.849 133.469 16 16 19 297 1
226.601 120.849 133.469 17 16 19 297 1
228.526 50.276 104.202 18 16 19 571 3
228.526 50.276 104.202 19 16 19 571 3
228.526 50.276 104.202 20 16 19 571 3
228.526 50.276 104.202 21 16 19 571 3
228.526 50.276 104.202 22 16 19 571 3
172.963 100.175 132.384 23 16 19 574 4
172.963 100.175 132.384 24 16 19 574 4
172.963 100.175 132.384 25 16 19 574 4
172.963 100.175 132.384 26 16 19 574 4
172.963 100.175 132.384 27 16 19 574 4
228.526 50.276 104.202 28 16 19 571 3
228.526 50.276 104.202 29 16 19 571 3
228.526 50.276 104.202 30 16 19 571 3
17.847 54.428 257.623 1 17 19 587 4
17.847 54.428 257.623 2 17 19 587 4
17.847 54.428 257.623 3 17 19 587 4
17.847 54.428 257.623 4 17 19 587 4
17.847 54.428 257.623 5 17 19 587 4
17.847 54.428 257.623 6 17 19 587 4
17.847 54.428 257.623 7 17 19 587 4
17.847 54.428 257.623 8 17 19 587 4
17.847 54.428 257.623 9 17 19 587 4
17.847 54.428 257.623 10 17 19 587 4
17.847 54.428 257.623 11 17 19 587 4
17.847 54.428 257.623 12 17 19 587 4
17.847 54.428 257.623 13 17 19 587 4
17.847 54.428 257.623 14 17 19 587 4
17.847 54.428 257.623 15 17 19 587 4
226.601 120.849 133.469 16 17 19 297 1
226.601 120.849 133.469 17 17 19 297 1
228.526 50.276 104.202 18 17 19 571 3
228.526 50.276 104.202 19 17 19 571 3
228.526 50.276 104.202 20 17 19 571 3
172.963 100.175 132.384 21 17 19 574 4
172.963 100.175 132.384 22 17 19 574 4
172.963 100.175 132.384 23 17 19 574 4
172.963 100.175 132.384 24 17 19 574 4
172.963 100.175 132.384 25 17 19 574 4
172.963 100.175 132.384 26 17 19 574 4
172.963 100.175 132.384 27 17 19 574 4
172.963 100.175 132.384 28 17 19 574 4
208.733 46.520 129.056 29 17 19 584 4
208.733 46.520 129.056 30 17 19 584 4
17.847 54.428 257.623 1 18 19 587 4
17.847 54.428 257.623 2 18 19 587 4
17.847 54.428 257.623 3 18 19 587 4
17.847 54.428 257.623 4 18 19 587 4
17.847 54.428 257.623 5 18 19 587 4
17.847 54.428 257.623 6 18 19 587 4
17.847 54.428 257.623 7 18 19 587 4
17.847 54.428 257.623 8 18 19 587 4
17.847 54.428 257.623 9 18 19 587 4
17.847 54.428 257.623 10 18 19 587 4
17.847 54.428 257.623 11 18 19 587 4
17.847 54.428 257.623 12 18 19 587 4
17.847 54.428 257.623 13 18 19 587 4
17.847 54.428 257.623 14 18 19 587 4
17.847 54.428 257.623 15 18 19 587 4
226.601 120.849 133.469 16 18 19 297 1
226.601 120.849 133.469 17 18 19 297 1
268.956 26.950 182.919 18 18 19 583 4
228.526 50.276 104.202 19 18 19 571 3
172.963 100.175 132.384 20 18 19 574 4
172.963 100.175 132.384 21 18 19 574 4
172.963 100.175 132.384 22 18 19 574 4
172.963 100.175 132.384 23 18 19 574 4
172.963 100.175 132.384 24 18 19 574 4
172.963 100.175 132.384 25 18 19 574 4
172.963 100.175 132.384 26 18 19 574 4
172.963 100.175 132.384 27 18 19 574 4
172.963 100.175 132.384 28 18 19 574 4
208.733 46.520 129.056 29 18 19 584 4
208.733 46.520 129.056 30 18 19 584 4
17.847 54.428 257.623 1 19 19 587 4
17.847 54.428 257.623 2 19 19 587 4
17.847 54.428 257.623 3 19 19 587 4
17.847 54.428 257.623 4 19 19 587 4
17.847 54.428 257.623 5 19 19 587 4
17.847 54.428 257.623 6 19 19 587 4
17.847 54.428 257.623 7 19 19 587 4
17.847 54.428 257.623 8 19 19 587 4
17.847 54.428 257.623 9 19 19 587 4
17.847 54.428 257.623 10 19 19 587 4
17.847 54.428 257.623 11 19 19 587 4
17.847 54.428 257.623 12 19 19 587 4
17.847 54.428 257.623 13 19 19 587 4
17.847 54.428 257.623 14 19 19 587 4
17.847 54.428 257.623 15 19 19 587 4
268.956 26.950 182.919 16 19 19 583 4
268.956 26.950 182.919 17 19 19 583 4
268.956 26.950 182.919 18 19 19 583 4
268.956 26.950 182.919 19 19 19 583 4
172.963 100.175 132.384 20 19 19 574 4
172.963 100.175 132.384 21 19 19 574 4
172.963 100.175 132.384 22 19 19 574 4
172.963 100.175 132.384 23 19 19 574 4
172.963 100.175 132.384 24 19 19 574 4
172.963 100.175 132.384 25 19 19 574 4
172.963 100.175 132.384 26 19 19 574 4
172.963 100.175 132.384 27 19 19 574 4
144.748 167.251 322.201 28 19 19 579 4
208.733 46.520 129.056 29 19 19 584 4
208.733 46.520 129.056 30 19 19 584 4
17.847 54.428 257.623 1 20 19 587 4
17.847 54.428 257.623 2 20 19 587 4
17.847 54.428 257.623 3 20 19 587 4
17.847 54.428 257.623 4 20 19 587 4
17.847 54.428 257.623 5 20 19 587 4
17.847 54.428 257.623 6 20 19 587 4
17.847 54.428 257.623 7 20 19 587 4
17.847 54.428 257.623 8 20 19 587 4
17.847 54.428 257.623 9 20 19 587 4
17.847 54.428 257.623 10 20 19 587 4
17.847 54.428 257.623 11 20 19 587 4
17.847 54.428 257.623 12 20 19 587 4
17.847 54.428 257.623 13 20 19 587 4
17.847 54.428 257.623 14 20 19 587 4
268.956 26.950 182.919 15 20 19 583 4
268.956 26.950 182.919 16 20 19 583 4
268.956 26.950 182.919 17 20 19 583 4
268.956 26.950 182.919 18 20 19 583 4
144.748 167.251 322.201 19 20 19 579 4
144.748 167.251 322.201 20 20 19 579 4
172.963 100.175 132.384 21 20 19 574 4
172.963 100.175 132.384 22 20 19 574 4
172.963 100.175 132.384 23 20 19 574 4
172.963 100.175 132.384 24 20 19 574 4
172.963 100.175 132.384 25 20 19 574 4
172.963 100.175 132.384 26 20 19 574 4
144.748 167.251 322.201 27 20 19 579 4
144.748 167.251 322.201 28 20 19 579 4
208.733 46.520 129.056 29 20 19 584 4
208.733 46.520 129.056 30 20 19 584 4
17.847 54.428 257.623 1 21 19 587 4
17.847 54.428 257.623 2 21 19 587 4
17.847 54.428 257.623 3 21 19 587 4
17.847 54.428 257.623 4 21 19 587 4
17.847 54.428 257.623 5 21 19 587 4
17.847 54.428 257.623 6 21 19 587 4
17.847 54.428 257.623 7 21 19 587 4
17.847 54.428 257.623 8 21 19 587 4
17.847 54.428 257.623 9 21 19 587 4
17.847 54.428 257.623 10 21 19 587 4
17.847 54.428 257.623 11 21 19 587 4
17.847 54.428 257.623 12 21 19 587 4
17.847 54.428 257.623 13 21 19 587 4
17.847 54.428 257.623 14 21 19 587 4
268.956 26.950 182.919 15 21 19 583 4
268.956 26.950 182.919 16 21 19 583 4
268.956 26.950 182.919 17 21 19 583 4
144.748 167.251 322.201 18 21 19 579 4
144.748 167.251 322.201 19 21 19 579 4
144.748 167.251 322.201 20 21 19 579 4
144.748 167.251 322.201 21 21 19 579 4
172.963 100.175 132.384 22 21 19 574 4
172.963 100.175 132.384 23 21 19 574 4
172.963 100.175 132.384 24 21 19 574 4
144.748 167.251 322.201 25 21 19 579 4
144.748 167.251 322.201 26 21 19 579 4
144.748 167.251 322.201 27 21 19 579 4
144.748 167.251 322.201 28 21 19 579 4
144.748 167.251 322.201 29 21 19 579 4
208.733 46.520 129.056 30 21 19 584 4
80.957 161.770 24.449 1 22 19 580 4
17.847 54.428 257.623 2 22 19 587 4
17.847 54.428 257.623 3 22 19 587 4
17.847 54.428 257.623 4 22 19 587 4
17.847 54.428 257.623 5 22 19 587 4
17.847 54.428 257.623 6 22 19 587 4
17.847 54.428 257.623 7 22 19 587 4
17.847 54.428 257.623 8 22 19 587 4
17.847 54.428 257.623 9 22 19 587 4
17.847 54.428 257.623 10 22 19 587 4
17.847 54.428 257.623 11 22 19 587 4
17.847 54.428 257.623 12 22 19 587 4
122.621 49.083 203.139 13 22 19 615 1
122.621 49.083 203.139 14 22 19 615 1
122.621 49.083 203.139 15 22 19 615 1
122.621 49.083 203.139 16 22 19 615 1
268.956 26.950 182.919 17 22 19 583 4
144.748 167.251 322.201 18 22 19 579 4
144.748 167.251 322.201 19 22 19 579 4
144.748 167.251 322.201 20 22 19 579 4
144.748 167.251 322.201 21 22 19 579 4
144.748 167.251 322.201 22 22 19 579 4
144.748 167.251 322.201 23 22 19 579 4
144.748 167.251 322.201 24 22 19 579 4
144.748 167.251 322.201 25 22 19 579 4
144.748 167.251 322.201 26 22 19 579 4
144.748 167.251 322.201 27 22 19 579 4
144.748 167.251 322.201 28 22 19 579 4
144.748 167.251 322.201 29 22 19 579 4
144.748 167.251 322.201 30 22 19 579 4
80.957 161.770 24.449 1 23 19 580 4
80.957 161.770 24.449 2 23 19 580 4
80.957 161.770 24.449 3 23 19 580 4
80.957 161.770 24.449 4 23 19 580 4
17.847 54.428 257.623 5 23 19 587 4
17.847 54.428 257.623 6 23 19 587 4
17.847 54.428 257.623 7 23 19 587 4
17.847 54.428 257.623 8 23 19 587 4
17.847 54.428 257.623 9 23 19 587 4
17.847 54.428 257.623 10 23 19 587 4
17.847 54.428 257.623 11 23 19 587 4
17.847 54.428 257.623 12 23 19 587 4
122.621 49.083 203.139 13 23 19 615 1
122.621 49.083 203.139 14 23 19 615 1
122.621 49.083 203.139 15 23 19 615 1
122.621 49.083 203.139 16 23 19 615 1
122.621 49.083 203.139 17 23 19 615 1
144.748 167.251 322.201 18 23 19 579 4
144.748 167.251 322.201 19 23 19 579 4
144.748 167.251 322.201 20 23 19 579 4
144.748 167.251 322.201 21 23 19 579 4
144.748 167.251 322.201 22 23 19 579 4
144.748 167.251 322.201 23 23 19 579 4
144.748 167.251 322.201 24 23 19 579 4
144.748 167.251 322.201 25 23 19 579 4
144.748 167.251 322.201 26 23 19 579 4
144.748 167.251 322.201 27 23 19 579 4
144.748 167.251 322.201 28 23 19 579 4
144.748 167.251 322.201 29 23 19 579 4
144.748 167.251 322.201 30 23 19 579 4
80.957 161.770 24.449 1 24 19 580 4
80.957 161.770 24.449 2 24 19 580 4
80.957 161.770 24.449 3 24 19 580 4
80.957 161.770 24.449 4 24 19 580 4
80.957 161.770 24.449 5 24 19 580 4
80.957 161.770 24.449 6 24 19 580 4
80.957 161.770 24.449 7 24 19 580 4
80.957 161.770 24.449 8 24 19 580 4
80.957 161.770 24.449 9 24 19 580 4
17.847 54.428 257.623 10 24 19 587 4
17.847 54.428 257.623 11 24 19 587 4
122.621 49.083 203.139 12 24 19 615 1
122.621 49.083 203.139 13 24 19 615 1
122.621 49.083 203.139 14 24 19 615 1
122.621 49.083 203.139 15 24 19 615 1
122.621 49.083 203.139 16 24 19 615 1
122.621 49.083 203.139 17 24 19 615 1
144.748 167.251 322.201 18 24 19 579 4
144.748 167.251 322.201 19 24 19 579 4
144.748 167.251 322.201 20 24 19 579 4
144.748 167.251 322.201 21 24 19 579 4
144.748 167.251 322.201 22 24 19 579 4
144.748 167.251 322.201 23 24 19 579 4
144.748 167.251 322.201 24 24 19 579 4
144.748 167.251 322.201 25 24 19 579 4
144.748 167.251 322.201 26 24 19 579 4
144.748 167.251 322.201 27 24 19 579 4
144.748 167.251 322.201 28 24 19 579 4
144.748 167.251 322.201 29 24 19 579 4
144.748 167.251 322.201 30 24 19 579 4
80.957 161.770 24.449 1 25 19 580 4
80.957 161.770 24.449 2 25 19 580 4
80.957 161.770 24.449 3 25 19 580 4
80.957 161.770 24.449 4 25 19 580 4
80.957 161.770 24.449 5 25 19 580 4
80.957 161.770 24.449 6 25 19 580 4
80.957 161.770 24.449 7 25 19 580 4
80.957 161.770 24.449 8 25 19 580 4
80.957 161.770 24.449 9 25 19 580 4
80.957 161.770 24.449 10 25 19 580 4
80.957 161.770 24.449 11 25 19 580 4
122.621 49.083 203.139 12 25 19 615 1
122.621 49.083 203.139 13 25 19 615 1
122.621 49.083 203.139 14 25 19 615 1
122.621 49.083 203.139 15 25 19 615 1
122.621 49.083 203.139 16 25 19 615 1
122.621 49.083 203.139 17 25 19 615 1
144.748 167.251 322.201 18 25 19 579 4
144.748 167.251 322.201 19 25 19 579 4
144.748 167.251 322.201 20 25 19 579 4
144.748 167.251 322.201 21 25 19 579 4
144.748 167.251 322.201 22 25 19 579 4
144.748 167.251 322.201 23 25 19 579 4
144.748 167.251 322.201 24 25 19 579 4
144.748 167.251 322.201 25 25 19 579 4
144.748 167.251 322.201 26 25 19 579 4
144.748 167.251 322.201 27 25 19 579 4
144.748 167.251 322.201 28 25 19 579 4
144.748 167.251 322.201 29 25 19 579 4
144.748 167.251 322.201 30 25 19 579 4
80.957 161.770 24.449 1 26 19 580 4
80.957 161.770 24.449 2 26 19 580 4
80.957 161.770 24.449 3 26 19 580 4
80.957 161.770 24.449 4 26 19 580 4
80.957 161.770 24.449 5 26 19 580 4
80.957 161.770 24.449 6 26 19 580 4
80.957 161.770 24.449 7 26 19 580 4
80.957 161.770 24.449 8 26 19 580 4
80.957 161.770 24.449 9 26 19 580 4
80.957 161.770 24.449 10 26 19 580 4
80.957 161.770 24.449 11 26 19 580 4
80.957 161.770 24.449 12 26 19 580 4
122.621 49.083 203.139 13 26 19 615 1
122.621 49.083 203.139 14 26 19 615 1
122.621 49.083 203.139 15 26 19 615 1
122.621 49.083 203.139 16 26 19 615 1
144.748 167.251 322.201 17 26 19 579 4
144.748 167.251 322.201 18 26 19 579 4
144.748 167.251 322.201 19 26 19 579 4
144.748 167.251 322.201 20 26 19 579 4
144.748 167.251 322.201 21 26 19 579 4
144.748 167.251 322.201 22 26 19 579 4
144.748 167.251 322.201 23 26 19 579 4
144.748 167.251 322.201 24 26 19 579 4
144.748 167.251 322.201 25 26 19 579 4
144.748 167.251 322.201 26 26 19 579 4
144.748 167.251 322.201 27 26 19 579 4
144.748 167.251 322.201 28 26 19 579 4
144.748 167.251 322.201 29 26 19 579 4
144.748 167.251 322.201 30 26 19 579 4
80.957 161.770 24.449 1 27 19 580 4
80.957 161.770 24.449 2 27 19 580 4
80.957 161.770 24.449 3 27 19 580 4
80.957 161.770 24.449 4 27 19 580 4
80.957 161.770 24.449 5 27 19 580 4
80.957 161.770 24.449 6 27 19 580 4
80.957 161.770 24.449 7 27 19 580 4
80.957 161.770 24.449 8 27 19 580 4
80.957 161.770 24.449 9 27 19 580 4
80.957 161.770 24.449 10 27 19 580 4
80.957 161.770 24.449 11 27 19 580 4
80.957 161.770 24.449 12 27 19 580 4
80.957 161.770 24.449 13 27 19 580 4
80.957 161.770 24.449 14 27 19 580 4
122.621 49.083 203.139 15 27 19 615 1
122.621 49.083 203.139 16 27 19 615 1
144.748 167.251 322.201 17 27 19 579 4
144.748 167.251 322.201 18 27 19 579 4
144.748 167.251 322.201 19 27 19 579 4
144.748 167.251 322.201 20 27 19 579 4
144.748 167.251 322.201 21 27 19 579 4
144.748 167.251 322.201 22 27 19 579 4
144.748 167.251 322.201 23 27 19 579 4
144.748 167.251 322.201 24 27 19 579 4
144.748 167.251 322.201 25 27 19 579 4
144.748 167.251 322.201 26 27 19 579 4
144.748 167.251 322.201 27 27 19 579 4
144.748 167.251 322.201 28 27 19 579 4
144.748 167.251 322.201 29 27 19 579 4
144.748 167.251 322.201 30 27 19 579 4
80.957 161.770 24.449 1 28 19 580 4
80.957 161.770 24.449 2 28 19 580 4
80.957 161.770 24.449 3 28 19 580 4
80.957 161.770 24.449 4 28 19 580 4
80.957 161.770 24.449 5 28 19 580 4
80.957 161.770 24.449 6 28 19 580 4
80.957 161.770 24.449 7 28 19 580 4
80.957 161.770 24.449 8 28 19 580 4
80.957 161.770 24.449 9 28 19 580 4
80.957 161.770 24.449 10 28 19 580 4
80.957 161.770 24.449 11 28 19 580 4
80.957 161.770 24.449 12 28 19 580 4
80.957 161.770 24.449 13 28 19 580 4
80.957 161.770 24.449 14 28 19 580 4
80.957 161.770 24.449 15 28 19 580 4
182.639 75.913 82.054 16 28 19 480 2
182.639 75.913 82.054 17 28 19 480 2
144.748 167.251 322.201 18 28 19 579 4
144.748 167.251 322.201 19 28 19 579 4
144.748 167.251 322.201 20 28 19 579 4
144.748 167.251 322.201 21 28 19 579 4
144.748 167.251 322.201 22 28 19 579 4
144.748 167.251 322.201 23 28 19 579 4
144.748 167.251 322.201 24 28 19 579 4
144.748 167.251 322.201 25 28 19 579 4
144.748 167.251 322.201 26 28 19 579 4
144.748 167.251 322.201 27 28 19 579 4
144.748 167.251 322.201 28 28 19 579 4
144.748 167.251 322.201 29 28 19 579 4
144.748 167.251 322.201 30 28 19 579 4
80.957 161.770 24.449 1 29 19 580 4
80.957 161.770 24.449 2 29 19 580 4
80.957 161.770 24.449 3 29 19 580 4
80.957 161.770 24.449 4 29 19 580 4
80.957 161.770 24.449 5 29 19 580 4
80.957 161.770 24.449 6 29 19 580 4
80.957 161.770 24.449 7 29 19 580 4
80.957 161.770 24.449 8 29 19 580 4
80.957 161.770 24.449 9 29 19 580 4
80.957 161.770 24.449 10 29 19 580 4
80.957 161.770 24.449 11 29 19 580 4
80.957 161.770 24.449 12 29 19 580 4
80.957 161.770 24.449 13 29 19 580 4
80.957 161.770 24.449 14 29 19 580 4
80.957 161.770 24.449 15 29 19 580 4
80.957 161.770 24.449 16 29 19 580 4
80.957 161.770 24.449 17 29 19 580 4
144.748 167.251 322.201 18 29 19 579 4
144.748 167.251 322.201 19 29 19 579 4
144.748 167.251 322.201 20 29 19 579 4
144.748 167.251 322.201 21 29 19 579 4
144.748 167.251 322.201 22 29 19 579 4
144.748 167.251 322.201 23 29 19 579 4
144.748 167.251 322.201 24 29 19 579 4
144.748 167.251 322.201 25 29 19 579 4
144.748 167.251 322.201 26 29 19 579 4
144.748 167.251 322.201 27 29 19 579 4
144.748 167.251 322.201 28 29 19 579 4
144.748 167.251 322.201 29 29 19 579 4
144.748 167.251 322.201 30 29 19 579 4
80.957 161.770 24.449 1 30 19 580 4
80.957 161.770 24.449 2 30 19 580 4
80.957 161.770 24.449 3 30 19 580 4
80.957 161.770 24.449 4 30 19 580 4
80.957 161.770 24.449 5 30 19 580 4
80.957 161.770 24.449 6 30 19 580 4
80.957 161.770 24.449 7 30 19 580 4
80.957 161.770 24.449 8 30 19 580 4
80.957 161.770 24.449 9 30 19 580 4
80.957 161.770 24.449 10 30 19 580 4
80.957 161.770 24.449 11 30 19 580 4
80.957 161.770 24.449 12 30 19 580 4
80.957 161.770 24.449 13 30 19 580 4
80.957 161.770 24.449 14 30 19 580 4
80.957 161.770 24.449 15 30 19 580 4
80.957 161.770 24.449 16 30 19 580 4
80.957 161.770 24.449 17 30 19 580 4
144.748 167.251 322.201 18 30 19 579 4
144.748 167.251 322.201 19 30 19 579 4
144.748 167.251 322.201 20 30 19 579 4
144.748 167.251 322.201 21 30 19 579 4
144.748 167.251 322.201 22 30 19 579 4
144.748 167.251 322.201 23 30 19 579 4
144.748 167.251 322.201 24 30 19 579 4
144.748 167.251 322.201 25 30 19 579 4
144.748 167.251 322.201 26 30 19 579 4
144.748 167.251 322.201 27 30 19 579 4
144.748 167.251 322.201 28 30 19 579 4
144.748 167.251 322.201 29 30 19 579 4
144.748 167.251 322.201 30 30 19 579 4
