57.603 157.296 62.654 1 1 26 634 2
57.603 157.296 62.654 2 1 26 634 2
57.603 157.296 62.654 3 1 26 634 2
57.603 157.296 62.654 4 1 26 634 2
57.603 157.296 62.654 5 1 26 634 2
158.917 127.320 35.378 6 1 26 210 1
158.917 127.320 35.378 7 1 26 210 1
228.526 50.276 104.202 8 1 26 571 3
228.526 50.276 104.202 9 1 26 571 3
228.526 50.276 104.202 10 1 26 571 3
228.526 50.276 104.202 11 1 26 571 3
228.526 50.276 104.202 12 1 26 571 3
228.526 50.276 104.202 13 1 26 571 3
228.526 50.276 104.202 14 1 26 571 3
38.454 60.353 206.976 15 1 26 446 1
228.526 50.276 104.202 16 1 26 571 3
228.526 50.276 104.202 17 1 26 571 3
228.526 50.276 104.202 18 1 26 571 3
228.526 50.276 104.202 19 1 26 571 3
228.526 50.276 104.202 20 1 26 571 3
228.526 50.276 104.202 21 1 26 571 3
228.526 50.276 104.202 22 1 26 571 3
228.526 50.276 104.202 23 1 26 571 3
228.526 50.276 104.202 24 1 26 571 3
228.526 50.276 104.202 25 1 26 571 3
228.526 50.276 104.202 26 1 26 571 3
228.526 50.276 104.202 27 1 26 571 3
228.526 50.276 104.202 28 1 26 571 3
228.526 50.276 104.202 29 1 26 571 3
228.526 50.276 104.202 30 1 26 571 3
57.603 157.296 62.654 1 2 26 634 2
57.603 157.296 62.654 2 2 26 634 2
57.603 157.296 62.654 3 2 26 634 2
57.603 157.296 62.654 4 2 26 634 2
57.603 157.296 62.654 5 2 26 634 2
158.917 127.320 35.378 6 2 26 210 1
158.917 127.320 35.378 7 2 26 210 1
228.526 50.276 104.202 8 2 26 571 3
228.526 50.276 104.202 9 2 26 571 3
359.839 59.062 200.547 10 2 26 83 1
220.728 169.950 133.913 11 2 26 355 1
41.656 136.781 38.928 12 2 26 40 1
228.526 50.276 104.202 13 2 26 571 3
228.526 50.276 104.202 14 2 26 571 3
228.526 50.276 104.202 15 2 26 571 3
228.526 50.276 104.202 16 2 26 571 3
228.526 50.276 104.202 17 2 26 571 3
228.526 50.276 104.202 18 2 26 571 3
228.526 50.276 104.202 19 2 26 571 3
228.526 50.276 104.202 20 2 26 571 3
228.526 50.276 104.202 21 2 26 571 3
203.682 53.467 88.277 22 2 26 112 1
228.526 50.276 104.202 23 2 26 571 3
228.526 50.276 104.202 24 2 26 571 3
228.526 50.276 104.202 25 2 26 571 3
228.526 50.276 104.202 26 2 26 571 3
228.526 50.276 104.202 27 2 26 571 3
168.292 47.878 355.756 28 2 26 279 1
228.526 50.276 104.202 29 2 26 571 3
228.526 50.276 104.202 30 2 26 571 3
57.603 157.296 62.654 1 3 26 634 2
57.603 157.296 62.654 2 3 26 634 2
57.603 157.296 62.654 3 3 26 634 2
57.603 157.296 62.654 4 3 26 634 2
57.603 157.296 62.654 5 3 26 634 2
111.177 67.703 142.296 6 3 26 206 1
111.177 67.703 142.296 7 3 26 206 1
111.177 67.703 142.296 8 3 26 206 1
228.526 50.276 104.202 9 3 26 571 3
228.526 50.276 104.202 10 3 26 571 3
228.526 50.276 104.202 11 3 26 571 3
228.526 50.276 104.202 12 3 26 571 3
228.526 50.276 104.202 13 3 26 571 3
228.526 50.276 104.202 14 3 26 571 3
228.526 50.276 104.202 15 3 26 571 3
228.526 50.276 104.202 16 3 26 571 3
228.526 50.276 104.202 17 3 26 571 3
228.526 50.276 104.202 18 3 26 571 3
228.526 50.276 104.202 19 3 26 571 3
228.526 50.276 104.202 20 3 26 571 3
228.526 50.276 104.202 21 3 26 571 3
228.526 50.276 104.202 22 3 26 571 3
228.526 50.276 104.202 23 3 26 571 3
228.526 50.276 104.202 24 3 26 571 3
228.526 50.276 104.202 25 3 26 571 3
228.526 50.276 104.202 26 3 26 571 3
228.526 50.276 104.202 27 3 26 571 3
228.526 50.276 104.202 28 3 26 571 3
228.526 50.276 104.202 29 3 26 571 3
228.526 50.276 104.202 30 3 26 571 3
57.603 157.296 62.654 1 4 26 634 2
57.603 157.296 62.654 2 4 26 634 2
57.603 157.296 62.654 3 4 26 634 2
57.603 157.296 62.654 4 4 26 634 2
111.177 67.703 142.296 5 4 26 206 1
111.177 67.703 142.296 6 4 26 206 1
111.177 67.703 142.296 7 4 26 206 1
111.177 67.703 142.296 8 4 26 206 1
111.177 67.703 142.296 9 4 26 206 1
228.526 50.276 104.202 10 4 26 571 3
228.526 50.276 104.202 11 4 26 571 3
203.563 116.925 16.046 12 4 26 13 1
228.526 50.276 104.202 13 4 26 571 3
228.526 50.276 104.202 14 4 26 571 3
228.526 50.276 104.202 15 4 26 571 3
228.526 50.276 104.202 16 4 26 571 3
228.526 50.276 104.202 17 4 26 571 3
228.526 50.276 104.202 18 4 26 571 3
228.526 50.276 104.202 19 4 26 571 3
277.911 43.786 120.104 20 4 26 233 1
228.526 50.276 104.202 21 4 26 571 3
228.526 50.276 104.202 22 4 26 571 3
228.526 50.276 104.202 23 4 26 571 3
228.526 50.276 104.202 24 4 26 571 3
228.526 50.276 104.202 25 4 26 571 3
248.230 98.077 329.064 26 4 26 174 1
228.526 50.276 104.202 27 4 26 571 3
228.526 50.276 104.202 28 4 26 571 3
228.526 50.276 104.202 29 4 26 571 3
228.526 50.276 104.202 30 4 26 571 3
234.709 129.027 209.116 1 5 26 69 1
234.709 129.027 209.116 2 5 26 69 1
234.709 129.027 209.116 3 5 26 69 1
234.709 129.027 209.116 4 5 26 69 1
17.847 54.428 257.623 5 5 26 587 4
111.177 67.703 142.296 6 5 26 206 1
111.177 67.703 142.296 7 5 26 206 1
111.177 67.703 142.296 8 5 26 206 1
111.177 67.703 142.296 9 5 26 206 1
228.526 50.276 104.202 10 5 26 571 3
228.526 50.276 104.202 11 5 26 571 3
228.526 50.276 104.202 12 5 26 571 3
228.526 50.276 104.202 13 5 26 571 3
228.526 50.276 104.202 14 5 26 571 3
228.526 50.276 104.202 15 5 26 571 3
228.526 50.276 104.202 16 5 26 571 3
228.526 50.276 104.202 17 5 26 571 3
228.526 50.276 104.202 18 5 26 571 3
228.526 50.276 104.202 19 5 26 571 3
228.526 50.276 104.202 20 5 26 571 3
228.526 50.276 104.202 21 5 26 571 3
228.526 50.276 104.202 22 5 26 571 3
228.526 50.276 104.202 23 5 26 571 3
228.526 50.276 104.202 24 5 26 571 3
228.526 50.276 104.202 25 5 26 571 3
228.526 50.276 104.202 26 5 26 571 3
228.526 50.276 104.202 27 5 26 571 3
228.526 50.276 104.202 28 5 26 571 3
228.526 50.276 104.202 29 5 26 571 3
228.526 50.276 104.202 30 5 26 571 3
234.709 129.027 209.116 1 6 26 69 1
234.709 129.027 209.116 2 6 26 69 1
234.709 129.027 209.116 3 6 26 69 1
234.709 129.027 209.116 4 6 26 69 1
17.847 54.428 257.623 5 6 26 587 4
17.847 54.428 257.623 6 6 26 587 4
17.847 54.428 257.623 7 6 26 587 4
17.847 54.428 257.623 8 6 26 587 4
17.847 54.428 257.623 9 6 26 587 4
265.848 30.584 260.139 10 6 26 197 1
318.964 82.836 166.862 11 6 26 591 1
318.964 82.836 166.862 12 6 26 591 1
228.526 50.276 104.202 13 6 26 571 3
228.526 50.276 104.202 14 6 26 571 3
228.526 50.276 104.202 15 6 26 571 3
228.526 50.276 104.202 16 6 26 571 3
228.526 50.276 104.202 17 6 26 571 3
62.283 70.172 324.623 18 6 26 99 1
228.526 50.276 104.202 19 6 26 571 3
228.526 50.276 104.202 20 6 26 571 3
228.526 50.276 104.202 21 6 26 571 3
228.526 50.276 104.202 22 6 26 571 3
228.526 50.276 104.202 23 6 26 571 3
228.526 50.276 104.202 24 6 26 571 3
228.526 50.276 104.202 25 6 26 571 3
228.526 50.276 104.202 26 6 26 571 3
228.526 50.276 104.202 27 6 26 571 3
228.526 50.276 104.202 28 6 26 571 3
228.526 50.276 104.202 29 6 26 571 3
228.526 50.276 104.202 30 6 26 571 3
234.709 129.027 209.116 1 7 26 69 1
234.709 129.027 209.116 2 7 26 69 1
234.709 129.027 209.116 3 7 26 69 1
17.847 54.428 257.623 4 7 26 587 4
17.847 54.428 257.623 5 7 26 587 4
17.847 54.428 257.623 6 7 26 587 4
17.847 54.428 257.623 7 7 26 587 4
17.847 54.428 257.623 8 7 26 587 4
17.847 54.428 257.623 9 7 26 587 4
17.847 54.428 257.623 10 7 26 587 4
17.847 54.428 257.623 11 7 26 587 4
228.526 50.276 104.202 12 7 26 571 3
228.526 50.276 104.202 13 7 26 571 3
228.526 50.276 104.202 14 7 26 571 3
228.526 50.276 104.202 15 7 26 571 3
228.526 50.276 104.202 16 7 26 571 3
228.526 50.276 104.202 17 7 26 571 3
228.526 50.276 104.202 18 7 26 571 3
228.526 50.276 104.202 19 7 26 571 3
228.526 50.276 104.202 20 7 26 571 3
228.526 50.276 104.202 21 7 26 571 3
228.526 50.276 104.202 22 7 26 571 3
228.526 50.276 104.202 23 7 26 571 3
228.526 50.276 104.202 24 7 26 571 3
228.526 50.276 104.202 25 7 26 571 3
228.526 50.276 104.202 26 7 26 571 3
228.526 50.276 104.202 27 7 26 571 3
228.526 50.276 104.202 28 7 26 571 3
228.526 50.276 104.202 29 7 26 571 3
228.526 50.276 104.202 30 7 26 571 3
17.847 54.428 257.623 1 8 26 587 4
17.847 54.428 257.623 2 8 26 587 4
17.847 54.428 257.623 3 8 26 587 4
17.847 54.428 257.623 4 8 26 587 4
17.847 54.428 257.623 5 8 26 587 4
17.847 54.428 257.623 6 8 26 587 4
17.847 54.428 257.623 7 8 26 587 4
17.847 54.428 257.623 8 8 26 587 4
17.847 54.428 257.623 9 8 26 587 4
17.847 54.428 257.623 10 8 26 587 4
17.847 54.428 257.623 11 8 26 587 4
17.847 54.428 257.623 12 8 26 587 4
17.847 54.428 257.623 13 8 26 587 4
228.526 50.276 104.202 14 8 26 571 3
228.526 50.276 104.202 15 8 26 571 3
228.526 50.276 104.202 16 8 26 571 3
228.526 50.276 104.202 17 8 26 571 3
225.717 129.967 181.750 18 8 26 4 1
228.526 50.276 104.202 19 8 26 571 3
228.526 50.276 104.202 20 8 26 571 3
228.526 50.276 104.202 21 8 26 571 3
259.009 128.289 211.533 22 8 26 628 1
228.526 50.276 104.202 23 8 26 571 3
228.526 50.276 104.202 24 8 26 571 3
228.526 50.276 104.202 25 8 26 571 3
228.526 50.276 104.202 26 8 26 571 3
228.526 50.276 104.202 27 8 26 571 3
178.168 59.800 174.539 28 8 26 203 1
228.526 50.276 104.202 29 8 26 571 3
228.526 50.276 104.202 30 8 26 571 3
17.847 54.428 257.623 1 9 26 587 4
17.847 54.428 257.623 2 9 26 587 4
17.847 54.428 257.623 3 9 26 587 4
17.847 54.428 257.623 4 9 26 587 4
17.847 54.428 257.623 5 9 26 587 4
17.847 54.428 257.623 6 9 26 587 4
17.847 54.428 257.623 7 9 26 587 4
17.847 54.428 257.623 8 9 26 587 4
17.847 54.428 257.623 9 9 26 587 4
17.847 54.428 257.623 10 9 26 587 4
17.847 54.428 257.623 11 9 26 587 4
17.847 54.428 257.623 12 9 26 587 4
17.847 54.428 257.623 13 9 26 587 4
17.847 54.428 257.623 14 9 26 587 4
228.526 50.276 104.202 15 9 26 571 3
87.665 113.398 240.359 16 9 26 386 1
228.526 50.276 104.202 17 9 26 571 3
228.526 50.276 104.202 18 9 26 571 3
228.526 50.276 104.202 19 9 26 571 3
228.526 50.276 104.202 20 9 26 571 3
228.526 50.276 104.202 21 9 26 571 3
228.526 50.276 104.202 22 9 26 571 3
228.526 50.276 104.202 23 9 26 571 3
228.526 50.276 104.202 24 9 26 571 3
228.526 50.276 104.202 25 9 26 571 3
228.526 50.276 104.202 26 9 26 571 3
228.526 50.276 104.202 27 9 26 571 3
228.526 50.276 104.202 28 9 26 571 3
228.526 50.276 104.202 29 9 26 571 3
228.526 50.276 104.202 30 9 26 571 3
17.847 54.428 257.623 1 10 26 587 4
17.847 54.428 257.623 2 10 26 587 4
17.847 54.428 257.623 3 10 26 587 4
17.847 54.428 257.623 4 10 26 587 4
17.847 54.428 257.623 5 10 26 587 4
17.847 54.428 257.623 6 10 26 587 4
17.847 54.428 257.623 7 10 26 587 4
17.847 54.428 257.623 8 10 26 587 4
17.847 54.428 257.623 9 10 26 587 4
17.847 54.428 257.623 10 10 26 587 4
17.847 54.428 257.623 11 10 26 587 4
17.847 54.428 257.623 12 10 26 587 4
17.847 54.428 257.623 13 10 26 587 4
17.847 54.428 257.623 14 10 26 587 4
36.095 116.034 240.727 15 10 26 639 2
87.665 113.398 240.359 16 10 26 386 1
334.343 100.404 168.462 17 10 26 130 1
228.526 50.276 104.202 18 10 26 571 3
228.526 50.276 104.202 19 10 26 571 3
228.526 50.276 104.202 20 10 26 571 3
228.526 50.276 104.202 21 10 26 571 3
270.047 139.970 215.248 22 10 26 58 1
228.526 50.276 104.202 23 10 26 571 3
132.366 101.028 56.919 24 10 26 538 2
228.526 50.276 104.202 25 10 26 571 3
228.526 50.276 104.202 26 10 26 571 3
228.526 50.276 104.202 27 10 26 571 3
346.497 70.090 89.184 28 10 26 638 2
228.526 50.276 104.202 29 10 26 571 3
228.526 50.276 104.202 30 10 26 571 3
17.847 54.428 257.623 1 11 26 587 4
17.847 54.428 257.623 2 11 26 587 4
17.847 54.428 257.623 3 11 26 587 4
17.847 54.428 257.623 4 11 26 587 4
17.847 54.428 257.623 5 11 26 587 4
17.847 54.428 257.623 6 11 26 587 4
17.847 54.428 257.623 7 11 26 587 4
17.847 54.428 257.623 8 11 26 587 4
17.847 54.428 257.623 9 11 26 587 4
17.847 54.428 257.623 10 11 26 587 4
17.847 54.428 257.623 11 11 26 587 4
17.847 54.428 257.623 12 11 26 587 4
17.847 54.428 257.623 13 11 26 587 4
17.847 54.428 257.623 14 11 26 587 4
17.847 54.428 257.623 15 11 26 587 4
87.665 113.398 240.359 16 11 26 386 1
334.343 100.404 168.462 17 11 26 130 1
228.526 50.276 104.202 18 11 26 571 3
228.526 50.276 104.202 19 11 26 571 3
228.526 50.276 104.202 20 11 26 571 3
228.526 50.276 104.202 21 11 26 571 3
228.526 50.276 104.202 22 11 26 571 3
228.526 50.276 104.202 23 11 26 571 3
228.526 50.276 104.202 24 11 26 571 3
228.526 50.276 104.202 25 11 26 571 3
228.526 50.276 104.202 26 11 26 571 3
228.526 50.276 104.202 27 11 26 571 3
228.526 50.276 104.202 28 11 26 571 3
228.526 50.276 104.202 29 11 26 571 3
228.526 50.276 104.202 30 11 26 571 3
17.847 54.428 257.623 1 12 26 587 4
17.847 54.428 257.623 2 12 26 587 4
17.847 54.428 257.623 3 12 26 587 4
17.847 54.428 257.623 4 12 26 587 4
17.847 54.428 257.623 5 12 26 587 4
17.847 54.428 257.623 6 12 26 587 4
17.847 54.428 257.623 7 12 26 587 4
17.847 54.428 257.623 8 12 26 587 4
17.847 54.428 257.623 9 12 26 587 4
17.847 54.428 257.623 10 12 26 587 4
17.847 54.428 257.623 11 12 26 587 4
17.847 54.428 257.623 12 12 26 587 4
17.847 54.428 257.623 13 12 26 587 4
17.847 54.428 257.623 14 12 26 587 4
17.847 54.428 257.623 15 12 26 587 4
17.847 54.428 257.623 16 12 26 587 4
17.847 54.428 257.623 17 12 26 587 4
68.516 53.298 135.893 18 12 26 453 1
228.526 50.276 104.202 19 12 26 571 3
228.526 50.276 104.202 20 12 26 571 3
228.526 50.276 104.202 21 12 26 571 3
228.526 50.276 104.202 22 12 26 571 3
228.526 50.276 104.202 23 12 26 571 3
228.526 50.276 104.202 24 12 26 571 3
172.963 100.175 132.384 25 12 26 574 4
172.963 100.175 132.384 26 12 26 574 4
172.963 100.175 132.384 27 12 26 574 4
172.963 100.175 132.384 28 12 26 574 4
228.526 50.276 104.202 29 12 26 571 3
228.526 50.276 104.202 30 12 26 571 3
17.847 54.428 257.623 1 13 26 587 4
17.847 54.428 257.623 2 13 26 587 4
17.847 54.428 257.623 3 13 26 587 4
17.847 54.428 257.623 4 13 26 587 4
17.847 54.428 257.623 5 13 26 587 4
17.847 54.428 257.623 6 13 26 587 4
17.847 54.428 257.623 7 13 26 587 4
17.847 54.428 257.623 8 13 26 587 4
17.847 54.428 257.623 9 13 26 587 4
17.847 54.428 257.623 10 13 26 587 4
17.847 54.428 257.623 11 13 26 587 4
17.847 54.428 257.623 12 13 26 587 4
17.847 54.428 257.623 13 13 26 587 4
17.847 54.428 257.623 14 13 26 587 4
17.847 54.428 257.623 15 13 26 587 4
17.847 54.428 257.623 16 13 26 587 4
17.847 54.428 257.623 17 13 26 587 4
17.847 54.428 257.623 18 13 26 587 4
165.210 75.007 332.781 19 13 26 101 1
165.210 75.007 332.781 20 13 26 101 1
228.526 50.276 104.202 21 13 26 571 3
172.963 100.175 132.384 22 13 26 574 4
172.963 100.175 132.384 23 13 26 574 4
172.963 100.175 132.384 24 13 26 574 4
172.963 100.175 132.384 25 13 26 574 4
172.963 100.175 132.384 26 13 26 574 4
172.963 100.175 132.384 27 13 26 574 4
172.963 100.175 132.384 28 13 26 574 4
228.526 50.276 104.202 29 13 26 571 3
228.526 50.276 104.202 30 13 26 571 3
17.847 54.428 257.623 1 14 26 587 4
17.847 54.428 257.623 2 14 26 587 4
17.847 54.428 257.623 3 14 26 587 4
17.847 54.428 257.623 4 14 26 587 4
17.847 54.428 257.623 5 14 26 587 4
17.847 54.428 257.623 6 14 26 587 4
17.847 54.428 257.623 7 14 26 587 4
17.847 54.428 257.623 8 14 26 587 4
17.847 54.428 257.623 9 14 26 587 4
17.847 54.428 257.623 10 14 26 587 4
17.847 54.428 257.623 11 14 26 587 4
17.847 54.428 257.623 12 14 26 587 4
17.847 54.428 257.623 13 14 26 587 4
17.847 54.428 257.623 14 14 26 587 4
17.847 54.428 257.623 15 14 26 587 4
17.847 54.428 257.623 16 14 26 587 4
17.847 54.428 257.623 17 14 26 587 4
114.825 85.789 238.376 18 14 26 489 2
165.210 75.007 332.781 19 14 26 101 1
165.210 75.007 332.781 20 14 26 101 1
165.210 75.007 332.781 21 14 26 101 1
172.963 100.175 132.384 22 14 26 574 4
172.963 100.175 132.384 23 14 26 574 4
172.963 100.175 132.384 24 14 26 574 4
172.963 100.175 132.384 25 14 26 574 4
172.963 100.175 132.384 26 14 26 574 4
172.963 100.175 132.384 27 14 26 574 4
172.963 100.175 132.384 28 14 26 574 4
172.963 100.175 132.384 29 14 26 574 4
172.963 100.175 132.384 30 14 26 574 4
17.847 54.428 257.623 1 15 26 587 4
17.847 54.428 257.623 2 15 26 587 4
17.847 54.428 257.623 3 15 26 587 4
17.847 54.428 257.623 4 15 26 587 4
17.847 54.428 257.623 5 15 26 587 4
17.847 54.428 257.623 6 15 26 587 4
17.847 54.428 257.623 7 15 26 587 4
17.847 54.428 257.623 8 15 26 587 4
17.847 54.428 257.623 9 15 26 587 4
17.847 54.428 257.623 10 15 26 587 4
17.847 54.428 257.623 11 15 26 587 4
17.847 54.428 257.623 12 15 26 587 4
17.847 54.428 257.623 13 15 26 587 4
17.847 54.428 257.623 14 15 26 587 4
17.847 54.428 257.623 15 15 26 587 4
17.847 54.428 257.623 16 15 26 587 4
92.568 26.988 267.584 17 15 26 529 2
114.825 85.789 238.376 18 15 26 489 2
114.825 85.789 238.376 19 15 26 489 2
165.210 75.007 332.781 20 15 26 101 1
172.963 100.175 132.384 21 15 26 574 4
172.963 100.175 132.384 22 15 26 574 4
172.963 100.175 132.384 23 15 26 574 4
172.963 100.175 132.384 24 15 26 574 4
172.963 100.175 132.384 25 15 26 574 4
172.963 100.175 132.384 26 15 26 574 4
172.963 100.175 132.384 27 15 26 574 4
172.963 100.175 132.384 28 15 26 574 4
172.963 100.175 132.384 29 15 26 574 4
172.963 100.175 132.384 30 15 26 574 4
17.847 54.428 257.623 1 16 26 587 4
17.847 54.428 257.623 2 16 26 587 4
17.847 54.428 257.623 3 16 26 587 4
17.847 54.428 257.623 4 16 26 587 4
17.847 54.428 257.623 5 16 26 587 4
17.847 54.428 257.623 6 16 26 587 4
17.847 54.428 257.623 7 16 26 587 4
17.847 54.428 257.623 8 16 26 587 4
17.847 54.428 257.623 9 16 26 587 4
17.847 54.428 257.623 10 16 26 587 4
17.847 54.428 257.623 11 16 26 587 4
17.847 54.428 257.623 12 16 26 587 4
17.847 54.428 257.623 13 16 26 587 4
17.847 54.428 257.623 14 16 26 587 4
17.847 54.428 257.623 15 16 26 587 4
17.847 54.428 257.623 16 16 26 587 4
92.568 26.988 267.584 17 16 26 529 2
114.825 85.789 238.376 18 16 26 489 2
114.825 85.789 238.376 19 16 26 489 2
184.745 99.061 232.225 20 16 26 108 1
184.745 99.061 232.225 21 16 26 108 1
172.963 100.175 132.384 22 16 26 574 4
172.963 100.175 132.384 23 16 26 574 4
172.963 100.175 132.384 24 16 26 574 4
172.963 100.175 132.384 25 16 26 574 4
172.963 100.175 132.384 26 16 26 574 4
172.963 100.175 132.384 27 16 26 574 4
172.963 100.175 132.384 28 16 26 574 4
172.963 100.175 132.384 29 16 26 574 4
172.963 100.175 132.384 30 16 26 574 4
17.847 54.428 257.623 1 17 26 587 4
17.847 54.428 257.623 2 17 26 587 4
17.847 54.428 257.623 3 17 26 587 4
17.847 54.428 257.623 4 17 26 587 4
17.847 54.428 257.623 5 17 26 587 4
17.847 54.428 257.623 6 17 26 587 4
17.847 54.428 257.623 7 17 26 587 4
17.847 54.428 257.623 8 17 26 587 4
17.847 54.428 257.623 9 17 26 587 4
17.847 54.428 257.623 10 17 26 587 4
17.847 54.428 257.623 11 17 26 587 4
17.847 54.428 257.623 12 17 26 587 4
17.847 54.428 257.623 13 17 26 587 4
17.847 54.428 257.623 14 17 26 587 4
17.847 54.428 257.623 15 17 26 587 4
17.847 54.428 257.623 16 17 26 587 4
17.847 54.428 257.623 17 17 26 587 4
267.583 65.409 60.517 18 17 26 262 1
114.825 85.789 238.376 19 17 26 489 2
114.825 85.789 238.376 20 17 26 489 2
184.745 99.061 232.225 21 17 26 108 1
172.963 100.175 132.384 22 17 26 574 4
172.963 100.175 132.384 23 17 26 574 4
172.963 100.175 132.384 24 17 26 574 4
172.963 100.175 132.384 25 17 26 574 4
172.963 100.175 132.384 26 17 26 574 4
172.963 100.175 132.384 27 17 26 574 4
172.963 100.175 132.384 28 17 26 574 4
172.963 100.175 132.384 29 17 26 574 4
172.963 100.175 132.384 30 17 26 574 4
17.847 54.428 257.623 1 18 26 587 4
17.847 54.428 257.623 2 18 26 587 4
17.847 54.428 257.623 3 18 26 587 4
17.847 54.428 257.623 4 18 26 587 4
17.847 54.428 257.623 5 18 26 587 4
59.621 137.333 25.873 6 18 26 73 1
17.847 54.428 257.623 7 18 26 587 4
17.847 54.428 257.623 8 18 26 587 4
17.847 54.428 257.623 9 18 26 587 4
17.847 54.428 257.623 10 18 26 587 4
17.847 54.428 257.623 11 18 26 587 4
17.847 54.428 257.623 12 18 26 587 4
17.847 54.428 257.623 13 18 26 587 4
17.847 54.428 257.623 14 18 26 587 4
17.847 54.428 257.623 15 18 26 587 4
17.847 54.428 257.623 16 18 26 587 4
17.847 54.428 257.623 17 18 26 587 4
267.583 65.409 60.517 18 18 26 262 1
267.583 65.409 60.517 19 18 26 262 1
114.825 85.789 238.376 20 18 26 489 2
172.963 100.175 132.384 21 18 26 574 4
172.963 100.175 132.384 22 18 26 574 4
172.963 100.175 132.384 23 18 26 574 4
172.963 100.175 132.384 24 18 26 574 4
172.963 100.175 132.384 25 18 26 574 4
172.963 100.175 132.384 26 18 26 574 4
172.963 100.175 132.384 27 18 26 574 4
172.963 100.175 132.384 28 18 26 574 4
172.963 100.175 132.384 29 18 26 574 4
144.748 167.251 322.201 30 18 26 579 4
17.847 54.428 257.623 1 19 26 587 4
17.847 54.428 257.623 2 19 26 587 4
17.847 54.428 257.623 3 19 26 587 4
17.847 54.428 257.623 4 19 26 587 4
17.847 54.428 257.623 5 19 26 587 4
17.847 54.428 257.623 6 19 26 587 4
17.847 54.428 257.623 7 19 26 587 4
17.847 54.428 257.623 8 19 26 587 4
17.847 54.428 257.623 9 19 26 587 4
17.847 54.428 257.623 10 19 26 587 4
17.847 54.428 257.623 11 19 26 587 4
17.847 54.428 257.623 12 19 26 587 4
17.847 54.428 257.623 13 19 26 587 4
17.847 54.428 257.623 14 19 26 587 4
17.847 54.428 257.623 15 19 26 587 4
17.847 54.428 257.623 16 19 26 587 4
17.847 54.428 257.623 17 19 26 587 4
17.847 54.428 257.623 18 19 26 587 4
267.583 65.409 60.517 19 19 26 262 1
114.825 85.789 238.376 20 19 26 489 2
172.963 100.175 132.384 21 19 26 574 4
172.963 100.175 132.384 22 19 26 574 4
172.963 100.175 132.384 23 19 26 574 4
172.963 100.175 132.384 24 19 26 574 4
172.963 100.175 132.384 25 19 26 574 4
172.963 100.175 132.384 26 19 26 574 4
144.748 167.251 322.201 27 19 26 579 4
144.748 167.251 322.201 28 19 26 579 4
144.748 167.251 322.201 29 19 26 579 4
144.748 167.251 322.201 30 19 26 579 4
17.847 54.428 257.623 1 20 26 587 4
17.847 54.428 257.623 2 20 26 587 4
17.847 54.428 257.623 3 20 26 587 4
17.847 54.428 257.623 4 20 26 587 4
17.847 54.428 257.623 5 20 26 587 4
17.847 54.428 257.623 6 20 26 587 4
17.847 54.428 257.623 7 20 26 587 4
17.847 54.428 257.623 8 20 26 587 4
17.847 54.428 257.623 9 20 26 587 4
17.847 54.428 257.623 10 20 26 587 4
17.847 54.428 257.623 11 20 26 587 4
17.847 54.428 257.623 12 20 26 587 4
17.847 54.428 257.623 13 20 26 587 4
14.361 82.344 34.006 14 20 26 408 1
17.847 54.428 257.623 15 20 26 587 4
17.847 54.428 257.623 16 20 26 587 4
17.847 54.428 257.623 17 20 26 587 4
17.847 54.428 257.623 18 20 26 587 4
17.847 54.428 257.623 19 20 26 587 4
172.963 100.175 132.384 20 20 26 574 4
172.963 100.175 132.384 21 20 26 574 4
172.963 100.175 132.384 22 20 26 574 4
172.963 100.175 132.384 23 20 26 574 4
172.963 100.175 132.384 24 20 26 574 4
144.748 167.251 322.201 25 20 26 579 4
144.748 167.251 322.201 26 20 26 579 4
144.748 167.251 322.201 27 20 26 579 4
144.748 167.251 322.201 28 20 26 579 4
144.748 167.251 322.201 29 20 26 579 4
144.748 167.251 322.201 30 20 26 579 4
17.847 54.428 257.623 1 21 26 587 4
17.847 54.428 257.623 2 21 26 587 4
17.847 54.428 257.623 3 21 26 587 4
17.847 54.428 257.623 4 21 26 587 4
17.847 54.428 257.623 5 21 26 587 4
17.847 54.428 257.623 6 21 26 587 4
17.847 54.428 257.623 7 21 26 587 4
17.847 54.428 257.623 8 21 26 587 4
17.847 54.428 257.623 9 21 26 587 4
17.847 54.428 257.623 10 21 26 587 4
17.847 54.428 257.623 11 21 26 587 4
17.847 54.428 257.623 12 21 26 587 4
17.847 54.428 257.623 13 21 26 587 4
17.847 54.428 257.623 14 21 26 587 4
17.847 54.428 257.623 15 21 26 587 4
17.847 54.428 257.623 16 21 26 587 4
17.847 54.428 257.623 17 21 26 587 4
17.847 54.428 257.623 18 21 26 587 4
144.748 167.251 322.201 19 21 26 579 4
144.748 167.251 322.201 20 21 26 579 4
144.748 167.251 322.201 21 21 26 579 4
144.748 167.251 322.201 22 21 26 579 4
144.748 167.251 322.201 23 21 26 579 4
144.748 167.251 322.201 24 21 26 579 4
144.748 167.251 322.201 25 21 26 579 4
144.748 167.251 322.201 26 21 26 579 4
144.748 167.251 322.201 27 21 26 579 4
144.748 167.251 322.201 28 21 26 579 4
144.748 167.251 322.201 29 21 26 579 4
144.748 167.251 322.201 30 21 26 579 4
17.847 54.428 257.623 1 22 26 587 4
17.847 54.428 257.623 2 22 26 587 4
17.847 54.428 257.623 3 22 26 587 4
17.847 54.428 257.623 4 22 26 587 4
17.847 54.428 257.623 5 22 26 587 4
17.847 54.428 257.623 6 22 26 587 4
17.847 54.428 257.623 7 22 26 587 4
17.847 54.428 257.623 8 22 26 587 4
17.847 54.428 257.623 9 22 26 587 4
17.847 54.428 257.623 10 22 26 587 4
17.847 54.428 257.623 11 22 26 587 4
17.847 54.428 257.623 12 22 26 587 4
17.847 54.428 257.623 13 22 26 587 4
17.847 54.428 257.623 14 22 26 587 4
17.847 54.428 257.623 15 22 26 587 4
17.847 54.428 257.623 16 22 26 587 4
17.847 54.428 257.623 17 22 26 587 4
17.847 54.428 257.623 18 22 26 587 4
144.748 167.251 322.201 19 22 26 579 4
144.748 167.251 322.201 20 22 26 579 4
144.748 167.251 322.201 21 22 26 579 4
144.748 167.251 322.201 22 22 26 579 4
144.748 167.251 322.201 23 22 26 579 4
144.748 167.251 322.201 24 22 26 579 4
144.748 167.251 322.201 25 22 26 579 4
144.748 167.251 322.201 26 22 26 579 4
144.748 167.251 322.201 27 22 26 579 4
144.748 167.251 322.201 28 22 26 579 4
144.748 167.251 322.201 29 22 26 579 4
144.748 167.251 322.201 30 22 26 579 4
17.847 54.428 257.623 1 23 26 587 4
17.847 54.428 257.623 2 23 26 587 4
17.847 54.428 257.623 3 23 26 587 4
17.847 54.428 257.623 4 23 26 587 4
17.847 54.428 257.623 5 23 26 587 4
17.847 54.428 257.623 6 23 26 587 4
17.847 54.428 257.623 7 23 26 587 4
17.847 54.428 257.623 8 23 26 587 4
17.847 54.428 257.623 9 23 26 587 4
17.847 54.428 257.623 10 23 26 587 4
17.847 54.428 257.623 11 23 26 587 4
17.847 54.428 257.623 12 23 26 587 4
17.847 54.428 257.623 13 23 26 587 4
17.847 54.428 257.623 14 23 26 587 4
17.847 54.428 257.623 15 23 26 587 4
17.847 54.428 257.623 16 23 26 587 4
17.847 54.428 257.623 17 23 26 587 4
17.847 54.428 257.623 18 23 26 587 4
144.748 167.251 322.201 19 23 26 579 4
144.748 167.251 322.201 20 23 26 579 4
144.748 167.251 322.201 21 23 26 579 4
144.748 167.251 322.201 22 23 26 579 4
144.748 167.251 322.201 23 23 26 579 4
144.748 167.251 322.201 24 23 26 579 4
144.748 167.251 322.201 25 23 26 579 4
144.748 167.251 322.201 26 23 26 579 4
144.748 167.251 322.201 27 23 26 579 4
144.748 167.251 322.201 28 23 26 579 4
144.748 167.251 322.201 29 23 26 579 4
144.748 167.251 322.201 30 23 26 579 4
17.847 54.428 257.623 1 24 26 587 4
17.847 54.428 257.623 2 24 26 587 4
17.847 54.428 257.623 3 24 26 587 4
17.847 54.428 257.623 4 24 26 587 4
17.847 54.428 257.623 5 24 26 587 4
17.847 54.428 257.623 6 24 26 587 4
17.847 54.428 257.623 7 24 26 587 4
17.847 54.428 257.623 8 24 26 587 4
17.847 54.428 257.623 9 24 26 587 4
17.847 54.428 257.623 10 24 26 587 4
17.847 54.428 257.623 11 24 26 587 4
17.847 54.428 257.623 12 24 26 587 4
17.847 54.428 257.623 13 24 26 587 4
17.847 54.428 257.623 14 24 26 587 4
17.847 54.428 257.623 15 24 26 587 4
17.847 54.428 257.623 16 24 26 587 4
17.847 54.428 257.623 17 24 26 587 4
17.847 54.428 257.623 18 24 26 587 4
144.748 167.251 322.201 19 24 26 579 4
144.748 167.251 322.201 20 24 26 579 4
144.748 167.251 322.201 21 24 26 579 4
144.748 167.251 322.201 22 24 26 579 4
144.748 167.251 322.201 23 24 26 579 4
144.748 167.251 322.201 24 24 26 579 4
144.748 167.251 322.201 25 24 26 579 4
144.748 167.251 322.201 26 24 26 579 4
144.748 167.251 322.201 27 24 26 579 4
144.748 167.251 322.201 28 24 26 579 4
144.748 167.251 322.201 29 24 26 579 4
144.748 167.251 322.201 30 24 26 579 4
17.847 54.428 257.623 1 25 26 587 4
17.847 54.428 257.623 2 25 26 587 4
17.847 54.428 257.623 3 25 26 587 4
17.847 54.428 257.623 4 25 26 587 4
17.847 54.428 257.623 5 25 26 587 4
17.847 54.428 257.623 6 25 26 587 4
17.847 54.428 257.623 7 25 26 587 4
17.847 54.428 257.623 8 25 26 587 4
17.847 54.428 257.623 9 25 26 587 4
17.847 54.428 257.623 10 25 26 587 4
17.847 54.428 257.623 11 25 26 587 4
17.847 54.428 257.623 12 25 26 587 4
17.847 54.428 257.623 13 25 26 587 4
17.847 54.428 257.623 14 25 26 587 4
17.847 54.428 257.623 15 25 26 587 4
206.028 66.412 242.802 16 25 26 360 1
206.028 66.412 242.802 17 25 26 360 1
206.028 66.412 242.802 18 25 26 360 1
144.748 167.251 322.201 19 25 26 579 4
144.748 167.251 322.201 20 25 26 579 4
144.748 167.251 322.201 21 25 26 579 4
144.748 167.251 322.201 22 25 26 579 4
144.748 167.251 322.201 23 25 26 579 4
144.748 167.251 322.201 24 25 26 579 4
144.748 167.251 322.201 25 25 26 579 4
144.748 167.251 322.201 26 25 26 579 4
144.748 167.251 322.201 27 25 26 579 4
144.748 167.251 322.201 28 25 26 579 4
144.748 167.251 322.201 29 25 26 579 4
144.748 167.251 322.201 30 25 26 579 4
206.173 120.390 242.404 1 26 26 572 4
206.173 120.390 242.404 2 26 26 572 4
206.173 120.390 242.404 3 26 26 572 4
17.847 54.428 257.623 4 26 26 587 4
17.847 54.428 257.623 5 26 26 587 4
17.847 54.428 257.623 6 26 26 587 4
17.847 54.428 257.623 7 26 26 587 4
17.847 54.428 257.623 8 26 26 587 4
17.847 54.428 257.623 9 26 26 587 4
17.847 54.428 257.623 10 26 26 587 4
17.847 54.428 257.623 11 26 26 587 4
17.847 54.428 257.623 12 26 26 587 4
17.847 54.428 257.623 13 26 26 587 4
17.847 54.428 257.623 14 26 26 587 4
206.028 66.412 242.802 15 26 26 360 1
206.028 66.412 242.802 16 26 26 360 1
206.028 66.412 242.802 17 26 26 360 1
206.028 66.412 242.802 18 26 26 360 1
144.748 167.251 322.201 19 26 26 579 4
144.748 167.251 322.201 20 26 26 579 4
144.748 167.251 322.201 21 26 26 579 4
144.748 167.251 322.201 22 26 26 579 4
144.748 167.251 322.201 23 26 26 579 4
144.748 167.251 322.201 24 26 26 579 4
144.748 167.251 322.201 25 26 26 579 4
144.748 167.251 322.201 26 26 26 579 4
144.748 167.251 322.201 27 26 26 579 4
144.748 167.251 322.201 28 26 26 579 4
144.748 167.251 322.201 29 26 26 579 4
144.748 167.251 322.201 30 26 26 579 4
206.173 120.390 242.404 1 27 26 572 4
206.173 120.390 242.404 2 27 26 572 4
206.173 120.390 242.404 3 27 26 572 4
206.173 120.390 242.404 4 27 26 572 4
17.847 54.428 257.623 5 27 26 587 4
17.847 54.428 257.623 6 27 26 587 4
17.847 54.428 257.623 7 27 26 587 4
17.847 54.428 257.623 8 27 26 587 4
17.847 54.428 257.623 9 27 26 587 4
17.847 54.428 257.623 10 27 26 587 4
17.847 54.428 257.623 11 27 26 587 4
17.847 54.428 257.623 12 27 26 587 4
17.847 54.428 257.623 13 27 26 587 4
17.847 54.428 257.623 14 27 26 587 4
206.028 66.412 242.802 15 27 26 360 1
206.028 66.412 242.802 16 27 26 360 1
206.028 66.412 242.802 17 27 26 360 1
206.028 66.412 242.802 18 27 26 360 1
144.748 167.251 322.201 19 27 26 579 4
144.748 167.251 322.201 20 27 26 579 4
144.748 167.251 322.201 21 27 26 579 4
144.748 167.251 322.201 22 27 26 579 4
144.748 167.251 322.201 23 27 26 579 4
144.748 167.251 322.201 24 27 26 579 4
144.748 167.251 322.201 25 27 26 579 4
144.748 167.251 322.201 26 27 26 579 4
144.748 167.251 322.201 27 27 26 579 4
144.748 167.251 322.201 28 27 26 579 4
144.748 167.251 322.201 29 27 26 579 4
144.748 167.251 322.201 30 27 26 579 4
206.173 120.390 242.404 1 28 26 572 4
206.173 120.390 242.404 2 28 26 572 4
206.173 120.390 242.404 3 28 26 572 4
206.173 120.390 242.404 4 28 26 572 4
206.173 120.390 242.404 5 28 26 572 4
17.847 54.428 257.623 6 28 26 587 4
17.847 54.428 257.623 7 28 26 587 4
17.847 54.428 257.623 8 28 26 587 4
17.847 54.428 257.623 9 28 26 587 4
82.625 21.476 340.227 10 28 26 558 2
82.625 21.476 340.227 11 28 26 558 2
17.847 54.428 257.623 12 28 26 587 4
17.847 54.428 257.623 13 28 26 587 4
77.326 36.103 181.578 14 28 26 516 2
206.028 66.412 242.802 15 28 26 360 1
1.432 92.354 146.259 16 28 26 551 2
1.432 92.354 146.259 17 28 26 551 2
1.432 92.354 146.259 18 28 26 551 2
52.168 62.521 49.405 19 28 26 521 2
144.748 167.251 322.201 20 28 26 579 4
144.748 167.251 322.201 21 28 26 579 4
144.748 167.251 322.201 22 28 26 579 4
63.358 72.347 265.092 23 28 26 550 2
63.358 72.347 265.092 24 28 26 550 2
63.358 72.347 265.092 25 28 26 550 2
144.748 167.251 322.201 26 28 26 579 4
144.748 167.251 322.201 27 28 26 579 4
144.748 167.251 322.201 28 28 26 579 4
144.748 167.251 322.201 29 28 26 579 4
144.748 167.251 322.201 30 28 26 579 4
206.173 120.390 242.404 1 29 26 572 4
206.173 120.390 242.404 2 29 26 572 4
206.173 120.390 242.404 3 29 26 572 4
206.173 120.390 242.404 4 29 26 572 4
206.173 120.390 242.404 5 29 26 572 4
206.173 120.390 242.404 6 29 26 572 4
17.847 54.428 257.623 7 29 26 587 4
17.847 54.428 257.623 8 29 26 587 4
17.847 54.428 257.623 9 29 26 587 4
82.625 21.476 340.227 10 29 26 558 2
82.625 21.476 340.227 11 29 26 558 2
77.326 36.103 181.578 12 29 26 516 2
77.326 36.103 181.578 13 29 26 516 2
77.326 36.103 181.578 14 29 26 516 2
77.326 36.103 181.578 15 29 26 516 2
1.432 92.354 146.259 16 29 26 551 2
52.168 62.521 49.405 17 29 26 521 2
52.168 62.521 49.405 18 29 26 521 2
52.168 62.521 49.405 19 29 26 521 2
247.601 63.852 147.921 20 29 26 556 2
247.601 63.852 147.921 21 29 26 556 2
63.358 72.347 265.092 22 29 26 550 2
63.358 72.347 265.092 23 29 26 550 2
63.358 72.347 265.092 24 29 26 550 2
63.358 72.347 265.092 25 29 26 550 2
144.748 167.251 322.201 26 29 26 579 4
144.748 167.251 322.201 27 29 26 579 4
144.748 167.251 322.201 28 29 26 579 4
144.748 167.251 322.201 29 29 26 579 4
144.748 167.251 322.201 30 29 26 579 4
206.173 120.390 242.404 1 30 26 572 4
206.173 120.390 242.404 2 30 26 572 4
206.173 120.390 242.404 3 30 26 572 4
206.173 120.390 242.404 4 30 26 572 4
206.173 120.390 242.404 5 30 26 572 4
206.173 120.390 242.404 6 30 26 572 4
17.847 54.428 257.623 7 30 26 587 4
17.847 54.428 257.623 8 30 26 587 4
17.847 54.428 257.623 9 30 26 587 4
82.625 21.476 340.227 10 30 26 558 2
82.625 21.476 340.227 11 30 26 558 2
77.326 36.103 181.578 12 30 26 516 2
77.326 36.103 181.578 13 30 26 516 2
77.326 36.103 181.578 14 30 26 516 2
77.326 36.103 181.578 15 30 26 516 2
1.432 92.354 146.259 16 30 26 551 2
52.168 62.521 49.405 17 30 26 521 2
52.168 62.521 49.405 18 30 26 521 2
52.168 62.521 49.405 19 30 26 521 2
247.601 63.852 147.921 20 30 26 556 2
247.601 63.852 147.921 21 30 26 556 2
63.358 72.347 265.092 22 30 26 550 2
63.358 72.347 265.092 23 30 26 550 2
45.325 4.547 313.497 24 30 26 291 1
63.358 72.347 265.092 25 30 26 550 2
63.358 72.347 265.092 26 30 26 550 2
144.748 167.251 322.201 27 30 26 579 4
144.748 167.251 322.201 28 30 26 579 4
144.748 167.251 322.201 29 30 26 579 4
144.748 167.251 322.201 30 30 26 579 4
