17.847 54.428 257.623 1 1 17 587 4
17.847 54.428 257.623 2 1 17 587 4
17.847 54.428 257.623 3 1 17 587 4
17.847 54.428 257.623 4 1 17 587 4
17.847 54.428 257.623 5 1 17 587 4
17.847 54.428 257.623 6 1 17 587 4
17.847 54.428 257.623 7 1 17 587 4
17.847 54.428 257.623 8 1 17 587 4
17.847 54.428 257.623 9 1 17 587 4
228.526 50.276 104.202 10 1 17 571 3
228.526 50.276 104.202 11 1 17 571 3
228.526 50.276 104.202 12 1 17 571 3
228.526 50.276 104.202 13 1 17 571 3
228.526 50.276 104.202 14 1 17 571 3
228.526 50.276 104.202 15 1 17 571 3
300.756 148.138 298.060 16 1 17 528 2
228.526 50.276 104.202 17 1 17 571 3
228.526 50.276 104.202 18 1 17 571 3
228.526 50.276 104.202 19 1 17 571 3
228.526 50.276 104.202 20 1 17 571 3
228.526 50.276 104.202 21 1 17 571 3
228.526 50.276 104.202 22 1 17 571 3
228.526 50.276 104.202 23 1 17 571 3
228.526 50.276 104.202 24 1 17 571 3
228.526 50.276 104.202 25 1 17 571 3
228.526 50.276 104.202 26 1 17 571 3
228.526 50.276 104.202 27 1 17 571 3
228.526 50.276 104.202 28 1 17 571 3
228.526 50.276 104.202 29 1 17 571 3
228.526 50.276 104.202 30 1 17 571 3
17.847 54.428 257.623 1 2 17 587 4
17.847 54.428 257.623 2 2 17 587 4
17.847 54.428 257.623 3 2 17 587 4
17.847 54.428 257.623 4 2 17 587 4
17.847 54.428 257.623 5 2 17 587 4
17.847 54.428 257.623 6 2 17 587 4
17.847 54.428 257.623 7 2 17 587 4
17.847 54.428 257.623 8 2 17 587 4
17.847 54.428 257.623 9 2 17 587 4
228.526 50.276 104.202 10 2 17 571 3
228.526 50.276 104.202 11 2 17 571 3
228.526 50.276 104.202 12 2 17 571 3
228.526 50.276 104.202 13 2 17 571 3
228.526 50.276 104.202 14 2 17 571 3
228.526 50.276 104.202 15 2 17 571 3
300.756 148.138 298.060 16 2 17 528 2
228.526 50.276 104.202 17 2 17 571 3
228.526 50.276 104.202 18 2 17 571 3
228.526 50.276 104.202 19 2 17 571 3
228.526 50.276 104.202 20 2 17 571 3
228.526 50.276 104.202 21 2 17 571 3
228.526 50.276 104.202 22 2 17 571 3
228.526 50.276 104.202 23 2 17 571 3
228.526 50.276 104.202 24 2 17 571 3
228.526 50.276 104.202 25 2 17 571 3
228.526 50.276 104.202 26 2 17 571 3
228.526 50.276 104.202 27 2 17 571 3
228.526 50.276 104.202 28 2 17 571 3
228.526 50.276 104.202 29 2 17 571 3
228.526 50.276 104.202 30 2 17 571 3
17.847 54.428 257.623 1 3 17 587 4
17.847 54.428 257.623 2 3 17 587 4
17.847 54.428 257.623 3 3 17 587 4
17.847 54.428 257.623 4 3 17 587 4
17.847 54.428 257.623 5 3 17 587 4
17.847 54.428 257.623 6 3 17 587 4
17.847 54.428 257.623 7 3 17 587 4
17.847 54.428 257.623 8 3 17 587 4
17.847 54.428 257.623 9 3 17 587 4
228.526 50.276 104.202 10 3 17 571 3
228.526 50.276 104.202 11 3 17 571 3
228.526 50.276 104.202 12 3 17 571 3
228.526 50.276 104.202 13 3 17 571 3
66.601 50.054 140.923 14 3 17 494 2
66.601 50.054 140.923 15 3 17 494 2
228.526 50.276 104.202 16 3 17 571 3
228.526 50.276 104.202 17 3 17 571 3
228.526 50.276 104.202 18 3 17 571 3
228.526 50.276 104.202 19 3 17 571 3
228.526 50.276 104.202 20 3 17 571 3
152.438 122.255 312.692 21 3 17 26 1
228.526 50.276 104.202 22 3 17 571 3
228.526 50.276 104.202 23 3 17 571 3
228.526 50.276 104.202 24 3 17 571 3
228.526 50.276 104.202 25 3 17 571 3
228.526 50.276 104.202 26 3 17 571 3
228.526 50.276 104.202 27 3 17 571 3
228.526 50.276 104.202 28 3 17 571 3
228.526 50.276 104.202 29 3 17 571 3
228.526 50.276 104.202 30 3 17 571 3
17.847 54.428 257.623 1 4 17 587 4
17.847 54.428 257.623 2 4 17 587 4
17.847 54.428 257.623 3 4 17 587 4
17.847 54.428 257.623 4 4 17 587 4
17.847 54.428 257.623 5 4 17 587 4
290.994 46.309 51.794 6 4 17 540 2
17.847 54.428 257.623 7 4 17 587 4
17.847 54.428 257.623 8 4 17 587 4
17.847 54.428 257.623 9 4 17 587 4
228.526 50.276 104.202 10 4 17 571 3
228.526 50.276 104.202 11 4 17 571 3
228.526 50.276 104.202 12 4 17 571 3
228.526 50.276 104.202 13 4 17 571 3
228.526 50.276 104.202 14 4 17 571 3
228.526 50.276 104.202 15 4 17 571 3
228.526 50.276 104.202 16 4 17 571 3
228.526 50.276 104.202 17 4 17 571 3
228.526 50.276 104.202 18 4 17 571 3
228.526 50.276 104.202 19 4 17 571 3
228.526 50.276 104.202 20 4 17 571 3
228.526 50.276 104.202 21 4 17 571 3
228.526 50.276 104.202 22 4 17 571 3
228.526 50.276 104.202 23 4 17 571 3
228.526 50.276 104.202 24 4 17 571 3
228.526 50.276 104.202 25 4 17 571 3
228.526 50.276 104.202 26 4 17 571 3
228.526 50.276 104.202 27 4 17 571 3
228.526 50.276 104.202 28 4 17 571 3
228.526 50.276 104.202 29 4 17 571 3
228.526 50.276 104.202 30 4 17 571 3
17.847 54.428 257.623 1 5 17 587 4
17.847 54.428 257.623 2 5 17 587 4
17.847 54.428 257.623 3 5 17 587 4
17.847 54.428 257.623 4 5 17 587 4
17.847 54.428 257.623 5 5 17 587 4
290.994 46.309 51.794 6 5 17 540 2
17.847 54.428 257.623 7 5 17 587 4
17.847 54.428 257.623 8 5 17 587 4
17.847 54.428 257.623 9 5 17 587 4
228.526 50.276 104.202 10 5 17 571 3
228.526 50.276 104.202 11 5 17 571 3
228.526 50.276 104.202 12 5 17 571 3
228.526 50.276 104.202 13 5 17 571 3
228.526 50.276 104.202 14 5 17 571 3
228.526 50.276 104.202 15 5 17 571 3
228.526 50.276 104.202 16 5 17 571 3
228.526 50.276 104.202 17 5 17 571 3
228.526 50.276 104.202 18 5 17 571 3
228.526 50.276 104.202 19 5 17 571 3
228.526 50.276 104.202 20 5 17 571 3
228.526 50.276 104.202 21 5 17 571 3
228.526 50.276 104.202 22 5 17 571 3
228.526 50.276 104.202 23 5 17 571 3
228.526 50.276 104.202 24 5 17 571 3
228.526 50.276 104.202 25 5 17 571 3
228.526 50.276 104.202 26 5 17 571 3
228.526 50.276 104.202 27 5 17 571 3
228.526 50.276 104.202 28 5 17 571 3
228.526 50.276 104.202 29 5 17 571 3
350.385 122.249 123.243 30 5 17 631 1
17.847 54.428 257.623 1 6 17 587 4
17.847 54.428 257.623 2 6 17 587 4
17.847 54.428 257.623 3 6 17 587 4
17.847 54.428 257.623 4 6 17 587 4
17.847 54.428 257.623 5 6 17 587 4
17.847 54.428 257.623 6 6 17 587 4
17.847 54.428 257.623 7 6 17 587 4
17.847 54.428 257.623 8 6 17 587 4
17.847 54.428 257.623 9 6 17 587 4
17.847 54.428 257.623 10 6 17 587 4
228.526 50.276 104.202 11 6 17 571 3
228.526 50.276 104.202 12 6 17 571 3
228.526 50.276 104.202 13 6 17 571 3
228.526 50.276 104.202 14 6 17 571 3
228.526 50.276 104.202 15 6 17 571 3
228.526 50.276 104.202 16 6 17 571 3
228.526 50.276 104.202 17 6 17 571 3
228.526 50.276 104.202 18 6 17 571 3
228.526 50.276 104.202 19 6 17 571 3
228.526 50.276 104.202 20 6 17 571 3
228.526 50.276 104.202 21 6 17 571 3
228.526 50.276 104.202 22 6 17 571 3
228.526 50.276 104.202 23 6 17 571 3
228.526 50.276 104.202 24 6 17 571 3
228.526 50.276 104.202 25 6 17 571 3
228.526 50.276 104.202 26 6 17 571 3
228.526 50.276 104.202 27 6 17 571 3
228.526 50.276 104.202 28 6 17 571 3
228.526 50.276 104.202 29 6 17 571 3
228.526 50.276 104.202 30 6 17 571 3
17.847 54.428 257.623 1 7 17 587 4
17.847 54.428 257.623 2 7 17 587 4
17.847 54.428 257.623 3 7 17 587 4
17.847 54.428 257.623 4 7 17 587 4
17.847 54.428 257.623 5 7 17 587 4
17.847 54.428 257.623 6 7 17 587 4
17.847 54.428 257.623 7 7 17 587 4
17.847 54.428 257.623 8 7 17 587 4
17.847 54.428 257.623 9 7 17 587 4
17.847 54.428 257.623 10 7 17 587 4
228.526 50.276 104.202 11 7 17 571 3
228.526 50.276 104.202 12 7 17 571 3
228.526 50.276 104.202 13 7 17 571 3
228.526 50.276 104.202 14 7 17 571 3
228.526 50.276 104.202 15 7 17 571 3
228.526 50.276 104.202 16 7 17 571 3
228.526 50.276 104.202 17 7 17 571 3
228.526 50.276 104.202 18 7 17 571 3
228.526 50.276 104.202 19 7 17 571 3
228.526 50.276 104.202 20 7 17 571 3
228.526 50.276 104.202 21 7 17 571 3
228.526 50.276 104.202 22 7 17 571 3
228.526 50.276 104.202 23 7 17 571 3
228.526 50.276 104.202 24 7 17 571 3
228.526 50.276 104.202 25 7 17 571 3
228.526 50.276 104.202 26 7 17 571 3
228.526 50.276 104.202 27 7 17 571 3
228.526 50.276 104.202 28 7 17 571 3
228.526 50.276 104.202 29 7 17 571 3
228.526 50.276 104.202 30 7 17 571 3
17.847 54.428 257.623 1 8 17 587 4
17.847 54.428 257.623 2 8 17 587 4
17.847 54.428 257.623 3 8 17 587 4
17.847 54.428 257.623 4 8 17 587 4
17.847 54.428 257.623 5 8 17 587 4
17.847 54.428 257.623 6 8 17 587 4
17.847 54.428 257.623 7 8 17 587 4
17.847 54.428 257.623 8 8 17 587 4
17.847 54.428 257.623 9 8 17 587 4
17.847 54.428 257.623 10 8 17 587 4
228.526 50.276 104.202 11 8 17 571 3
228.526 50.276 104.202 12 8 17 571 3
228.526 50.276 104.202 13 8 17 571 3
228.526 50.276 104.202 14 8 17 571 3
228.526 50.276 104.202 15 8 17 571 3
228.526 50.276 104.202 16 8 17 571 3
228.526 50.276 104.202 17 8 17 571 3
228.526 50.276 104.202 18 8 17 571 3
228.526 50.276 104.202 19 8 17 571 3
228.526 50.276 104.202 20 8 17 571 3
228.526 50.276 104.202 21 8 17 571 3
228.526 50.276 104.202 22 8 17 571 3
228.526 50.276 104.202 23 8 17 571 3
228.526 50.276 104.202 24 8 17 571 3
228.526 50.276 104.202 25 8 17 571 3
228.526 50.276 104.202 26 8 17 571 3
228.526 50.276 104.202 27 8 17 571 3
228.526 50.276 104.202 28 8 17 571 3
228.526 50.276 104.202 29 8 17 571 3
228.526 50.276 104.202 30 8 17 571 3
17.847 54.428 257.623 1 9 17 587 4
17.847 54.428 257.623 2 9 17 587 4
17.847 54.428 257.623 3 9 17 587 4
17.847 54.428 257.623 4 9 17 587 4
17.847 54.428 257.623 5 9 17 587 4
17.847 54.428 257.623 6 9 17 587 4
17.847 54.428 257.623 7 9 17 587 4
17.847 54.428 257.623 8 9 17 587 4
17.847 54.428 257.623 9 9 17 587 4
17.847 54.428 257.623 10 9 17 587 4
17.847 54.428 257.623 11 9 17 587 4
228.526 50.276 104.202 12 9 17 571 3
228.526 50.276 104.202 13 9 17 571 3
228.526 50.276 104.202 14 9 17 571 3
228.526 50.276 104.202 15 9 17 571 3
228.526 50.276 104.202 16 9 17 571 3
228.526 50.276 104.202 17 9 17 571 3
228.526 50.276 104.202 18 9 17 571 3
228.526 50.276 104.202 19 9 17 571 3
228.526 50.276 104.202 20 9 17 571 3
228.526 50.276 104.202 21 9 17 571 3
228.526 50.276 104.202 22 9 17 571 3
228.526 50.276 104.202 23 9 17 571 3
228.526 50.276 104.202 24 9 17 571 3
228.526 50.276 104.202 25 9 17 571 3
228.526 50.276 104.202 26 9 17 571 3
228.526 50.276 104.202 27 9 17 571 3
228.526 50.276 104.202 28 9 17 571 3
228.526 50.276 104.202 29 9 17 571 3
228.526 50.276 104.202 30 9 17 571 3
17.847 54.428 257.623 1 10 17 587 4
17.847 54.428 257.623 2 10 17 587 4
17.847 54.428 257.623 3 10 17 587 4
17.847 54.428 257.623 4 10 17 587 4
17.847 54.428 257.623 5 10 17 587 4
17.847 54.428 257.623 6 10 17 587 4
17.847 54.428 257.623 7 10 17 587 4
17.847 54.428 257.623 8 10 17 587 4
17.847 54.428 257.623 9 10 17 587 4
17.847 54.428 257.623 10 10 17 587 4
17.847 54.428 257.623 11 10 17 587 4
228.526 50.276 104.202 12 10 17 571 3
228.526 50.276 104.202 13 10 17 571 3
228.526 50.276 104.202 14 10 17 571 3
228.526 50.276 104.202 15 10 17 571 3
228.526 50.276 104.202 16 10 17 571 3
228.526 50.276 104.202 17 10 17 571 3
228.526 50.276 104.202 18 10 17 571 3
228.526 50.276 104.202 19 10 17 571 3
228.526 50.276 104.202 20 10 17 571 3
228.526 50.276 104.202 21 10 17 571 3
228.526 50.276 104.202 22 10 17 571 3
228.526 50.276 104.202 23 10 17 571 3
228.526 50.276 104.202 24 10 17 571 3
228.526 50.276 104.202 25 10 17 571 3
228.526 50.276 104.202 26 10 17 571 3
228.526 50.276 104.202 27 10 17 571 3
228.526 50.276 104.202 28 10 17 571 3
228.526 50.276 104.202 29 10 17 571 3
228.526 50.276 104.202 30 10 17 571 3
17.847 54.428 257.623 1 11 17 587 4
17.847 54.428 257.623 2 11 17 587 4
17.847 54.428 257.623 3 11 17 587 4
17.847 54.428 257.623 4 11 17 587 4
17.847 54.428 257.623 5 11 17 587 4
17.847 54.428 257.623 6 11 17 587 4
17.847 54.428 257.623 7 11 17 587 4
17.847 54.428 257.623 8 11 17 587 4
17.847 54.428 257.623 9 11 17 587 4
17.847 54.428 257.623 10 11 17 587 4
17.847 54.428 257.623 11 11 17 587 4
228.526 50.276 104.202 12 11 17 571 3
228.526 50.276 104.202 13 11 17 571 3
228.526 50.276 104.202 14 11 17 571 3
228.526 50.276 104.202 15 11 17 571 3
228.526 50.276 104.202 16 11 17 571 3
228.526 50.276 104.202 17 11 17 571 3
228.526 50.276 104.202 18 11 17 571 3
228.526 50.276 104.202 19 11 17 571 3
228.526 50.276 104.202 20 11 17 571 3
228.526 50.276 104.202 21 11 17 571 3
228.526 50.276 104.202 22 11 17 571 3
228.526 50.276 104.202 23 11 17 571 3
228.526 50.276 104.202 24 11 17 571 3
228.526 50.276 104.202 25 11 17 571 3
228.526 50.276 104.202 26 11 17 571 3
228.526 50.276 104.202 27 11 17 571 3
228.526 50.276 104.202 28 11 17 571 3
228.526 50.276 104.202 29 11 17 571 3
228.526 50.276 104.202 30 11 17 571 3
17.847 54.428 257.623 1 12 17 587 4
17.847 54.428 257.623 2 12 17 587 4
17.847 54.428 257.623 3 12 17 587 4
17.847 54.428 257.623 4 12 17 587 4
17.847 54.428 257.623 5 12 17 587 4
17.847 54.428 257.623 6 12 17 587 4
17.847 54.428 257.623 7 12 17 587 4
17.847 54.428 257.623 8 12 17 587 4
17.847 54.428 257.623 9 12 17 587 4
17.847 54.428 257.623 10 12 17 587 4
17.847 54.428 257.623 11 12 17 587 4
17.847 54.428 257.623 12 12 17 587 4
228.526 50.276 104.202 13 12 17 571 3
228.526 50.276 104.202 14 12 17 571 3
228.526 50.276 104.202 15 12 17 571 3
228.526 50.276 104.202 16 12 17 571 3
228.526 50.276 104.202 17 12 17 571 3
228.526 50.276 104.202 18 12 17 571 3
228.526 50.276 104.202 19 12 17 571 3
228.526 50.276 104.202 20 12 17 571 3
228.526 50.276 104.202 21 12 17 571 3
228.526 50.276 104.202 22 12 17 571 3
228.526 50.276 104.202 23 12 17 571 3
228.526 50.276 104.202 24 12 17 571 3
228.526 50.276 104.202 25 12 17 571 3
228.526 50.276 104.202 26 12 17 571 3
228.526 50.276 104.202 27 12 17 571 3
228.526 50.276 104.202 28 12 17 571 3
228.526 50.276 104.202 29 12 17 571 3
228.526 50.276 104.202 30 12 17 571 3
17.847 54.428 257.623 1 13 17 587 4
17.847 54.428 257.623 2 13 17 587 4
17.847 54.428 257.623 3 13 17 587 4
17.847 54.428 257.623 4 13 17 587 4
17.847 54.428 257.623 5 13 17 587 4
17.847 54.428 257.623 6 13 17 587 4
17.847 54.428 257.623 7 13 17 587 4
17.847 54.428 257.623 8 13 17 587 4
17.847 54.428 257.623 9 13 17 587 4
17.847 54.428 257.623 10 13 17 587 4
17.847 54.428 257.623 11 13 17 587 4
17.847 54.428 257.623 12 13 17 587 4
228.526 50.276 104.202 13 13 17 571 3
228.526 50.276 104.202 14 13 17 571 3
228.526 50.276 104.202 15 13 17 571 3
228.526 50.276 104.202 16 13 17 571 3
228.526 50.276 104.202 17 13 17 571 3
228.526 50.276 104.202 18 13 17 571 3
228.526 50.276 104.202 19 13 17 571 3
228.526 50.276 104.202 20 13 17 571 3
228.526 50.276 104.202 21 13 17 571 3
228.526 50.276 104.202 22 13 17 571 3
228.526 50.276 104.202 23 13 17 571 3
228.526 50.276 104.202 24 13 17 571 3
228.526 50.276 104.202 25 13 17 571 3
228.526 50.276 104.202 26 13 17 571 3
228.526 50.276 104.202 27 13 17 571 3
228.526 50.276 104.202 28 13 17 571 3
228.526 50.276 104.202 29 13 17 571 3
228.526 50.276 104.202 30 13 17 571 3
17.847 54.428 257.623 1 14 17 587 4
17.847 54.428 257.623 2 14 17 587 4
17.847 54.428 257.623 3 14 17 587 4
17.847 54.428 257.623 4 14 17 587 4
17.847 54.428 257.623 5 14 17 587 4
17.847 54.428 257.623 6 14 17 587 4
17.847 54.428 257.623 7 14 17 587 4
17.847 54.428 257.623 8 14 17 587 4
17.847 54.428 257.623 9 14 17 587 4
17.847 54.428 257.623 10 14 17 587 4
17.847 54.428 257.623 11 14 17 587 4
17.847 54.428 257.623 12 14 17 587 4
17.847 54.428 257.623 13 14 17 587 4
228.526 50.276 104.202 14 14 17 571 3
228.526 50.276 104.202 15 14 17 571 3
228.526 50.276 104.202 16 14 17 571 3
228.526 50.276 104.202 17 14 17 571 3
228.526 50.276 104.202 18 14 17 571 3
228.526 50.276 104.202 19 14 17 571 3
228.526 50.276 104.202 20 14 17 571 3
228.526 50.276 104.202 21 14 17 571 3
228.526 50.276 104.202 22 14 17 571 3
228.526 50.276 104.202 23 14 17 571 3
228.526 50.276 104.202 24 14 17 571 3
228.526 50.276 104.202 25 14 17 571 3
228.526 50.276 104.202 26 14 17 571 3
228.526 50.276 104.202 27 14 17 571 3
228.526 50.276 104.202 28 14 17 571 3
228.526 50.276 104.202 29 14 17 571 3
228.526 50.276 104.202 30 14 17 571 3
17.847 54.428 257.623 1 15 17 587 4
17.847 54.428 257.623 2 15 17 587 4
17.847 54.428 257.623 3 15 17 587 4
17.847 54.428 257.623 4 15 17 587 4
17.847 54.428 257.623 5 15 17 587 4
17.847 54.428 257.623 6 15 17 587 4
17.847 54.428 257.623 7 15 17 587 4
17.847 54.428 257.623 8 15 17 587 4
17.847 54.428 257.623 9 15 17 587 4
17.847 54.428 257.623 10 15 17 587 4
17.847 54.428 257.623 11 15 17 587 4
17.847 54.428 257.623 12 15 17 587 4
17.847 54.428 257.623 13 15 17 587 4
228.526 50.276 104.202 14 15 17 571 3
228.526 50.276 104.202 15 15 17 571 3
228.526 50.276 104.202 16 15 17 571 3
228.526 50.276 104.202 17 15 17 571 3
228.526 50.276 104.202 18 15 17 571 3
228.526 50.276 104.202 19 15 17 571 3
228.526 50.276 104.202 20 15 17 571 3
228.526 50.276 104.202 21 15 17 571 3
228.526 50.276 104.202 22 15 17 571 3
228.526 50.276 104.202 23 15 17 571 3
228.526 50.276 104.202 24 15 17 571 3
228.526 50.276 104.202 25 15 17 571 3
228.526 50.276 104.202 26 15 17 571 3
228.526 50.276 104.202 27 15 17 571 3
149.472 41.586 337.326 28 15 17 515 2
149.472 41.586 337.326 29 15 17 515 2
228.526 50.276 104.202 30 15 17 571 3
17.847 54.428 257.623 1 16 17 587 4
17.847 54.428 257.623 2 16 17 587 4
17.847 54.428 257.623 3 16 17 587 4
17.847 54.428 257.623 4 16 17 587 4
17.847 54.428 257.623 5 16 17 587 4
17.847 54.428 257.623 6 16 17 587 4
17.847 54.428 257.623 7 16 17 587 4
17.847 54.428 257.623 8 16 17 587 4
17.847 54.428 257.623 9 16 17 587 4
17.847 54.428 257.623 10 16 17 587 4
17.847 54.428 257.623 11 16 17 587 4
17.847 54.428 257.623 12 16 17 587 4
17.847 54.428 257.623 13 16 17 587 4
17.847 54.428 257.623 14 16 17 587 4
228.526 50.276 104.202 15 16 17 571 3
228.526 50.276 104.202 16 16 17 571 3
228.526 50.276 104.202 17 16 17 571 3
228.526 50.276 104.202 18 16 17 571 3
228.526 50.276 104.202 19 16 17 571 3
228.526 50.276 104.202 20 16 17 571 3
316.323 29.562 315.414 21 16 17 644 2
228.526 50.276 104.202 22 16 17 571 3
228.526 50.276 104.202 23 16 17 571 3
228.526 50.276 104.202 24 16 17 571 3
228.526 50.276 104.202 25 16 17 571 3
228.526 50.276 104.202 26 16 17 571 3
228.526 50.276 104.202 27 16 17 571 3
228.526 50.276 104.202 28 16 17 571 3
228.526 50.276 104.202 29 16 17 571 3
228.526 50.276 104.202 30 16 17 571 3
17.847 54.428 257.623 1 17 17 587 4
17.847 54.428 257.623 2 17 17 587 4
17.847 54.428 257.623 3 17 17 587 4
17.847 54.428 257.623 4 17 17 587 4
17.847 54.428 257.623 5 17 17 587 4
17.847 54.428 257.623 6 17 17 587 4
17.847 54.428 257.623 7 17 17 587 4
17.847 54.428 257.623 8 17 17 587 4
17.847 54.428 257.623 9 17 17 587 4
17.847 54.428 257.623 10 17 17 587 4
17.847 54.428 257.623 11 17 17 587 4
17.847 54.428 257.623 12 17 17 587 4
17.847 54.428 257.623 13 17 17 587 4
17.847 54.428 257.623 14 17 17 587 4
268.956 26.950 182.919 15 17 17 583 4
268.956 26.950 182.919 16 17 17 583 4
268.956 26.950 182.919 17 17 17 583 4
268.956 26.950 182.919 18 17 17 583 4
228.526 50.276 104.202 19 17 17 571 3
228.526 50.276 104.202 20 17 17 571 3
228.526 50.276 104.202 21 17 17 571 3
228.526 50.276 104.202 22 17 17 571 3
228.526 50.276 104.202 23 17 17 571 3
172.963 100.175 132.384 24 17 17 574 4
172.963 100.175 132.384 25 17 17 574 4
172.963 100.175 132.384 26 17 17 574 4
228.526 50.276 104.202 27 17 17 571 3
228.526 50.276 104.202 28 17 17 571 3
228.526 50.276 104.202 29 17 17 571 3
228.526 50.276 104.202 30 17 17 571 3
17.847 54.428 257.623 1 18 17 587 4
17.847 54.428 257.623 2 18 17 587 4
17.847 54.428 257.623 3 18 17 587 4
17.847 54.428 257.623 4 18 17 587 4
17.847 54.428 257.623 5 18 17 587 4
17.847 54.428 257.623 6 18 17 587 4
17.847 54.428 257.623 7 18 17 587 4
17.847 54.428 257.623 8 18 17 587 4
17.847 54.428 257.623 9 18 17 587 4
17.847 54.428 257.623 10 18 17 587 4
17.847 54.428 257.623 11 18 17 587 4
17.847 54.428 257.623 12 18 17 587 4
17.847 54.428 257.623 13 18 17 587 4
17.847 54.428 257.623 14 18 17 587 4
268.956 26.950 182.919 15 18 17 583 4
268.956 26.950 182.919 16 18 17 583 4
268.956 26.950 182.919 17 18 17 583 4
268.956 26.950 182.919 18 18 17 583 4
228.526 50.276 104.202 19 18 17 571 3
228.526 50.276 104.202 20 18 17 571 3
228.526 50.276 104.202 21 18 17 571 3
172.963 100.175 132.384 22 18 17 574 4
172.963 100.175 132.384 23 18 17 574 4
172.963 100.175 132.384 24 18 17 574 4
172.963 100.175 132.384 25 18 17 574 4
172.963 100.175 132.384 26 18 17 574 4
172.963 100.175 132.384 27 18 17 574 4
228.526 50.276 104.202 28 18 17 571 3
228.526 50.276 104.202 29 18 17 571 3
228.526 50.276 104.202 30 18 17 571 3
17.847 54.428 257.623 1 19 17 587 4
17.847 54.428 257.623 2 19 17 587 4
17.847 54.428 257.623 3 19 17 587 4
17.847 54.428 257.623 4 19 17 587 4
17.847 54.428 257.623 5 19 17 587 4
17.847 54.428 257.623 6 19 17 587 4
17.847 54.428 257.623 7 19 17 587 4
17.847 54.428 257.623 8 19 17 587 4
17.847 54.428 257.623 9 19 17 587 4
17.847 54.428 257.623 10 19 17 587 4
17.847 54.428 257.623 11 19 17 587 4
17.847 54.428 257.623 12 19 17 587 4
17.847 54.428 257.623 13 19 17 587 4
268.956 26.950 182.919 14 19 17 583 4
268.956 26.950 182.919 15 19 17 583 4
268.956 26.950 182.919 16 19 17 583 4
268.956 26.950 182.919 17 19 17 583 4
268.956 26.950 182.919 18 19 17 583 4
268.956 26.950 182.919 19 19 17 583 4
172.963 100.175 132.384 20 19 17 574 4
172.963 100.175 132.384 21 19 17 574 4
172.963 100.175 132.384 22 19 17 574 4
172.963 100.175 132.384 23 19 17 574 4
172.963 100.175 132.384 24 19 17 574 4
172.963 100.175 132.384 25 19 17 574 4
172.963 100.175 132.384 26 19 17 574 4
172.963 100.175 132.384 27 19 17 574 4
144.748 167.251 322.201 28 19 17 579 4
144.748 167.251 322.201 29 19 17 579 4
228.526 50.276 104.202 30 19 17 571 3
17.847 54.428 257.623 1 20 17 587 4
17.847 54.428 257.623 2 20 17 587 4
17.847 54.428 257.623 3 20 17 587 4
17.847 54.428 257.623 4 20 17 587 4
17.847 54.428 257.623 5 20 17 587 4
17.847 54.428 257.623 6 20 17 587 4
17.847 54.428 257.623 7 20 17 587 4
17.847 54.428 257.623 8 20 17 587 4
17.847 54.428 257.623 9 20 17 587 4
17.847 54.428 257.623 10 20 17 587 4
17.847 54.428 257.623 11 20 17 587 4
17.847 54.428 257.623 12 20 17 587 4
17.847 54.428 257.623 13 20 17 587 4
268.956 26.950 182.919 14 20 17 583 4
268.956 26.950 182.919 15 20 17 583 4
268.956 26.950 182.919 16 20 17 583 4
268.956 26.950 182.919 17 20 17 583 4
268.956 26.950 182.919 18 20 17 583 4
144.748 167.251 322.201 19 20 17 579 4
144.748 167.251 322.201 20 20 17 579 4
144.748 167.251 322.201 21 20 17 579 4
172.963 100.175 132.384 22 20 17 574 4
172.963 100.175 132.384 23 20 17 574 4
172.963 100.175 132.384 24 20 17 574 4
172.963 100.175 132.384 25 20 17 574 4
144.748 167.251 322.201 26 20 17 579 4
144.748 167.251 322.201 27 20 17 579 4
144.748 167.251 322.201 28 20 17 579 4
144.748 167.251 322.201 29 20 17 579 4
144.748 167.251 322.201 30 20 17 579 4
17.847 54.428 257.623 1 21 17 587 4
17.847 54.428 257.623 2 21 17 587 4
17.847 54.428 257.623 3 21 17 587 4
17.847 54.428 257.623 4 21 17 587 4
17.847 54.428 257.623 5 21 17 587 4
17.847 54.428 257.623 6 21 17 587 4
17.847 54.428 257.623 7 21 17 587 4
17.847 54.428 257.623 8 21 17 587 4
17.847 54.428 257.623 9 21 17 587 4
17.847 54.428 257.623 10 21 17 587 4
17.847 54.428 257.623 11 21 17 587 4
17.847 54.428 257.623 12 21 17 587 4
17.847 54.428 257.623 13 21 17 587 4
268.956 26.950 182.919 14 21 17 583 4
268.956 26.950 182.919 15 21 17 583 4
268.956 26.950 182.919 16 21 17 583 4
268.956 26.950 182.919 17 21 17 583 4
268.956 26.950 182.919 18 21 17 583 4
144.748 167.251 322.201 19 21 17 579 4
144.748 167.251 322.201 20 21 17 579 4
144.748 167.251 322.201 21 21 17 579 4
144.748 167.251 322.201 22 21 17 579 4
144.748 167.251 322.201 23 21 17 579 4
144.748 167.251 322.201 24 21 17 579 4
144.748 167.251 322.201 25 21 17 579 4
144.748 167.251 322.201 26 21 17 579 4
144.748 167.251 322.201 27 21 17 579 4
144.748 167.251 322.201 28 21 17 579 4
144.748 167.251 322.201 29 21 17 579 4
144.748 167.251 322.201 30 21 17 579 4
80.957 161.770 24.449 1 22 17 580 4
80.957 161.770 24.449 2 22 17 580 4
80.957 161.770 24.449 3 22 17 580 4
80.957 161.770 24.449 4 22 17 580 4
17.847 54.428 257.623 5 22 17 587 4
17.847 54.428 257.623 6 22 17 587 4
17.847 54.428 257.623 7 22 17 587 4
17.847 54.428 257.623 8 22 17 587 4
17.847 54.428 257.623 9 22 17 587 4
17.847 54.428 257.623 10 22 17 587 4
17.847 54.428 257.623 11 22 17 587 4
17.847 54.428 257.623 12 22 17 587 4
122.621 49.083 203.139 13 22 17 615 1
122.621 49.083 203.139 14 22 17 615 1
268.956 26.950 182.919 15 22 17 583 4
268.956 26.950 182.919 16 22 17 583 4
268.956 26.950 182.919 17 22 17 583 4
144.748 167.251 322.201 18 22 17 579 4
144.748 167.251 322.201 19 22 17 579 4
144.748 167.251 322.201 20 22 17 579 4
144.748 167.251 322.201 21 22 17 579 4
144.748 167.251 322.201 22 22 17 579 4
144.748 167.251 322.201 23 22 17 579 4
144.748 167.251 322.201 24 22 17 579 4
144.748 167.251 322.201 25 22 17 579 4
144.748 167.251 322.201 26 22 17 579 4
144.748 167.251 322.201 27 22 17 579 4
144.748 167.251 322.201 28 22 17 579 4
144.748 167.251 322.201 29 22 17 579 4
144.748 167.251 322.201 30 22 17 579 4
80.957 161.770 24.449 1 23 17 580 4
80.957 161.770 24.449 2 23 17 580 4
80.957 161.770 24.449 3 23 17 580 4
80.957 161.770 24.449 4 23 17 580 4
80.957 161.770 24.449 5 23 17 580 4
80.957 161.770 24.449 6 23 17 580 4
80.957 161.770 24.449 7 23 17 580 4
17.847 54.428 257.623 8 23 17 587 4
17.847 54.428 257.623 9 23 17 587 4
17.847 54.428 257.623 10 23 17 587 4
17.847 54.428 257.623 11 23 17 587 4
122.621 49.083 203.139 12 23 17 615 1
122.621 49.083 203.139 13 23 17 615 1
122.621 49.083 203.139 14 23 17 615 1
122.621 49.083 203.139 15 23 17 615 1
268.956 26.950 182.919 16 23 17 583 4
268.956 26.950 182.919 17 23 17 583 4
144.748 167.251 322.201 18 23 17 579 4
144.748 167.251 322.201 19 23 17 579 4
144.748 167.251 322.201 20 23 17 579 4
144.748 167.251 322.201 21 23 17 579 4
144.748 167.251 322.201 22 23 17 579 4
144.748 167.251 322.201 23 23 17 579 4
144.748 167.251 322.201 24 23 17 579 4
144.748 167.251 322.201 25 23 17 579 4
144.748 167.251 322.201 26 23 17 579 4
144.748 167.251 322.201 27 23 17 579 4
144.748 167.251 322.201 28 23 17 579 4
144.748 167.251 322.201 29 23 17 579 4
144.748 167.251 322.201 30 23 17 579 4
80.957 161.770 24.449 1 24 17 580 4
80.957 161.770 24.449 2 24 17 580 4
80.957 161.770 24.449 3 24 17 580 4
80.957 161.770 24.449 4 24 17 580 4
80.957 161.770 24.449 5 24 17 580 4
80.957 161.770 24.449 6 24 17 580 4
80.957 161.770 24.449 7 24 17 580 4
80.957 161.770 24.449 8 24 17 580 4
80.957 161.770 24.449 9 24 17 580 4
80.957 161.770 24.449 10 24 17 580 4
80.957 161.770 24.449 11 24 17 580 4
122.621 49.083 203.139 12 24 17 615 1
122.621 49.083 203.139 13 24 17 615 1
122.621 49.083 203.139 14 24 17 615 1
122.621 49.083 203.139 15 24 17 615 1
268.956 26.950 182.919 16 24 17 583 4
268.956 26.950 182.919 17 24 17 583 4
144.748 167.251 322.201 18 24 17 579 4
144.748 167.251 322.201 19 24 17 579 4
144.748 167.251 322.201 20 24 17 579 4
144.748 167.251 322.201 21 24 17 579 4
144.748 167.251 322.201 22 24 17 579 4
144.748 167.251 322.201 23 24 17 579 4
144.748 167.251 322.201 24 24 17 579 4
144.748 167.251 322.201 25 24 17 579 4
144.748 167.251 322.201 26 24 17 579 4
144.748 167.251 322.201 27 24 17 579 4
144.748 167.251 322.201 28 24 17 579 4
144.748 167.251 322.201 29 24 17 579 4
144.748 167.251 322.201 30 24 17 579 4
80.957 161.770 24.449 1 25 17 580 4
80.957 161.770 24.449 2 25 17 580 4
80.957 161.770 24.449 3 25 17 580 4
80.957 161.770 24.449 4 25 17 580 4
80.957 161.770 24.449 5 25 17 580 4
80.957 161.770 24.449 6 25 17 580 4
80.957 161.770 24.449 7 25 17 580 4
80.957 161.770 24.449 8 25 17 580 4
80.957 161.770 24.449 9 25 17 580 4
80.957 161.770 24.449 10 25 17 580 4
80.957 161.770 24.449 11 25 17 580 4
122.621 49.083 203.139 12 25 17 615 1
122.621 49.083 203.139 13 25 17 615 1
122.621 49.083 203.139 14 25 17 615 1
122.621 49.083 203.139 15 25 17 615 1
122.621 49.083 203.139 16 25 17 615 1
144.748 167.251 322.201 17 25 17 579 4
144.748 167.251 322.201 18 25 17 579 4
144.748 167.251 322.201 19 25 17 579 4
144.748 167.251 322.201 20 25 17 579 4
144.748 167.251 322.201 21 25 17 579 4
144.748 167.251 322.201 22 25 17 579 4
144.748 167.251 322.201 23 25 17 579 4
144.748 167.251 322.201 24 25 17 579 4
144.748 167.251 322.201 25 25 17 579 4
144.748 167.251 322.201 26 25 17 579 4
144.748 167.251 322.201 27 25 17 579 4
144.748 167.251 322.201 28 25 17 579 4
144.748 167.251 322.201 29 25 17 579 4
144.748 167.251 322.201 30 25 17 579 4
80.957 161.770 24.449 1 26 17 580 4
80.957 161.770 24.449 2 26 17 580 4
80.957 161.770 24.449 3 26 17 580 4
80.957 161.770 24.449 4 26 17 580 4
80.957 161.770 24.449 5 26 17 580 4
80.957 161.770 24.449 6 26 17 580 4
80.957 161.770 24.449 7 26 17 580 4
80.957 161.770 24.449 8 26 17 580 4
80.957 161.770 24.449 9 26 17 580 4
80.957 161.770 24.449 10 26 17 580 4
80.957 161.770 24.449 11 26 17 580 4
80.957 161.770 24.449 12 26 17 580 4
122.621 49.083 203.139 13 26 17 615 1
122.621 49.083 203.139 14 26 17 615 1
122.621 49.083 203.139 15 26 17 615 1
122.621 49.083 203.139 16 26 17 615 1
144.748 167.251 322.201 17 26 17 579 4
144.748 167.251 322.201 18 26 17 579 4
144.748 167.251 322.201 19 26 17 579 4
144.748 167.251 322.201 20 26 17 579 4
144.748 167.251 322.201 21 26 17 579 4
144.748 167.251 322.201 22 26 17 579 4
144.748 167.251 322.201 23 26 17 579 4
144.748 167.251 322.201 24 26 17 579 4
144.748 167.251 322.201 25 26 17 579 4
144.748 167.251 322.201 26 26 17 579 4
144.748 167.251 322.201 27 26 17 579 4
144.748 167.251 322.201 28 26 17 579 4
144.748 167.251 322.201 29 26 17 579 4
144.748 167.251 322.201 30 26 17 579 4
80.957 161.770 24.449 1 27 17 580 4
80.957 161.770 24.449 2 27 17 580 4
80.957 161.770 24.449 3 27 17 580 4
80.957 161.770 24.449 4 27 17 580 4
80.957 161.770 24.449 5 27 17 580 4
80.957 161.770 24.449 6 27 17 580 4
80.957 161.770 24.449 7 27 17 580 4
80.957 161.770 24.449 8 27 17 580 4
80.957 161.770 24.449 9 27 17 580 4
80.957 161.770 24.449 10 27 17 580 4
80.957 161.770 24.449 11 27 17 580 4
80.957 161.770 24.449 12 27 17 580 4
80.957 161.770 24.449 13 27 17 580 4
182.639 75.913 82.054 14 27 17 480 2
182.639 75.913 82.054 15 27 17 480 2
182.639 75.913 82.054 16 27 17 480 2
182.639 75.913 82.054 17 27 17 480 2
144.748 167.251 322.201 18 27 17 579 4
144.748 167.251 322.201 19 27 17 579 4
144.748 167.251 322.201 20 27 17 579 4
144.748 167.251 322.201 21 27 17 579 4
144.748 167.251 322.201 22 27 17 579 4
144.748 167.251 322.201 23 27 17 579 4
144.748 167.251 322.201 24 27 17 579 4
144.748 167.251 322.201 25 27 17 579 4
144.748 167.251 322.201 26 27 17 579 4
144.748 167.251 322.201 27 27 17 579 4
144.748 167.251 322.201 28 27 17 579 4
144.748 167.251 322.201 29 27 17 579 4
144.748 167.251 322.201 30 27 17 579 4
80.957 161.770 24.449 1 28 17 580 4
80.957 161.770 24.449 2 28 17 580 4
80.957 161.770 24.449 3 28 17 580 4
80.957 161.770 24.449 4 28 17 580 4
80.957 161.770 24.449 5 28 17 580 4
80.957 161.770 24.449 6 28 17 580 4
80.957 161.770 24.449 7 28 17 580 4
80.957 161.770 24.449 8 28 17 580 4
80.957 161.770 24.449 9 28 17 580 4
80.957 161.770 24.449 10 28 17 580 4
80.957 161.770 24.449 11 28 17 580 4
80.957 161.770 24.449 12 28 17 580 4
80.957 161.770 24.449 13 28 17 580 4
200.681 55.999 223.117 14 28 17 42 1
182.639 75.913 82.054 15 28 17 480 2
182.639 75.913 82.054 16 28 17 480 2
182.639 75.913 82.054 17 28 17 480 2
216.556 62.173 216.315 18 28 17 333 1
144.748 167.251 322.201 19 28 17 579 4
144.748 167.251 322.201 20 28 17 579 4
144.748 167.251 322.201 21 28 17 579 4
144.748 167.251 322.201 22 28 17 579 4
144.748 167.251 322.201 23 28 17 579 4
144.748 167.251 322.201 24 28 17 579 4
144.748 167.251 322.201 25 28 17 579 4
144.748 167.251 322.201 26 28 17 579 4
144.748 167.251 322.201 27 28 17 579 4
144.748 167.251 322.201 28 28 17 579 4
144.748 167.251 322.201 29 28 17 579 4
144.748 167.251 322.201 30 28 17 579 4
80.957 161.770 24.449 1 29 17 580 4
80.957 161.770 24.449 2 29 17 580 4
80.957 161.770 24.449 3 29 17 580 4
80.957 161.770 24.449 4 29 17 580 4
80.957 161.770 24.449 5 29 17 580 4
80.957 161.770 24.449 6 29 17 580 4
80.957 161.770 24.449 7 29 17 580 4
80.957 161.770 24.449 8 29 17 580 4
80.957 161.770 24.449 9 29 17 580 4
80.957 161.770 24.449 10 29 17 580 4
80.957 161.770 24.449 11 29 17 580 4
80.957 161.770 24.449 12 29 17 580 4
80.957 161.770 24.449 13 29 17 580 4
80.957 161.770 24.449 14 29 17 580 4
182.639 75.913 82.054 15 29 17 480 2
182.639 75.913 82.054 16 29 17 480 2
182.639 75.913 82.054 17 29 17 480 2
216.556 62.173 216.315 18 29 17 333 1
216.556 62.173 216.315 19 29 17 333 1
144.748 167.251 322.201 20 29 17 579 4
144.748 167.251 322.201 21 29 17 579 4
144.748 167.251 322.201 22 29 17 579 4
144.748 167.251 322.201 23 29 17 579 4
144.748 167.251 322.201 24 29 17 579 4
144.748 167.251 322.201 25 29 17 579 4
144.748 167.251 322.201 26 29 17 579 4
144.748 167.251 322.201 27 29 17 579 4
144.748 167.251 322.201 28 29 17 579 4
144.748 167.251 322.201 29 29 17 579 4
144.748 167.251 322.201 30 29 17 579 4
80.957 161.770 24.449 1 30 17 580 4
80.957 161.770 24.449 2 30 17 580 4
80.957 161.770 24.449 3 30 17 580 4
80.957 161.770 24.449 4 30 17 580 4
80.957 161.770 24.449 5 30 17 580 4
80.957 161.770 24.449 6 30 17 580 4
80.957 161.770 24.449 7 30 17 580 4
80.957 161.770 24.449 8 30 17 580 4
80.957 161.770 24.449 9 30 17 580 4
80.957 161.770 24.449 10 30 17 580 4
80.957 161.770 24.449 11 30 17 580 4
80.957 161.770 24.449 12 30 17 580 4
80.957 161.770 24.449 13 30 17 580 4
80.957 161.770 24.449 14 30 17 580 4
80.957 161.770 24.449 15 30 17 580 4
330.929 136.260 323.850 16 30 17 413 1
330.929 136.260 323.850 17 30 17 413 1
216.556 62.173 216.315 18 30 17 333 1
216.556 62.173 216.315 19 30 17 333 1
144.748 167.251 322.201 20 30 17 579 4
144.748 167.251 322.201 21 30 17 579 4
144.748 167.251 322.201 22 30 17 579 4
144.748 167.251 322.201 23 30 17 579 4
144.748 167.251 322.201 24 30 17 579 4
144.748 167.251 322.201 25 30 17 579 4
144.748 167.251 322.201 26 30 17 579 4
144.748 167.251 322.201 27 30 17 579 4
144.748 167.251 322.201 28 30 17 579 4
144.748 167.251 322.201 29 30 17 579 4
144.748 167.251 322.201 30 30 17 579 4
