276.370 22.502 228.287 1 1 20 472 2
276.370 22.502 228.287 2 1 20 472 2
276.370 22.502 228.287 3 1 20 472 2
17.847 54.428 257.623 4 1 20 587 4
234.790 163.597 46.096 5 1 20 29 1
234.790 163.597 46.096 6 1 20 29 1
234.790 163.597 46.096 7 1 20 29 1
228.526 50.276 104.202 8 1 20 571 3
228.526 50.276 104.202 9 1 20 571 3
228.526 50.276 104.202 10 1 20 571 3
228.526 50.276 104.202 11 1 20 571 3
228.526 50.276 104.202 12 1 20 571 3
228.526 50.276 104.202 13 1 20 571 3
228.526 50.276 104.202 14 1 20 571 3
228.526 50.276 104.202 15 1 20 571 3
228.526 50.276 104.202 16 1 20 571 3
228.526 50.276 104.202 17 1 20 571 3
228.526 50.276 104.202 18 1 20 571 3
228.526 50.276 104.202 19 1 20 571 3
228.526 50.276 104.202 20 1 20 571 3
228.526 50.276 104.202 21 1 20 571 3
228.526 50.276 104.202 22 1 20 571 3
228.526 50.276 104.202 23 1 20 571 3
228.526 50.276 104.202 24 1 20 571 3
228.526 50.276 104.202 25 1 20 571 3
228.526 50.276 104.202 26 1 20 571 3
228.526 50.276 104.202 27 1 20 571 3
228.526 50.276 104.202 28 1 20 571 3
228.526 50.276 104.202 29 1 20 571 3
228.526 50.276 104.202 30 1 20 571 3
276.370 22.502 228.287 1 2 20 472 2
276.370 22.502 228.287 2 2 20 472 2
276.370 22.502 228.287 3 2 20 472 2
17.847 54.428 257.623 4 2 20 587 4
234.790 163.597 46.096 5 2 20 29 1
234.790 163.597 46.096 6 2 20 29 1
234.790 163.597 46.096 7 2 20 29 1
228.526 50.276 104.202 8 2 20 571 3
228.526 50.276 104.202 9 2 20 571 3
228.526 50.276 104.202 10 2 20 571 3
228.526 50.276 104.202 11 2 20 571 3
325.379 81.751 340.713 12 2 20 288 1
228.526 50.276 104.202 13 2 20 571 3
228.526 50.276 104.202 14 2 20 571 3
228.526 50.276 104.202 15 2 20 571 3
228.526 50.276 104.202 16 2 20 571 3
228.526 50.276 104.202 17 2 20 571 3
228.526 50.276 104.202 18 2 20 571 3
228.526 50.276 104.202 19 2 20 571 3
228.526 50.276 104.202 20 2 20 571 3
228.526 50.276 104.202 21 2 20 571 3
58.973 55.976 145.839 22 2 20 377 1
228.526 50.276 104.202 23 2 20 571 3
228.526 50.276 104.202 24 2 20 571 3
228.526 50.276 104.202 25 2 20 571 3
228.526 50.276 104.202 26 2 20 571 3
228.526 50.276 104.202 27 2 20 571 3
228.526 50.276 104.202 28 2 20 571 3
228.526 50.276 104.202 29 2 20 571 3
228.526 50.276 104.202 30 2 20 571 3
276.370 22.502 228.287 1 3 20 472 2
276.370 22.502 228.287 2 3 20 472 2
17.847 54.428 257.623 3 3 20 587 4
17.847 54.428 257.623 4 3 20 587 4
17.847 54.428 257.623 5 3 20 587 4
17.847 54.428 257.623 6 3 20 587 4
17.847 54.428 257.623 7 3 20 587 4
228.526 50.276 104.202 8 3 20 571 3
228.526 50.276 104.202 9 3 20 571 3
228.526 50.276 104.202 10 3 20 571 3
228.526 50.276 104.202 11 3 20 571 3
228.526 50.276 104.202 12 3 20 571 3
228.526 50.276 104.202 13 3 20 571 3
276.464 129.884 189.056 14 3 20 181 1
228.526 50.276 104.202 15 3 20 571 3
228.526 50.276 104.202 16 3 20 571 3
228.526 50.276 104.202 17 3 20 571 3
228.526 50.276 104.202 18 3 20 571 3
228.526 50.276 104.202 19 3 20 571 3
228.526 50.276 104.202 20 3 20 571 3
228.526 50.276 104.202 21 3 20 571 3
228.526 50.276 104.202 22 3 20 571 3
228.526 50.276 104.202 23 3 20 571 3
228.526 50.276 104.202 24 3 20 571 3
228.526 50.276 104.202 25 3 20 571 3
228.526 50.276 104.202 26 3 20 571 3
228.526 50.276 104.202 27 3 20 571 3
228.526 50.276 104.202 28 3 20 571 3
228.526 50.276 104.202 29 3 20 571 3
228.526 50.276 104.202 30 3 20 571 3
17.847 54.428 257.623 1 4 20 587 4
17.847 54.428 257.623 2 4 20 587 4
17.847 54.428 257.623 3 4 20 587 4
17.847 54.428 257.623 4 4 20 587 4
17.847 54.428 257.623 5 4 20 587 4
17.847 54.428 257.623 6 4 20 587 4
17.847 54.428 257.623 7 4 20 587 4
17.847 54.428 257.623 8 4 20 587 4
228.526 50.276 104.202 9 4 20 571 3
228.526 50.276 104.202 10 4 20 571 3
228.526 50.276 104.202 11 4 20 571 3
35.131 144.111 119.550 12 4 20 200 1
228.526 50.276 104.202 13 4 20 571 3
213.547 139.463 77.027 14 4 20 348 1
228.526 50.276 104.202 15 4 20 571 3
228.526 50.276 104.202 16 4 20 571 3
228.526 50.276 104.202 17 4 20 571 3
248.034 52.200 61.563 18 4 20 364 1
228.526 50.276 104.202 19 4 20 571 3
151.586 122.575 124.784 20 4 20 120 1
228.526 50.276 104.202 21 4 20 571 3
306.223 154.601 334.351 22 4 20 495 2
228.526 50.276 104.202 23 4 20 571 3
228.526 50.276 104.202 24 4 20 571 3
228.526 50.276 104.202 25 4 20 571 3
228.526 50.276 104.202 26 4 20 571 3
228.526 50.276 104.202 27 4 20 571 3
228.526 50.276 104.202 28 4 20 571 3
228.526 50.276 104.202 29 4 20 571 3
234.672 109.091 141.604 30 4 20 238 1
17.847 54.428 257.623 1 5 20 587 4
17.847 54.428 257.623 2 5 20 587 4
17.847 54.428 257.623 3 5 20 587 4
17.847 54.428 257.623 4 5 20 587 4
17.847 54.428 257.623 5 5 20 587 4
17.847 54.428 257.623 6 5 20 587 4
17.847 54.428 257.623 7 5 20 587 4
17.847 54.428 257.623 8 5 20 587 4
228.526 50.276 104.202 9 5 20 571 3
228.526 50.276 104.202 10 5 20 571 3
228.526 50.276 104.202 11 5 20 571 3
228.526 50.276 104.202 12 5 20 571 3
228.526 50.276 104.202 13 5 20 571 3
228.526 50.276 104.202 14 5 20 571 3
228.526 50.276 104.202 15 5 20 571 3
15.425 93.649 246.416 16 5 20 172 1
228.526 50.276 104.202 17 5 20 571 3
228.526 50.276 104.202 18 5 20 571 3
228.526 50.276 104.202 19 5 20 571 3
228.526 50.276 104.202 20 5 20 571 3
228.526 50.276 104.202 21 5 20 571 3
228.526 50.276 104.202 22 5 20 571 3
228.526 50.276 104.202 23 5 20 571 3
228.526 50.276 104.202 24 5 20 571 3
228.526 50.276 104.202 25 5 20 571 3
228.526 50.276 104.202 26 5 20 571 3
228.526 50.276 104.202 27 5 20 571 3
228.526 50.276 104.202 28 5 20 571 3
228.526 50.276 104.202 29 5 20 571 3
228.526 50.276 104.202 30 5 20 571 3
17.847 54.428 257.623 1 6 20 587 4
17.847 54.428 257.623 2 6 20 587 4
17.847 54.428 257.623 3 6 20 587 4
17.847 54.428 257.623 4 6 20 587 4
17.847 54.428 257.623 5 6 20 587 4
17.847 54.428 257.623 6 6 20 587 4
17.847 54.428 257.623 7 6 20 587 4
17.847 54.428 257.623 8 6 20 587 4
17.847 54.428 257.623 9 6 20 587 4
228.526 50.276 104.202 10 6 20 571 3
228.526 50.276 104.202 11 6 20 571 3
228.526 50.276 104.202 12 6 20 571 3
228.526 50.276 104.202 13 6 20 571 3
228.526 50.276 104.202 14 6 20 571 3
228.526 50.276 104.202 15 6 20 571 3
148.861 154.479 104.238 16 6 20 448 1
228.526 50.276 104.202 17 6 20 571 3
136.420 22.567 316.272 18 6 20 248 1
228.526 50.276 104.202 19 6 20 571 3
306.652 75.048 261.218 20 6 20 105 1
228.526 50.276 104.202 21 6 20 571 3
1.296 88.752 214.852 22 6 20 176 1
228.526 50.276 104.202 23 6 20 571 3
228.526 50.276 104.202 24 6 20 571 3
228.526 50.276 104.202 25 6 20 571 3
228.526 50.276 104.202 26 6 20 571 3
228.526 50.276 104.202 27 6 20 571 3
228.526 50.276 104.202 28 6 20 571 3
228.526 50.276 104.202 29 6 20 571 3
57.879 122.114 83.270 30 6 20 185 1
17.847 54.428 257.623 1 7 20 587 4
17.847 54.428 257.623 2 7 20 587 4
17.847 54.428 257.623 3 7 20 587 4
17.847 54.428 257.623 4 7 20 587 4
17.847 54.428 257.623 5 7 20 587 4
17.847 54.428 257.623 6 7 20 587 4
17.847 54.428 257.623 7 7 20 587 4
17.847 54.428 257.623 8 7 20 587 4
17.847 54.428 257.623 9 7 20 587 4
17.847 54.428 257.623 10 7 20 587 4
228.526 50.276 104.202 11 7 20 571 3
228.526 50.276 104.202 12 7 20 571 3
228.526 50.276 104.202 13 7 20 571 3
228.526 50.276 104.202 14 7 20 571 3
228.526 50.276 104.202 15 7 20 571 3
228.526 50.276 104.202 16 7 20 571 3
228.526 50.276 104.202 17 7 20 571 3
228.526 50.276 104.202 18 7 20 571 3
228.526 50.276 104.202 19 7 20 571 3
228.526 50.276 104.202 20 7 20 571 3
228.526 50.276 104.202 21 7 20 571 3
228.526 50.276 104.202 22 7 20 571 3
228.526 50.276 104.202 23 7 20 571 3
228.526 50.276 104.202 24 7 20 571 3
228.526 50.276 104.202 25 7 20 571 3
228.526 50.276 104.202 26 7 20 571 3
228.526 50.276 104.202 27 7 20 571 3
228.526 50.276 104.202 28 7 20 571 3
228.526 50.276 104.202 29 7 20 571 3
228.526 50.276 104.202 30 7 20 571 3
17.847 54.428 257.623 1 8 20 587 4
17.847 54.428 257.623 2 8 20 587 4
17.847 54.428 257.623 3 8 20 587 4
17.847 54.428 257.623 4 8 20 587 4
17.847 54.428 257.623 5 8 20 587 4
17.847 54.428 257.623 6 8 20 587 4
17.847 54.428 257.623 7 8 20 587 4
17.847 54.428 257.623 8 8 20 587 4
17.847 54.428 257.623 9 8 20 587 4
17.847 54.428 257.623 10 8 20 587 4
17.847 54.428 257.623 11 8 20 587 4
228.526 50.276 104.202 12 8 20 571 3
228.526 50.276 104.202 13 8 20 571 3
228.526 50.276 104.202 14 8 20 571 3
228.526 50.276 104.202 15 8 20 571 3
228.526 50.276 104.202 16 8 20 571 3
228.526 50.276 104.202 17 8 20 571 3
136.281 139.085 91.015 18 8 20 519 2
228.526 50.276 104.202 19 8 20 571 3
228.526 50.276 104.202 20 8 20 571 3
228.526 50.276 104.202 21 8 20 571 3
228.526 50.276 104.202 22 8 20 571 3
228.526 50.276 104.202 23 8 20 571 3
228.526 50.276 104.202 24 8 20 571 3
228.526 50.276 104.202 25 8 20 571 3
228.526 50.276 104.202 26 8 20 571 3
228.526 50.276 104.202 27 8 20 571 3
220.188 74.742 56.585 28 8 20 388 1
228.526 50.276 104.202 29 8 20 571 3
228.526 50.276 104.202 30 8 20 571 3
17.847 54.428 257.623 1 9 20 587 4
17.847 54.428 257.623 2 9 20 587 4
17.847 54.428 257.623 3 9 20 587 4
17.847 54.428 257.623 4 9 20 587 4
17.847 54.428 257.623 5 9 20 587 4
17.847 54.428 257.623 6 9 20 587 4
17.847 54.428 257.623 7 9 20 587 4
17.847 54.428 257.623 8 9 20 587 4
17.847 54.428 257.623 9 9 20 587 4
17.847 54.428 257.623 10 9 20 587 4
17.847 54.428 257.623 11 9 20 587 4
228.526 50.276 104.202 12 9 20 571 3
228.526 50.276 104.202 13 9 20 571 3
228.526 50.276 104.202 14 9 20 571 3
228.526 50.276 104.202 15 9 20 571 3
228.526 50.276 104.202 16 9 20 571 3
228.526 50.276 104.202 17 9 20 571 3
228.526 50.276 104.202 18 9 20 571 3
228.526 50.276 104.202 19 9 20 571 3
228.526 50.276 104.202 20 9 20 571 3
228.526 50.276 104.202 21 9 20 571 3
228.526 50.276 104.202 22 9 20 571 3
228.526 50.276 104.202 23 9 20 571 3
228.526 50.276 104.202 24 9 20 571 3
228.526 50.276 104.202 25 9 20 571 3
228.526 50.276 104.202 26 9 20 571 3
228.526 50.276 104.202 27 9 20 571 3
228.526 50.276 104.202 28 9 20 571 3
228.526 50.276 104.202 29 9 20 571 3
228.526 50.276 104.202 30 9 20 571 3
17.847 54.428 257.623 1 10 20 587 4
17.847 54.428 257.623 2 10 20 587 4
17.847 54.428 257.623 3 10 20 587 4
229.492 68.951 300.513 4 10 20 562 2
17.847 54.428 257.623 5 10 20 587 4
37.192 146.828 249.274 6 10 20 62 1
17.847 54.428 257.623 7 10 20 587 4
17.847 54.428 257.623 8 10 20 587 4
17.847 54.428 257.623 9 10 20 587 4
17.847 54.428 257.623 10 10 20 587 4
17.847 54.428 257.623 11 10 20 587 4
17.847 54.428 257.623 12 10 20 587 4
228.526 50.276 104.202 13 10 20 571 3
228.526 50.276 104.202 14 10 20 571 3
228.526 50.276 104.202 15 10 20 571 3
31.802 27.259 81.118 16 10 20 16 1
228.526 50.276 104.202 17 10 20 571 3
228.526 50.276 104.202 18 10 20 571 3
228.526 50.276 104.202 19 10 20 571 3
228.526 50.276 104.202 20 10 20 571 3
228.526 50.276 104.202 21 10 20 571 3
323.688 44.744 344.358 22 10 20 305 1
228.526 50.276 104.202 23 10 20 571 3
228.526 50.276 104.202 24 10 20 571 3
228.526 50.276 104.202 25 10 20 571 3
228.526 50.276 104.202 26 10 20 571 3
228.526 50.276 104.202 27 10 20 571 3
356.957 80.659 123.640 28 10 20 342 1
228.526 50.276 104.202 29 10 20 571 3
228.526 50.276 104.202 30 10 20 571 3
17.847 54.428 257.623 1 11 20 587 4
17.847 54.428 257.623 2 11 20 587 4
17.847 54.428 257.623 3 11 20 587 4
17.847 54.428 257.623 4 11 20 587 4
17.847 54.428 257.623 5 11 20 587 4
17.847 54.428 257.623 6 11 20 587 4
17.847 54.428 257.623 7 11 20 587 4
17.847 54.428 257.623 8 11 20 587 4
17.847 54.428 257.623 9 11 20 587 4
17.847 54.428 257.623 10 11 20 587 4
17.847 54.428 257.623 11 11 20 587 4
17.847 54.428 257.623 12 11 20 587 4
17.847 54.428 257.623 13 11 20 587 4
228.526 50.276 104.202 14 11 20 571 3
228.526 50.276 104.202 15 11 20 571 3
228.526 50.276 104.202 16 11 20 571 3
228.526 50.276 104.202 17 11 20 571 3
228.526 50.276 104.202 18 11 20 571 3
228.526 50.276 104.202 19 11 20 571 3
228.526 50.276 104.202 20 11 20 571 3
228.526 50.276 104.202 21 11 20 571 3
228.526 50.276 104.202 22 11 20 571 3
228.526 50.276 104.202 23 11 20 571 3
228.526 50.276 104.202 24 11 20 571 3
228.526 50.276 104.202 25 11 20 571 3
228.526 50.276 104.202 26 11 20 571 3
228.526 50.276 104.202 27 11 20 571 3
228.526 50.276 104.202 28 11 20 571 3
228.526 50.276 104.202 29 11 20 571 3
228.526 50.276 104.202 30 11 20 571 3
17.847 54.428 257.623 1 12 20 587 4
17.847 54.428 257.623 2 12 20 587 4
17.847 54.428 257.623 3 12 20 587 4
17.847 54.428 257.623 4 12 20 587 4
17.847 54.428 257.623 5 12 20 587 4
17.847 54.428 257.623 6 12 20 587 4
17.847 54.428 257.623 7 12 20 587 4
17.847 54.428 257.623 8 12 20 587 4
17.847 54.428 257.623 9 12 20 587 4
17.847 54.428 257.623 10 12 20 587 4
17.847 54.428 257.623 11 12 20 587 4
17.847 54.428 257.623 12 12 20 587 4
17.847 54.428 257.623 13 12 20 587 4
17.847 54.428 257.623 14 12 20 587 4
228.526 50.276 104.202 15 12 20 571 3
121.394 102.373 283.495 16 12 20 150 1
228.526 50.276 104.202 17 12 20 571 3
84.992 118.647 318.434 18 12 20 455 1
228.526 50.276 104.202 19 12 20 571 3
283.432 108.936 79.050 20 12 20 414 1
228.526 50.276 104.202 21 12 20 571 3
228.526 50.276 104.202 22 12 20 571 3
228.526 50.276 104.202 23 12 20 571 3
228.526 50.276 104.202 24 12 20 571 3
228.526 50.276 104.202 25 12 20 571 3
228.526 50.276 104.202 26 12 20 571 3
228.526 50.276 104.202 27 12 20 571 3
228.526 50.276 104.202 28 12 20 571 3
228.526 50.276 104.202 29 12 20 571 3
228.526 50.276 104.202 30 12 20 571 3
17.847 54.428 257.623 1 13 20 587 4
17.847 54.428 257.623 2 13 20 587 4
17.847 54.428 257.623 3 13 20 587 4
17.847 54.428 257.623 4 13 20 587 4
17.847 54.428 257.623 5 13 20 587 4
17.847 54.428 257.623 6 13 20 587 4
17.847 54.428 257.623 7 13 20 587 4
17.847 54.428 257.623 8 13 20 587 4
17.847 54.428 257.623 9 13 20 587 4
17.847 54.428 257.623 10 13 20 587 4
17.847 54.428 257.623 11 13 20 587 4
17.847 54.428 257.623 12 13 20 587 4
17.847 54.428 257.623 13 13 20 587 4
17.847 54.428 257.623 14 13 20 587 4
228.526 50.276 104.202 15 13 20 571 3
228.526 50.276 104.202 16 13 20 571 3
228.526 50.276 104.202 17 13 20 571 3
228.526 50.276 104.202 18 13 20 571 3
228.526 50.276 104.202 19 13 20 571 3
228.526 50.276 104.202 20 13 20 571 3
228.526 50.276 104.202 21 13 20 571 3
228.526 50.276 104.202 22 13 20 571 3
228.526 50.276 104.202 23 13 20 571 3
228.526 50.276 104.202 24 13 20 571 3
228.526 50.276 104.202 25 13 20 571 3
228.526 50.276 104.202 26 13 20 571 3
228.526 50.276 104.202 27 13 20 571 3
228.526 50.276 104.202 28 13 20 571 3
228.526 50.276 104.202 29 13 20 571 3
228.526 50.276 104.202 30 13 20 571 3
17.847 54.428 257.623 1 14 20 587 4
17.847 54.428 257.623 2 14 20 587 4
17.847 54.428 257.623 3 14 20 587 4
17.847 54.428 257.623 4 14 20 587 4
17.847 54.428 257.623 5 14 20 587 4
17.847 54.428 257.623 6 14 20 587 4
17.847 54.428 257.623 7 14 20 587 4
17.847 54.428 257.623 8 14 20 587 4
17.847 54.428 257.623 9 14 20 587 4
17.847 54.428 257.623 10 14 20 587 4
17.847 54.428 257.623 11 14 20 587 4
17.847 54.428 257.623 12 14 20 587 4
17.847 54.428 257.623 13 14 20 587 4
17.847 54.428 257.623 14 14 20 587 4
17.847 54.428 257.623 15 14 20 587 4
228.526 50.276 104.202 16 14 20 571 3
228.526 50.276 104.202 17 14 20 571 3
228.526 50.276 104.202 18 14 20 571 3
228.526 50.276 104.202 19 14 20 571 3
228.526 50.276 104.202 20 14 20 571 3
228.526 50.276 104.202 21 14 20 571 3
228.526 50.276 104.202 22 14 20 571 3
228.526 50.276 104.202 23 14 20 571 3
228.526 50.276 104.202 24 14 20 571 3
228.526 50.276 104.202 25 14 20 571 3
228.526 50.276 104.202 26 14 20 571 3
228.526 50.276 104.202 27 14 20 571 3
228.526 50.276 104.202 28 14 20 571 3
228.526 50.276 104.202 29 14 20 571 3
111.384 139.148 267.355 30 14 20 189 1
17.847 54.428 257.623 1 15 20 587 4
17.847 54.428 257.623 2 15 20 587 4
17.847 54.428 257.623 3 15 20 587 4
17.847 54.428 257.623 4 15 20 587 4
17.847 54.428 257.623 5 15 20 587 4
17.847 54.428 257.623 6 15 20 587 4
17.847 54.428 257.623 7 15 20 587 4
17.847 54.428 257.623 8 15 20 587 4
17.847 54.428 257.623 9 15 20 587 4
17.847 54.428 257.623 10 15 20 587 4
17.847 54.428 257.623 11 15 20 587 4
17.847 54.428 257.623 12 15 20 587 4
17.847 54.428 257.623 13 15 20 587 4
17.847 54.428 257.623 14 15 20 587 4
17.847 54.428 257.623 15 15 20 587 4
226.601 120.849 133.469 16 15 20 297 1
226.601 120.849 133.469 17 15 20 297 1
165.217 71.520 210.175 18 15 20 612 1
165.217 71.520 210.175 19 15 20 612 1
228.526 50.276 104.202 20 15 20 571 3
228.526 50.276 104.202 21 15 20 571 3
228.526 50.276 104.202 22 15 20 571 3
228.526 50.276 104.202 23 15 20 571 3
172.963 100.175 132.384 24 15 20 574 4
172.963 100.175 132.384 25 15 20 574 4
172.963 100.175 132.384 26 15 20 574 4
172.963 100.175 132.384 27 15 20 574 4
228.526 50.276 104.202 28 15 20 571 3
228.526 50.276 104.202 29 15 20 571 3
285.692 97.923 77.626 30 15 20 466 2
17.847 54.428 257.623 1 16 20 587 4
17.847 54.428 257.623 2 16 20 587 4
17.847 54.428 257.623 3 16 20 587 4
17.847 54.428 257.623 4 16 20 587 4
17.847 54.428 257.623 5 16 20 587 4
17.847 54.428 257.623 6 16 20 587 4
17.847 54.428 257.623 7 16 20 587 4
17.847 54.428 257.623 8 16 20 587 4
17.847 54.428 257.623 9 16 20 587 4
17.847 54.428 257.623 10 16 20 587 4
17.847 54.428 257.623 11 16 20 587 4
17.847 54.428 257.623 12 16 20 587 4
17.847 54.428 257.623 13 16 20 587 4
17.847 54.428 257.623 14 16 20 587 4
17.847 54.428 257.623 15 16 20 587 4
226.601 120.849 133.469 16 16 20 297 1
226.601 120.849 133.469 17 16 20 297 1
228.526 50.276 104.202 18 16 20 571 3
228.526 50.276 104.202 19 16 20 571 3
228.526 50.276 104.202 20 16 20 571 3
228.526 50.276 104.202 21 16 20 571 3
172.963 100.175 132.384 22 16 20 574 4
172.963 100.175 132.384 23 16 20 574 4
172.963 100.175 132.384 24 16 20 574 4
172.963 100.175 132.384 25 16 20 574 4
172.963 100.175 132.384 26 16 20 574 4
172.963 100.175 132.384 27 16 20 574 4
172.963 100.175 132.384 28 16 20 574 4
228.526 50.276 104.202 29 16 20 571 3
228.526 50.276 104.202 30 16 20 571 3
17.847 54.428 257.623 1 17 20 587 4
17.847 54.428 257.623 2 17 20 587 4
17.847 54.428 257.623 3 17 20 587 4
17.847 54.428 257.623 4 17 20 587 4
17.847 54.428 257.623 5 17 20 587 4
17.847 54.428 257.623 6 17 20 587 4
17.847 54.428 257.623 7 17 20 587 4
17.847 54.428 257.623 8 17 20 587 4
17.847 54.428 257.623 9 17 20 587 4
17.847 54.428 257.623 10 17 20 587 4
17.847 54.428 257.623 11 17 20 587 4
17.847 54.428 257.623 12 17 20 587 4
17.847 54.428 257.623 13 17 20 587 4
17.847 54.428 257.623 14 17 20 587 4
17.847 54.428 257.623 15 17 20 587 4
226.601 120.849 133.469 16 17 20 297 1
226.601 120.849 133.469 17 17 20 297 1
226.601 120.849 133.469 18 17 20 297 1
228.526 50.276 104.202 19 17 20 571 3
172.963 100.175 132.384 20 17 20 574 4
172.963 100.175 132.384 21 17 20 574 4
172.963 100.175 132.384 22 17 20 574 4
172.963 100.175 132.384 23 17 20 574 4
172.963 100.175 132.384 24 17 20 574 4
172.963 100.175 132.384 25 17 20 574 4
172.963 100.175 132.384 26 17 20 574 4
172.963 100.175 132.384 27 17 20 574 4
172.963 100.175 132.384 28 17 20 574 4
208.733 46.520 129.056 29 17 20 584 4
208.733 46.520 129.056 30 17 20 584 4
17.847 54.428 257.623 1 18 20 587 4
17.847 54.428 257.623 2 18 20 587 4
17.847 54.428 257.623 3 18 20 587 4
17.847 54.428 257.623 4 18 20 587 4
17.847 54.428 257.623 5 18 20 587 4
17.847 54.428 257.623 6 18 20 587 4
17.847 54.428 257.623 7 18 20 587 4
17.847 54.428 257.623 8 18 20 587 4
17.847 54.428 257.623 9 18 20 587 4
17.847 54.428 257.623 10 18 20 587 4
17.847 54.428 257.623 11 18 20 587 4
17.847 54.428 257.623 12 18 20 587 4
17.847 54.428 257.623 13 18 20 587 4
17.847 54.428 257.623 14 18 20 587 4
17.847 54.428 257.623 15 18 20 587 4
226.601 120.849 133.469 16 18 20 297 1
226.601 120.849 133.469 17 18 20 297 1
226.601 120.849 133.469 18 18 20 297 1
210.640 130.190 217.715 19 18 20 406 1
210.640 130.190 217.715 20 18 20 406 1
172.963 100.175 132.384 21 18 20 574 4
172.963 100.175 132.384 22 18 20 574 4
172.963 100.175 132.384 23 18 20 574 4
172.963 100.175 132.384 24 18 20 574 4
172.963 100.175 132.384 25 18 20 574 4
172.963 100.175 132.384 26 18 20 574 4
172.963 100.175 132.384 27 18 20 574 4
172.963 100.175 132.384 28 18 20 574 4
208.733 46.520 129.056 29 18 20 584 4
208.733 46.520 129.056 30 18 20 584 4
17.847 54.428 257.623 1 19 20 587 4
17.847 54.428 257.623 2 19 20 587 4
17.847 54.428 257.623 3 19 20 587 4
17.847 54.428 257.623 4 19 20 587 4
17.847 54.428 257.623 5 19 20 587 4
17.847 54.428 257.623 6 19 20 587 4
17.847 54.428 257.623 7 19 20 587 4
17.847 54.428 257.623 8 19 20 587 4
17.847 54.428 257.623 9 19 20 587 4
17.847 54.428 257.623 10 19 20 587 4
17.847 54.428 257.623 11 19 20 587 4
17.847 54.428 257.623 12 19 20 587 4
17.847 54.428 257.623 13 19 20 587 4
17.847 54.428 257.623 14 19 20 587 4
17.847 54.428 257.623 15 19 20 587 4
17.847 54.428 257.623 16 19 20 587 4
268.956 26.950 182.919 17 19 20 583 4
268.956 26.950 182.919 18 19 20 583 4
172.963 100.175 132.384 19 19 20 574 4
172.963 100.175 132.384 20 19 20 574 4
172.963 100.175 132.384 21 19 20 574 4
172.963 100.175 132.384 22 19 20 574 4
172.963 100.175 132.384 23 19 20 574 4
172.963 100.175 132.384 24 19 20 574 4
172.963 100.175 132.384 25 19 20 574 4
172.963 100.175 132.384 26 19 20 574 4
172.963 100.175 132.384 27 19 20 574 4
144.748 167.251 322.201 28 19 20 579 4
208.733 46.520 129.056 29 19 20 584 4
208.733 46.520 129.056 30 19 20 584 4
17.847 54.428 257.623 1 20 20 587 4
17.847 54.428 257.623 2 20 20 587 4
17.847 54.428 257.623 3 20 20 587 4
17.847 54.428 257.623 4 20 20 587 4
17.847 54.428 257.623 5 20 20 587 4
17.847 54.428 257.623 6 20 20 587 4
17.847 54.428 257.623 7 20 20 587 4
17.847 54.428 257.623 8 20 20 587 4
17.847 54.428 257.623 9 20 20 587 4
17.847 54.428 257.623 10 20 20 587 4
17.847 54.428 257.623 11 20 20 587 4
17.847 54.428 257.623 12 20 20 587 4
17.847 54.428 257.623 13 20 20 587 4
17.847 54.428 257.623 14 20 20 587 4
17.847 54.428 257.623 15 20 20 587 4
268.956 26.950 182.919 16 20 20 583 4
268.956 26.950 182.919 17 20 20 583 4
144.748 167.251 322.201 18 20 20 579 4
144.748 167.251 322.201 19 20 20 579 4
144.748 167.251 322.201 20 20 20 579 4
172.963 100.175 132.384 21 20 20 574 4
172.963 100.175 132.384 22 20 20 574 4
172.963 100.175 132.384 23 20 20 574 4
172.963 100.175 132.384 24 20 20 574 4
172.963 100.175 132.384 25 20 20 574 4
172.963 100.175 132.384 26 20 20 574 4
144.748 167.251 322.201 27 20 20 579 4
144.748 167.251 322.201 28 20 20 579 4
208.733 46.520 129.056 29 20 20 584 4
208.733 46.520 129.056 30 20 20 584 4
17.847 54.428 257.623 1 21 20 587 4
17.847 54.428 257.623 2 21 20 587 4
17.847 54.428 257.623 3 21 20 587 4
17.847 54.428 257.623 4 21 20 587 4
17.847 54.428 257.623 5 21 20 587 4
17.847 54.428 257.623 6 21 20 587 4
17.847 54.428 257.623 7 21 20 587 4
17.847 54.428 257.623 8 21 20 587 4
17.847 54.428 257.623 9 21 20 587 4
17.847 54.428 257.623 10 21 20 587 4
17.847 54.428 257.623 11 21 20 587 4
17.847 54.428 257.623 12 21 20 587 4
17.847 54.428 257.623 13 21 20 587 4
17.847 54.428 257.623 14 21 20 587 4
17.847 54.428 257.623 15 21 20 587 4
268.956 26.950 182.919 16 21 20 583 4
144.748 167.251 322.201 17 21 20 579 4
144.748 167.251 322.201 18 21 20 579 4
144.748 167.251 322.201 19 21 20 579 4
144.748 167.251 322.201 20 21 20 579 4
144.748 167.251 322.201 21 21 20 579 4
172.963 100.175 132.384 22 21 20 574 4
172.963 100.175 132.384 23 21 20 574 4
172.963 100.175 132.384 24 21 20 574 4
144.748 167.251 322.201 25 21 20 579 4
144.748 167.251 322.201 26 21 20 579 4
144.748 167.251 322.201 27 21 20 579 4
144.748 167.251 322.201 28 21 20 579 4
144.748 167.251 322.201 29 21 20 579 4
208.733 46.520 129.056 30 21 20 584 4
17.847 54.428 257.623 1 22 20 587 4
17.847 54.428 257.623 2 22 20 587 4
17.847 54.428 257.623 3 22 20 587 4
17.847 54.428 257.623 4 22 20 587 4
17.847 54.428 257.623 5 22 20 587 4
17.847 54.428 257.623 6 22 20 587 4
17.847 54.428 257.623 7 22 20 587 4
17.847 54.428 257.623 8 22 20 587 4
17.847 54.428 257.623 9 22 20 587 4
17.847 54.428 257.623 10 22 20 587 4
17.847 54.428 257.623 11 22 20 587 4
17.847 54.428 257.623 12 22 20 587 4
17.847 54.428 257.623 13 22 20 587 4
81.859 64.166 27.058 14 22 20 229 1
122.621 49.083 203.139 15 22 20 615 1
294.380 46.061 33.199 16 22 20 577 4
144.748 167.251 322.201 17 22 20 579 4
144.748 167.251 322.201 18 22 20 579 4
144.748 167.251 322.201 19 22 20 579 4
144.748 167.251 322.201 20 22 20 579 4
144.748 167.251 322.201 21 22 20 579 4
144.748 167.251 322.201 22 22 20 579 4
144.748 167.251 322.201 23 22 20 579 4
144.748 167.251 322.201 24 22 20 579 4
144.748 167.251 322.201 25 22 20 579 4
144.748 167.251 322.201 26 22 20 579 4
144.748 167.251 322.201 27 22 20 579 4
144.748 167.251 322.201 28 22 20 579 4
144.748 167.251 322.201 29 22 20 579 4
144.748 167.251 322.201 30 22 20 579 4
80.957 161.770 24.449 1 23 20 580 4
80.957 161.770 24.449 2 23 20 580 4
17.847 54.428 257.623 3 23 20 587 4
17.847 54.428 257.623 4 23 20 587 4
17.847 54.428 257.623 5 23 20 587 4
17.847 54.428 257.623 6 23 20 587 4
17.847 54.428 257.623 7 23 20 587 4
17.847 54.428 257.623 8 23 20 587 4
17.847 54.428 257.623 9 23 20 587 4
17.847 54.428 257.623 10 23 20 587 4
17.847 54.428 257.623 11 23 20 587 4
17.847 54.428 257.623 12 23 20 587 4
122.621 49.083 203.139 13 23 20 615 1
122.621 49.083 203.139 14 23 20 615 1
122.621 49.083 203.139 15 23 20 615 1
122.621 49.083 203.139 16 23 20 615 1
144.748 167.251 322.201 17 23 20 579 4
144.748 167.251 322.201 18 23 20 579 4
144.748 167.251 322.201 19 23 20 579 4
144.748 167.251 322.201 20 23 20 579 4
144.748 167.251 322.201 21 23 20 579 4
144.748 167.251 322.201 22 23 20 579 4
144.748 167.251 322.201 23 23 20 579 4
144.748 167.251 322.201 24 23 20 579 4
144.748 167.251 322.201 25 23 20 579 4
144.748 167.251 322.201 26 23 20 579 4
144.748 167.251 322.201 27 23 20 579 4
144.748 167.251 322.201 28 23 20 579 4
144.748 167.251 322.201 29 23 20 579 4
144.748 167.251 322.201 30 23 20 579 4
80.957 161.770 24.449 1 24 20 580 4
80.957 161.770 24.449 2 24 20 580 4
80.957 161.770 24.449 3 24 20 580 4
80.957 161.770 24.449 4 24 20 580 4
80.957 161.770 24.449 5 24 20 580 4
80.957 161.770 24.449 6 24 20 580 4
17.847 54.428 257.623 7 24 20 587 4
17.847 54.428 257.623 8 24 20 587 4
17.847 54.428 257.623 9 24 20 587 4
17.847 54.428 257.623 10 24 20 587 4
17.847 54.428 257.623 11 24 20 587 4
17.847 54.428 257.623 12 24 20 587 4
122.621 49.083 203.139 13 24 20 615 1
122.621 49.083 203.139 14 24 20 615 1
122.621 49.083 203.139 15 24 20 615 1
122.621 49.083 203.139 16 24 20 615 1
144.748 167.251 322.201 17 24 20 579 4
144.748 167.251 322.201 18 24 20 579 4
144.748 167.251 322.201 19 24 20 579 4
144.748 167.251 322.201 20 24 20 579 4
144.748 167.251 322.201 21 24 20 579 4
144.748 167.251 322.201 22 24 20 579 4
144.748 167.251 322.201 23 24 20 579 4
144.748 167.251 322.201 24 24 20 579 4
144.748 167.251 322.201 25 24 20 579 4
144.748 167.251 322.201 26 24 20 579 4
144.748 167.251 322.201 27 24 20 579 4
144.748 167.251 322.201 28 24 20 579 4
144.748 167.251 322.201 29 24 20 579 4
144.748 167.251 322.201 30 24 20 579 4
80.957 161.770 24.449 1 25 20 580 4
80.957 161.770 24.449 2 25 20 580 4
80.957 161.770 24.449 3 25 20 580 4
80.957 161.770 24.449 4 25 20 580 4
80.957 161.770 24.449 5 25 20 580 4
80.957 161.770 24.449 6 25 20 580 4
80.957 161.770 24.449 7 25 20 580 4
80.957 161.770 24.449 8 25 20 580 4
80.957 161.770 24.449 9 25 20 580 4
80.957 161.770 24.449 10 25 20 580 4
80.957 161.770 24.449 11 25 20 580 4
80.957 161.770 24.449 12 25 20 580 4
122.621 49.083 203.139 13 25 20 615 1
122.621 49.083 203.139 14 25 20 615 1
122.621 49.083 203.139 15 25 20 615 1
122.621 49.083 203.139 16 25 20 615 1
144.748 167.251 322.201 17 25 20 579 4
144.748 167.251 322.201 18 25 20 579 4
144.748 167.251 322.201 19 25 20 579 4
144.748 167.251 322.201 20 25 20 579 4
144.748 167.251 322.201 21 25 20 579 4
144.748 167.251 322.201 22 25 20 579 4
144.748 167.251 322.201 23 25 20 579 4
144.748 167.251 322.201 24 25 20 579 4
144.748 167.251 322.201 25 25 20 579 4
144.748 167.251 322.201 26 25 20 579 4
144.748 167.251 322.201 27 25 20 579 4
144.748 167.251 322.201 28 25 20 579 4
144.748 167.251 322.201 29 25 20 579 4
144.748 167.251 322.201 30 25 20 579 4
80.957 161.770 24.449 1 26 20 580 4
80.957 161.770 24.449 2 26 20 580 4
80.957 161.770 24.449 3 26 20 580 4
80.957 161.770 24.449 4 26 20 580 4
80.957 161.770 24.449 5 26 20 580 4
80.957 161.770 24.449 6 26 20 580 4
80.957 161.770 24.449 7 26 20 580 4
80.957 161.770 24.449 8 26 20 580 4
80.957 161.770 24.449 9 26 20 580 4
80.957 161.770 24.449 10 26 20 580 4
80.957 161.770 24.449 11 26 20 580 4
80.957 161.770 24.449 12 26 20 580 4
122.621 49.083 203.139 13 26 20 615 1
122.621 49.083 203.139 14 26 20 615 1
122.621 49.083 203.139 15 26 20 615 1
122.621 49.083 203.139 16 26 20 615 1
144.748 167.251 322.201 17 26 20 579 4
144.748 167.251 322.201 18 26 20 579 4
144.748 167.251 322.201 19 26 20 579 4
144.748 167.251 322.201 20 26 20 579 4
144.748 167.251 322.201 21 26 20 579 4
144.748 167.251 322.201 22 26 20 579 4
144.748 167.251 322.201 23 26 20 579 4
144.748 167.251 322.201 24 26 20 579 4
144.748 167.251 322.201 25 26 20 579 4
144.748 167.251 322.201 26 26 20 579 4
144.748 167.251 322.201 27 26 20 579 4
144.748 167.251 322.201 28 26 20 579 4
144.748 167.251 322.201 29 26 20 579 4
144.748 167.251 322.201 30 26 20 579 4
80.957 161.770 24.449 1 27 20 580 4
80.957 161.770 24.449 2 27 20 580 4
80.957 161.770 24.449 3 27 20 580 4
80.957 161.770 24.449 4 27 20 580 4
80.957 161.770 24.449 5 27 20 580 4
80.957 161.770 24.449 6 27 20 580 4
80.957 161.770 24.449 7 27 20 580 4
80.957 161.770 24.449 8 27 20 580 4
80.957 161.770 24.449 9 27 20 580 4
80.957 161.770 24.449 10 27 20 580 4
80.957 161.770 24.449 11 27 20 580 4
80.957 161.770 24.449 12 27 20 580 4
80.957 161.770 24.449 13 27 20 580 4
80.957 161.770 24.449 14 27 20 580 4
122.621 49.083 203.139 15 27 20 615 1
122.621 49.083 203.139 16 27 20 615 1
144.748 167.251 322.201 17 27 20 579 4
144.748 167.251 322.201 18 27 20 579 4
144.748 167.251 322.201 19 27 20 579 4
144.748 167.251 322.201 20 27 20 579 4
144.748 167.251 322.201 21 27 20 579 4
144.748 167.251 322.201 22 27 20 579 4
144.748 167.251 322.201 23 27 20 579 4
144.748 167.251 322.201 24 27 20 579 4
144.748 167.251 322.201 25 27 20 579 4
144.748 167.251 322.201 26 27 20 579 4
144.748 167.251 322.201 27 27 20 579 4
144.748 167.251 322.201 28 27 20 579 4
144.748 167.251 322.201 29 27 20 579 4
144.748 167.251 322.201 30 27 20 579 4
80.957 161.770 24.449 1 28 20 580 4
80.957 161.770 24.449 2 28 20 580 4
80.957 161.770 24.449 3 28 20 580 4
80.957 161.770 24.449 4 28 20 580 4
80.957 161.770 24.449 5 28 20 580 4
80.957 161.770 24.449 6 28 20 580 4
80.957 161.770 24.449 7 28 20 580 4
80.957 161.770 24.449 8 28 20 580 4
80.957 161.770 24.449 9 28 20 580 4
80.957 161.770 24.449 10 28 20 580 4
80.957 161.770 24.449 11 28 20 580 4
80.957 161.770 24.449 12 28 20 580 4
80.957 161.770 24.449 13 28 20 580 4
80.957 161.770 24.449 14 28 20 580 4
80.957 161.770 24.449 15 28 20 580 4
80.957 161.770 24.449 16 28 20 580 4
144.748 167.251 322.201 17 28 20 579 4
144.748 167.251 322.201 18 28 20 579 4
144.748 167.251 322.201 19 28 20 579 4
144.748 167.251 322.201 20 28 20 579 4
144.748 167.251 322.201 21 28 20 579 4
144.748 167.251 322.201 22 28 20 579 4
144.748 167.251 322.201 23 28 20 579 4
144.748 167.251 322.201 24 28 20 579 4
144.748 167.251 322.201 25 28 20 579 4
144.748 167.251 322.201 26 28 20 579 4
144.748 167.251 322.201 27 28 20 579 4
144.748 167.251 322.201 28 28 20 579 4
144.748 167.251 322.201 29 28 20 579 4
144.748 167.251 322.201 30 28 20 579 4
80.957 161.770 24.449 1 29 20 580 4
80.957 161.770 24.449 2 29 20 580 4
80.957 161.770 24.449 3 29 20 580 4
80.957 161.770 24.449 4 29 20 580 4
80.957 161.770 24.449 5 29 20 580 4
80.957 161.770 24.449 6 29 20 580 4
80.957 161.770 24.449 7 29 20 580 4
80.957 161.770 24.449 8 29 20 580 4
80.957 161.770 24.449 9 29 20 580 4
80.957 161.770 24.449 10 29 20 580 4
80.957 161.770 24.449 11 29 20 580 4
80.957 161.770 24.449 12 29 20 580 4
80.957 161.770 24.449 13 29 20 580 4
80.957 161.770 24.449 14 29 20 580 4
80.957 161.770 24.449 15 29 20 580 4
80.957 161.770 24.449 16 29 20 580 4
80.957 161.770 24.449 17 29 20 580 4
144.748 167.251 322.201 18 29 20 579 4
144.748 167.251 322.201 19 29 20 579 4
144.748 167.251 322.201 20 29 20 579 4
144.748 167.251 322.201 21 29 20 579 4
144.748 167.251 322.201 22 29 20 579 4
144.748 167.251 322.201 23 29 20 579 4
144.748 167.251 322.201 24 29 20 579 4
144.748 167.251 322.201 25 29 20 579 4
144.748 167.251 322.201 26 29 20 579 4
144.748 167.251 322.201 27 29 20 579 4
144.748 167.251 322.201 28 29 20 579 4
144.748 167.251 322.201 29 29 20 579 4
144.748 167.251 322.201 30 29 20 579 4
80.957 161.770 24.449 1 30 20 580 4
206.173 120.390 242.404 2 30 20 572 4
80.957 161.770 24.449 3 30 20 580 4
80.957 161.770 24.449 4 30 20 580 4
80.957 161.770 24.449 5 30 20 580 4
80.957 161.770 24.449 6 30 20 580 4
80.957 161.770 24.449 7 30 20 580 4
80.957 161.770 24.449 8 30 20 580 4
80.957 161.770 24.449 9 30 20 580 4
80.957 161.770 24.449 10 30 20 580 4
80.957 161.770 24.449 11 30 20 580 4
80.957 161.770 24.449 12 30 20 580 4
80.957 161.770 24.449 13 30 20 580 4
80.957 161.770 24.449 14 30 20 580 4
80.957 161.770 24.449 15 30 20 580 4
80.957 161.770 24.449 16 30 20 580 4
80.957 161.770 24.449 17 30 20 580 4
144.748 167.251 322.201 18 30 20 579 4
144.748 167.251 322.201 19 30 20 579 4
144.748 167.251 322.201 20 30 20 579 4
144.748 167.251 322.201 21 30 20 579 4
144.748 167.251 322.201 22 30 20 579 4
144.748 167.251 322.201 23 30 20 579 4
144.748 167.251 322.201 24 30 20 579 4
144.748 167.251 322.201 25 30 20 579 4
144.748 167.251 322.201 26 30 20 579 4
144.748 167.251 322.201 27 30 20 579 4
144.748 167.251 322.201 28 30 20 579 4
144.748 167.251 322.201 29 30 20 579 4
144.748 167.251 322.201 30 30 20 579 4
