69.354 36.738 99.941 1 1 27 570 2
69.354 36.738 99.941 2 1 27 570 2
69.354 36.738 99.941 3 1 27 570 2
69.354 36.738 99.941 4 1 27 570 2
85.070 89.493 270.678 5 1 27 142 1
85.070 89.493 270.678 6 1 27 142 1
85.070 89.493 270.678 7 1 27 142 1
228.526 50.276 104.202 8 1 27 571 3
228.526 50.276 104.202 9 1 27 571 3
228.526 50.276 104.202 10 1 27 571 3
228.526 50.276 104.202 11 1 27 571 3
228.526 50.276 104.202 12 1 27 571 3
228.526 50.276 104.202 13 1 27 571 3
228.526 50.276 104.202 14 1 27 571 3
228.526 50.276 104.202 15 1 27 571 3
228.526 50.276 104.202 16 1 27 571 3
228.526 50.276 104.202 17 1 27 571 3
228.526 50.276 104.202 18 1 27 571 3
228.526 50.276 104.202 19 1 27 571 3
228.526 50.276 104.202 20 1 27 571 3
228.526 50.276 104.202 21 1 27 571 3
228.526 50.276 104.202 22 1 27 571 3
228.526 50.276 104.202 23 1 27 571 3
228.526 50.276 104.202 24 1 27 571 3
228.526 50.276 104.202 25 1 27 571 3
228.526 50.276 104.202 26 1 27 571 3
228.526 50.276 104.202 27 1 27 571 3
228.526 50.276 104.202 28 1 27 571 3
228.526 50.276 104.202 29 1 27 571 3
228.526 50.276 104.202 30 1 27 571 3
69.354 36.738 99.941 1 2 27 570 2
69.354 36.738 99.941 2 2 27 570 2
69.354 36.738 99.941 3 2 27 570 2
69.354 36.738 99.941 4 2 27 570 2
85.070 89.493 270.678 5 2 27 142 1
85.070 89.493 270.678 6 2 27 142 1
85.070 89.493 270.678 7 2 27 142 1
228.526 50.276 104.202 8 2 27 571 3
228.526 50.276 104.202 9 2 27 571 3
228.526 50.276 104.202 10 2 27 571 3
228.526 50.276 104.202 11 2 27 571 3
228.526 50.276 104.202 12 2 27 571 3
228.526 50.276 104.202 13 2 27 571 3
228.526 50.276 104.202 14 2 27 571 3
228.526 50.276 104.202 15 2 27 571 3
228.526 50.276 104.202 16 2 27 571 3
228.526 50.276 104.202 17 2 27 571 3
228.526 50.276 104.202 18 2 27 571 3
228.526 50.276 104.202 19 2 27 571 3
228.526 50.276 104.202 20 2 27 571 3
228.526 50.276 104.202 21 2 27 571 3
228.526 50.276 104.202 22 2 27 571 3
228.526 50.276 104.202 23 2 27 571 3
228.526 50.276 104.202 24 2 27 571 3
228.526 50.276 104.202 25 2 27 571 3
228.526 50.276 104.202 26 2 27 571 3
228.526 50.276 104.202 27 2 27 571 3
228.526 50.276 104.202 28 2 27 571 3
228.526 50.276 104.202 29 2 27 571 3
228.526 50.276 104.202 30 2 27 571 3
69.354 36.738 99.941 1 3 27 570 2
69.354 36.738 99.941 2 3 27 570 2
69.354 36.738 99.941 3 3 27 570 2
69.354 36.738 99.941 4 3 27 570 2
85.070 89.493 270.678 5 3 27 142 1
85.070 89.493 270.678 6 3 27 142 1
85.070 89.493 270.678 7 3 27 142 1
85.070 89.493 270.678 8 3 27 142 1
228.526 50.276 104.202 9 3 27 571 3
228.526 50.276 104.202 10 3 27 571 3
228.526 50.276 104.202 11 3 27 571 3
228.526 50.276 104.202 12 3 27 571 3
228.526 50.276 104.202 13 3 27 571 3
228.526 50.276 104.202 14 3 27 571 3
228.526 50.276 104.202 15 3 27 571 3
228.526 50.276 104.202 16 3 27 571 3
228.526 50.276 104.202 17 3 27 571 3
228.526 50.276 104.202 18 3 27 571 3
228.526 50.276 104.202 19 3 27 571 3
228.526 50.276 104.202 20 3 27 571 3
228.526 50.276 104.202 21 3 27 571 3
228.526 50.276 104.202 22 3 27 571 3
228.526 50.276 104.202 23 3 27 571 3
228.526 50.276 104.202 24 3 27 571 3
228.526 50.276 104.202 25 3 27 571 3
228.526 50.276 104.202 26 3 27 571 3
228.526 50.276 104.202 27 3 27 571 3
228.526 50.276 104.202 28 3 27 571 3
228.526 50.276 104.202 29 3 27 571 3
228.526 50.276 104.202 30 3 27 571 3
69.354 36.738 99.941 1 4 27 570 2
234.709 129.027 209.116 2 4 27 69 1
234.709 129.027 209.116 3 4 27 69 1
234.709 129.027 209.116 4 4 27 69 1
234.709 129.027 209.116 5 4 27 69 1
111.177 67.703 142.296 6 4 27 206 1
111.177 67.703 142.296 7 4 27 206 1
111.177 67.703 142.296 8 4 27 206 1
111.177 67.703 142.296 9 4 27 206 1
228.526 50.276 104.202 10 4 27 571 3
228.526 50.276 104.202 11 4 27 571 3
228.526 50.276 104.202 12 4 27 571 3
228.526 50.276 104.202 13 4 27 571 3
228.526 50.276 104.202 14 4 27 571 3
228.526 50.276 104.202 15 4 27 571 3
228.526 50.276 104.202 16 4 27 571 3
228.526 50.276 104.202 17 4 27 571 3
228.526 50.276 104.202 18 4 27 571 3
228.526 50.276 104.202 19 4 27 571 3
228.526 50.276 104.202 20 4 27 571 3
228.526 50.276 104.202 21 4 27 571 3
228.526 50.276 104.202 22 4 27 571 3
228.526 50.276 104.202 23 4 27 571 3
228.526 50.276 104.202 24 4 27 571 3
228.526 50.276 104.202 25 4 27 571 3
228.526 50.276 104.202 26 4 27 571 3
228.526 50.276 104.202 27 4 27 571 3
228.526 50.276 104.202 28 4 27 571 3
228.526 50.276 104.202 29 4 27 571 3
228.526 50.276 104.202 30 4 27 571 3
234.709 129.027 209.116 1 5 27 69 1
234.709 129.027 209.116 2 5 27 69 1
234.709 129.027 209.116 3 5 27 69 1
234.709 129.027 209.116 4 5 27 69 1
234.709 129.027 209.116 5 5 27 69 1
111.177 67.703 142.296 6 5 27 206 1
111.177 67.703 142.296 7 5 27 206 1
111.177 67.703 142.296 8 5 27 206 1
111.177 67.703 142.296 9 5 27 206 1
228.526 50.276 104.202 10 5 27 571 3
318.964 82.836 166.862 11 5 27 591 1
318.964 82.836 166.862 12 5 27 591 1
228.526 50.276 104.202 13 5 27 571 3
228.526 50.276 104.202 14 5 27 571 3
228.526 50.276 104.202 15 5 27 571 3
13.288 74.181 304.771 16 5 27 363 1
228.526 50.276 104.202 17 5 27 571 3
228.526 50.276 104.202 18 5 27 571 3
228.526 50.276 104.202 19 5 27 571 3
228.526 50.276 104.202 20 5 27 571 3
228.526 50.276 104.202 21 5 27 571 3
228.526 50.276 104.202 22 5 27 571 3
228.526 50.276 104.202 23 5 27 571 3
228.526 50.276 104.202 24 5 27 571 3
228.526 50.276 104.202 25 5 27 571 3
228.526 50.276 104.202 26 5 27 571 3
228.526 50.276 104.202 27 5 27 571 3
228.526 50.276 104.202 28 5 27 571 3
228.526 50.276 104.202 29 5 27 571 3
228.526 50.276 104.202 30 5 27 571 3
234.709 129.027 209.116 1 6 27 69 1
234.709 129.027 209.116 2 6 27 69 1
234.709 129.027 209.116 3 6 27 69 1
234.709 129.027 209.116 4 6 27 69 1
17.847 54.428 257.623 5 6 27 587 4
17.847 54.428 257.623 6 6 27 587 4
17.847 54.428 257.623 7 6 27 587 4
17.847 54.428 257.623 8 6 27 587 4
17.847 54.428 257.623 9 6 27 587 4
265.848 30.584 260.139 10 6 27 197 1
318.964 82.836 166.862 11 6 27 591 1
318.964 82.836 166.862 12 6 27 591 1
228.526 50.276 104.202 13 6 27 571 3
228.526 50.276 104.202 14 6 27 571 3
228.526 50.276 104.202 15 6 27 571 3
13.288 74.181 304.771 16 6 27 363 1
228.526 50.276 104.202 17 6 27 571 3
228.526 50.276 104.202 18 6 27 571 3
228.526 50.276 104.202 19 6 27 571 3
228.526 50.276 104.202 20 6 27 571 3
228.526 50.276 104.202 21 6 27 571 3
228.526 50.276 104.202 22 6 27 571 3
228.526 50.276 104.202 23 6 27 571 3
228.526 50.276 104.202 24 6 27 571 3
228.526 50.276 104.202 25 6 27 571 3
228.526 50.276 104.202 26 6 27 571 3
228.526 50.276 104.202 27 6 27 571 3
228.526 50.276 104.202 28 6 27 571 3
228.526 50.276 104.202 29 6 27 571 3
228.526 50.276 104.202 30 6 27 571 3
234.709 129.027 209.116 1 7 27 69 1
234.709 129.027 209.116 2 7 27 69 1
98.167 131.530 257.169 3 7 27 420 1
17.847 54.428 257.623 4 7 27 587 4
17.847 54.428 257.623 5 7 27 587 4
17.847 54.428 257.623 6 7 27 587 4
17.847 54.428 257.623 7 7 27 587 4
17.847 54.428 257.623 8 7 27 587 4
17.847 54.428 257.623 9 7 27 587 4
265.848 30.584 260.139 10 7 27 197 1
17.847 54.428 257.623 11 7 27 587 4
228.526 50.276 104.202 12 7 27 571 3
228.526 50.276 104.202 13 7 27 571 3
228.526 50.276 104.202 14 7 27 571 3
228.526 50.276 104.202 15 7 27 571 3
228.526 50.276 104.202 16 7 27 571 3
228.526 50.276 104.202 17 7 27 571 3
228.526 50.276 104.202 18 7 27 571 3
228.526 50.276 104.202 19 7 27 571 3
228.526 50.276 104.202 20 7 27 571 3
228.526 50.276 104.202 21 7 27 571 3
228.526 50.276 104.202 22 7 27 571 3
228.526 50.276 104.202 23 7 27 571 3
228.526 50.276 104.202 24 7 27 571 3
228.526 50.276 104.202 25 7 27 571 3
228.526 50.276 104.202 26 7 27 571 3
228.526 50.276 104.202 27 7 27 571 3
228.526 50.276 104.202 28 7 27 571 3
228.526 50.276 104.202 29 7 27 571 3
228.526 50.276 104.202 30 7 27 571 3
98.167 131.530 257.169 1 8 27 420 1
98.167 131.530 257.169 2 8 27 420 1
98.167 131.530 257.169 3 8 27 420 1
17.847 54.428 257.623 4 8 27 587 4
17.847 54.428 257.623 5 8 27 587 4
17.847 54.428 257.623 6 8 27 587 4
17.847 54.428 257.623 7 8 27 587 4
17.847 54.428 257.623 8 8 27 587 4
17.847 54.428 257.623 9 8 27 587 4
328.349 121.092 101.396 10 8 27 47 1
17.847 54.428 257.623 11 8 27 587 4
17.847 54.428 257.623 12 8 27 587 4
141.074 98.607 210.306 13 8 27 396 1
141.074 98.607 210.306 14 8 27 396 1
228.526 50.276 104.202 15 8 27 571 3
342.543 160.771 81.324 16 8 27 425 1
280.313 56.223 182.459 17 8 27 445 1
280.313 56.223 182.459 18 8 27 445 1
228.526 50.276 104.202 19 8 27 571 3
228.526 50.276 104.202 20 8 27 571 3
228.526 50.276 104.202 21 8 27 571 3
228.526 50.276 104.202 22 8 27 571 3
228.526 50.276 104.202 23 8 27 571 3
228.526 50.276 104.202 24 8 27 571 3
228.526 50.276 104.202 25 8 27 571 3
228.526 50.276 104.202 26 8 27 571 3
228.526 50.276 104.202 27 8 27 571 3
228.526 50.276 104.202 28 8 27 571 3
228.526 50.276 104.202 29 8 27 571 3
228.526 50.276 104.202 30 8 27 571 3
17.847 54.428 257.623 1 9 27 587 4
17.847 54.428 257.623 2 9 27 587 4
17.847 54.428 257.623 3 9 27 587 4
17.847 54.428 257.623 4 9 27 587 4
17.847 54.428 257.623 5 9 27 587 4
17.847 54.428 257.623 6 9 27 587 4
17.847 54.428 257.623 7 9 27 587 4
17.847 54.428 257.623 8 9 27 587 4
17.847 54.428 257.623 9 9 27 587 4
17.847 54.428 257.623 10 9 27 587 4
17.847 54.428 257.623 11 9 27 587 4
17.847 54.428 257.623 12 9 27 587 4
141.074 98.607 210.306 13 9 27 396 1
141.074 98.607 210.306 14 9 27 396 1
228.526 50.276 104.202 15 9 27 571 3
228.526 50.276 104.202 16 9 27 571 3
228.526 50.276 104.202 17 9 27 571 3
280.313 56.223 182.459 18 9 27 445 1
228.526 50.276 104.202 19 9 27 571 3
228.526 50.276 104.202 20 9 27 571 3
228.526 50.276 104.202 21 9 27 571 3
228.526 50.276 104.202 22 9 27 571 3
228.526 50.276 104.202 23 9 27 571 3
228.526 50.276 104.202 24 9 27 571 3
228.526 50.276 104.202 25 9 27 571 3
228.526 50.276 104.202 26 9 27 571 3
228.526 50.276 104.202 27 9 27 571 3
228.526 50.276 104.202 28 9 27 571 3
228.526 50.276 104.202 29 9 27 571 3
228.526 50.276 104.202 30 9 27 571 3
17.847 54.428 257.623 1 10 27 587 4
17.847 54.428 257.623 2 10 27 587 4
17.847 54.428 257.623 3 10 27 587 4
17.847 54.428 257.623 4 10 27 587 4
17.847 54.428 257.623 5 10 27 587 4
17.847 54.428 257.623 6 10 27 587 4
17.847 54.428 257.623 7 10 27 587 4
17.847 54.428 257.623 8 10 27 587 4
17.847 54.428 257.623 9 10 27 587 4
17.847 54.428 257.623 10 10 27 587 4
17.847 54.428 257.623 11 10 27 587 4
17.847 54.428 257.623 12 10 27 587 4
17.847 54.428 257.623 13 10 27 587 4
17.847 54.428 257.623 14 10 27 587 4
36.095 116.034 240.727 15 10 27 639 2
36.095 116.034 240.727 16 10 27 639 2
36.095 116.034 240.727 17 10 27 639 2
68.516 53.298 135.893 18 10 27 453 1
228.526 50.276 104.202 19 10 27 571 3
228.526 50.276 104.202 20 10 27 571 3
228.526 50.276 104.202 21 10 27 571 3
228.526 50.276 104.202 22 10 27 571 3
228.526 50.276 104.202 23 10 27 571 3
228.526 50.276 104.202 24 10 27 571 3
228.526 50.276 104.202 25 10 27 571 3
228.526 50.276 104.202 26 10 27 571 3
228.526 50.276 104.202 27 10 27 571 3
346.497 70.090 89.184 28 10 27 638 2
228.526 50.276 104.202 29 10 27 571 3
228.526 50.276 104.202 30 10 27 571 3
17.847 54.428 257.623 1 11 27 587 4
17.847 54.428 257.623 2 11 27 587 4
17.847 54.428 257.623 3 11 27 587 4
17.847 54.428 257.623 4 11 27 587 4
316.948 32.793 253.870 5 11 27 458 1
17.847 54.428 257.623 6 11 27 587 4
17.847 54.428 257.623 7 11 27 587 4
17.847 54.428 257.623 8 11 27 587 4
17.847 54.428 257.623 9 11 27 587 4
17.847 54.428 257.623 10 11 27 587 4
17.847 54.428 257.623 11 11 27 587 4
17.847 54.428 257.623 12 11 27 587 4
17.847 54.428 257.623 13 11 27 587 4
17.847 54.428 257.623 14 11 27 587 4
17.847 54.428 257.623 15 11 27 587 4
36.095 116.034 240.727 16 11 27 639 2
36.095 116.034 240.727 17 11 27 639 2
68.516 53.298 135.893 18 11 27 453 1
68.516 53.298 135.893 19 11 27 453 1
228.526 50.276 104.202 20 11 27 571 3
207.911 122.063 230.981 21 11 27 645 2
207.911 122.063 230.981 22 11 27 645 2
207.911 122.063 230.981 23 11 27 645 2
228.526 50.276 104.202 24 11 27 571 3
228.526 50.276 104.202 25 11 27 571 3
228.526 50.276 104.202 26 11 27 571 3
228.526 50.276 104.202 27 11 27 571 3
228.526 50.276 104.202 28 11 27 571 3
228.526 50.276 104.202 29 11 27 571 3
228.526 50.276 104.202 30 11 27 571 3
17.847 54.428 257.623 1 12 27 587 4
17.847 54.428 257.623 2 12 27 587 4
17.847 54.428 257.623 3 12 27 587 4
17.847 54.428 257.623 4 12 27 587 4
17.847 54.428 257.623 5 12 27 587 4
17.847 54.428 257.623 6 12 27 587 4
17.847 54.428 257.623 7 12 27 587 4
17.847 54.428 257.623 8 12 27 587 4
17.847 54.428 257.623 9 12 27 587 4
17.847 54.428 257.623 10 12 27 587 4
17.847 54.428 257.623 11 12 27 587 4
17.847 54.428 257.623 12 12 27 587 4
17.847 54.428 257.623 13 12 27 587 4
17.847 54.428 257.623 14 12 27 587 4
17.847 54.428 257.623 15 12 27 587 4
17.847 54.428 257.623 16 12 27 587 4
17.847 54.428 257.623 17 12 27 587 4
68.516 53.298 135.893 18 12 27 453 1
68.516 53.298 135.893 19 12 27 453 1
68.516 53.298 135.893 20 12 27 453 1
207.911 122.063 230.981 21 12 27 645 2
207.911 122.063 230.981 22 12 27 645 2
207.911 122.063 230.981 23 12 27 645 2
172.963 100.175 132.384 24 12 27 574 4
172.963 100.175 132.384 25 12 27 574 4
172.963 100.175 132.384 26 12 27 574 4
172.963 100.175 132.384 27 12 27 574 4
172.963 100.175 132.384 28 12 27 574 4
228.526 50.276 104.202 29 12 27 571 3
228.526 50.276 104.202 30 12 27 571 3
17.847 54.428 257.623 1 13 27 587 4
17.847 54.428 257.623 2 13 27 587 4
17.847 54.428 257.623 3 13 27 587 4
17.847 54.428 257.623 4 13 27 587 4
17.847 54.428 257.623 5 13 27 587 4
17.847 54.428 257.623 6 13 27 587 4
17.847 54.428 257.623 7 13 27 587 4
17.847 54.428 257.623 8 13 27 587 4
17.847 54.428 257.623 9 13 27 587 4
17.847 54.428 257.623 10 13 27 587 4
17.847 54.428 257.623 11 13 27 587 4
17.847 54.428 257.623 12 13 27 587 4
17.847 54.428 257.623 13 13 27 587 4
17.847 54.428 257.623 14 13 27 587 4
17.847 54.428 257.623 15 13 27 587 4
17.847 54.428 257.623 16 13 27 587 4
17.847 54.428 257.623 17 13 27 587 4
68.516 53.298 135.893 18 13 27 453 1
68.516 53.298 135.893 19 13 27 453 1
68.516 53.298 135.893 20 13 27 453 1
207.911 122.063 230.981 21 13 27 645 2
207.911 122.063 230.981 22 13 27 645 2
207.911 122.063 230.981 23 13 27 645 2
172.963 100.175 132.384 24 13 27 574 4
172.963 100.175 132.384 25 13 27 574 4
172.963 100.175 132.384 26 13 27 574 4
172.963 100.175 132.384 27 13 27 574 4
172.963 100.175 132.384 28 13 27 574 4
172.963 100.175 132.384 29 13 27 574 4
228.526 50.276 104.202 30 13 27 571 3
17.847 54.428 257.623 1 14 27 587 4
17.847 54.428 257.623 2 14 27 587 4
17.847 54.428 257.623 3 14 27 587 4
17.847 54.428 257.623 4 14 27 587 4
17.847 54.428 257.623 5 14 27 587 4
17.847 54.428 257.623 6 14 27 587 4
17.847 54.428 257.623 7 14 27 587 4
17.847 54.428 257.623 8 14 27 587 4
17.847 54.428 257.623 9 14 27 587 4
17.847 54.428 257.623 10 14 27 587 4
17.847 54.428 257.623 11 14 27 587 4
17.847 54.428 257.623 12 14 27 587 4
17.847 54.428 257.623 13 14 27 587 4
17.847 54.428 257.623 14 14 27 587 4
17.847 54.428 257.623 15 14 27 587 4
17.847 54.428 257.623 16 14 27 587 4
17.847 54.428 257.623 17 14 27 587 4
17.847 54.428 257.623 18 14 27 587 4
165.210 75.007 332.781 19 14 27 101 1
165.210 75.007 332.781 20 14 27 101 1
207.911 122.063 230.981 21 14 27 645 2
207.911 122.063 230.981 22 14 27 645 2
172.963 100.175 132.384 23 14 27 574 4
172.963 100.175 132.384 24 14 27 574 4
172.963 100.175 132.384 25 14 27 574 4
172.963 100.175 132.384 26 14 27 574 4
172.963 100.175 132.384 27 14 27 574 4
172.963 100.175 132.384 28 14 27 574 4
172.963 100.175 132.384 29 14 27 574 4
172.963 100.175 132.384 30 14 27 574 4
17.847 54.428 257.623 1 15 27 587 4
17.847 54.428 257.623 2 15 27 587 4
17.847 54.428 257.623 3 15 27 587 4
17.847 54.428 257.623 4 15 27 587 4
17.847 54.428 257.623 5 15 27 587 4
17.847 54.428 257.623 6 15 27 587 4
17.847 54.428 257.623 7 15 27 587 4
17.847 54.428 257.623 8 15 27 587 4
17.847 54.428 257.623 9 15 27 587 4
17.847 54.428 257.623 10 15 27 587 4
17.847 54.428 257.623 11 15 27 587 4
17.847 54.428 257.623 12 15 27 587 4
17.847 54.428 257.623 13 15 27 587 4
17.847 54.428 257.623 14 15 27 587 4
17.847 54.428 257.623 15 15 27 587 4
17.847 54.428 257.623 16 15 27 587 4
17.847 54.428 257.623 17 15 27 587 4
17.847 54.428 257.623 18 15 27 587 4
17.847 54.428 257.623 19 15 27 587 4
83.364 83.184 106.948 20 15 27 395 1
83.364 83.184 106.948 21 15 27 395 1
172.963 100.175 132.384 22 15 27 574 4
172.963 100.175 132.384 23 15 27 574 4
172.963 100.175 132.384 24 15 27 574 4
172.963 100.175 132.384 25 15 27 574 4
172.963 100.175 132.384 26 15 27 574 4
172.963 100.175 132.384 27 15 27 574 4
172.963 100.175 132.384 28 15 27 574 4
172.963 100.175 132.384 29 15 27 574 4
172.963 100.175 132.384 30 15 27 574 4
17.847 54.428 257.623 1 16 27 587 4
17.847 54.428 257.623 2 16 27 587 4
17.847 54.428 257.623 3 16 27 587 4
17.847 54.428 257.623 4 16 27 587 4
17.847 54.428 257.623 5 16 27 587 4
17.847 54.428 257.623 6 16 27 587 4
17.847 54.428 257.623 7 16 27 587 4
17.847 54.428 257.623 8 16 27 587 4
17.847 54.428 257.623 9 16 27 587 4
17.847 54.428 257.623 10 16 27 587 4
17.847 54.428 257.623 11 16 27 587 4
17.847 54.428 257.623 12 16 27 587 4
17.847 54.428 257.623 13 16 27 587 4
17.847 54.428 257.623 14 16 27 587 4
17.847 54.428 257.623 15 16 27 587 4
17.847 54.428 257.623 16 16 27 587 4
17.847 54.428 257.623 17 16 27 587 4
114.825 85.789 238.376 18 16 27 489 2
114.825 85.789 238.376 19 16 27 489 2
184.745 99.061 232.225 20 16 27 108 1
184.745 99.061 232.225 21 16 27 108 1
172.963 100.175 132.384 22 16 27 574 4
172.963 100.175 132.384 23 16 27 574 4
172.963 100.175 132.384 24 16 27 574 4
172.963 100.175 132.384 25 16 27 574 4
172.963 100.175 132.384 26 16 27 574 4
172.963 100.175 132.384 27 16 27 574 4
172.963 100.175 132.384 28 16 27 574 4
172.963 100.175 132.384 29 16 27 574 4
172.963 100.175 132.384 30 16 27 574 4
17.847 54.428 257.623 1 17 27 587 4
17.847 54.428 257.623 2 17 27 587 4
17.847 54.428 257.623 3 17 27 587 4
17.847 54.428 257.623 4 17 27 587 4
17.847 54.428 257.623 5 17 27 587 4
17.847 54.428 257.623 6 17 27 587 4
17.847 54.428 257.623 7 17 27 587 4
17.847 54.428 257.623 8 17 27 587 4
17.847 54.428 257.623 9 17 27 587 4
17.847 54.428 257.623 10 17 27 587 4
17.847 54.428 257.623 11 17 27 587 4
17.847 54.428 257.623 12 17 27 587 4
17.847 54.428 257.623 13 17 27 587 4
17.847 54.428 257.623 14 17 27 587 4
17.847 54.428 257.623 15 17 27 587 4
17.847 54.428 257.623 16 17 27 587 4
17.847 54.428 257.623 17 17 27 587 4
17.847 54.428 257.623 18 17 27 587 4
114.825 85.789 238.376 19 17 27 489 2
184.745 99.061 232.225 20 17 27 108 1
184.745 99.061 232.225 21 17 27 108 1
172.963 100.175 132.384 22 17 27 574 4
172.963 100.175 132.384 23 17 27 574 4
172.963 100.175 132.384 24 17 27 574 4
172.963 100.175 132.384 25 17 27 574 4
172.963 100.175 132.384 26 17 27 574 4
172.963 100.175 132.384 27 17 27 574 4
172.963 100.175 132.384 28 17 27 574 4
172.963 100.175 132.384 29 17 27 574 4
172.963 100.175 132.384 30 17 27 574 4
17.847 54.428 257.623 1 18 27 587 4
17.847 54.428 257.623 2 18 27 587 4
17.847 54.428 257.623 3 18 27 587 4
17.847 54.428 257.623 4 18 27 587 4
17.847 54.428 257.623 5 18 27 587 4
17.847 54.428 257.623 6 18 27 587 4
17.847 54.428 257.623 7 18 27 587 4
17.847 54.428 257.623 8 18 27 587 4
17.847 54.428 257.623 9 18 27 587 4
17.847 54.428 257.623 10 18 27 587 4
17.847 54.428 257.623 11 18 27 587 4
17.847 54.428 257.623 12 18 27 587 4
17.847 54.428 257.623 13 18 27 587 4
17.847 54.428 257.623 14 18 27 587 4
17.847 54.428 257.623 15 18 27 587 4
17.847 54.428 257.623 16 18 27 587 4
17.847 54.428 257.623 17 18 27 587 4
17.847 54.428 257.623 18 18 27 587 4
114.825 85.789 238.376 19 18 27 489 2
114.825 85.789 238.376 20 18 27 489 2
172.963 100.175 132.384 21 18 27 574 4
172.963 100.175 132.384 22 18 27 574 4
172.963 100.175 132.384 23 18 27 574 4
172.963 100.175 132.384 24 18 27 574 4
172.963 100.175 132.384 25 18 27 574 4
172.963 100.175 132.384 26 18 27 574 4
172.963 100.175 132.384 27 18 27 574 4
144.748 167.251 322.201 28 18 27 579 4
144.748 167.251 322.201 29 18 27 579 4
144.748 167.251 322.201 30 18 27 579 4
17.847 54.428 257.623 1 19 27 587 4
17.847 54.428 257.623 2 19 27 587 4
17.847 54.428 257.623 3 19 27 587 4
17.847 54.428 257.623 4 19 27 587 4
17.847 54.428 257.623 5 19 27 587 4
17.847 54.428 257.623 6 19 27 587 4
17.847 54.428 257.623 7 19 27 587 4
17.847 54.428 257.623 8 19 27 587 4
17.847 54.428 257.623 9 19 27 587 4
17.847 54.428 257.623 10 19 27 587 4
17.847 54.428 257.623 11 19 27 587 4
17.847 54.428 257.623 12 19 27 587 4
17.847 54.428 257.623 13 19 27 587 4
17.847 54.428 257.623 14 19 27 587 4
17.847 54.428 257.623 15 19 27 587 4
17.847 54.428 257.623 16 19 27 587 4
17.847 54.428 257.623 17 19 27 587 4
17.847 54.428 257.623 18 19 27 587 4
114.825 85.789 238.376 19 19 27 489 2
114.825 85.789 238.376 20 19 27 489 2
172.963 100.175 132.384 21 19 27 574 4
172.963 100.175 132.384 22 19 27 574 4
172.963 100.175 132.384 23 19 27 574 4
172.963 100.175 132.384 24 19 27 574 4
172.963 100.175 132.384 25 19 27 574 4
172.963 100.175 132.384 26 19 27 574 4
144.748 167.251 322.201 27 19 27 579 4
144.748 167.251 322.201 28 19 27 579 4
144.748 167.251 322.201 29 19 27 579 4
144.748 167.251 322.201 30 19 27 579 4
17.847 54.428 257.623 1 20 27 587 4
17.847 54.428 257.623 2 20 27 587 4
17.847 54.428 257.623 3 20 27 587 4
17.847 54.428 257.623 4 20 27 587 4
17.847 54.428 257.623 5 20 27 587 4
17.847 54.428 257.623 6 20 27 587 4
17.847 54.428 257.623 7 20 27 587 4
17.847 54.428 257.623 8 20 27 587 4
17.847 54.428 257.623 9 20 27 587 4
17.847 54.428 257.623 10 20 27 587 4
17.847 54.428 257.623 11 20 27 587 4
17.847 54.428 257.623 12 20 27 587 4
17.847 54.428 257.623 13 20 27 587 4
14.361 82.344 34.006 14 20 27 408 1
17.847 54.428 257.623 15 20 27 587 4
17.847 54.428 257.623 16 20 27 587 4
17.847 54.428 257.623 17 20 27 587 4
17.847 54.428 257.623 18 20 27 587 4
17.847 54.428 257.623 19 20 27 587 4
172.963 100.175 132.384 20 20 27 574 4
172.963 100.175 132.384 21 20 27 574 4
172.963 100.175 132.384 22 20 27 574 4
172.963 100.175 132.384 23 20 27 574 4
144.748 167.251 322.201 24 20 27 579 4
144.748 167.251 322.201 25 20 27 579 4
144.748 167.251 322.201 26 20 27 579 4
144.748 167.251 322.201 27 20 27 579 4
144.748 167.251 322.201 28 20 27 579 4
144.748 167.251 322.201 29 20 27 579 4
144.748 167.251 322.201 30 20 27 579 4
17.847 54.428 257.623 1 21 27 587 4
17.847 54.428 257.623 2 21 27 587 4
17.847 54.428 257.623 3 21 27 587 4
17.847 54.428 257.623 4 21 27 587 4
17.847 54.428 257.623 5 21 27 587 4
17.847 54.428 257.623 6 21 27 587 4
17.847 54.428 257.623 7 21 27 587 4
17.847 54.428 257.623 8 21 27 587 4
17.847 54.428 257.623 9 21 27 587 4
17.847 54.428 257.623 10 21 27 587 4
17.847 54.428 257.623 11 21 27 587 4
17.847 54.428 257.623 12 21 27 587 4
17.847 54.428 257.623 13 21 27 587 4
17.847 54.428 257.623 14 21 27 587 4
17.847 54.428 257.623 15 21 27 587 4
17.847 54.428 257.623 16 21 27 587 4
17.847 54.428 257.623 17 21 27 587 4
17.847 54.428 257.623 18 21 27 587 4
17.847 54.428 257.623 19 21 27 587 4
144.748 167.251 322.201 20 21 27 579 4
144.748 167.251 322.201 21 21 27 579 4
144.748 167.251 322.201 22 21 27 579 4
144.748 167.251 322.201 23 21 27 579 4
144.748 167.251 322.201 24 21 27 579 4
144.748 167.251 322.201 25 21 27 579 4
144.748 167.251 322.201 26 21 27 579 4
144.748 167.251 322.201 27 21 27 579 4
144.748 167.251 322.201 28 21 27 579 4
144.748 167.251 322.201 29 21 27 579 4
144.748 167.251 322.201 30 21 27 579 4
17.847 54.428 257.623 1 22 27 587 4
17.847 54.428 257.623 2 22 27 587 4
17.847 54.428 257.623 3 22 27 587 4
17.847 54.428 257.623 4 22 27 587 4
17.847 54.428 257.623 5 22 27 587 4
17.847 54.428 257.623 6 22 27 587 4
17.847 54.428 257.623 7 22 27 587 4
17.847 54.428 257.623 8 22 27 587 4
17.847 54.428 257.623 9 22 27 587 4
17.847 54.428 257.623 10 22 27 587 4
17.847 54.428 257.623 11 22 27 587 4
17.847 54.428 257.623 12 22 27 587 4
17.847 54.428 257.623 13 22 27 587 4
17.847 54.428 257.623 14 22 27 587 4
17.847 54.428 257.623 15 22 27 587 4
17.847 54.428 257.623 16 22 27 587 4
17.847 54.428 257.623 17 22 27 587 4
30.473 40.047 253.577 18 22 27 314 1
30.473 40.047 253.577 19 22 27 314 1
144.748 167.251 322.201 20 22 27 579 4
144.748 167.251 322.201 21 22 27 579 4
144.748 167.251 322.201 22 22 27 579 4
144.748 167.251 322.201 23 22 27 579 4
144.748 167.251 322.201 24 22 27 579 4
144.748 167.251 322.201 25 22 27 579 4
144.748 167.251 322.201 26 22 27 579 4
144.748 167.251 322.201 27 22 27 579 4
144.748 167.251 322.201 28 22 27 579 4
144.748 167.251 322.201 29 22 27 579 4
144.748 167.251 322.201 30 22 27 579 4
17.847 54.428 257.623 1 23 27 587 4
17.847 54.428 257.623 2 23 27 587 4
17.847 54.428 257.623 3 23 27 587 4
17.847 54.428 257.623 4 23 27 587 4
17.847 54.428 257.623 5 23 27 587 4
17.847 54.428 257.623 6 23 27 587 4
17.847 54.428 257.623 7 23 27 587 4
17.847 54.428 257.623 8 23 27 587 4
17.847 54.428 257.623 9 23 27 587 4
17.847 54.428 257.623 10 23 27 587 4
17.847 54.428 257.623 11 23 27 587 4
17.847 54.428 257.623 12 23 27 587 4
17.847 54.428 257.623 13 23 27 587 4
17.847 54.428 257.623 14 23 27 587 4
17.847 54.428 257.623 15 23 27 587 4
17.847 54.428 257.623 16 23 27 587 4
17.847 54.428 257.623 17 23 27 587 4
30.473 40.047 253.577 18 23 27 314 1
30.473 40.047 253.577 19 23 27 314 1
144.748 167.251 322.201 20 23 27 579 4
144.748 167.251 322.201 21 23 27 579 4
144.748 167.251 322.201 22 23 27 579 4
144.748 167.251 322.201 23 23 27 579 4
144.748 167.251 322.201 24 23 27 579 4
144.748 167.251 322.201 25 23 27 579 4
144.748 167.251 322.201 26 23 27 579 4
144.748 167.251 322.201 27 23 27 579 4
144.748 167.251 322.201 28 23 27 579 4
144.748 167.251 322.201 29 23 27 579 4
144.748 167.251 322.201 30 23 27 579 4
17.847 54.428 257.623 1 24 27 587 4
17.847 54.428 257.623 2 24 27 587 4
17.847 54.428 257.623 3 24 27 587 4
17.847 54.428 257.623 4 24 27 587 4
17.847 54.428 257.623 5 24 27 587 4
17.847 54.428 257.623 6 24 27 587 4
17.847 54.428 257.623 7 24 27 587 4
17.847 54.428 257.623 8 24 27 587 4
17.847 54.428 257.623 9 24 27 587 4
17.847 54.428 257.623 10 24 27 587 4
17.847 54.428 257.623 11 24 27 587 4
17.847 54.428 257.623 12 24 27 587 4
17.847 54.428 257.623 13 24 27 587 4
17.847 54.428 257.623 14 24 27 587 4
17.847 54.428 257.623 15 24 27 587 4
17.847 54.428 257.623 16 24 27 587 4
17.847 54.428 257.623 17 24 27 587 4
30.473 40.047 253.577 18 24 27 314 1
144.748 167.251 322.201 19 24 27 579 4
144.748 167.251 322.201 20 24 27 579 4
144.748 167.251 322.201 21 24 27 579 4
144.748 167.251 322.201 22 24 27 579 4
144.748 167.251 322.201 23 24 27 579 4
144.748 167.251 322.201 24 24 27 579 4
144.748 167.251 322.201 25 24 27 579 4
144.748 167.251 322.201 26 24 27 579 4
144.748 167.251 322.201 27 24 27 579 4
144.748 167.251 322.201 28 24 27 579 4
144.748 167.251 322.201 29 24 27 579 4
144.748 167.251 322.201 30 24 27 579 4
17.847 54.428 257.623 1 25 27 587 4
17.847 54.428 257.623 2 25 27 587 4
17.847 54.428 257.623 3 25 27 587 4
17.847 54.428 257.623 4 25 27 587 4
17.847 54.428 257.623 5 25 27 587 4
17.847 54.428 257.623 6 25 27 587 4
17.847 54.428 257.623 7 25 27 587 4
17.847 54.428 257.623 8 25 27 587 4
17.847 54.428 257.623 9 25 27 587 4
17.847 54.428 257.623 10 25 27 587 4
17.847 54.428 257.623 11 25 27 587 4
17.847 54.428 257.623 12 25 27 587 4
17.847 54.428 257.623 13 25 27 587 4
17.847 54.428 257.623 14 25 27 587 4
17.847 54.428 257.623 15 25 27 587 4
17.847 54.428 257.623 16 25 27 587 4
17.847 54.428 257.623 17 25 27 587 4
206.028 66.412 242.802 18 25 27 360 1
144.748 167.251 322.201 19 25 27 579 4
144.748 167.251 322.201 20 25 27 579 4
144.748 167.251 322.201 21 25 27 579 4
144.748 167.251 322.201 22 25 27 579 4
144.748 167.251 322.201 23 25 27 579 4
144.748 167.251 322.201 24 25 27 579 4
144.748 167.251 322.201 25 25 27 579 4
144.748 167.251 322.201 26 25 27 579 4
144.748 167.251 322.201 27 25 27 579 4
144.748 167.251 322.201 28 25 27 579 4
144.748 167.251 322.201 29 25 27 579 4
144.748 167.251 322.201 30 25 27 579 4
206.173 120.390 242.404 1 26 27 572 4
206.173 120.390 242.404 2 26 27 572 4
17.847 54.428 257.623 3 26 27 587 4
17.847 54.428 257.623 4 26 27 587 4
17.847 54.428 257.623 5 26 27 587 4
17.847 54.428 257.623 6 26 27 587 4
17.847 54.428 257.623 7 26 27 587 4
17.847 54.428 257.623 8 26 27 587 4
17.847 54.428 257.623 9 26 27 587 4
17.847 54.428 257.623 10 26 27 587 4
17.847 54.428 257.623 11 26 27 587 4
17.847 54.428 257.623 12 26 27 587 4
17.847 54.428 257.623 13 26 27 587 4
17.847 54.428 257.623 14 26 27 587 4
206.028 66.412 242.802 15 26 27 360 1
206.028 66.412 242.802 16 26 27 360 1
206.028 66.412 242.802 17 26 27 360 1
206.028 66.412 242.802 18 26 27 360 1
206.028 66.412 242.802 19 26 27 360 1
144.748 167.251 322.201 20 26 27 579 4
144.748 167.251 322.201 21 26 27 579 4
144.748 167.251 322.201 22 26 27 579 4
144.748 167.251 322.201 23 26 27 579 4
144.748 167.251 322.201 24 26 27 579 4
144.748 167.251 322.201 25 26 27 579 4
144.748 167.251 322.201 26 26 27 579 4
144.748 167.251 322.201 27 26 27 579 4
144.748 167.251 322.201 28 26 27 579 4
144.748 167.251 322.201 29 26 27 579 4
144.748 167.251 322.201 30 26 27 579 4
206.173 120.390 242.404 1 27 27 572 4
206.173 120.390 242.404 2 27 27 572 4
206.173 120.390 242.404 3 27 27 572 4
17.847 54.428 257.623 4 27 27 587 4
17.847 54.428 257.623 5 27 27 587 4
17.847 54.428 257.623 6 27 27 587 4
17.847 54.428 257.623 7 27 27 587 4
17.847 54.428 257.623 8 27 27 587 4
17.847 54.428 257.623 9 27 27 587 4
17.847 54.428 257.623 10 27 27 587 4
17.847 54.428 257.623 11 27 27 587 4
17.847 54.428 257.623 12 27 27 587 4
17.847 54.428 257.623 13 27 27 587 4
17.847 54.428 257.623 14 27 27 587 4
206.028 66.412 242.802 15 27 27 360 1
206.028 66.412 242.802 16 27 27 360 1
206.028 66.412 242.802 17 27 27 360 1
206.028 66.412 242.802 18 27 27 360 1
206.028 66.412 242.802 19 27 27 360 1
144.748 167.251 322.201 20 27 27 579 4
144.748 167.251 322.201 21 27 27 579 4
144.748 167.251 322.201 22 27 27 579 4
144.748 167.251 322.201 23 27 27 579 4
63.358 72.347 265.092 24 27 27 550 2
144.748 167.251 322.201 25 27 27 579 4
144.748 167.251 322.201 26 27 27 579 4
144.748 167.251 322.201 27 27 27 579 4
144.748 167.251 322.201 28 27 27 579 4
144.748 167.251 322.201 29 27 27 579 4
144.748 167.251 322.201 30 27 27 579 4
206.173 120.390 242.404 1 28 27 572 4
206.173 120.390 242.404 2 28 27 572 4
206.173 120.390 242.404 3 28 27 572 4
206.173 120.390 242.404 4 28 27 572 4
17.847 54.428 257.623 5 28 27 587 4
17.847 54.428 257.623 6 28 27 587 4
17.847 54.428 257.623 7 28 27 587 4
17.847 54.428 257.623 8 28 27 587 4
17.847 54.428 257.623 9 28 27 587 4
17.847 54.428 257.623 10 28 27 587 4
17.847 54.428 257.623 11 28 27 587 4
17.847 54.428 257.623 12 28 27 587 4
17.847 54.428 257.623 13 28 27 587 4
17.847 54.428 257.623 14 28 27 587 4
206.028 66.412 242.802 15 28 27 360 1
1.432 92.354 146.259 16 28 27 551 2
1.432 92.354 146.259 17 28 27 551 2
1.432 92.354 146.259 18 28 27 551 2
52.168 62.521 49.405 19 28 27 521 2
247.601 63.852 147.921 20 28 27 556 2
247.601 63.852 147.921 21 28 27 556 2
247.601 63.852 147.921 22 28 27 556 2
63.358 72.347 265.092 23 28 27 550 2
63.358 72.347 265.092 24 28 27 550 2
63.358 72.347 265.092 25 28 27 550 2
144.748 167.251 322.201 26 28 27 579 4
144.748 167.251 322.201 27 28 27 579 4
144.748 167.251 322.201 28 28 27 579 4
144.748 167.251 322.201 29 28 27 579 4
144.748 167.251 322.201 30 28 27 579 4
206.173 120.390 242.404 1 29 27 572 4
206.173 120.390 242.404 2 29 27 572 4
206.173 120.390 242.404 3 29 27 572 4
206.173 120.390 242.404 4 29 27 572 4
206.173 120.390 242.404 5 29 27 572 4
206.173 120.390 242.404 6 29 27 572 4
17.847 54.428 257.623 7 29 27 587 4
17.847 54.428 257.623 8 29 27 587 4
17.847 54.428 257.623 9 29 27 587 4
17.847 54.428 257.623 10 29 27 587 4
17.847 54.428 257.623 11 29 27 587 4
77.326 36.103 181.578 12 29 27 516 2
77.326 36.103 181.578 13 29 27 516 2
77.326 36.103 181.578 14 29 27 516 2
77.326 36.103 181.578 15 29 27 516 2
1.432 92.354 146.259 16 29 27 551 2
52.168 62.521 49.405 17 29 27 521 2
52.168 62.521 49.405 18 29 27 521 2
52.168 62.521 49.405 19 29 27 521 2
247.601 63.852 147.921 20 29 27 556 2
247.601 63.852 147.921 21 29 27 556 2
247.601 63.852 147.921 22 29 27 556 2
63.358 72.347 265.092 23 29 27 550 2
63.358 72.347 265.092 24 29 27 550 2
63.358 72.347 265.092 25 29 27 550 2
144.748 167.251 322.201 26 29 27 579 4
144.748 167.251 322.201 27 29 27 579 4
144.748 167.251 322.201 28 29 27 579 4
144.748 167.251 322.201 29 29 27 579 4
144.748 167.251 322.201 30 29 27 579 4
206.173 120.390 242.404 1 30 27 572 4
206.173 120.390 242.404 2 30 27 572 4
206.173 120.390 242.404 3 30 27 572 4
206.173 120.390 242.404 4 30 27 572 4
206.173 120.390 242.404 5 30 27 572 4
206.173 120.390 242.404 6 30 27 572 4
17.847 54.428 257.623 7 30 27 587 4
17.847 54.428 257.623 8 30 27 587 4
17.847 54.428 257.623 9 30 27 587 4
17.847 54.428 257.623 10 30 27 587 4
77.326 36.103 181.578 11 30 27 516 2
77.326 36.103 181.578 12 30 27 516 2
77.326 36.103 181.578 13 30 27 516 2
77.326 36.103 181.578 14 30 27 516 2
77.326 36.103 181.578 15 30 27 516 2
77.326 36.103 181.578 16 30 27 516 2
52.168 62.521 49.405 17 30 27 521 2
52.168 62.521 49.405 18 30 27 521 2
52.168 62.521 49.405 19 30 27 521 2
247.601 63.852 147.921 20 30 27 556 2
247.601 63.852 147.921 21 30 27 556 2
247.601 63.852 147.921 22 30 27 556 2
63.358 72.347 265.092 23 30 27 550 2
63.358 72.347 265.092 24 30 27 550 2
63.358 72.347 265.092 25 30 27 550 2
63.358 72.347 265.092 26 30 27 550 2
144.748 167.251 322.201 27 30 27 579 4
144.748 167.251 322.201 28 30 27 579 4
239.342 122.788 76.356 29 30 27 586 4
239.342 122.788 76.356 30 30 27 586 4
