344.189 131.789 126.225 1 1 18 152 4
344.189 131.789 126.225 2 1 18 152 4
344.189 131.789 126.225 3 1 18 152 4
344.189 131.789 126.225 4 1 18 152 4
344.189 131.789 126.225 5 1 18 152 4
344.189 131.789 126.225 6 1 18 152 4
344.189 131.789 126.225 7 1 18 152 4
344.189 131.789 126.225 8 1 18 152 4
344.189 131.789 126.225 9 1 18 152 4
344.189 131.789 126.225 10 1 18 152 4
288.139 48.209 155.301 11 1 18 13 1
288.139 48.209 155.301 12 1 18 13 1
288.139 48.209 155.301 13 1 18 13 1
48.472 98.279 340.224 14 1 18 150 1
343.951 99.425 26.496 15 1 18 106 2
343.951 99.425 26.496 16 1 18 106 2
88.699 89.140 67.313 17 1 18 24 1
88.699 89.140 67.313 18 1 18 24 1
88.699 89.140 67.313 19 1 18 24 1
88.699 89.140 67.313 20 1 18 24 1
344.189 131.789 126.225 1 2 18 152 4
344.189 131.789 126.225 2 2 18 152 4
344.189 131.789 126.225 3 2 18 152 4
344.189 131.789 126.225 4 2 18 152 4
344.189 131.789 126.225 5 2 18 152 4
344.189 131.789 126.225 6 2 18 152 4
344.189 131.789 126.225 7 2 18 152 4
344.189 131.789 126.225 8 2 18 152 4
344.189 131.789 126.225 9 2 18 152 4
344.189 131.789 126.225 10 2 18 152 4
288.139 48.209 155.301 11 2 18 13 1
288.139 48.209 155.301 12 2 18 13 1
48.472 98.279 340.224 13 2 18 150 1
180.655 75.178 258.163 14 2 18 67 1
48.472 98.279 340.224 15 2 18 150 1
48.472 98.279 340.224 16 2 18 150 1
319.957 115.490 16.160 17 2 18 144 1
88.699 89.140 67.313 18 2 18 24 1
88.699 89.140 67.313 19 2 18 24 1
88.699 89.140 67.313 20 2 18 24 1
344.189 131.789 126.225 1 3 18 152 4
344.189 131.789 126.225 2 3 18 152 4
344.189 131.789 126.225 3 3 18 152 4
344.189 131.789 126.225 4 3 18 152 4
344.189 131.789 126.225 5 3 18 152 4
344.189 131.789 126.225 6 3 18 152 4
344.189 131.789 126.225 7 3 18 152 4
344.189 131.789 126.225 8 3 18 152 4
344.189 131.789 126.225 9 3 18 152 4
344.189 131.789 126.225 10 3 18 152 4
107.367 48.711 272.064 11 3 18 62 1
48.472 98.279 340.224 12 3 18 150 1
48.472 98.279 340.224 13 3 18 150 1
48.472 98.279 340.224 14 3 18 150 1
48.472 98.279 340.224 15 3 18 150 1
48.472 98.279 340.224 16 3 18 150 1
319.957 115.490 16.160 17 3 18 144 1
319.957 115.490 16.160 18 3 18 144 1
88.699 89.140 67.313 19 3 18 24 1
319.957 115.490 16.160 20 3 18 144 1
344.189 131.789 126.225 1 4 18 152 4
344.189 131.789 126.225 2 4 18 152 4
344.189 131.789 126.225 3 4 18 152 4
344.189 131.789 126.225 4 4 18 152 4
344.189 131.789 126.225 5 4 18 152 4
344.189 131.789 126.225 6 4 18 152 4
344.189 131.789 126.225 7 4 18 152 4
344.189 131.789 126.225 8 4 18 152 4
344.189 131.789 126.225 9 4 18 152 4
107.367 48.711 272.064 10 4 18 62 1
107.367 48.711 272.064 11 4 18 62 1
48.472 98.279 340.224 12 4 18 150 1
48.472 98.279 340.224 13 4 18 150 1
60.536 98.333 80.703 14 4 18 107 2
48.472 98.279 340.224 15 4 18 150 1
48.472 98.279 340.224 16 4 18 150 1
48.472 98.279 340.224 17 4 18 150 1
319.957 115.490 16.160 18 4 18 144 1
319.957 115.490 16.160 19 4 18 144 1
319.957 115.490 16.160 20 4 18 144 1
344.189 131.789 126.225 1 5 18 152 4
344.189 131.789 126.225 2 5 18 152 4
344.189 131.789 126.225 3 5 18 152 4
344.189 131.789 126.225 4 5 18 152 4
344.189 131.789 126.225 5 5 18 152 4
344.189 131.789 126.225 6 5 18 152 4
344.189 131.789 126.225 7 5 18 152 4
344.189 131.789 126.225 8 5 18 152 4
344.189 131.789 126.225 9 5 18 152 4
107.367 48.711 272.064 10 5 18 62 1
107.367 48.711 272.064 11 5 18 62 1
48.472 98.279 340.224 12 5 18 150 1
48.472 98.279 340.224 13 5 18 150 1
48.472 98.279 340.224 14 5 18 150 1
48.472 98.279 340.224 15 5 18 150 1
48.472 98.279 340.224 16 5 18 150 1
354.886 44.511 322.971 17 5 18 75 1
354.886 44.511 322.971 18 5 18 75 1
354.886 44.511 322.971 19 5 18 75 1
319.957 115.490 16.160 20 5 18 144 1
344.189 131.789 126.225 1 6 18 152 4
344.189 131.789 126.225 2 6 18 152 4
344.189 131.789 126.225 3 6 18 152 4
344.189 131.789 126.225 4 6 18 152 4
344.189 131.789 126.225 5 6 18 152 4
344.189 131.789 126.225 6 6 18 152 4
344.189 131.789 126.225 7 6 18 152 4
344.189 131.789 126.225 8 6 18 152 4
344.189 131.789 126.225 9 6 18 152 4
344.189 131.789 126.225 10 6 18 152 4
176.003 43.897 329.703 11 6 18 36 1
48.472 98.279 340.224 12 6 18 150 1
48.472 98.279 340.224 13 6 18 150 1
48.472 98.279 340.224 14 6 18 150 1
48.472 98.279 340.224 15 6 18 150 1
354.886 44.511 322.971 16 6 18 75 1
354.886 44.511 322.971 17 6 18 75 1
354.886 44.511 322.971 18 6 18 75 1
354.886 44.511 322.971 19 6 18 75 1
205.698 157.192 161.390 20 6 18 131 4
344.189 131.789 126.225 1 7 18 152 4
344.189 131.789 126.225 2 7 18 152 4
344.189 131.789 126.225 3 7 18 152 4
344.189 131.789 126.225 4 7 18 152 4
344.189 131.789 126.225 5 7 18 152 4
344.189 131.789 126.225 6 7 18 152 4
344.189 131.789 126.225 7 7 18 152 4
344.189 131.789 126.225 8 7 18 152 4
45.533 93.232 154.490 9 7 18 96 2
45.533 93.232 154.490 10 7 18 96 2
45.533 93.232 154.490 11 7 18 96 2
48.472 98.279 340.224 12 7 18 150 1
48.472 98.279 340.224 13 7 18 150 1
48.472 98.279 340.224 14 7 18 150 1
354.886 44.511 322.971 15 7 18 75 1
354.886 44.511 322.971 16 7 18 75 1
354.886 44.511 322.971 17 7 18 75 1
354.886 44.511 322.971 18 7 18 75 1
354.886 44.511 322.971 19 7 18 75 1
205.698 157.192 161.390 20 7 18 131 4
344.189 131.789 126.225 1 8 18 152 4
344.189 131.789 126.225 2 8 18 152 4
344.189 131.789 126.225 3 8 18 152 4
344.189 131.789 126.225 4 8 18 152 4
344.189 131.789 126.225 5 8 18 152 4
344.189 131.789 126.225 6 8 18 152 4
344.189 131.789 126.225 7 8 18 152 4
230.701 25.036 131.745 8 8 18 6 1
45.533 93.232 154.490 9 8 18 96 2
245.337 57.363 41.949 10 8 18 116 2
9.490 96.909 73.278 11 8 18 102 2
9.490 96.909 73.278 12 8 18 102 2
48.472 98.279 340.224 13 8 18 150 1
57.320 96.434 206.315 14 8 18 44 1
354.886 44.511 322.971 15 8 18 75 1
354.886 44.511 322.971 16 8 18 75 1
354.886 44.511 322.971 17 8 18 75 1
256.233 59.578 334.019 18 8 18 64 1
256.233 59.578 334.019 19 8 18 64 1
256.233 59.578 334.019 20 8 18 64 1
344.189 131.789 126.225 1 9 18 152 4
344.189 131.789 126.225 2 9 18 152 4
344.189 131.789 126.225 3 9 18 152 4
344.189 131.789 126.225 4 9 18 152 4
344.189 131.789 126.225 5 9 18 152 4
344.189 131.789 126.225 6 9 18 152 4
344.189 131.789 126.225 7 9 18 152 4
245.337 57.363 41.949 8 9 18 116 2
245.337 57.363 41.949 9 9 18 116 2
245.337 57.363 41.949 10 9 18 116 2
9.490 96.909 73.278 11 9 18 102 2
57.320 96.434 206.315 12 9 18 44 1
57.320 96.434 206.315 13 9 18 44 1
57.320 96.434 206.315 14 9 18 44 1
57.320 96.434 206.315 15 9 18 44 1
354.886 44.511 322.971 16 9 18 75 1
354.886 44.511 322.971 17 9 18 75 1
274.235 38.167 115.583 18 9 18 9 1
256.233 59.578 334.019 19 9 18 64 1
256.233 59.578 334.019 20 9 18 64 1
344.189 131.789 126.225 1 10 18 152 4
344.189 131.789 126.225 2 10 18 152 4
344.189 131.789 126.225 3 10 18 152 4
344.189 131.789 126.225 4 10 18 152 4
344.189 131.789 126.225 5 10 18 152 4
344.189 131.789 126.225 6 10 18 152 4
344.189 131.789 126.225 7 10 18 152 4
245.337 57.363 41.949 8 10 18 116 2
245.337 57.363 41.949 9 10 18 116 2
9.490 96.909 73.278 10 10 18 102 2
9.490 96.909 73.278 11 10 18 102 2
57.320 96.434 206.315 12 10 18 44 1
57.320 96.434 206.315 13 10 18 44 1
57.320 96.434 206.315 14 10 18 44 1
57.320 96.434 206.315 15 10 18 44 1
354.886 44.511 322.971 16 10 18 75 1
36.837 71.838 39.821 17 10 18 20 1
274.235 38.167 115.583 18 10 18 9 1
49.233 106.473 220.297 19 10 18 7 1
49.233 106.473 220.297 20 10 18 7 1
301.963 33.650 283.431 1 11 18 151 3
301.963 33.650 283.431 2 11 18 151 3
344.189 131.789 126.225 3 11 18 152 4
344.189 131.789 126.225 4 11 18 152 4
288.881 152.340 9.249 5 11 18 88 1
288.881 152.340 9.249 6 11 18 88 1
69.704 78.352 50.388 7 11 18 121 2
69.704 78.352 50.388 8 11 18 121 2
69.704 78.352 50.388 9 11 18 121 2
1.760 94.907 336.230 10 11 18 126 2
1.760 94.907 336.230 11 11 18 126 2
57.320 96.434 206.315 12 11 18 44 1
57.320 96.434 206.315 13 11 18 44 1
57.320 96.434 206.315 14 11 18 44 1
57.320 96.434 206.315 15 11 18 44 1
57.320 96.434 206.315 16 11 18 44 1
36.837 71.838 39.821 17 11 18 20 1
274.235 38.167 115.583 18 11 18 9 1
49.233 106.473 220.297 19 11 18 7 1
86.053 82.626 149.363 20 11 18 125 2
301.963 33.650 283.431 1 12 18 151 3
301.963 33.650 283.431 2 12 18 151 3
301.963 33.650 283.431 3 12 18 151 3
301.963 33.650 283.431 4 12 18 151 3
288.881 152.340 9.249 5 12 18 88 1
288.881 152.340 9.249 6 12 18 88 1
69.704 78.352 50.388 7 12 18 121 2
69.704 78.352 50.388 8 12 18 121 2
69.704 78.352 50.388 9 12 18 121 2
1.760 94.907 336.230 10 12 18 126 2
1.760 94.907 336.230 11 12 18 126 2
46.213 117.802 43.527 12 12 18 33 1
57.320 96.434 206.315 13 12 18 44 1
57.320 96.434 206.315 14 12 18 44 1
57.320 96.434 206.315 15 12 18 44 1
225.374 120.192 72.252 16 12 18 149 1
225.374 120.192 72.252 17 12 18 149 1
86.053 82.626 149.363 18 12 18 125 2
86.053 82.626 149.363 19 12 18 125 2
86.053 82.626 149.363 20 12 18 125 2
301.963 33.650 283.431 1 13 18 151 3
301.963 33.650 283.431 2 13 18 151 3
301.963 33.650 283.431 3 13 18 151 3
301.963 33.650 283.431 4 13 18 151 3
288.881 152.340 9.249 5 13 18 88 1
288.881 152.340 9.249 6 13 18 88 1
69.704 78.352 50.388 7 13 18 121 2
253.930 54.692 300.721 8 13 18 98 2
253.930 54.692 300.721 9 13 18 98 2
1.760 94.907 336.230 10 13 18 126 2
1.760 94.907 336.230 11 13 18 126 2
1.760 94.907 336.230 12 13 18 126 2
3.532 115.182 353.387 13 13 18 41 1
3.532 115.182 353.387 14 13 18 41 1
3.532 115.182 353.387 15 13 18 41 1
225.374 120.192 72.252 16 13 18 149 1
86.053 82.626 149.363 17 13 18 125 2
86.053 82.626 149.363 18 13 18 125 2
86.053 82.626 149.363 19 13 18 125 2
86.053 82.626 149.363 20 13 18 125 2
54.609 85.827 286.256 1 14 18 114 2
54.609 85.827 286.256 2 14 18 114 2
54.609 85.827 286.256 3 14 18 114 2
54.609 85.827 286.256 4 14 18 114 2
89.871 61.633 269.751 5 14 18 66 1
89.871 61.633 269.751 6 14 18 66 1
145.308 38.336 160.635 7 14 18 23 1
207.137 73.269 287.202 8 14 18 82 1
207.137 73.269 287.202 9 14 18 82 1
1.760 94.907 336.230 10 14 18 126 2
1.760 94.907 336.230 11 14 18 126 2
1.760 94.907 336.230 12 14 18 126 2
3.532 115.182 353.387 13 14 18 41 1
3.532 115.182 353.387 14 14 18 41 1
49.393 128.466 195.062 15 14 18 128 3
49.393 128.466 195.062 16 14 18 128 3
39.816 46.286 254.785 17 14 18 54 1
39.816 46.286 254.785 18 14 18 54 1
86.053 82.626 149.363 19 14 18 125 2
86.053 82.626 149.363 20 14 18 125 2
54.609 85.827 286.256 1 15 18 114 2
54.609 85.827 286.256 2 15 18 114 2
54.609 85.827 286.256 3 15 18 114 2
54.609 85.827 286.256 4 15 18 114 2
95.493 48.568 345.474 5 15 18 15 1
95.493 48.568 345.474 6 15 18 15 1
207.137 73.269 287.202 7 15 18 82 1
207.137 73.269 287.202 8 15 18 82 1
207.137 73.269 287.202 9 15 18 82 1
1.760 94.907 336.230 10 15 18 126 2
10.355 129.780 53.658 11 15 18 138 1
49.393 128.466 195.062 12 15 18 128 3
3.532 115.182 353.387 13 15 18 41 1
49.393 128.466 195.062 14 15 18 128 3
49.393 128.466 195.062 15 15 18 128 3
49.393 128.466 195.062 16 15 18 128 3
39.816 46.286 254.785 17 15 18 54 1
39.816 46.286 254.785 18 15 18 54 1
39.816 46.286 254.785 19 15 18 54 1
155.498 61.737 317.325 20 15 18 95 1
54.609 85.827 286.256 1 16 18 114 2
54.609 85.827 286.256 2 16 18 114 2
54.609 85.827 286.256 3 16 18 114 2
95.493 48.568 345.474 4 16 18 15 1
95.493 48.568 345.474 5 16 18 15 1
95.493 48.568 345.474 6 16 18 15 1
207.137 73.269 287.202 7 16 18 82 1
207.137 73.269 287.202 8 16 18 82 1
184.140 83.386 287.913 9 16 18 117 2
184.140 83.386 287.913 10 16 18 117 2
49.393 128.466 195.062 11 16 18 128 3
49.393 128.466 195.062 12 16 18 128 3
49.393 128.466 195.062 13 16 18 128 3
49.393 128.466 195.062 14 16 18 128 3
49.393 128.466 195.062 15 16 18 128 3
49.393 128.466 195.062 16 16 18 128 3
326.866 82.310 331.912 17 16 18 46 1
39.816 46.286 254.785 18 16 18 54 1
39.816 46.286 254.785 19 16 18 54 1
155.498 61.737 317.325 20 16 18 95 1
54.609 85.827 286.256 1 17 18 114 2
54.609 85.827 286.256 2 17 18 114 2
54.609 85.827 286.256 3 17 18 114 2
95.493 48.568 345.474 4 17 18 15 1
95.493 48.568 345.474 5 17 18 15 1
95.493 48.568 345.474 6 17 18 15 1
296.638 130.730 280.520 7 17 18 148 1
207.137 73.269 287.202 8 17 18 82 1
184.140 83.386 287.913 9 17 18 117 2
184.140 83.386 287.913 10 17 18 117 2
49.393 128.466 195.062 11 17 18 128 3
49.393 128.466 195.062 12 17 18 128 3
49.393 128.466 195.062 13 17 18 128 3
49.393 128.466 195.062 14 17 18 128 3
49.393 128.466 195.062 15 17 18 128 3
49.393 128.466 195.062 16 17 18 128 3
49.393 128.466 195.062 17 17 18 128 3
39.816 46.286 254.785 18 17 18 54 1
39.816 46.286 254.785 19 17 18 54 1
155.498 61.737 317.325 20 17 18 95 1
192.213 79.332 87.649 1 18 18 76 1
54.609 85.827 286.256 2 18 18 114 2
191.940 146.321 151.044 3 18 18 111 2
95.493 48.568 345.474 4 18 18 15 1
288.586 42.950 190.125 5 18 18 134 1
339.340 88.072 342.375 6 18 18 118 2
339.340 88.072 342.375 7 18 18 118 2
26.497 127.045 205.538 8 18 18 58 1
297.908 48.139 114.814 9 18 18 94 1
49.393 128.466 195.062 10 18 18 128 3
49.393 128.466 195.062 11 18 18 128 3
49.393 128.466 195.062 12 18 18 128 3
49.393 128.466 195.062 13 18 18 128 3
49.393 128.466 195.062 14 18 18 128 3
49.393 128.466 195.062 15 18 18 128 3
49.393 128.466 195.062 16 18 18 128 3
49.393 128.466 195.062 17 18 18 128 3
24.631 155.179 108.418 18 18 18 86 1
39.816 46.286 254.785 19 18 18 54 1
155.498 61.737 317.325 20 18 18 95 1
191.940 146.321 151.044 1 19 18 111 2
191.940 146.321 151.044 2 19 18 111 2
191.940 146.321 151.044 3 19 18 111 2
191.940 146.321 151.044 4 19 18 111 2
339.340 88.072 342.375 5 19 18 118 2
339.340 88.072 342.375 6 19 18 118 2
339.340 88.072 342.375 7 19 18 118 2
339.340 88.072 342.375 8 19 18 118 2
297.908 48.139 114.814 9 19 18 94 1
297.908 48.139 114.814 10 19 18 94 1
49.393 128.466 195.062 11 19 18 128 3
49.393 128.466 195.062 12 19 18 128 3
49.393 128.466 195.062 13 19 18 128 3
49.393 128.466 195.062 14 19 18 128 3
49.393 128.466 195.062 15 19 18 128 3
49.393 128.466 195.062 16 19 18 128 3
49.393 128.466 195.062 17 19 18 128 3
49.393 128.466 195.062 18 19 18 128 3
49.393 128.466 195.062 19 19 18 128 3
155.498 61.737 317.325 20 19 18 95 1
191.940 146.321 151.044 1 20 18 111 2
191.940 146.321 151.044 2 20 18 111 2
191.940 146.321 151.044 3 20 18 111 2
191.940 146.321 151.044 4 20 18 111 2
339.340 88.072 342.375 5 20 18 118 2
339.340 88.072 342.375 6 20 18 118 2
339.340 88.072 342.375 7 20 18 118 2
339.340 88.072 342.375 8 20 18 118 2
297.908 48.139 114.814 9 20 18 94 1
49.393 128.466 195.062 10 20 18 128 3
49.393 128.466 195.062 11 20 18 128 3
49.393 128.466 195.062 12 20 18 128 3
49.393 128.466 195.062 13 20 18 128 3
49.393 128.466 195.062 14 20 18 128 3
49.393 128.466 195.062 15 20 18 128 3
49.393 128.466 195.062 16 20 18 128 3
49.393 128.466 195.062 17 20 18 128 3
49.393 128.466 195.062 18 20 18 128 3
49.393 128.466 195.062 19 20 18 128 3
155.498 61.737 317.325 20 20 18 95 1
