344.189 131.789 126.225 1 1 12 152 4
344.189 131.789 126.225 2 1 12 152 4
344.189 131.789 126.225 3 1 12 152 4
230.083 116.318 246.040 4 1 12 129 3
230.083 116.318 246.040 5 1 12 129 3
153.094 100.378 249.924 6 1 12 136 1
231.809 119.691 211.796 7 1 12 56 1
231.809 119.691 211.796 8 1 12 56 1
272.166 107.631 241.984 9 1 12 127 2
272.166 107.631 241.984 10 1 12 127 2
272.166 107.631 241.984 11 1 12 127 2
272.166 107.631 241.984 12 1 12 127 2
272.166 107.631 241.984 13 1 12 127 2
60.347 77.651 262.712 14 1 12 69 1
60.347 77.651 262.712 15 1 12 69 1
309.810 121.973 140.905 16 1 12 99 2
309.810 121.973 140.905 17 1 12 99 2
309.810 121.973 140.905 18 1 12 99 2
309.810 121.973 140.905 19 1 12 99 2
107.062 126.225 288.796 20 1 12 71 1
344.189 131.789 126.225 1 2 12 152 4
344.189 131.789 126.225 2 2 12 152 4
344.189 131.789 126.225 3 2 12 152 4
344.189 131.789 126.225 4 2 12 152 4
153.094 100.378 249.924 5 2 12 136 1
153.094 100.378 249.924 6 2 12 136 1
231.809 119.691 211.796 7 2 12 56 1
231.809 119.691 211.796 8 2 12 56 1
272.166 107.631 241.984 9 2 12 127 2
272.166 107.631 241.984 10 2 12 127 2
272.166 107.631 241.984 11 2 12 127 2
50.673 139.808 284.192 12 2 12 81 1
272.166 107.631 241.984 13 2 12 127 2
60.347 77.651 262.712 14 2 12 69 1
309.810 121.973 140.905 15 2 12 99 2
185.398 135.995 332.954 16 2 12 68 1
309.810 121.973 140.905 17 2 12 99 2
309.810 121.973 140.905 18 2 12 99 2
107.062 126.225 288.796 19 2 12 71 1
107.062 126.225 288.796 20 2 12 71 1
344.189 131.789 126.225 1 3 12 152 4
344.189 131.789 126.225 2 3 12 152 4
344.189 131.789 126.225 3 3 12 152 4
344.189 131.789 126.225 4 3 12 152 4
344.189 131.789 126.225 5 3 12 152 4
231.809 119.691 211.796 6 3 12 56 1
231.809 119.691 211.796 7 3 12 56 1
272.166 107.631 241.984 8 3 12 127 2
272.166 107.631 241.984 9 3 12 127 2
272.166 107.631 241.984 10 3 12 127 2
272.166 107.631 241.984 11 3 12 127 2
272.166 107.631 241.984 12 3 12 127 2
272.166 107.631 241.984 13 3 12 127 2
126.728 39.717 162.463 14 3 12 47 1
126.728 39.717 162.463 15 3 12 47 1
331.667 137.159 252.883 16 3 12 74 1
309.810 121.973 140.905 17 3 12 99 2
205.698 157.192 161.390 18 3 12 131 4
205.698 157.192 161.390 19 3 12 131 4
107.062 126.225 288.796 20 3 12 71 1
344.189 131.789 126.225 1 4 12 152 4
344.189 131.789 126.225 2 4 12 152 4
344.189 131.789 126.225 3 4 12 152 4
344.189 131.789 126.225 4 4 12 152 4
344.189 131.789 126.225 5 4 12 152 4
46.257 83.622 199.196 6 4 12 70 1
46.257 83.622 199.196 7 4 12 70 1
272.166 107.631 241.984 8 4 12 127 2
272.166 107.631 241.984 9 4 12 127 2
174.360 160.981 53.816 10 4 12 60 1
272.166 107.631 241.984 11 4 12 127 2
272.166 107.631 241.984 12 4 12 127 2
272.166 107.631 241.984 13 4 12 127 2
126.728 39.717 162.463 14 4 12 47 1
126.728 39.717 162.463 15 4 12 47 1
205.698 157.192 161.390 16 4 12 131 4
205.698 157.192 161.390 17 4 12 131 4
205.698 157.192 161.390 18 4 12 131 4
205.698 157.192 161.390 19 4 12 131 4
205.698 157.192 161.390 20 4 12 131 4
344.189 131.789 126.225 1 5 12 152 4
344.189 131.789 126.225 2 5 12 152 4
344.189 131.789 126.225 3 5 12 152 4
344.189 131.789 126.225 4 5 12 152 4
344.189 131.789 126.225 5 5 12 152 4
46.257 83.622 199.196 6 5 12 70 1
46.257 83.622 199.196 7 5 12 70 1
272.166 107.631 241.984 8 5 12 127 2
272.166 107.631 241.984 9 5 12 127 2
272.166 107.631 241.984 10 5 12 127 2
272.166 107.631 241.984 11 5 12 127 2
272.166 107.631 241.984 12 5 12 127 2
205.698 157.192 161.390 13 5 12 131 4
205.698 157.192 161.390 14 5 12 131 4
205.698 157.192 161.390 15 5 12 131 4
205.698 157.192 161.390 16 5 12 131 4
205.698 157.192 161.390 17 5 12 131 4
205.698 157.192 161.390 18 5 12 131 4
205.698 157.192 161.390 19 5 12 131 4
205.698 157.192 161.390 20 5 12 131 4
344.189 131.789 126.225 1 6 12 152 4
344.189 131.789 126.225 2 6 12 152 4
344.189 131.789 126.225 3 6 12 152 4
344.189 131.789 126.225 4 6 12 152 4
344.189 131.789 126.225 5 6 12 152 4
46.257 83.622 199.196 6 6 12 70 1
46.257 83.622 199.196 7 6 12 70 1
46.257 83.622 199.196 8 6 12 70 1
272.166 107.631 241.984 9 6 12 127 2
272.166 107.631 241.984 10 6 12 127 2
205.698 157.192 161.390 11 6 12 131 4
205.698 157.192 161.390 12 6 12 131 4
205.698 157.192 161.390 13 6 12 131 4
205.698 157.192 161.390 14 6 12 131 4
205.698 157.192 161.390 15 6 12 131 4
205.698 157.192 161.390 16 6 12 131 4
205.698 157.192 161.390 17 6 12 131 4
205.698 157.192 161.390 18 6 12 131 4
205.698 157.192 161.390 19 6 12 131 4
205.698 157.192 161.390 20 6 12 131 4
344.189 131.789 126.225 1 7 12 152 4
344.189 131.789 126.225 2 7 12 152 4
344.189 131.789 126.225 3 7 12 152 4
344.189 131.789 126.225 4 7 12 152 4
307.644 55.479 181.820 5 7 12 135 1
46.257 83.622 199.196 6 7 12 70 1
46.257 83.622 199.196 7 7 12 70 1
46.257 83.622 199.196 8 7 12 70 1
205.698 157.192 161.390 9 7 12 131 4
205.698 157.192 161.390 10 7 12 131 4
205.698 157.192 161.390 11 7 12 131 4
205.698 157.192 161.390 12 7 12 131 4
205.698 157.192 161.390 13 7 12 131 4
205.698 157.192 161.390 14 7 12 131 4
205.698 157.192 161.390 15 7 12 131 4
205.698 157.192 161.390 16 7 12 131 4
205.698 157.192 161.390 17 7 12 131 4
205.698 157.192 161.390 18 7 12 131 4
205.698 157.192 161.390 19 7 12 131 4
205.698 157.192 161.390 20 7 12 131 4
344.189 131.789 126.225 1 8 12 152 4
344.189 131.789 126.225 2 8 12 152 4
344.189 131.789 126.225 3 8 12 152 4
56.292 47.469 184.226 4 8 12 101 2
56.292 47.469 184.226 5 8 12 101 2
56.292 47.469 184.226 6 8 12 101 2
205.698 157.192 161.390 7 8 12 131 4
205.698 157.192 161.390 8 8 12 131 4
205.698 157.192 161.390 9 8 12 131 4
205.698 157.192 161.390 10 8 12 131 4
205.698 157.192 161.390 11 8 12 131 4
205.698 157.192 161.390 12 8 12 131 4
205.698 157.192 161.390 13 8 12 131 4
205.698 157.192 161.390 14 8 12 131 4
205.698 157.192 161.390 15 8 12 131 4
205.698 157.192 161.390 16 8 12 131 4
205.698 157.192 161.390 17 8 12 131 4
205.698 157.192 161.390 18 8 12 131 4
205.698 157.192 161.390 19 8 12 131 4
205.698 157.192 161.390 20 8 12 131 4
344.189 131.789 126.225 1 9 12 152 4
344.189 131.789 126.225 2 9 12 152 4
344.189 131.789 126.225 3 9 12 152 4
56.292 47.469 184.226 4 9 12 101 2
56.292 47.469 184.226 5 9 12 101 2
56.292 47.469 184.226 6 9 12 101 2
205.698 157.192 161.390 7 9 12 131 4
205.698 157.192 161.390 8 9 12 131 4
205.698 157.192 161.390 9 9 12 131 4
205.698 157.192 161.390 10 9 12 131 4
205.698 157.192 161.390 11 9 12 131 4
205.698 157.192 161.390 12 9 12 131 4
205.698 157.192 161.390 13 9 12 131 4
205.698 157.192 161.390 14 9 12 131 4
205.698 157.192 161.390 15 9 12 131 4
205.698 157.192 161.390 16 9 12 131 4
205.698 157.192 161.390 17 9 12 131 4
205.698 157.192 161.390 18 9 12 131 4
205.698 157.192 161.390 19 9 12 131 4
205.698 157.192 161.390 20 9 12 131 4
90.772 133.962 228.089 1 10 12 130 4
90.772 133.962 228.089 2 10 12 130 4
90.772 133.962 228.089 3 10 12 130 4
306.339 43.956 0.037 4 10 12 1 1
29.558 73.536 150.159 5 10 12 18 1
155.511 142.665 86.443 6 10 12 139 1
205.698 157.192 161.390 7 10 12 131 4
205.698 157.192 161.390 8 10 12 131 4
205.698 157.192 161.390 9 10 12 131 4
205.698 157.192 161.390 10 10 12 131 4
205.698 157.192 161.390 11 10 12 131 4
205.698 157.192 161.390 12 10 12 131 4
205.698 157.192 161.390 13 10 12 131 4
205.698 157.192 161.390 14 10 12 131 4
205.698 157.192 161.390 15 10 12 131 4
205.698 157.192 161.390 16 10 12 131 4
205.698 157.192 161.390 17 10 12 131 4
205.698 157.192 161.390 18 10 12 131 4
205.698 157.192 161.390 19 10 12 131 4
205.698 157.192 161.390 20 10 12 131 4
90.772 133.962 228.089 1 11 12 130 4
90.772 133.962 228.089 2 11 12 130 4
90.772 133.962 228.089 3 11 12 130 4
90.772 133.962 228.089 4 11 12 130 4
29.558 73.536 150.159 5 11 12 18 1
205.698 157.192 161.390 6 11 12 131 4
205.698 157.192 161.390 7 11 12 131 4
205.698 157.192 161.390 8 11 12 131 4
205.698 157.192 161.390 9 11 12 131 4
205.698 157.192 161.390 10 11 12 131 4
205.698 157.192 161.390 11 11 12 131 4
205.698 157.192 161.390 12 11 12 131 4
205.698 157.192 161.390 13 11 12 131 4
205.698 157.192 161.390 14 11 12 131 4
205.698 157.192 161.390 15 11 12 131 4
205.698 157.192 161.390 16 11 12 131 4
205.698 157.192 161.390 17 11 12 131 4
205.698 157.192 161.390 18 11 12 131 4
205.698 157.192 161.390 19 11 12 131 4
205.698 157.192 161.390 20 11 12 131 4
90.772 133.962 228.089 1 12 12 130 4
90.772 133.962 228.089 2 12 12 130 4
90.772 133.962 228.089 3 12 12 130 4
90.772 133.962 228.089 4 12 12 130 4
301.963 33.650 283.431 5 12 12 151 3
205.698 157.192 161.390 6 12 12 131 4
205.698 157.192 161.390 7 12 12 131 4
205.698 157.192 161.390 8 12 12 131 4
205.698 157.192 161.390 9 12 12 131 4
205.698 157.192 161.390 10 12 12 131 4
205.698 157.192 161.390 11 12 12 131 4
205.698 157.192 161.390 12 12 12 131 4
205.698 157.192 161.390 13 12 12 131 4
205.698 157.192 161.390 14 12 12 131 4
205.698 157.192 161.390 15 12 12 131 4
205.698 157.192 161.390 16 12 12 131 4
205.698 157.192 161.390 17 12 12 131 4
205.698 157.192 161.390 18 12 12 131 4
86.053 82.626 149.363 19 12 12 125 2
86.053 82.626 149.363 20 12 12 125 2
90.772 133.962 228.089 1 13 12 130 4
90.772 133.962 228.089 2 13 12 130 4
90.772 133.962 228.089 3 13 12 130 4
90.772 133.962 228.089 4 13 12 130 4
301.963 33.650 283.431 5 13 12 151 3
301.963 33.650 283.431 6 13 12 151 3
205.698 157.192 161.390 7 13 12 131 4
205.698 157.192 161.390 8 13 12 131 4
205.698 157.192 161.390 9 13 12 131 4
205.698 157.192 161.390 10 13 12 131 4
205.698 157.192 161.390 11 13 12 131 4
205.698 157.192 161.390 12 13 12 131 4
205.698 157.192 161.390 13 13 12 131 4
205.698 157.192 161.390 14 13 12 131 4
205.698 157.192 161.390 15 13 12 131 4
205.698 157.192 161.390 16 13 12 131 4
205.698 157.192 161.390 17 13 12 131 4
205.698 157.192 161.390 18 13 12 131 4
86.053 82.626 149.363 19 13 12 125 2
86.053 82.626 149.363 20 13 12 125 2
301.963 33.650 283.431 1 14 12 151 3
301.963 33.650 283.431 2 14 12 151 3
301.963 33.650 283.431 3 14 12 151 3
301.963 33.650 283.431 4 14 12 151 3
301.963 33.650 283.431 5 14 12 151 3
301.963 33.650 283.431 6 14 12 151 3
301.963 33.650 283.431 7 14 12 151 3
205.698 157.192 161.390 8 14 12 131 4
205.698 157.192 161.390 9 14 12 131 4
205.698 157.192 161.390 10 14 12 131 4
205.698 157.192 161.390 11 14 12 131 4
205.698 157.192 161.390 12 14 12 131 4
205.698 157.192 161.390 13 14 12 131 4
205.698 157.192 161.390 14 14 12 131 4
205.698 157.192 161.390 15 14 12 131 4
205.698 157.192 161.390 16 14 12 131 4
55.504 61.936 259.138 17 14 12 133 4
55.504 61.936 259.138 18 14 12 133 4
55.504 61.936 259.138 19 14 12 133 4
55.504 61.936 259.138 20 14 12 133 4
301.963 33.650 283.431 1 15 12 151 3
301.963 33.650 283.431 2 15 12 151 3
301.963 33.650 283.431 3 15 12 151 3
301.963 33.650 283.431 4 15 12 151 3
301.963 33.650 283.431 5 15 12 151 3
301.963 33.650 283.431 6 15 12 151 3
301.963 33.650 283.431 7 15 12 151 3
301.963 33.650 283.431 8 15 12 151 3
301.963 33.650 283.431 9 15 12 151 3
205.698 157.192 161.390 10 15 12 131 4
205.698 157.192 161.390 11 15 12 131 4
205.698 157.192 161.390 12 15 12 131 4
205.698 157.192 161.390 13 15 12 131 4
55.504 61.936 259.138 14 15 12 133 4
55.504 61.936 259.138 15 15 12 133 4
55.504 61.936 259.138 16 15 12 133 4
55.504 61.936 259.138 17 15 12 133 4
55.504 61.936 259.138 18 15 12 133 4
55.504 61.936 259.138 19 15 12 133 4
55.504 61.936 259.138 20 15 12 133 4
301.963 33.650 283.431 1 16 12 151 3
301.963 33.650 283.431 2 16 12 151 3
301.963 33.650 283.431 3 16 12 151 3
301.963 33.650 283.431 4 16 12 151 3
301.963 33.650 283.431 5 16 12 151 3
301.963 33.650 283.431 6 16 12 151 3
301.963 33.650 283.431 7 16 12 151 3
301.963 33.650 283.431 8 16 12 151 3
301.963 33.650 283.431 9 16 12 151 3
301.963 33.650 283.431 10 16 12 151 3
88.461 138.165 228.753 11 16 12 120 2
88.461 138.165 228.753 12 16 12 120 2
55.504 61.936 259.138 13 16 12 133 4
55.504 61.936 259.138 14 16 12 133 4
55.504 61.936 259.138 15 16 12 133 4
55.504 61.936 259.138 16 16 12 133 4
55.504 61.936 259.138 17 16 12 133 4
55.504 61.936 259.138 18 16 12 133 4
55.504 61.936 259.138 19 16 12 133 4
55.504 61.936 259.138 20 16 12 133 4
301.963 33.650 283.431 1 17 12 151 3
301.963 33.650 283.431 2 17 12 151 3
301.963 33.650 283.431 3 17 12 151 3
301.963 33.650 283.431 4 17 12 151 3
301.963 33.650 283.431 5 17 12 151 3
301.963 33.650 283.431 6 17 12 151 3
301.963 33.650 283.431 7 17 12 151 3
301.963 33.650 283.431 8 17 12 151 3
301.963 33.650 283.431 9 17 12 151 3
301.963 33.650 283.431 10 17 12 151 3
88.461 138.165 228.753 11 17 12 120 2
55.504 61.936 259.138 12 17 12 133 4
55.504 61.936 259.138 13 17 12 133 4
55.504 61.936 259.138 14 17 12 133 4
55.504 61.936 259.138 15 17 12 133 4
55.504 61.936 259.138 16 17 12 133 4
55.504 61.936 259.138 17 17 12 133 4
55.504 61.936 259.138 18 17 12 133 4
55.504 61.936 259.138 19 17 12 133 4
55.504 61.936 259.138 20 17 12 133 4
301.963 33.650 283.431 1 18 12 151 3
301.963 33.650 283.431 2 18 12 151 3
301.963 33.650 283.431 3 18 12 151 3
301.963 33.650 283.431 4 18 12 151 3
301.963 33.650 283.431 5 18 12 151 3
301.963 33.650 283.431 6 18 12 151 3
301.963 33.650 283.431 7 18 12 151 3
301.963 33.650 283.431 8 18 12 151 3
301.963 33.650 283.431 9 18 12 151 3
301.963 33.650 283.431 10 18 12 151 3
55.504 61.936 259.138 11 18 12 133 4
55.504 61.936 259.138 12 18 12 133 4
55.504 61.936 259.138 13 18 12 133 4
55.504 61.936 259.138 14 18 12 133 4
55.504 61.936 259.138 15 18 12 133 4
55.504 61.936 259.138 16 18 12 133 4
55.504 61.936 259.138 17 18 12 133 4
55.504 61.936 259.138 18 18 12 133 4
55.504 61.936 259.138 19 18 12 133 4
55.504 61.936 259.138 20 18 12 133 4
301.963 33.650 283.431 1 19 12 151 3
301.963 33.650 283.431 2 19 12 151 3
301.963 33.650 283.431 3 19 12 151 3
301.963 33.650 283.431 4 19 12 151 3
301.963 33.650 283.431 5 19 12 151 3
301.963 33.650 283.431 6 19 12 151 3
301.963 33.650 283.431 7 19 12 151 3
301.963 33.650 283.431 8 19 12 151 3
301.963 33.650 283.431 9 19 12 151 3
301.963 33.650 283.431 10 19 12 151 3
55.504 61.936 259.138 11 19 12 133 4
55.504 61.936 259.138 12 19 12 133 4
55.504 61.936 259.138 13 19 12 133 4
55.504 61.936 259.138 14 19 12 133 4
55.504 61.936 259.138 15 19 12 133 4
55.504 61.936 259.138 16 19 12 133 4
55.504 61.936 259.138 17 19 12 133 4
55.504 61.936 259.138 18 19 12 133 4
55.504 61.936 259.138 19 19 12 133 4
171.383 141.054 343.126 20 19 12 109 2
301.963 33.650 283.431 1 20 12 151 3
301.963 33.650 283.431 2 20 12 151 3
301.963 33.650 283.431 3 20 12 151 3
301.963 33.650 283.431 4 20 12 151 3
301.963 33.650 283.431 5 20 12 151 3
301.963 33.650 283.431 6 20 12 151 3
301.963 33.650 283.431 7 20 12 151 3
301.963 33.650 283.431 8 20 12 151 3
301.963 33.650 283.431 9 20 12 151 3
301.963 33.650 283.431 10 20 12 151 3
55.504 61.936 259.138 11 20 12 133 4
55.504 61.936 259.138 12 20 12 133 4
55.504 61.936 259.138 13 20 12 133 4
55.504 61.936 259.138 14 20 12 133 4
55.504 61.936 259.138 15 20 12 133 4
55.504 61.936 259.138 16 20 12 133 4
55.504 61.936 259.138 17 20 12 133 4
55.504 61.936 259.138 18 20 12 133 4
171.383 141.054 343.126 19 20 12 109 2
171.383 141.054 343.126 20 20 12 109 2
