230.083 116.318 246.040 1 1 2 129 3
230.083 116.318 246.040 2 1 2 129 3
230.083 116.318 246.040 3 1 2 129 3
230.083 116.318 246.040 4 1 2 129 3
230.083 116.318 246.040 5 1 2 129 3
230.083 116.318 246.040 6 1 2 129 3
230.083 116.318 246.040 7 1 2 129 3
230.083 116.318 246.040 8 1 2 129 3
230.083 116.318 246.040 9 1 2 129 3
272.166 107.631 241.984 10 1 2 127 2
272.166 107.631 241.984 11 1 2 127 2
272.166 107.631 241.984 12 1 2 127 2
272.166 107.631 241.984 13 1 2 127 2
260.733 48.997 323.365 14 1 2 28 1
260.733 48.997 323.365 15 1 2 28 1
37.095 171.055 106.342 16 1 2 105 2
37.095 171.055 106.342 17 1 2 105 2
114.349 95.883 49.297 18 1 2 123 2
114.349 95.883 49.297 19 1 2 123 2
114.349 95.883 49.297 20 1 2 123 2
230.083 116.318 246.040 1 2 2 129 3
230.083 116.318 246.040 2 2 2 129 3
230.083 116.318 246.040 3 2 2 129 3
230.083 116.318 246.040 4 2 2 129 3
230.083 116.318 246.040 5 2 2 129 3
230.083 116.318 246.040 6 2 2 129 3
230.083 116.318 246.040 7 2 2 129 3
230.083 116.318 246.040 8 2 2 129 3
272.166 107.631 241.984 9 2 2 127 2
272.166 107.631 241.984 10 2 2 127 2
272.166 107.631 241.984 11 2 2 127 2
272.166 107.631 241.984 12 2 2 127 2
272.166 107.631 241.984 13 2 2 127 2
260.733 48.997 323.365 14 2 2 28 1
260.733 48.997 323.365 15 2 2 28 1
37.095 171.055 106.342 16 2 2 105 2
37.095 171.055 106.342 17 2 2 105 2
114.349 95.883 49.297 18 2 2 123 2
114.349 95.883 49.297 19 2 2 123 2
114.349 95.883 49.297 20 2 2 123 2
230.083 116.318 246.040 1 3 2 129 3
230.083 116.318 246.040 2 3 2 129 3
230.083 116.318 246.040 3 3 2 129 3
230.083 116.318 246.040 4 3 2 129 3
230.083 116.318 246.040 5 3 2 129 3
230.083 116.318 246.040 6 3 2 129 3
230.083 116.318 246.040 7 3 2 129 3
230.083 116.318 246.040 8 3 2 129 3
272.166 107.631 241.984 9 3 2 127 2
272.166 107.631 241.984 10 3 2 127 2
272.166 107.631 241.984 11 3 2 127 2
272.166 107.631 241.984 12 3 2 127 2
272.166 107.631 241.984 13 3 2 127 2
179.381 170.863 228.306 14 3 2 100 2
179.381 170.863 228.306 15 3 2 100 2
37.095 171.055 106.342 16 3 2 105 2
37.095 171.055 106.342 17 3 2 105 2
37.095 171.055 106.342 18 3 2 105 2
114.349 95.883 49.297 19 3 2 123 2
114.349 95.883 49.297 20 3 2 123 2
230.083 116.318 246.040 1 4 2 129 3
230.083 116.318 246.040 2 4 2 129 3
230.083 116.318 246.040 3 4 2 129 3
230.083 116.318 246.040 4 4 2 129 3
230.083 116.318 246.040 5 4 2 129 3
230.083 116.318 246.040 6 4 2 129 3
230.083 116.318 246.040 7 4 2 129 3
230.083 116.318 246.040 8 4 2 129 3
272.166 107.631 241.984 9 4 2 127 2
272.166 107.631 241.984 10 4 2 127 2
272.166 107.631 241.984 11 4 2 127 2
272.166 107.631 241.984 12 4 2 127 2
179.381 170.863 228.306 13 4 2 100 2
179.381 170.863 228.306 14 4 2 100 2
179.381 170.863 228.306 15 4 2 100 2
23.988 98.903 339.850 16 4 2 142 1
37.095 171.055 106.342 17 4 2 105 2
37.095 171.055 106.342 18 4 2 105 2
37.095 171.055 106.342 19 4 2 105 2
22.177 130.886 310.669 20 4 2 72 1
230.083 116.318 246.040 1 5 2 129 3
230.083 116.318 246.040 2 5 2 129 3
230.083 116.318 246.040 3 5 2 129 3
230.083 116.318 246.040 4 5 2 129 3
230.083 116.318 246.040 5 5 2 129 3
230.083 116.318 246.040 6 5 2 129 3
230.083 116.318 246.040 7 5 2 129 3
230.083 116.318 246.040 8 5 2 129 3
272.166 107.631 241.984 9 5 2 127 2
272.166 107.631 241.984 10 5 2 127 2
272.166 107.631 241.984 11 5 2 127 2
272.166 107.631 241.984 12 5 2 127 2
179.381 170.863 228.306 13 5 2 100 2
179.381 170.863 228.306 14 5 2 100 2
179.381 170.863 228.306 15 5 2 100 2
179.381 170.863 228.306 16 5 2 100 2
37.095 171.055 106.342 17 5 2 105 2
37.095 171.055 106.342 18 5 2 105 2
37.095 171.055 106.342 19 5 2 105 2
22.177 130.886 310.669 20 5 2 72 1
230.083 116.318 246.040 1 6 2 129 3
230.083 116.318 246.040 2 6 2 129 3
230.083 116.318 246.040 3 6 2 129 3
230.083 116.318 246.040 4 6 2 129 3
230.083 116.318 246.040 5 6 2 129 3
230.083 116.318 246.040 6 6 2 129 3
230.083 116.318 246.040 7 6 2 129 3
230.083 116.318 246.040 8 6 2 129 3
240.922 124.155 198.249 9 6 2 132 4
240.922 124.155 198.249 10 6 2 132 4
240.922 124.155 198.249 11 6 2 132 4
240.922 124.155 198.249 12 6 2 132 4
240.922 124.155 198.249 13 6 2 132 4
240.922 124.155 198.249 14 6 2 132 4
240.922 124.155 198.249 15 6 2 132 4
240.922 124.155 198.249 16 6 2 132 4
240.922 124.155 198.249 17 6 2 132 4
240.922 124.155 198.249 18 6 2 132 4
240.922 124.155 198.249 19 6 2 132 4
22.177 130.886 310.669 20 6 2 72 1
230.083 116.318 246.040 1 7 2 129 3
230.083 116.318 246.040 2 7 2 129 3
230.083 116.318 246.040 3 7 2 129 3
230.083 116.318 246.040 4 7 2 129 3
230.083 116.318 246.040 5 7 2 129 3
230.083 116.318 246.040 6 7 2 129 3
230.083 116.318 246.040 7 7 2 129 3
230.083 116.318 246.040 8 7 2 129 3
240.922 124.155 198.249 9 7 2 132 4
240.922 124.155 198.249 10 7 2 132 4
240.922 124.155 198.249 11 7 2 132 4
240.922 124.155 198.249 12 7 2 132 4
240.922 124.155 198.249 13 7 2 132 4
240.922 124.155 198.249 14 7 2 132 4
240.922 124.155 198.249 15 7 2 132 4
240.922 124.155 198.249 16 7 2 132 4
240.922 124.155 198.249 17 7 2 132 4
240.922 124.155 198.249 18 7 2 132 4
240.922 124.155 198.249 19 7 2 132 4
240.922 124.155 198.249 20 7 2 132 4
35.501 47.868 110.512 1 8 2 57 1
35.501 47.868 110.512 2 8 2 57 1
35.501 47.868 110.512 3 8 2 57 1
35.501 47.868 110.512 4 8 2 57 1
230.083 116.318 246.040 5 8 2 129 3
230.083 116.318 246.040 6 8 2 129 3
230.083 116.318 246.040 7 8 2 129 3
230.083 116.318 246.040 8 8 2 129 3
240.922 124.155 198.249 9 8 2 132 4
240.922 124.155 198.249 10 8 2 132 4
240.922 124.155 198.249 11 8 2 132 4
240.922 124.155 198.249 12 8 2 132 4
240.922 124.155 198.249 13 8 2 132 4
240.922 124.155 198.249 14 8 2 132 4
240.922 124.155 198.249 15 8 2 132 4
240.922 124.155 198.249 16 8 2 132 4
240.922 124.155 198.249 17 8 2 132 4
240.922 124.155 198.249 18 8 2 132 4
240.922 124.155 198.249 19 8 2 132 4
240.922 124.155 198.249 20 8 2 132 4
90.772 133.962 228.089 1 9 2 130 4
35.501 47.868 110.512 2 9 2 57 1
35.501 47.868 110.512 3 9 2 57 1
35.501 47.868 110.512 4 9 2 57 1
230.083 116.318 246.040 5 9 2 129 3
230.083 116.318 246.040 6 9 2 129 3
230.083 116.318 246.040 7 9 2 129 3
230.083 116.318 246.040 8 9 2 129 3
240.922 124.155 198.249 9 9 2 132 4
240.922 124.155 198.249 10 9 2 132 4
240.922 124.155 198.249 11 9 2 132 4
240.922 124.155 198.249 12 9 2 132 4
240.922 124.155 198.249 13 9 2 132 4
240.922 124.155 198.249 14 9 2 132 4
240.922 124.155 198.249 15 9 2 132 4
240.922 124.155 198.249 16 9 2 132 4
240.922 124.155 198.249 17 9 2 132 4
240.922 124.155 198.249 18 9 2 132 4
240.922 124.155 198.249 19 9 2 132 4
240.922 124.155 198.249 20 9 2 132 4
90.772 133.962 228.089 1 10 2 130 4
90.772 133.962 228.089 2 10 2 130 4
90.772 133.962 228.089 3 10 2 130 4
35.501 47.868 110.512 4 10 2 57 1
230.083 116.318 246.040 5 10 2 129 3
230.083 116.318 246.040 6 10 2 129 3
230.083 116.318 246.040 7 10 2 129 3
230.083 116.318 246.040 8 10 2 129 3
240.922 124.155 198.249 9 10 2 132 4
240.922 124.155 198.249 10 10 2 132 4
240.922 124.155 198.249 11 10 2 132 4
240.922 124.155 198.249 12 10 2 132 4
240.922 124.155 198.249 13 10 2 132 4
240.922 124.155 198.249 14 10 2 132 4
240.922 124.155 198.249 15 10 2 132 4
240.922 124.155 198.249 16 10 2 132 4
240.922 124.155 198.249 17 10 2 132 4
240.922 124.155 198.249 18 10 2 132 4
240.922 124.155 198.249 19 10 2 132 4
240.922 124.155 198.249 20 10 2 132 4
90.772 133.962 228.089 1 11 2 130 4
90.772 133.962 228.089 2 11 2 130 4
90.772 133.962 228.089 3 11 2 130 4
90.772 133.962 228.089 4 11 2 130 4
230.083 116.318 246.040 5 11 2 129 3
230.083 116.318 246.040 6 11 2 129 3
230.083 116.318 246.040 7 11 2 129 3
230.083 116.318 246.040 8 11 2 129 3
240.922 124.155 198.249 9 11 2 132 4
240.922 124.155 198.249 10 11 2 132 4
240.922 124.155 198.249 11 11 2 132 4
240.922 124.155 198.249 12 11 2 132 4
240.922 124.155 198.249 13 11 2 132 4
240.922 124.155 198.249 14 11 2 132 4
240.922 124.155 198.249 15 11 2 132 4
240.922 124.155 198.249 16 11 2 132 4
240.922 124.155 198.249 17 11 2 132 4
240.922 124.155 198.249 18 11 2 132 4
240.922 124.155 198.249 19 11 2 132 4
240.922 124.155 198.249 20 11 2 132 4
90.772 133.962 228.089 1 12 2 130 4
90.772 133.962 228.089 2 12 2 130 4
90.772 133.962 228.089 3 12 2 130 4
90.772 133.962 228.089 4 12 2 130 4
90.772 133.962 228.089 5 12 2 130 4
230.083 116.318 246.040 6 12 2 129 3
171.455 38.128 315.891 7 12 2 8 1
171.455 38.128 315.891 8 12 2 8 1
171.455 38.128 315.891 9 12 2 8 1
240.922 124.155 198.249 10 12 2 132 4
240.922 124.155 198.249 11 12 2 132 4
240.922 124.155 198.249 12 12 2 132 4
240.922 124.155 198.249 13 12 2 132 4
240.922 124.155 198.249 14 12 2 132 4
240.922 124.155 198.249 15 12 2 132 4
240.922 124.155 198.249 16 12 2 132 4
240.922 124.155 198.249 17 12 2 132 4
240.922 124.155 198.249 18 12 2 132 4
240.922 124.155 198.249 19 12 2 132 4
240.922 124.155 198.249 20 12 2 132 4
90.772 133.962 228.089 1 13 2 130 4
90.772 133.962 228.089 2 13 2 130 4
90.772 133.962 228.089 3 13 2 130 4
90.772 133.962 228.089 4 13 2 130 4
90.772 133.962 228.089 5 13 2 130 4
90.772 133.962 228.089 6 13 2 130 4
171.455 38.128 315.891 7 13 2 8 1
171.455 38.128 315.891 8 13 2 8 1
71.556 38.243 131.052 9 13 2 122 2
71.556 38.243 131.052 10 13 2 122 2
71.556 38.243 131.052 11 13 2 122 2
240.922 124.155 198.249 12 13 2 132 4
240.922 124.155 198.249 13 13 2 132 4
240.922 124.155 198.249 14 13 2 132 4
240.922 124.155 198.249 15 13 2 132 4
240.922 124.155 198.249 16 13 2 132 4
240.922 124.155 198.249 17 13 2 132 4
240.922 124.155 198.249 18 13 2 132 4
240.922 124.155 198.249 19 13 2 132 4
240.922 124.155 198.249 20 13 2 132 4
90.772 133.962 228.089 1 14 2 130 4
90.772 133.962 228.089 2 14 2 130 4
90.772 133.962 228.089 3 14 2 130 4
90.772 133.962 228.089 4 14 2 130 4
90.772 133.962 228.089 5 14 2 130 4
90.772 133.962 228.089 6 14 2 130 4
90.772 133.962 228.089 7 14 2 130 4
55.504 61.936 259.138 8 14 2 133 4
71.556 38.243 131.052 9 14 2 122 2
71.556 38.243 131.052 10 14 2 122 2
55.504 61.936 259.138 11 14 2 133 4
55.504 61.936 259.138 12 14 2 133 4
55.504 61.936 259.138 13 14 2 133 4
55.504 61.936 259.138 14 14 2 133 4
55.504 61.936 259.138 15 14 2 133 4
240.922 124.155 198.249 16 14 2 132 4
240.922 124.155 198.249 17 14 2 132 4
240.922 124.155 198.249 18 14 2 132 4
240.922 124.155 198.249 19 14 2 132 4
240.922 124.155 198.249 20 14 2 132 4
90.772 133.962 228.089 1 15 2 130 4
90.772 133.962 228.089 2 15 2 130 4
90.772 133.962 228.089 3 15 2 130 4
90.772 133.962 228.089 4 15 2 130 4
90.772 133.962 228.089 5 15 2 130 4
90.772 133.962 228.089 6 15 2 130 4
90.772 133.962 228.089 7 15 2 130 4
55.504 61.936 259.138 8 15 2 133 4
55.504 61.936 259.138 9 15 2 133 4
55.504 61.936 259.138 10 15 2 133 4
55.504 61.936 259.138 11 15 2 133 4
55.504 61.936 259.138 12 15 2 133 4
55.504 61.936 259.138 13 15 2 133 4
55.504 61.936 259.138 14 15 2 133 4
55.504 61.936 259.138 15 15 2 133 4
55.504 61.936 259.138 16 15 2 133 4
55.504 61.936 259.138 17 15 2 133 4
55.504 61.936 259.138 18 15 2 133 4
240.922 124.155 198.249 19 15 2 132 4
240.922 124.155 198.249 20 15 2 132 4
90.772 133.962 228.089 1 16 2 130 4
90.772 133.962 228.089 2 16 2 130 4
90.772 133.962 228.089 3 16 2 130 4
90.772 133.962 228.089 4 16 2 130 4
90.772 133.962 228.089 5 16 2 130 4
90.772 133.962 228.089 6 16 2 130 4
90.772 133.962 228.089 7 16 2 130 4
55.504 61.936 259.138 8 16 2 133 4
333.996 125.257 124.807 9 16 2 50 1
55.504 61.936 259.138 10 16 2 133 4
55.504 61.936 259.138 11 16 2 133 4
55.504 61.936 259.138 12 16 2 133 4
55.504 61.936 259.138 13 16 2 133 4
55.504 61.936 259.138 14 16 2 133 4
55.504 61.936 259.138 15 16 2 133 4
55.504 61.936 259.138 16 16 2 133 4
55.504 61.936 259.138 17 16 2 133 4
55.504 61.936 259.138 18 16 2 133 4
55.504 61.936 259.138 19 16 2 133 4
240.922 124.155 198.249 20 16 2 132 4
90.772 133.962 228.089 1 17 2 130 4
90.772 133.962 228.089 2 17 2 130 4
90.772 133.962 228.089 3 17 2 130 4
90.772 133.962 228.089 4 17 2 130 4
90.772 133.962 228.089 5 17 2 130 4
90.772 133.962 228.089 6 17 2 130 4
90.772 133.962 228.089 7 17 2 130 4
55.504 61.936 259.138 8 17 2 133 4
55.504 61.936 259.138 9 17 2 133 4
55.504 61.936 259.138 10 17 2 133 4
55.504 61.936 259.138 11 17 2 133 4
55.504 61.936 259.138 12 17 2 133 4
55.504 61.936 259.138 13 17 2 133 4
55.504 61.936 259.138 14 17 2 133 4
55.504 61.936 259.138 15 17 2 133 4
55.504 61.936 259.138 16 17 2 133 4
55.504 61.936 259.138 17 17 2 133 4
55.504 61.936 259.138 18 17 2 133 4
55.504 61.936 259.138 19 17 2 133 4
240.922 124.155 198.249 20 17 2 132 4
90.772 133.962 228.089 1 18 2 130 4
90.772 133.962 228.089 2 18 2 130 4
90.772 133.962 228.089 3 18 2 130 4
90.772 133.962 228.089 4 18 2 130 4
90.772 133.962 228.089 5 18 2 130 4
90.772 133.962 228.089 6 18 2 130 4
90.772 133.962 228.089 7 18 2 130 4
55.504 61.936 259.138 8 18 2 133 4
55.504 61.936 259.138 9 18 2 133 4
55.504 61.936 259.138 10 18 2 133 4
55.504 61.936 259.138 11 18 2 133 4
55.504 61.936 259.138 12 18 2 133 4
55.504 61.936 259.138 13 18 2 133 4
55.504 61.936 259.138 14 18 2 133 4
55.504 61.936 259.138 15 18 2 133 4
55.504 61.936 259.138 16 18 2 133 4
55.504 61.936 259.138 17 18 2 133 4
55.504 61.936 259.138 18 18 2 133 4
55.504 61.936 259.138 19 18 2 133 4
55.504 61.936 259.138 20 18 2 133 4
90.772 133.962 228.089 1 19 2 130 4
90.772 133.962 228.089 2 19 2 130 4
90.772 133.962 228.089 3 19 2 130 4
90.772 133.962 228.089 4 19 2 130 4
90.772 133.962 228.089 5 19 2 130 4
90.772 133.962 228.089 6 19 2 130 4
55.504 61.936 259.138 7 19 2 133 4
55.504 61.936 259.138 8 19 2 133 4
55.504 61.936 259.138 9 19 2 133 4
55.504 61.936 259.138 10 19 2 133 4
55.504 61.936 259.138 11 19 2 133 4
55.504 61.936 259.138 12 19 2 133 4
55.504 61.936 259.138 13 19 2 133 4
55.504 61.936 259.138 14 19 2 133 4
55.504 61.936 259.138 15 19 2 133 4
55.504 61.936 259.138 16 19 2 133 4
55.504 61.936 259.138 17 19 2 133 4
55.504 61.936 259.138 18 19 2 133 4
55.504 61.936 259.138 19 19 2 133 4
55.504 61.936 259.138 20 19 2 133 4
90.772 133.962 228.089 1 20 2 130 4
90.772 133.962 228.089 2 20 2 130 4
90.772 133.962 228.089 3 20 2 130 4
90.772 133.962 228.089 4 20 2 130 4
90.772 133.962 228.089 5 20 2 130 4
55.504 61.936 259.138 6 20 2 133 4
55.504 61.936 259.138 7 20 2 133 4
55.504 61.936 259.138 8 20 2 133 4
55.504 61.936 259.138 9 20 2 133 4
55.504 61.936 259.138 10 20 2 133 4
55.504 61.936 259.138 11 20 2 133 4
55.504 61.936 259.138 12 20 2 133 4
55.504 61.936 259.138 13 20 2 133 4
55.504 61.936 259.138 14 20 2 133 4
55.504 61.936 259.138 15 20 2 133 4
55.504 61.936 259.138 16 20 2 133 4
55.504 61.936 259.138 17 20 2 133 4
55.504 61.936 259.138 18 20 2 133 4
55.504 61.936 259.138 19 20 2 133 4
75.368 89.430 224.907 20 20 2 80 1
