344.189 131.789 126.225 1 1 15 152 4
344.189 131.789 126.225 2 1 15 152 4
344.189 131.789 126.225 3 1 15 152 4
344.189 131.789 126.225 4 1 15 152 4
344.189 131.789 126.225 5 1 15 152 4
344.189 131.789 126.225 6 1 15 152 4
344.189 131.789 126.225 7 1 15 152 4
231.809 119.691 211.796 8 1 15 56 1
231.809 119.691 211.796 9 1 15 56 1
231.809 119.691 211.796 10 1 15 56 1
231.809 119.691 211.796 11 1 15 56 1
48.472 98.279 340.224 12 1 15 150 1
48.472 98.279 340.224 13 1 15 150 1
48.472 98.279 340.224 14 1 15 150 1
309.810 121.973 140.905 15 1 15 99 2
309.810 121.973 140.905 16 1 15 99 2
309.810 121.973 140.905 17 1 15 99 2
199.882 41.269 221.052 18 1 15 29 1
199.882 41.269 221.052 19 1 15 29 1
199.882 41.269 221.052 20 1 15 29 1
344.189 131.789 126.225 1 2 15 152 4
344.189 131.789 126.225 2 2 15 152 4
344.189 131.789 126.225 3 2 15 152 4
344.189 131.789 126.225 4 2 15 152 4
344.189 131.789 126.225 5 2 15 152 4
344.189 131.789 126.225 6 2 15 152 4
344.189 131.789 126.225 7 2 15 152 4
231.809 119.691 211.796 8 2 15 56 1
231.809 119.691 211.796 9 2 15 56 1
231.809 119.691 211.796 10 2 15 56 1
231.809 119.691 211.796 11 2 15 56 1
48.472 98.279 340.224 12 2 15 150 1
48.472 98.279 340.224 13 2 15 150 1
48.472 98.279 340.224 14 2 15 150 1
48.472 98.279 340.224 15 2 15 150 1
309.810 121.973 140.905 16 2 15 99 2
309.810 121.973 140.905 17 2 15 99 2
88.699 89.140 67.313 18 2 15 24 1
88.699 89.140 67.313 19 2 15 24 1
88.699 89.140 67.313 20 2 15 24 1
344.189 131.789 126.225 1 3 15 152 4
344.189 131.789 126.225 2 3 15 152 4
344.189 131.789 126.225 3 3 15 152 4
344.189 131.789 126.225 4 3 15 152 4
344.189 131.789 126.225 5 3 15 152 4
344.189 131.789 126.225 6 3 15 152 4
344.189 131.789 126.225 7 3 15 152 4
231.809 119.691 211.796 8 3 15 56 1
107.367 48.711 272.064 9 3 15 62 1
107.367 48.711 272.064 10 3 15 62 1
141.132 131.849 30.190 11 3 15 19 1
141.132 131.849 30.190 12 3 15 19 1
48.472 98.279 340.224 13 3 15 150 1
48.472 98.279 340.224 14 3 15 150 1
48.472 98.279 340.224 15 3 15 150 1
309.810 121.973 140.905 16 3 15 99 2
309.810 121.973 140.905 17 3 15 99 2
205.698 157.192 161.390 18 3 15 131 4
205.698 157.192 161.390 19 3 15 131 4
205.698 157.192 161.390 20 3 15 131 4
344.189 131.789 126.225 1 4 15 152 4
344.189 131.789 126.225 2 4 15 152 4
344.189 131.789 126.225 3 4 15 152 4
344.189 131.789 126.225 4 4 15 152 4
344.189 131.789 126.225 5 4 15 152 4
344.189 131.789 126.225 6 4 15 152 4
344.189 131.789 126.225 7 4 15 152 4
344.189 131.789 126.225 8 4 15 152 4
107.367 48.711 272.064 9 4 15 62 1
107.367 48.711 272.064 10 4 15 62 1
107.367 48.711 272.064 11 4 15 62 1
87.449 40.670 71.006 12 4 15 16 1
48.472 98.279 340.224 13 4 15 150 1
48.472 98.279 340.224 14 4 15 150 1
205.698 157.192 161.390 15 4 15 131 4
205.698 157.192 161.390 16 4 15 131 4
205.698 157.192 161.390 17 4 15 131 4
205.698 157.192 161.390 18 4 15 131 4
205.698 157.192 161.390 19 4 15 131 4
205.698 157.192 161.390 20 4 15 131 4
344.189 131.789 126.225 1 5 15 152 4
344.189 131.789 126.225 2 5 15 152 4
344.189 131.789 126.225 3 5 15 152 4
344.189 131.789 126.225 4 5 15 152 4
344.189 131.789 126.225 5 5 15 152 4
344.189 131.789 126.225 6 5 15 152 4
344.189 131.789 126.225 7 5 15 152 4
344.189 131.789 126.225 8 5 15 152 4
107.367 48.711 272.064 9 5 15 62 1
107.367 48.711 272.064 10 5 15 62 1
107.367 48.711 272.064 11 5 15 62 1
87.449 40.670 71.006 12 5 15 16 1
87.449 40.670 71.006 13 5 15 16 1
205.698 157.192 161.390 14 5 15 131 4
205.698 157.192 161.390 15 5 15 131 4
205.698 157.192 161.390 16 5 15 131 4
205.698 157.192 161.390 17 5 15 131 4
205.698 157.192 161.390 18 5 15 131 4
205.698 157.192 161.390 19 5 15 131 4
205.698 157.192 161.390 20 5 15 131 4
344.189 131.789 126.225 1 6 15 152 4
344.189 131.789 126.225 2 6 15 152 4
344.189 131.789 126.225 3 6 15 152 4
344.189 131.789 126.225 4 6 15 152 4
344.189 131.789 126.225 5 6 15 152 4
344.189 131.789 126.225 6 6 15 152 4
344.189 131.789 126.225 7 6 15 152 4
344.189 131.789 126.225 8 6 15 152 4
107.367 48.711 272.064 9 6 15 62 1
107.367 48.711 272.064 10 6 15 62 1
107.367 48.711 272.064 11 6 15 62 1
205.698 157.192 161.390 12 6 15 131 4
205.698 157.192 161.390 13 6 15 131 4
205.698 157.192 161.390 14 6 15 131 4
205.698 157.192 161.390 15 6 15 131 4
205.698 157.192 161.390 16 6 15 131 4
205.698 157.192 161.390 17 6 15 131 4
205.698 157.192 161.390 18 6 15 131 4
205.698 157.192 161.390 19 6 15 131 4
205.698 157.192 161.390 20 6 15 131 4
344.189 131.789 126.225 1 7 15 152 4
344.189 131.789 126.225 2 7 15 152 4
344.189 131.789 126.225 3 7 15 152 4
344.189 131.789 126.225 4 7 15 152 4
344.189 131.789 126.225 5 7 15 152 4
344.189 131.789 126.225 6 7 15 152 4
344.189 131.789 126.225 7 7 15 152 4
344.189 131.789 126.225 8 7 15 152 4
27.501 78.033 5.618 9 7 15 26 1
181.922 26.037 224.609 10 7 15 79 1
181.922 26.037 224.609 11 7 15 79 1
205.698 157.192 161.390 12 7 15 131 4
205.698 157.192 161.390 13 7 15 131 4
205.698 157.192 161.390 14 7 15 131 4
205.698 157.192 161.390 15 7 15 131 4
205.698 157.192 161.390 16 7 15 131 4
205.698 157.192 161.390 17 7 15 131 4
205.698 157.192 161.390 18 7 15 131 4
205.698 157.192 161.390 19 7 15 131 4
205.698 157.192 161.390 20 7 15 131 4
344.189 131.789 126.225 1 8 15 152 4
344.189 131.789 126.225 2 8 15 152 4
344.189 131.789 126.225 3 8 15 152 4
344.189 131.789 126.225 4 8 15 152 4
344.189 131.789 126.225 5 8 15 152 4
344.189 131.789 126.225 6 8 15 152 4
344.189 131.789 126.225 7 8 15 152 4
27.501 78.033 5.618 8 8 15 26 1
27.501 78.033 5.618 9 8 15 26 1
27.501 78.033 5.618 10 8 15 26 1
181.922 26.037 224.609 11 8 15 79 1
205.698 157.192 161.390 12 8 15 131 4
205.698 157.192 161.390 13 8 15 131 4
205.698 157.192 161.390 14 8 15 131 4
205.698 157.192 161.390 15 8 15 131 4
205.698 157.192 161.390 16 8 15 131 4
205.698 157.192 161.390 17 8 15 131 4
205.698 157.192 161.390 18 8 15 131 4
205.698 157.192 161.390 19 8 15 131 4
205.698 157.192 161.390 20 8 15 131 4
344.189 131.789 126.225 1 9 15 152 4
344.189 131.789 126.225 2 9 15 152 4
344.189 131.789 126.225 3 9 15 152 4
344.189 131.789 126.225 4 9 15 152 4
344.189 131.789 126.225 5 9 15 152 4
344.189 131.789 126.225 6 9 15 152 4
344.189 131.789 126.225 7 9 15 152 4
27.501 78.033 5.618 8 9 15 26 1
27.501 78.033 5.618 9 9 15 26 1
27.501 78.033 5.618 10 9 15 26 1
205.698 157.192 161.390 11 9 15 131 4
205.698 157.192 161.390 12 9 15 131 4
205.698 157.192 161.390 13 9 15 131 4
205.698 157.192 161.390 14 9 15 131 4
205.698 157.192 161.390 15 9 15 131 4
205.698 157.192 161.390 16 9 15 131 4
205.698 157.192 161.390 17 9 15 131 4
205.698 157.192 161.390 18 9 15 131 4
205.698 157.192 161.390 19 9 15 131 4
205.698 157.192 161.390 20 9 15 131 4
301.963 33.650 283.431 1 10 15 151 3
344.189 131.789 126.225 2 10 15 152 4
344.189 131.789 126.225 3 10 15 152 4
344.189 131.789 126.225 4 10 15 152 4
344.189 131.789 126.225 5 10 15 152 4
165.625 138.039 42.923 6 10 15 30 1
165.625 138.039 42.923 7 10 15 30 1
27.501 78.033 5.618 8 10 15 26 1
27.501 78.033 5.618 9 10 15 26 1
27.501 78.033 5.618 10 10 15 26 1
205.698 157.192 161.390 11 10 15 131 4
205.698 157.192 161.390 12 10 15 131 4
205.698 157.192 161.390 13 10 15 131 4
205.698 157.192 161.390 14 10 15 131 4
205.698 157.192 161.390 15 10 15 131 4
205.698 157.192 161.390 16 10 15 131 4
205.698 157.192 161.390 17 10 15 131 4
205.698 157.192 161.390 18 10 15 131 4
205.698 157.192 161.390 19 10 15 131 4
205.698 157.192 161.390 20 10 15 131 4
301.963 33.650 283.431 1 11 15 151 3
301.963 33.650 283.431 2 11 15 151 3
301.963 33.650 283.431 3 11 15 151 3
301.963 33.650 283.431 4 11 15 151 3
301.963 33.650 283.431 5 11 15 151 3
301.963 33.650 283.431 6 11 15 151 3
301.963 33.650 283.431 7 11 15 151 3
205.698 157.192 161.390 8 11 15 131 4
205.698 157.192 161.390 9 11 15 131 4
205.698 157.192 161.390 10 11 15 131 4
205.698 157.192 161.390 11 11 15 131 4
205.698 157.192 161.390 12 11 15 131 4
205.698 157.192 161.390 13 11 15 131 4
205.698 157.192 161.390 14 11 15 131 4
205.698 157.192 161.390 15 11 15 131 4
205.698 157.192 161.390 16 11 15 131 4
205.698 157.192 161.390 17 11 15 131 4
205.698 157.192 161.390 18 11 15 131 4
86.053 82.626 149.363 19 11 15 125 2
86.053 82.626 149.363 20 11 15 125 2
301.963 33.650 283.431 1 12 15 151 3
301.963 33.650 283.431 2 12 15 151 3
301.963 33.650 283.431 3 12 15 151 3
301.963 33.650 283.431 4 12 15 151 3
301.963 33.650 283.431 5 12 15 151 3
301.963 33.650 283.431 6 12 15 151 3
301.963 33.650 283.431 7 12 15 151 3
301.963 33.650 283.431 8 12 15 151 3
205.698 157.192 161.390 9 12 15 131 4
205.698 157.192 161.390 10 12 15 131 4
205.698 157.192 161.390 11 12 15 131 4
205.698 157.192 161.390 12 12 15 131 4
205.698 157.192 161.390 13 12 15 131 4
205.698 157.192 161.390 14 12 15 131 4
205.698 157.192 161.390 15 12 15 131 4
205.698 157.192 161.390 16 12 15 131 4
205.698 157.192 161.390 17 12 15 131 4
86.053 82.626 149.363 18 12 15 125 2
86.053 82.626 149.363 19 12 15 125 2
86.053 82.626 149.363 20 12 15 125 2
301.963 33.650 283.431 1 13 15 151 3
301.963 33.650 283.431 2 13 15 151 3
301.963 33.650 283.431 3 13 15 151 3
301.963 33.650 283.431 4 13 15 151 3
301.963 33.650 283.431 5 13 15 151 3
301.963 33.650 283.431 6 13 15 151 3
301.963 33.650 283.431 7 13 15 151 3
301.963 33.650 283.431 8 13 15 151 3
205.698 157.192 161.390 9 13 15 131 4
205.698 157.192 161.390 10 13 15 131 4
205.698 157.192 161.390 11 13 15 131 4
205.698 157.192 161.390 12 13 15 131 4
205.698 157.192 161.390 13 13 15 131 4
205.698 157.192 161.390 14 13 15 131 4
205.698 157.192 161.390 15 13 15 131 4
205.698 157.192 161.390 16 13 15 131 4
291.561 96.982 20.832 17 13 15 2 1
86.053 82.626 149.363 18 13 15 125 2
86.053 82.626 149.363 19 13 15 125 2
86.053 82.626 149.363 20 13 15 125 2
301.963 33.650 283.431 1 14 15 151 3
301.963 33.650 283.431 2 14 15 151 3
301.963 33.650 283.431 3 14 15 151 3
301.963 33.650 283.431 4 14 15 151 3
301.963 33.650 283.431 5 14 15 151 3
301.963 33.650 283.431 6 14 15 151 3
301.963 33.650 283.431 7 14 15 151 3
301.963 33.650 283.431 8 14 15 151 3
301.963 33.650 283.431 9 14 15 151 3
205.698 157.192 161.390 10 14 15 131 4
205.698 157.192 161.390 11 14 15 131 4
205.698 157.192 161.390 12 14 15 131 4
205.698 157.192 161.390 13 14 15 131 4
205.698 157.192 161.390 14 14 15 131 4
3.532 115.182 353.387 15 14 15 41 1
291.561 96.982 20.832 16 14 15 2 1
291.561 96.982 20.832 17 14 15 2 1
291.561 96.982 20.832 18 14 15 2 1
155.498 61.737 317.325 19 14 15 95 1
86.053 82.626 149.363 20 14 15 125 2
301.963 33.650 283.431 1 15 15 151 3
301.963 33.650 283.431 2 15 15 151 3
301.963 33.650 283.431 3 15 15 151 3
301.963 33.650 283.431 4 15 15 151 3
301.963 33.650 283.431 5 15 15 151 3
301.963 33.650 283.431 6 15 15 151 3
301.963 33.650 283.431 7 15 15 151 3
301.963 33.650 283.431 8 15 15 151 3
301.963 33.650 283.431 9 15 15 151 3
49.393 128.466 195.062 10 15 15 128 3
49.393 128.466 195.062 11 15 15 128 3
49.393 128.466 195.062 12 15 15 128 3
49.393 128.466 195.062 13 15 15 128 3
49.393 128.466 195.062 14 15 15 128 3
88.439 74.782 231.492 15 15 15 84 1
291.561 96.982 20.832 16 15 15 2 1
291.561 96.982 20.832 17 15 15 2 1
291.561 96.982 20.832 18 15 15 2 1
155.498 61.737 317.325 19 15 15 95 1
155.498 61.737 317.325 20 15 15 95 1
301.963 33.650 283.431 1 16 15 151 3
301.963 33.650 283.431 2 16 15 151 3
301.963 33.650 283.431 3 16 15 151 3
301.963 33.650 283.431 4 16 15 151 3
301.963 33.650 283.431 5 16 15 151 3
301.963 33.650 283.431 6 16 15 151 3
301.963 33.650 283.431 7 16 15 151 3
301.963 33.650 283.431 8 16 15 151 3
49.393 128.466 195.062 9 16 15 128 3
49.393 128.466 195.062 10 16 15 128 3
49.393 128.466 195.062 11 16 15 128 3
49.393 128.466 195.062 12 16 15 128 3
49.393 128.466 195.062 13 16 15 128 3
49.393 128.466 195.062 14 16 15 128 3
49.393 128.466 195.062 15 16 15 128 3
55.504 61.936 259.138 16 16 15 133 4
55.504 61.936 259.138 17 16 15 133 4
291.561 96.982 20.832 18 16 15 2 1
155.498 61.737 317.325 19 16 15 95 1
155.498 61.737 317.325 20 16 15 95 1
301.963 33.650 283.431 1 17 15 151 3
301.963 33.650 283.431 2 17 15 151 3
301.963 33.650 283.431 3 17 15 151 3
301.963 33.650 283.431 4 17 15 151 3
339.340 88.072 342.375 5 17 15 118 2
339.340 88.072 342.375 6 17 15 118 2
301.963 33.650 283.431 7 17 15 151 3
26.497 127.045 205.538 8 17 15 58 1
49.393 128.466 195.062 9 17 15 128 3
49.393 128.466 195.062 10 17 15 128 3
49.393 128.466 195.062 11 17 15 128 3
49.393 128.466 195.062 12 17 15 128 3
49.393 128.466 195.062 13 17 15 128 3
49.393 128.466 195.062 14 17 15 128 3
49.393 128.466 195.062 15 17 15 128 3
55.504 61.936 259.138 16 17 15 133 4
55.504 61.936 259.138 17 17 15 133 4
55.504 61.936 259.138 18 17 15 133 4
155.498 61.737 317.325 19 17 15 95 1
155.498 61.737 317.325 20 17 15 95 1
301.963 33.650 283.431 1 18 15 151 3
301.963 33.650 283.431 2 18 15 151 3
301.963 33.650 283.431 3 18 15 151 3
301.963 33.650 283.431 4 18 15 151 3
339.340 88.072 342.375 5 18 15 118 2
339.340 88.072 342.375 6 18 15 118 2
285.444 157.695 134.775 7 18 15 4 1
26.497 127.045 205.538 8 18 15 58 1
26.497 127.045 205.538 9 18 15 58 1
49.393 128.466 195.062 10 18 15 128 3
49.393 128.466 195.062 11 18 15 128 3
49.393 128.466 195.062 12 18 15 128 3
49.393 128.466 195.062 13 18 15 128 3
49.393 128.466 195.062 14 18 15 128 3
49.393 128.466 195.062 15 18 15 128 3
49.393 128.466 195.062 16 18 15 128 3
55.504 61.936 259.138 17 18 15 133 4
55.504 61.936 259.138 18 18 15 133 4
155.498 61.737 317.325 19 18 15 95 1
155.498 61.737 317.325 20 18 15 95 1
301.963 33.650 283.431 1 19 15 151 3
195.922 71.395 265.444 2 19 15 143 1
301.963 33.650 283.431 3 19 15 151 3
301.963 33.650 283.431 4 19 15 151 3
339.340 88.072 342.375 5 19 15 118 2
339.340 88.072 342.375 6 19 15 118 2
285.444 157.695 134.775 7 19 15 4 1
26.497 127.045 205.538 8 19 15 58 1
26.497 127.045 205.538 9 19 15 58 1
49.393 128.466 195.062 10 19 15 128 3
49.393 128.466 195.062 11 19 15 128 3
49.393 128.466 195.062 12 19 15 128 3
49.393 128.466 195.062 13 19 15 128 3
49.393 128.466 195.062 14 19 15 128 3
49.393 128.466 195.062 15 19 15 128 3
49.393 128.466 195.062 16 19 15 128 3
55.504 61.936 259.138 17 19 15 133 4
55.504 61.936 259.138 18 19 15 133 4
288.778 92.253 151.283 19 19 15 93 1
288.778 92.253 151.283 20 19 15 93 1
191.940 146.321 151.044 1 20 15 111 2
195.922 71.395 265.444 2 20 15 143 1
301.963 33.650 283.431 3 20 15 151 3
301.963 33.650 283.431 4 20 15 151 3
339.340 88.072 342.375 5 20 15 118 2
339.340 88.072 342.375 6 20 15 118 2
285.444 157.695 134.775 7 20 15 4 1
26.497 127.045 205.538 8 20 15 58 1
49.393 128.466 195.062 9 20 15 128 3
49.393 128.466 195.062 10 20 15 128 3
49.393 128.466 195.062 11 20 15 128 3
49.393 128.466 195.062 12 20 15 128 3
49.393 128.466 195.062 13 20 15 128 3
49.393 128.466 195.062 14 20 15 128 3
49.393 128.466 195.062 15 20 15 128 3
49.393 128.466 195.062 16 20 15 128 3
55.504 61.936 259.138 17 20 15 133 4
55.504 61.936 259.138 18 20 15 133 4
288.778 92.253 151.283 19 20 15 93 1
171.383 141.054 343.126 20 20 15 109 2
