344.189 131.789 126.225 1 1 20 152 4
344.189 131.789 126.225 2 1 20 152 4
344.189 131.789 126.225 3 1 20 152 4
344.189 131.789 126.225 4 1 20 152 4
344.189 131.789 126.225 5 1 20 152 4
344.189 131.789 126.225 6 1 20 152 4
344.189 131.789 126.225 7 1 20 152 4
344.189 131.789 126.225 8 1 20 152 4
344.189 131.789 126.225 9 1 20 152 4
344.189 131.789 126.225 10 1 20 152 4
158.669 86.621 44.989 11 1 20 27 1
158.669 86.621 44.989 12 1 20 27 1
158.669 86.621 44.989 13 1 20 27 1
48.472 98.279 340.224 14 1 20 150 1
343.951 99.425 26.496 15 1 20 106 2
319.957 115.490 16.160 16 1 20 144 1
319.957 115.490 16.160 17 1 20 144 1
319.957 115.490 16.160 18 1 20 144 1
319.957 115.490 16.160 19 1 20 144 1
319.957 115.490 16.160 20 1 20 144 1
344.189 131.789 126.225 1 2 20 152 4
344.189 131.789 126.225 2 2 20 152 4
344.189 131.789 126.225 3 2 20 152 4
344.189 131.789 126.225 4 2 20 152 4
344.189 131.789 126.225 5 2 20 152 4
344.189 131.789 126.225 6 2 20 152 4
344.189 131.789 126.225 7 2 20 152 4
344.189 131.789 126.225 8 2 20 152 4
344.189 131.789 126.225 9 2 20 152 4
344.189 131.789 126.225 10 2 20 152 4
344.189 131.789 126.225 11 2 20 152 4
344.189 131.789 126.225 12 2 20 152 4
344.189 131.789 126.225 13 2 20 152 4
180.655 75.178 258.163 14 2 20 67 1
48.472 98.279 340.224 15 2 20 150 1
319.957 115.490 16.160 16 2 20 144 1
319.957 115.490 16.160 17 2 20 144 1
319.957 115.490 16.160 18 2 20 144 1
319.957 115.490 16.160 19 2 20 144 1
319.957 115.490 16.160 20 2 20 144 1
344.189 131.789 126.225 1 3 20 152 4
344.189 131.789 126.225 2 3 20 152 4
344.189 131.789 126.225 3 3 20 152 4
344.189 131.789 126.225 4 3 20 152 4
344.189 131.789 126.225 5 3 20 152 4
344.189 131.789 126.225 6 3 20 152 4
344.189 131.789 126.225 7 3 20 152 4
344.189 131.789 126.225 8 3 20 152 4
344.189 131.789 126.225 9 3 20 152 4
344.189 131.789 126.225 10 3 20 152 4
344.189 131.789 126.225 11 3 20 152 4
344.189 131.789 126.225 12 3 20 152 4
48.472 98.279 340.224 13 3 20 150 1
48.472 98.279 340.224 14 3 20 150 1
48.472 98.279 340.224 15 3 20 150 1
48.472 98.279 340.224 16 3 20 150 1
319.957 115.490 16.160 17 3 20 144 1
319.957 115.490 16.160 18 3 20 144 1
84.357 83.030 2.259 19 3 20 103 2
319.957 115.490 16.160 20 3 20 144 1
344.189 131.789 126.225 1 4 20 152 4
344.189 131.789 126.225 2 4 20 152 4
344.189 131.789 126.225 3 4 20 152 4
344.189 131.789 126.225 4 4 20 152 4
344.189 131.789 126.225 5 4 20 152 4
31.548 23.664 249.965 6 4 20 10 1
344.189 131.789 126.225 7 4 20 152 4
344.189 131.789 126.225 8 4 20 152 4
344.189 131.789 126.225 9 4 20 152 4
344.189 131.789 126.225 10 4 20 152 4
344.189 131.789 126.225 11 4 20 152 4
48.472 98.279 340.224 12 4 20 150 1
48.472 98.279 340.224 13 4 20 150 1
60.536 98.333 80.703 14 4 20 107 2
48.472 98.279 340.224 15 4 20 150 1
48.472 98.279 340.224 16 4 20 150 1
354.886 44.511 322.971 17 4 20 75 1
319.957 115.490 16.160 18 4 20 144 1
84.357 83.030 2.259 19 4 20 103 2
84.357 83.030 2.259 20 4 20 103 2
344.189 131.789 126.225 1 5 20 152 4
344.189 131.789 126.225 2 5 20 152 4
344.189 131.789 126.225 3 5 20 152 4
344.189 131.789 126.225 4 5 20 152 4
344.189 131.789 126.225 5 5 20 152 4
344.189 131.789 126.225 6 5 20 152 4
344.189 131.789 126.225 7 5 20 152 4
344.189 131.789 126.225 8 5 20 152 4
344.189 131.789 126.225 9 5 20 152 4
344.189 131.789 126.225 10 5 20 152 4
344.189 131.789 126.225 11 5 20 152 4
48.472 98.279 340.224 12 5 20 150 1
48.472 98.279 340.224 13 5 20 150 1
48.472 98.279 340.224 14 5 20 150 1
48.472 98.279 340.224 15 5 20 150 1
354.886 44.511 322.971 16 5 20 75 1
354.886 44.511 322.971 17 5 20 75 1
354.886 44.511 322.971 18 5 20 75 1
84.357 83.030 2.259 19 5 20 103 2
84.357 83.030 2.259 20 5 20 103 2
344.189 131.789 126.225 1 6 20 152 4
344.189 131.789 126.225 2 6 20 152 4
344.189 131.789 126.225 3 6 20 152 4
344.189 131.789 126.225 4 6 20 152 4
344.189 131.789 126.225 5 6 20 152 4
344.189 131.789 126.225 6 6 20 152 4
344.189 131.789 126.225 7 6 20 152 4
344.189 131.789 126.225 8 6 20 152 4
344.189 131.789 126.225 9 6 20 152 4
344.189 131.789 126.225 10 6 20 152 4
344.189 131.789 126.225 11 6 20 152 4
48.472 98.279 340.224 12 6 20 150 1
48.472 98.279 340.224 13 6 20 150 1
48.472 98.279 340.224 14 6 20 150 1
48.472 98.279 340.224 15 6 20 150 1
354.886 44.511 322.971 16 6 20 75 1
354.886 44.511 322.971 17 6 20 75 1
354.886 44.511 322.971 18 6 20 75 1
354.886 44.511 322.971 19 6 20 75 1
84.357 83.030 2.259 20 6 20 103 2
344.189 131.789 126.225 1 7 20 152 4
344.189 131.789 126.225 2 7 20 152 4
344.189 131.789 126.225 3 7 20 152 4
344.189 131.789 126.225 4 7 20 152 4
344.189 131.789 126.225 5 7 20 152 4
344.189 131.789 126.225 6 7 20 152 4
344.189 131.789 126.225 7 7 20 152 4
344.189 131.789 126.225 8 7 20 152 4
344.189 131.789 126.225 9 7 20 152 4
344.189 131.789 126.225 10 7 20 152 4
344.189 131.789 126.225 11 7 20 152 4
48.472 98.279 340.224 12 7 20 150 1
48.472 98.279 340.224 13 7 20 150 1
48.472 98.279 340.224 14 7 20 150 1
354.886 44.511 322.971 15 7 20 75 1
354.886 44.511 322.971 16 7 20 75 1
354.886 44.511 322.971 17 7 20 75 1
354.886 44.511 322.971 18 7 20 75 1
354.886 44.511 322.971 19 7 20 75 1
354.886 44.511 322.971 20 7 20 75 1
344.189 131.789 126.225 1 8 20 152 4
344.189 131.789 126.225 2 8 20 152 4
344.189 131.789 126.225 3 8 20 152 4
344.189 131.789 126.225 4 8 20 152 4
344.189 131.789 126.225 5 8 20 152 4
344.189 131.789 126.225 6 8 20 152 4
344.189 131.789 126.225 7 8 20 152 4
344.189 131.789 126.225 8 8 20 152 4
344.189 131.789 126.225 9 8 20 152 4
344.189 131.789 126.225 10 8 20 152 4
9.490 96.909 73.278 11 8 20 102 2
9.490 96.909 73.278 12 8 20 102 2
48.472 98.279 340.224 13 8 20 150 1
57.320 96.434 206.315 14 8 20 44 1
354.886 44.511 322.971 15 8 20 75 1
354.886 44.511 322.971 16 8 20 75 1
354.886 44.511 322.971 17 8 20 75 1
354.886 44.511 322.971 18 8 20 75 1
354.886 44.511 322.971 19 8 20 75 1
354.886 44.511 322.971 20 8 20 75 1
344.189 131.789 126.225 1 9 20 152 4
344.189 131.789 126.225 2 9 20 152 4
344.189 131.789 126.225 3 9 20 152 4
344.189 131.789 126.225 4 9 20 152 4
344.189 131.789 126.225 5 9 20 152 4
344.189 131.789 126.225 6 9 20 152 4
344.189 131.789 126.225 7 9 20 152 4
344.189 131.789 126.225 8 9 20 152 4
344.189 131.789 126.225 9 9 20 152 4
9.490 96.909 73.278 10 9 20 102 2
9.490 96.909 73.278 11 9 20 102 2
9.490 96.909 73.278 12 9 20 102 2
57.320 96.434 206.315 13 9 20 44 1
57.320 96.434 206.315 14 9 20 44 1
57.320 96.434 206.315 15 9 20 44 1
354.886 44.511 322.971 16 9 20 75 1
354.886 44.511 322.971 17 9 20 75 1
354.886 44.511 322.971 18 9 20 75 1
354.886 44.511 322.971 19 9 20 75 1
49.233 106.473 220.297 20 9 20 7 1
344.189 131.789 126.225 1 10 20 152 4
344.189 131.789 126.225 2 10 20 152 4
344.189 131.789 126.225 3 10 20 152 4
344.189 131.789 126.225 4 10 20 152 4
344.189 131.789 126.225 5 10 20 152 4
344.189 131.789 126.225 6 10 20 152 4
344.189 131.789 126.225 7 10 20 152 4
344.189 131.789 126.225 8 10 20 152 4
344.189 131.789 126.225 9 10 20 152 4
9.490 96.909 73.278 10 10 20 102 2
9.490 96.909 73.278 11 10 20 102 2
57.320 96.434 206.315 12 10 20 44 1
57.320 96.434 206.315 13 10 20 44 1
57.320 96.434 206.315 14 10 20 44 1
57.320 96.434 206.315 15 10 20 44 1
123.496 47.463 28.701 16 10 20 65 1
36.837 71.838 39.821 17 10 20 20 1
274.235 38.167 115.583 18 10 20 9 1
49.233 106.473 220.297 19 10 20 7 1
49.233 106.473 220.297 20 10 20 7 1
344.189 131.789 126.225 1 11 20 152 4
344.189 131.789 126.225 2 11 20 152 4
344.189 131.789 126.225 3 11 20 152 4
344.189 131.789 126.225 4 11 20 152 4
344.189 131.789 126.225 5 11 20 152 4
344.189 131.789 126.225 6 11 20 152 4
344.189 131.789 126.225 7 11 20 152 4
69.704 78.352 50.388 8 11 20 121 2
69.704 78.352 50.388 9 11 20 121 2
1.760 94.907 336.230 10 11 20 126 2
1.760 94.907 336.230 11 11 20 126 2
57.320 96.434 206.315 12 11 20 44 1
57.320 96.434 206.315 13 11 20 44 1
57.320 96.434 206.315 14 11 20 44 1
123.496 47.463 28.701 15 11 20 65 1
123.496 47.463 28.701 16 11 20 65 1
123.496 47.463 28.701 17 11 20 65 1
274.235 38.167 115.583 18 11 20 9 1
49.233 106.473 220.297 19 11 20 7 1
49.233 106.473 220.297 20 11 20 7 1
344.189 131.789 126.225 1 12 20 152 4
344.189 131.789 126.225 2 12 20 152 4
344.189 131.789 126.225 3 12 20 152 4
344.189 131.789 126.225 4 12 20 152 4
288.881 152.340 9.249 5 12 20 88 1
288.881 152.340 9.249 6 12 20 88 1
69.704 78.352 50.388 7 12 20 121 2
69.704 78.352 50.388 8 12 20 121 2
69.704 78.352 50.388 9 12 20 121 2
1.760 94.907 336.230 10 12 20 126 2
1.760 94.907 336.230 11 12 20 126 2
1.760 94.907 336.230 12 12 20 126 2
57.320 96.434 206.315 13 12 20 44 1
57.320 96.434 206.315 14 12 20 44 1
123.496 47.463 28.701 15 12 20 65 1
123.496 47.463 28.701 16 12 20 65 1
123.496 47.463 28.701 17 12 20 65 1
86.053 82.626 149.363 18 12 20 125 2
86.053 82.626 149.363 19 12 20 125 2
86.053 82.626 149.363 20 12 20 125 2
54.609 85.827 286.256 1 13 20 114 2
54.609 85.827 286.256 2 13 20 114 2
54.609 85.827 286.256 3 13 20 114 2
54.609 85.827 286.256 4 13 20 114 2
288.881 152.340 9.249 5 13 20 88 1
288.881 152.340 9.249 6 13 20 88 1
10.355 129.780 53.658 7 13 20 138 1
10.355 129.780 53.658 8 13 20 138 1
10.355 129.780 53.658 9 13 20 138 1
1.760 94.907 336.230 10 13 20 126 2
1.760 94.907 336.230 11 13 20 126 2
1.760 94.907 336.230 12 13 20 126 2
57.320 96.434 206.315 13 13 20 44 1
49.393 128.466 195.062 14 13 20 128 3
49.393 128.466 195.062 15 13 20 128 3
39.816 46.286 254.785 16 13 20 54 1
39.816 46.286 254.785 17 13 20 54 1
39.816 46.286 254.785 18 13 20 54 1
86.053 82.626 149.363 19 13 20 125 2
86.053 82.626 149.363 20 13 20 125 2
54.609 85.827 286.256 1 14 20 114 2
54.609 85.827 286.256 2 14 20 114 2
54.609 85.827 286.256 3 14 20 114 2
54.609 85.827 286.256 4 14 20 114 2
54.609 85.827 286.256 5 14 20 114 2
89.871 61.633 269.751 6 14 20 66 1
89.871 61.633 269.751 7 14 20 66 1
10.355 129.780 53.658 8 14 20 138 1
10.355 129.780 53.658 9 14 20 138 1
10.355 129.780 53.658 10 14 20 138 1
1.760 94.907 336.230 11 14 20 126 2
1.760 94.907 336.230 12 14 20 126 2
49.393 128.466 195.062 13 14 20 128 3
49.393 128.466 195.062 14 14 20 128 3
49.393 128.466 195.062 15 14 20 128 3
49.393 128.466 195.062 16 14 20 128 3
39.816 46.286 254.785 17 14 20 54 1
39.816 46.286 254.785 18 14 20 54 1
39.816 46.286 254.785 19 14 20 54 1
86.053 82.626 149.363 20 14 20 125 2
54.609 85.827 286.256 1 15 20 114 2
54.609 85.827 286.256 2 15 20 114 2
54.609 85.827 286.256 3 15 20 114 2
54.609 85.827 286.256 4 15 20 114 2
54.609 85.827 286.256 5 15 20 114 2
89.871 61.633 269.751 6 15 20 66 1
207.137 73.269 287.202 7 15 20 82 1
207.137 73.269 287.202 8 15 20 82 1
10.355 129.780 53.658 9 15 20 138 1
44.381 45.971 134.263 10 15 20 31 1
44.381 45.971 134.263 11 15 20 31 1
49.393 128.466 195.062 12 15 20 128 3
49.393 128.466 195.062 13 15 20 128 3
49.393 128.466 195.062 14 15 20 128 3
49.393 128.466 195.062 15 15 20 128 3
132.800 41.561 335.158 16 15 20 22 1
132.800 41.561 335.158 17 15 20 22 1
39.816 46.286 254.785 18 15 20 54 1
39.816 46.286 254.785 19 15 20 54 1
155.498 61.737 317.325 20 15 20 95 1
54.609 85.827 286.256 1 16 20 114 2
54.609 85.827 286.256 2 16 20 114 2
54.609 85.827 286.256 3 16 20 114 2
54.609 85.827 286.256 4 16 20 114 2
54.609 85.827 286.256 5 16 20 114 2
54.609 85.827 286.256 6 16 20 114 2
207.137 73.269 287.202 7 16 20 82 1
207.137 73.269 287.202 8 16 20 82 1
10.355 129.780 53.658 9 16 20 138 1
297.908 48.139 114.814 10 16 20 94 1
297.908 48.139 114.814 11 16 20 94 1
49.393 128.466 195.062 12 16 20 128 3
49.393 128.466 195.062 13 16 20 128 3
49.393 128.466 195.062 14 16 20 128 3
49.393 128.466 195.062 15 16 20 128 3
49.393 128.466 195.062 16 16 20 128 3
49.393 128.466 195.062 17 16 20 128 3
39.816 46.286 254.785 18 16 20 54 1
39.816 46.286 254.785 19 16 20 54 1
155.498 61.737 317.325 20 16 20 95 1
54.609 85.827 286.256 1 17 20 114 2
54.609 85.827 286.256 2 17 20 114 2
54.609 85.827 286.256 3 17 20 114 2
358.476 5.784 197.627 4 17 20 5 1
358.476 5.784 197.627 5 17 20 5 1
358.476 5.784 197.627 6 17 20 5 1
313.799 105.778 15.905 7 17 20 37 1
313.799 105.778 15.905 8 17 20 37 1
127.681 105.685 318.841 9 17 20 83 1
297.908 48.139 114.814 10 17 20 94 1
49.393 128.466 195.062 11 17 20 128 3
49.393 128.466 195.062 12 17 20 128 3
49.393 128.466 195.062 13 17 20 128 3
49.393 128.466 195.062 14 17 20 128 3
49.393 128.466 195.062 15 17 20 128 3
49.393 128.466 195.062 16 17 20 128 3
49.393 128.466 195.062 17 17 20 128 3
49.393 128.466 195.062 18 17 20 128 3
39.816 46.286 254.785 19 17 20 54 1
155.498 61.737 317.325 20 17 20 95 1
192.213 79.332 87.649 1 18 20 76 1
54.609 85.827 286.256 2 18 20 114 2
54.609 85.827 286.256 3 18 20 114 2
288.586 42.950 190.125 4 18 20 134 1
288.586 42.950 190.125 5 18 20 134 1
288.586 42.950 190.125 6 18 20 134 1
313.799 105.778 15.905 7 18 20 37 1
313.799 105.778 15.905 8 18 20 37 1
127.681 105.685 318.841 9 18 20 83 1
127.681 105.685 318.841 10 18 20 83 1
49.393 128.466 195.062 11 18 20 128 3
49.393 128.466 195.062 12 18 20 128 3
49.393 128.466 195.062 13 18 20 128 3
49.393 128.466 195.062 14 18 20 128 3
49.393 128.466 195.062 15 18 20 128 3
49.393 128.466 195.062 16 18 20 128 3
49.393 128.466 195.062 17 18 20 128 3
49.393 128.466 195.062 18 18 20 128 3
49.393 128.466 195.062 19 18 20 128 3
157.582 47.416 293.352 20 18 20 115 2
191.940 146.321 151.044 1 19 20 111 2
191.940 146.321 151.044 2 19 20 111 2
231.822 99.862 304.191 3 19 20 32 1
288.586 42.950 190.125 4 19 20 134 1
288.586 42.950 190.125 5 19 20 134 1
339.340 88.072 342.375 6 19 20 118 2
313.799 105.778 15.905 7 19 20 37 1
313.799 105.778 15.905 8 19 20 37 1
297.908 48.139 114.814 9 19 20 94 1
297.908 48.139 114.814 10 19 20 94 1
49.393 128.466 195.062 11 19 20 128 3
49.393 128.466 195.062 12 19 20 128 3
49.393 128.466 195.062 13 19 20 128 3
49.393 128.466 195.062 14 19 20 128 3
49.393 128.466 195.062 15 19 20 128 3
49.393 128.466 195.062 16 19 20 128 3
49.393 128.466 195.062 17 19 20 128 3
49.393 128.466 195.062 18 19 20 128 3
157.582 47.416 293.352 19 19 20 115 2
157.582 47.416 293.352 20 19 20 115 2
191.940 146.321 151.044 1 20 20 111 2
191.940 146.321 151.044 2 20 20 111 2
191.940 146.321 151.044 3 20 20 111 2
288.586 42.950 190.125 4 20 20 134 1
288.586 42.950 190.125 5 20 20 134 1
339.340 88.072 342.375 6 20 20 118 2
313.799 105.778 15.905 7 20 20 37 1
313.799 105.778 15.905 8 20 20 37 1
297.908 48.139 114.814 9 20 20 94 1
49.393 128.466 195.062 10 20 20 128 3
49.393 128.466 195.062 11 20 20 128 3
49.393 128.466 195.062 12 20 20 128 3
49.393 128.466 195.062 13 20 20 128 3
49.393 128.466 195.062 14 20 20 128 3
49.393 128.466 195.062 15 20 20 128 3
49.393 128.466 195.062 16 20 20 128 3
49.393 128.466 195.062 17 20 20 128 3
49.393 128.466 195.062 18 20 20 128 3
49.393 128.466 195.062 19 20 20 128 3
157.582 47.416 293.352 20 20 20 115 2
