230.083 116.318 246.040 1 1 8 129 3
230.083 116.318 246.040 2 1 8 129 3
230.083 116.318 246.040 3 1 8 129 3
230.083 116.318 246.040 4 1 8 129 3
230.083 116.318 246.040 5 1 8 129 3
230.083 116.318 246.040 6 1 8 129 3
230.083 116.318 246.040 7 1 8 129 3
272.166 107.631 241.984 8 1 8 127 2
272.166 107.631 241.984 9 1 8 127 2
272.166 107.631 241.984 10 1 8 127 2
272.166 107.631 241.984 11 1 8 127 2
272.166 107.631 241.984 12 1 8 127 2
272.166 107.631 241.984 13 1 8 127 2
60.347 77.651 262.712 14 1 8 69 1
60.347 77.651 262.712 15 1 8 69 1
185.398 135.995 332.954 16 1 8 68 1
107.062 126.225 288.796 17 1 8 71 1
107.062 126.225 288.796 18 1 8 71 1
107.062 126.225 288.796 19 1 8 71 1
107.062 126.225 288.796 20 1 8 71 1
230.083 116.318 246.040 1 2 8 129 3
230.083 116.318 246.040 2 2 8 129 3
230.083 116.318 246.040 3 2 8 129 3
230.083 116.318 246.040 4 2 8 129 3
230.083 116.318 246.040 5 2 8 129 3
230.083 116.318 246.040 6 2 8 129 3
230.083 116.318 246.040 7 2 8 129 3
272.166 107.631 241.984 8 2 8 127 2
272.166 107.631 241.984 9 2 8 127 2
272.166 107.631 241.984 10 2 8 127 2
272.166 107.631 241.984 11 2 8 127 2
272.166 107.631 241.984 12 2 8 127 2
272.166 107.631 241.984 13 2 8 127 2
60.347 77.651 262.712 14 2 8 69 1
60.347 77.651 262.712 15 2 8 69 1
185.398 135.995 332.954 16 2 8 68 1
185.398 135.995 332.954 17 2 8 68 1
107.062 126.225 288.796 18 2 8 71 1
107.062 126.225 288.796 19 2 8 71 1
107.062 126.225 288.796 20 2 8 71 1
230.083 116.318 246.040 1 3 8 129 3
230.083 116.318 246.040 2 3 8 129 3
230.083 116.318 246.040 3 3 8 129 3
230.083 116.318 246.040 4 3 8 129 3
230.083 116.318 246.040 5 3 8 129 3
230.083 116.318 246.040 6 3 8 129 3
272.166 107.631 241.984 7 3 8 127 2
272.166 107.631 241.984 8 3 8 127 2
272.166 107.631 241.984 9 3 8 127 2
272.166 107.631 241.984 10 3 8 127 2
272.166 107.631 241.984 11 3 8 127 2
272.166 107.631 241.984 12 3 8 127 2
272.166 107.631 241.984 13 3 8 127 2
60.347 77.651 262.712 14 3 8 69 1
60.347 77.651 262.712 15 3 8 69 1
331.667 137.159 252.883 16 3 8 74 1
331.667 137.159 252.883 17 3 8 74 1
107.062 126.225 288.796 18 3 8 71 1
107.062 126.225 288.796 19 3 8 71 1
107.062 126.225 288.796 20 3 8 71 1
230.083 116.318 246.040 1 4 8 129 3
230.083 116.318 246.040 2 4 8 129 3
230.083 116.318 246.040 3 4 8 129 3
230.083 116.318 246.040 4 4 8 129 3
230.083 116.318 246.040 5 4 8 129 3
230.083 116.318 246.040 6 4 8 129 3
272.166 107.631 241.984 7 4 8 127 2
272.166 107.631 241.984 8 4 8 127 2
272.166 107.631 241.984 9 4 8 127 2
272.166 107.631 241.984 10 4 8 127 2
272.166 107.631 241.984 11 4 8 127 2
272.166 107.631 241.984 12 4 8 127 2
272.166 107.631 241.984 13 4 8 127 2
272.166 107.631 241.984 14 4 8 127 2
272.166 107.631 241.984 15 4 8 127 2
46.599 67.232 263.631 16 4 8 55 1
207.130 113.219 335.463 17 4 8 53 1
103.646 86.688 349.824 18 4 8 59 1
107.062 126.225 288.796 19 4 8 71 1
107.062 126.225 288.796 20 4 8 71 1
230.083 116.318 246.040 1 5 8 129 3
230.083 116.318 246.040 2 5 8 129 3
230.083 116.318 246.040 3 5 8 129 3
230.083 116.318 246.040 4 5 8 129 3
230.083 116.318 246.040 5 5 8 129 3
230.083 116.318 246.040 6 5 8 129 3
230.083 116.318 246.040 7 5 8 129 3
272.166 107.631 241.984 8 5 8 127 2
272.166 107.631 241.984 9 5 8 127 2
272.166 107.631 241.984 10 5 8 127 2
272.166 107.631 241.984 11 5 8 127 2
272.166 107.631 241.984 12 5 8 127 2
272.166 107.631 241.984 13 5 8 127 2
272.166 107.631 241.984 14 5 8 127 2
272.166 107.631 241.984 15 5 8 127 2
46.599 67.232 263.631 16 5 8 55 1
207.130 113.219 335.463 17 5 8 53 1
207.130 113.219 335.463 18 5 8 53 1
207.130 113.219 335.463 19 5 8 53 1
107.062 126.225 288.796 20 5 8 71 1
230.083 116.318 246.040 1 6 8 129 3
230.083 116.318 246.040 2 6 8 129 3
230.083 116.318 246.040 3 6 8 129 3
230.083 116.318 246.040 4 6 8 129 3
230.083 116.318 246.040 5 6 8 129 3
230.083 116.318 246.040 6 6 8 129 3
230.083 116.318 246.040 7 6 8 129 3
304.624 80.351 86.021 8 6 8 73 1
272.166 107.631 241.984 9 6 8 127 2
55.065 72.176 179.559 10 6 8 137 1
272.166 107.631 241.984 11 6 8 127 2
272.166 107.631 241.984 12 6 8 127 2
272.166 107.631 241.984 13 6 8 127 2
272.166 107.631 241.984 14 6 8 127 2
207.130 113.219 335.463 15 6 8 53 1
207.130 113.219 335.463 16 6 8 53 1
207.130 113.219 335.463 17 6 8 53 1
207.130 113.219 335.463 18 6 8 53 1
207.130 113.219 335.463 19 6 8 53 1
207.130 113.219 335.463 20 6 8 53 1
230.083 116.318 246.040 1 7 8 129 3
230.083 116.318 246.040 2 7 8 129 3
230.083 116.318 246.040 3 7 8 129 3
230.083 116.318 246.040 4 7 8 129 3
230.083 116.318 246.040 5 7 8 129 3
230.083 116.318 246.040 6 7 8 129 3
230.083 116.318 246.040 7 7 8 129 3
272.166 107.631 241.984 8 7 8 127 2
272.166 107.631 241.984 9 7 8 127 2
272.166 107.631 241.984 10 7 8 127 2
272.166 107.631 241.984 11 7 8 127 2
272.166 107.631 241.984 12 7 8 127 2
122.072 116.172 8.684 13 7 8 34 1
272.166 107.631 241.984 14 7 8 127 2
207.130 113.219 335.463 15 7 8 53 1
207.130 113.219 335.463 16 7 8 53 1
207.130 113.219 335.463 17 7 8 53 1
207.130 113.219 335.463 18 7 8 53 1
207.130 113.219 335.463 19 7 8 53 1
207.130 113.219 335.463 20 7 8 53 1
230.083 116.318 246.040 1 8 8 129 3
230.083 116.318 246.040 2 8 8 129 3
230.083 116.318 246.040 3 8 8 129 3
230.083 116.318 246.040 4 8 8 129 3
230.083 116.318 246.040 5 8 8 129 3
230.083 116.318 246.040 6 8 8 129 3
230.083 116.318 246.040 7 8 8 129 3
247.816 163.514 62.505 8 8 8 51 1
272.166 107.631 241.984 9 8 8 127 2
272.166 107.631 241.984 10 8 8 127 2
205.698 157.192 161.390 11 8 8 131 4
122.072 116.172 8.684 12 8 8 34 1
122.072 116.172 8.684 13 8 8 34 1
205.698 157.192 161.390 14 8 8 131 4
207.130 113.219 335.463 15 8 8 53 1
207.130 113.219 335.463 16 8 8 53 1
207.130 113.219 335.463 17 8 8 53 1
207.130 113.219 335.463 18 8 8 53 1
183.468 42.246 131.964 19 8 8 12 1
81.443 131.834 18.383 20 8 8 11 1
90.772 133.962 228.089 1 9 8 130 4
90.772 133.962 228.089 2 9 8 130 4
230.083 116.318 246.040 3 9 8 129 3
230.083 116.318 246.040 4 9 8 129 3
230.083 116.318 246.040 5 9 8 129 3
230.083 116.318 246.040 6 9 8 129 3
230.083 116.318 246.040 7 9 8 129 3
247.816 163.514 62.505 8 9 8 51 1
248.879 114.105 175.518 9 9 8 108 2
205.698 157.192 161.390 10 9 8 131 4
205.698 157.192 161.390 11 9 8 131 4
205.698 157.192 161.390 12 9 8 131 4
205.698 157.192 161.390 13 9 8 131 4
205.698 157.192 161.390 14 9 8 131 4
205.698 157.192 161.390 15 9 8 131 4
207.130 113.219 335.463 16 9 8 53 1
207.130 113.219 335.463 17 9 8 53 1
81.443 131.834 18.383 18 9 8 11 1
81.443 131.834 18.383 19 9 8 11 1
183.468 42.246 131.964 20 9 8 12 1
90.772 133.962 228.089 1 10 8 130 4
90.772 133.962 228.089 2 10 8 130 4
90.772 133.962 228.089 3 10 8 130 4
230.083 116.318 246.040 4 10 8 129 3
230.083 116.318 246.040 5 10 8 129 3
40.269 117.344 193.242 6 10 8 45 1
40.269 117.344 193.242 7 10 8 45 1
248.879 114.105 175.518 8 10 8 108 2
248.879 114.105 175.518 9 10 8 108 2
248.879 114.105 175.518 10 10 8 108 2
205.698 157.192 161.390 11 10 8 131 4
205.698 157.192 161.390 12 10 8 131 4
205.698 157.192 161.390 13 10 8 131 4
205.698 157.192 161.390 14 10 8 131 4
205.698 157.192 161.390 15 10 8 131 4
207.130 113.219 335.463 16 10 8 53 1
207.130 113.219 335.463 17 10 8 53 1
81.443 131.834 18.383 18 10 8 11 1
81.443 131.834 18.383 19 10 8 11 1
183.468 42.246 131.964 20 10 8 12 1
90.772 133.962 228.089 1 11 8 130 4
90.772 133.962 228.089 2 11 8 130 4
90.772 133.962 228.089 3 11 8 130 4
90.772 133.962 228.089 4 11 8 130 4
230.083 116.318 246.040 5 11 8 129 3
40.269 117.344 193.242 6 11 8 45 1
205.698 157.192 161.390 7 11 8 131 4
248.879 114.105 175.518 8 11 8 108 2
248.879 114.105 175.518 9 11 8 108 2
248.879 114.105 175.518 10 11 8 108 2
248.879 114.105 175.518 11 11 8 108 2
205.698 157.192 161.390 12 11 8 131 4
205.698 157.192 161.390 13 11 8 131 4
205.698 157.192 161.390 14 11 8 131 4
205.698 157.192 161.390 15 11 8 131 4
205.698 157.192 161.390 16 11 8 131 4
205.698 157.192 161.390 17 11 8 131 4
240.922 124.155 198.249 18 11 8 132 4
240.922 124.155 198.249 19 11 8 132 4
240.922 124.155 198.249 20 11 8 132 4
90.772 133.962 228.089 1 12 8 130 4
90.772 133.962 228.089 2 12 8 130 4
90.772 133.962 228.089 3 12 8 130 4
90.772 133.962 228.089 4 12 8 130 4
90.772 133.962 228.089 5 12 8 130 4
90.772 133.962 228.089 6 12 8 130 4
205.698 157.192 161.390 7 12 8 131 4
205.698 157.192 161.390 8 12 8 131 4
205.698 157.192 161.390 9 12 8 131 4
205.698 157.192 161.390 10 12 8 131 4
248.879 114.105 175.518 11 12 8 108 2
205.698 157.192 161.390 12 12 8 131 4
205.698 157.192 161.390 13 12 8 131 4
205.698 157.192 161.390 14 12 8 131 4
55.504 61.936 259.138 15 12 8 133 4
55.504 61.936 259.138 16 12 8 133 4
55.504 61.936 259.138 17 12 8 133 4
101.440 43.092 14.834 18 12 8 25 1
101.440 43.092 14.834 19 12 8 25 1
101.440 43.092 14.834 20 12 8 25 1
90.772 133.962 228.089 1 13 8 130 4
90.772 133.962 228.089 2 13 8 130 4
90.772 133.962 228.089 3 13 8 130 4
90.772 133.962 228.089 4 13 8 130 4
90.772 133.962 228.089 5 13 8 130 4
90.772 133.962 228.089 6 13 8 130 4
234.443 124.124 24.588 7 13 8 90 1
234.443 124.124 24.588 8 13 8 90 1
205.698 157.192 161.390 9 13 8 131 4
205.698 157.192 161.390 10 13 8 131 4
205.698 157.192 161.390 11 13 8 131 4
205.698 157.192 161.390 12 13 8 131 4
55.504 61.936 259.138 13 13 8 133 4
55.504 61.936 259.138 14 13 8 133 4
55.504 61.936 259.138 15 13 8 133 4
55.504 61.936 259.138 16 13 8 133 4
55.504 61.936 259.138 17 13 8 133 4
101.440 43.092 14.834 18 13 8 25 1
101.440 43.092 14.834 19 13 8 25 1
101.440 43.092 14.834 20 13 8 25 1
90.772 133.962 228.089 1 14 8 130 4
90.772 133.962 228.089 2 14 8 130 4
90.772 133.962 228.089 3 14 8 130 4
90.772 133.962 228.089 4 14 8 130 4
90.772 133.962 228.089 5 14 8 130 4
41.794 52.006 67.383 6 14 8 89 1
41.794 52.006 67.383 7 14 8 89 1
234.443 124.124 24.588 8 14 8 90 1
48.875 49.511 258.288 9 14 8 124 2
48.875 49.511 258.288 10 14 8 124 2
48.875 49.511 258.288 11 14 8 124 2
55.504 61.936 259.138 12 14 8 133 4
55.504 61.936 259.138 13 14 8 133 4
55.504 61.936 259.138 14 14 8 133 4
55.504 61.936 259.138 15 14 8 133 4
55.504 61.936 259.138 16 14 8 133 4
55.504 61.936 259.138 17 14 8 133 4
55.504 61.936 259.138 18 14 8 133 4
55.504 61.936 259.138 19 14 8 133 4
55.504 61.936 259.138 20 14 8 133 4
90.772 133.962 228.089 1 15 8 130 4
90.772 133.962 228.089 2 15 8 130 4
90.772 133.962 228.089 3 15 8 130 4
90.772 133.962 228.089 4 15 8 130 4
90.772 133.962 228.089 5 15 8 130 4
90.772 133.962 228.089 6 15 8 130 4
83.130 84.153 299.339 7 15 8 61 1
83.130 84.153 299.339 8 15 8 61 1
83.130 84.153 299.339 9 15 8 61 1
48.875 49.511 258.288 10 15 8 124 2
55.504 61.936 259.138 11 15 8 133 4
55.504 61.936 259.138 12 15 8 133 4
55.504 61.936 259.138 13 15 8 133 4
55.504 61.936 259.138 14 15 8 133 4
55.504 61.936 259.138 15 15 8 133 4
55.504 61.936 259.138 16 15 8 133 4
55.504 61.936 259.138 17 15 8 133 4
55.504 61.936 259.138 18 15 8 133 4
55.504 61.936 259.138 19 15 8 133 4
55.504 61.936 259.138 20 15 8 133 4
90.772 133.962 228.089 1 16 8 130 4
90.772 133.962 228.089 2 16 8 130 4
90.772 133.962 228.089 3 16 8 130 4
90.772 133.962 228.089 4 16 8 130 4
90.772 133.962 228.089 5 16 8 130 4
90.772 133.962 228.089 6 16 8 130 4
83.130 84.153 299.339 7 16 8 61 1
83.130 84.153 299.339 8 16 8 61 1
83.130 84.153 299.339 9 16 8 61 1
55.504 61.936 259.138 10 16 8 133 4
55.504 61.936 259.138 11 16 8 133 4
55.504 61.936 259.138 12 16 8 133 4
55.504 61.936 259.138 13 16 8 133 4
55.504 61.936 259.138 14 16 8 133 4
55.504 61.936 259.138 15 16 8 133 4
55.504 61.936 259.138 16 16 8 133 4
55.504 61.936 259.138 17 16 8 133 4
55.504 61.936 259.138 18 16 8 133 4
55.504 61.936 259.138 19 16 8 133 4
55.504 61.936 259.138 20 16 8 133 4
301.963 33.650 283.431 1 17 8 151 3
90.772 133.962 228.089 2 17 8 130 4
90.772 133.962 228.089 3 17 8 130 4
90.772 133.962 228.089 4 17 8 130 4
90.772 133.962 228.089 5 17 8 130 4
90.772 133.962 228.089 6 17 8 130 4
90.772 133.962 228.089 7 17 8 130 4
83.130 84.153 299.339 8 17 8 61 1
83.130 84.153 299.339 9 17 8 61 1
55.504 61.936 259.138 10 17 8 133 4
55.504 61.936 259.138 11 17 8 133 4
55.504 61.936 259.138 12 17 8 133 4
55.504 61.936 259.138 13 17 8 133 4
55.504 61.936 259.138 14 17 8 133 4
55.504 61.936 259.138 15 17 8 133 4
55.504 61.936 259.138 16 17 8 133 4
55.504 61.936 259.138 17 17 8 133 4
55.504 61.936 259.138 18 17 8 133 4
55.504 61.936 259.138 19 17 8 133 4
55.504 61.936 259.138 20 17 8 133 4
301.963 33.650 283.431 1 18 8 151 3
301.963 33.650 283.431 2 18 8 151 3
301.963 33.650 283.431 3 18 8 151 3
301.963 33.650 283.431 4 18 8 151 3
301.963 33.650 283.431 5 18 8 151 3
301.963 33.650 283.431 6 18 8 151 3
301.963 33.650 283.431 7 18 8 151 3
301.963 33.650 283.431 8 18 8 151 3
55.504 61.936 259.138 9 18 8 133 4
55.504 61.936 259.138 10 18 8 133 4
55.504 61.936 259.138 11 18 8 133 4
55.504 61.936 259.138 12 18 8 133 4
55.504 61.936 259.138 13 18 8 133 4
55.504 61.936 259.138 14 18 8 133 4
55.504 61.936 259.138 15 18 8 133 4
55.504 61.936 259.138 16 18 8 133 4
55.504 61.936 259.138 17 18 8 133 4
55.504 61.936 259.138 18 18 8 133 4
55.504 61.936 259.138 19 18 8 133 4
55.504 61.936 259.138 20 18 8 133 4
301.963 33.650 283.431 1 19 8 151 3
301.963 33.650 283.431 2 19 8 151 3
301.963 33.650 283.431 3 19 8 151 3
301.963 33.650 283.431 4 19 8 151 3
301.963 33.650 283.431 5 19 8 151 3
301.963 33.650 283.431 6 19 8 151 3
301.963 33.650 283.431 7 19 8 151 3
301.963 33.650 283.431 8 19 8 151 3
301.963 33.650 283.431 9 19 8 151 3
55.504 61.936 259.138 10 19 8 133 4
55.504 61.936 259.138 11 19 8 133 4
55.504 61.936 259.138 12 19 8 133 4
55.504 61.936 259.138 13 19 8 133 4
55.504 61.936 259.138 14 19 8 133 4
55.504 61.936 259.138 15 19 8 133 4
55.504 61.936 259.138 16 19 8 133 4
55.504 61.936 259.138 17 19 8 133 4
55.504 61.936 259.138 18 19 8 133 4
55.504 61.936 259.138 19 19 8 133 4
55.504 61.936 259.138 20 19 8 133 4
301.963 33.650 283.431 1 20 8 151 3
301.963 33.650 283.431 2 20 8 151 3
301.963 33.650 283.431 3 20 8 151 3
301.963 33.650 283.431 4 20 8 151 3
301.963 33.650 283.431 5 20 8 151 3
301.963 33.650 283.431 6 20 8 151 3
301.963 33.650 283.431 7 20 8 151 3
301.963 33.650 283.431 8 20 8 151 3
301.963 33.650 283.431 9 20 8 151 3
55.504 61.936 259.138 10 20 8 133 4
55.504 61.936 259.138 11 20 8 133 4
55.504 61.936 259.138 12 20 8 133 4
55.504 61.936 259.138 13 20 8 133 4
55.504 61.936 259.138 14 20 8 133 4
55.504 61.936 259.138 15 20 8 133 4
55.504 61.936 259.138 16 20 8 133 4
55.504 61.936 259.138 17 20 8 133 4
55.504 61.936 259.138 18 20 8 133 4
55.504 61.936 259.138 19 20 8 133 4
171.383 141.054 343.126 20 20 8 109 2
