230.083 116.318 246.040 1 1 7 129 3
230.083 116.318 246.040 2 1 7 129 3
230.083 116.318 246.040 3 1 7 129 3
230.083 116.318 246.040 4 1 7 129 3
230.083 116.318 246.040 5 1 7 129 3
230.083 116.318 246.040 6 1 7 129 3
230.083 116.318 246.040 7 1 7 129 3
272.166 107.631 241.984 8 1 7 127 2
272.166 107.631 241.984 9 1 7 127 2
272.166 107.631 241.984 10 1 7 127 2
272.166 107.631 241.984 11 1 7 127 2
272.166 107.631 241.984 12 1 7 127 2
272.166 107.631 241.984 13 1 7 127 2
272.166 107.631 241.984 14 1 7 127 2
272.166 107.631 241.984 15 1 7 127 2
272.166 107.631 241.984 16 1 7 127 2
107.062 126.225 288.796 17 1 7 71 1
107.062 126.225 288.796 18 1 7 71 1
107.062 126.225 288.796 19 1 7 71 1
107.062 126.225 288.796 20 1 7 71 1
230.083 116.318 246.040 1 2 7 129 3
230.083 116.318 246.040 2 2 7 129 3
230.083 116.318 246.040 3 2 7 129 3
230.083 116.318 246.040 4 2 7 129 3
230.083 116.318 246.040 5 2 7 129 3
230.083 116.318 246.040 6 2 7 129 3
230.083 116.318 246.040 7 2 7 129 3
272.166 107.631 241.984 8 2 7 127 2
272.166 107.631 241.984 9 2 7 127 2
272.166 107.631 241.984 10 2 7 127 2
272.166 107.631 241.984 11 2 7 127 2
272.166 107.631 241.984 12 2 7 127 2
272.166 107.631 241.984 13 2 7 127 2
272.166 107.631 241.984 14 2 7 127 2
272.166 107.631 241.984 15 2 7 127 2
272.166 107.631 241.984 16 2 7 127 2
51.572 89.771 113.885 17 2 7 147 1
51.572 89.771 113.885 18 2 7 147 1
51.572 89.771 113.885 19 2 7 147 1
107.062 126.225 288.796 20 2 7 71 1
230.083 116.318 246.040 1 3 7 129 3
230.083 116.318 246.040 2 3 7 129 3
230.083 116.318 246.040 3 3 7 129 3
230.083 116.318 246.040 4 3 7 129 3
230.083 116.318 246.040 5 3 7 129 3
230.083 116.318 246.040 6 3 7 129 3
230.083 116.318 246.040 7 3 7 129 3
272.166 107.631 241.984 8 3 7 127 2
272.166 107.631 241.984 9 3 7 127 2
272.166 107.631 241.984 10 3 7 127 2
272.166 107.631 241.984 11 3 7 127 2
272.166 107.631 241.984 12 3 7 127 2
272.166 107.631 241.984 13 3 7 127 2
272.166 107.631 241.984 14 3 7 127 2
272.166 107.631 241.984 15 3 7 127 2
272.166 107.631 241.984 16 3 7 127 2
51.572 89.771 113.885 17 3 7 147 1
51.572 89.771 113.885 18 3 7 147 1
51.572 89.771 113.885 19 3 7 147 1
51.572 89.771 113.885 20 3 7 147 1
230.083 116.318 246.040 1 4 7 129 3
230.083 116.318 246.040 2 4 7 129 3
230.083 116.318 246.040 3 4 7 129 3
230.083 116.318 246.040 4 4 7 129 3
230.083 116.318 246.040 5 4 7 129 3
230.083 116.318 246.040 6 4 7 129 3
230.083 116.318 246.040 7 4 7 129 3
272.166 107.631 241.984 8 4 7 127 2
272.166 107.631 241.984 9 4 7 127 2
272.166 107.631 241.984 10 4 7 127 2
272.166 107.631 241.984 11 4 7 127 2
272.166 107.631 241.984 12 4 7 127 2
272.166 107.631 241.984 13 4 7 127 2
272.166 107.631 241.984 14 4 7 127 2
272.166 107.631 241.984 15 4 7 127 2
46.599 67.232 263.631 16 4 7 55 1
103.646 86.688 349.824 17 4 7 59 1
103.646 86.688 349.824 18 4 7 59 1
51.572 89.771 113.885 19 4 7 147 1
103.646 86.688 349.824 20 4 7 59 1
230.083 116.318 246.040 1 5 7 129 3
230.083 116.318 246.040 2 5 7 129 3
230.083 116.318 246.040 3 5 7 129 3
230.083 116.318 246.040 4 5 7 129 3
230.083 116.318 246.040 5 5 7 129 3
230.083 116.318 246.040 6 5 7 129 3
230.083 116.318 246.040 7 5 7 129 3
272.166 107.631 241.984 8 5 7 127 2
272.166 107.631 241.984 9 5 7 127 2
272.166 107.631 241.984 10 5 7 127 2
272.166 107.631 241.984 11 5 7 127 2
272.166 107.631 241.984 12 5 7 127 2
272.166 107.631 241.984 13 5 7 127 2
272.166 107.631 241.984 14 5 7 127 2
272.166 107.631 241.984 15 5 7 127 2
46.599 67.232 263.631 16 5 7 55 1
207.130 113.219 335.463 17 5 7 53 1
103.646 86.688 349.824 18 5 7 59 1
103.646 86.688 349.824 19 5 7 59 1
103.646 86.688 349.824 20 5 7 59 1
230.083 116.318 246.040 1 6 7 129 3
230.083 116.318 246.040 2 6 7 129 3
230.083 116.318 246.040 3 6 7 129 3
230.083 116.318 246.040 4 6 7 129 3
230.083 116.318 246.040 5 6 7 129 3
230.083 116.318 246.040 6 6 7 129 3
230.083 116.318 246.040 7 6 7 129 3
272.166 107.631 241.984 8 6 7 127 2
272.166 107.631 241.984 9 6 7 127 2
272.166 107.631 241.984 10 6 7 127 2
272.166 107.631 241.984 11 6 7 127 2
272.166 107.631 241.984 12 6 7 127 2
272.166 107.631 241.984 13 6 7 127 2
272.166 107.631 241.984 14 6 7 127 2
272.166 107.631 241.984 15 6 7 127 2
207.130 113.219 335.463 16 6 7 53 1
207.130 113.219 335.463 17 6 7 53 1
207.130 113.219 335.463 18 6 7 53 1
207.130 113.219 335.463 19 6 7 53 1
207.130 113.219 335.463 20 6 7 53 1
230.083 116.318 246.040 1 7 7 129 3
230.083 116.318 246.040 2 7 7 129 3
230.083 116.318 246.040 3 7 7 129 3
230.083 116.318 246.040 4 7 7 129 3
230.083 116.318 246.040 5 7 7 129 3
230.083 116.318 246.040 6 7 7 129 3
230.083 116.318 246.040 7 7 7 129 3
272.166 107.631 241.984 8 7 7 127 2
272.166 107.631 241.984 9 7 7 127 2
272.166 107.631 241.984 10 7 7 127 2
272.166 107.631 241.984 11 7 7 127 2
122.072 116.172 8.684 12 7 7 34 1
122.072 116.172 8.684 13 7 7 34 1
272.166 107.631 241.984 14 7 7 127 2
207.130 113.219 335.463 15 7 7 53 1
207.130 113.219 335.463 16 7 7 53 1
207.130 113.219 335.463 17 7 7 53 1
207.130 113.219 335.463 18 7 7 53 1
183.468 42.246 131.964 19 7 7 12 1
183.468 42.246 131.964 20 7 7 12 1
230.083 116.318 246.040 1 8 7 129 3
230.083 116.318 246.040 2 8 7 129 3
230.083 116.318 246.040 3 8 7 129 3
230.083 116.318 246.040 4 8 7 129 3
230.083 116.318 246.040 5 8 7 129 3
230.083 116.318 246.040 6 8 7 129 3
230.083 116.318 246.040 7 8 7 129 3
230.083 116.318 246.040 8 8 7 129 3
272.166 107.631 241.984 9 8 7 127 2
272.166 107.631 241.984 10 8 7 127 2
272.166 107.631 241.984 11 8 7 127 2
122.072 116.172 8.684 12 8 7 34 1
122.072 116.172 8.684 13 8 7 34 1
122.072 116.172 8.684 14 8 7 34 1
207.130 113.219 335.463 15 8 7 53 1
207.130 113.219 335.463 16 8 7 53 1
207.130 113.219 335.463 17 8 7 53 1
207.130 113.219 335.463 18 8 7 53 1
81.443 131.834 18.383 19 8 7 11 1
81.443 131.834 18.383 20 8 7 11 1
90.772 133.962 228.089 1 9 7 130 4
90.772 133.962 228.089 2 9 7 130 4
230.083 116.318 246.040 3 9 7 129 3
230.083 116.318 246.040 4 9 7 129 3
230.083 116.318 246.040 5 9 7 129 3
230.083 116.318 246.040 6 9 7 129 3
230.083 116.318 246.040 7 9 7 129 3
230.083 116.318 246.040 8 9 7 129 3
287.306 59.729 128.444 9 9 7 52 1
248.879 114.105 175.518 10 9 7 108 2
248.879 114.105 175.518 11 9 7 108 2
122.072 116.172 8.684 12 9 7 34 1
240.922 124.155 198.249 13 9 7 132 4
240.922 124.155 198.249 14 9 7 132 4
240.922 124.155 198.249 15 9 7 132 4
207.130 113.219 335.463 16 9 7 53 1
207.130 113.219 335.463 17 9 7 53 1
207.130 113.219 335.463 18 9 7 53 1
81.443 131.834 18.383 19 9 7 11 1
81.443 131.834 18.383 20 9 7 11 1
90.772 133.962 228.089 1 10 7 130 4
90.772 133.962 228.089 2 10 7 130 4
90.772 133.962 228.089 3 10 7 130 4
230.083 116.318 246.040 4 10 7 129 3
230.083 116.318 246.040 5 10 7 129 3
230.083 116.318 246.040 6 10 7 129 3
230.083 116.318 246.040 7 10 7 129 3
248.879 114.105 175.518 8 10 7 108 2
248.879 114.105 175.518 9 10 7 108 2
248.879 114.105 175.518 10 10 7 108 2
248.879 114.105 175.518 11 10 7 108 2
248.879 114.105 175.518 12 10 7 108 2
240.922 124.155 198.249 13 10 7 132 4
240.922 124.155 198.249 14 10 7 132 4
240.922 124.155 198.249 15 10 7 132 4
240.922 124.155 198.249 16 10 7 132 4
240.922 124.155 198.249 17 10 7 132 4
240.922 124.155 198.249 18 10 7 132 4
240.922 124.155 198.249 19 10 7 132 4
240.922 124.155 198.249 20 10 7 132 4
90.772 133.962 228.089 1 11 7 130 4
90.772 133.962 228.089 2 11 7 130 4
90.772 133.962 228.089 3 11 7 130 4
90.772 133.962 228.089 4 11 7 130 4
230.083 116.318 246.040 5 11 7 129 3
230.083 116.318 246.040 6 11 7 129 3
230.083 116.318 246.040 7 11 7 129 3
248.879 114.105 175.518 8 11 7 108 2
248.879 114.105 175.518 9 11 7 108 2
248.879 114.105 175.518 10 11 7 108 2
248.879 114.105 175.518 11 11 7 108 2
248.879 114.105 175.518 12 11 7 108 2
248.879 114.105 175.518 13 11 7 108 2
240.922 124.155 198.249 14 11 7 132 4
240.922 124.155 198.249 15 11 7 132 4
240.922 124.155 198.249 16 11 7 132 4
240.922 124.155 198.249 17 11 7 132 4
240.922 124.155 198.249 18 11 7 132 4
240.922 124.155 198.249 19 11 7 132 4
240.922 124.155 198.249 20 11 7 132 4
90.772 133.962 228.089 1 12 7 130 4
90.772 133.962 228.089 2 12 7 130 4
90.772 133.962 228.089 3 12 7 130 4
90.772 133.962 228.089 4 12 7 130 4
90.772 133.962 228.089 5 12 7 130 4
90.772 133.962 228.089 6 12 7 130 4
90.772 133.962 228.089 7 12 7 130 4
248.879 114.105 175.518 8 12 7 108 2
248.879 114.105 175.518 9 12 7 108 2
248.879 114.105 175.518 10 12 7 108 2
248.879 114.105 175.518 11 12 7 108 2
248.879 114.105 175.518 12 12 7 108 2
248.879 114.105 175.518 13 12 7 108 2
55.504 61.936 259.138 14 12 7 133 4
240.922 124.155 198.249 15 12 7 132 4
240.922 124.155 198.249 16 12 7 132 4
240.922 124.155 198.249 17 12 7 132 4
240.922 124.155 198.249 18 12 7 132 4
240.922 124.155 198.249 19 12 7 132 4
240.922 124.155 198.249 20 12 7 132 4
90.772 133.962 228.089 1 13 7 130 4
90.772 133.962 228.089 2 13 7 130 4
90.772 133.962 228.089 3 13 7 130 4
90.772 133.962 228.089 4 13 7 130 4
90.772 133.962 228.089 5 13 7 130 4
90.772 133.962 228.089 6 13 7 130 4
90.772 133.962 228.089 7 13 7 130 4
234.443 124.124 24.588 8 13 7 90 1
248.879 114.105 175.518 9 13 7 108 2
248.879 114.105 175.518 10 13 7 108 2
248.879 114.105 175.518 11 13 7 108 2
248.879 114.105 175.518 12 13 7 108 2
55.504 61.936 259.138 13 13 7 133 4
55.504 61.936 259.138 14 13 7 133 4
55.504 61.936 259.138 15 13 7 133 4
55.504 61.936 259.138 16 13 7 133 4
55.504 61.936 259.138 17 13 7 133 4
55.504 61.936 259.138 18 13 7 133 4
55.504 61.936 259.138 19 13 7 133 4
55.504 61.936 259.138 20 13 7 133 4
90.772 133.962 228.089 1 14 7 130 4
90.772 133.962 228.089 2 14 7 130 4
90.772 133.962 228.089 3 14 7 130 4
90.772 133.962 228.089 4 14 7 130 4
90.772 133.962 228.089 5 14 7 130 4
90.772 133.962 228.089 6 14 7 130 4
90.772 133.962 228.089 7 14 7 130 4
307.644 55.479 181.820 8 14 7 35 1
48.875 49.511 258.288 9 14 7 124 2
48.875 49.511 258.288 10 14 7 124 2
55.504 61.936 259.138 11 14 7 133 4
55.504 61.936 259.138 12 14 7 133 4
55.504 61.936 259.138 13 14 7 133 4
55.504 61.936 259.138 14 14 7 133 4
55.504 61.936 259.138 15 14 7 133 4
55.504 61.936 259.138 16 14 7 133 4
55.504 61.936 259.138 17 14 7 133 4
55.504 61.936 259.138 18 14 7 133 4
55.504 61.936 259.138 19 14 7 133 4
55.504 61.936 259.138 20 14 7 133 4
90.772 133.962 228.089 1 15 7 130 4
90.772 133.962 228.089 2 15 7 130 4
90.772 133.962 228.089 3 15 7 130 4
90.772 133.962 228.089 4 15 7 130 4
90.772 133.962 228.089 5 15 7 130 4
90.772 133.962 228.089 6 15 7 130 4
90.772 133.962 228.089 7 15 7 130 4
83.130 84.153 299.339 8 15 7 61 1
83.130 84.153 299.339 9 15 7 61 1
55.504 61.936 259.138 10 15 7 133 4
55.504 61.936 259.138 11 15 7 133 4
55.504 61.936 259.138 12 15 7 133 4
55.504 61.936 259.138 13 15 7 133 4
55.504 61.936 259.138 14 15 7 133 4
55.504 61.936 259.138 15 15 7 133 4
55.504 61.936 259.138 16 15 7 133 4
55.504 61.936 259.138 17 15 7 133 4
55.504 61.936 259.138 18 15 7 133 4
55.504 61.936 259.138 19 15 7 133 4
55.504 61.936 259.138 20 15 7 133 4
90.772 133.962 228.089 1 16 7 130 4
90.772 133.962 228.089 2 16 7 130 4
90.772 133.962 228.089 3 16 7 130 4
90.772 133.962 228.089 4 16 7 130 4
90.772 133.962 228.089 5 16 7 130 4
90.772 133.962 228.089 6 16 7 130 4
90.772 133.962 228.089 7 16 7 130 4
83.130 84.153 299.339 8 16 7 61 1
83.130 84.153 299.339 9 16 7 61 1
55.504 61.936 259.138 10 16 7 133 4
55.504 61.936 259.138 11 16 7 133 4
55.504 61.936 259.138 12 16 7 133 4
55.504 61.936 259.138 13 16 7 133 4
55.504 61.936 259.138 14 16 7 133 4
55.504 61.936 259.138 15 16 7 133 4
55.504 61.936 259.138 16 16 7 133 4
55.504 61.936 259.138 17 16 7 133 4
55.504 61.936 259.138 18 16 7 133 4
55.504 61.936 259.138 19 16 7 133 4
55.504 61.936 259.138 20 16 7 133 4
90.772 133.962 228.089 1 17 7 130 4
90.772 133.962 228.089 2 17 7 130 4
90.772 133.962 228.089 3 17 7 130 4
90.772 133.962 228.089 4 17 7 130 4
90.772 133.962 228.089 5 17 7 130 4
90.772 133.962 228.089 6 17 7 130 4
90.772 133.962 228.089 7 17 7 130 4
55.504 61.936 259.138 8 17 7 133 4
55.504 61.936 259.138 9 17 7 133 4
55.504 61.936 259.138 10 17 7 133 4
55.504 61.936 259.138 11 17 7 133 4
55.504 61.936 259.138 12 17 7 133 4
55.504 61.936 259.138 13 17 7 133 4
55.504 61.936 259.138 14 17 7 133 4
55.504 61.936 259.138 15 17 7 133 4
55.504 61.936 259.138 16 17 7 133 4
55.504 61.936 259.138 17 17 7 133 4
55.504 61.936 259.138 18 17 7 133 4
55.504 61.936 259.138 19 17 7 133 4
55.504 61.936 259.138 20 17 7 133 4
301.963 33.650 283.431 1 18 7 151 3
301.963 33.650 283.431 2 18 7 151 3
90.772 133.962 228.089 3 18 7 130 4
90.772 133.962 228.089 4 18 7 130 4
90.772 133.962 228.089 5 18 7 130 4
90.772 133.962 228.089 6 18 7 130 4
90.772 133.962 228.089 7 18 7 130 4
55.504 61.936 259.138 8 18 7 133 4
55.504 61.936 259.138 9 18 7 133 4
55.504 61.936 259.138 10 18 7 133 4
55.504 61.936 259.138 11 18 7 133 4
55.504 61.936 259.138 12 18 7 133 4
55.504 61.936 259.138 13 18 7 133 4
55.504 61.936 259.138 14 18 7 133 4
55.504 61.936 259.138 15 18 7 133 4
55.504 61.936 259.138 16 18 7 133 4
55.504 61.936 259.138 17 18 7 133 4
55.504 61.936 259.138 18 18 7 133 4
55.504 61.936 259.138 19 18 7 133 4
55.504 61.936 259.138 20 18 7 133 4
301.963 33.650 283.431 1 19 7 151 3
301.963 33.650 283.431 2 19 7 151 3
301.963 33.650 283.431 3 19 7 151 3
301.963 33.650 283.431 4 19 7 151 3
301.963 33.650 283.431 5 19 7 151 3
301.963 33.650 283.431 6 19 7 151 3
301.963 33.650 283.431 7 19 7 151 3
55.504 61.936 259.138 8 19 7 133 4
55.504 61.936 259.138 9 19 7 133 4
55.504 61.936 259.138 10 19 7 133 4
55.504 61.936 259.138 11 19 7 133 4
55.504 61.936 259.138 12 19 7 133 4
55.504 61.936 259.138 13 19 7 133 4
55.504 61.936 259.138 14 19 7 133 4
55.504 61.936 259.138 15 19 7 133 4
55.504 61.936 259.138 16 19 7 133 4
55.504 61.936 259.138 17 19 7 133 4
55.504 61.936 259.138 18 19 7 133 4
55.504 61.936 259.138 19 19 7 133 4
55.504 61.936 259.138 20 19 7 133 4
301.963 33.650 283.431 1 20 7 151 3
301.963 33.650 283.431 2 20 7 151 3
301.963 33.650 283.431 3 20 7 151 3
301.963 33.650 283.431 4 20 7 151 3
301.963 33.650 283.431 5 20 7 151 3
301.963 33.650 283.431 6 20 7 151 3
301.963 33.650 283.431 7 20 7 151 3
301.963 33.650 283.431 8 20 7 151 3
55.504 61.936 259.138 9 20 7 133 4
55.504 61.936 259.138 10 20 7 133 4
55.504 61.936 259.138 11 20 7 133 4
55.504 61.936 259.138 12 20 7 133 4
55.504 61.936 259.138 13 20 7 133 4
55.504 61.936 259.138 14 20 7 133 4
55.504 61.936 259.138 15 20 7 133 4
55.504 61.936 259.138 16 20 7 133 4
55.504 61.936 259.138 17 20 7 133 4
55.504 61.936 259.138 18 20 7 133 4
241.015 48.885 67.111 19 20 7 38 1
241.015 48.885 67.111 20 20 7 38 1
