344.189 131.789 126.225 1 1 19 152 4
344.189 131.789 126.225 2 1 19 152 4
344.189 131.789 126.225 3 1 19 152 4
344.189 131.789 126.225 4 1 19 152 4
344.189 131.789 126.225 5 1 19 152 4
344.189 131.789 126.225 6 1 19 152 4
344.189 131.789 126.225 7 1 19 152 4
344.189 131.789 126.225 8 1 19 152 4
344.189 131.789 126.225 9 1 19 152 4
158.669 86.621 44.989 10 1 19 27 1
158.669 86.621 44.989 11 1 19 27 1
288.139 48.209 155.301 12 1 19 13 1
288.139 48.209 155.301 13 1 19 13 1
48.472 98.279 340.224 14 1 19 150 1
343.951 99.425 26.496 15 1 19 106 2
319.957 115.490 16.160 16 1 19 144 1
319.957 115.490 16.160 17 1 19 144 1
319.957 115.490 16.160 18 1 19 144 1
319.957 115.490 16.160 19 1 19 144 1
319.957 115.490 16.160 20 1 19 144 1
344.189 131.789 126.225 1 2 19 152 4
344.189 131.789 126.225 2 2 19 152 4
344.189 131.789 126.225 3 2 19 152 4
344.189 131.789 126.225 4 2 19 152 4
344.189 131.789 126.225 5 2 19 152 4
344.189 131.789 126.225 6 2 19 152 4
344.189 131.789 126.225 7 2 19 152 4
344.189 131.789 126.225 8 2 19 152 4
344.189 131.789 126.225 9 2 19 152 4
344.189 131.789 126.225 10 2 19 152 4
344.189 131.789 126.225 11 2 19 152 4
288.139 48.209 155.301 12 2 19 13 1
48.472 98.279 340.224 13 2 19 150 1
180.655 75.178 258.163 14 2 19 67 1
48.472 98.279 340.224 15 2 19 150 1
319.957 115.490 16.160 16 2 19 144 1
319.957 115.490 16.160 17 2 19 144 1
319.957 115.490 16.160 18 2 19 144 1
319.957 115.490 16.160 19 2 19 144 1
319.957 115.490 16.160 20 2 19 144 1
344.189 131.789 126.225 1 3 19 152 4
344.189 131.789 126.225 2 3 19 152 4
344.189 131.789 126.225 3 3 19 152 4
344.189 131.789 126.225 4 3 19 152 4
344.189 131.789 126.225 5 3 19 152 4
344.189 131.789 126.225 6 3 19 152 4
344.189 131.789 126.225 7 3 19 152 4
344.189 131.789 126.225 8 3 19 152 4
344.189 131.789 126.225 9 3 19 152 4
344.189 131.789 126.225 10 3 19 152 4
344.189 131.789 126.225 11 3 19 152 4
48.472 98.279 340.224 12 3 19 150 1
48.472 98.279 340.224 13 3 19 150 1
48.472 98.279 340.224 14 3 19 150 1
48.472 98.279 340.224 15 3 19 150 1
48.472 98.279 340.224 16 3 19 150 1
319.957 115.490 16.160 17 3 19 144 1
319.957 115.490 16.160 18 3 19 144 1
319.957 115.490 16.160 19 3 19 144 1
319.957 115.490 16.160 20 3 19 144 1
344.189 131.789 126.225 1 4 19 152 4
344.189 131.789 126.225 2 4 19 152 4
344.189 131.789 126.225 3 4 19 152 4
344.189 131.789 126.225 4 4 19 152 4
344.189 131.789 126.225 5 4 19 152 4
344.189 131.789 126.225 6 4 19 152 4
344.189 131.789 126.225 7 4 19 152 4
344.189 131.789 126.225 8 4 19 152 4
344.189 131.789 126.225 9 4 19 152 4
344.189 131.789 126.225 10 4 19 152 4
107.367 48.711 272.064 11 4 19 62 1
48.472 98.279 340.224 12 4 19 150 1
48.472 98.279 340.224 13 4 19 150 1
60.536 98.333 80.703 14 4 19 107 2
48.472 98.279 340.224 15 4 19 150 1
48.472 98.279 340.224 16 4 19 150 1
319.957 115.490 16.160 17 4 19 144 1
319.957 115.490 16.160 18 4 19 144 1
319.957 115.490 16.160 19 4 19 144 1
319.957 115.490 16.160 20 4 19 144 1
344.189 131.789 126.225 1 5 19 152 4
344.189 131.789 126.225 2 5 19 152 4
344.189 131.789 126.225 3 5 19 152 4
344.189 131.789 126.225 4 5 19 152 4
344.189 131.789 126.225 5 5 19 152 4
344.189 131.789 126.225 6 5 19 152 4
344.189 131.789 126.225 7 5 19 152 4
344.189 131.789 126.225 8 5 19 152 4
344.189 131.789 126.225 9 5 19 152 4
344.189 131.789 126.225 10 5 19 152 4
107.367 48.711 272.064 11 5 19 62 1
48.472 98.279 340.224 12 5 19 150 1
48.472 98.279 340.224 13 5 19 150 1
48.472 98.279 340.224 14 5 19 150 1
48.472 98.279 340.224 15 5 19 150 1
48.472 98.279 340.224 16 5 19 150 1
354.886 44.511 322.971 17 5 19 75 1
354.886 44.511 322.971 18 5 19 75 1
319.957 115.490 16.160 19 5 19 144 1
319.957 115.490 16.160 20 5 19 144 1
344.189 131.789 126.225 1 6 19 152 4
344.189 131.789 126.225 2 6 19 152 4
344.189 131.789 126.225 3 6 19 152 4
344.189 131.789 126.225 4 6 19 152 4
344.189 131.789 126.225 5 6 19 152 4
344.189 131.789 126.225 6 6 19 152 4
344.189 131.789 126.225 7 6 19 152 4
344.189 131.789 126.225 8 6 19 152 4
344.189 131.789 126.225 9 6 19 152 4
344.189 131.789 126.225 10 6 19 152 4
344.189 131.789 126.225 11 6 19 152 4
48.472 98.279 340.224 12 6 19 150 1
48.472 98.279 340.224 13 6 19 150 1
48.472 98.279 340.224 14 6 19 150 1
48.472 98.279 340.224 15 6 19 150 1
354.886 44.511 322.971 16 6 19 75 1
354.886 44.511 322.971 17 6 19 75 1
354.886 44.511 322.971 18 6 19 75 1
354.886 44.511 322.971 19 6 19 75 1
319.957 115.490 16.160 20 6 19 144 1
344.189 131.789 126.225 1 7 19 152 4
344.189 131.789 126.225 2 7 19 152 4
344.189 131.789 126.225 3 7 19 152 4
344.189 131.789 126.225 4 7 19 152 4
344.189 131.789 126.225 5 7 19 152 4
344.189 131.789 126.225 6 7 19 152 4
344.189 131.789 126.225 7 7 19 152 4
344.189 131.789 126.225 8 7 19 152 4
344.189 131.789 126.225 9 7 19 152 4
45.533 93.232 154.490 10 7 19 96 2
9.490 96.909 73.278 11 7 19 102 2
48.472 98.279 340.224 12 7 19 150 1
48.472 98.279 340.224 13 7 19 150 1
48.472 98.279 340.224 14 7 19 150 1
354.886 44.511 322.971 15 7 19 75 1
354.886 44.511 322.971 16 7 19 75 1
354.886 44.511 322.971 17 7 19 75 1
354.886 44.511 322.971 18 7 19 75 1
354.886 44.511 322.971 19 7 19 75 1
354.886 44.511 322.971 20 7 19 75 1
344.189 131.789 126.225 1 8 19 152 4
344.189 131.789 126.225 2 8 19 152 4
344.189 131.789 126.225 3 8 19 152 4
344.189 131.789 126.225 4 8 19 152 4
344.189 131.789 126.225 5 8 19 152 4
344.189 131.789 126.225 6 8 19 152 4
344.189 131.789 126.225 7 8 19 152 4
344.189 131.789 126.225 8 8 19 152 4
344.189 131.789 126.225 9 8 19 152 4
245.337 57.363 41.949 10 8 19 116 2
9.490 96.909 73.278 11 8 19 102 2
9.490 96.909 73.278 12 8 19 102 2
48.472 98.279 340.224 13 8 19 150 1
57.320 96.434 206.315 14 8 19 44 1
354.886 44.511 322.971 15 8 19 75 1
354.886 44.511 322.971 16 8 19 75 1
354.886 44.511 322.971 17 8 19 75 1
354.886 44.511 322.971 18 8 19 75 1
256.233 59.578 334.019 19 8 19 64 1
256.233 59.578 334.019 20 8 19 64 1
344.189 131.789 126.225 1 9 19 152 4
344.189 131.789 126.225 2 9 19 152 4
344.189 131.789 126.225 3 9 19 152 4
344.189 131.789 126.225 4 9 19 152 4
344.189 131.789 126.225 5 9 19 152 4
344.189 131.789 126.225 6 9 19 152 4
344.189 131.789 126.225 7 9 19 152 4
344.189 131.789 126.225 8 9 19 152 4
245.337 57.363 41.949 9 9 19 116 2
9.490 96.909 73.278 10 9 19 102 2
9.490 96.909 73.278 11 9 19 102 2
9.490 96.909 73.278 12 9 19 102 2
57.320 96.434 206.315 13 9 19 44 1
57.320 96.434 206.315 14 9 19 44 1
57.320 96.434 206.315 15 9 19 44 1
354.886 44.511 322.971 16 9 19 75 1
354.886 44.511 322.971 17 9 19 75 1
77.456 129.791 112.368 18 9 19 146 1
77.456 129.791 112.368 19 9 19 146 1
49.233 106.473 220.297 20 9 19 7 1
344.189 131.789 126.225 1 10 19 152 4
344.189 131.789 126.225 2 10 19 152 4
344.189 131.789 126.225 3 10 19 152 4
344.189 131.789 126.225 4 10 19 152 4
344.189 131.789 126.225 5 10 19 152 4
344.189 131.789 126.225 6 10 19 152 4
344.189 131.789 126.225 7 10 19 152 4
69.704 78.352 50.388 8 10 19 121 2
9.490 96.909 73.278 9 10 19 102 2
9.490 96.909 73.278 10 10 19 102 2
9.490 96.909 73.278 11 10 19 102 2
57.320 96.434 206.315 12 10 19 44 1
57.320 96.434 206.315 13 10 19 44 1
57.320 96.434 206.315 14 10 19 44 1
57.320 96.434 206.315 15 10 19 44 1
354.886 44.511 322.971 16 10 19 75 1
36.837 71.838 39.821 17 10 19 20 1
274.235 38.167 115.583 18 10 19 9 1
49.233 106.473 220.297 19 10 19 7 1
49.233 106.473 220.297 20 10 19 7 1
344.189 131.789 126.225 1 11 19 152 4
344.189 131.789 126.225 2 11 19 152 4
344.189 131.789 126.225 3 11 19 152 4
344.189 131.789 126.225 4 11 19 152 4
344.189 131.789 126.225 5 11 19 152 4
288.881 152.340 9.249 6 11 19 88 1
69.704 78.352 50.388 7 11 19 121 2
69.704 78.352 50.388 8 11 19 121 2
69.704 78.352 50.388 9 11 19 121 2
9.490 96.909 73.278 10 11 19 102 2
1.760 94.907 336.230 11 11 19 126 2
57.320 96.434 206.315 12 11 19 44 1
57.320 96.434 206.315 13 11 19 44 1
57.320 96.434 206.315 14 11 19 44 1
57.320 96.434 206.315 15 11 19 44 1
123.496 47.463 28.701 16 11 19 65 1
36.837 71.838 39.821 17 11 19 20 1
274.235 38.167 115.583 18 11 19 9 1
49.233 106.473 220.297 19 11 19 7 1
49.233 106.473 220.297 20 11 19 7 1
344.189 131.789 126.225 1 12 19 152 4
344.189 131.789 126.225 2 12 19 152 4
344.189 131.789 126.225 3 12 19 152 4
344.189 131.789 126.225 4 12 19 152 4
288.881 152.340 9.249 5 12 19 88 1
288.881 152.340 9.249 6 12 19 88 1
69.704 78.352 50.388 7 12 19 121 2
69.704 78.352 50.388 8 12 19 121 2
69.704 78.352 50.388 9 12 19 121 2
1.760 94.907 336.230 10 12 19 126 2
1.760 94.907 336.230 11 12 19 126 2
1.760 94.907 336.230 12 12 19 126 2
57.320 96.434 206.315 13 12 19 44 1
57.320 96.434 206.315 14 12 19 44 1
57.320 96.434 206.315 15 12 19 44 1
225.374 120.192 72.252 16 12 19 149 1
86.053 82.626 149.363 17 12 19 125 2
86.053 82.626 149.363 18 12 19 125 2
86.053 82.626 149.363 19 12 19 125 2
86.053 82.626 149.363 20 12 19 125 2
54.609 85.827 286.256 1 13 19 114 2
54.609 85.827 286.256 2 13 19 114 2
54.609 85.827 286.256 3 13 19 114 2
54.609 85.827 286.256 4 13 19 114 2
288.881 152.340 9.249 5 13 19 88 1
288.881 152.340 9.249 6 13 19 88 1
69.704 78.352 50.388 7 13 19 121 2
10.355 129.780 53.658 8 13 19 138 1
10.355 129.780 53.658 9 13 19 138 1
1.760 94.907 336.230 10 13 19 126 2
1.760 94.907 336.230 11 13 19 126 2
1.760 94.907 336.230 12 13 19 126 2
57.320 96.434 206.315 13 13 19 44 1
3.532 115.182 353.387 14 13 19 41 1
49.393 128.466 195.062 15 13 19 128 3
39.816 46.286 254.785 16 13 19 54 1
39.816 46.286 254.785 17 13 19 54 1
39.816 46.286 254.785 18 13 19 54 1
86.053 82.626 149.363 19 13 19 125 2
86.053 82.626 149.363 20 13 19 125 2
54.609 85.827 286.256 1 14 19 114 2
54.609 85.827 286.256 2 14 19 114 2
54.609 85.827 286.256 3 14 19 114 2
54.609 85.827 286.256 4 14 19 114 2
89.871 61.633 269.751 5 14 19 66 1
89.871 61.633 269.751 6 14 19 66 1
89.871 61.633 269.751 7 14 19 66 1
207.137 73.269 287.202 8 14 19 82 1
10.355 129.780 53.658 9 14 19 138 1
10.355 129.780 53.658 10 14 19 138 1
1.760 94.907 336.230 11 14 19 126 2
1.760 94.907 336.230 12 14 19 126 2
3.532 115.182 353.387 13 14 19 41 1
49.393 128.466 195.062 14 14 19 128 3
49.393 128.466 195.062 15 14 19 128 3
49.393 128.466 195.062 16 14 19 128 3
39.816 46.286 254.785 17 14 19 54 1
39.816 46.286 254.785 18 14 19 54 1
39.816 46.286 254.785 19 14 19 54 1
86.053 82.626 149.363 20 14 19 125 2
54.609 85.827 286.256 1 15 19 114 2
54.609 85.827 286.256 2 15 19 114 2
54.609 85.827 286.256 3 15 19 114 2
54.609 85.827 286.256 4 15 19 114 2
54.609 85.827 286.256 5 15 19 114 2
89.871 61.633 269.751 6 15 19 66 1
207.137 73.269 287.202 7 15 19 82 1
207.137 73.269 287.202 8 15 19 82 1
10.355 129.780 53.658 9 15 19 138 1
10.355 129.780 53.658 10 15 19 138 1
10.355 129.780 53.658 11 15 19 138 1
49.393 128.466 195.062 12 15 19 128 3
49.393 128.466 195.062 13 15 19 128 3
49.393 128.466 195.062 14 15 19 128 3
49.393 128.466 195.062 15 15 19 128 3
132.800 41.561 335.158 16 15 19 22 1
132.800 41.561 335.158 17 15 19 22 1
39.816 46.286 254.785 18 15 19 54 1
39.816 46.286 254.785 19 15 19 54 1
155.498 61.737 317.325 20 15 19 95 1
54.609 85.827 286.256 1 16 19 114 2
54.609 85.827 286.256 2 16 19 114 2
54.609 85.827 286.256 3 16 19 114 2
54.609 85.827 286.256 4 16 19 114 2
95.493 48.568 345.474 5 16 19 15 1
95.493 48.568 345.474 6 16 19 15 1
207.137 73.269 287.202 7 16 19 82 1
207.137 73.269 287.202 8 16 19 82 1
184.140 83.386 287.913 9 16 19 117 2
297.908 48.139 114.814 10 16 19 94 1
49.393 128.466 195.062 11 16 19 128 3
49.393 128.466 195.062 12 16 19 128 3
49.393 128.466 195.062 13 16 19 128 3
49.393 128.466 195.062 14 16 19 128 3
49.393 128.466 195.062 15 16 19 128 3
49.393 128.466 195.062 16 16 19 128 3
49.393 128.466 195.062 17 16 19 128 3
39.816 46.286 254.785 18 16 19 54 1
39.816 46.286 254.785 19 16 19 54 1
155.498 61.737 317.325 20 16 19 95 1
54.609 85.827 286.256 1 17 19 114 2
54.609 85.827 286.256 2 17 19 114 2
54.609 85.827 286.256 3 17 19 114 2
358.476 5.784 197.627 4 17 19 5 1
358.476 5.784 197.627 5 17 19 5 1
358.476 5.784 197.627 6 17 19 5 1
207.137 73.269 287.202 7 17 19 82 1
207.137 73.269 287.202 8 17 19 82 1
184.140 83.386 287.913 9 17 19 117 2
297.908 48.139 114.814 10 17 19 94 1
49.393 128.466 195.062 11 17 19 128 3
49.393 128.466 195.062 12 17 19 128 3
49.393 128.466 195.062 13 17 19 128 3
49.393 128.466 195.062 14 17 19 128 3
49.393 128.466 195.062 15 17 19 128 3
49.393 128.466 195.062 16 17 19 128 3
49.393 128.466 195.062 17 17 19 128 3
39.816 46.286 254.785 18 17 19 54 1
39.816 46.286 254.785 19 17 19 54 1
155.498 61.737 317.325 20 17 19 95 1
192.213 79.332 87.649 1 18 19 76 1
54.609 85.827 286.256 2 18 19 114 2
288.586 42.950 190.125 3 18 19 134 1
288.586 42.950 190.125 4 18 19 134 1
288.586 42.950 190.125 5 18 19 134 1
288.586 42.950 190.125 6 18 19 134 1
339.340 88.072 342.375 7 18 19 118 2
313.799 105.778 15.905 8 18 19 37 1
297.908 48.139 114.814 9 18 19 94 1
49.393 128.466 195.062 10 18 19 128 3
49.393 128.466 195.062 11 18 19 128 3
49.393 128.466 195.062 12 18 19 128 3
49.393 128.466 195.062 13 18 19 128 3
49.393 128.466 195.062 14 18 19 128 3
49.393 128.466 195.062 15 18 19 128 3
49.393 128.466 195.062 16 18 19 128 3
49.393 128.466 195.062 17 18 19 128 3
49.393 128.466 195.062 18 18 19 128 3
39.816 46.286 254.785 19 18 19 54 1
155.498 61.737 317.325 20 18 19 95 1
191.940 146.321 151.044 1 19 19 111 2
191.940 146.321 151.044 2 19 19 111 2
231.822 99.862 304.191 3 19 19 32 1
288.586 42.950 190.125 4 19 19 134 1
288.586 42.950 190.125 5 19 19 134 1
339.340 88.072 342.375 6 19 19 118 2
339.340 88.072 342.375 7 19 19 118 2
297.908 48.139 114.814 8 19 19 94 1
297.908 48.139 114.814 9 19 19 94 1
297.908 48.139 114.814 10 19 19 94 1
49.393 128.466 195.062 11 19 19 128 3
49.393 128.466 195.062 12 19 19 128 3
49.393 128.466 195.062 13 19 19 128 3
49.393 128.466 195.062 14 19 19 128 3
49.393 128.466 195.062 15 19 19 128 3
49.393 128.466 195.062 16 19 19 128 3
49.393 128.466 195.062 17 19 19 128 3
49.393 128.466 195.062 18 19 19 128 3
157.582 47.416 293.352 19 19 19 115 2
157.582 47.416 293.352 20 19 19 115 2
191.940 146.321 151.044 1 20 19 111 2
191.940 146.321 151.044 2 20 19 111 2
191.940 146.321 151.044 3 20 19 111 2
288.586 42.950 190.125 4 20 19 134 1
288.586 42.950 190.125 5 20 19 134 1
339.340 88.072 342.375 6 20 19 118 2
339.340 88.072 342.375 7 20 19 118 2
297.908 48.139 114.814 8 20 19 94 1
297.908 48.139 114.814 9 20 19 94 1
297.908 48.139 114.814 10 20 19 94 1
49.393 128.466 195.062 11 20 19 128 3
49.393 128.466 195.062 12 20 19 128 3
49.393 128.466 195.062 13 20 19 128 3
49.393 128.466 195.062 14 20 19 128 3
49.393 128.466 195.062 15 20 19 128 3
49.393 128.466 195.062 16 20 19 128 3
49.393 128.466 195.062 17 20 19 128 3
49.393 128.466 195.062 18 20 19 128 3
49.393 128.466 195.062 19 20 19 128 3
157.582 47.416 293.352 20 20 19 115 2
