230.083 116.318 246.040 1 1 10 129 3
230.083 116.318 246.040 2 1 10 129 3
230.083 116.318 246.040 3 1 10 129 3
230.083 116.318 246.040 4 1 10 129 3
230.083 116.318 246.040 5 1 10 129 3
230.083 116.318 246.040 6 1 10 129 3
230.083 116.318 246.040 7 1 10 129 3
272.166 107.631 241.984 8 1 10 127 2
272.166 107.631 241.984 9 1 10 127 2
272.166 107.631 241.984 10 1 10 127 2
272.166 107.631 241.984 11 1 10 127 2
272.166 107.631 241.984 12 1 10 127 2
272.166 107.631 241.984 13 1 10 127 2
60.347 77.651 262.712 14 1 10 69 1
60.347 77.651 262.712 15 1 10 69 1
185.398 135.995 332.954 16 1 10 68 1
185.398 135.995 332.954 17 1 10 68 1
107.062 126.225 288.796 18 1 10 71 1
107.062 126.225 288.796 19 1 10 71 1
107.062 126.225 288.796 20 1 10 71 1
230.083 116.318 246.040 1 2 10 129 3
230.083 116.318 246.040 2 2 10 129 3
230.083 116.318 246.040 3 2 10 129 3
230.083 116.318 246.040 4 2 10 129 3
230.083 116.318 246.040 5 2 10 129 3
61.616 152.811 82.263 6 2 10 14 1
61.616 152.811 82.263 7 2 10 14 1
272.166 107.631 241.984 8 2 10 127 2
272.166 107.631 241.984 9 2 10 127 2
272.166 107.631 241.984 10 2 10 127 2
272.166 107.631 241.984 11 2 10 127 2
272.166 107.631 241.984 12 2 10 127 2
272.166 107.631 241.984 13 2 10 127 2
60.347 77.651 262.712 14 2 10 69 1
60.347 77.651 262.712 15 2 10 69 1
185.398 135.995 332.954 16 2 10 68 1
185.398 135.995 332.954 17 2 10 68 1
107.062 126.225 288.796 18 2 10 71 1
107.062 126.225 288.796 19 2 10 71 1
107.062 126.225 288.796 20 2 10 71 1
230.083 116.318 246.040 1 3 10 129 3
230.083 116.318 246.040 2 3 10 129 3
230.083 116.318 246.040 3 3 10 129 3
230.083 116.318 246.040 4 3 10 129 3
230.083 116.318 246.040 5 3 10 129 3
230.083 116.318 246.040 6 3 10 129 3
272.166 107.631 241.984 7 3 10 127 2
272.166 107.631 241.984 8 3 10 127 2
272.166 107.631 241.984 9 3 10 127 2
272.166 107.631 241.984 10 3 10 127 2
272.166 107.631 241.984 11 3 10 127 2
272.166 107.631 241.984 12 3 10 127 2
272.166 107.631 241.984 13 3 10 127 2
60.347 77.651 262.712 14 3 10 69 1
60.347 77.651 262.712 15 3 10 69 1
331.667 137.159 252.883 16 3 10 74 1
331.667 137.159 252.883 17 3 10 74 1
107.062 126.225 288.796 18 3 10 71 1
107.062 126.225 288.796 19 3 10 71 1
107.062 126.225 288.796 20 3 10 71 1
230.083 116.318 246.040 1 4 10 129 3
230.083 116.318 246.040 2 4 10 129 3
230.083 116.318 246.040 3 4 10 129 3
230.083 116.318 246.040 4 4 10 129 3
230.083 116.318 246.040 5 4 10 129 3
230.083 116.318 246.040 6 4 10 129 3
272.166 107.631 241.984 7 4 10 127 2
272.166 107.631 241.984 8 4 10 127 2
272.166 107.631 241.984 9 4 10 127 2
272.166 107.631 241.984 10 4 10 127 2
272.166 107.631 241.984 11 4 10 127 2
272.166 107.631 241.984 12 4 10 127 2
272.166 107.631 241.984 13 4 10 127 2
272.166 107.631 241.984 14 4 10 127 2
272.166 107.631 241.984 15 4 10 127 2
331.667 137.159 252.883 16 4 10 74 1
331.667 137.159 252.883 17 4 10 74 1
107.062 126.225 288.796 18 4 10 71 1
107.062 126.225 288.796 19 4 10 71 1
107.062 126.225 288.796 20 4 10 71 1
344.189 131.789 126.225 1 5 10 152 4
230.083 116.318 246.040 2 5 10 129 3
230.083 116.318 246.040 3 5 10 129 3
230.083 116.318 246.040 4 5 10 129 3
230.083 116.318 246.040 5 5 10 129 3
230.083 116.318 246.040 6 5 10 129 3
272.166 107.631 241.984 7 5 10 127 2
272.166 107.631 241.984 8 5 10 127 2
272.166 107.631 241.984 9 5 10 127 2
272.166 107.631 241.984 10 5 10 127 2
272.166 107.631 241.984 11 5 10 127 2
272.166 107.631 241.984 12 5 10 127 2
272.166 107.631 241.984 13 5 10 127 2
272.166 107.631 241.984 14 5 10 127 2
205.698 157.192 161.390 15 5 10 131 4
205.698 157.192 161.390 16 5 10 131 4
205.698 157.192 161.390 17 5 10 131 4
207.130 113.219 335.463 18 5 10 53 1
107.062 126.225 288.796 19 5 10 71 1
107.062 126.225 288.796 20 5 10 71 1
344.189 131.789 126.225 1 6 10 152 4
230.083 116.318 246.040 2 6 10 129 3
230.083 116.318 246.040 3 6 10 129 3
230.083 116.318 246.040 4 6 10 129 3
230.083 116.318 246.040 5 6 10 129 3
230.083 116.318 246.040 6 6 10 129 3
55.678 71.344 37.200 7 6 10 39 1
55.678 71.344 37.200 8 6 10 39 1
272.166 107.631 241.984 9 6 10 127 2
272.166 107.631 241.984 10 6 10 127 2
272.166 107.631 241.984 11 6 10 127 2
272.166 107.631 241.984 12 6 10 127 2
272.166 107.631 241.984 13 6 10 127 2
205.698 157.192 161.390 14 6 10 131 4
205.698 157.192 161.390 15 6 10 131 4
205.698 157.192 161.390 16 6 10 131 4
205.698 157.192 161.390 17 6 10 131 4
205.698 157.192 161.390 18 6 10 131 4
128.197 74.282 259.321 19 6 10 87 1
128.197 74.282 259.321 20 6 10 87 1
344.189 131.789 126.225 1 7 10 152 4
230.083 116.318 246.040 2 7 10 129 3
230.083 116.318 246.040 3 7 10 129 3
230.083 116.318 246.040 4 7 10 129 3
230.083 116.318 246.040 5 7 10 129 3
230.083 116.318 246.040 6 7 10 129 3
230.083 116.318 246.040 7 7 10 129 3
55.678 71.344 37.200 8 7 10 39 1
272.166 107.631 241.984 9 7 10 127 2
272.166 107.631 241.984 10 7 10 127 2
205.698 157.192 161.390 11 7 10 131 4
205.698 157.192 161.390 12 7 10 131 4
205.698 157.192 161.390 13 7 10 131 4
205.698 157.192 161.390 14 7 10 131 4
205.698 157.192 161.390 15 7 10 131 4
205.698 157.192 161.390 16 7 10 131 4
205.698 157.192 161.390 17 7 10 131 4
205.698 157.192 161.390 18 7 10 131 4
205.698 157.192 161.390 19 7 10 131 4
128.197 74.282 259.321 20 7 10 87 1
344.189 131.789 126.225 1 8 10 152 4
90.772 133.962 228.089 2 8 10 130 4
230.083 116.318 246.040 3 8 10 129 3
230.083 116.318 246.040 4 8 10 129 3
230.083 116.318 246.040 5 8 10 129 3
230.083 116.318 246.040 6 8 10 129 3
230.083 116.318 246.040 7 8 10 129 3
205.698 157.192 161.390 8 8 10 131 4
205.698 157.192 161.390 9 8 10 131 4
205.698 157.192 161.390 10 8 10 131 4
205.698 157.192 161.390 11 8 10 131 4
205.698 157.192 161.390 12 8 10 131 4
205.698 157.192 161.390 13 8 10 131 4
205.698 157.192 161.390 14 8 10 131 4
205.698 157.192 161.390 15 8 10 131 4
205.698 157.192 161.390 16 8 10 131 4
205.698 157.192 161.390 17 8 10 131 4
205.698 157.192 161.390 18 8 10 131 4
205.698 157.192 161.390 19 8 10 131 4
81.443 131.834 18.383 20 8 10 11 1
90.772 133.962 228.089 1 9 10 130 4
90.772 133.962 228.089 2 9 10 130 4
306.339 43.956 0.037 3 9 10 1 1
306.339 43.956 0.037 4 9 10 1 1
306.339 43.956 0.037 5 9 10 1 1
230.083 116.318 246.040 6 9 10 129 3
205.698 157.192 161.390 7 9 10 131 4
205.698 157.192 161.390 8 9 10 131 4
205.698 157.192 161.390 9 9 10 131 4
205.698 157.192 161.390 10 9 10 131 4
205.698 157.192 161.390 11 9 10 131 4
205.698 157.192 161.390 12 9 10 131 4
205.698 157.192 161.390 13 9 10 131 4
205.698 157.192 161.390 14 9 10 131 4
205.698 157.192 161.390 15 9 10 131 4
205.698 157.192 161.390 16 9 10 131 4
205.698 157.192 161.390 17 9 10 131 4
205.698 157.192 161.390 18 9 10 131 4
81.443 131.834 18.383 19 9 10 11 1
81.443 131.834 18.383 20 9 10 11 1
90.772 133.962 228.089 1 10 10 130 4
90.772 133.962 228.089 2 10 10 130 4
306.339 43.956 0.037 3 10 10 1 1
306.339 43.956 0.037 4 10 10 1 1
306.339 43.956 0.037 5 10 10 1 1
306.339 43.956 0.037 6 10 10 1 1
205.698 157.192 161.390 7 10 10 131 4
205.698 157.192 161.390 8 10 10 131 4
205.698 157.192 161.390 9 10 10 131 4
205.698 157.192 161.390 10 10 10 131 4
205.698 157.192 161.390 11 10 10 131 4
205.698 157.192 161.390 12 10 10 131 4
205.698 157.192 161.390 13 10 10 131 4
205.698 157.192 161.390 14 10 10 131 4
205.698 157.192 161.390 15 10 10 131 4
205.698 157.192 161.390 16 10 10 131 4
205.698 157.192 161.390 17 10 10 131 4
306.901 29.433 55.833 18 10 10 40 1
81.443 131.834 18.383 19 10 10 11 1
81.443 131.834 18.383 20 10 10 11 1
90.772 133.962 228.089 1 11 10 130 4
90.772 133.962 228.089 2 11 10 130 4
90.772 133.962 228.089 3 11 10 130 4
90.772 133.962 228.089 4 11 10 130 4
306.339 43.956 0.037 5 11 10 1 1
205.698 157.192 161.390 6 11 10 131 4
205.698 157.192 161.390 7 11 10 131 4
205.698 157.192 161.390 8 11 10 131 4
205.698 157.192 161.390 9 11 10 131 4
205.698 157.192 161.390 10 11 10 131 4
205.698 157.192 161.390 11 11 10 131 4
205.698 157.192 161.390 12 11 10 131 4
205.698 157.192 161.390 13 11 10 131 4
205.698 157.192 161.390 14 11 10 131 4
205.698 157.192 161.390 15 11 10 131 4
205.698 157.192 161.390 16 11 10 131 4
205.698 157.192 161.390 17 11 10 131 4
205.698 157.192 161.390 18 11 10 131 4
205.698 157.192 161.390 19 11 10 131 4
205.698 157.192 161.390 20 11 10 131 4
90.772 133.962 228.089 1 12 10 130 4
90.772 133.962 228.089 2 12 10 130 4
90.772 133.962 228.089 3 12 10 130 4
90.772 133.962 228.089 4 12 10 130 4
90.772 133.962 228.089 5 12 10 130 4
205.698 157.192 161.390 6 12 10 131 4
205.698 157.192 161.390 7 12 10 131 4
205.698 157.192 161.390 8 12 10 131 4
205.698 157.192 161.390 9 12 10 131 4
205.698 157.192 161.390 10 12 10 131 4
205.698 157.192 161.390 11 12 10 131 4
205.698 157.192 161.390 12 12 10 131 4
205.698 157.192 161.390 13 12 10 131 4
205.698 157.192 161.390 14 12 10 131 4
205.698 157.192 161.390 15 12 10 131 4
205.698 157.192 161.390 16 12 10 131 4
205.698 157.192 161.390 17 12 10 131 4
205.698 157.192 161.390 18 12 10 131 4
55.504 61.936 259.138 19 12 10 133 4
55.504 61.936 259.138 20 12 10 133 4
90.772 133.962 228.089 1 13 10 130 4
90.772 133.962 228.089 2 13 10 130 4
90.772 133.962 228.089 3 13 10 130 4
90.772 133.962 228.089 4 13 10 130 4
90.772 133.962 228.089 5 13 10 130 4
90.772 133.962 228.089 6 13 10 130 4
205.698 157.192 161.390 7 13 10 131 4
205.698 157.192 161.390 8 13 10 131 4
205.698 157.192 161.390 9 13 10 131 4
205.698 157.192 161.390 10 13 10 131 4
205.698 157.192 161.390 11 13 10 131 4
205.698 157.192 161.390 12 13 10 131 4
205.698 157.192 161.390 13 13 10 131 4
205.698 157.192 161.390 14 13 10 131 4
205.698 157.192 161.390 15 13 10 131 4
205.698 157.192 161.390 16 13 10 131 4
55.504 61.936 259.138 17 13 10 133 4
55.504 61.936 259.138 18 13 10 133 4
55.504 61.936 259.138 19 13 10 133 4
55.504 61.936 259.138 20 13 10 133 4
90.772 133.962 228.089 1 14 10 130 4
90.772 133.962 228.089 2 14 10 130 4
90.772 133.962 228.089 3 14 10 130 4
90.772 133.962 228.089 4 14 10 130 4
90.772 133.962 228.089 5 14 10 130 4
90.772 133.962 228.089 6 14 10 130 4
205.698 157.192 161.390 7 14 10 131 4
205.698 157.192 161.390 8 14 10 131 4
205.698 157.192 161.390 9 14 10 131 4
263.520 161.506 242.387 10 14 10 48 1
205.698 157.192 161.390 11 14 10 131 4
205.698 157.192 161.390 12 14 10 131 4
205.698 157.192 161.390 13 14 10 131 4
205.698 157.192 161.390 14 14 10 131 4
55.504 61.936 259.138 15 14 10 133 4
55.504 61.936 259.138 16 14 10 133 4
55.504 61.936 259.138 17 14 10 133 4
55.504 61.936 259.138 18 14 10 133 4
55.504 61.936 259.138 19 14 10 133 4
55.504 61.936 259.138 20 14 10 133 4
90.772 133.962 228.089 1 15 10 130 4
90.772 133.962 228.089 2 15 10 130 4
90.772 133.962 228.089 3 15 10 130 4
90.772 133.962 228.089 4 15 10 130 4
90.772 133.962 228.089 5 15 10 130 4
90.772 133.962 228.089 6 15 10 130 4
205.698 157.192 161.390 7 15 10 131 4
205.698 157.192 161.390 8 15 10 131 4
205.698 157.192 161.390 9 15 10 131 4
205.698 157.192 161.390 10 15 10 131 4
205.698 157.192 161.390 11 15 10 131 4
205.698 157.192 161.390 12 15 10 131 4
55.504 61.936 259.138 13 15 10 133 4
55.504 61.936 259.138 14 15 10 133 4
55.504 61.936 259.138 15 15 10 133 4
55.504 61.936 259.138 16 15 10 133 4
55.504 61.936 259.138 17 15 10 133 4
55.504 61.936 259.138 18 15 10 133 4
55.504 61.936 259.138 19 15 10 133 4
55.504 61.936 259.138 20 15 10 133 4
301.963 33.650 283.431 1 16 10 151 3
301.963 33.650 283.431 2 16 10 151 3
301.963 33.650 283.431 3 16 10 151 3
301.963 33.650 283.431 4 16 10 151 3
301.963 33.650 283.431 5 16 10 151 3
301.963 33.650 283.431 6 16 10 151 3
301.963 33.650 283.431 7 16 10 151 3
301.963 33.650 283.431 8 16 10 151 3
301.963 33.650 283.431 9 16 10 151 3
301.963 33.650 283.431 10 16 10 151 3
55.504 61.936 259.138 11 16 10 133 4
55.504 61.936 259.138 12 16 10 133 4
55.504 61.936 259.138 13 16 10 133 4
55.504 61.936 259.138 14 16 10 133 4
55.504 61.936 259.138 15 16 10 133 4
55.504 61.936 259.138 16 16 10 133 4
55.504 61.936 259.138 17 16 10 133 4
55.504 61.936 259.138 18 16 10 133 4
55.504 61.936 259.138 19 16 10 133 4
55.504 61.936 259.138 20 16 10 133 4
301.963 33.650 283.431 1 17 10 151 3
301.963 33.650 283.431 2 17 10 151 3
301.963 33.650 283.431 3 17 10 151 3
301.963 33.650 283.431 4 17 10 151 3
301.963 33.650 283.431 5 17 10 151 3
301.963 33.650 283.431 6 17 10 151 3
301.963 33.650 283.431 7 17 10 151 3
301.963 33.650 283.431 8 17 10 151 3
301.963 33.650 283.431 9 17 10 151 3
301.963 33.650 283.431 10 17 10 151 3
55.504 61.936 259.138 11 17 10 133 4
55.504 61.936 259.138 12 17 10 133 4
55.504 61.936 259.138 13 17 10 133 4
55.504 61.936 259.138 14 17 10 133 4
55.504 61.936 259.138 15 17 10 133 4
55.504 61.936 259.138 16 17 10 133 4
55.504 61.936 259.138 17 17 10 133 4
55.504 61.936 259.138 18 17 10 133 4
55.504 61.936 259.138 19 17 10 133 4
55.504 61.936 259.138 20 17 10 133 4
301.963 33.650 283.431 1 18 10 151 3
301.963 33.650 283.431 2 18 10 151 3
301.963 33.650 283.431 3 18 10 151 3
301.963 33.650 283.431 4 18 10 151 3
301.963 33.650 283.431 5 18 10 151 3
301.963 33.650 283.431 6 18 10 151 3
301.963 33.650 283.431 7 18 10 151 3
301.963 33.650 283.431 8 18 10 151 3
301.963 33.650 283.431 9 18 10 151 3
301.963 33.650 283.431 10 18 10 151 3
55.504 61.936 259.138 11 18 10 133 4
55.504 61.936 259.138 12 18 10 133 4
55.504 61.936 259.138 13 18 10 133 4
55.504 61.936 259.138 14 18 10 133 4
55.504 61.936 259.138 15 18 10 133 4
55.504 61.936 259.138 16 18 10 133 4
55.504 61.936 259.138 17 18 10 133 4
55.504 61.936 259.138 18 18 10 133 4
55.504 61.936 259.138 19 18 10 133 4
55.504 61.936 259.138 20 18 10 133 4
301.963 33.650 283.431 1 19 10 151 3
301.963 33.650 283.431 2 19 10 151 3
301.963 33.650 283.431 3 19 10 151 3
301.963 33.650 283.431 4 19 10 151 3
301.963 33.650 283.431 5 19 10 151 3
301.963 33.650 283.431 6 19 10 151 3
301.963 33.650 283.431 7 19 10 151 3
301.963 33.650 283.431 8 19 10 151 3
301.963 33.650 283.431 9 19 10 151 3
301.963 33.650 283.431 10 19 10 151 3
55.504 61.936 259.138 11 19 10 133 4
55.504 61.936 259.138 12 19 10 133 4
55.504 61.936 259.138 13 19 10 133 4
55.504 61.936 259.138 14 19 10 133 4
55.504 61.936 259.138 15 19 10 133 4
55.504 61.936 259.138 16 19 10 133 4
55.504 61.936 259.138 17 19 10 133 4
55.504 61.936 259.138 18 19 10 133 4
55.504 61.936 259.138 19 19 10 133 4
171.383 141.054 343.126 20 19 10 109 2
301.963 33.650 283.431 1 20 10 151 3
301.963 33.650 283.431 2 20 10 151 3
301.963 33.650 283.431 3 20 10 151 3
301.963 33.650 283.431 4 20 10 151 3
301.963 33.650 283.431 5 20 10 151 3
301.963 33.650 283.431 6 20 10 151 3
301.963 33.650 283.431 7 20 10 151 3
301.963 33.650 283.431 8 20 10 151 3
301.963 33.650 283.431 9 20 10 151 3
301.963 33.650 283.431 10 20 10 151 3
55.504 61.936 259.138 11 20 10 133 4
55.504 61.936 259.138 12 20 10 133 4
55.504 61.936 259.138 13 20 10 133 4
55.504 61.936 259.138 14 20 10 133 4
55.504 61.936 259.138 15 20 10 133 4
55.504 61.936 259.138 16 20 10 133 4
55.504 61.936 259.138 17 20 10 133 4
55.504 61.936 259.138 18 20 10 133 4
171.383 141.054 343.126 19 20 10 109 2
171.383 141.054 343.126 20 20 10 109 2
