344.189 131.789 126.225 1 1 17 152 4
344.189 131.789 126.225 2 1 17 152 4
344.189 131.789 126.225 3 1 17 152 4
344.189 131.789 126.225 4 1 17 152 4
344.189 131.789 126.225 5 1 17 152 4
344.189 131.789 126.225 6 1 17 152 4
344.189 131.789 126.225 7 1 17 152 4
344.189 131.789 126.225 8 1 17 152 4
344.189 131.789 126.225 9 1 17 152 4
231.809 119.691 211.796 10 1 17 56 1
288.139 48.209 155.301 11 1 17 13 1
288.139 48.209 155.301 12 1 17 13 1
48.472 98.279 340.224 13 1 17 150 1
48.472 98.279 340.224 14 1 17 150 1
343.951 99.425 26.496 15 1 17 106 2
343.951 99.425 26.496 16 1 17 106 2
88.699 89.140 67.313 17 1 17 24 1
88.699 89.140 67.313 18 1 17 24 1
88.699 89.140 67.313 19 1 17 24 1
88.699 89.140 67.313 20 1 17 24 1
344.189 131.789 126.225 1 2 17 152 4
344.189 131.789 126.225 2 2 17 152 4
344.189 131.789 126.225 3 2 17 152 4
344.189 131.789 126.225 4 2 17 152 4
344.189 131.789 126.225 5 2 17 152 4
344.189 131.789 126.225 6 2 17 152 4
344.189 131.789 126.225 7 2 17 152 4
344.189 131.789 126.225 8 2 17 152 4
344.189 131.789 126.225 9 2 17 152 4
344.189 131.789 126.225 10 2 17 152 4
288.139 48.209 155.301 11 2 17 13 1
288.139 48.209 155.301 12 2 17 13 1
48.472 98.279 340.224 13 2 17 150 1
48.472 98.279 340.224 14 2 17 150 1
48.472 98.279 340.224 15 2 17 150 1
48.472 98.279 340.224 16 2 17 150 1
88.699 89.140 67.313 17 2 17 24 1
88.699 89.140 67.313 18 2 17 24 1
88.699 89.140 67.313 19 2 17 24 1
88.699 89.140 67.313 20 2 17 24 1
344.189 131.789 126.225 1 3 17 152 4
344.189 131.789 126.225 2 3 17 152 4
344.189 131.789 126.225 3 3 17 152 4
344.189 131.789 126.225 4 3 17 152 4
344.189 131.789 126.225 5 3 17 152 4
344.189 131.789 126.225 6 3 17 152 4
344.189 131.789 126.225 7 3 17 152 4
344.189 131.789 126.225 8 3 17 152 4
107.367 48.711 272.064 9 3 17 62 1
107.367 48.711 272.064 10 3 17 62 1
107.367 48.711 272.064 11 3 17 62 1
48.472 98.279 340.224 12 3 17 150 1
48.472 98.279 340.224 13 3 17 150 1
48.472 98.279 340.224 14 3 17 150 1
48.472 98.279 340.224 15 3 17 150 1
48.472 98.279 340.224 16 3 17 150 1
88.699 89.140 67.313 17 3 17 24 1
88.699 89.140 67.313 18 3 17 24 1
88.699 89.140 67.313 19 3 17 24 1
88.699 89.140 67.313 20 3 17 24 1
344.189 131.789 126.225 1 4 17 152 4
344.189 131.789 126.225 2 4 17 152 4
344.189 131.789 126.225 3 4 17 152 4
344.189 131.789 126.225 4 4 17 152 4
344.189 131.789 126.225 5 4 17 152 4
344.189 131.789 126.225 6 4 17 152 4
344.189 131.789 126.225 7 4 17 152 4
344.189 131.789 126.225 8 4 17 152 4
107.367 48.711 272.064 9 4 17 62 1
107.367 48.711 272.064 10 4 17 62 1
107.367 48.711 272.064 11 4 17 62 1
48.472 98.279 340.224 12 4 17 150 1
48.472 98.279 340.224 13 4 17 150 1
48.472 98.279 340.224 14 4 17 150 1
48.472 98.279 340.224 15 4 17 150 1
48.472 98.279 340.224 16 4 17 150 1
48.472 98.279 340.224 17 4 17 150 1
88.699 89.140 67.313 18 4 17 24 1
88.699 89.140 67.313 19 4 17 24 1
319.957 115.490 16.160 20 4 17 144 1
344.189 131.789 126.225 1 5 17 152 4
344.189 131.789 126.225 2 5 17 152 4
344.189 131.789 126.225 3 5 17 152 4
344.189 131.789 126.225 4 5 17 152 4
344.189 131.789 126.225 5 5 17 152 4
344.189 131.789 126.225 6 5 17 152 4
344.189 131.789 126.225 7 5 17 152 4
344.189 131.789 126.225 8 5 17 152 4
344.189 131.789 126.225 9 5 17 152 4
107.367 48.711 272.064 10 5 17 62 1
107.367 48.711 272.064 11 5 17 62 1
107.367 48.711 272.064 12 5 17 62 1
48.472 98.279 340.224 13 5 17 150 1
48.472 98.279 340.224 14 5 17 150 1
48.472 98.279 340.224 15 5 17 150 1
48.472 98.279 340.224 16 5 17 150 1
205.698 157.192 161.390 17 5 17 131 4
205.698 157.192 161.390 18 5 17 131 4
205.698 157.192 161.390 19 5 17 131 4
205.698 157.192 161.390 20 5 17 131 4
344.189 131.789 126.225 1 6 17 152 4
344.189 131.789 126.225 2 6 17 152 4
344.189 131.789 126.225 3 6 17 152 4
344.189 131.789 126.225 4 6 17 152 4
344.189 131.789 126.225 5 6 17 152 4
344.189 131.789 126.225 6 6 17 152 4
344.189 131.789 126.225 7 6 17 152 4
344.189 131.789 126.225 8 6 17 152 4
344.189 131.789 126.225 9 6 17 152 4
107.367 48.711 272.064 10 6 17 62 1
176.003 43.897 329.703 11 6 17 36 1
107.367 48.711 272.064 12 6 17 62 1
48.472 98.279 340.224 13 6 17 150 1
175.889 123.438 80.331 14 6 17 77 1
175.889 123.438 80.331 15 6 17 77 1
205.698 157.192 161.390 16 6 17 131 4
205.698 157.192 161.390 17 6 17 131 4
205.698 157.192 161.390 18 6 17 131 4
205.698 157.192 161.390 19 6 17 131 4
205.698 157.192 161.390 20 6 17 131 4
344.189 131.789 126.225 1 7 17 152 4
344.189 131.789 126.225 2 7 17 152 4
344.189 131.789 126.225 3 7 17 152 4
344.189 131.789 126.225 4 7 17 152 4
344.189 131.789 126.225 5 7 17 152 4
344.189 131.789 126.225 6 7 17 152 4
344.189 131.789 126.225 7 7 17 152 4
245.337 57.363 41.949 8 7 17 116 2
245.337 57.363 41.949 9 7 17 116 2
245.337 57.363 41.949 10 7 17 116 2
176.003 43.897 329.703 11 7 17 36 1
48.472 98.279 340.224 12 7 17 150 1
48.472 98.279 340.224 13 7 17 150 1
205.698 157.192 161.390 14 7 17 131 4
205.698 157.192 161.390 15 7 17 131 4
205.698 157.192 161.390 16 7 17 131 4
354.886 44.511 322.971 17 7 17 75 1
205.698 157.192 161.390 18 7 17 131 4
205.698 157.192 161.390 19 7 17 131 4
205.698 157.192 161.390 20 7 17 131 4
344.189 131.789 126.225 1 8 17 152 4
344.189 131.789 126.225 2 8 17 152 4
344.189 131.789 126.225 3 8 17 152 4
344.189 131.789 126.225 4 8 17 152 4
344.189 131.789 126.225 5 8 17 152 4
344.189 131.789 126.225 6 8 17 152 4
344.189 131.789 126.225 7 8 17 152 4
245.337 57.363 41.949 8 8 17 116 2
245.337 57.363 41.949 9 8 17 116 2
245.337 57.363 41.949 10 8 17 116 2
245.337 57.363 41.949 11 8 17 116 2
205.698 157.192 161.390 12 8 17 131 4
205.698 157.192 161.390 13 8 17 131 4
205.698 157.192 161.390 14 8 17 131 4
205.698 157.192 161.390 15 8 17 131 4
354.886 44.511 322.971 16 8 17 75 1
354.886 44.511 322.971 17 8 17 75 1
205.698 157.192 161.390 18 8 17 131 4
205.698 157.192 161.390 19 8 17 131 4
205.698 157.192 161.390 20 8 17 131 4
344.189 131.789 126.225 1 9 17 152 4
344.189 131.789 126.225 2 9 17 152 4
344.189 131.789 126.225 3 9 17 152 4
344.189 131.789 126.225 4 9 17 152 4
344.189 131.789 126.225 5 9 17 152 4
344.189 131.789 126.225 6 9 17 152 4
344.189 131.789 126.225 7 9 17 152 4
45.533 93.232 154.490 8 9 17 96 2
245.337 57.363 41.949 9 9 17 116 2
65.395 46.875 247.612 10 9 17 119 2
65.395 46.875 247.612 11 9 17 119 2
57.320 96.434 206.315 12 9 17 44 1
57.320 96.434 206.315 13 9 17 44 1
57.320 96.434 206.315 14 9 17 44 1
205.698 157.192 161.390 15 9 17 131 4
205.698 157.192 161.390 16 9 17 131 4
354.886 44.511 322.971 17 9 17 75 1
274.235 38.167 115.583 18 9 17 9 1
205.698 157.192 161.390 19 9 17 131 4
205.698 157.192 161.390 20 9 17 131 4
301.963 33.650 283.431 1 10 17 151 3
301.963 33.650 283.431 2 10 17 151 3
344.189 131.789 126.225 3 10 17 152 4
344.189 131.789 126.225 4 10 17 152 4
344.189 131.789 126.225 5 10 17 152 4
344.189 131.789 126.225 6 10 17 152 4
69.704 78.352 50.388 7 10 17 121 2
45.533 93.232 154.490 8 10 17 96 2
27.501 78.033 5.618 9 10 17 26 1
65.395 46.875 247.612 10 10 17 119 2
46.213 117.802 43.527 11 10 17 33 1
57.320 96.434 206.315 12 10 17 44 1
57.320 96.434 206.315 13 10 17 44 1
57.320 96.434 206.315 14 10 17 44 1
57.320 96.434 206.315 15 10 17 44 1
205.698 157.192 161.390 16 10 17 131 4
274.235 38.167 115.583 17 10 17 9 1
274.235 38.167 115.583 18 10 17 9 1
205.698 157.192 161.390 19 10 17 131 4
86.053 82.626 149.363 20 10 17 125 2
301.963 33.650 283.431 1 11 17 151 3
301.963 33.650 283.431 2 11 17 151 3
301.963 33.650 283.431 3 11 17 151 3
301.963 33.650 283.431 4 11 17 151 3
301.963 33.650 283.431 5 11 17 151 3
288.881 152.340 9.249 6 11 17 88 1
69.704 78.352 50.388 7 11 17 121 2
69.704 78.352 50.388 8 11 17 121 2
194.847 91.273 190.611 9 11 17 104 2
194.847 91.273 190.611 10 11 17 104 2
46.213 117.802 43.527 11 11 17 33 1
57.320 96.434 206.315 12 11 17 44 1
57.320 96.434 206.315 13 11 17 44 1
57.320 96.434 206.315 14 11 17 44 1
57.320 96.434 206.315 15 11 17 44 1
205.698 157.192 161.390 16 11 17 131 4
274.235 38.167 115.583 17 11 17 9 1
274.235 38.167 115.583 18 11 17 9 1
86.053 82.626 149.363 19 11 17 125 2
86.053 82.626 149.363 20 11 17 125 2
301.963 33.650 283.431 1 12 17 151 3
301.963 33.650 283.431 2 12 17 151 3
301.963 33.650 283.431 3 12 17 151 3
301.963 33.650 283.431 4 12 17 151 3
301.963 33.650 283.431 5 12 17 151 3
301.963 33.650 283.431 6 12 17 151 3
69.704 78.352 50.388 7 12 17 121 2
69.704 78.352 50.388 8 12 17 121 2
194.847 91.273 190.611 9 12 17 104 2
46.213 117.802 43.527 10 12 17 33 1
46.213 117.802 43.527 11 12 17 33 1
57.320 96.434 206.315 12 12 17 44 1
57.320 96.434 206.315 13 12 17 44 1
57.320 96.434 206.315 14 12 17 44 1
3.532 115.182 353.387 15 12 17 41 1
205.698 157.192 161.390 16 12 17 131 4
86.053 82.626 149.363 17 12 17 125 2
86.053 82.626 149.363 18 12 17 125 2
86.053 82.626 149.363 19 12 17 125 2
86.053 82.626 149.363 20 12 17 125 2
301.963 33.650 283.431 1 13 17 151 3
301.963 33.650 283.431 2 13 17 151 3
301.963 33.650 283.431 3 13 17 151 3
301.963 33.650 283.431 4 13 17 151 3
301.963 33.650 283.431 5 13 17 151 3
301.963 33.650 283.431 6 13 17 151 3
301.963 33.650 283.431 7 13 17 151 3
253.930 54.692 300.721 8 13 17 98 2
253.930 54.692 300.721 9 13 17 98 2
1.760 94.907 336.230 10 13 17 126 2
1.760 94.907 336.230 11 13 17 126 2
57.320 96.434 206.315 12 13 17 44 1
57.320 96.434 206.315 13 13 17 44 1
3.532 115.182 353.387 14 13 17 41 1
3.532 115.182 353.387 15 13 17 41 1
3.532 115.182 353.387 16 13 17 41 1
86.053 82.626 149.363 17 13 17 125 2
86.053 82.626 149.363 18 13 17 125 2
86.053 82.626 149.363 19 13 17 125 2
86.053 82.626 149.363 20 13 17 125 2
301.963 33.650 283.431 1 14 17 151 3
301.963 33.650 283.431 2 14 17 151 3
301.963 33.650 283.431 3 14 17 151 3
301.963 33.650 283.431 4 14 17 151 3
301.963 33.650 283.431 5 14 17 151 3
301.963 33.650 283.431 6 14 17 151 3
145.308 38.336 160.635 7 14 17 23 1
145.308 38.336 160.635 8 14 17 23 1
207.137 73.269 287.202 9 14 17 82 1
1.760 94.907 336.230 10 14 17 126 2
1.760 94.907 336.230 11 14 17 126 2
49.393 128.466 195.062 12 14 17 128 3
49.393 128.466 195.062 13 14 17 128 3
3.532 115.182 353.387 14 14 17 41 1
3.532 115.182 353.387 15 14 17 41 1
3.532 115.182 353.387 16 14 17 41 1
291.561 96.982 20.832 17 14 17 2 1
86.053 82.626 149.363 18 14 17 125 2
86.053 82.626 149.363 19 14 17 125 2
86.053 82.626 149.363 20 14 17 125 2
54.609 85.827 286.256 1 15 17 114 2
54.609 85.827 286.256 2 15 17 114 2
54.609 85.827 286.256 3 15 17 114 2
301.963 33.650 283.431 4 15 17 151 3
301.963 33.650 283.431 5 15 17 151 3
301.963 33.650 283.431 6 15 17 151 3
145.308 38.336 160.635 7 15 17 23 1
145.308 38.336 160.635 8 15 17 23 1
184.140 83.386 287.913 9 15 17 117 2
184.140 83.386 287.913 10 15 17 117 2
1.760 94.907 336.230 11 15 17 126 2
49.393 128.466 195.062 12 15 17 128 3
49.393 128.466 195.062 13 15 17 128 3
49.393 128.466 195.062 14 15 17 128 3
49.393 128.466 195.062 15 15 17 128 3
49.393 128.466 195.062 16 15 17 128 3
291.561 96.982 20.832 17 15 17 2 1
291.561 96.982 20.832 18 15 17 2 1
155.498 61.737 317.325 19 15 17 95 1
155.498 61.737 317.325 20 15 17 95 1
54.609 85.827 286.256 1 16 17 114 2
54.609 85.827 286.256 2 16 17 114 2
54.609 85.827 286.256 3 16 17 114 2
95.493 48.568 345.474 4 16 17 15 1
95.493 48.568 345.474 5 16 17 15 1
95.493 48.568 345.474 6 16 17 15 1
296.638 130.730 280.520 7 16 17 148 1
145.308 38.336 160.635 8 16 17 23 1
184.140 83.386 287.913 9 16 17 117 2
184.140 83.386 287.913 10 16 17 117 2
49.393 128.466 195.062 11 16 17 128 3
49.393 128.466 195.062 12 16 17 128 3
49.393 128.466 195.062 13 16 17 128 3
49.393 128.466 195.062 14 16 17 128 3
49.393 128.466 195.062 15 16 17 128 3
49.393 128.466 195.062 16 16 17 128 3
49.393 128.466 195.062 17 16 17 128 3
291.561 96.982 20.832 18 16 17 2 1
155.498 61.737 317.325 19 16 17 95 1
155.498 61.737 317.325 20 16 17 95 1
54.609 85.827 286.256 1 17 17 114 2
54.609 85.827 286.256 2 17 17 114 2
95.493 48.568 345.474 3 17 17 15 1
95.493 48.568 345.474 4 17 17 15 1
95.493 48.568 345.474 5 17 17 15 1
339.340 88.072 342.375 6 17 17 118 2
296.638 130.730 280.520 7 17 17 148 1
296.638 130.730 280.520 8 17 17 148 1
184.140 83.386 287.913 9 17 17 117 2
49.393 128.466 195.062 10 17 17 128 3
49.393 128.466 195.062 11 17 17 128 3
49.393 128.466 195.062 12 17 17 128 3
49.393 128.466 195.062 13 17 17 128 3
49.393 128.466 195.062 14 17 17 128 3
49.393 128.466 195.062 15 17 17 128 3
49.393 128.466 195.062 16 17 17 128 3
49.393 128.466 195.062 17 17 17 128 3
155.498 61.737 317.325 18 17 17 95 1
155.498 61.737 317.325 19 17 17 95 1
155.498 61.737 317.325 20 17 17 95 1
191.940 146.321 151.044 1 18 17 111 2
191.940 146.321 151.044 2 18 17 111 2
95.493 48.568 345.474 3 18 17 15 1
95.493 48.568 345.474 4 18 17 15 1
339.340 88.072 342.375 5 18 17 118 2
339.340 88.072 342.375 6 18 17 118 2
339.340 88.072 342.375 7 18 17 118 2
26.497 127.045 205.538 8 18 17 58 1
26.497 127.045 205.538 9 18 17 58 1
49.393 128.466 195.062 10 18 17 128 3
49.393 128.466 195.062 11 18 17 128 3
49.393 128.466 195.062 12 18 17 128 3
49.393 128.466 195.062 13 18 17 128 3
49.393 128.466 195.062 14 18 17 128 3
49.393 128.466 195.062 15 18 17 128 3
49.393 128.466 195.062 16 18 17 128 3
49.393 128.466 195.062 17 18 17 128 3
288.778 92.253 151.283 18 18 17 93 1
288.778 92.253 151.283 19 18 17 93 1
155.498 61.737 317.325 20 18 17 95 1
191.940 146.321 151.044 1 19 17 111 2
191.940 146.321 151.044 2 19 17 111 2
191.940 146.321 151.044 3 19 17 111 2
95.493 48.568 345.474 4 19 17 15 1
339.340 88.072 342.375 5 19 17 118 2
339.340 88.072 342.375 6 19 17 118 2
339.340 88.072 342.375 7 19 17 118 2
26.497 127.045 205.538 8 19 17 58 1
297.908 48.139 114.814 9 19 17 94 1
49.393 128.466 195.062 10 19 17 128 3
49.393 128.466 195.062 11 19 17 128 3
49.393 128.466 195.062 12 19 17 128 3
49.393 128.466 195.062 13 19 17 128 3
49.393 128.466 195.062 14 19 17 128 3
49.393 128.466 195.062 15 19 17 128 3
49.393 128.466 195.062 16 19 17 128 3
49.393 128.466 195.062 17 19 17 128 3
288.778 92.253 151.283 18 19 17 93 1
288.778 92.253 151.283 19 19 17 93 1
155.498 61.737 317.325 20 19 17 95 1
191.940 146.321 151.044 1 20 17 111 2
191.940 146.321 151.044 2 20 17 111 2
191.940 146.321 151.044 3 20 17 111 2
191.940 146.321 151.044 4 20 17 111 2
339.340 88.072 342.375 5 20 17 118 2
339.340 88.072 342.375 6 20 17 118 2
339.340 88.072 342.375 7 20 17 118 2
26.497 127.045 205.538 8 20 17 58 1
297.908 48.139 114.814 9 20 17 94 1
49.393 128.466 195.062 10 20 17 128 3
49.393 128.466 195.062 11 20 17 128 3
49.393 128.466 195.062 12 20 17 128 3
49.393 128.466 195.062 13 20 17 128 3
49.393 128.466 195.062 14 20 17 128 3
49.393 128.466 195.062 15 20 17 128 3
49.393 128.466 195.062 16 20 17 128 3
49.393 128.466 195.062 17 20 17 128 3
49.393 128.466 195.062 18 20 17 128 3
288.778 92.253 151.283 19 20 17 93 1
155.498 61.737 317.325 20 20 17 95 1
