230.083 116.318 246.040 1 1 6 129 3
230.083 116.318 246.040 2 1 6 129 3
230.083 116.318 246.040 3 1 6 129 3
230.083 116.318 246.040 4 1 6 129 3
230.083 116.318 246.040 5 1 6 129 3
230.083 116.318 246.040 6 1 6 129 3
230.083 116.318 246.040 7 1 6 129 3
272.166 107.631 241.984 8 1 6 127 2
272.166 107.631 241.984 9 1 6 127 2
272.166 107.631 241.984 10 1 6 127 2
272.166 107.631 241.984 11 1 6 127 2
272.166 107.631 241.984 12 1 6 127 2
272.166 107.631 241.984 13 1 6 127 2
272.166 107.631 241.984 14 1 6 127 2
272.166 107.631 241.984 15 1 6 127 2
272.166 107.631 241.984 16 1 6 127 2
22.177 130.886 310.669 17 1 6 72 1
22.177 130.886 310.669 18 1 6 72 1
22.177 130.886 310.669 19 1 6 72 1
22.177 130.886 310.669 20 1 6 72 1
230.083 116.318 246.040 1 2 6 129 3
230.083 116.318 246.040 2 2 6 129 3
230.083 116.318 246.040 3 2 6 129 3
230.083 116.318 246.040 4 2 6 129 3
230.083 116.318 246.040 5 2 6 129 3
230.083 116.318 246.040 6 2 6 129 3
230.083 116.318 246.040 7 2 6 129 3
272.166 107.631 241.984 8 2 6 127 2
272.166 107.631 241.984 9 2 6 127 2
272.166 107.631 241.984 10 2 6 127 2
272.166 107.631 241.984 11 2 6 127 2
272.166 107.631 241.984 12 2 6 127 2
272.166 107.631 241.984 13 2 6 127 2
272.166 107.631 241.984 14 2 6 127 2
272.166 107.631 241.984 15 2 6 127 2
272.166 107.631 241.984 16 2 6 127 2
22.177 130.886 310.669 17 2 6 72 1
22.177 130.886 310.669 18 2 6 72 1
22.177 130.886 310.669 19 2 6 72 1
22.177 130.886 310.669 20 2 6 72 1
230.083 116.318 246.040 1 3 6 129 3
230.083 116.318 246.040 2 3 6 129 3
230.083 116.318 246.040 3 3 6 129 3
230.083 116.318 246.040 4 3 6 129 3
230.083 116.318 246.040 5 3 6 129 3
230.083 116.318 246.040 6 3 6 129 3
230.083 116.318 246.040 7 3 6 129 3
272.166 107.631 241.984 8 3 6 127 2
272.166 107.631 241.984 9 3 6 127 2
272.166 107.631 241.984 10 3 6 127 2
272.166 107.631 241.984 11 3 6 127 2
272.166 107.631 241.984 12 3 6 127 2
272.166 107.631 241.984 13 3 6 127 2
272.166 107.631 241.984 14 3 6 127 2
272.166 107.631 241.984 15 3 6 127 2
272.166 107.631 241.984 16 3 6 127 2
51.572 89.771 113.885 17 3 6 147 1
51.572 89.771 113.885 18 3 6 147 1
103.646 86.688 349.824 19 3 6 59 1
103.646 86.688 349.824 20 3 6 59 1
230.083 116.318 246.040 1 4 6 129 3
230.083 116.318 246.040 2 4 6 129 3
230.083 116.318 246.040 3 4 6 129 3
230.083 116.318 246.040 4 4 6 129 3
230.083 116.318 246.040 5 4 6 129 3
230.083 116.318 246.040 6 4 6 129 3
230.083 116.318 246.040 7 4 6 129 3
272.166 107.631 241.984 8 4 6 127 2
272.166 107.631 241.984 9 4 6 127 2
272.166 107.631 241.984 10 4 6 127 2
272.166 107.631 241.984 11 4 6 127 2
272.166 107.631 241.984 12 4 6 127 2
272.166 107.631 241.984 13 4 6 127 2
174.586 79.827 68.616 14 4 6 63 1
174.586 79.827 68.616 15 4 6 63 1
179.381 170.863 228.306 16 4 6 100 2
51.572 89.771 113.885 17 4 6 147 1
51.572 89.771 113.885 18 4 6 147 1
103.646 86.688 349.824 19 4 6 59 1
103.646 86.688 349.824 20 4 6 59 1
230.083 116.318 246.040 1 5 6 129 3
230.083 116.318 246.040 2 5 6 129 3
230.083 116.318 246.040 3 5 6 129 3
230.083 116.318 246.040 4 5 6 129 3
230.083 116.318 246.040 5 5 6 129 3
230.083 116.318 246.040 6 5 6 129 3
230.083 116.318 246.040 7 5 6 129 3
272.166 107.631 241.984 8 5 6 127 2
272.166 107.631 241.984 9 5 6 127 2
272.166 107.631 241.984 10 5 6 127 2
272.166 107.631 241.984 11 5 6 127 2
272.166 107.631 241.984 12 5 6 127 2
272.166 107.631 241.984 13 5 6 127 2
272.166 107.631 241.984 14 5 6 127 2
272.166 107.631 241.984 15 5 6 127 2
22.128 65.510 173.313 16 5 6 145 1
22.128 65.510 173.313 17 5 6 145 1
103.646 86.688 349.824 18 5 6 59 1
103.646 86.688 349.824 19 5 6 59 1
103.646 86.688 349.824 20 5 6 59 1
230.083 116.318 246.040 1 6 6 129 3
230.083 116.318 246.040 2 6 6 129 3
230.083 116.318 246.040 3 6 6 129 3
230.083 116.318 246.040 4 6 6 129 3
230.083 116.318 246.040 5 6 6 129 3
230.083 116.318 246.040 6 6 6 129 3
230.083 116.318 246.040 7 6 6 129 3
272.166 107.631 241.984 8 6 6 127 2
272.166 107.631 241.984 9 6 6 127 2
272.166 107.631 241.984 10 6 6 127 2
272.166 107.631 241.984 11 6 6 127 2
272.166 107.631 241.984 12 6 6 127 2
272.166 107.631 241.984 13 6 6 127 2
272.166 107.631 241.984 14 6 6 127 2
272.166 107.631 241.984 15 6 6 127 2
22.128 65.510 173.313 16 6 6 145 1
22.128 65.510 173.313 17 6 6 145 1
103.646 86.688 349.824 18 6 6 59 1
103.646 86.688 349.824 19 6 6 59 1
103.646 86.688 349.824 20 6 6 59 1
230.083 116.318 246.040 1 7 6 129 3
230.083 116.318 246.040 2 7 6 129 3
230.083 116.318 246.040 3 7 6 129 3
230.083 116.318 246.040 4 7 6 129 3
230.083 116.318 246.040 5 7 6 129 3
230.083 116.318 246.040 6 7 6 129 3
230.083 116.318 246.040 7 7 6 129 3
230.083 116.318 246.040 8 7 6 129 3
272.166 107.631 241.984 9 7 6 127 2
272.166 107.631 241.984 10 7 6 127 2
272.166 107.631 241.984 11 7 6 127 2
122.072 116.172 8.684 12 7 6 34 1
272.166 107.631 241.984 13 7 6 127 2
272.166 107.631 241.984 14 7 6 127 2
240.922 124.155 198.249 15 7 6 132 4
240.922 124.155 198.249 16 7 6 132 4
207.130 113.219 335.463 17 7 6 53 1
103.646 86.688 349.824 18 7 6 59 1
183.468 42.246 131.964 19 7 6 12 1
183.468 42.246 131.964 20 7 6 12 1
230.083 116.318 246.040 1 8 6 129 3
230.083 116.318 246.040 2 8 6 129 3
230.083 116.318 246.040 3 8 6 129 3
230.083 116.318 246.040 4 8 6 129 3
230.083 116.318 246.040 5 8 6 129 3
230.083 116.318 246.040 6 8 6 129 3
230.083 116.318 246.040 7 8 6 129 3
230.083 116.318 246.040 8 8 6 129 3
272.166 107.631 241.984 9 8 6 127 2
272.166 107.631 241.984 10 8 6 127 2
240.922 124.155 198.249 11 8 6 132 4
122.072 116.172 8.684 12 8 6 34 1
240.922 124.155 198.249 13 8 6 132 4
240.922 124.155 198.249 14 8 6 132 4
240.922 124.155 198.249 15 8 6 132 4
240.922 124.155 198.249 16 8 6 132 4
240.922 124.155 198.249 17 8 6 132 4
240.922 124.155 198.249 18 8 6 132 4
240.922 124.155 198.249 19 8 6 132 4
81.443 131.834 18.383 20 8 6 11 1
90.772 133.962 228.089 1 9 6 130 4
90.772 133.962 228.089 2 9 6 130 4
230.083 116.318 246.040 3 9 6 129 3
230.083 116.318 246.040 4 9 6 129 3
230.083 116.318 246.040 5 9 6 129 3
230.083 116.318 246.040 6 9 6 129 3
230.083 116.318 246.040 7 9 6 129 3
230.083 116.318 246.040 8 9 6 129 3
287.306 59.729 128.444 9 9 6 52 1
287.306 59.729 128.444 10 9 6 52 1
240.922 124.155 198.249 11 9 6 132 4
240.922 124.155 198.249 12 9 6 132 4
240.922 124.155 198.249 13 9 6 132 4
240.922 124.155 198.249 14 9 6 132 4
240.922 124.155 198.249 15 9 6 132 4
240.922 124.155 198.249 16 9 6 132 4
240.922 124.155 198.249 17 9 6 132 4
240.922 124.155 198.249 18 9 6 132 4
240.922 124.155 198.249 19 9 6 132 4
240.922 124.155 198.249 20 9 6 132 4
90.772 133.962 228.089 1 10 6 130 4
90.772 133.962 228.089 2 10 6 130 4
90.772 133.962 228.089 3 10 6 130 4
230.083 116.318 246.040 4 10 6 129 3
230.083 116.318 246.040 5 10 6 129 3
230.083 116.318 246.040 6 10 6 129 3
230.083 116.318 246.040 7 10 6 129 3
230.083 116.318 246.040 8 10 6 129 3
248.879 114.105 175.518 9 10 6 108 2
248.879 114.105 175.518 10 10 6 108 2
248.879 114.105 175.518 11 10 6 108 2
240.922 124.155 198.249 12 10 6 132 4
240.922 124.155 198.249 13 10 6 132 4
240.922 124.155 198.249 14 10 6 132 4
240.922 124.155 198.249 15 10 6 132 4
240.922 124.155 198.249 16 10 6 132 4
240.922 124.155 198.249 17 10 6 132 4
240.922 124.155 198.249 18 10 6 132 4
240.922 124.155 198.249 19 10 6 132 4
240.922 124.155 198.249 20 10 6 132 4
90.772 133.962 228.089 1 11 6 130 4
90.772 133.962 228.089 2 11 6 130 4
90.772 133.962 228.089 3 11 6 130 4
230.083 116.318 246.040 4 11 6 129 3
230.083 116.318 246.040 5 11 6 129 3
230.083 116.318 246.040 6 11 6 129 3
230.083 116.318 246.040 7 11 6 129 3
248.879 114.105 175.518 8 11 6 108 2
248.879 114.105 175.518 9 11 6 108 2
248.879 114.105 175.518 10 11 6 108 2
248.879 114.105 175.518 11 11 6 108 2
248.879 114.105 175.518 12 11 6 108 2
240.922 124.155 198.249 13 11 6 132 4
240.922 124.155 198.249 14 11 6 132 4
240.922 124.155 198.249 15 11 6 132 4
240.922 124.155 198.249 16 11 6 132 4
240.922 124.155 198.249 17 11 6 132 4
240.922 124.155 198.249 18 11 6 132 4
240.922 124.155 198.249 19 11 6 132 4
240.922 124.155 198.249 20 11 6 132 4
90.772 133.962 228.089 1 12 6 130 4
90.772 133.962 228.089 2 12 6 130 4
90.772 133.962 228.089 3 12 6 130 4
90.772 133.962 228.089 4 12 6 130 4
90.772 133.962 228.089 5 12 6 130 4
230.083 116.318 246.040 6 12 6 129 3
230.083 116.318 246.040 7 12 6 129 3
248.879 114.105 175.518 8 12 6 108 2
248.879 114.105 175.518 9 12 6 108 2
248.879 114.105 175.518 10 12 6 108 2
248.879 114.105 175.518 11 12 6 108 2
248.879 114.105 175.518 12 12 6 108 2
240.922 124.155 198.249 13 12 6 132 4
240.922 124.155 198.249 14 12 6 132 4
240.922 124.155 198.249 15 12 6 132 4
240.922 124.155 198.249 16 12 6 132 4
240.922 124.155 198.249 17 12 6 132 4
240.922 124.155 198.249 18 12 6 132 4
240.922 124.155 198.249 19 12 6 132 4
240.922 124.155 198.249 20 12 6 132 4
90.772 133.962 228.089 1 13 6 130 4
90.772 133.962 228.089 2 13 6 130 4
90.772 133.962 228.089 3 13 6 130 4
90.772 133.962 228.089 4 13 6 130 4
90.772 133.962 228.089 5 13 6 130 4
90.772 133.962 228.089 6 13 6 130 4
90.772 133.962 228.089 7 13 6 130 4
307.644 55.479 181.820 8 13 6 35 1
248.879 114.105 175.518 9 13 6 108 2
248.879 114.105 175.518 10 13 6 108 2
248.879 114.105 175.518 11 13 6 108 2
248.879 114.105 175.518 12 13 6 108 2
55.504 61.936 259.138 13 13 6 133 4
55.504 61.936 259.138 14 13 6 133 4
55.504 61.936 259.138 15 13 6 133 4
55.504 61.936 259.138 16 13 6 133 4
55.504 61.936 259.138 17 13 6 133 4
55.504 61.936 259.138 18 13 6 133 4
55.504 61.936 259.138 19 13 6 133 4
240.922 124.155 198.249 20 13 6 132 4
90.772 133.962 228.089 1 14 6 130 4
90.772 133.962 228.089 2 14 6 130 4
90.772 133.962 228.089 3 14 6 130 4
90.772 133.962 228.089 4 14 6 130 4
90.772 133.962 228.089 5 14 6 130 4
90.772 133.962 228.089 6 14 6 130 4
90.772 133.962 228.089 7 14 6 130 4
307.644 55.479 181.820 8 14 6 35 1
132.762 176.642 357.288 9 14 6 97 2
55.504 61.936 259.138 10 14 6 133 4
55.504 61.936 259.138 11 14 6 133 4
55.504 61.936 259.138 12 14 6 133 4
55.504 61.936 259.138 13 14 6 133 4
55.504 61.936 259.138 14 14 6 133 4
55.504 61.936 259.138 15 14 6 133 4
55.504 61.936 259.138 16 14 6 133 4
55.504 61.936 259.138 17 14 6 133 4
55.504 61.936 259.138 18 14 6 133 4
55.504 61.936 259.138 19 14 6 133 4
55.504 61.936 259.138 20 14 6 133 4
90.772 133.962 228.089 1 15 6 130 4
90.772 133.962 228.089 2 15 6 130 4
90.772 133.962 228.089 3 15 6 130 4
90.772 133.962 228.089 4 15 6 130 4
90.772 133.962 228.089 5 15 6 130 4
90.772 133.962 228.089 6 15 6 130 4
90.772 133.962 228.089 7 15 6 130 4
83.130 84.153 299.339 8 15 6 61 1
83.130 84.153 299.339 9 15 6 61 1
55.504 61.936 259.138 10 15 6 133 4
55.504 61.936 259.138 11 15 6 133 4
55.504 61.936 259.138 12 15 6 133 4
55.504 61.936 259.138 13 15 6 133 4
55.504 61.936 259.138 14 15 6 133 4
55.504 61.936 259.138 15 15 6 133 4
55.504 61.936 259.138 16 15 6 133 4
55.504 61.936 259.138 17 15 6 133 4
55.504 61.936 259.138 18 15 6 133 4
55.504 61.936 259.138 19 15 6 133 4
55.504 61.936 259.138 20 15 6 133 4
90.772 133.962 228.089 1 16 6 130 4
90.772 133.962 228.089 2 16 6 130 4
90.772 133.962 228.089 3 16 6 130 4
90.772 133.962 228.089 4 16 6 130 4
90.772 133.962 228.089 5 16 6 130 4
90.772 133.962 228.089 6 16 6 130 4
90.772 133.962 228.089 7 16 6 130 4
55.504 61.936 259.138 8 16 6 133 4
55.504 61.936 259.138 9 16 6 133 4
55.504 61.936 259.138 10 16 6 133 4
55.504 61.936 259.138 11 16 6 133 4
55.504 61.936 259.138 12 16 6 133 4
55.504 61.936 259.138 13 16 6 133 4
55.504 61.936 259.138 14 16 6 133 4
55.504 61.936 259.138 15 16 6 133 4
55.504 61.936 259.138 16 16 6 133 4
55.504 61.936 259.138 17 16 6 133 4
55.504 61.936 259.138 18 16 6 133 4
55.504 61.936 259.138 19 16 6 133 4
55.504 61.936 259.138 20 16 6 133 4
90.772 133.962 228.089 1 17 6 130 4
90.772 133.962 228.089 2 17 6 130 4
90.772 133.962 228.089 3 17 6 130 4
90.772 133.962 228.089 4 17 6 130 4
90.772 133.962 228.089 5 17 6 130 4
90.772 133.962 228.089 6 17 6 130 4
90.772 133.962 228.089 7 17 6 130 4
55.504 61.936 259.138 8 17 6 133 4
55.504 61.936 259.138 9 17 6 133 4
55.504 61.936 259.138 10 17 6 133 4
55.504 61.936 259.138 11 17 6 133 4
55.504 61.936 259.138 12 17 6 133 4
55.504 61.936 259.138 13 17 6 133 4
55.504 61.936 259.138 14 17 6 133 4
55.504 61.936 259.138 15 17 6 133 4
55.504 61.936 259.138 16 17 6 133 4
55.504 61.936 259.138 17 17 6 133 4
55.504 61.936 259.138 18 17 6 133 4
55.504 61.936 259.138 19 17 6 133 4
55.504 61.936 259.138 20 17 6 133 4
90.772 133.962 228.089 1 18 6 130 4
90.772 133.962 228.089 2 18 6 130 4
90.772 133.962 228.089 3 18 6 130 4
90.772 133.962 228.089 4 18 6 130 4
90.772 133.962 228.089 5 18 6 130 4
90.772 133.962 228.089 6 18 6 130 4
90.772 133.962 228.089 7 18 6 130 4
55.504 61.936 259.138 8 18 6 133 4
55.504 61.936 259.138 9 18 6 133 4
55.504 61.936 259.138 10 18 6 133 4
55.504 61.936 259.138 11 18 6 133 4
55.504 61.936 259.138 12 18 6 133 4
55.504 61.936 259.138 13 18 6 133 4
55.504 61.936 259.138 14 18 6 133 4
55.504 61.936 259.138 15 18 6 133 4
55.504 61.936 259.138 16 18 6 133 4
55.504 61.936 259.138 17 18 6 133 4
55.504 61.936 259.138 18 18 6 133 4
55.504 61.936 259.138 19 18 6 133 4
55.504 61.936 259.138 20 18 6 133 4
301.963 33.650 283.431 1 19 6 151 3
301.963 33.650 283.431 2 19 6 151 3
301.963 33.650 283.431 3 19 6 151 3
90.772 133.962 228.089 4 19 6 130 4
90.772 133.962 228.089 5 19 6 130 4
90.772 133.962 228.089 6 19 6 130 4
90.772 133.962 228.089 7 19 6 130 4
55.504 61.936 259.138 8 19 6 133 4
55.504 61.936 259.138 9 19 6 133 4
55.504 61.936 259.138 10 19 6 133 4
55.504 61.936 259.138 11 19 6 133 4
55.504 61.936 259.138 12 19 6 133 4
55.504 61.936 259.138 13 19 6 133 4
55.504 61.936 259.138 14 19 6 133 4
55.504 61.936 259.138 15 19 6 133 4
55.504 61.936 259.138 16 19 6 133 4
55.504 61.936 259.138 17 19 6 133 4
55.504 61.936 259.138 18 19 6 133 4
55.504 61.936 259.138 19 19 6 133 4
55.504 61.936 259.138 20 19 6 133 4
301.963 33.650 283.431 1 20 6 151 3
301.963 33.650 283.431 2 20 6 151 3
301.963 33.650 283.431 3 20 6 151 3
301.963 33.650 283.431 4 20 6 151 3
301.963 33.650 283.431 5 20 6 151 3
301.963 33.650 283.431 6 20 6 151 3
128.141 78.008 141.550 7 20 6 141 1
128.141 78.008 141.550 8 20 6 141 1
55.504 61.936 259.138 9 20 6 133 4
55.504 61.936 259.138 10 20 6 133 4
55.504 61.936 259.138 11 20 6 133 4
55.504 61.936 259.138 12 20 6 133 4
55.504 61.936 259.138 13 20 6 133 4
55.504 61.936 259.138 14 20 6 133 4
55.504 61.936 259.138 15 20 6 133 4
55.504 61.936 259.138 16 20 6 133 4
55.504 61.936 259.138 17 20 6 133 4
55.504 61.936 259.138 18 20 6 133 4
55.504 61.936 259.138 19 20 6 133 4
241.015 48.885 67.111 20 20 6 38 1
