230.083 116.318 246.040 1 1 4 129 3
230.083 116.318 246.040 2 1 4 129 3
230.083 116.318 246.040 3 1 4 129 3
230.083 116.318 246.040 4 1 4 129 3
230.083 116.318 246.040 5 1 4 129 3
230.083 116.318 246.040 6 1 4 129 3
230.083 116.318 246.040 7 1 4 129 3
230.083 116.318 246.040 8 1 4 129 3
272.166 107.631 241.984 9 1 4 127 2
272.166 107.631 241.984 10 1 4 127 2
272.166 107.631 241.984 11 1 4 127 2
272.166 107.631 241.984 12 1 4 127 2
272.166 107.631 241.984 13 1 4 127 2
272.166 107.631 241.984 14 1 4 127 2
272.166 107.631 241.984 15 1 4 127 2
22.177 130.886 310.669 16 1 4 72 1
22.177 130.886 310.669 17 1 4 72 1
22.177 130.886 310.669 18 1 4 72 1
22.177 130.886 310.669 19 1 4 72 1
22.177 130.886 310.669 20 1 4 72 1
230.083 116.318 246.040 1 2 4 129 3
230.083 116.318 246.040 2 2 4 129 3
230.083 116.318 246.040 3 2 4 129 3
230.083 116.318 246.040 4 2 4 129 3
230.083 116.318 246.040 5 2 4 129 3
230.083 116.318 246.040 6 2 4 129 3
230.083 116.318 246.040 7 2 4 129 3
230.083 116.318 246.040 8 2 4 129 3
272.166 107.631 241.984 9 2 4 127 2
272.166 107.631 241.984 10 2 4 127 2
272.166 107.631 241.984 11 2 4 127 2
272.166 107.631 241.984 12 2 4 127 2
272.166 107.631 241.984 13 2 4 127 2
272.166 107.631 241.984 14 2 4 127 2
179.381 170.863 228.306 15 2 4 100 2
179.381 170.863 228.306 16 2 4 100 2
22.177 130.886 310.669 17 2 4 72 1
22.177 130.886 310.669 18 2 4 72 1
22.177 130.886 310.669 19 2 4 72 1
22.177 130.886 310.669 20 2 4 72 1
230.083 116.318 246.040 1 3 4 129 3
230.083 116.318 246.040 2 3 4 129 3
230.083 116.318 246.040 3 3 4 129 3
230.083 116.318 246.040 4 3 4 129 3
230.083 116.318 246.040 5 3 4 129 3
230.083 116.318 246.040 6 3 4 129 3
230.083 116.318 246.040 7 3 4 129 3
230.083 116.318 246.040 8 3 4 129 3
272.166 107.631 241.984 9 3 4 127 2
272.166 107.631 241.984 10 3 4 127 2
272.166 107.631 241.984 11 3 4 127 2
272.166 107.631 241.984 12 3 4 127 2
272.166 107.631 241.984 13 3 4 127 2
214.061 22.287 294.539 14 3 4 17 1
179.381 170.863 228.306 15 3 4 100 2
179.381 170.863 228.306 16 3 4 100 2
37.095 171.055 106.342 17 3 4 105 2
22.177 130.886 310.669 18 3 4 72 1
22.177 130.886 310.669 19 3 4 72 1
22.177 130.886 310.669 20 3 4 72 1
230.083 116.318 246.040 1 4 4 129 3
230.083 116.318 246.040 2 4 4 129 3
230.083 116.318 246.040 3 4 4 129 3
230.083 116.318 246.040 4 4 4 129 3
230.083 116.318 246.040 5 4 4 129 3
230.083 116.318 246.040 6 4 4 129 3
230.083 116.318 246.040 7 4 4 129 3
272.166 107.631 241.984 8 4 4 127 2
272.166 107.631 241.984 9 4 4 127 2
272.166 107.631 241.984 10 4 4 127 2
272.166 107.631 241.984 11 4 4 127 2
272.166 107.631 241.984 12 4 4 127 2
272.166 107.631 241.984 13 4 4 127 2
179.381 170.863 228.306 14 4 4 100 2
179.381 170.863 228.306 15 4 4 100 2
179.381 170.863 228.306 16 4 4 100 2
37.095 171.055 106.342 17 4 4 105 2
37.095 171.055 106.342 18 4 4 105 2
22.177 130.886 310.669 19 4 4 72 1
22.177 130.886 310.669 20 4 4 72 1
230.083 116.318 246.040 1 5 4 129 3
230.083 116.318 246.040 2 5 4 129 3
230.083 116.318 246.040 3 5 4 129 3
230.083 116.318 246.040 4 5 4 129 3
230.083 116.318 246.040 5 5 4 129 3
230.083 116.318 246.040 6 5 4 129 3
230.083 116.318 246.040 7 5 4 129 3
230.083 116.318 246.040 8 5 4 129 3
272.166 107.631 241.984 9 5 4 127 2
272.166 107.631 241.984 10 5 4 127 2
272.166 107.631 241.984 11 5 4 127 2
272.166 107.631 241.984 12 5 4 127 2
272.166 107.631 241.984 13 5 4 127 2
272.166 107.631 241.984 14 5 4 127 2
179.381 170.863 228.306 15 5 4 100 2
22.128 65.510 173.313 16 5 4 145 1
22.128 65.510 173.313 17 5 4 145 1
37.095 171.055 106.342 18 5 4 105 2
22.177 130.886 310.669 19 5 4 72 1
22.177 130.886 310.669 20 5 4 72 1
230.083 116.318 246.040 1 6 4 129 3
230.083 116.318 246.040 2 6 4 129 3
230.083 116.318 246.040 3 6 4 129 3
230.083 116.318 246.040 4 6 4 129 3
230.083 116.318 246.040 5 6 4 129 3
230.083 116.318 246.040 6 6 4 129 3
230.083 116.318 246.040 7 6 4 129 3
230.083 116.318 246.040 8 6 4 129 3
272.166 107.631 241.984 9 6 4 127 2
272.166 107.631 241.984 10 6 4 127 2
272.166 107.631 241.984 11 6 4 127 2
272.166 107.631 241.984 12 6 4 127 2
272.166 107.631 241.984 13 6 4 127 2
240.922 124.155 198.249 14 6 4 132 4
240.922 124.155 198.249 15 6 4 132 4
22.128 65.510 173.313 16 6 4 145 1
22.128 65.510 173.313 17 6 4 145 1
22.128 65.510 173.313 18 6 4 145 1
22.177 130.886 310.669 19 6 4 72 1
22.177 130.886 310.669 20 6 4 72 1
230.083 116.318 246.040 1 7 4 129 3
230.083 116.318 246.040 2 7 4 129 3
230.083 116.318 246.040 3 7 4 129 3
230.083 116.318 246.040 4 7 4 129 3
230.083 116.318 246.040 5 7 4 129 3
230.083 116.318 246.040 6 7 4 129 3
230.083 116.318 246.040 7 7 4 129 3
230.083 116.318 246.040 8 7 4 129 3
272.166 107.631 241.984 9 7 4 127 2
272.166 107.631 241.984 10 7 4 127 2
240.922 124.155 198.249 11 7 4 132 4
240.922 124.155 198.249 12 7 4 132 4
240.922 124.155 198.249 13 7 4 132 4
240.922 124.155 198.249 14 7 4 132 4
240.922 124.155 198.249 15 7 4 132 4
240.922 124.155 198.249 16 7 4 132 4
240.922 124.155 198.249 17 7 4 132 4
240.922 124.155 198.249 18 7 4 132 4
240.922 124.155 198.249 19 7 4 132 4
240.922 124.155 198.249 20 7 4 132 4
230.083 116.318 246.040 1 8 4 129 3
230.083 116.318 246.040 2 8 4 129 3
230.083 116.318 246.040 3 8 4 129 3
230.083 116.318 246.040 4 8 4 129 3
230.083 116.318 246.040 5 8 4 129 3
230.083 116.318 246.040 6 8 4 129 3
230.083 116.318 246.040 7 8 4 129 3
230.083 116.318 246.040 8 8 4 129 3
240.922 124.155 198.249 9 8 4 132 4
240.922 124.155 198.249 10 8 4 132 4
240.922 124.155 198.249 11 8 4 132 4
240.922 124.155 198.249 12 8 4 132 4
240.922 124.155 198.249 13 8 4 132 4
240.922 124.155 198.249 14 8 4 132 4
240.922 124.155 198.249 15 8 4 132 4
240.922 124.155 198.249 16 8 4 132 4
240.922 124.155 198.249 17 8 4 132 4
238.448 75.506 199.488 18 8 4 78 1
240.922 124.155 198.249 19 8 4 132 4
240.922 124.155 198.249 20 8 4 132 4
90.772 133.962 228.089 1 9 4 130 4
230.083 116.318 246.040 2 9 4 129 3
230.083 116.318 246.040 3 9 4 129 3
230.083 116.318 246.040 4 9 4 129 3
230.083 116.318 246.040 5 9 4 129 3
230.083 116.318 246.040 6 9 4 129 3
230.083 116.318 246.040 7 9 4 129 3
230.083 116.318 246.040 8 9 4 129 3
240.922 124.155 198.249 9 9 4 132 4
240.922 124.155 198.249 10 9 4 132 4
240.922 124.155 198.249 11 9 4 132 4
240.922 124.155 198.249 12 9 4 132 4
240.922 124.155 198.249 13 9 4 132 4
240.922 124.155 198.249 14 9 4 132 4
240.922 124.155 198.249 15 9 4 132 4
240.922 124.155 198.249 16 9 4 132 4
240.922 124.155 198.249 17 9 4 132 4
240.922 124.155 198.249 18 9 4 132 4
240.922 124.155 198.249 19 9 4 132 4
240.922 124.155 198.249 20 9 4 132 4
90.772 133.962 228.089 1 10 4 130 4
90.772 133.962 228.089 2 10 4 130 4
230.083 116.318 246.040 3 10 4 129 3
230.083 116.318 246.040 4 10 4 129 3
230.083 116.318 246.040 5 10 4 129 3
230.083 116.318 246.040 6 10 4 129 3
230.083 116.318 246.040 7 10 4 129 3
230.083 116.318 246.040 8 10 4 129 3
240.922 124.155 198.249 9 10 4 132 4
240.922 124.155 198.249 10 10 4 132 4
240.922 124.155 198.249 11 10 4 132 4
240.922 124.155 198.249 12 10 4 132 4
240.922 124.155 198.249 13 10 4 132 4
240.922 124.155 198.249 14 10 4 132 4
240.922 124.155 198.249 15 10 4 132 4
240.922 124.155 198.249 16 10 4 132 4
240.922 124.155 198.249 17 10 4 132 4
240.922 124.155 198.249 18 10 4 132 4
240.922 124.155 198.249 19 10 4 132 4
240.922 124.155 198.249 20 10 4 132 4
90.772 133.962 228.089 1 11 4 130 4
90.772 133.962 228.089 2 11 4 130 4
90.772 133.962 228.089 3 11 4 130 4
230.083 116.318 246.040 4 11 4 129 3
230.083 116.318 246.040 5 11 4 129 3
230.083 116.318 246.040 6 11 4 129 3
230.083 116.318 246.040 7 11 4 129 3
230.083 116.318 246.040 8 11 4 129 3
240.922 124.155 198.249 9 11 4 132 4
240.922 124.155 198.249 10 11 4 132 4
240.922 124.155 198.249 11 11 4 132 4
240.922 124.155 198.249 12 11 4 132 4
240.922 124.155 198.249 13 11 4 132 4
240.922 124.155 198.249 14 11 4 132 4
240.922 124.155 198.249 15 11 4 132 4
240.922 124.155 198.249 16 11 4 132 4
240.922 124.155 198.249 17 11 4 132 4
240.922 124.155 198.249 18 11 4 132 4
240.922 124.155 198.249 19 11 4 132 4
240.922 124.155 198.249 20 11 4 132 4
90.772 133.962 228.089 1 12 4 130 4
90.772 133.962 228.089 2 12 4 130 4
90.772 133.962 228.089 3 12 4 130 4
90.772 133.962 228.089 4 12 4 130 4
90.772 133.962 228.089 5 12 4 130 4
230.083 116.318 246.040 6 12 4 129 3
230.083 116.318 246.040 7 12 4 129 3
230.083 116.318 246.040 8 12 4 129 3
171.455 38.128 315.891 9 12 4 8 1
240.922 124.155 198.249 10 12 4 132 4
240.922 124.155 198.249 11 12 4 132 4
240.922 124.155 198.249 12 12 4 132 4
240.922 124.155 198.249 13 12 4 132 4
240.922 124.155 198.249 14 12 4 132 4
240.922 124.155 198.249 15 12 4 132 4
240.922 124.155 198.249 16 12 4 132 4
240.922 124.155 198.249 17 12 4 132 4
240.922 124.155 198.249 18 12 4 132 4
240.922 124.155 198.249 19 12 4 132 4
240.922 124.155 198.249 20 12 4 132 4
90.772 133.962 228.089 1 13 4 130 4
90.772 133.962 228.089 2 13 4 130 4
90.772 133.962 228.089 3 13 4 130 4
90.772 133.962 228.089 4 13 4 130 4
90.772 133.962 228.089 5 13 4 130 4
90.772 133.962 228.089 6 13 4 130 4
90.772 133.962 228.089 7 13 4 130 4
132.762 176.642 357.288 8 13 4 97 2
132.762 176.642 357.288 9 13 4 97 2
132.762 176.642 357.288 10 13 4 97 2
132.762 176.642 357.288 11 13 4 97 2
55.504 61.936 259.138 12 13 4 133 4
55.504 61.936 259.138 13 13 4 133 4
55.504 61.936 259.138 14 13 4 133 4
240.922 124.155 198.249 15 13 4 132 4
240.922 124.155 198.249 16 13 4 132 4
240.922 124.155 198.249 17 13 4 132 4
240.922 124.155 198.249 18 13 4 132 4
240.922 124.155 198.249 19 13 4 132 4
240.922 124.155 198.249 20 13 4 132 4
90.772 133.962 228.089 1 14 4 130 4
90.772 133.962 228.089 2 14 4 130 4
90.772 133.962 228.089 3 14 4 130 4
90.772 133.962 228.089 4 14 4 130 4
90.772 133.962 228.089 5 14 4 130 4
90.772 133.962 228.089 6 14 4 130 4
90.772 133.962 228.089 7 14 4 130 4
132.762 176.642 357.288 8 14 4 97 2
132.762 176.642 357.288 9 14 4 97 2
132.762 176.642 357.288 10 14 4 97 2
132.762 176.642 357.288 11 14 4 97 2
55.504 61.936 259.138 12 14 4 133 4
55.504 61.936 259.138 13 14 4 133 4
55.504 61.936 259.138 14 14 4 133 4
55.504 61.936 259.138 15 14 4 133 4
55.504 61.936 259.138 16 14 4 133 4
55.504 61.936 259.138 17 14 4 133 4
240.922 124.155 198.249 18 14 4 132 4
240.922 124.155 198.249 19 14 4 132 4
240.922 124.155 198.249 20 14 4 132 4
90.772 133.962 228.089 1 15 4 130 4
90.772 133.962 228.089 2 15 4 130 4
90.772 133.962 228.089 3 15 4 130 4
90.772 133.962 228.089 4 15 4 130 4
90.772 133.962 228.089 5 15 4 130 4
90.772 133.962 228.089 6 15 4 130 4
90.772 133.962 228.089 7 15 4 130 4
90.772 133.962 228.089 8 15 4 130 4
132.762 176.642 357.288 9 15 4 97 2
132.762 176.642 357.288 10 15 4 97 2
55.504 61.936 259.138 11 15 4 133 4
55.504 61.936 259.138 12 15 4 133 4
55.504 61.936 259.138 13 15 4 133 4
55.504 61.936 259.138 14 15 4 133 4
55.504 61.936 259.138 15 15 4 133 4
55.504 61.936 259.138 16 15 4 133 4
55.504 61.936 259.138 17 15 4 133 4
55.504 61.936 259.138 18 15 4 133 4
55.504 61.936 259.138 19 15 4 133 4
240.922 124.155 198.249 20 15 4 132 4
90.772 133.962 228.089 1 16 4 130 4
90.772 133.962 228.089 2 16 4 130 4
90.772 133.962 228.089 3 16 4 130 4
90.772 133.962 228.089 4 16 4 130 4
90.772 133.962 228.089 5 16 4 130 4
90.772 133.962 228.089 6 16 4 130 4
90.772 133.962 228.089 7 16 4 130 4
55.504 61.936 259.138 8 16 4 133 4
55.504 61.936 259.138 9 16 4 133 4
55.504 61.936 259.138 10 16 4 133 4
55.504 61.936 259.138 11 16 4 133 4
55.504 61.936 259.138 12 16 4 133 4
55.504 61.936 259.138 13 16 4 133 4
55.504 61.936 259.138 14 16 4 133 4
55.504 61.936 259.138 15 16 4 133 4
55.504 61.936 259.138 16 16 4 133 4
55.504 61.936 259.138 17 16 4 133 4
55.504 61.936 259.138 18 16 4 133 4
55.504 61.936 259.138 19 16 4 133 4
55.504 61.936 259.138 20 16 4 133 4
90.772 133.962 228.089 1 17 4 130 4
90.772 133.962 228.089 2 17 4 130 4
90.772 133.962 228.089 3 17 4 130 4
90.772 133.962 228.089 4 17 4 130 4
90.772 133.962 228.089 5 17 4 130 4
90.772 133.962 228.089 6 17 4 130 4
90.772 133.962 228.089 7 17 4 130 4
55.504 61.936 259.138 8 17 4 133 4
55.504 61.936 259.138 9 17 4 133 4
55.504 61.936 259.138 10 17 4 133 4
55.504 61.936 259.138 11 17 4 133 4
55.504 61.936 259.138 12 17 4 133 4
55.504 61.936 259.138 13 17 4 133 4
55.504 61.936 259.138 14 17 4 133 4
55.504 61.936 259.138 15 17 4 133 4
55.504 61.936 259.138 16 17 4 133 4
55.504 61.936 259.138 17 17 4 133 4
55.504 61.936 259.138 18 17 4 133 4
55.504 61.936 259.138 19 17 4 133 4
55.504 61.936 259.138 20 17 4 133 4
319.265 69.766 239.319 1 18 4 21 1
319.265 69.766 239.319 2 18 4 21 1
90.772 133.962 228.089 3 18 4 130 4
90.772 133.962 228.089 4 18 4 130 4
90.772 133.962 228.089 5 18 4 130 4
90.772 133.962 228.089 6 18 4 130 4
90.772 133.962 228.089 7 18 4 130 4
55.504 61.936 259.138 8 18 4 133 4
55.504 61.936 259.138 9 18 4 133 4
55.504 61.936 259.138 10 18 4 133 4
55.504 61.936 259.138 11 18 4 133 4
55.504 61.936 259.138 12 18 4 133 4
55.504 61.936 259.138 13 18 4 133 4
55.504 61.936 259.138 14 18 4 133 4
55.504 61.936 259.138 15 18 4 133 4
55.504 61.936 259.138 16 18 4 133 4
55.504 61.936 259.138 17 18 4 133 4
55.504 61.936 259.138 18 18 4 133 4
55.504 61.936 259.138 19 18 4 133 4
55.504 61.936 259.138 20 18 4 133 4
319.265 69.766 239.319 1 19 4 21 1
90.772 133.962 228.089 2 19 4 130 4
90.772 133.962 228.089 3 19 4 130 4
90.772 133.962 228.089 4 19 4 130 4
90.772 133.962 228.089 5 19 4 130 4
90.772 133.962 228.089 6 19 4 130 4
55.504 61.936 259.138 7 19 4 133 4
55.504 61.936 259.138 8 19 4 133 4
55.504 61.936 259.138 9 19 4 133 4
55.504 61.936 259.138 10 19 4 133 4
55.504 61.936 259.138 11 19 4 133 4
55.504 61.936 259.138 12 19 4 133 4
55.504 61.936 259.138 13 19 4 133 4
55.504 61.936 259.138 14 19 4 133 4
55.504 61.936 259.138 15 19 4 133 4
55.504 61.936 259.138 16 19 4 133 4
55.504 61.936 259.138 17 19 4 133 4
55.504 61.936 259.138 18 19 4 133 4
55.504 61.936 259.138 19 19 4 133 4
55.504 61.936 259.138 20 19 4 133 4
319.265 69.766 239.319 1 20 4 21 1
90.772 133.962 228.089 2 20 4 130 4
90.772 133.962 228.089 3 20 4 130 4
90.772 133.962 228.089 4 20 4 130 4
90.772 133.962 228.089 5 20 4 130 4
55.504 61.936 259.138 6 20 4 133 4
55.504 61.936 259.138 7 20 4 133 4
55.504 61.936 259.138 8 20 4 133 4
55.504 61.936 259.138 9 20 4 133 4
55.504 61.936 259.138 10 20 4 133 4
55.504 61.936 259.138 11 20 4 133 4
55.504 61.936 259.138 12 20 4 133 4
55.504 61.936 259.138 13 20 4 133 4
55.504 61.936 259.138 14 20 4 133 4
55.504 61.936 259.138 15 20 4 133 4
55.504 61.936 259.138 16 20 4 133 4
55.504 61.936 259.138 17 20 4 133 4
55.504 61.936 259.138 18 20 4 133 4
55.504 61.936 259.138 19 20 4 133 4
75.368 89.430 224.907 20 20 4 80 1
