43.474 102.962 66.521 1 1 20 385 3
43.474 102.962 66.521 2 1 20 385 3
43.474 102.962 66.521 3 1 20 385 3
43.474 102.962 66.521 4 1 20 385 3
43.474 102.962 66.521 5 1 20 385 3
43.474 102.962 66.521 6 1 20 385 3
43.474 102.962 66.521 7 1 20 385 3
43.474 102.962 66.521 8 1 20 385 3
43.474 102.962 66.521 9 1 20 385 3
43.474 102.962 66.521 10 1 20 385 3
43.474 102.962 66.521 11 1 20 385 3
43.474 102.962 66.521 12 1 20 385 3
43.474 102.962 66.521 13 1 20 385 3
43.474 102.962 66.521 14 1 20 385 3
43.474 102.962 66.521 15 1 20 385 3
46.144 91.644 311.474 16 1 20 366 2
46.144 91.644 311.474 17 1 20 366 2
46.144 91.644 311.474 18 1 20 366 2
46.144 91.644 311.474 19 1 20 366 2
46.144 91.644 311.474 20 1 20 366 2
46.144 91.644 311.474 21 1 20 366 2
46.144 91.644 311.474 22 1 20 366 2
2.702 45.563 147.210 23 1 20 386 4
2.702 45.563 147.210 24 1 20 386 4
56.862 145.713 194.301 25 1 20 383 3
56.862 145.713 194.301 26 1 20 383 3
56.862 145.713 194.301 27 1 20 383 3
56.862 145.713 194.301 28 1 20 383 3
356.484 138.896 297.071 29 1 20 91 1
356.484 138.896 297.071 30 1 20 91 1
147.647 51.460 144.593 1 2 20 236 1
43.474 102.962 66.521 2 2 20 385 3
43.474 102.962 66.521 3 2 20 385 3
43.474 102.962 66.521 4 2 20 385 3
43.474 102.962 66.521 5 2 20 385 3
43.474 102.962 66.521 6 2 20 385 3
43.474 102.962 66.521 7 2 20 385 3
43.474 102.962 66.521 8 2 20 385 3
43.474 102.962 66.521 9 2 20 385 3
43.474 102.962 66.521 10 2 20 385 3
43.474 102.962 66.521 11 2 20 385 3
43.474 102.962 66.521 12 2 20 385 3
43.474 102.962 66.521 13 2 20 385 3
43.474 102.962 66.521 14 2 20 385 3
64.172 33.188 69.813 15 2 20 387 4
64.172 33.188 69.813 16 2 20 387 4
64.172 33.188 69.813 17 2 20 387 4
46.144 91.644 311.474 18 2 20 366 2
46.144 91.644 311.474 19 2 20 366 2
46.144 91.644 311.474 20 2 20 366 2
46.144 91.644 311.474 21 2 20 366 2
46.144 91.644 311.474 22 2 20 366 2
2.702 45.563 147.210 23 2 20 386 4
2.702 45.563 147.210 24 2 20 386 4
2.702 45.563 147.210 25 2 20 386 4
2.702 45.563 147.210 26 2 20 386 4
2.702 45.563 147.210 27 2 20 386 4
74.010 122.249 19.871 28 2 20 151 1
356.484 138.896 297.071 29 2 20 91 1
356.484 138.896 297.071 30 2 20 91 1
147.647 51.460 144.593 1 3 20 236 1
43.474 102.962 66.521 2 3 20 385 3
43.474 102.962 66.521 3 3 20 385 3
43.474 102.962 66.521 4 3 20 385 3
248.456 107.061 348.281 5 3 20 175 1
43.474 102.962 66.521 6 3 20 385 3
43.474 102.962 66.521 7 3 20 385 3
43.474 102.962 66.521 8 3 20 385 3
43.474 102.962 66.521 9 3 20 385 3
43.474 102.962 66.521 10 3 20 385 3
43.474 102.962 66.521 11 3 20 385 3
43.474 102.962 66.521 12 3 20 385 3
43.474 102.962 66.521 13 3 20 385 3
43.474 102.962 66.521 14 3 20 385 3
64.172 33.188 69.813 15 3 20 387 4
64.172 33.188 69.813 16 3 20 387 4
64.172 33.188 69.813 17 3 20 387 4
46.144 91.644 311.474 18 3 20 366 2
46.144 91.644 311.474 19 3 20 366 2
46.144 91.644 311.474 20 3 20 366 2
46.144 91.644 311.474 21 3 20 366 2
46.144 91.644 311.474 22 3 20 366 2
46.144 91.644 311.474 23 3 20 366 2
2.702 45.563 147.210 24 3 20 386 4
2.702 45.563 147.210 25 3 20 386 4
2.702 45.563 147.210 26 3 20 386 4
74.010 122.249 19.871 27 3 20 151 1
74.010 122.249 19.871 28 3 20 151 1
74.010 122.249 19.871 29 3 20 151 1
356.484 138.896 297.071 30 3 20 91 1
147.647 51.460 144.593 1 4 20 236 1
147.647 51.460 144.593 2 4 20 236 1
43.474 102.962 66.521 3 4 20 385 3
43.474 102.962 66.521 4 4 20 385 3
43.474 102.962 66.521 5 4 20 385 3
43.474 102.962 66.521 6 4 20 385 3
43.474 102.962 66.521 7 4 20 385 3
43.474 102.962 66.521 8 4 20 385 3
43.474 102.962 66.521 9 4 20 385 3
43.474 102.962 66.521 10 4 20 385 3
43.474 102.962 66.521 11 4 20 385 3
43.474 102.962 66.521 12 4 20 385 3
43.474 102.962 66.521 13 4 20 385 3
62.826 133.998 82.566 14 4 20 102 1
64.172 33.188 69.813 15 4 20 387 4
64.172 33.188 69.813 16 4 20 387 4
64.172 33.188 69.813 17 4 20 387 4
46.144 91.644 311.474 18 4 20 366 2
46.144 91.644 311.474 19 4 20 366 2
46.144 91.644 311.474 20 4 20 366 2
46.144 91.644 311.474 21 4 20 366 2
46.144 91.644 311.474 22 4 20 366 2
46.144 91.644 311.474 23 4 20 366 2
2.702 45.563 147.210 24 4 20 386 4
2.702 45.563 147.210 25 4 20 386 4
2.702 45.563 147.210 26 4 20 386 4
74.010 122.249 19.871 27 4 20 151 1
74.010 122.249 19.871 28 4 20 151 1
74.010 122.249 19.871 29 4 20 151 1
74.010 122.249 19.871 30 4 20 151 1
147.647 51.460 144.593 1 5 20 236 1
147.647 51.460 144.593 2 5 20 236 1
43.474 102.962 66.521 3 5 20 385 3
43.474 102.962 66.521 4 5 20 385 3
43.474 102.962 66.521 5 5 20 385 3
43.474 102.962 66.521 6 5 20 385 3
43.474 102.962 66.521 7 5 20 385 3
43.474 102.962 66.521 8 5 20 385 3
43.474 102.962 66.521 9 5 20 385 3
43.474 102.962 66.521 10 5 20 385 3
43.474 102.962 66.521 11 5 20 385 3
43.474 102.962 66.521 12 5 20 385 3
43.474 102.962 66.521 13 5 20 385 3
62.826 133.998 82.566 14 5 20 102 1
62.826 133.998 82.566 15 5 20 102 1
187.242 41.142 139.857 16 5 20 395 4
187.242 41.142 139.857 17 5 20 395 4
187.242 41.142 139.857 18 5 20 395 4
187.242 41.142 139.857 19 5 20 395 4
46.144 91.644 311.474 20 5 20 366 2
46.144 91.644 311.474 21 5 20 366 2
46.144 91.644 311.474 22 5 20 366 2
46.144 91.644 311.474 23 5 20 366 2
46.144 91.644 311.474 24 5 20 366 2
46.144 91.644 311.474 25 5 20 366 2
2.702 45.563 147.210 26 5 20 386 4
31.280 46.456 54.106 27 5 20 338 2
31.280 46.456 54.106 28 5 20 338 2
74.010 122.249 19.871 29 5 20 151 1
74.010 122.249 19.871 30 5 20 151 1
147.647 51.460 144.593 1 6 20 236 1
43.474 102.962 66.521 2 6 20 385 3
43.474 102.962 66.521 3 6 20 385 3
43.474 102.962 66.521 4 6 20 385 3
43.474 102.962 66.521 5 6 20 385 3
43.474 102.962 66.521 6 6 20 385 3
43.474 102.962 66.521 7 6 20 385 3
43.474 102.962 66.521 8 6 20 385 3
43.474 102.962 66.521 9 6 20 385 3
43.474 102.962 66.521 10 6 20 385 3
43.474 102.962 66.521 11 6 20 385 3
43.474 102.962 66.521 12 6 20 385 3
187.242 41.142 139.857 13 6 20 395 4
62.826 133.998 82.566 14 6 20 102 1
62.826 133.998 82.566 15 6 20 102 1
187.242 41.142 139.857 16 6 20 395 4
187.242 41.142 139.857 17 6 20 395 4
187.242 41.142 139.857 18 6 20 395 4
187.242 41.142 139.857 19 6 20 395 4
187.242 41.142 139.857 20 6 20 395 4
46.144 91.644 311.474 21 6 20 366 2
46.144 91.644 311.474 22 6 20 366 2
46.144 91.644 311.474 23 6 20 366 2
32.079 99.324 46.225 24 6 20 99 1
32.079 99.324 46.225 25 6 20 99 1
2.702 45.563 147.210 26 6 20 386 4
31.280 46.456 54.106 27 6 20 338 2
31.280 46.456 54.106 28 6 20 338 2
31.280 46.456 54.106 29 6 20 338 2
233.928 47.430 181.948 30 6 20 340 2
43.474 102.962 66.521 1 7 20 385 3
43.474 102.962 66.521 2 7 20 385 3
43.474 102.962 66.521 3 7 20 385 3
43.474 102.962 66.521 4 7 20 385 3
43.474 102.962 66.521 5 7 20 385 3
43.474 102.962 66.521 6 7 20 385 3
43.474 102.962 66.521 7 7 20 385 3
43.474 102.962 66.521 8 7 20 385 3
43.474 102.962 66.521 9 7 20 385 3
43.474 102.962 66.521 10 7 20 385 3
43.474 102.962 66.521 11 7 20 385 3
187.242 41.142 139.857 12 7 20 395 4
187.242 41.142 139.857 13 7 20 395 4
187.242 41.142 139.857 14 7 20 395 4
187.242 41.142 139.857 15 7 20 395 4
187.242 41.142 139.857 16 7 20 395 4
187.242 41.142 139.857 17 7 20 395 4
187.242 41.142 139.857 18 7 20 395 4
187.242 41.142 139.857 19 7 20 395 4
187.242 41.142 139.857 20 7 20 395 4
187.242 41.142 139.857 21 7 20 395 4
46.144 91.644 311.474 22 7 20 366 2
46.144 91.644 311.474 23 7 20 366 2
32.079 99.324 46.225 24 7 20 99 1
32.079 99.324 46.225 25 7 20 99 1
32.079 99.324 46.225 26 7 20 99 1
31.280 46.456 54.106 27 7 20 338 2
31.280 46.456 54.106 28 7 20 338 2
233.928 47.430 181.948 29 7 20 340 2
233.928 47.430 181.948 30 7 20 340 2
43.474 102.962 66.521 1 8 20 385 3
43.474 102.962 66.521 2 8 20 385 3
43.474 102.962 66.521 3 8 20 385 3
43.474 102.962 66.521 4 8 20 385 3
43.474 102.962 66.521 5 8 20 385 3
43.474 102.962 66.521 6 8 20 385 3
43.474 102.962 66.521 7 8 20 385 3
43.474 102.962 66.521 8 8 20 385 3
43.474 102.962 66.521 9 8 20 385 3
43.474 102.962 66.521 10 8 20 385 3
187.242 41.142 139.857 11 8 20 395 4
187.242 41.142 139.857 12 8 20 395 4
187.242 41.142 139.857 13 8 20 395 4
187.242 41.142 139.857 14 8 20 395 4
187.242 41.142 139.857 15 8 20 395 4
187.242 41.142 139.857 16 8 20 395 4
187.242 41.142 139.857 17 8 20 395 4
187.242 41.142 139.857 18 8 20 395 4
187.242 41.142 139.857 19 8 20 395 4
187.242 41.142 139.857 20 8 20 395 4
187.242 41.142 139.857 21 8 20 395 4
187.242 41.142 139.857 22 8 20 395 4
187.242 41.142 139.857 23 8 20 395 4
32.079 99.324 46.225 24 8 20 99 1
32.079 99.324 46.225 25 8 20 99 1
32.079 99.324 46.225 26 8 20 99 1
31.280 46.456 54.106 27 8 20 338 2
31.280 46.456 54.106 28 8 20 338 2
31.280 46.456 54.106 29 8 20 338 2
233.928 47.430 181.948 30 8 20 340 2
319.111 105.531 88.792 1 9 20 319 2
319.111 105.531 88.792 2 9 20 319 2
319.111 105.531 88.792 3 9 20 319 2
43.474 102.962 66.521 4 9 20 385 3
43.474 102.962 66.521 5 9 20 385 3
43.474 102.962 66.521 6 9 20 385 3
43.474 102.962 66.521 7 9 20 385 3
43.474 102.962 66.521 8 9 20 385 3
43.474 102.962 66.521 9 9 20 385 3
43.474 102.962 66.521 10 9 20 385 3
187.242 41.142 139.857 11 9 20 395 4
187.242 41.142 139.857 12 9 20 395 4
187.242 41.142 139.857 13 9 20 395 4
187.242 41.142 139.857 14 9 20 395 4
187.242 41.142 139.857 15 9 20 395 4
187.242 41.142 139.857 16 9 20 395 4
187.242 41.142 139.857 17 9 20 395 4
149.818 93.628 61.487 18 9 20 61 1
187.242 41.142 139.857 19 9 20 395 4
187.242 41.142 139.857 20 9 20 395 4
187.242 41.142 139.857 21 9 20 395 4
187.242 41.142 139.857 22 9 20 395 4
111.019 120.416 341.241 23 9 20 246 1
187.242 41.142 139.857 24 9 20 395 4
187.242 41.142 139.857 25 9 20 395 4
187.242 41.142 139.857 26 9 20 395 4
31.280 46.456 54.106 27 9 20 338 2
31.280 46.456 54.106 28 9 20 338 2
31.280 46.456 54.106 29 9 20 338 2
233.928 47.430 181.948 30 9 20 340 2
165.097 65.966 269.906 1 10 20 390 4
165.097 65.966 269.906 2 10 20 390 4
43.474 102.962 66.521 3 10 20 385 3
43.474 102.962 66.521 4 10 20 385 3
43.474 102.962 66.521 5 10 20 385 3
43.474 102.962 66.521 6 10 20 385 3
43.474 102.962 66.521 7 10 20 385 3
43.474 102.962 66.521 8 10 20 385 3
43.474 102.962 66.521 9 10 20 385 3
187.242 41.142 139.857 10 10 20 395 4
187.242 41.142 139.857 11 10 20 395 4
187.242 41.142 139.857 12 10 20 395 4
187.242 41.142 139.857 13 10 20 395 4
187.242 41.142 139.857 14 10 20 395 4
187.242 41.142 139.857 15 10 20 395 4
187.242 41.142 139.857 16 10 20 395 4
187.242 41.142 139.857 17 10 20 395 4
187.242 41.142 139.857 18 10 20 395 4
187.242 41.142 139.857 19 10 20 395 4
187.242 41.142 139.857 20 10 20 395 4
187.242 41.142 139.857 21 10 20 395 4
187.242 41.142 139.857 22 10 20 395 4
187.242 41.142 139.857 23 10 20 395 4
187.242 41.142 139.857 24 10 20 395 4
187.242 41.142 139.857 25 10 20 395 4
187.242 41.142 139.857 26 10 20 395 4
31.280 46.456 54.106 27 10 20 338 2
31.280 46.456 54.106 28 10 20 338 2
31.280 46.456 54.106 29 10 20 338 2
233.928 47.430 181.948 30 10 20 340 2
165.097 65.966 269.906 1 11 20 390 4
12.585 51.769 266.972 2 11 20 74 1
12.585 51.769 266.972 3 11 20 74 1
12.585 51.769 266.972 4 11 20 74 1
43.474 102.962 66.521 5 11 20 385 3
43.474 102.962 66.521 6 11 20 385 3
298.255 117.832 235.381 7 11 20 177 1
298.255 117.832 235.381 8 11 20 177 1
298.255 117.832 235.381 9 11 20 177 1
187.242 41.142 139.857 10 11 20 395 4
187.242 41.142 139.857 11 11 20 395 4
187.242 41.142 139.857 12 11 20 395 4
187.242 41.142 139.857 13 11 20 395 4
187.242 41.142 139.857 14 11 20 395 4
187.242 41.142 139.857 15 11 20 395 4
187.242 41.142 139.857 16 11 20 395 4
187.242 41.142 139.857 17 11 20 395 4
187.242 41.142 139.857 18 11 20 395 4
187.242 41.142 139.857 19 11 20 395 4
187.242 41.142 139.857 20 11 20 395 4
187.242 41.142 139.857 21 11 20 395 4
187.242 41.142 139.857 22 11 20 395 4
187.242 41.142 139.857 23 11 20 395 4
187.242 41.142 139.857 24 11 20 395 4
187.242 41.142 139.857 25 11 20 395 4
187.242 41.142 139.857 26 11 20 395 4
187.242 41.142 139.857 27 11 20 395 4
31.280 46.456 54.106 28 11 20 338 2
31.280 46.456 54.106 29 11 20 338 2
233.928 47.430 181.948 30 11 20 340 2
12.585 51.769 266.972 1 12 20 74 1
12.585 51.769 266.972 2 12 20 74 1
12.585 51.769 266.972 3 12 20 74 1
20.026 139.680 226.330 4 12 20 159 1
12.585 51.769 266.972 5 12 20 74 1
43.474 102.962 66.521 6 12 20 385 3
298.255 117.832 235.381 7 12 20 177 1
298.255 117.832 235.381 8 12 20 177 1
298.255 117.832 235.381 9 12 20 177 1
187.242 41.142 139.857 10 12 20 395 4
187.242 41.142 139.857 11 12 20 395 4
187.242 41.142 139.857 12 12 20 395 4
187.242 41.142 139.857 13 12 20 395 4
187.242 41.142 139.857 14 12 20 395 4
187.242 41.142 139.857 15 12 20 395 4
187.242 41.142 139.857 16 12 20 395 4
187.242 41.142 139.857 17 12 20 395 4
187.242 41.142 139.857 18 12 20 395 4
187.242 41.142 139.857 19 12 20 395 4
187.242 41.142 139.857 20 12 20 395 4
187.242 41.142 139.857 21 12 20 395 4
187.242 41.142 139.857 22 12 20 395 4
187.242 41.142 139.857 23 12 20 395 4
187.242 41.142 139.857 24 12 20 395 4
187.242 41.142 139.857 25 12 20 395 4
187.242 41.142 139.857 26 12 20 395 4
187.242 41.142 139.857 27 12 20 395 4
31.280 46.456 54.106 28 12 20 338 2
31.280 46.456 54.106 29 12 20 338 2
31.280 46.456 54.106 30 12 20 338 2
12.585 51.769 266.972 1 13 20 74 1
12.585 51.769 266.972 2 13 20 74 1
12.585 51.769 266.972 3 13 20 74 1
12.585 51.769 266.972 4 13 20 74 1
12.585 51.769 266.972 5 13 20 74 1
298.255 117.832 235.381 6 13 20 177 1
298.255 117.832 235.381 7 13 20 177 1
298.255 117.832 235.381 8 13 20 177 1
298.255 117.832 235.381 9 13 20 177 1
187.242 41.142 139.857 10 13 20 395 4
187.242 41.142 139.857 11 13 20 395 4
187.242 41.142 139.857 12 13 20 395 4
187.242 41.142 139.857 13 13 20 395 4
187.242 41.142 139.857 14 13 20 395 4
187.242 41.142 139.857 15 13 20 395 4
187.242 41.142 139.857 16 13 20 395 4
187.242 41.142 139.857 17 13 20 395 4
187.242 41.142 139.857 18 13 20 395 4
187.242 41.142 139.857 19 13 20 395 4
187.242 41.142 139.857 20 13 20 395 4
187.242 41.142 139.857 21 13 20 395 4
187.242 41.142 139.857 22 13 20 395 4
187.242 41.142 139.857 23 13 20 395 4
187.242 41.142 139.857 24 13 20 395 4
187.242 41.142 139.857 25 13 20 395 4
187.242 41.142 139.857 26 13 20 395 4
184.982 118.585 268.609 27 13 20 441 2
184.982 118.585 268.609 28 13 20 441 2
184.982 118.585 268.609 29 13 20 441 2
31.280 46.456 54.106 30 13 20 338 2
165.097 65.966 269.906 1 14 20 390 4
12.585 51.769 266.972 2 14 20 74 1
12.585 51.769 266.972 3 14 20 74 1
12.585 51.769 266.972 4 14 20 74 1
131.061 97.535 347.236 5 14 20 394 4
131.061 97.535 347.236 6 14 20 394 4
298.255 117.832 235.381 7 14 20 177 1
298.255 117.832 235.381 8 14 20 177 1
298.255 117.832 235.381 9 14 20 177 1
187.242 41.142 139.857 10 14 20 395 4
187.242 41.142 139.857 11 14 20 395 4
187.242 41.142 139.857 12 14 20 395 4
187.242 41.142 139.857 13 14 20 395 4
187.242 41.142 139.857 14 14 20 395 4
187.242 41.142 139.857 15 14 20 395 4
187.242 41.142 139.857 16 14 20 395 4
187.242 41.142 139.857 17 14 20 395 4
187.242 41.142 139.857 18 14 20 395 4
187.242 41.142 139.857 19 14 20 395 4
187.242 41.142 139.857 20 14 20 395 4
187.242 41.142 139.857 21 14 20 395 4
187.242 41.142 139.857 22 14 20 395 4
187.242 41.142 139.857 23 14 20 395 4
187.242 41.142 139.857 24 14 20 395 4
187.242 41.142 139.857 25 14 20 395 4
187.242 41.142 139.857 26 14 20 395 4
184.982 118.585 268.609 27 14 20 441 2
184.982 118.585 268.609 28 14 20 441 2
184.982 118.585 268.609 29 14 20 441 2
31.280 46.456 54.106 30 14 20 338 2
131.061 97.535 347.236 1 15 20 394 4
131.061 97.535 347.236 2 15 20 394 4
131.061 97.535 347.236 3 15 20 394 4
131.061 97.535 347.236 4 15 20 394 4
131.061 97.535 347.236 5 15 20 394 4
131.061 97.535 347.236 6 15 20 394 4
131.061 97.535 347.236 7 15 20 394 4
131.061 97.535 347.236 8 15 20 394 4
298.255 117.832 235.381 9 15 20 177 1
187.242 41.142 139.857 10 15 20 395 4
187.242 41.142 139.857 11 15 20 395 4
187.242 41.142 139.857 12 15 20 395 4
187.242 41.142 139.857 13 15 20 395 4
187.242 41.142 139.857 14 15 20 395 4
187.242 41.142 139.857 15 15 20 395 4
187.242 41.142 139.857 16 15 20 395 4
187.242 41.142 139.857 17 15 20 395 4
187.242 41.142 139.857 18 15 20 395 4
187.242 41.142 139.857 19 15 20 395 4
187.242 41.142 139.857 20 15 20 395 4
187.242 41.142 139.857 21 15 20 395 4
187.242 41.142 139.857 22 15 20 395 4
187.242 41.142 139.857 23 15 20 395 4
187.242 41.142 139.857 24 15 20 395 4
187.242 41.142 139.857 25 15 20 395 4
187.242 41.142 139.857 26 15 20 395 4
187.242 41.142 139.857 27 15 20 395 4
184.982 118.585 268.609 28 15 20 441 2
184.982 118.585 268.609 29 15 20 441 2
31.280 46.456 54.106 30 15 20 338 2
131.061 97.535 347.236 1 16 20 394 4
131.061 97.535 347.236 2 16 20 394 4
131.061 97.535 347.236 3 16 20 394 4
131.061 97.535 347.236 4 16 20 394 4
131.061 97.535 347.236 5 16 20 394 4
131.061 97.535 347.236 6 16 20 394 4
131.061 97.535 347.236 7 16 20 394 4
131.061 97.535 347.236 8 16 20 394 4
131.061 97.535 347.236 9 16 20 394 4
187.242 41.142 139.857 10 16 20 395 4
187.242 41.142 139.857 11 16 20 395 4
49.013 129.595 72.550 12 16 20 146 1
187.242 41.142 139.857 13 16 20 395 4
187.242 41.142 139.857 14 16 20 395 4
187.242 41.142 139.857 15 16 20 395 4
187.242 41.142 139.857 16 16 20 395 4
187.242 41.142 139.857 17 16 20 395 4
187.242 41.142 139.857 18 16 20 395 4
187.242 41.142 139.857 19 16 20 395 4
187.242 41.142 139.857 20 16 20 395 4
187.242 41.142 139.857 21 16 20 395 4
187.242 41.142 139.857 22 16 20 395 4
187.242 41.142 139.857 23 16 20 395 4
187.242 41.142 139.857 24 16 20 395 4
187.242 41.142 139.857 25 16 20 395 4
187.242 41.142 139.857 26 16 20 395 4
187.242 41.142 139.857 27 16 20 395 4
187.242 41.142 139.857 28 16 20 395 4
187.242 41.142 139.857 29 16 20 395 4
31.280 46.456 54.106 30 16 20 338 2
131.061 97.535 347.236 1 17 20 394 4
131.061 97.535 347.236 2 17 20 394 4
131.061 97.535 347.236 3 17 20 394 4
131.061 97.535 347.236 4 17 20 394 4
131.061 97.535 347.236 5 17 20 394 4
131.061 97.535 347.236 6 17 20 394 4
131.061 97.535 347.236 7 17 20 394 4
131.061 97.535 347.236 8 17 20 394 4
131.061 97.535 347.236 9 17 20 394 4
187.242 41.142 139.857 10 17 20 395 4
187.242 41.142 139.857 11 17 20 395 4
49.013 129.595 72.550 12 17 20 146 1
187.242 41.142 139.857 13 17 20 395 4
187.242 41.142 139.857 14 17 20 395 4
187.242 41.142 139.857 15 17 20 395 4
187.242 41.142 139.857 16 17 20 395 4
187.242 41.142 139.857 17 17 20 395 4
187.242 41.142 139.857 18 17 20 395 4
187.242 41.142 139.857 19 17 20 395 4
187.242 41.142 139.857 20 17 20 395 4
187.242 41.142 139.857 21 17 20 395 4
187.242 41.142 139.857 22 17 20 395 4
187.242 41.142 139.857 23 17 20 395 4
187.242 41.142 139.857 24 17 20 395 4
187.242 41.142 139.857 25 17 20 395 4
187.242 41.142 139.857 26 17 20 395 4
187.242 41.142 139.857 27 17 20 395 4
187.242 41.142 139.857 28 17 20 395 4
187.242 41.142 139.857 29 17 20 395 4
187.242 41.142 139.857 30 17 20 395 4
131.061 97.535 347.236 1 18 20 394 4
131.061 97.535 347.236 2 18 20 394 4
131.061 97.535 347.236 3 18 20 394 4
131.061 97.535 347.236 4 18 20 394 4
131.061 97.535 347.236 5 18 20 394 4
131.061 97.535 347.236 6 18 20 394 4
131.061 97.535 347.236 7 18 20 394 4
131.061 97.535 347.236 8 18 20 394 4
131.061 97.535 347.236 9 18 20 394 4
106.032 144.724 202.766 10 18 20 443 2
106.032 144.724 202.766 11 18 20 443 2
49.013 129.595 72.550 12 18 20 146 1
187.242 41.142 139.857 13 18 20 395 4
187.242 41.142 139.857 14 18 20 395 4
187.242 41.142 139.857 15 18 20 395 4
187.242 41.142 139.857 16 18 20 395 4
187.242 41.142 139.857 17 18 20 395 4
187.242 41.142 139.857 18 18 20 395 4
187.242 41.142 139.857 19 18 20 395 4
187.242 41.142 139.857 20 18 20 395 4
187.242 41.142 139.857 21 18 20 395 4
187.242 41.142 139.857 22 18 20 395 4
187.242 41.142 139.857 23 18 20 395 4
187.242 41.142 139.857 24 18 20 395 4
187.242 41.142 139.857 25 18 20 395 4
187.242 41.142 139.857 26 18 20 395 4
187.242 41.142 139.857 27 18 20 395 4
187.242 41.142 139.857 28 18 20 395 4
187.242 41.142 139.857 29 18 20 395 4
187.242 41.142 139.857 30 18 20 395 4
131.061 97.535 347.236 1 19 20 394 4
131.061 97.535 347.236 2 19 20 394 4
131.061 97.535 347.236 3 19 20 394 4
131.061 97.535 347.236 4 19 20 394 4
131.061 97.535 347.236 5 19 20 394 4
131.061 97.535 347.236 6 19 20 394 4
131.061 97.535 347.236 7 19 20 394 4
131.061 97.535 347.236 8 19 20 394 4
131.061 97.535 347.236 9 19 20 394 4
106.032 144.724 202.766 10 19 20 443 2
106.032 144.724 202.766 11 19 20 443 2
49.013 129.595 72.550 12 19 20 146 1
187.242 41.142 139.857 13 19 20 395 4
187.242 41.142 139.857 14 19 20 395 4
187.242 41.142 139.857 15 19 20 395 4
187.242 41.142 139.857 16 19 20 395 4
187.242 41.142 139.857 17 19 20 395 4
187.242 41.142 139.857 18 19 20 395 4
187.242 41.142 139.857 19 19 20 395 4
187.242 41.142 139.857 20 19 20 395 4
187.242 41.142 139.857 21 19 20 395 4
187.242 41.142 139.857 22 19 20 395 4
187.242 41.142 139.857 23 19 20 395 4
187.242 41.142 139.857 24 19 20 395 4
187.242 41.142 139.857 25 19 20 395 4
187.242 41.142 139.857 26 19 20 395 4
187.242 41.142 139.857 27 19 20 395 4
187.242 41.142 139.857 28 19 20 395 4
187.242 41.142 139.857 29 19 20 395 4
187.242 41.142 139.857 30 19 20 395 4
131.061 97.535 347.236 1 20 20 394 4
131.061 97.535 347.236 2 20 20 394 4
131.061 97.535 347.236 3 20 20 394 4
131.061 97.535 347.236 4 20 20 394 4
131.061 97.535 347.236 5 20 20 394 4
131.061 97.535 347.236 6 20 20 394 4
131.061 97.535 347.236 7 20 20 394 4
131.061 97.535 347.236 8 20 20 394 4
131.061 97.535 347.236 9 20 20 394 4
131.061 97.535 347.236 10 20 20 394 4
106.032 144.724 202.766 11 20 20 443 2
49.013 129.595 72.550 12 20 20 146 1
187.242 41.142 139.857 13 20 20 395 4
187.242 41.142 139.857 14 20 20 395 4
187.242 41.142 139.857 15 20 20 395 4
187.242 41.142 139.857 16 20 20 395 4
187.242 41.142 139.857 17 20 20 395 4
187.242 41.142 139.857 18 20 20 395 4
187.242 41.142 139.857 19 20 20 395 4
187.242 41.142 139.857 20 20 20 395 4
187.242 41.142 139.857 21 20 20 395 4
187.242 41.142 139.857 22 20 20 395 4
187.242 41.142 139.857 23 20 20 395 4
187.242 41.142 139.857 24 20 20 395 4
187.242 41.142 139.857 25 20 20 395 4
187.242 41.142 139.857 26 20 20 395 4
187.242 41.142 139.857 27 20 20 395 4
187.242 41.142 139.857 28 20 20 395 4
187.242 41.142 139.857 29 20 20 395 4
187.242 41.142 139.857 30 20 20 395 4
131.061 97.535 347.236 1 21 20 394 4
131.061 97.535 347.236 2 21 20 394 4
131.061 97.535 347.236 3 21 20 394 4
131.061 97.535 347.236 4 21 20 394 4
131.061 97.535 347.236 5 21 20 394 4
131.061 97.535 347.236 6 21 20 394 4
131.061 97.535 347.236 7 21 20 394 4
131.061 97.535 347.236 8 21 20 394 4
131.061 97.535 347.236 9 21 20 394 4
131.061 97.535 347.236 10 21 20 394 4
106.032 144.724 202.766 11 21 20 443 2
49.013 129.595 72.550 12 21 20 146 1
187.242 41.142 139.857 13 21 20 395 4
187.242 41.142 139.857 14 21 20 395 4
187.242 41.142 139.857 15 21 20 395 4
187.242 41.142 139.857 16 21 20 395 4
187.242 41.142 139.857 17 21 20 395 4
187.242 41.142 139.857 18 21 20 395 4
187.242 41.142 139.857 19 21 20 395 4
187.242 41.142 139.857 20 21 20 395 4
187.242 41.142 139.857 21 21 20 395 4
187.242 41.142 139.857 22 21 20 395 4
187.242 41.142 139.857 23 21 20 395 4
187.242 41.142 139.857 24 21 20 395 4
187.242 41.142 139.857 25 21 20 395 4
187.242 41.142 139.857 26 21 20 395 4
187.242 41.142 139.857 27 21 20 395 4
187.242 41.142 139.857 28 21 20 395 4
187.242 41.142 139.857 29 21 20 395 4
187.242 41.142 139.857 30 21 20 395 4
131.061 97.535 347.236 1 22 20 394 4
131.061 97.535 347.236 2 22 20 394 4
131.061 97.535 347.236 3 22 20 394 4
131.061 97.535 347.236 4 22 20 394 4
131.061 97.535 347.236 5 22 20 394 4
131.061 97.535 347.236 6 22 20 394 4
131.061 97.535 347.236 7 22 20 394 4
131.061 97.535 347.236 8 22 20 394 4
131.061 97.535 347.236 9 22 20 394 4
131.061 97.535 347.236 10 22 20 394 4
106.032 144.724 202.766 11 22 20 443 2
49.013 129.595 72.550 12 22 20 146 1
187.242 41.142 139.857 13 22 20 395 4
187.242 41.142 139.857 14 22 20 395 4
187.242 41.142 139.857 15 22 20 395 4
187.242 41.142 139.857 16 22 20 395 4
187.242 41.142 139.857 17 22 20 395 4
187.242 41.142 139.857 18 22 20 395 4
187.242 41.142 139.857 19 22 20 395 4
187.242 41.142 139.857 20 22 20 395 4
187.242 41.142 139.857 21 22 20 395 4
187.242 41.142 139.857 22 22 20 395 4
187.242 41.142 139.857 23 22 20 395 4
187.242 41.142 139.857 24 22 20 395 4
187.242 41.142 139.857 25 22 20 395 4
187.242 41.142 139.857 26 22 20 395 4
187.242 41.142 139.857 27 22 20 395 4
187.242 41.142 139.857 28 22 20 395 4
187.242 41.142 139.857 29 22 20 395 4
187.242 41.142 139.857 30 22 20 395 4
131.061 97.535 347.236 1 23 20 394 4
131.061 97.535 347.236 2 23 20 394 4
131.061 97.535 347.236 3 23 20 394 4
131.061 97.535 347.236 4 23 20 394 4
131.061 97.535 347.236 5 23 20 394 4
131.061 97.535 347.236 6 23 20 394 4
131.061 97.535 347.236 7 23 20 394 4
131.061 97.535 347.236 8 23 20 394 4
131.061 97.535 347.236 9 23 20 394 4
131.061 97.535 347.236 10 23 20 394 4
224.992 72.538 334.910 11 23 20 379 2
224.992 72.538 334.910 12 23 20 379 2
224.992 72.538 334.910 13 23 20 379 2
187.242 41.142 139.857 14 23 20 395 4
187.242 41.142 139.857 15 23 20 395 4
187.242 41.142 139.857 16 23 20 395 4
187.242 41.142 139.857 17 23 20 395 4
187.242 41.142 139.857 18 23 20 395 4
187.242 41.142 139.857 19 23 20 395 4
187.242 41.142 139.857 20 23 20 395 4
187.242 41.142 139.857 21 23 20 395 4
187.242 41.142 139.857 22 23 20 395 4
187.242 41.142 139.857 23 23 20 395 4
187.242 41.142 139.857 24 23 20 395 4
187.242 41.142 139.857 25 23 20 395 4
187.242 41.142 139.857 26 23 20 395 4
187.242 41.142 139.857 27 23 20 395 4
187.242 41.142 139.857 28 23 20 395 4
187.242 41.142 139.857 29 23 20 395 4
187.242 41.142 139.857 30 23 20 395 4
131.061 97.535 347.236 1 24 20 394 4
131.061 97.535 347.236 2 24 20 394 4
131.061 97.535 347.236 3 24 20 394 4
131.061 97.535 347.236 4 24 20 394 4
131.061 97.535 347.236 5 24 20 394 4
131.061 97.535 347.236 6 24 20 394 4
131.061 97.535 347.236 7 24 20 394 4
131.061 97.535 347.236 8 24 20 394 4
131.061 97.535 347.236 9 24 20 394 4
224.992 72.538 334.910 10 24 20 379 2
224.992 72.538 334.910 11 24 20 379 2
224.992 72.538 334.910 12 24 20 379 2
224.992 72.538 334.910 13 24 20 379 2
224.992 72.538 334.910 14 24 20 379 2
224.992 72.538 334.910 15 24 20 379 2
224.992 72.538 334.910 16 24 20 379 2
187.242 41.142 139.857 17 24 20 395 4
187.242 41.142 139.857 18 24 20 395 4
187.242 41.142 139.857 19 24 20 395 4
187.242 41.142 139.857 20 24 20 395 4
187.242 41.142 139.857 21 24 20 395 4
187.242 41.142 139.857 22 24 20 395 4
187.242 41.142 139.857 23 24 20 395 4
187.242 41.142 139.857 24 24 20 395 4
187.242 41.142 139.857 25 24 20 395 4
187.242 41.142 139.857 26 24 20 395 4
187.242 41.142 139.857 27 24 20 395 4
187.242 41.142 139.857 28 24 20 395 4
187.242 41.142 139.857 29 24 20 395 4
187.242 41.142 139.857 30 24 20 395 4
131.061 97.535 347.236 1 25 20 394 4
131.061 97.535 347.236 2 25 20 394 4
131.061 97.535 347.236 3 25 20 394 4
131.061 97.535 347.236 4 25 20 394 4
131.061 97.535 347.236 5 25 20 394 4
131.061 97.535 347.236 6 25 20 394 4
131.061 97.535 347.236 7 25 20 394 4
131.061 97.535 347.236 8 25 20 394 4
336.357 104.932 333.975 9 25 20 393 4
224.992 72.538 334.910 10 25 20 379 2
224.992 72.538 334.910 11 25 20 379 2
224.992 72.538 334.910 12 25 20 379 2
224.992 72.538 334.910 13 25 20 379 2
224.992 72.538 334.910 14 25 20 379 2
224.992 72.538 334.910 15 25 20 379 2
224.992 72.538 334.910 16 25 20 379 2
224.992 72.538 334.910 17 25 20 379 2
187.242 41.142 139.857 18 25 20 395 4
187.242 41.142 139.857 19 25 20 395 4
187.242 41.142 139.857 20 25 20 395 4
187.242 41.142 139.857 21 25 20 395 4
187.242 41.142 139.857 22 25 20 395 4
187.242 41.142 139.857 23 25 20 395 4
187.242 41.142 139.857 24 25 20 395 4
187.242 41.142 139.857 25 25 20 395 4
187.242 41.142 139.857 26 25 20 395 4
187.242 41.142 139.857 27 25 20 395 4
187.242 41.142 139.857 28 25 20 395 4
187.242 41.142 139.857 29 25 20 395 4
187.242 41.142 139.857 30 25 20 395 4
131.061 97.535 347.236 1 26 20 394 4
131.061 97.535 347.236 2 26 20 394 4
131.061 97.535 347.236 3 26 20 394 4
131.061 97.535 347.236 4 26 20 394 4
131.061 97.535 347.236 5 26 20 394 4
131.061 97.535 347.236 6 26 20 394 4
131.061 97.535 347.236 7 26 20 394 4
336.357 104.932 333.975 8 26 20 393 4
336.357 104.932 333.975 9 26 20 393 4
224.992 72.538 334.910 10 26 20 379 2
224.992 72.538 334.910 11 26 20 379 2
224.992 72.538 334.910 12 26 20 379 2
224.992 72.538 334.910 13 26 20 379 2
224.992 72.538 334.910 14 26 20 379 2
224.992 72.538 334.910 15 26 20 379 2
224.992 72.538 334.910 16 26 20 379 2
50.768 38.310 254.189 17 26 20 389 4
50.768 38.310 254.189 18 26 20 389 4
50.768 38.310 254.189 19 26 20 389 4
50.768 38.310 254.189 20 26 20 389 4
187.242 41.142 139.857 21 26 20 395 4
187.242 41.142 139.857 22 26 20 395 4
187.242 41.142 139.857 23 26 20 395 4
187.242 41.142 139.857 24 26 20 395 4
187.242 41.142 139.857 25 26 20 395 4
187.242 41.142 139.857 26 26 20 395 4
187.242 41.142 139.857 27 26 20 395 4
187.242 41.142 139.857 28 26 20 395 4
52.018 75.101 49.121 29 26 20 283 1
52.018 75.101 49.121 30 26 20 283 1
131.061 97.535 347.236 1 27 20 394 4
131.061 97.535 347.236 2 27 20 394 4
131.061 97.535 347.236 3 27 20 394 4
131.061 97.535 347.236 4 27 20 394 4
131.061 97.535 347.236 5 27 20 394 4
131.061 97.535 347.236 6 27 20 394 4
131.061 97.535 347.236 7 27 20 394 4
336.357 104.932 333.975 8 27 20 393 4
336.357 104.932 333.975 9 27 20 393 4
224.992 72.538 334.910 10 27 20 379 2
224.992 72.538 334.910 11 27 20 379 2
224.992 72.538 334.910 12 27 20 379 2
224.992 72.538 334.910 13 27 20 379 2
224.992 72.538 334.910 14 27 20 379 2
224.992 72.538 334.910 15 27 20 379 2
50.768 38.310 254.189 16 27 20 389 4
50.768 38.310 254.189 17 27 20 389 4
50.768 38.310 254.189 18 27 20 389 4
50.768 38.310 254.189 19 27 20 389 4
50.768 38.310 254.189 20 27 20 389 4
50.768 38.310 254.189 21 27 20 389 4
187.242 41.142 139.857 22 27 20 395 4
187.242 41.142 139.857 23 27 20 395 4
187.242 41.142 139.857 24 27 20 395 4
187.242 41.142 139.857 25 27 20 395 4
187.242 41.142 139.857 26 27 20 395 4
186.111 54.235 86.984 27 27 20 442 2
76.551 32.681 298.275 28 27 20 397 1
52.018 75.101 49.121 29 27 20 283 1
52.018 75.101 49.121 30 27 20 283 1
131.061 97.535 347.236 1 28 20 394 4
131.061 97.535 347.236 2 28 20 394 4
131.061 97.535 347.236 3 28 20 394 4
131.061 97.535 347.236 4 28 20 394 4
131.061 97.535 347.236 5 28 20 394 4
131.061 97.535 347.236 6 28 20 394 4
336.357 104.932 333.975 7 28 20 393 4
336.357 104.932 333.975 8 28 20 393 4
336.357 104.932 333.975 9 28 20 393 4
336.357 104.932 333.975 10 28 20 393 4
50.142 116.678 122.408 11 28 20 382 3
50.142 116.678 122.408 12 28 20 382 3
50.142 116.678 122.408 13 28 20 382 3
354.877 86.066 218.395 14 28 20 361 2
50.768 38.310 254.189 15 28 20 389 4
50.768 38.310 254.189 16 28 20 389 4
50.768 38.310 254.189 17 28 20 389 4
50.768 38.310 254.189 18 28 20 389 4
50.768 38.310 254.189 19 28 20 389 4
50.768 38.310 254.189 20 28 20 389 4
50.768 38.310 254.189 21 28 20 389 4
50.768 38.310 254.189 22 28 20 389 4
187.242 41.142 139.857 23 28 20 395 4
131.619 112.124 216.498 24 28 20 115 1
131.619 112.124 216.498 25 28 20 115 1
186.111 54.235 86.984 26 28 20 442 2
186.111 54.235 86.984 27 28 20 442 2
52.018 75.101 49.121 28 28 20 283 1
52.018 75.101 49.121 29 28 20 283 1
52.018 75.101 49.121 30 28 20 283 1
52.153 113.147 250.738 1 29 20 129 1
52.153 113.147 250.738 2 29 20 129 1
52.153 113.147 250.738 3 29 20 129 1
52.153 113.147 250.738 4 29 20 129 1
131.061 97.535 347.236 5 29 20 394 4
336.357 104.932 333.975 6 29 20 393 4
336.357 104.932 333.975 7 29 20 393 4
336.357 104.932 333.975 8 29 20 393 4
336.357 104.932 333.975 9 29 20 393 4
234.470 133.097 206.167 10 29 20 313 1
50.142 116.678 122.408 11 29 20 382 3
50.142 116.678 122.408 12 29 20 382 3
50.142 116.678 122.408 13 29 20 382 3
354.877 86.066 218.395 14 29 20 361 2
50.768 38.310 254.189 15 29 20 389 4
50.768 38.310 254.189 16 29 20 389 4
50.768 38.310 254.189 17 29 20 389 4
50.768 38.310 254.189 18 29 20 389 4
50.768 38.310 254.189 19 29 20 389 4
50.768 38.310 254.189 20 29 20 389 4
50.768 38.310 254.189 21 29 20 389 4
50.768 38.310 254.189 22 29 20 389 4
114.871 124.253 206.188 23 29 20 93 1
114.871 124.253 206.188 24 29 20 93 1
131.619 112.124 216.498 25 29 20 115 1
186.111 54.235 86.984 26 29 20 442 2
52.018 75.101 49.121 27 29 20 283 1
52.018 75.101 49.121 28 29 20 283 1
52.018 75.101 49.121 29 29 20 283 1
52.018 75.101 49.121 30 29 20 283 1
52.153 113.147 250.738 1 30 20 129 1
52.153 113.147 250.738 2 30 20 129 1
52.153 113.147 250.738 3 30 20 129 1
52.153 113.147 250.738 4 30 20 129 1
336.357 104.932 333.975 5 30 20 393 4
336.357 104.932 333.975 6 30 20 393 4
336.357 104.932 333.975 7 30 20 393 4
336.357 104.932 333.975 8 30 20 393 4
336.523 53.562 301.951 9 30 20 275 1
249.411 121.756 87.610 10 30 20 138 1
135.985 106.300 5.783 11 30 20 35 1
135.985 106.300 5.783 12 30 20 35 1
50.142 116.678 122.408 13 30 20 382 3
50.142 116.678 122.408 14 30 20 382 3
50.768 38.310 254.189 15 30 20 389 4
50.768 38.310 254.189 16 30 20 389 4
50.768 38.310 254.189 17 30 20 389 4
50.768 38.310 254.189 18 30 20 389 4
247.248 32.492 68.789 19 30 20 52 1
205.370 67.152 13.395 20 30 20 45 1
247.248 32.492 68.789 21 30 20 52 1
247.248 32.492 68.789 22 30 20 52 1
114.871 124.253 206.188 23 30 20 93 1
114.871 124.253 206.188 24 30 20 93 1
114.871 124.253 206.188 25 30 20 93 1
186.111 54.235 86.984 26 30 20 442 2
52.018 75.101 49.121 27 30 20 283 1
52.018 75.101 49.121 28 30 20 283 1
52.018 75.101 49.121 29 30 20 283 1
52.018 75.101 49.121 30 30 20 283 1
