43.474 102.962 66.521 1 1 3 385 3
43.474 102.962 66.521 2 1 3 385 3
43.474 102.962 66.521 3 1 3 385 3
43.474 102.962 66.521 4 1 3 385 3
43.474 102.962 66.521 5 1 3 385 3
43.474 102.962 66.521 6 1 3 385 3
43.474 102.962 66.521 7 1 3 385 3
43.474 102.962 66.521 8 1 3 385 3
43.474 102.962 66.521 9 1 3 385 3
43.474 102.962 66.521 10 1 3 385 3
43.474 102.962 66.521 11 1 3 385 3
43.474 102.962 66.521 12 1 3 385 3
43.474 102.962 66.521 13 1 3 385 3
43.474 102.962 66.521 14 1 3 385 3
44.652 87.582 296.641 15 1 3 321 2
44.652 87.582 296.641 16 1 3 321 2
44.652 87.582 296.641 17 1 3 321 2
44.652 87.582 296.641 18 1 3 321 2
44.652 87.582 296.641 19 1 3 321 2
44.652 87.582 296.641 20 1 3 321 2
44.652 87.582 296.641 21 1 3 321 2
338.286 67.664 120.505 22 1 3 145 1
338.286 67.664 120.505 23 1 3 145 1
338.286 67.664 120.505 24 1 3 145 1
338.286 67.664 120.505 25 1 3 145 1
338.286 67.664 120.505 26 1 3 145 1
338.286 67.664 120.505 27 1 3 145 1
338.286 67.664 120.505 28 1 3 145 1
359.561 100.590 197.796 29 1 3 392 4
359.561 100.590 197.796 30 1 3 392 4
43.474 102.962 66.521 1 2 3 385 3
43.474 102.962 66.521 2 2 3 385 3
43.474 102.962 66.521 3 2 3 385 3
43.474 102.962 66.521 4 2 3 385 3
43.474 102.962 66.521 5 2 3 385 3
43.474 102.962 66.521 6 2 3 385 3
43.474 102.962 66.521 7 2 3 385 3
43.474 102.962 66.521 8 2 3 385 3
43.474 102.962 66.521 9 2 3 385 3
43.474 102.962 66.521 10 2 3 385 3
43.474 102.962 66.521 11 2 3 385 3
43.474 102.962 66.521 12 2 3 385 3
43.474 102.962 66.521 13 2 3 385 3
43.474 102.962 66.521 14 2 3 385 3
5.110 20.791 231.091 15 2 3 358 2
44.652 87.582 296.641 16 2 3 321 2
44.652 87.582 296.641 17 2 3 321 2
44.652 87.582 296.641 18 2 3 321 2
44.652 87.582 296.641 19 2 3 321 2
44.652 87.582 296.641 20 2 3 321 2
44.652 87.582 296.641 21 2 3 321 2
338.286 67.664 120.505 22 2 3 145 1
338.286 67.664 120.505 23 2 3 145 1
338.286 67.664 120.505 24 2 3 145 1
338.286 67.664 120.505 25 2 3 145 1
338.286 67.664 120.505 26 2 3 145 1
220.645 59.469 282.450 27 2 3 44 1
220.645 59.469 282.450 28 2 3 44 1
359.561 100.590 197.796 29 2 3 392 4
359.561 100.590 197.796 30 2 3 392 4
43.474 102.962 66.521 1 3 3 385 3
43.474 102.962 66.521 2 3 3 385 3
43.474 102.962 66.521 3 3 3 385 3
43.474 102.962 66.521 4 3 3 385 3
43.474 102.962 66.521 5 3 3 385 3
43.474 102.962 66.521 6 3 3 385 3
43.474 102.962 66.521 7 3 3 385 3
43.474 102.962 66.521 8 3 3 385 3
43.474 102.962 66.521 9 3 3 385 3
43.474 102.962 66.521 10 3 3 385 3
43.474 102.962 66.521 11 3 3 385 3
43.474 102.962 66.521 12 3 3 385 3
43.474 102.962 66.521 13 3 3 385 3
340.528 58.416 138.907 14 3 3 328 2
340.528 58.416 138.907 15 3 3 328 2
44.652 87.582 296.641 16 3 3 321 2
44.652 87.582 296.641 17 3 3 321 2
44.652 87.582 296.641 18 3 3 321 2
44.652 87.582 296.641 19 3 3 321 2
44.652 87.582 296.641 20 3 3 321 2
44.652 87.582 296.641 21 3 3 321 2
269.561 144.208 194.026 22 3 3 21 1
269.561 144.208 194.026 23 3 3 21 1
269.561 144.208 194.026 24 3 3 21 1
338.286 67.664 120.505 25 3 3 145 1
338.286 67.664 120.505 26 3 3 145 1
359.561 100.590 197.796 27 3 3 392 4
359.561 100.590 197.796 28 3 3 392 4
250.499 137.149 347.902 29 3 3 355 2
250.499 137.149 347.902 30 3 3 355 2
43.474 102.962 66.521 1 4 3 385 3
43.474 102.962 66.521 2 4 3 385 3
43.474 102.962 66.521 3 4 3 385 3
43.474 102.962 66.521 4 4 3 385 3
43.474 102.962 66.521 5 4 3 385 3
43.474 102.962 66.521 6 4 3 385 3
43.474 102.962 66.521 7 4 3 385 3
43.474 102.962 66.521 8 4 3 385 3
43.474 102.962 66.521 9 4 3 385 3
43.474 102.962 66.521 10 4 3 385 3
43.474 102.962 66.521 11 4 3 385 3
43.474 102.962 66.521 12 4 3 385 3
43.474 102.962 66.521 13 4 3 385 3
340.528 58.416 138.907 14 4 3 328 2
4.254 121.103 2.069 15 4 3 348 2
44.652 87.582 296.641 16 4 3 321 2
44.652 87.582 296.641 17 4 3 321 2
44.652 87.582 296.641 18 4 3 321 2
44.652 87.582 296.641 19 4 3 321 2
44.652 87.582 296.641 20 4 3 321 2
44.652 87.582 296.641 21 4 3 321 2
44.652 87.582 296.641 22 4 3 321 2
269.561 144.208 194.026 23 4 3 21 1
269.561 144.208 194.026 24 4 3 21 1
338.286 67.664 120.505 25 4 3 145 1
359.561 100.590 197.796 26 4 3 392 4
359.561 100.590 197.796 27 4 3 392 4
359.561 100.590 197.796 28 4 3 392 4
250.499 137.149 347.902 29 4 3 355 2
250.499 137.149 347.902 30 4 3 355 2
311.339 18.932 248.134 1 5 3 139 1
311.339 18.932 248.134 2 5 3 139 1
43.474 102.962 66.521 3 5 3 385 3
43.474 102.962 66.521 4 5 3 385 3
43.474 102.962 66.521 5 5 3 385 3
43.474 102.962 66.521 6 5 3 385 3
43.474 102.962 66.521 7 5 3 385 3
43.474 102.962 66.521 8 5 3 385 3
43.474 102.962 66.521 9 5 3 385 3
43.474 102.962 66.521 10 5 3 385 3
43.474 102.962 66.521 11 5 3 385 3
43.474 102.962 66.521 12 5 3 385 3
43.474 102.962 66.521 13 5 3 385 3
4.254 121.103 2.069 14 5 3 348 2
4.254 121.103 2.069 15 5 3 348 2
4.254 121.103 2.069 16 5 3 348 2
4.254 121.103 2.069 17 5 3 348 2
4.254 121.103 2.069 18 5 3 348 2
44.652 87.582 296.641 19 5 3 321 2
44.652 87.582 296.641 20 5 3 321 2
44.652 87.582 296.641 21 5 3 321 2
44.652 87.582 296.641 22 5 3 321 2
44.652 87.582 296.641 23 5 3 321 2
359.561 100.590 197.796 24 5 3 392 4
359.561 100.590 197.796 25 5 3 392 4
359.561 100.590 197.796 26 5 3 392 4
359.561 100.590 197.796 27 5 3 392 4
359.561 100.590 197.796 28 5 3 392 4
250.499 137.149 347.902 29 5 3 355 2
265.205 23.338 208.012 30 5 3 156 1
299.532 12.074 202.457 1 6 3 422 1
299.532 12.074 202.457 2 6 3 422 1
43.474 102.962 66.521 3 6 3 385 3
43.474 102.962 66.521 4 6 3 385 3
43.474 102.962 66.521 5 6 3 385 3
43.474 102.962 66.521 6 6 3 385 3
43.474 102.962 66.521 7 6 3 385 3
43.474 102.962 66.521 8 6 3 385 3
143.542 61.475 323.746 9 6 3 164 1
43.474 102.962 66.521 10 6 3 385 3
43.474 102.962 66.521 11 6 3 385 3
43.474 102.962 66.521 12 6 3 385 3
43.474 102.962 66.521 13 6 3 385 3
4.254 121.103 2.069 14 6 3 348 2
4.254 121.103 2.069 15 6 3 348 2
4.254 121.103 2.069 16 6 3 348 2
4.254 121.103 2.069 17 6 3 348 2
4.254 121.103 2.069 18 6 3 348 2
4.254 121.103 2.069 19 6 3 348 2
44.652 87.582 296.641 20 6 3 321 2
92.105 49.744 103.419 21 6 3 217 1
92.105 49.744 103.419 22 6 3 217 1
92.105 49.744 103.419 23 6 3 217 1
359.561 100.590 197.796 24 6 3 392 4
359.561 100.590 197.796 25 6 3 392 4
359.561 100.590 197.796 26 6 3 392 4
359.561 100.590 197.796 27 6 3 392 4
359.561 100.590 197.796 28 6 3 392 4
359.561 100.590 197.796 29 6 3 392 4
265.205 23.338 208.012 30 6 3 156 1
43.474 102.962 66.521 1 7 3 385 3
43.474 102.962 66.521 2 7 3 385 3
43.474 102.962 66.521 3 7 3 385 3
43.474 102.962 66.521 4 7 3 385 3
43.474 102.962 66.521 5 7 3 385 3
43.474 102.962 66.521 6 7 3 385 3
43.474 102.962 66.521 7 7 3 385 3
43.474 102.962 66.521 8 7 3 385 3
43.474 102.962 66.521 9 7 3 385 3
43.474 102.962 66.521 10 7 3 385 3
43.474 102.962 66.521 11 7 3 385 3
43.474 102.962 66.521 12 7 3 385 3
43.474 102.962 66.521 13 7 3 385 3
225.688 118.097 271.813 14 7 3 440 1
225.688 118.097 271.813 15 7 3 440 1
4.254 121.103 2.069 16 7 3 348 2
174.614 36.525 149.543 17 7 3 420 1
297.362 134.885 145.433 18 7 3 136 1
4.254 121.103 2.069 19 7 3 348 2
92.105 49.744 103.419 20 7 3 217 1
92.105 49.744 103.419 21 7 3 217 1
92.105 49.744 103.419 22 7 3 217 1
92.105 49.744 103.419 23 7 3 217 1
197.653 37.591 94.143 24 7 3 290 1
197.653 37.591 94.143 25 7 3 290 1
359.561 100.590 197.796 26 7 3 392 4
359.561 100.590 197.796 27 7 3 392 4
359.561 100.590 197.796 28 7 3 392 4
359.561 100.590 197.796 29 7 3 392 4
265.205 23.338 208.012 30 7 3 156 1
43.474 102.962 66.521 1 8 3 385 3
43.474 102.962 66.521 2 8 3 385 3
43.474 102.962 66.521 3 8 3 385 3
43.474 102.962 66.521 4 8 3 385 3
43.474 102.962 66.521 5 8 3 385 3
43.474 102.962 66.521 6 8 3 385 3
43.474 102.962 66.521 7 8 3 385 3
43.474 102.962 66.521 8 8 3 385 3
43.474 102.962 66.521 9 8 3 385 3
43.474 102.962 66.521 10 8 3 385 3
43.474 102.962 66.521 11 8 3 385 3
43.474 102.962 66.521 12 8 3 385 3
43.474 102.962 66.521 13 8 3 385 3
225.688 118.097 271.813 14 8 3 440 1
225.688 118.097 271.813 15 8 3 440 1
225.688 118.097 271.813 16 8 3 440 1
174.614 36.525 149.543 17 8 3 420 1
297.362 134.885 145.433 18 8 3 136 1
230.338 122.433 286.974 19 8 3 223 1
92.105 49.744 103.419 20 8 3 217 1
92.105 49.744 103.419 21 8 3 217 1
92.105 49.744 103.419 22 8 3 217 1
319.528 35.005 67.487 23 8 3 396 4
319.528 35.005 67.487 24 8 3 396 4
197.653 37.591 94.143 25 8 3 290 1
197.653 37.591 94.143 26 8 3 290 1
359.561 100.590 197.796 27 8 3 392 4
359.561 100.590 197.796 28 8 3 392 4
359.561 100.590 197.796 29 8 3 392 4
359.561 100.590 197.796 30 8 3 392 4
43.474 102.962 66.521 1 9 3 385 3
43.474 102.962 66.521 2 9 3 385 3
43.474 102.962 66.521 3 9 3 385 3
43.474 102.962 66.521 4 9 3 385 3
43.474 102.962 66.521 5 9 3 385 3
43.474 102.962 66.521 6 9 3 385 3
43.474 102.962 66.521 7 9 3 385 3
43.474 102.962 66.521 8 9 3 385 3
43.474 102.962 66.521 9 9 3 385 3
43.474 102.962 66.521 10 9 3 385 3
43.474 102.962 66.521 11 9 3 385 3
268.889 139.199 160.940 12 9 3 369 2
225.688 118.097 271.813 13 9 3 440 1
225.688 118.097 271.813 14 9 3 440 1
225.688 118.097 271.813 15 9 3 440 1
225.688 118.097 271.813 16 9 3 440 1
225.688 118.097 271.813 17 9 3 440 1
300.360 102.111 53.624 18 9 3 37 1
300.360 102.111 53.624 19 9 3 37 1
92.105 49.744 103.419 20 9 3 217 1
92.105 49.744 103.419 21 9 3 217 1
319.528 35.005 67.487 22 9 3 396 4
319.528 35.005 67.487 23 9 3 396 4
319.528 35.005 67.487 24 9 3 396 4
359.561 100.590 197.796 25 9 3 392 4
359.561 100.590 197.796 26 9 3 392 4
359.561 100.590 197.796 27 9 3 392 4
359.561 100.590 197.796 28 9 3 392 4
359.561 100.590 197.796 29 9 3 392 4
359.561 100.590 197.796 30 9 3 392 4
43.474 102.962 66.521 1 10 3 385 3
43.474 102.962 66.521 2 10 3 385 3
43.474 102.962 66.521 3 10 3 385 3
43.474 102.962 66.521 4 10 3 385 3
43.474 102.962 66.521 5 10 3 385 3
43.474 102.962 66.521 6 10 3 385 3
43.474 102.962 66.521 7 10 3 385 3
43.474 102.962 66.521 8 10 3 385 3
43.474 102.962 66.521 9 10 3 385 3
43.474 102.962 66.521 10 10 3 385 3
43.474 102.962 66.521 11 10 3 385 3
225.688 118.097 271.813 12 10 3 440 1
225.688 118.097 271.813 13 10 3 440 1
225.688 118.097 271.813 14 10 3 440 1
225.688 118.097 271.813 15 10 3 440 1
225.688 118.097 271.813 16 10 3 440 1
319.528 35.005 67.487 17 10 3 396 4
300.360 102.111 53.624 18 10 3 37 1
319.528 35.005 67.487 19 10 3 396 4
319.528 35.005 67.487 20 10 3 396 4
319.528 35.005 67.487 21 10 3 396 4
319.528 35.005 67.487 22 10 3 396 4
319.528 35.005 67.487 23 10 3 396 4
319.528 35.005 67.487 24 10 3 396 4
359.561 100.590 197.796 25 10 3 392 4
114.061 124.518 326.269 26 10 3 281 1
359.561 100.590 197.796 27 10 3 392 4
359.561 100.590 197.796 28 10 3 392 4
359.561 100.590 197.796 29 10 3 392 4
359.561 100.590 197.796 30 10 3 392 4
43.474 102.962 66.521 1 11 3 385 3
43.474 102.962 66.521 2 11 3 385 3
43.474 102.962 66.521 3 11 3 385 3
43.474 102.962 66.521 4 11 3 385 3
43.474 102.962 66.521 5 11 3 385 3
43.474 102.962 66.521 6 11 3 385 3
43.474 102.962 66.521 7 11 3 385 3
43.474 102.962 66.521 8 11 3 385 3
58.505 70.331 210.110 9 11 3 205 1
58.505 70.331 210.110 10 11 3 205 1
43.474 102.962 66.521 11 11 3 385 3
225.688 118.097 271.813 12 11 3 440 1
225.688 118.097 271.813 13 11 3 440 1
225.688 118.097 271.813 14 11 3 440 1
225.688 118.097 271.813 15 11 3 440 1
225.688 118.097 271.813 16 11 3 440 1
319.528 35.005 67.487 17 11 3 396 4
319.528 35.005 67.487 18 11 3 396 4
319.528 35.005 67.487 19 11 3 396 4
319.528 35.005 67.487 20 11 3 396 4
319.528 35.005 67.487 21 11 3 396 4
319.528 35.005 67.487 22 11 3 396 4
319.528 35.005 67.487 23 11 3 396 4
319.528 35.005 67.487 24 11 3 396 4
359.561 100.590 197.796 25 11 3 392 4
359.561 100.590 197.796 26 11 3 392 4
359.561 100.590 197.796 27 11 3 392 4
359.561 100.590 197.796 28 11 3 392 4
359.561 100.590 197.796 29 11 3 392 4
359.561 100.590 197.796 30 11 3 392 4
43.474 102.962 66.521 1 12 3 385 3
43.474 102.962 66.521 2 12 3 385 3
43.474 102.962 66.521 3 12 3 385 3
43.474 102.962 66.521 4 12 3 385 3
43.474 102.962 66.521 5 12 3 385 3
43.474 102.962 66.521 6 12 3 385 3
43.474 102.962 66.521 7 12 3 385 3
43.474 102.962 66.521 8 12 3 385 3
58.505 70.331 210.110 9 12 3 205 1
58.505 70.331 210.110 10 12 3 205 1
43.474 102.962 66.521 11 12 3 385 3
225.688 118.097 271.813 12 12 3 440 1
225.688 118.097 271.813 13 12 3 440 1
225.688 118.097 271.813 14 12 3 440 1
225.688 118.097 271.813 15 12 3 440 1
319.528 35.005 67.487 16 12 3 396 4
319.528 35.005 67.487 17 12 3 396 4
319.528 35.005 67.487 18 12 3 396 4
319.528 35.005 67.487 19 12 3 396 4
319.528 35.005 67.487 20 12 3 396 4
319.528 35.005 67.487 21 12 3 396 4
319.528 35.005 67.487 22 12 3 396 4
319.528 35.005 67.487 23 12 3 396 4
319.528 35.005 67.487 24 12 3 396 4
359.561 100.590 197.796 25 12 3 392 4
359.561 100.590 197.796 26 12 3 392 4
359.561 100.590 197.796 27 12 3 392 4
359.561 100.590 197.796 28 12 3 392 4
359.561 100.590 197.796 29 12 3 392 4
359.561 100.590 197.796 30 12 3 392 4
43.474 102.962 66.521 1 13 3 385 3
43.474 102.962 66.521 2 13 3 385 3
43.474 102.962 66.521 3 13 3 385 3
43.474 102.962 66.521 4 13 3 385 3
43.474 102.962 66.521 5 13 3 385 3
43.474 102.962 66.521 6 13 3 385 3
43.474 102.962 66.521 7 13 3 385 3
43.474 102.962 66.521 8 13 3 385 3
43.474 102.962 66.521 9 13 3 385 3
43.474 102.962 66.521 10 13 3 385 3
43.474 102.962 66.521 11 13 3 385 3
225.688 118.097 271.813 12 13 3 440 1
225.688 118.097 271.813 13 13 3 440 1
225.688 118.097 271.813 14 13 3 440 1
319.528 35.005 67.487 15 13 3 396 4
319.528 35.005 67.487 16 13 3 396 4
319.528 35.005 67.487 17 13 3 396 4
319.528 35.005 67.487 18 13 3 396 4
319.528 35.005 67.487 19 13 3 396 4
319.528 35.005 67.487 20 13 3 396 4
319.528 35.005 67.487 21 13 3 396 4
319.528 35.005 67.487 22 13 3 396 4
319.528 35.005 67.487 23 13 3 396 4
319.528 35.005 67.487 24 13 3 396 4
359.561 100.590 197.796 25 13 3 392 4
359.561 100.590 197.796 26 13 3 392 4
359.561 100.590 197.796 27 13 3 392 4
359.561 100.590 197.796 28 13 3 392 4
359.561 100.590 197.796 29 13 3 392 4
359.561 100.590 197.796 30 13 3 392 4
43.474 102.962 66.521 1 14 3 385 3
43.474 102.962 66.521 2 14 3 385 3
43.474 102.962 66.521 3 14 3 385 3
43.474 102.962 66.521 4 14 3 385 3
43.474 102.962 66.521 5 14 3 385 3
43.474 102.962 66.521 6 14 3 385 3
43.474 102.962 66.521 7 14 3 385 3
43.474 102.962 66.521 8 14 3 385 3
43.474 102.962 66.521 9 14 3 385 3
43.474 102.962 66.521 10 14 3 385 3
43.474 102.962 66.521 11 14 3 385 3
43.474 102.962 66.521 12 14 3 385 3
319.528 35.005 67.487 13 14 3 396 4
319.528 35.005 67.487 14 14 3 396 4
319.528 35.005 67.487 15 14 3 396 4
319.528 35.005 67.487 16 14 3 396 4
319.528 35.005 67.487 17 14 3 396 4
319.528 35.005 67.487 18 14 3 396 4
319.528 35.005 67.487 19 14 3 396 4
319.528 35.005 67.487 20 14 3 396 4
319.528 35.005 67.487 21 14 3 396 4
319.528 35.005 67.487 22 14 3 396 4
319.528 35.005 67.487 23 14 3 396 4
319.528 35.005 67.487 24 14 3 396 4
359.561 100.590 197.796 25 14 3 392 4
273.649 106.451 158.532 26 14 3 334 2
359.561 100.590 197.796 27 14 3 392 4
359.561 100.590 197.796 28 14 3 392 4
359.561 100.590 197.796 29 14 3 392 4
359.561 100.590 197.796 30 14 3 392 4
43.474 102.962 66.521 1 15 3 385 3
43.474 102.962 66.521 2 15 3 385 3
43.474 102.962 66.521 3 15 3 385 3
43.474 102.962 66.521 4 15 3 385 3
43.474 102.962 66.521 5 15 3 385 3
43.474 102.962 66.521 6 15 3 385 3
43.474 102.962 66.521 7 15 3 385 3
43.474 102.962 66.521 8 15 3 385 3
43.474 102.962 66.521 9 15 3 385 3
43.474 102.962 66.521 10 15 3 385 3
43.474 102.962 66.521 11 15 3 385 3
319.528 35.005 67.487 12 15 3 396 4
319.528 35.005 67.487 13 15 3 396 4
319.528 35.005 67.487 14 15 3 396 4
319.528 35.005 67.487 15 15 3 396 4
319.528 35.005 67.487 16 15 3 396 4
319.528 35.005 67.487 17 15 3 396 4
319.528 35.005 67.487 18 15 3 396 4
319.528 35.005 67.487 19 15 3 396 4
319.528 35.005 67.487 20 15 3 396 4
319.528 35.005 67.487 21 15 3 396 4
319.528 35.005 67.487 22 15 3 396 4
319.528 35.005 67.487 23 15 3 396 4
319.528 35.005 67.487 24 15 3 396 4
359.561 100.590 197.796 25 15 3 392 4
359.561 100.590 197.796 26 15 3 392 4
359.561 100.590 197.796 27 15 3 392 4
359.561 100.590 197.796 28 15 3 392 4
359.561 100.590 197.796 29 15 3 392 4
359.561 100.590 197.796 30 15 3 392 4
43.474 102.962 66.521 1 16 3 385 3
43.474 102.962 66.521 2 16 3 385 3
43.474 102.962 66.521 3 16 3 385 3
43.474 102.962 66.521 4 16 3 385 3
43.474 102.962 66.521 5 16 3 385 3
236.576 48.408 273.623 6 16 3 1 1
43.474 102.962 66.521 7 16 3 385 3
43.474 102.962 66.521 8 16 3 385 3
43.474 102.962 66.521 9 16 3 385 3
43.474 102.962 66.521 10 16 3 385 3
43.474 102.962 66.521 11 16 3 385 3
319.528 35.005 67.487 12 16 3 396 4
319.528 35.005 67.487 13 16 3 396 4
319.528 35.005 67.487 14 16 3 396 4
319.528 35.005 67.487 15 16 3 396 4
319.528 35.005 67.487 16 16 3 396 4
319.528 35.005 67.487 17 16 3 396 4
319.528 35.005 67.487 18 16 3 396 4
319.528 35.005 67.487 19 16 3 396 4
319.528 35.005 67.487 20 16 3 396 4
319.528 35.005 67.487 21 16 3 396 4
319.528 35.005 67.487 22 16 3 396 4
319.528 35.005 67.487 23 16 3 396 4
319.528 35.005 67.487 24 16 3 396 4
359.561 100.590 197.796 25 16 3 392 4
359.561 100.590 197.796 26 16 3 392 4
359.561 100.590 197.796 27 16 3 392 4
359.561 100.590 197.796 28 16 3 392 4
359.561 100.590 197.796 29 16 3 392 4
359.561 100.590 197.796 30 16 3 392 4
43.474 102.962 66.521 1 17 3 385 3
43.474 102.962 66.521 2 17 3 385 3
43.474 102.962 66.521 3 17 3 385 3
43.474 102.962 66.521 4 17 3 385 3
236.576 48.408 273.623 5 17 3 1 1
236.576 48.408 273.623 6 17 3 1 1
43.474 102.962 66.521 7 17 3 385 3
43.474 102.962 66.521 8 17 3 385 3
43.474 102.962 66.521 9 17 3 385 3
43.474 102.962 66.521 10 17 3 385 3
319.528 35.005 67.487 11 17 3 396 4
319.528 35.005 67.487 12 17 3 396 4
319.528 35.005 67.487 13 17 3 396 4
319.528 35.005 67.487 14 17 3 396 4
319.528 35.005 67.487 15 17 3 396 4
319.528 35.005 67.487 16 17 3 396 4
319.528 35.005 67.487 17 17 3 396 4
319.528 35.005 67.487 18 17 3 396 4
319.528 35.005 67.487 19 17 3 396 4
319.528 35.005 67.487 20 17 3 396 4
319.528 35.005 67.487 21 17 3 396 4
319.528 35.005 67.487 22 17 3 396 4
319.528 35.005 67.487 23 17 3 396 4
319.528 35.005 67.487 24 17 3 396 4
359.561 100.590 197.796 25 17 3 392 4
359.561 100.590 197.796 26 17 3 392 4
359.561 100.590 197.796 27 17 3 392 4
359.561 100.590 197.796 28 17 3 392 4
359.561 100.590 197.796 29 17 3 392 4
359.561 100.590 197.796 30 17 3 392 4
311.328 90.815 301.973 1 18 3 336 2
43.474 102.962 66.521 2 18 3 385 3
43.474 102.962 66.521 3 18 3 385 3
43.474 102.962 66.521 4 18 3 385 3
43.474 102.962 66.521 5 18 3 385 3
236.576 48.408 273.623 6 18 3 1 1
43.474 102.962 66.521 7 18 3 385 3
43.474 102.962 66.521 8 18 3 385 3
43.474 102.962 66.521 9 18 3 385 3
43.474 102.962 66.521 10 18 3 385 3
319.528 35.005 67.487 11 18 3 396 4
319.528 35.005 67.487 12 18 3 396 4
319.528 35.005 67.487 13 18 3 396 4
319.528 35.005 67.487 14 18 3 396 4
319.528 35.005 67.487 15 18 3 396 4
319.528 35.005 67.487 16 18 3 396 4
319.528 35.005 67.487 17 18 3 396 4
319.528 35.005 67.487 18 18 3 396 4
319.528 35.005 67.487 19 18 3 396 4
319.528 35.005 67.487 20 18 3 396 4
319.528 35.005 67.487 21 18 3 396 4
319.528 35.005 67.487 22 18 3 396 4
319.528 35.005 67.487 23 18 3 396 4
319.528 35.005 67.487 24 18 3 396 4
359.561 100.590 197.796 25 18 3 392 4
359.561 100.590 197.796 26 18 3 392 4
359.561 100.590 197.796 27 18 3 392 4
359.561 100.590 197.796 28 18 3 392 4
203.644 72.094 313.460 29 18 3 370 2
359.561 100.590 197.796 30 18 3 392 4
172.859 82.828 219.577 1 19 3 28 1
43.474 102.962 66.521 2 19 3 385 3
43.474 102.962 66.521 3 19 3 385 3
43.474 102.962 66.521 4 19 3 385 3
43.474 102.962 66.521 5 19 3 385 3
43.474 102.962 66.521 6 19 3 385 3
43.474 102.962 66.521 7 19 3 385 3
43.474 102.962 66.521 8 19 3 385 3
43.474 102.962 66.521 9 19 3 385 3
319.528 35.005 67.487 10 19 3 396 4
319.528 35.005 67.487 11 19 3 396 4
319.528 35.005 67.487 12 19 3 396 4
319.528 35.005 67.487 13 19 3 396 4
319.528 35.005 67.487 14 19 3 396 4
319.528 35.005 67.487 15 19 3 396 4
319.528 35.005 67.487 16 19 3 396 4
319.528 35.005 67.487 17 19 3 396 4
319.528 35.005 67.487 18 19 3 396 4
319.528 35.005 67.487 19 19 3 396 4
319.528 35.005 67.487 20 19 3 396 4
8.857 155.896 324.578 21 19 3 237 1
319.528 35.005 67.487 22 19 3 396 4
319.528 35.005 67.487 23 19 3 396 4
319.528 35.005 67.487 24 19 3 396 4
359.561 100.590 197.796 25 19 3 392 4
359.561 100.590 197.796 26 19 3 392 4
359.561 100.590 197.796 27 19 3 392 4
359.561 100.590 197.796 28 19 3 392 4
359.561 100.590 197.796 29 19 3 392 4
359.561 100.590 197.796 30 19 3 392 4
172.859 82.828 219.577 1 20 3 28 1
172.859 82.828 219.577 2 20 3 28 1
43.474 102.962 66.521 3 20 3 385 3
21.890 133.249 358.696 4 20 3 122 1
43.474 102.962 66.521 5 20 3 385 3
43.474 102.962 66.521 6 20 3 385 3
43.474 102.962 66.521 7 20 3 385 3
43.474 102.962 66.521 8 20 3 385 3
285.523 73.767 109.276 9 20 3 34 1
285.523 73.767 109.276 10 20 3 34 1
319.528 35.005 67.487 11 20 3 396 4
319.528 35.005 67.487 12 20 3 396 4
319.528 35.005 67.487 13 20 3 396 4
319.528 35.005 67.487 14 20 3 396 4
319.528 35.005 67.487 15 20 3 396 4
319.528 35.005 67.487 16 20 3 396 4
319.528 35.005 67.487 17 20 3 396 4
319.528 35.005 67.487 18 20 3 396 4
319.528 35.005 67.487 19 20 3 396 4
319.528 35.005 67.487 20 20 3 396 4
319.528 35.005 67.487 21 20 3 396 4
66.407 121.230 99.261 22 20 3 124 1
319.528 35.005 67.487 23 20 3 396 4
359.561 100.590 197.796 24 20 3 392 4
359.561 100.590 197.796 25 20 3 392 4
359.561 100.590 197.796 26 20 3 392 4
359.561 100.590 197.796 27 20 3 392 4
359.561 100.590 197.796 28 20 3 392 4
359.561 100.590 197.796 29 20 3 392 4
359.561 100.590 197.796 30 20 3 392 4
172.859 82.828 219.577 1 21 3 28 1
172.859 82.828 219.577 2 21 3 28 1
43.474 102.962 66.521 3 21 3 385 3
21.890 133.249 358.696 4 21 3 122 1
43.474 102.962 66.521 5 21 3 385 3
43.474 102.962 66.521 6 21 3 385 3
43.474 102.962 66.521 7 21 3 385 3
43.474 102.962 66.521 8 21 3 385 3
319.528 35.005 67.487 9 21 3 396 4
319.528 35.005 67.487 10 21 3 396 4
319.528 35.005 67.487 11 21 3 396 4
319.528 35.005 67.487 12 21 3 396 4
319.528 35.005 67.487 13 21 3 396 4
319.528 35.005 67.487 14 21 3 396 4
319.528 35.005 67.487 15 21 3 396 4
319.528 35.005 67.487 16 21 3 396 4
319.528 35.005 67.487 17 21 3 396 4
319.528 35.005 67.487 18 21 3 396 4
319.528 35.005 67.487 19 21 3 396 4
319.528 35.005 67.487 20 21 3 396 4
319.528 35.005 67.487 21 21 3 396 4
319.528 35.005 67.487 22 21 3 396 4
319.528 35.005 67.487 23 21 3 396 4
221.035 23.204 173.427 24 21 3 324 2
359.561 100.590 197.796 25 21 3 392 4
359.561 100.590 197.796 26 21 3 392 4
359.561 100.590 197.796 27 21 3 392 4
359.561 100.590 197.796 28 21 3 392 4
359.561 100.590 197.796 29 21 3 392 4
359.561 100.590 197.796 30 21 3 392 4
172.859 82.828 219.577 1 22 3 28 1
172.859 82.828 219.577 2 22 3 28 1
43.474 102.962 66.521 3 22 3 385 3
21.890 133.249 358.696 4 22 3 122 1
43.474 102.962 66.521 5 22 3 385 3
43.474 102.962 66.521 6 22 3 385 3
43.474 102.962 66.521 7 22 3 385 3
292.423 133.721 9.861 8 22 3 335 2
319.528 35.005 67.487 9 22 3 396 4
319.528 35.005 67.487 10 22 3 396 4
319.528 35.005 67.487 11 22 3 396 4
319.528 35.005 67.487 12 22 3 396 4
319.528 35.005 67.487 13 22 3 396 4
319.528 35.005 67.487 14 22 3 396 4
319.528 35.005 67.487 15 22 3 396 4
319.528 35.005 67.487 16 22 3 396 4
319.528 35.005 67.487 17 22 3 396 4
256.902 44.879 338.380 18 22 3 274 1
319.528 35.005 67.487 19 22 3 396 4
319.528 35.005 67.487 20 22 3 396 4
319.528 35.005 67.487 21 22 3 396 4
319.528 35.005 67.487 22 22 3 396 4
319.528 35.005 67.487 23 22 3 396 4
221.035 23.204 173.427 24 22 3 324 2
221.035 23.204 173.427 25 22 3 324 2
359.561 100.590 197.796 26 22 3 392 4
359.561 100.590 197.796 27 22 3 392 4
359.561 100.590 197.796 28 22 3 392 4
359.561 100.590 197.796 29 22 3 392 4
359.561 100.590 197.796 30 22 3 392 4
36.649 103.453 281.319 1 23 3 381 3
36.649 103.453 281.319 2 23 3 381 3
81.702 38.673 273.244 3 23 3 13 1
36.649 103.453 281.319 4 23 3 381 3
36.649 103.453 281.319 5 23 3 381 3
36.649 103.453 281.319 6 23 3 381 3
292.423 133.721 9.861 7 23 3 335 2
292.423 133.721 9.861 8 23 3 335 2
319.528 35.005 67.487 9 23 3 396 4
319.528 35.005 67.487 10 23 3 396 4
319.528 35.005 67.487 11 23 3 396 4
319.528 35.005 67.487 12 23 3 396 4
319.528 35.005 67.487 13 23 3 396 4
319.528 35.005 67.487 14 23 3 396 4
319.528 35.005 67.487 15 23 3 396 4
319.528 35.005 67.487 16 23 3 396 4
319.528 35.005 67.487 17 23 3 396 4
319.528 35.005 67.487 18 23 3 396 4
319.528 35.005 67.487 19 23 3 396 4
319.528 35.005 67.487 20 23 3 396 4
319.528 35.005 67.487 21 23 3 396 4
319.528 35.005 67.487 22 23 3 396 4
221.035 23.204 173.427 23 23 3 324 2
221.035 23.204 173.427 24 23 3 324 2
221.035 23.204 173.427 25 23 3 324 2
221.035 23.204 173.427 26 23 3 324 2
359.561 100.590 197.796 27 23 3 392 4
359.561 100.590 197.796 28 23 3 392 4
359.561 100.590 197.796 29 23 3 392 4
359.561 100.590 197.796 30 23 3 392 4
36.649 103.453 281.319 1 24 3 381 3
36.649 103.453 281.319 2 24 3 381 3
81.702 38.673 273.244 3 24 3 13 1
36.649 103.453 281.319 4 24 3 381 3
36.649 103.453 281.319 5 24 3 381 3
36.649 103.453 281.319 6 24 3 381 3
292.423 133.721 9.861 7 24 3 335 2
292.423 133.721 9.861 8 24 3 335 2
292.423 133.721 9.861 9 24 3 335 2
319.528 35.005 67.487 10 24 3 396 4
319.528 35.005 67.487 11 24 3 396 4
319.528 35.005 67.487 12 24 3 396 4
314.233 60.088 198.380 13 24 3 282 1
16.812 169.632 178.946 14 24 3 82 1
319.528 35.005 67.487 15 24 3 396 4
319.528 35.005 67.487 16 24 3 396 4
319.528 35.005 67.487 17 24 3 396 4
319.528 35.005 67.487 18 24 3 396 4
319.528 35.005 67.487 19 24 3 396 4
319.528 35.005 67.487 20 24 3 396 4
319.528 35.005 67.487 21 24 3 396 4
319.528 35.005 67.487 22 24 3 396 4
253.131 112.836 117.627 23 24 3 206 1
253.131 112.836 117.627 24 24 3 206 1
221.035 23.204 173.427 25 24 3 324 2
221.035 23.204 173.427 26 24 3 324 2
359.561 100.590 197.796 27 24 3 392 4
359.561 100.590 197.796 28 24 3 392 4
359.561 100.590 197.796 29 24 3 392 4
359.561 100.590 197.796 30 24 3 392 4
36.649 103.453 281.319 1 25 3 381 3
36.649 103.453 281.319 2 25 3 381 3
36.649 103.453 281.319 3 25 3 381 3
147.999 100.489 247.249 4 25 3 39 1
36.649 103.453 281.319 5 25 3 381 3
36.649 103.453 281.319 6 25 3 381 3
292.423 133.721 9.861 7 25 3 335 2
292.423 133.721 9.861 8 25 3 335 2
319.528 35.005 67.487 9 25 3 396 4
319.528 35.005 67.487 10 25 3 396 4
319.528 35.005 67.487 11 25 3 396 4
319.528 35.005 67.487 12 25 3 396 4
319.528 35.005 67.487 13 25 3 396 4
319.528 35.005 67.487 14 25 3 396 4
319.528 35.005 67.487 15 25 3 396 4
319.528 35.005 67.487 16 25 3 396 4
319.528 35.005 67.487 17 25 3 396 4
319.528 35.005 67.487 18 25 3 396 4
319.528 35.005 67.487 19 25 3 396 4
319.528 35.005 67.487 20 25 3 396 4
319.528 35.005 67.487 21 25 3 396 4
253.131 112.836 117.627 22 25 3 206 1
253.131 112.836 117.627 23 25 3 206 1
253.131 112.836 117.627 24 25 3 206 1
221.035 23.204 173.427 25 25 3 324 2
221.035 23.204 173.427 26 25 3 324 2
90.414 44.677 224.391 27 25 3 384 3
90.414 44.677 224.391 28 25 3 384 3
90.414 44.677 224.391 29 25 3 384 3
90.414 44.677 224.391 30 25 3 384 3
36.649 103.453 281.319 1 26 3 381 3
36.649 103.453 281.319 2 26 3 381 3
36.649 103.453 281.319 3 26 3 381 3
147.999 100.489 247.249 4 26 3 39 1
36.649 103.453 281.319 5 26 3 381 3
36.649 103.453 281.319 6 26 3 381 3
36.649 103.453 281.319 7 26 3 381 3
36.649 103.453 281.319 8 26 3 381 3
284.144 44.127 115.723 9 26 3 320 2
319.528 35.005 67.487 10 26 3 396 4
319.528 35.005 67.487 11 26 3 396 4
319.528 35.005 67.487 12 26 3 396 4
319.528 35.005 67.487 13 26 3 396 4
319.528 35.005 67.487 14 26 3 396 4
319.528 35.005 67.487 15 26 3 396 4
319.528 35.005 67.487 16 26 3 396 4
319.528 35.005 67.487 17 26 3 396 4
319.528 35.005 67.487 18 26 3 396 4
319.528 35.005 67.487 19 26 3 396 4
319.528 35.005 67.487 20 26 3 396 4
296.452 80.301 162.504 21 26 3 168 1
123.794 68.488 291.093 22 26 3 27 1
253.131 112.836 117.627 23 26 3 206 1
253.131 112.836 117.627 24 26 3 206 1
90.414 44.677 224.391 25 26 3 384 3
90.414 44.677 224.391 26 26 3 384 3
90.414 44.677 224.391 27 26 3 384 3
90.414 44.677 224.391 28 26 3 384 3
90.414 44.677 224.391 29 26 3 384 3
90.414 44.677 224.391 30 26 3 384 3
36.649 103.453 281.319 1 27 3 381 3
36.649 103.453 281.319 2 27 3 381 3
36.649 103.453 281.319 3 27 3 381 3
36.649 103.453 281.319 4 27 3 381 3
36.649 103.453 281.319 5 27 3 381 3
36.649 103.453 281.319 6 27 3 381 3
36.649 103.453 281.319 7 27 3 381 3
36.649 103.453 281.319 8 27 3 381 3
284.144 44.127 115.723 9 27 3 320 2
284.144 44.127 115.723 10 27 3 320 2
284.144 44.127 115.723 11 27 3 320 2
319.528 35.005 67.487 12 27 3 396 4
319.528 35.005 67.487 13 27 3 396 4
319.528 35.005 67.487 14 27 3 396 4
319.528 35.005 67.487 15 27 3 396 4
319.528 35.005 67.487 16 27 3 396 4
319.528 35.005 67.487 17 27 3 396 4
319.528 35.005 67.487 18 27 3 396 4
319.528 35.005 67.487 19 27 3 396 4
296.452 80.301 162.504 20 27 3 168 1
296.452 80.301 162.504 21 27 3 168 1
296.452 80.301 162.504 22 27 3 168 1
253.131 112.836 117.627 23 27 3 206 1
90.414 44.677 224.391 24 27 3 384 3
90.414 44.677 224.391 25 27 3 384 3
90.414 44.677 224.391 26 27 3 384 3
90.414 44.677 224.391 27 27 3 384 3
90.414 44.677 224.391 28 27 3 384 3
90.414 44.677 224.391 29 27 3 384 3
90.414 44.677 224.391 30 27 3 384 3
36.649 103.453 281.319 1 28 3 381 3
36.649 103.453 281.319 2 28 3 381 3
36.649 103.453 281.319 3 28 3 381 3
36.649 103.453 281.319 4 28 3 381 3
36.649 103.453 281.319 5 28 3 381 3
36.649 103.453 281.319 6 28 3 381 3
36.649 103.453 281.319 7 28 3 381 3
255.930 24.782 102.566 8 28 3 359 2
284.144 44.127 115.723 9 28 3 320 2
284.144 44.127 115.723 10 28 3 320 2
284.144 44.127 115.723 11 28 3 320 2
284.144 44.127 115.723 12 28 3 320 2
284.144 44.127 115.723 13 28 3 320 2
319.528 35.005 67.487 14 28 3 396 4
319.528 35.005 67.487 15 28 3 396 4
319.528 35.005 67.487 16 28 3 396 4
319.528 35.005 67.487 17 28 3 396 4
296.452 80.301 162.504 18 28 3 168 1
296.452 80.301 162.504 19 28 3 168 1
296.452 80.301 162.504 20 28 3 168 1
296.452 80.301 162.504 21 28 3 168 1
296.452 80.301 162.504 22 28 3 168 1
296.452 80.301 162.504 23 28 3 168 1
90.414 44.677 224.391 24 28 3 384 3
90.414 44.677 224.391 25 28 3 384 3
90.414 44.677 224.391 26 28 3 384 3
90.414 44.677 224.391 27 28 3 384 3
90.414 44.677 224.391 28 28 3 384 3
90.414 44.677 224.391 29 28 3 384 3
90.414 44.677 224.391 30 28 3 384 3
36.649 103.453 281.319 1 29 3 381 3
36.649 103.453 281.319 2 29 3 381 3
36.649 103.453 281.319 3 29 3 381 3
36.649 103.453 281.319 4 29 3 381 3
36.649 103.453 281.319 5 29 3 381 3
36.649 103.453 281.319 6 29 3 381 3
36.649 103.453 281.319 7 29 3 381 3
255.930 24.782 102.566 8 29 3 359 2
284.144 44.127 115.723 9 29 3 320 2
284.144 44.127 115.723 10 29 3 320 2
284.144 44.127 115.723 11 29 3 320 2
284.144 44.127 115.723 12 29 3 320 2
284.144 44.127 115.723 13 29 3 320 2
319.528 35.005 67.487 14 29 3 396 4
319.528 35.005 67.487 15 29 3 396 4
296.452 80.301 162.504 16 29 3 168 1
296.452 80.301 162.504 17 29 3 168 1
296.452 80.301 162.504 18 29 3 168 1
296.452 80.301 162.504 19 29 3 168 1
296.452 80.301 162.504 20 29 3 168 1
296.452 80.301 162.504 21 29 3 168 1
296.452 80.301 162.504 22 29 3 168 1
296.452 80.301 162.504 23 29 3 168 1
90.414 44.677 224.391 24 29 3 384 3
90.414 44.677 224.391 25 29 3 384 3
90.414 44.677 224.391 26 29 3 384 3
90.414 44.677 224.391 27 29 3 384 3
90.414 44.677 224.391 28 29 3 384 3
90.414 44.677 224.391 29 29 3 384 3
90.414 44.677 224.391 30 29 3 384 3
36.649 103.453 281.319 1 30 3 381 3
36.649 103.453 281.319 2 30 3 381 3
36.649 103.453 281.319 3 30 3 381 3
36.649 103.453 281.319 4 30 3 381 3
36.649 103.453 281.319 5 30 3 381 3
36.649 103.453 281.319 6 30 3 381 3
36.649 103.453 281.319 7 30 3 381 3
255.930 24.782 102.566 8 30 3 359 2
284.144 44.127 115.723 9 30 3 320 2
284.144 44.127 115.723 10 30 3 320 2
284.144 44.127 115.723 11 30 3 320 2
284.144 44.127 115.723 12 30 3 320 2
284.144 44.127 115.723 13 30 3 320 2
319.528 35.005 67.487 14 30 3 396 4
319.528 35.005 67.487 15 30 3 396 4
296.452 80.301 162.504 16 30 3 168 1
296.452 80.301 162.504 17 30 3 168 1
296.452 80.301 162.504 18 30 3 168 1
296.452 80.301 162.504 19 30 3 168 1
296.452 80.301 162.504 20 30 3 168 1
296.452 80.301 162.504 21 30 3 168 1
59.676 53.640 48.309 22 30 3 374 2
90.414 44.677 224.391 23 30 3 384 3
90.414 44.677 224.391 24 30 3 384 3
90.414 44.677 224.391 25 30 3 384 3
90.414 44.677 224.391 26 30 3 384 3
90.414 44.677 224.391 27 30 3 384 3
90.414 44.677 224.391 28 30 3 384 3
90.414 44.677 224.391 29 30 3 384 3
90.414 44.677 224.391 30 30 3 384 3
