43.474 102.962 66.521 1 1 18 385 3
43.474 102.962 66.521 2 1 18 385 3
43.474 102.962 66.521 3 1 18 385 3
43.474 102.962 66.521 4 1 18 385 3
43.474 102.962 66.521 5 1 18 385 3
43.474 102.962 66.521 6 1 18 385 3
43.474 102.962 66.521 7 1 18 385 3
43.474 102.962 66.521 8 1 18 385 3
43.474 102.962 66.521 9 1 18 385 3
43.474 102.962 66.521 10 1 18 385 3
43.474 102.962 66.521 11 1 18 385 3
43.474 102.962 66.521 12 1 18 385 3
43.474 102.962 66.521 13 1 18 385 3
43.474 102.962 66.521 14 1 18 385 3
43.474 102.962 66.521 15 1 18 385 3
43.474 102.962 66.521 16 1 18 385 3
64.172 33.188 69.813 17 1 18 387 4
46.144 91.644 311.474 18 1 18 366 2
46.144 91.644 311.474 19 1 18 366 2
46.144 91.644 311.474 20 1 18 366 2
46.144 91.644 311.474 21 1 18 366 2
46.144 91.644 311.474 22 1 18 366 2
46.144 91.644 311.474 23 1 18 366 2
56.862 145.713 194.301 24 1 18 383 3
56.862 145.713 194.301 25 1 18 383 3
56.862 145.713 194.301 26 1 18 383 3
56.862 145.713 194.301 27 1 18 383 3
56.862 145.713 194.301 28 1 18 383 3
56.862 145.713 194.301 29 1 18 383 3
88.431 127.325 329.230 30 1 18 342 2
43.474 102.962 66.521 1 2 18 385 3
43.474 102.962 66.521 2 2 18 385 3
43.474 102.962 66.521 3 2 18 385 3
43.474 102.962 66.521 4 2 18 385 3
43.474 102.962 66.521 5 2 18 385 3
43.474 102.962 66.521 6 2 18 385 3
43.474 102.962 66.521 7 2 18 385 3
43.474 102.962 66.521 8 2 18 385 3
43.474 102.962 66.521 9 2 18 385 3
87.991 88.061 356.775 10 2 18 258 1
43.474 102.962 66.521 11 2 18 385 3
43.474 102.962 66.521 12 2 18 385 3
43.474 102.962 66.521 13 2 18 385 3
43.474 102.962 66.521 14 2 18 385 3
43.474 102.962 66.521 15 2 18 385 3
64.172 33.188 69.813 16 2 18 387 4
64.172 33.188 69.813 17 2 18 387 4
64.172 33.188 69.813 18 2 18 387 4
46.144 91.644 311.474 19 2 18 366 2
46.144 91.644 311.474 20 2 18 366 2
46.144 91.644 311.474 21 2 18 366 2
46.144 91.644 311.474 22 2 18 366 2
46.144 91.644 311.474 23 2 18 366 2
56.862 145.713 194.301 24 2 18 383 3
56.862 145.713 194.301 25 2 18 383 3
56.862 145.713 194.301 26 2 18 383 3
56.862 145.713 194.301 27 2 18 383 3
56.862 145.713 194.301 28 2 18 383 3
169.259 123.954 99.233 29 2 18 378 2
88.431 127.325 329.230 30 2 18 342 2
43.474 102.962 66.521 1 3 18 385 3
43.474 102.962 66.521 2 3 18 385 3
43.474 102.962 66.521 3 3 18 385 3
43.474 102.962 66.521 4 3 18 385 3
43.474 102.962 66.521 5 3 18 385 3
43.474 102.962 66.521 6 3 18 385 3
43.474 102.962 66.521 7 3 18 385 3
43.474 102.962 66.521 8 3 18 385 3
43.474 102.962 66.521 9 3 18 385 3
43.474 102.962 66.521 10 3 18 385 3
43.474 102.962 66.521 11 3 18 385 3
43.474 102.962 66.521 12 3 18 385 3
43.474 102.962 66.521 13 3 18 385 3
43.474 102.962 66.521 14 3 18 385 3
43.474 102.962 66.521 15 3 18 385 3
64.172 33.188 69.813 16 3 18 387 4
64.172 33.188 69.813 17 3 18 387 4
64.172 33.188 69.813 18 3 18 387 4
64.172 33.188 69.813 19 3 18 387 4
46.144 91.644 311.474 20 3 18 366 2
46.144 91.644 311.474 21 3 18 366 2
46.144 91.644 311.474 22 3 18 366 2
46.144 91.644 311.474 23 3 18 366 2
46.144 91.644 311.474 24 3 18 366 2
46.144 91.644 311.474 25 3 18 366 2
56.862 145.713 194.301 26 3 18 383 3
56.862 145.713 194.301 27 3 18 383 3
169.259 123.954 99.233 28 3 18 378 2
169.259 123.954 99.233 29 3 18 378 2
88.431 127.325 329.230 30 3 18 342 2
43.474 102.962 66.521 1 4 18 385 3
43.474 102.962 66.521 2 4 18 385 3
43.474 102.962 66.521 3 4 18 385 3
43.474 102.962 66.521 4 4 18 385 3
43.474 102.962 66.521 5 4 18 385 3
43.474 102.962 66.521 6 4 18 385 3
43.474 102.962 66.521 7 4 18 385 3
43.474 102.962 66.521 8 4 18 385 3
43.474 102.962 66.521 9 4 18 385 3
43.474 102.962 66.521 10 4 18 385 3
43.474 102.962 66.521 11 4 18 385 3
43.474 102.962 66.521 12 4 18 385 3
43.474 102.962 66.521 13 4 18 385 3
43.474 102.962 66.521 14 4 18 385 3
184.010 151.882 14.434 15 4 18 185 1
64.172 33.188 69.813 16 4 18 387 4
64.172 33.188 69.813 17 4 18 387 4
64.172 33.188 69.813 18 4 18 387 4
64.172 33.188 69.813 19 4 18 387 4
152.520 96.334 194.915 20 4 18 53 1
46.144 91.644 311.474 21 4 18 366 2
46.144 91.644 311.474 22 4 18 366 2
46.144 91.644 311.474 23 4 18 366 2
46.144 91.644 311.474 24 4 18 366 2
46.144 91.644 311.474 25 4 18 366 2
46.144 91.644 311.474 26 4 18 366 2
31.280 46.456 54.106 27 4 18 338 2
31.280 46.456 54.106 28 4 18 338 2
169.259 123.954 99.233 29 4 18 378 2
88.431 127.325 329.230 30 4 18 342 2
43.474 102.962 66.521 1 5 18 385 3
43.474 102.962 66.521 2 5 18 385 3
43.474 102.962 66.521 3 5 18 385 3
43.474 102.962 66.521 4 5 18 385 3
43.474 102.962 66.521 5 5 18 385 3
43.474 102.962 66.521 6 5 18 385 3
43.474 102.962 66.521 7 5 18 385 3
43.474 102.962 66.521 8 5 18 385 3
43.474 102.962 66.521 9 5 18 385 3
43.474 102.962 66.521 10 5 18 385 3
43.474 102.962 66.521 11 5 18 385 3
43.474 102.962 66.521 12 5 18 385 3
43.474 102.962 66.521 13 5 18 385 3
43.474 102.962 66.521 14 5 18 385 3
62.826 133.998 82.566 15 5 18 102 1
62.826 133.998 82.566 16 5 18 102 1
342.095 110.842 180.792 17 5 18 250 1
64.172 33.188 69.813 18 5 18 387 4
64.172 33.188 69.813 19 5 18 387 4
152.520 96.334 194.915 20 5 18 53 1
46.144 91.644 311.474 21 5 18 366 2
46.144 91.644 311.474 22 5 18 366 2
46.144 91.644 311.474 23 5 18 366 2
46.144 91.644 311.474 24 5 18 366 2
46.144 91.644 311.474 25 5 18 366 2
46.144 91.644 311.474 26 5 18 366 2
31.280 46.456 54.106 27 5 18 338 2
31.280 46.456 54.106 28 5 18 338 2
31.280 46.456 54.106 29 5 18 338 2
88.431 127.325 329.230 30 5 18 342 2
43.474 102.962 66.521 1 6 18 385 3
43.474 102.962 66.521 2 6 18 385 3
43.474 102.962 66.521 3 6 18 385 3
43.474 102.962 66.521 4 6 18 385 3
43.474 102.962 66.521 5 6 18 385 3
43.474 102.962 66.521 6 6 18 385 3
225.224 16.362 34.486 7 6 18 89 1
43.474 102.962 66.521 8 6 18 385 3
43.474 102.962 66.521 9 6 18 385 3
43.474 102.962 66.521 10 6 18 385 3
43.474 102.962 66.521 11 6 18 385 3
43.474 102.962 66.521 12 6 18 385 3
43.474 102.962 66.521 13 6 18 385 3
62.826 133.998 82.566 14 6 18 102 1
62.826 133.998 82.566 15 6 18 102 1
62.826 133.998 82.566 16 6 18 102 1
342.095 110.842 180.792 17 6 18 250 1
342.095 110.842 180.792 18 6 18 250 1
211.558 84.679 207.018 19 6 18 434 1
211.558 84.679 207.018 20 6 18 434 1
211.558 84.679 207.018 21 6 18 434 1
46.144 91.644 311.474 22 6 18 366 2
46.144 91.644 311.474 23 6 18 366 2
46.144 91.644 311.474 24 6 18 366 2
46.144 91.644 311.474 25 6 18 366 2
46.144 91.644 311.474 26 6 18 366 2
31.280 46.456 54.106 27 6 18 338 2
31.280 46.456 54.106 28 6 18 338 2
31.280 46.456 54.106 29 6 18 338 2
88.431 127.325 329.230 30 6 18 342 2
43.474 102.962 66.521 1 7 18 385 3
43.474 102.962 66.521 2 7 18 385 3
43.474 102.962 66.521 3 7 18 385 3
43.474 102.962 66.521 4 7 18 385 3
43.474 102.962 66.521 5 7 18 385 3
43.474 102.962 66.521 6 7 18 385 3
43.474 102.962 66.521 7 7 18 385 3
43.474 102.962 66.521 8 7 18 385 3
43.474 102.962 66.521 9 7 18 385 3
43.474 102.962 66.521 10 7 18 385 3
43.474 102.962 66.521 11 7 18 385 3
43.474 102.962 66.521 12 7 18 385 3
43.474 102.962 66.521 13 7 18 385 3
62.826 133.998 82.566 14 7 18 102 1
62.826 133.998 82.566 15 7 18 102 1
62.826 133.998 82.566 16 7 18 102 1
164.460 128.281 213.803 17 7 18 76 1
164.460 128.281 213.803 18 7 18 76 1
187.242 41.142 139.857 19 7 18 395 4
211.558 84.679 207.018 20 7 18 434 1
223.082 16.101 203.059 21 7 18 227 1
223.082 16.101 203.059 22 7 18 227 1
46.144 91.644 311.474 23 7 18 366 2
46.144 91.644 311.474 24 7 18 366 2
46.144 91.644 311.474 25 7 18 366 2
46.144 91.644 311.474 26 7 18 366 2
31.280 46.456 54.106 27 7 18 338 2
31.280 46.456 54.106 28 7 18 338 2
31.280 46.456 54.106 29 7 18 338 2
88.431 127.325 329.230 30 7 18 342 2
43.474 102.962 66.521 1 8 18 385 3
43.474 102.962 66.521 2 8 18 385 3
43.474 102.962 66.521 3 8 18 385 3
43.474 102.962 66.521 4 8 18 385 3
43.474 102.962 66.521 5 8 18 385 3
43.474 102.962 66.521 6 8 18 385 3
43.474 102.962 66.521 7 8 18 385 3
43.474 102.962 66.521 8 8 18 385 3
43.474 102.962 66.521 9 8 18 385 3
43.474 102.962 66.521 10 8 18 385 3
43.474 102.962 66.521 11 8 18 385 3
43.474 102.962 66.521 12 8 18 385 3
43.474 102.962 66.521 13 8 18 385 3
187.242 41.142 139.857 14 8 18 395 4
187.242 41.142 139.857 15 8 18 395 4
187.242 41.142 139.857 16 8 18 395 4
164.460 128.281 213.803 17 8 18 76 1
164.460 128.281 213.803 18 8 18 76 1
187.242 41.142 139.857 19 8 18 395 4
223.082 16.101 203.059 20 8 18 227 1
223.082 16.101 203.059 21 8 18 227 1
223.082 16.101 203.059 22 8 18 227 1
212.193 117.663 24.879 23 8 18 149 1
212.193 117.663 24.879 24 8 18 149 1
46.144 91.644 311.474 25 8 18 366 2
46.144 91.644 311.474 26 8 18 366 2
31.280 46.456 54.106 27 8 18 338 2
31.280 46.456 54.106 28 8 18 338 2
31.280 46.456 54.106 29 8 18 338 2
31.280 46.456 54.106 30 8 18 338 2
43.474 102.962 66.521 1 9 18 385 3
43.474 102.962 66.521 2 9 18 385 3
43.474 102.962 66.521 3 9 18 385 3
43.474 102.962 66.521 4 9 18 385 3
43.474 102.962 66.521 5 9 18 385 3
43.474 102.962 66.521 6 9 18 385 3
43.474 102.962 66.521 7 9 18 385 3
43.474 102.962 66.521 8 9 18 385 3
43.474 102.962 66.521 9 9 18 385 3
43.474 102.962 66.521 10 9 18 385 3
43.474 102.962 66.521 11 9 18 385 3
43.474 102.962 66.521 12 9 18 385 3
148.525 136.017 296.190 13 9 18 408 1
148.525 136.017 296.190 14 9 18 408 1
148.525 136.017 296.190 15 9 18 408 1
187.242 41.142 139.857 16 9 18 395 4
187.242 41.142 139.857 17 9 18 395 4
164.460 128.281 213.803 18 9 18 76 1
164.460 128.281 213.803 19 9 18 76 1
223.082 16.101 203.059 20 9 18 227 1
223.082 16.101 203.059 21 9 18 227 1
187.242 41.142 139.857 22 9 18 395 4
111.019 120.416 341.241 23 9 18 246 1
111.019 120.416 341.241 24 9 18 246 1
143.668 95.126 27.646 25 9 18 339 2
143.668 95.126 27.646 26 9 18 339 2
31.280 46.456 54.106 27 9 18 338 2
31.280 46.456 54.106 28 9 18 338 2
31.280 46.456 54.106 29 9 18 338 2
31.280 46.456 54.106 30 9 18 338 2
43.474 102.962 66.521 1 10 18 385 3
43.474 102.962 66.521 2 10 18 385 3
43.474 102.962 66.521 3 10 18 385 3
43.474 102.962 66.521 4 10 18 385 3
43.474 102.962 66.521 5 10 18 385 3
43.474 102.962 66.521 6 10 18 385 3
43.474 102.962 66.521 7 10 18 385 3
43.474 102.962 66.521 8 10 18 385 3
43.474 102.962 66.521 9 10 18 385 3
43.474 102.962 66.521 10 10 18 385 3
43.474 102.962 66.521 11 10 18 385 3
187.242 41.142 139.857 12 10 18 395 4
148.525 136.017 296.190 13 10 18 408 1
148.525 136.017 296.190 14 10 18 408 1
148.525 136.017 296.190 15 10 18 408 1
187.242 41.142 139.857 16 10 18 395 4
187.242 41.142 139.857 17 10 18 395 4
187.242 41.142 139.857 18 10 18 395 4
164.460 128.281 213.803 19 10 18 76 1
223.082 16.101 203.059 20 10 18 227 1
223.082 16.101 203.059 21 10 18 227 1
187.242 41.142 139.857 22 10 18 395 4
111.019 120.416 341.241 23 10 18 246 1
143.668 95.126 27.646 24 10 18 339 2
143.668 95.126 27.646 25 10 18 339 2
143.668 95.126 27.646 26 10 18 339 2
31.280 46.456 54.106 27 10 18 338 2
31.280 46.456 54.106 28 10 18 338 2
31.280 46.456 54.106 29 10 18 338 2
118.599 61.178 70.036 30 10 18 407 1
12.585 51.769 266.972 1 11 18 74 1
12.585 51.769 266.972 2 11 18 74 1
12.585 51.769 266.972 3 11 18 74 1
43.474 102.962 66.521 4 11 18 385 3
43.474 102.962 66.521 5 11 18 385 3
43.474 102.962 66.521 6 11 18 385 3
43.474 102.962 66.521 7 11 18 385 3
43.474 102.962 66.521 8 11 18 385 3
43.474 102.962 66.521 9 11 18 385 3
43.474 102.962 66.521 10 11 18 385 3
43.474 102.962 66.521 11 11 18 385 3
187.242 41.142 139.857 12 11 18 395 4
170.156 71.054 267.352 13 11 18 262 1
148.525 136.017 296.190 14 11 18 408 1
148.525 136.017 296.190 15 11 18 408 1
148.525 136.017 296.190 16 11 18 408 1
187.242 41.142 139.857 17 11 18 395 4
187.242 41.142 139.857 18 11 18 395 4
187.242 41.142 139.857 19 11 18 395 4
187.242 41.142 139.857 20 11 18 395 4
187.242 41.142 139.857 21 11 18 395 4
187.242 41.142 139.857 22 11 18 395 4
187.242 41.142 139.857 23 11 18 395 4
187.242 41.142 139.857 24 11 18 395 4
143.668 95.126 27.646 25 11 18 339 2
143.668 95.126 27.646 26 11 18 339 2
143.668 95.126 27.646 27 11 18 339 2
233.928 47.430 181.948 28 11 18 340 2
233.928 47.430 181.948 29 11 18 340 2
31.280 46.456 54.106 30 11 18 338 2
12.585 51.769 266.972 1 12 18 74 1
12.585 51.769 266.972 2 12 18 74 1
12.585 51.769 266.972 3 12 18 74 1
12.585 51.769 266.972 4 12 18 74 1
43.474 102.962 66.521 5 12 18 385 3
43.474 102.962 66.521 6 12 18 385 3
43.474 102.962 66.521 7 12 18 385 3
43.474 102.962 66.521 8 12 18 385 3
43.474 102.962 66.521 9 12 18 385 3
43.474 102.962 66.521 10 12 18 385 3
43.474 102.962 66.521 11 12 18 385 3
187.242 41.142 139.857 12 12 18 395 4
187.242 41.142 139.857 13 12 18 395 4
148.525 136.017 296.190 14 12 18 408 1
148.525 136.017 296.190 15 12 18 408 1
187.242 41.142 139.857 16 12 18 395 4
187.242 41.142 139.857 17 12 18 395 4
187.242 41.142 139.857 18 12 18 395 4
187.242 41.142 139.857 19 12 18 395 4
187.242 41.142 139.857 20 12 18 395 4
187.242 41.142 139.857 21 12 18 395 4
187.242 41.142 139.857 22 12 18 395 4
187.242 41.142 139.857 23 12 18 395 4
187.242 41.142 139.857 24 12 18 395 4
187.242 41.142 139.857 25 12 18 395 4
143.668 95.126 27.646 26 12 18 339 2
143.668 95.126 27.646 27 12 18 339 2
233.928 47.430 181.948 28 12 18 340 2
233.928 47.430 181.948 29 12 18 340 2
31.280 46.456 54.106 30 12 18 338 2
12.585 51.769 266.972 1 13 18 74 1
12.585 51.769 266.972 2 13 18 74 1
12.585 51.769 266.972 3 13 18 74 1
12.585 51.769 266.972 4 13 18 74 1
43.474 102.962 66.521 5 13 18 385 3
43.474 102.962 66.521 6 13 18 385 3
43.474 102.962 66.521 7 13 18 385 3
43.474 102.962 66.521 8 13 18 385 3
43.474 102.962 66.521 9 13 18 385 3
43.474 102.962 66.521 10 13 18 385 3
187.242 41.142 139.857 11 13 18 395 4
187.242 41.142 139.857 12 13 18 395 4
187.242 41.142 139.857 13 13 18 395 4
187.242 41.142 139.857 14 13 18 395 4
187.242 41.142 139.857 15 13 18 395 4
187.242 41.142 139.857 16 13 18 395 4
187.242 41.142 139.857 17 13 18 395 4
187.242 41.142 139.857 18 13 18 395 4
187.242 41.142 139.857 19 13 18 395 4
187.242 41.142 139.857 20 13 18 395 4
187.242 41.142 139.857 21 13 18 395 4
187.242 41.142 139.857 22 13 18 395 4
187.242 41.142 139.857 23 13 18 395 4
187.242 41.142 139.857 24 13 18 395 4
187.242 41.142 139.857 25 13 18 395 4
187.242 41.142 139.857 26 13 18 395 4
187.242 41.142 139.857 27 13 18 395 4
184.982 118.585 268.609 28 13 18 441 2
233.928 47.430 181.948 29 13 18 340 2
31.280 46.456 54.106 30 13 18 338 2
12.585 51.769 266.972 1 14 18 74 1
12.585 51.769 266.972 2 14 18 74 1
12.585 51.769 266.972 3 14 18 74 1
321.557 113.696 133.326 4 14 18 423 1
43.474 102.962 66.521 5 14 18 385 3
43.474 102.962 66.521 6 14 18 385 3
43.474 102.962 66.521 7 14 18 385 3
43.474 102.962 66.521 8 14 18 385 3
43.474 102.962 66.521 9 14 18 385 3
43.474 102.962 66.521 10 14 18 385 3
187.242 41.142 139.857 11 14 18 395 4
187.242 41.142 139.857 12 14 18 395 4
187.242 41.142 139.857 13 14 18 395 4
187.242 41.142 139.857 14 14 18 395 4
187.242 41.142 139.857 15 14 18 395 4
187.242 41.142 139.857 16 14 18 395 4
187.242 41.142 139.857 17 14 18 395 4
187.242 41.142 139.857 18 14 18 395 4
187.242 41.142 139.857 19 14 18 395 4
187.242 41.142 139.857 20 14 18 395 4
187.242 41.142 139.857 21 14 18 395 4
187.242 41.142 139.857 22 14 18 395 4
187.242 41.142 139.857 23 14 18 395 4
187.242 41.142 139.857 24 14 18 395 4
187.242 41.142 139.857 25 14 18 395 4
187.242 41.142 139.857 26 14 18 395 4
187.242 41.142 139.857 27 14 18 395 4
184.982 118.585 268.609 28 14 18 441 2
233.928 47.430 181.948 29 14 18 340 2
31.280 46.456 54.106 30 14 18 338 2
131.061 97.535 347.236 1 15 18 394 4
131.061 97.535 347.236 2 15 18 394 4
131.061 97.535 347.236 3 15 18 394 4
131.061 97.535 347.236 4 15 18 394 4
131.061 97.535 347.236 5 15 18 394 4
131.061 97.535 347.236 6 15 18 394 4
43.474 102.962 66.521 7 15 18 385 3
43.474 102.962 66.521 8 15 18 385 3
43.474 102.962 66.521 9 15 18 385 3
106.032 144.724 202.766 10 15 18 443 2
187.242 41.142 139.857 11 15 18 395 4
187.242 41.142 139.857 12 15 18 395 4
187.242 41.142 139.857 13 15 18 395 4
187.242 41.142 139.857 14 15 18 395 4
187.242 41.142 139.857 15 15 18 395 4
187.242 41.142 139.857 16 15 18 395 4
187.242 41.142 139.857 17 15 18 395 4
187.242 41.142 139.857 18 15 18 395 4
187.242 41.142 139.857 19 15 18 395 4
187.242 41.142 139.857 20 15 18 395 4
187.242 41.142 139.857 21 15 18 395 4
187.242 41.142 139.857 22 15 18 395 4
187.242 41.142 139.857 23 15 18 395 4
187.242 41.142 139.857 24 15 18 395 4
187.242 41.142 139.857 25 15 18 395 4
187.242 41.142 139.857 26 15 18 395 4
187.242 41.142 139.857 27 15 18 395 4
255.446 22.215 106.503 28 15 18 409 1
255.446 22.215 106.503 29 15 18 409 1
31.280 46.456 54.106 30 15 18 338 2
131.061 97.535 347.236 1 16 18 394 4
131.061 97.535 347.236 2 16 18 394 4
131.061 97.535 347.236 3 16 18 394 4
131.061 97.535 347.236 4 16 18 394 4
131.061 97.535 347.236 5 16 18 394 4
131.061 97.535 347.236 6 16 18 394 4
131.061 97.535 347.236 7 16 18 394 4
131.061 97.535 347.236 8 16 18 394 4
106.032 144.724 202.766 9 16 18 443 2
106.032 144.724 202.766 10 16 18 443 2
106.032 144.724 202.766 11 16 18 443 2
49.013 129.595 72.550 12 16 18 146 1
187.242 41.142 139.857 13 16 18 395 4
226.822 44.662 43.517 14 16 18 311 1
187.242 41.142 139.857 15 16 18 395 4
187.242 41.142 139.857 16 16 18 395 4
187.242 41.142 139.857 17 16 18 395 4
187.242 41.142 139.857 18 16 18 395 4
187.242 41.142 139.857 19 16 18 395 4
187.242 41.142 139.857 20 16 18 395 4
187.242 41.142 139.857 21 16 18 395 4
187.242 41.142 139.857 22 16 18 395 4
187.242 41.142 139.857 23 16 18 395 4
187.242 41.142 139.857 24 16 18 395 4
187.242 41.142 139.857 25 16 18 395 4
187.242 41.142 139.857 26 16 18 395 4
255.446 22.215 106.503 27 16 18 409 1
255.446 22.215 106.503 28 16 18 409 1
255.446 22.215 106.503 29 16 18 409 1
255.446 22.215 106.503 30 16 18 409 1
131.061 97.535 347.236 1 17 18 394 4
131.061 97.535 347.236 2 17 18 394 4
131.061 97.535 347.236 3 17 18 394 4
131.061 97.535 347.236 4 17 18 394 4
131.061 97.535 347.236 5 17 18 394 4
131.061 97.535 347.236 6 17 18 394 4
131.061 97.535 347.236 7 17 18 394 4
131.061 97.535 347.236 8 17 18 394 4
106.032 144.724 202.766 9 17 18 443 2
106.032 144.724 202.766 10 17 18 443 2
106.032 144.724 202.766 11 17 18 443 2
49.013 129.595 72.550 12 17 18 146 1
106.032 144.724 202.766 13 17 18 443 2
187.242 41.142 139.857 14 17 18 395 4
187.242 41.142 139.857 15 17 18 395 4
187.242 41.142 139.857 16 17 18 395 4
187.242 41.142 139.857 17 17 18 395 4
187.242 41.142 139.857 18 17 18 395 4
187.242 41.142 139.857 19 17 18 395 4
187.242 41.142 139.857 20 17 18 395 4
187.242 41.142 139.857 21 17 18 395 4
187.242 41.142 139.857 22 17 18 395 4
187.242 41.142 139.857 23 17 18 395 4
187.242 41.142 139.857 24 17 18 395 4
187.242 41.142 139.857 25 17 18 395 4
187.242 41.142 139.857 26 17 18 395 4
187.242 41.142 139.857 27 17 18 395 4
255.446 22.215 106.503 28 17 18 409 1
255.446 22.215 106.503 29 17 18 409 1
255.446 22.215 106.503 30 17 18 409 1
131.061 97.535 347.236 1 18 18 394 4
131.061 97.535 347.236 2 18 18 394 4
131.061 97.535 347.236 3 18 18 394 4
131.061 97.535 347.236 4 18 18 394 4
131.061 97.535 347.236 5 18 18 394 4
131.061 97.535 347.236 6 18 18 394 4
131.061 97.535 347.236 7 18 18 394 4
131.061 97.535 347.236 8 18 18 394 4
106.032 144.724 202.766 9 18 18 443 2
106.032 144.724 202.766 10 18 18 443 2
106.032 144.724 202.766 11 18 18 443 2
106.032 144.724 202.766 12 18 18 443 2
106.032 144.724 202.766 13 18 18 443 2
187.242 41.142 139.857 14 18 18 395 4
187.242 41.142 139.857 15 18 18 395 4
187.242 41.142 139.857 16 18 18 395 4
187.242 41.142 139.857 17 18 18 395 4
187.242 41.142 139.857 18 18 18 395 4
187.242 41.142 139.857 19 18 18 395 4
187.242 41.142 139.857 20 18 18 395 4
187.242 41.142 139.857 21 18 18 395 4
187.242 41.142 139.857 22 18 18 395 4
187.242 41.142 139.857 23 18 18 395 4
187.242 41.142 139.857 24 18 18 395 4
187.242 41.142 139.857 25 18 18 395 4
187.242 41.142 139.857 26 18 18 395 4
187.242 41.142 139.857 27 18 18 395 4
187.242 41.142 139.857 28 18 18 395 4
187.242 41.142 139.857 29 18 18 395 4
187.242 41.142 139.857 30 18 18 395 4
131.061 97.535 347.236 1 19 18 394 4
131.061 97.535 347.236 2 19 18 394 4
95.867 94.562 191.693 3 19 18 341 2
131.061 97.535 347.236 4 19 18 394 4
131.061 97.535 347.236 5 19 18 394 4
131.061 97.535 347.236 6 19 18 394 4
131.061 97.535 347.236 7 19 18 394 4
131.061 97.535 347.236 8 19 18 394 4
106.032 144.724 202.766 9 19 18 443 2
106.032 144.724 202.766 10 19 18 443 2
106.032 144.724 202.766 11 19 18 443 2
106.032 144.724 202.766 12 19 18 443 2
98.397 126.904 103.166 13 19 18 131 1
187.242 41.142 139.857 14 19 18 395 4
187.242 41.142 139.857 15 19 18 395 4
187.242 41.142 139.857 16 19 18 395 4
187.242 41.142 139.857 17 19 18 395 4
187.242 41.142 139.857 18 19 18 395 4
187.242 41.142 139.857 19 19 18 395 4
187.242 41.142 139.857 20 19 18 395 4
187.242 41.142 139.857 21 19 18 395 4
187.242 41.142 139.857 22 19 18 395 4
187.242 41.142 139.857 23 19 18 395 4
187.242 41.142 139.857 24 19 18 395 4
187.242 41.142 139.857 25 19 18 395 4
187.242 41.142 139.857 26 19 18 395 4
187.242 41.142 139.857 27 19 18 395 4
187.242 41.142 139.857 28 19 18 395 4
187.242 41.142 139.857 29 19 18 395 4
187.242 41.142 139.857 30 19 18 395 4
131.061 97.535 347.236 1 20 18 394 4
131.061 97.535 347.236 2 20 18 394 4
95.867 94.562 191.693 3 20 18 341 2
131.061 97.535 347.236 4 20 18 394 4
131.061 97.535 347.236 5 20 18 394 4
131.061 97.535 347.236 6 20 18 394 4
131.061 97.535 347.236 7 20 18 394 4
131.061 97.535 347.236 8 20 18 394 4
90.401 79.997 109.566 9 20 18 350 2
90.401 79.997 109.566 10 20 18 350 2
186.850 102.943 125.589 11 20 18 63 1
186.850 102.943 125.589 12 20 18 63 1
186.850 102.943 125.589 13 20 18 63 1
187.242 41.142 139.857 14 20 18 395 4
187.242 41.142 139.857 15 20 18 395 4
187.242 41.142 139.857 16 20 18 395 4
187.242 41.142 139.857 17 20 18 395 4
187.242 41.142 139.857 18 20 18 395 4
187.242 41.142 139.857 19 20 18 395 4
187.242 41.142 139.857 20 20 18 395 4
187.242 41.142 139.857 21 20 18 395 4
187.242 41.142 139.857 22 20 18 395 4
187.242 41.142 139.857 23 20 18 395 4
187.242 41.142 139.857 24 20 18 395 4
187.242 41.142 139.857 25 20 18 395 4
187.242 41.142 139.857 26 20 18 395 4
187.242 41.142 139.857 27 20 18 395 4
187.242 41.142 139.857 28 20 18 395 4
187.242 41.142 139.857 29 20 18 395 4
187.242 41.142 139.857 30 20 18 395 4
131.061 97.535 347.236 1 21 18 394 4
131.061 97.535 347.236 2 21 18 394 4
131.061 97.535 347.236 3 21 18 394 4
131.061 97.535 347.236 4 21 18 394 4
131.061 97.535 347.236 5 21 18 394 4
131.061 97.535 347.236 6 21 18 394 4
131.061 97.535 347.236 7 21 18 394 4
131.061 97.535 347.236 8 21 18 394 4
90.401 79.997 109.566 9 21 18 350 2
90.401 79.997 109.566 10 21 18 350 2
98.397 126.904 103.166 11 21 18 131 1
186.850 102.943 125.589 12 21 18 63 1
49.013 129.595 72.550 13 21 18 146 1
187.242 41.142 139.857 14 21 18 395 4
187.242 41.142 139.857 15 21 18 395 4
187.242 41.142 139.857 16 21 18 395 4
187.242 41.142 139.857 17 21 18 395 4
187.242 41.142 139.857 18 21 18 395 4
187.242 41.142 139.857 19 21 18 395 4
187.242 41.142 139.857 20 21 18 395 4
187.242 41.142 139.857 21 21 18 395 4
187.242 41.142 139.857 22 21 18 395 4
187.242 41.142 139.857 23 21 18 395 4
187.242 41.142 139.857 24 21 18 395 4
187.242 41.142 139.857 25 21 18 395 4
187.242 41.142 139.857 26 21 18 395 4
187.242 41.142 139.857 27 21 18 395 4
187.242 41.142 139.857 28 21 18 395 4
187.242 41.142 139.857 29 21 18 395 4
187.242 41.142 139.857 30 21 18 395 4
131.061 97.535 347.236 1 22 18 394 4
117.336 124.800 255.818 2 22 18 447 2
131.061 97.535 347.236 3 22 18 394 4
131.061 97.535 347.236 4 22 18 394 4
131.061 97.535 347.236 5 22 18 394 4
131.061 97.535 347.236 6 22 18 394 4
131.061 97.535 347.236 7 22 18 394 4
131.061 97.535 347.236 8 22 18 394 4
336.357 104.932 333.975 9 22 18 393 4
90.401 79.997 109.566 10 22 18 350 2
90.401 79.997 109.566 11 22 18 350 2
90.401 79.997 109.566 12 22 18 350 2
90.401 79.997 109.566 13 22 18 350 2
187.242 41.142 139.857 14 22 18 395 4
187.242 41.142 139.857 15 22 18 395 4
187.242 41.142 139.857 16 22 18 395 4
187.242 41.142 139.857 17 22 18 395 4
187.242 41.142 139.857 18 22 18 395 4
187.242 41.142 139.857 19 22 18 395 4
187.242 41.142 139.857 20 22 18 395 4
187.242 41.142 139.857 21 22 18 395 4
187.242 41.142 139.857 22 22 18 395 4
187.242 41.142 139.857 23 22 18 395 4
187.242 41.142 139.857 24 22 18 395 4
187.242 41.142 139.857 25 22 18 395 4
187.242 41.142 139.857 26 22 18 395 4
187.242 41.142 139.857 27 22 18 395 4
187.242 41.142 139.857 28 22 18 395 4
187.242 41.142 139.857 29 22 18 395 4
187.242 41.142 139.857 30 22 18 395 4
131.061 97.535 347.236 1 23 18 394 4
131.061 97.535 347.236 2 23 18 394 4
131.061 97.535 347.236 3 23 18 394 4
131.061 97.535 347.236 4 23 18 394 4
131.061 97.535 347.236 5 23 18 394 4
131.061 97.535 347.236 6 23 18 394 4
336.357 104.932 333.975 7 23 18 393 4
336.357 104.932 333.975 8 23 18 393 4
336.357 104.932 333.975 9 23 18 393 4
336.357 104.932 333.975 10 23 18 393 4
98.397 126.904 103.166 11 23 18 131 1
90.401 79.997 109.566 12 23 18 350 2
224.992 72.538 334.910 13 23 18 379 2
224.992 72.538 334.910 14 23 18 379 2
187.242 41.142 139.857 15 23 18 395 4
187.242 41.142 139.857 16 23 18 395 4
187.242 41.142 139.857 17 23 18 395 4
187.242 41.142 139.857 18 23 18 395 4
187.242 41.142 139.857 19 23 18 395 4
187.242 41.142 139.857 20 23 18 395 4
187.242 41.142 139.857 21 23 18 395 4
187.242 41.142 139.857 22 23 18 395 4
187.242 41.142 139.857 23 23 18 395 4
187.242 41.142 139.857 24 23 18 395 4
187.242 41.142 139.857 25 23 18 395 4
103.874 70.527 142.526 26 23 18 12 1
187.242 41.142 139.857 27 23 18 395 4
187.242 41.142 139.857 28 23 18 395 4
187.242 41.142 139.857 29 23 18 395 4
187.242 41.142 139.857 30 23 18 395 4
131.061 97.535 347.236 1 24 18 394 4
131.061 97.535 347.236 2 24 18 394 4
131.061 97.535 347.236 3 24 18 394 4
131.061 97.535 347.236 4 24 18 394 4
131.061 97.535 347.236 5 24 18 394 4
336.357 104.932 333.975 6 24 18 393 4
336.357 104.932 333.975 7 24 18 393 4
336.357 104.932 333.975 8 24 18 393 4
336.357 104.932 333.975 9 24 18 393 4
336.357 104.932 333.975 10 24 18 393 4
336.357 104.932 333.975 11 24 18 393 4
224.992 72.538 334.910 12 24 18 379 2
224.992 72.538 334.910 13 24 18 379 2
224.992 72.538 334.910 14 24 18 379 2
224.992 72.538 334.910 15 24 18 379 2
224.992 72.538 334.910 16 24 18 379 2
224.992 72.538 334.910 17 24 18 379 2
187.242 41.142 139.857 18 24 18 395 4
187.242 41.142 139.857 19 24 18 395 4
187.242 41.142 139.857 20 24 18 395 4
187.242 41.142 139.857 21 24 18 395 4
187.242 41.142 139.857 22 24 18 395 4
187.242 41.142 139.857 23 24 18 395 4
187.242 41.142 139.857 24 24 18 395 4
187.242 41.142 139.857 25 24 18 395 4
187.242 41.142 139.857 26 24 18 395 4
187.242 41.142 139.857 27 24 18 395 4
187.242 41.142 139.857 28 24 18 395 4
187.242 41.142 139.857 29 24 18 395 4
187.242 41.142 139.857 30 24 18 395 4
131.061 97.535 347.236 1 25 18 394 4
131.061 97.535 347.236 2 25 18 394 4
131.061 97.535 347.236 3 25 18 394 4
131.061 97.535 347.236 4 25 18 394 4
336.357 104.932 333.975 5 25 18 393 4
336.357 104.932 333.975 6 25 18 393 4
336.357 104.932 333.975 7 25 18 393 4
336.357 104.932 333.975 8 25 18 393 4
336.357 104.932 333.975 9 25 18 393 4
336.357 104.932 333.975 10 25 18 393 4
336.357 104.932 333.975 11 25 18 393 4
224.992 72.538 334.910 12 25 18 379 2
224.992 72.538 334.910 13 25 18 379 2
224.992 72.538 334.910 14 25 18 379 2
224.992 72.538 334.910 15 25 18 379 2
224.992 72.538 334.910 16 25 18 379 2
224.992 72.538 334.910 17 25 18 379 2
224.992 72.538 334.910 18 25 18 379 2
187.242 41.142 139.857 19 25 18 395 4
187.242 41.142 139.857 20 25 18 395 4
187.242 41.142 139.857 21 25 18 395 4
187.242 41.142 139.857 22 25 18 395 4
187.242 41.142 139.857 23 25 18 395 4
187.242 41.142 139.857 24 25 18 395 4
187.242 41.142 139.857 25 25 18 395 4
187.242 41.142 139.857 26 25 18 395 4
187.242 41.142 139.857 27 25 18 395 4
187.242 41.142 139.857 28 25 18 395 4
187.242 41.142 139.857 29 25 18 395 4
187.242 41.142 139.857 30 25 18 395 4
131.061 97.535 347.236 1 26 18 394 4
131.061 97.535 347.236 2 26 18 394 4
131.061 97.535 347.236 3 26 18 394 4
131.061 97.535 347.236 4 26 18 394 4
336.357 104.932 333.975 5 26 18 393 4
336.357 104.932 333.975 6 26 18 393 4
336.357 104.932 333.975 7 26 18 393 4
336.357 104.932 333.975 8 26 18 393 4
336.357 104.932 333.975 9 26 18 393 4
336.357 104.932 333.975 10 26 18 393 4
336.357 104.932 333.975 11 26 18 393 4
224.992 72.538 334.910 12 26 18 379 2
224.992 72.538 334.910 13 26 18 379 2
224.992 72.538 334.910 14 26 18 379 2
224.992 72.538 334.910 15 26 18 379 2
224.992 72.538 334.910 16 26 18 379 2
224.992 72.538 334.910 17 26 18 379 2
224.992 72.538 334.910 18 26 18 379 2
187.242 41.142 139.857 19 26 18 395 4
10.776 147.974 71.879 20 26 18 446 2
187.242 41.142 139.857 21 26 18 395 4
187.242 41.142 139.857 22 26 18 395 4
187.242 41.142 139.857 23 26 18 395 4
187.242 41.142 139.857 24 26 18 395 4
131.619 112.124 216.498 25 26 18 115 1
187.242 41.142 139.857 26 26 18 395 4
187.242 41.142 139.857 27 26 18 395 4
187.242 41.142 139.857 28 26 18 395 4
187.242 41.142 139.857 29 26 18 395 4
326.513 54.738 221.404 30 26 18 349 2
131.061 97.535 347.236 1 27 18 394 4
131.061 97.535 347.236 2 27 18 394 4
131.061 97.535 347.236 3 27 18 394 4
336.357 104.932 333.975 4 27 18 393 4
336.357 104.932 333.975 5 27 18 393 4
336.357 104.932 333.975 6 27 18 393 4
336.357 104.932 333.975 7 27 18 393 4
336.357 104.932 333.975 8 27 18 393 4
336.357 104.932 333.975 9 27 18 393 4
336.357 104.932 333.975 10 27 18 393 4
336.357 104.932 333.975 11 27 18 393 4
354.877 86.066 218.395 12 27 18 361 2
354.877 86.066 218.395 13 27 18 361 2
354.877 86.066 218.395 14 27 18 361 2
354.877 86.066 218.395 15 27 18 361 2
224.992 72.538 334.910 16 27 18 379 2
224.992 72.538 334.910 17 27 18 379 2
224.992 72.538 334.910 18 27 18 379 2
50.768 38.310 254.189 19 27 18 389 4
10.776 147.974 71.879 20 27 18 446 2
187.242 41.142 139.857 21 27 18 395 4
187.242 41.142 139.857 22 27 18 395 4
187.242 41.142 139.857 23 27 18 395 4
131.619 112.124 216.498 24 27 18 115 1
131.619 112.124 216.498 25 27 18 115 1
187.242 41.142 139.857 26 27 18 395 4
36.605 118.290 32.451 27 27 18 232 1
36.605 118.290 32.451 28 27 18 232 1
36.605 118.290 32.451 29 27 18 232 1
326.513 54.738 221.404 30 27 18 349 2
52.153 113.147 250.738 1 28 18 129 1
52.153 113.147 250.738 2 28 18 129 1
336.357 104.932 333.975 3 28 18 393 4
336.357 104.932 333.975 4 28 18 393 4
336.357 104.932 333.975 5 28 18 393 4
336.357 104.932 333.975 6 28 18 393 4
336.357 104.932 333.975 7 28 18 393 4
336.357 104.932 333.975 8 28 18 393 4
322.374 109.303 99.677 9 28 18 54 1
336.357 104.932 333.975 10 28 18 393 4
336.357 104.932 333.975 11 28 18 393 4
336.357 104.932 333.975 12 28 18 393 4
354.877 86.066 218.395 13 28 18 361 2
354.877 86.066 218.395 14 28 18 361 2
354.877 86.066 218.395 15 28 18 361 2
354.877 86.066 218.395 16 28 18 361 2
354.877 86.066 218.395 17 28 18 361 2
354.877 86.066 218.395 18 28 18 361 2
132.303 84.087 215.660 19 28 18 41 1
132.303 84.087 215.660 20 28 18 41 1
132.303 84.087 215.660 21 28 18 41 1
187.242 41.142 139.857 22 28 18 395 4
317.556 42.279 30.935 23 28 18 31 1
131.619 112.124 216.498 24 28 18 115 1
131.619 112.124 216.498 25 28 18 115 1
131.619 112.124 216.498 26 28 18 115 1
36.605 118.290 32.451 27 28 18 232 1
323.477 66.923 266.711 28 28 18 190 1
36.605 118.290 32.451 29 28 18 232 1
300.899 79.068 205.500 30 28 18 118 1
52.153 113.147 250.738 1 29 18 129 1
52.153 113.147 250.738 2 29 18 129 1
52.153 113.147 250.738 3 29 18 129 1
336.357 104.932 333.975 4 29 18 393 4
336.357 104.932 333.975 5 29 18 393 4
336.357 104.932 333.975 6 29 18 393 4
336.357 104.932 333.975 7 29 18 393 4
336.357 104.932 333.975 8 29 18 393 4
336.357 104.932 333.975 9 29 18 393 4
336.357 104.932 333.975 10 29 18 393 4
336.357 104.932 333.975 11 29 18 393 4
336.357 104.932 333.975 12 29 18 393 4
354.877 86.066 218.395 13 29 18 361 2
354.877 86.066 218.395 14 29 18 361 2
354.877 86.066 218.395 15 29 18 361 2
354.877 86.066 218.395 16 29 18 361 2
354.877 86.066 218.395 17 29 18 361 2
132.303 84.087 215.660 18 29 18 41 1
132.303 84.087 215.660 19 29 18 41 1
132.303 84.087 215.660 20 29 18 41 1
132.303 84.087 215.660 21 29 18 41 1
317.556 42.279 30.935 22 29 18 31 1
317.556 42.279 30.935 23 29 18 31 1
131.619 112.124 216.498 24 29 18 115 1
131.619 112.124 216.498 25 29 18 115 1
131.619 112.124 216.498 26 29 18 115 1
36.605 118.290 32.451 27 29 18 232 1
36.605 118.290 32.451 28 29 18 232 1
326.513 54.738 221.404 29 29 18 349 2
326.513 54.738 221.404 30 29 18 349 2
52.153 113.147 250.738 1 30 18 129 1
52.153 113.147 250.738 2 30 18 129 1
52.153 113.147 250.738 3 30 18 129 1
336.357 104.932 333.975 4 30 18 393 4
336.357 104.932 333.975 5 30 18 393 4
336.357 104.932 333.975 6 30 18 393 4
336.357 104.932 333.975 7 30 18 393 4
187.364 27.729 221.497 8 30 18 343 2
336.357 104.932 333.975 9 30 18 393 4
336.357 104.932 333.975 10 30 18 393 4
336.357 104.932 333.975 11 30 18 393 4
149.935 26.974 117.156 12 30 18 109 1
149.935 26.974 117.156 13 30 18 109 1
354.877 86.066 218.395 14 30 18 361 2
354.877 86.066 218.395 15 30 18 361 2
354.877 86.066 218.395 16 30 18 361 2
132.303 84.087 215.660 17 30 18 41 1
132.303 84.087 215.660 18 30 18 41 1
132.303 84.087 215.660 19 30 18 41 1
132.303 84.087 215.660 20 30 18 41 1
132.303 84.087 215.660 21 30 18 41 1
317.556 42.279 30.935 22 30 18 31 1
317.556 42.279 30.935 23 30 18 31 1
131.619 112.124 216.498 24 30 18 115 1
131.619 112.124 216.498 25 30 18 115 1
131.619 112.124 216.498 26 30 18 115 1
306.313 92.033 314.378 27 30 18 3 1
306.313 92.033 314.378 28 30 18 3 1
326.513 54.738 221.404 29 30 18 349 2
326.513 54.738 221.404 30 30 18 349 2
