43.474 102.962 66.521 1 1 13 385 3
43.474 102.962 66.521 2 1 13 385 3
43.474 102.962 66.521 3 1 13 385 3
43.474 102.962 66.521 4 1 13 385 3
43.474 102.962 66.521 5 1 13 385 3
43.474 102.962 66.521 6 1 13 385 3
43.474 102.962 66.521 7 1 13 385 3
43.474 102.962 66.521 8 1 13 385 3
43.474 102.962 66.521 9 1 13 385 3
43.474 102.962 66.521 10 1 13 385 3
43.474 102.962 66.521 11 1 13 385 3
43.474 102.962 66.521 12 1 13 385 3
43.474 102.962 66.521 13 1 13 385 3
43.474 102.962 66.521 14 1 13 385 3
43.474 102.962 66.521 15 1 13 385 3
43.474 102.962 66.521 16 1 13 385 3
43.474 102.962 66.521 17 1 13 385 3
43.474 102.962 66.521 18 1 13 385 3
41.770 84.540 147.654 19 1 13 120 1
41.770 84.540 147.654 20 1 13 120 1
56.862 145.713 194.301 21 1 13 383 3
56.862 145.713 194.301 22 1 13 383 3
56.862 145.713 194.301 23 1 13 383 3
56.862 145.713 194.301 24 1 13 383 3
330.467 157.539 180.673 25 1 13 354 2
330.467 157.539 180.673 26 1 13 354 2
330.467 157.539 180.673 27 1 13 354 2
347.815 95.866 225.452 28 1 13 130 1
347.815 95.866 225.452 29 1 13 130 1
21.253 152.408 250.621 30 1 13 192 1
43.474 102.962 66.521 1 2 13 385 3
43.474 102.962 66.521 2 2 13 385 3
43.474 102.962 66.521 3 2 13 385 3
43.474 102.962 66.521 4 2 13 385 3
43.474 102.962 66.521 5 2 13 385 3
43.474 102.962 66.521 6 2 13 385 3
43.474 102.962 66.521 7 2 13 385 3
43.474 102.962 66.521 8 2 13 385 3
43.474 102.962 66.521 9 2 13 385 3
43.474 102.962 66.521 10 2 13 385 3
43.474 102.962 66.521 11 2 13 385 3
43.474 102.962 66.521 12 2 13 385 3
43.474 102.962 66.521 13 2 13 385 3
43.474 102.962 66.521 14 2 13 385 3
43.474 102.962 66.521 15 2 13 385 3
43.474 102.962 66.521 16 2 13 385 3
43.474 102.962 66.521 17 2 13 385 3
64.172 33.188 69.813 18 2 13 387 4
41.770 84.540 147.654 19 2 13 120 1
41.770 84.540 147.654 20 2 13 120 1
56.862 145.713 194.301 21 2 13 383 3
56.862 145.713 194.301 22 2 13 383 3
56.862 145.713 194.301 23 2 13 383 3
56.862 145.713 194.301 24 2 13 383 3
250.703 128.087 308.112 25 2 13 49 1
250.703 128.087 308.112 26 2 13 49 1
250.703 128.087 308.112 27 2 13 49 1
347.815 95.866 225.452 28 2 13 130 1
347.815 95.866 225.452 29 2 13 130 1
21.253 152.408 250.621 30 2 13 192 1
43.474 102.962 66.521 1 3 13 385 3
43.474 102.962 66.521 2 3 13 385 3
43.474 102.962 66.521 3 3 13 385 3
43.474 102.962 66.521 4 3 13 385 3
43.474 102.962 66.521 5 3 13 385 3
43.474 102.962 66.521 6 3 13 385 3
43.474 102.962 66.521 7 3 13 385 3
43.474 102.962 66.521 8 3 13 385 3
43.474 102.962 66.521 9 3 13 385 3
43.474 102.962 66.521 10 3 13 385 3
43.474 102.962 66.521 11 3 13 385 3
43.474 102.962 66.521 12 3 13 385 3
43.474 102.962 66.521 13 3 13 385 3
43.474 102.962 66.521 14 3 13 385 3
43.474 102.962 66.521 15 3 13 385 3
43.474 102.962 66.521 16 3 13 385 3
64.172 33.188 69.813 17 3 13 387 4
64.172 33.188 69.813 18 3 13 387 4
41.770 84.540 147.654 19 3 13 120 1
221.537 125.670 265.329 20 3 13 267 1
56.862 145.713 194.301 21 3 13 383 3
56.862 145.713 194.301 22 3 13 383 3
56.862 145.713 194.301 23 3 13 383 3
56.862 145.713 194.301 24 3 13 383 3
250.703 128.087 308.112 25 3 13 49 1
250.703 128.087 308.112 26 3 13 49 1
250.703 128.087 308.112 27 3 13 49 1
347.815 95.866 225.452 28 3 13 130 1
347.815 95.866 225.452 29 3 13 130 1
21.253 152.408 250.621 30 3 13 192 1
43.474 102.962 66.521 1 4 13 385 3
43.474 102.962 66.521 2 4 13 385 3
43.474 102.962 66.521 3 4 13 385 3
43.474 102.962 66.521 4 4 13 385 3
43.474 102.962 66.521 5 4 13 385 3
43.474 102.962 66.521 6 4 13 385 3
43.474 102.962 66.521 7 4 13 385 3
43.474 102.962 66.521 8 4 13 385 3
43.474 102.962 66.521 9 4 13 385 3
43.474 102.962 66.521 10 4 13 385 3
43.474 102.962 66.521 11 4 13 385 3
43.474 102.962 66.521 12 4 13 385 3
43.474 102.962 66.521 13 4 13 385 3
249.113 121.689 294.862 14 4 13 108 1
43.474 102.962 66.521 15 4 13 385 3
43.474 102.962 66.521 16 4 13 385 3
64.172 33.188 69.813 17 4 13 387 4
64.172 33.188 69.813 18 4 13 387 4
41.770 84.540 147.654 19 4 13 120 1
221.537 125.670 265.329 20 4 13 267 1
56.862 145.713 194.301 21 4 13 383 3
56.862 145.713 194.301 22 4 13 383 3
56.862 145.713 194.301 23 4 13 383 3
56.862 145.713 194.301 24 4 13 383 3
250.703 128.087 308.112 25 4 13 49 1
20.011 33.498 39.868 26 4 13 352 2
20.011 33.498 39.868 27 4 13 352 2
347.815 95.866 225.452 28 4 13 130 1
347.815 95.866 225.452 29 4 13 130 1
31.280 46.456 54.106 30 4 13 338 2
43.474 102.962 66.521 1 5 13 385 3
43.474 102.962 66.521 2 5 13 385 3
43.474 102.962 66.521 3 5 13 385 3
43.474 102.962 66.521 4 5 13 385 3
43.474 102.962 66.521 5 5 13 385 3
43.474 102.962 66.521 6 5 13 385 3
43.474 102.962 66.521 7 5 13 385 3
43.474 102.962 66.521 8 5 13 385 3
43.474 102.962 66.521 9 5 13 385 3
43.474 102.962 66.521 10 5 13 385 3
43.474 102.962 66.521 11 5 13 385 3
43.474 102.962 66.521 12 5 13 385 3
43.474 102.962 66.521 13 5 13 385 3
43.474 102.962 66.521 14 5 13 385 3
43.474 102.962 66.521 15 5 13 385 3
43.474 102.962 66.521 16 5 13 385 3
41.770 84.540 147.654 17 5 13 120 1
41.770 84.540 147.654 18 5 13 120 1
41.770 84.540 147.654 19 5 13 120 1
221.537 125.670 265.329 20 5 13 267 1
221.537 125.670 265.329 21 5 13 267 1
56.862 145.713 194.301 22 5 13 383 3
56.862 145.713 194.301 23 5 13 383 3
56.862 145.713 194.301 24 5 13 383 3
250.703 128.087 308.112 25 5 13 49 1
20.011 33.498 39.868 26 5 13 352 2
20.011 33.498 39.868 27 5 13 352 2
347.815 95.866 225.452 28 5 13 130 1
31.280 46.456 54.106 29 5 13 338 2
31.280 46.456 54.106 30 5 13 338 2
43.474 102.962 66.521 1 6 13 385 3
45.027 115.459 276.546 2 6 13 173 1
43.474 102.962 66.521 3 6 13 385 3
43.474 102.962 66.521 4 6 13 385 3
43.474 102.962 66.521 5 6 13 385 3
43.474 102.962 66.521 6 6 13 385 3
43.474 102.962 66.521 7 6 13 385 3
43.474 102.962 66.521 8 6 13 385 3
43.474 102.962 66.521 9 6 13 385 3
43.474 102.962 66.521 10 6 13 385 3
43.474 102.962 66.521 11 6 13 385 3
43.474 102.962 66.521 12 6 13 385 3
43.474 102.962 66.521 13 6 13 385 3
43.474 102.962 66.521 14 6 13 385 3
43.474 102.962 66.521 15 6 13 385 3
43.474 102.962 66.521 16 6 13 385 3
41.770 84.540 147.654 17 6 13 120 1
41.770 84.540 147.654 18 6 13 120 1
41.770 84.540 147.654 19 6 13 120 1
346.170 91.611 134.806 20 6 13 234 1
221.537 125.670 265.329 21 6 13 267 1
56.862 145.713 194.301 22 6 13 383 3
56.862 145.713 194.301 23 6 13 383 3
34.397 84.336 310.738 24 6 13 211 1
34.397 84.336 310.738 25 6 13 211 1
34.397 84.336 310.738 26 6 13 211 1
34.397 84.336 310.738 27 6 13 211 1
359.561 100.590 197.796 28 6 13 392 4
359.561 100.590 197.796 29 6 13 392 4
31.280 46.456 54.106 30 6 13 338 2
43.474 102.962 66.521 1 7 13 385 3
43.474 102.962 66.521 2 7 13 385 3
43.474 102.962 66.521 3 7 13 385 3
43.474 102.962 66.521 4 7 13 385 3
43.474 102.962 66.521 5 7 13 385 3
43.474 102.962 66.521 6 7 13 385 3
43.474 102.962 66.521 7 7 13 385 3
43.474 102.962 66.521 8 7 13 385 3
43.474 102.962 66.521 9 7 13 385 3
43.474 102.962 66.521 10 7 13 385 3
43.474 102.962 66.521 11 7 13 385 3
43.474 102.962 66.521 12 7 13 385 3
43.474 102.962 66.521 13 7 13 385 3
43.474 102.962 66.521 14 7 13 385 3
43.474 102.962 66.521 15 7 13 385 3
41.770 84.540 147.654 16 7 13 120 1
41.770 84.540 147.654 17 7 13 120 1
41.770 84.540 147.654 18 7 13 120 1
275.827 156.704 0.491 19 7 13 69 1
275.827 156.704 0.491 20 7 13 69 1
275.827 156.704 0.491 21 7 13 69 1
129.465 44.400 230.179 22 7 13 188 1
206.696 71.473 73.442 23 7 13 182 1
206.696 71.473 73.442 24 7 13 182 1
34.397 84.336 310.738 25 7 13 211 1
34.397 84.336 310.738 26 7 13 211 1
359.561 100.590 197.796 27 7 13 392 4
359.561 100.590 197.796 28 7 13 392 4
359.561 100.590 197.796 29 7 13 392 4
31.280 46.456 54.106 30 7 13 338 2
43.474 102.962 66.521 1 8 13 385 3
43.474 102.962 66.521 2 8 13 385 3
43.474 102.962 66.521 3 8 13 385 3
43.474 102.962 66.521 4 8 13 385 3
43.474 102.962 66.521 5 8 13 385 3
43.474 102.962 66.521 6 8 13 385 3
43.474 102.962 66.521 7 8 13 385 3
43.474 102.962 66.521 8 8 13 385 3
43.474 102.962 66.521 9 8 13 385 3
43.474 102.962 66.521 10 8 13 385 3
43.474 102.962 66.521 11 8 13 385 3
43.474 102.962 66.521 12 8 13 385 3
43.474 102.962 66.521 13 8 13 385 3
43.474 102.962 66.521 14 8 13 385 3
13.261 69.893 165.817 15 8 13 435 1
41.770 84.540 147.654 16 8 13 120 1
41.770 84.540 147.654 17 8 13 120 1
41.770 84.540 147.654 18 8 13 120 1
275.827 156.704 0.491 19 8 13 69 1
275.827 156.704 0.491 20 8 13 69 1
319.528 35.005 67.487 21 8 13 396 4
129.465 44.400 230.179 22 8 13 188 1
206.696 71.473 73.442 23 8 13 182 1
206.696 71.473 73.442 24 8 13 182 1
133.985 62.519 44.982 25 8 13 114 1
133.985 62.519 44.982 26 8 13 114 1
168.371 153.330 247.657 27 8 13 417 1
359.561 100.590 197.796 28 8 13 392 4
359.561 100.590 197.796 29 8 13 392 4
359.561 100.590 197.796 30 8 13 392 4
43.474 102.962 66.521 1 9 13 385 3
43.474 102.962 66.521 2 9 13 385 3
43.474 102.962 66.521 3 9 13 385 3
43.474 102.962 66.521 4 9 13 385 3
43.474 102.962 66.521 5 9 13 385 3
43.474 102.962 66.521 6 9 13 385 3
43.474 102.962 66.521 7 9 13 385 3
43.474 102.962 66.521 8 9 13 385 3
43.474 102.962 66.521 9 9 13 385 3
43.474 102.962 66.521 10 9 13 385 3
43.474 102.962 66.521 11 9 13 385 3
43.474 102.962 66.521 12 9 13 385 3
43.474 102.962 66.521 13 9 13 385 3
43.474 102.962 66.521 14 9 13 385 3
43.474 102.962 66.521 15 9 13 385 3
41.770 84.540 147.654 16 9 13 120 1
41.770 84.540 147.654 17 9 13 120 1
319.528 35.005 67.487 18 9 13 396 4
319.528 35.005 67.487 19 9 13 396 4
319.528 35.005 67.487 20 9 13 396 4
319.528 35.005 67.487 21 9 13 396 4
319.528 35.005 67.487 22 9 13 396 4
319.528 35.005 67.487 23 9 13 396 4
318.324 93.401 68.683 24 9 13 22 1
359.561 100.590 197.796 25 9 13 392 4
359.561 100.590 197.796 26 9 13 392 4
359.561 100.590 197.796 27 9 13 392 4
359.561 100.590 197.796 28 9 13 392 4
359.561 100.590 197.796 29 9 13 392 4
359.561 100.590 197.796 30 9 13 392 4
43.474 102.962 66.521 1 10 13 385 3
43.474 102.962 66.521 2 10 13 385 3
43.474 102.962 66.521 3 10 13 385 3
43.474 102.962 66.521 4 10 13 385 3
43.474 102.962 66.521 5 10 13 385 3
43.474 102.962 66.521 6 10 13 385 3
43.474 102.962 66.521 7 10 13 385 3
43.474 102.962 66.521 8 10 13 385 3
43.474 102.962 66.521 9 10 13 385 3
43.474 102.962 66.521 10 10 13 385 3
43.474 102.962 66.521 11 10 13 385 3
43.474 102.962 66.521 12 10 13 385 3
43.474 102.962 66.521 13 10 13 385 3
43.474 102.962 66.521 14 10 13 385 3
63.436 76.263 199.941 15 10 13 11 1
64.923 73.515 103.549 16 10 13 17 1
319.528 35.005 67.487 17 10 13 396 4
319.528 35.005 67.487 18 10 13 396 4
319.528 35.005 67.487 19 10 13 396 4
319.528 35.005 67.487 20 10 13 396 4
319.528 35.005 67.487 21 10 13 396 4
319.528 35.005 67.487 22 10 13 396 4
319.528 35.005 67.487 23 10 13 396 4
318.324 93.401 68.683 24 10 13 22 1
359.561 100.590 197.796 25 10 13 392 4
359.561 100.590 197.796 26 10 13 392 4
359.561 100.590 197.796 27 10 13 392 4
359.561 100.590 197.796 28 10 13 392 4
359.561 100.590 197.796 29 10 13 392 4
359.561 100.590 197.796 30 10 13 392 4
43.474 102.962 66.521 1 11 13 385 3
43.474 102.962 66.521 2 11 13 385 3
43.474 102.962 66.521 3 11 13 385 3
43.474 102.962 66.521 4 11 13 385 3
43.474 102.962 66.521 5 11 13 385 3
43.474 102.962 66.521 6 11 13 385 3
43.474 102.962 66.521 7 11 13 385 3
43.474 102.962 66.521 8 11 13 385 3
43.474 102.962 66.521 9 11 13 385 3
43.474 102.962 66.521 10 11 13 385 3
43.474 102.962 66.521 11 11 13 385 3
43.474 102.962 66.521 12 11 13 385 3
43.474 102.962 66.521 13 11 13 385 3
63.436 76.263 199.941 14 11 13 11 1
63.436 76.263 199.941 15 11 13 11 1
319.528 35.005 67.487 16 11 13 396 4
319.528 35.005 67.487 17 11 13 396 4
319.528 35.005 67.487 18 11 13 396 4
319.528 35.005 67.487 19 11 13 396 4
319.528 35.005 67.487 20 11 13 396 4
319.528 35.005 67.487 21 11 13 396 4
319.528 35.005 67.487 22 11 13 396 4
319.528 35.005 67.487 23 11 13 396 4
319.528 35.005 67.487 24 11 13 396 4
359.561 100.590 197.796 25 11 13 392 4
359.561 100.590 197.796 26 11 13 392 4
359.561 100.590 197.796 27 11 13 392 4
359.561 100.590 197.796 28 11 13 392 4
359.561 100.590 197.796 29 11 13 392 4
359.561 100.590 197.796 30 11 13 392 4
43.474 102.962 66.521 1 12 13 385 3
43.474 102.962 66.521 2 12 13 385 3
43.474 102.962 66.521 3 12 13 385 3
43.474 102.962 66.521 4 12 13 385 3
43.474 102.962 66.521 5 12 13 385 3
43.474 102.962 66.521 6 12 13 385 3
43.474 102.962 66.521 7 12 13 385 3
43.474 102.962 66.521 8 12 13 385 3
43.474 102.962 66.521 9 12 13 385 3
43.474 102.962 66.521 10 12 13 385 3
43.474 102.962 66.521 11 12 13 385 3
43.474 102.962 66.521 12 12 13 385 3
43.474 102.962 66.521 13 12 13 385 3
63.436 76.263 199.941 14 12 13 11 1
319.528 35.005 67.487 15 12 13 396 4
319.528 35.005 67.487 16 12 13 396 4
319.528 35.005 67.487 17 12 13 396 4
319.528 35.005 67.487 18 12 13 396 4
319.528 35.005 67.487 19 12 13 396 4
319.528 35.005 67.487 20 12 13 396 4
319.528 35.005 67.487 21 12 13 396 4
319.528 35.005 67.487 22 12 13 396 4
319.528 35.005 67.487 23 12 13 396 4
319.528 35.005 67.487 24 12 13 396 4
359.561 100.590 197.796 25 12 13 392 4
212.676 94.050 290.343 26 12 13 207 1
359.561 100.590 197.796 27 12 13 392 4
359.561 100.590 197.796 28 12 13 392 4
359.561 100.590 197.796 29 12 13 392 4
359.561 100.590 197.796 30 12 13 392 4
43.474 102.962 66.521 1 13 13 385 3
43.474 102.962 66.521 2 13 13 385 3
43.474 102.962 66.521 3 13 13 385 3
43.474 102.962 66.521 4 13 13 385 3
43.474 102.962 66.521 5 13 13 385 3
43.474 102.962 66.521 6 13 13 385 3
43.474 102.962 66.521 7 13 13 385 3
43.474 102.962 66.521 8 13 13 385 3
43.474 102.962 66.521 9 13 13 385 3
43.474 102.962 66.521 10 13 13 385 3
43.474 102.962 66.521 11 13 13 385 3
43.474 102.962 66.521 12 13 13 385 3
43.474 102.962 66.521 13 13 13 385 3
319.528 35.005 67.487 14 13 13 396 4
319.528 35.005 67.487 15 13 13 396 4
319.528 35.005 67.487 16 13 13 396 4
319.528 35.005 67.487 17 13 13 396 4
319.528 35.005 67.487 18 13 13 396 4
319.528 35.005 67.487 19 13 13 396 4
319.528 35.005 67.487 20 13 13 396 4
319.528 35.005 67.487 21 13 13 396 4
319.528 35.005 67.487 22 13 13 396 4
319.528 35.005 67.487 23 13 13 396 4
319.528 35.005 67.487 24 13 13 396 4
359.561 100.590 197.796 25 13 13 392 4
212.676 94.050 290.343 26 13 13 207 1
359.561 100.590 197.796 27 13 13 392 4
359.561 100.590 197.796 28 13 13 392 4
359.561 100.590 197.796 29 13 13 392 4
359.561 100.590 197.796 30 13 13 392 4
43.474 102.962 66.521 1 14 13 385 3
43.474 102.962 66.521 2 14 13 385 3
43.474 102.962 66.521 3 14 13 385 3
43.474 102.962 66.521 4 14 13 385 3
43.474 102.962 66.521 5 14 13 385 3
43.474 102.962 66.521 6 14 13 385 3
43.474 102.962 66.521 7 14 13 385 3
43.474 102.962 66.521 8 14 13 385 3
43.474 102.962 66.521 9 14 13 385 3
43.474 102.962 66.521 10 14 13 385 3
43.474 102.962 66.521 11 14 13 385 3
43.474 102.962 66.521 12 14 13 385 3
319.528 35.005 67.487 13 14 13 396 4
319.528 35.005 67.487 14 14 13 396 4
319.528 35.005 67.487 15 14 13 396 4
47.650 137.360 102.333 16 14 13 144 1
319.528 35.005 67.487 17 14 13 396 4
319.528 35.005 67.487 18 14 13 396 4
319.528 35.005 67.487 19 14 13 396 4
319.528 35.005 67.487 20 14 13 396 4
319.528 35.005 67.487 21 14 13 396 4
319.528 35.005 67.487 22 14 13 396 4
319.528 35.005 67.487 23 14 13 396 4
154.289 33.515 292.891 24 14 13 404 1
81.028 159.241 359.101 25 14 13 256 1
359.561 100.590 197.796 26 14 13 392 4
359.561 100.590 197.796 27 14 13 392 4
359.561 100.590 197.796 28 14 13 392 4
359.561 100.590 197.796 29 14 13 392 4
359.561 100.590 197.796 30 14 13 392 4
43.474 102.962 66.521 1 15 13 385 3
43.474 102.962 66.521 2 15 13 385 3
43.474 102.962 66.521 3 15 13 385 3
43.474 102.962 66.521 4 15 13 385 3
43.474 102.962 66.521 5 15 13 385 3
43.474 102.962 66.521 6 15 13 385 3
43.474 102.962 66.521 7 15 13 385 3
43.474 102.962 66.521 8 15 13 385 3
43.474 102.962 66.521 9 15 13 385 3
43.474 102.962 66.521 10 15 13 385 3
43.474 102.962 66.521 11 15 13 385 3
43.474 102.962 66.521 12 15 13 385 3
319.528 35.005 67.487 13 15 13 396 4
319.528 35.005 67.487 14 15 13 396 4
319.528 35.005 67.487 15 15 13 396 4
319.528 35.005 67.487 16 15 13 396 4
319.528 35.005 67.487 17 15 13 396 4
319.528 35.005 67.487 18 15 13 396 4
319.528 35.005 67.487 19 15 13 396 4
319.528 35.005 67.487 20 15 13 396 4
319.528 35.005 67.487 21 15 13 396 4
319.528 35.005 67.487 22 15 13 396 4
319.528 35.005 67.487 23 15 13 396 4
359.561 100.590 197.796 24 15 13 392 4
359.561 100.590 197.796 25 15 13 392 4
359.561 100.590 197.796 26 15 13 392 4
359.561 100.590 197.796 27 15 13 392 4
359.561 100.590 197.796 28 15 13 392 4
359.561 100.590 197.796 29 15 13 392 4
359.561 100.590 197.796 30 15 13 392 4
43.474 102.962 66.521 1 16 13 385 3
43.474 102.962 66.521 2 16 13 385 3
43.474 102.962 66.521 3 16 13 385 3
43.474 102.962 66.521 4 16 13 385 3
43.474 102.962 66.521 5 16 13 385 3
43.474 102.962 66.521 6 16 13 385 3
43.474 102.962 66.521 7 16 13 385 3
43.474 102.962 66.521 8 16 13 385 3
43.474 102.962 66.521 9 16 13 385 3
43.474 102.962 66.521 10 16 13 385 3
43.474 102.962 66.521 11 16 13 385 3
319.528 35.005 67.487 12 16 13 396 4
319.528 35.005 67.487 13 16 13 396 4
319.528 35.005 67.487 14 16 13 396 4
319.528 35.005 67.487 15 16 13 396 4
319.528 35.005 67.487 16 16 13 396 4
319.528 35.005 67.487 17 16 13 396 4
319.528 35.005 67.487 18 16 13 396 4
319.528 35.005 67.487 19 16 13 396 4
319.528 35.005 67.487 20 16 13 396 4
319.528 35.005 67.487 21 16 13 396 4
319.528 35.005 67.487 22 16 13 396 4
319.528 35.005 67.487 23 16 13 396 4
52.938 79.583 322.765 24 16 13 377 2
359.561 100.590 197.796 25 16 13 392 4
359.561 100.590 197.796 26 16 13 392 4
359.561 100.590 197.796 27 16 13 392 4
359.561 100.590 197.796 28 16 13 392 4
359.561 100.590 197.796 29 16 13 392 4
359.561 100.590 197.796 30 16 13 392 4
43.474 102.962 66.521 1 17 13 385 3
43.474 102.962 66.521 2 17 13 385 3
43.474 102.962 66.521 3 17 13 385 3
43.474 102.962 66.521 4 17 13 385 3
43.474 102.962 66.521 5 17 13 385 3
43.474 102.962 66.521 6 17 13 385 3
43.474 102.962 66.521 7 17 13 385 3
43.474 102.962 66.521 8 17 13 385 3
43.474 102.962 66.521 9 17 13 385 3
43.474 102.962 66.521 10 17 13 385 3
43.474 102.962 66.521 11 17 13 385 3
319.528 35.005 67.487 12 17 13 396 4
319.528 35.005 67.487 13 17 13 396 4
319.528 35.005 67.487 14 17 13 396 4
319.528 35.005 67.487 15 17 13 396 4
319.528 35.005 67.487 16 17 13 396 4
319.528 35.005 67.487 17 17 13 396 4
319.528 35.005 67.487 18 17 13 396 4
319.528 35.005 67.487 19 17 13 396 4
319.528 35.005 67.487 20 17 13 396 4
319.528 35.005 67.487 21 17 13 396 4
319.528 35.005 67.487 22 17 13 396 4
319.528 35.005 67.487 23 17 13 396 4
52.938 79.583 322.765 24 17 13 377 2
359.561 100.590 197.796 25 17 13 392 4
359.561 100.590 197.796 26 17 13 392 4
359.561 100.590 197.796 27 17 13 392 4
359.561 100.590 197.796 28 17 13 392 4
359.561 100.590 197.796 29 17 13 392 4
359.561 100.590 197.796 30 17 13 392 4
43.474 102.962 66.521 1 18 13 385 3
43.474 102.962 66.521 2 18 13 385 3
43.474 102.962 66.521 3 18 13 385 3
43.474 102.962 66.521 4 18 13 385 3
43.474 102.962 66.521 5 18 13 385 3
43.474 102.962 66.521 6 18 13 385 3
43.474 102.962 66.521 7 18 13 385 3
43.474 102.962 66.521 8 18 13 385 3
43.474 102.962 66.521 9 18 13 385 3
43.474 102.962 66.521 10 18 13 385 3
319.528 35.005 67.487 11 18 13 396 4
319.528 35.005 67.487 12 18 13 396 4
319.528 35.005 67.487 13 18 13 396 4
319.528 35.005 67.487 14 18 13 396 4
319.528 35.005 67.487 15 18 13 396 4
319.528 35.005 67.487 16 18 13 396 4
319.528 35.005 67.487 17 18 13 396 4
319.528 35.005 67.487 18 18 13 396 4
319.528 35.005 67.487 19 18 13 396 4
319.528 35.005 67.487 20 18 13 396 4
319.528 35.005 67.487 21 18 13 396 4
319.528 35.005 67.487 22 18 13 396 4
319.528 35.005 67.487 23 18 13 396 4
359.561 100.590 197.796 24 18 13 392 4
359.561 100.590 197.796 25 18 13 392 4
359.561 100.590 197.796 26 18 13 392 4
359.561 100.590 197.796 27 18 13 392 4
359.561 100.590 197.796 28 18 13 392 4
359.561 100.590 197.796 29 18 13 392 4
359.561 100.590 197.796 30 18 13 392 4
43.474 102.962 66.521 1 19 13 385 3
43.474 102.962 66.521 2 19 13 385 3
43.474 102.962 66.521 3 19 13 385 3
43.474 102.962 66.521 4 19 13 385 3
43.474 102.962 66.521 5 19 13 385 3
43.474 102.962 66.521 6 19 13 385 3
43.474 102.962 66.521 7 19 13 385 3
43.474 102.962 66.521 8 19 13 385 3
43.474 102.962 66.521 9 19 13 385 3
319.528 35.005 67.487 10 19 13 396 4
319.528 35.005 67.487 11 19 13 396 4
319.528 35.005 67.487 12 19 13 396 4
319.528 35.005 67.487 13 19 13 396 4
319.528 35.005 67.487 14 19 13 396 4
319.528 35.005 67.487 15 19 13 396 4
319.528 35.005 67.487 16 19 13 396 4
319.528 35.005 67.487 17 19 13 396 4
319.528 35.005 67.487 18 19 13 396 4
319.528 35.005 67.487 19 19 13 396 4
319.528 35.005 67.487 20 19 13 396 4
319.528 35.005 67.487 21 19 13 396 4
319.528 35.005 67.487 22 19 13 396 4
319.528 35.005 67.487 23 19 13 396 4
359.561 100.590 197.796 24 19 13 392 4
359.561 100.590 197.796 25 19 13 392 4
359.561 100.590 197.796 26 19 13 392 4
359.561 100.590 197.796 27 19 13 392 4
359.561 100.590 197.796 28 19 13 392 4
359.561 100.590 197.796 29 19 13 392 4
359.561 100.590 197.796 30 19 13 392 4
43.474 102.962 66.521 1 20 13 385 3
43.474 102.962 66.521 2 20 13 385 3
201.180 88.891 17.695 3 20 13 353 2
43.474 102.962 66.521 4 20 13 385 3
43.474 102.962 66.521 5 20 13 385 3
43.474 102.962 66.521 6 20 13 385 3
43.474 102.962 66.521 7 20 13 385 3
43.474 102.962 66.521 8 20 13 385 3
43.474 102.962 66.521 9 20 13 385 3
319.528 35.005 67.487 10 20 13 396 4
319.528 35.005 67.487 11 20 13 396 4
319.528 35.005 67.487 12 20 13 396 4
319.528 35.005 67.487 13 20 13 396 4
319.528 35.005 67.487 14 20 13 396 4
319.528 35.005 67.487 15 20 13 396 4
319.528 35.005 67.487 16 20 13 396 4
319.528 35.005 67.487 17 20 13 396 4
319.528 35.005 67.487 18 20 13 396 4
319.528 35.005 67.487 19 20 13 396 4
319.528 35.005 67.487 20 20 13 396 4
319.528 35.005 67.487 21 20 13 396 4
319.528 35.005 67.487 22 20 13 396 4
319.528 35.005 67.487 23 20 13 396 4
359.561 100.590 197.796 24 20 13 392 4
359.561 100.590 197.796 25 20 13 392 4
359.561 100.590 197.796 26 20 13 392 4
359.561 100.590 197.796 27 20 13 392 4
359.561 100.590 197.796 28 20 13 392 4
359.561 100.590 197.796 29 20 13 392 4
359.561 100.590 197.796 30 20 13 392 4
201.180 88.891 17.695 1 21 13 353 2
201.180 88.891 17.695 2 21 13 353 2
201.180 88.891 17.695 3 21 13 353 2
201.180 88.891 17.695 4 21 13 353 2
336.357 104.932 333.975 5 21 13 393 4
336.357 104.932 333.975 6 21 13 393 4
336.357 104.932 333.975 7 21 13 393 4
336.357 104.932 333.975 8 21 13 393 4
336.357 104.932 333.975 9 21 13 393 4
319.528 35.005 67.487 10 21 13 396 4
319.528 35.005 67.487 11 21 13 396 4
319.528 35.005 67.487 12 21 13 396 4
319.528 35.005 67.487 13 21 13 396 4
319.528 35.005 67.487 14 21 13 396 4
319.528 35.005 67.487 15 21 13 396 4
319.528 35.005 67.487 16 21 13 396 4
319.528 35.005 67.487 17 21 13 396 4
319.528 35.005 67.487 18 21 13 396 4
319.528 35.005 67.487 19 21 13 396 4
319.528 35.005 67.487 20 21 13 396 4
319.528 35.005 67.487 21 21 13 396 4
30.261 119.937 83.929 22 21 13 143 1
30.261 119.937 83.929 23 21 13 143 1
359.561 100.590 197.796 24 21 13 392 4
359.561 100.590 197.796 25 21 13 392 4
359.561 100.590 197.796 26 21 13 392 4
359.561 100.590 197.796 27 21 13 392 4
359.561 100.590 197.796 28 21 13 392 4
359.561 100.590 197.796 29 21 13 392 4
359.561 100.590 197.796 30 21 13 392 4
201.180 88.891 17.695 1 22 13 353 2
201.180 88.891 17.695 2 22 13 353 2
201.180 88.891 17.695 3 22 13 353 2
201.180 88.891 17.695 4 22 13 353 2
336.357 104.932 333.975 5 22 13 393 4
311.238 89.175 145.087 6 22 13 302 1
336.357 104.932 333.975 7 22 13 393 4
336.357 104.932 333.975 8 22 13 393 4
336.357 104.932 333.975 9 22 13 393 4
319.528 35.005 67.487 10 22 13 396 4
319.528 35.005 67.487 11 22 13 396 4
319.528 35.005 67.487 12 22 13 396 4
319.528 35.005 67.487 13 22 13 396 4
319.528 35.005 67.487 14 22 13 396 4
319.528 35.005 67.487 15 22 13 396 4
319.528 35.005 67.487 16 22 13 396 4
319.528 35.005 67.487 17 22 13 396 4
319.528 35.005 67.487 18 22 13 396 4
319.528 35.005 67.487 19 22 13 396 4
319.528 35.005 67.487 20 22 13 396 4
319.528 35.005 67.487 21 22 13 396 4
30.261 119.937 83.929 22 22 13 143 1
30.261 119.937 83.929 23 22 13 143 1
359.561 100.590 197.796 24 22 13 392 4
359.561 100.590 197.796 25 22 13 392 4
359.561 100.590 197.796 26 22 13 392 4
359.561 100.590 197.796 27 22 13 392 4
359.561 100.590 197.796 28 22 13 392 4
359.561 100.590 197.796 29 22 13 392 4
359.561 100.590 197.796 30 22 13 392 4
336.357 104.932 333.975 1 23 13 393 4
336.357 104.932 333.975 2 23 13 393 4
336.357 104.932 333.975 3 23 13 393 4
336.357 104.932 333.975 4 23 13 393 4
336.357 104.932 333.975 5 23 13 393 4
336.357 104.932 333.975 6 23 13 393 4
336.357 104.932 333.975 7 23 13 393 4
336.357 104.932 333.975 8 23 13 393 4
336.357 104.932 333.975 9 23 13 393 4
336.357 104.932 333.975 10 23 13 393 4
319.528 35.005 67.487 11 23 13 396 4
319.528 35.005 67.487 12 23 13 396 4
319.528 35.005 67.487 13 23 13 396 4
319.528 35.005 67.487 14 23 13 396 4
319.528 35.005 67.487 15 23 13 396 4
319.528 35.005 67.487 16 23 13 396 4
319.528 35.005 67.487 17 23 13 396 4
319.528 35.005 67.487 18 23 13 396 4
319.528 35.005 67.487 19 23 13 396 4
319.528 35.005 67.487 20 23 13 396 4
319.528 35.005 67.487 21 23 13 396 4
30.261 119.937 83.929 22 23 13 143 1
359.561 100.590 197.796 23 23 13 392 4
359.561 100.590 197.796 24 23 13 392 4
359.561 100.590 197.796 25 23 13 392 4
359.561 100.590 197.796 26 23 13 392 4
359.561 100.590 197.796 27 23 13 392 4
359.561 100.590 197.796 28 23 13 392 4
359.561 100.590 197.796 29 23 13 392 4
359.561 100.590 197.796 30 23 13 392 4
336.357 104.932 333.975 1 24 13 393 4
336.357 104.932 333.975 2 24 13 393 4
336.357 104.932 333.975 3 24 13 393 4
336.357 104.932 333.975 4 24 13 393 4
336.357 104.932 333.975 5 24 13 393 4
336.357 104.932 333.975 6 24 13 393 4
336.357 104.932 333.975 7 24 13 393 4
336.357 104.932 333.975 8 24 13 393 4
336.357 104.932 333.975 9 24 13 393 4
336.357 104.932 333.975 10 24 13 393 4
319.528 35.005 67.487 11 24 13 396 4
319.528 35.005 67.487 12 24 13 396 4
319.528 35.005 67.487 13 24 13 396 4
319.528 35.005 67.487 14 24 13 396 4
319.528 35.005 67.487 15 24 13 396 4
319.528 35.005 67.487 16 24 13 396 4
319.528 35.005 67.487 17 24 13 396 4
319.528 35.005 67.487 18 24 13 396 4
319.528 35.005 67.487 19 24 13 396 4
319.528 35.005 67.487 20 24 13 396 4
319.528 35.005 67.487 21 24 13 396 4
30.261 119.937 83.929 22 24 13 143 1
359.561 100.590 197.796 23 24 13 392 4
359.561 100.590 197.796 24 24 13 392 4
359.561 100.590 197.796 25 24 13 392 4
359.561 100.590 197.796 26 24 13 392 4
359.561 100.590 197.796 27 24 13 392 4
359.561 100.590 197.796 28 24 13 392 4
359.561 100.590 197.796 29 24 13 392 4
359.561 100.590 197.796 30 24 13 392 4
336.357 104.932 333.975 1 25 13 393 4
336.357 104.932 333.975 2 25 13 393 4
336.357 104.932 333.975 3 25 13 393 4
336.357 104.932 333.975 4 25 13 393 4
336.357 104.932 333.975 5 25 13 393 4
336.357 104.932 333.975 6 25 13 393 4
336.357 104.932 333.975 7 25 13 393 4
336.357 104.932 333.975 8 25 13 393 4
336.357 104.932 333.975 9 25 13 393 4
336.357 104.932 333.975 10 25 13 393 4
319.528 35.005 67.487 11 25 13 396 4
319.528 35.005 67.487 12 25 13 396 4
319.528 35.005 67.487 13 25 13 396 4
319.528 35.005 67.487 14 25 13 396 4
319.528 35.005 67.487 15 25 13 396 4
144.197 90.662 46.428 16 25 13 251 1
319.528 35.005 67.487 17 25 13 396 4
319.528 35.005 67.487 18 25 13 396 4
319.528 35.005 67.487 19 25 13 396 4
319.528 35.005 67.487 20 25 13 396 4
319.528 35.005 67.487 21 25 13 396 4
359.561 100.590 197.796 22 25 13 392 4
359.561 100.590 197.796 23 25 13 392 4
359.561 100.590 197.796 24 25 13 392 4
359.561 100.590 197.796 25 25 13 392 4
359.561 100.590 197.796 26 25 13 392 4
359.561 100.590 197.796 27 25 13 392 4
359.561 100.590 197.796 28 25 13 392 4
359.561 100.590 197.796 29 25 13 392 4
359.561 100.590 197.796 30 25 13 392 4
336.357 104.932 333.975 1 26 13 393 4
336.357 104.932 333.975 2 26 13 393 4
336.357 104.932 333.975 3 26 13 393 4
336.357 104.932 333.975 4 26 13 393 4
336.357 104.932 333.975 5 26 13 393 4
336.357 104.932 333.975 6 26 13 393 4
336.357 104.932 333.975 7 26 13 393 4
336.357 104.932 333.975 8 26 13 393 4
336.357 104.932 333.975 9 26 13 393 4
336.357 104.932 333.975 10 26 13 393 4
319.528 35.005 67.487 11 26 13 396 4
319.528 35.005 67.487 12 26 13 396 4
319.528 35.005 67.487 13 26 13 396 4
319.528 35.005 67.487 14 26 13 396 4
319.528 35.005 67.487 15 26 13 396 4
144.197 90.662 46.428 16 26 13 251 1
319.528 35.005 67.487 17 26 13 396 4
319.528 35.005 67.487 18 26 13 396 4
319.528 35.005 67.487 19 26 13 396 4
180.048 11.177 135.539 20 26 13 301 1
180.048 11.177 135.539 21 26 13 301 1
187.800 115.771 316.877 22 26 13 204 1
187.800 115.771 316.877 23 26 13 204 1
359.561 100.590 197.796 24 26 13 392 4
359.561 100.590 197.796 25 26 13 392 4
359.561 100.590 197.796 26 26 13 392 4
359.561 100.590 197.796 27 26 13 392 4
359.561 100.590 197.796 28 26 13 392 4
359.561 100.590 197.796 29 26 13 392 4
359.561 100.590 197.796 30 26 13 392 4
336.357 104.932 333.975 1 27 13 393 4
336.357 104.932 333.975 2 27 13 393 4
336.357 104.932 333.975 3 27 13 393 4
336.357 104.932 333.975 4 27 13 393 4
336.357 104.932 333.975 5 27 13 393 4
336.357 104.932 333.975 6 27 13 393 4
336.357 104.932 333.975 7 27 13 393 4
336.357 104.932 333.975 8 27 13 393 4
336.357 104.932 333.975 9 27 13 393 4
336.357 104.932 333.975 10 27 13 393 4
336.357 104.932 333.975 11 27 13 393 4
319.528 35.005 67.487 12 27 13 396 4
319.528 35.005 67.487 13 27 13 396 4
319.528 35.005 67.487 14 27 13 396 4
319.528 35.005 67.487 15 27 13 396 4
319.528 35.005 67.487 16 27 13 396 4
69.093 87.635 337.483 17 27 13 351 2
319.528 35.005 67.487 18 27 13 396 4
319.528 35.005 67.487 19 27 13 396 4
180.048 11.177 135.539 20 27 13 301 1
180.048 11.177 135.539 21 27 13 301 1
180.048 11.177 135.539 22 27 13 301 1
187.800 115.771 316.877 23 27 13 204 1
359.561 100.590 197.796 24 27 13 392 4
359.561 100.590 197.796 25 27 13 392 4
359.561 100.590 197.796 26 27 13 392 4
359.561 100.590 197.796 27 27 13 392 4
359.561 100.590 197.796 28 27 13 392 4
359.561 100.590 197.796 29 27 13 392 4
359.561 100.590 197.796 30 27 13 392 4
336.357 104.932 333.975 1 28 13 393 4
336.357 104.932 333.975 2 28 13 393 4
336.357 104.932 333.975 3 28 13 393 4
336.357 104.932 333.975 4 28 13 393 4
336.357 104.932 333.975 5 28 13 393 4
336.357 104.932 333.975 6 28 13 393 4
336.357 104.932 333.975 7 28 13 393 4
336.357 104.932 333.975 8 28 13 393 4
336.357 104.932 333.975 9 28 13 393 4
336.357 104.932 333.975 10 28 13 393 4
336.357 104.932 333.975 11 28 13 393 4
319.528 35.005 67.487 12 28 13 396 4
319.528 35.005 67.487 13 28 13 396 4
319.528 35.005 67.487 14 28 13 396 4
69.093 87.635 337.483 15 28 13 351 2
69.093 87.635 337.483 16 28 13 351 2
69.093 87.635 337.483 17 28 13 351 2
69.093 87.635 337.483 18 28 13 351 2
69.093 87.635 337.483 19 28 13 351 2
180.048 11.177 135.539 20 28 13 301 1
180.048 11.177 135.539 21 28 13 301 1
180.048 11.177 135.539 22 28 13 301 1
180.048 11.177 135.539 23 28 13 301 1
187.800 115.771 316.877 24 28 13 204 1
359.561 100.590 197.796 25 28 13 392 4
359.561 100.590 197.796 26 28 13 392 4
359.561 100.590 197.796 27 28 13 392 4
359.561 100.590 197.796 28 28 13 392 4
359.561 100.590 197.796 29 28 13 392 4
359.561 100.590 197.796 30 28 13 392 4
336.357 104.932 333.975 1 29 13 393 4
336.357 104.932 333.975 2 29 13 393 4
336.357 104.932 333.975 3 29 13 393 4
336.357 104.932 333.975 4 29 13 393 4
336.357 104.932 333.975 5 29 13 393 4
336.357 104.932 333.975 6 29 13 393 4
336.357 104.932 333.975 7 29 13 393 4
336.357 104.932 333.975 8 29 13 393 4
336.357 104.932 333.975 9 29 13 393 4
336.357 104.932 333.975 10 29 13 393 4
336.357 104.932 333.975 11 29 13 393 4
319.528 35.005 67.487 12 29 13 396 4
319.528 35.005 67.487 13 29 13 396 4
319.528 35.005 67.487 14 29 13 396 4
69.093 87.635 337.483 15 29 13 351 2
69.093 87.635 337.483 16 29 13 351 2
69.093 87.635 337.483 17 29 13 351 2
69.093 87.635 337.483 18 29 13 351 2
69.093 87.635 337.483 19 29 13 351 2
180.048 11.177 135.539 20 29 13 301 1
180.048 11.177 135.539 21 29 13 301 1
180.048 11.177 135.539 22 29 13 301 1
2.111 107.073 287.015 23 29 13 316 2
187.800 115.771 316.877 24 29 13 204 1
359.561 100.590 197.796 25 29 13 392 4
359.561 100.590 197.796 26 29 13 392 4
359.561 100.590 197.796 27 29 13 392 4
359.561 100.590 197.796 28 29 13 392 4
359.561 100.590 197.796 29 29 13 392 4
359.561 100.590 197.796 30 29 13 392 4
336.357 104.932 333.975 1 30 13 393 4
336.357 104.932 333.975 2 30 13 393 4
336.357 104.932 333.975 3 30 13 393 4
336.357 104.932 333.975 4 30 13 393 4
336.357 104.932 333.975 5 30 13 393 4
336.357 104.932 333.975 6 30 13 393 4
336.357 104.932 333.975 7 30 13 393 4
336.357 104.932 333.975 8 30 13 393 4
336.357 104.932 333.975 9 30 13 393 4
336.357 104.932 333.975 10 30 13 393 4
336.357 104.932 333.975 11 30 13 393 4
336.357 104.932 333.975 12 30 13 393 4
319.528 35.005 67.487 13 30 13 396 4
319.528 35.005 67.487 14 30 13 396 4
319.528 35.005 67.487 15 30 13 396 4
69.093 87.635 337.483 16 30 13 351 2
69.093 87.635 337.483 17 30 13 351 2
69.093 87.635 337.483 18 30 13 351 2
69.093 87.635 337.483 19 30 13 351 2
132.303 84.087 215.660 20 30 13 41 1
2.111 107.073 287.015 21 30 13 316 2
2.111 107.073 287.015 22 30 13 316 2
317.556 42.279 30.935 23 30 13 31 1
187.800 115.771 316.877 24 30 13 204 1
359.561 100.590 197.796 25 30 13 392 4
359.561 100.590 197.796 26 30 13 392 4
359.561 100.590 197.796 27 30 13 392 4
359.561 100.590 197.796 28 30 13 392 4
359.561 100.590 197.796 29 30 13 392 4
359.561 100.590 197.796 30 30 13 392 4
