36.286 113.727 296.787 1 1 25 388 4
36.286 113.727 296.787 2 1 25 388 4
36.286 113.727 296.787 3 1 25 388 4
36.286 113.727 296.787 4 1 25 388 4
36.286 113.727 296.787 5 1 25 388 4
36.286 113.727 296.787 6 1 25 388 4
36.286 113.727 296.787 7 1 25 388 4
36.286 113.727 296.787 8 1 25 388 4
170.415 131.913 164.349 9 1 25 294 1
170.415 131.913 164.349 10 1 25 294 1
223.595 46.978 24.508 11 1 25 47 1
223.595 46.978 24.508 12 1 25 47 1
223.595 46.978 24.508 13 1 25 47 1
187.242 41.142 139.857 14 1 25 395 4
187.242 41.142 139.857 15 1 25 395 4
187.242 41.142 139.857 16 1 25 395 4
46.144 91.644 311.474 17 1 25 366 2
46.144 91.644 311.474 18 1 25 366 2
2.702 45.563 147.210 19 1 25 386 4
2.702 45.563 147.210 20 1 25 386 4
2.702 45.563 147.210 21 1 25 386 4
2.702 45.563 147.210 22 1 25 386 4
2.702 45.563 147.210 23 1 25 386 4
2.702 45.563 147.210 24 1 25 386 4
2.702 45.563 147.210 25 1 25 386 4
2.702 45.563 147.210 26 1 25 386 4
2.702 45.563 147.210 27 1 25 386 4
2.702 45.563 147.210 28 1 25 386 4
2.702 45.563 147.210 29 1 25 386 4
2.702 45.563 147.210 30 1 25 386 4
36.286 113.727 296.787 1 2 25 388 4
36.286 113.727 296.787 2 2 25 388 4
36.286 113.727 296.787 3 2 25 388 4
36.286 113.727 296.787 4 2 25 388 4
36.286 113.727 296.787 5 2 25 388 4
36.286 113.727 296.787 6 2 25 388 4
36.286 113.727 296.787 7 2 25 388 4
36.286 113.727 296.787 8 2 25 388 4
170.415 131.913 164.349 9 2 25 294 1
170.415 131.913 164.349 10 2 25 294 1
223.595 46.978 24.508 11 2 25 47 1
223.595 46.978 24.508 12 2 25 47 1
187.242 41.142 139.857 13 2 25 395 4
187.242 41.142 139.857 14 2 25 395 4
187.242 41.142 139.857 15 2 25 395 4
187.242 41.142 139.857 16 2 25 395 4
187.242 41.142 139.857 17 2 25 395 4
187.242 41.142 139.857 18 2 25 395 4
2.702 45.563 147.210 19 2 25 386 4
2.702 45.563 147.210 20 2 25 386 4
2.702 45.563 147.210 21 2 25 386 4
2.702 45.563 147.210 22 2 25 386 4
2.702 45.563 147.210 23 2 25 386 4
2.702 45.563 147.210 24 2 25 386 4
2.702 45.563 147.210 25 2 25 386 4
2.702 45.563 147.210 26 2 25 386 4
2.702 45.563 147.210 27 2 25 386 4
2.702 45.563 147.210 28 2 25 386 4
2.702 45.563 147.210 29 2 25 386 4
2.702 45.563 147.210 30 2 25 386 4
36.286 113.727 296.787 1 3 25 388 4
36.286 113.727 296.787 2 3 25 388 4
36.286 113.727 296.787 3 3 25 388 4
36.286 113.727 296.787 4 3 25 388 4
36.286 113.727 296.787 5 3 25 388 4
36.286 113.727 296.787 6 3 25 388 4
36.286 113.727 296.787 7 3 25 388 4
36.286 113.727 296.787 8 3 25 388 4
223.595 46.978 24.508 9 3 25 47 1
223.595 46.978 24.508 10 3 25 47 1
225.302 138.154 120.742 11 3 25 210 1
187.242 41.142 139.857 12 3 25 395 4
187.242 41.142 139.857 13 3 25 395 4
187.242 41.142 139.857 14 3 25 395 4
187.242 41.142 139.857 15 3 25 395 4
187.242 41.142 139.857 16 3 25 395 4
187.242 41.142 139.857 17 3 25 395 4
187.242 41.142 139.857 18 3 25 395 4
187.242 41.142 139.857 19 3 25 395 4
2.702 45.563 147.210 20 3 25 386 4
2.702 45.563 147.210 21 3 25 386 4
2.702 45.563 147.210 22 3 25 386 4
2.702 45.563 147.210 23 3 25 386 4
2.702 45.563 147.210 24 3 25 386 4
2.702 45.563 147.210 25 3 25 386 4
2.702 45.563 147.210 26 3 25 386 4
2.702 45.563 147.210 27 3 25 386 4
2.702 45.563 147.210 28 3 25 386 4
2.702 45.563 147.210 29 3 25 386 4
2.702 45.563 147.210 30 3 25 386 4
165.097 65.966 269.906 1 4 25 390 4
36.286 113.727 296.787 2 4 25 388 4
36.286 113.727 296.787 3 4 25 388 4
36.286 113.727 296.787 4 4 25 388 4
36.286 113.727 296.787 5 4 25 388 4
36.286 113.727 296.787 6 4 25 388 4
36.286 113.727 296.787 7 4 25 388 4
223.595 46.978 24.508 8 4 25 47 1
223.595 46.978 24.508 9 4 25 47 1
223.595 46.978 24.508 10 4 25 47 1
225.302 138.154 120.742 11 4 25 210 1
187.242 41.142 139.857 12 4 25 395 4
187.242 41.142 139.857 13 4 25 395 4
187.242 41.142 139.857 14 4 25 395 4
187.242 41.142 139.857 15 4 25 395 4
187.242 41.142 139.857 16 4 25 395 4
187.242 41.142 139.857 17 4 25 395 4
187.242 41.142 139.857 18 4 25 395 4
187.242 41.142 139.857 19 4 25 395 4
187.242 41.142 139.857 20 4 25 395 4
2.702 45.563 147.210 21 4 25 386 4
2.702 45.563 147.210 22 4 25 386 4
2.702 45.563 147.210 23 4 25 386 4
2.702 45.563 147.210 24 4 25 386 4
2.702 45.563 147.210 25 4 25 386 4
2.702 45.563 147.210 26 4 25 386 4
2.702 45.563 147.210 27 4 25 386 4
2.702 45.563 147.210 28 4 25 386 4
2.702 45.563 147.210 29 4 25 386 4
2.702 45.563 147.210 30 4 25 386 4
165.097 65.966 269.906 1 5 25 390 4
165.097 65.966 269.906 2 5 25 390 4
165.097 65.966 269.906 3 5 25 390 4
321.292 64.541 267.426 4 5 25 2 1
36.286 113.727 296.787 5 5 25 388 4
223.595 46.978 24.508 6 5 25 47 1
223.595 46.978 24.508 7 5 25 47 1
223.595 46.978 24.508 8 5 25 47 1
223.595 46.978 24.508 9 5 25 47 1
187.242 41.142 139.857 10 5 25 395 4
187.242 41.142 139.857 11 5 25 395 4
187.242 41.142 139.857 12 5 25 395 4
187.242 41.142 139.857 13 5 25 395 4
187.242 41.142 139.857 14 5 25 395 4
187.242 41.142 139.857 15 5 25 395 4
187.242 41.142 139.857 16 5 25 395 4
187.242 41.142 139.857 17 5 25 395 4
187.242 41.142 139.857 18 5 25 395 4
187.242 41.142 139.857 19 5 25 395 4
187.242 41.142 139.857 20 5 25 395 4
187.242 41.142 139.857 21 5 25 395 4
2.702 45.563 147.210 22 5 25 386 4
2.702 45.563 147.210 23 5 25 386 4
2.702 45.563 147.210 24 5 25 386 4
2.702 45.563 147.210 25 5 25 386 4
2.702 45.563 147.210 26 5 25 386 4
2.702 45.563 147.210 27 5 25 386 4
2.702 45.563 147.210 28 5 25 386 4
2.702 45.563 147.210 29 5 25 386 4
2.702 45.563 147.210 30 5 25 386 4
165.097 65.966 269.906 1 6 25 390 4
165.097 65.966 269.906 2 6 25 390 4
165.097 65.966 269.906 3 6 25 390 4
321.292 64.541 267.426 4 6 25 2 1
148.129 50.949 321.046 5 6 25 373 2
223.595 46.978 24.508 6 6 25 47 1
223.595 46.978 24.508 7 6 25 47 1
223.595 46.978 24.508 8 6 25 47 1
187.242 41.142 139.857 9 6 25 395 4
187.242 41.142 139.857 10 6 25 395 4
187.242 41.142 139.857 11 6 25 395 4
187.242 41.142 139.857 12 6 25 395 4
187.242 41.142 139.857 13 6 25 395 4
187.242 41.142 139.857 14 6 25 395 4
187.242 41.142 139.857 15 6 25 395 4
187.242 41.142 139.857 16 6 25 395 4
187.242 41.142 139.857 17 6 25 395 4
187.242 41.142 139.857 18 6 25 395 4
187.242 41.142 139.857 19 6 25 395 4
187.242 41.142 139.857 20 6 25 395 4
187.242 41.142 139.857 21 6 25 395 4
187.242 41.142 139.857 22 6 25 395 4
2.702 45.563 147.210 23 6 25 386 4
2.702 45.563 147.210 24 6 25 386 4
2.702 45.563 147.210 25 6 25 386 4
74.559 128.650 234.647 26 6 25 119 1
74.559 128.650 234.647 27 6 25 119 1
74.559 128.650 234.647 28 6 25 119 1
2.702 45.563 147.210 29 6 25 386 4
2.702 45.563 147.210 30 6 25 386 4
165.097 65.966 269.906 1 7 25 390 4
165.097 65.966 269.906 2 7 25 390 4
165.097 65.966 269.906 3 7 25 390 4
165.097 65.966 269.906 4 7 25 390 4
148.129 50.949 321.046 5 7 25 373 2
223.595 46.978 24.508 6 7 25 47 1
223.595 46.978 24.508 7 7 25 47 1
187.242 41.142 139.857 8 7 25 395 4
187.242 41.142 139.857 9 7 25 395 4
187.242 41.142 139.857 10 7 25 395 4
187.242 41.142 139.857 11 7 25 395 4
187.242 41.142 139.857 12 7 25 395 4
187.242 41.142 139.857 13 7 25 395 4
187.242 41.142 139.857 14 7 25 395 4
187.242 41.142 139.857 15 7 25 395 4
187.242 41.142 139.857 16 7 25 395 4
187.242 41.142 139.857 17 7 25 395 4
187.242 41.142 139.857 18 7 25 395 4
187.242 41.142 139.857 19 7 25 395 4
187.242 41.142 139.857 20 7 25 395 4
187.242 41.142 139.857 21 7 25 395 4
187.242 41.142 139.857 22 7 25 395 4
187.242 41.142 139.857 23 7 25 395 4
187.242 41.142 139.857 24 7 25 395 4
2.702 45.563 147.210 25 7 25 386 4
137.684 142.234 304.910 26 7 25 150 1
74.559 128.650 234.647 27 7 25 119 1
74.559 128.650 234.647 28 7 25 119 1
2.702 45.563 147.210 29 7 25 386 4
95.330 122.688 86.172 30 7 25 286 1
165.097 65.966 269.906 1 8 25 390 4
165.097 65.966 269.906 2 8 25 390 4
165.097 65.966 269.906 3 8 25 390 4
165.097 65.966 269.906 4 8 25 390 4
165.097 65.966 269.906 5 8 25 390 4
165.097 65.966 269.906 6 8 25 390 4
187.242 41.142 139.857 7 8 25 395 4
187.242 41.142 139.857 8 8 25 395 4
187.242 41.142 139.857 9 8 25 395 4
187.242 41.142 139.857 10 8 25 395 4
187.242 41.142 139.857 11 8 25 395 4
187.242 41.142 139.857 12 8 25 395 4
187.242 41.142 139.857 13 8 25 395 4
187.242 41.142 139.857 14 8 25 395 4
187.242 41.142 139.857 15 8 25 395 4
187.242 41.142 139.857 16 8 25 395 4
187.242 41.142 139.857 17 8 25 395 4
187.242 41.142 139.857 18 8 25 395 4
187.242 41.142 139.857 19 8 25 395 4
187.242 41.142 139.857 20 8 25 395 4
187.242 41.142 139.857 21 8 25 395 4
187.242 41.142 139.857 22 8 25 395 4
187.242 41.142 139.857 23 8 25 395 4
187.242 41.142 139.857 24 8 25 395 4
187.242 41.142 139.857 25 8 25 395 4
263.814 9.587 346.535 26 8 25 104 1
247.101 112.613 174.260 27 8 25 325 2
247.101 112.613 174.260 28 8 25 325 2
247.101 112.613 174.260 29 8 25 325 2
247.101 112.613 174.260 30 8 25 325 2
165.097 65.966 269.906 1 9 25 390 4
165.097 65.966 269.906 2 9 25 390 4
165.097 65.966 269.906 3 9 25 390 4
165.097 65.966 269.906 4 9 25 390 4
165.097 65.966 269.906 5 9 25 390 4
165.097 65.966 269.906 6 9 25 390 4
165.097 65.966 269.906 7 9 25 390 4
187.242 41.142 139.857 8 9 25 395 4
187.242 41.142 139.857 9 9 25 395 4
187.242 41.142 139.857 10 9 25 395 4
187.242 41.142 139.857 11 9 25 395 4
187.242 41.142 139.857 12 9 25 395 4
187.242 41.142 139.857 13 9 25 395 4
187.242 41.142 139.857 14 9 25 395 4
187.242 41.142 139.857 15 9 25 395 4
187.242 41.142 139.857 16 9 25 395 4
187.242 41.142 139.857 17 9 25 395 4
187.242 41.142 139.857 18 9 25 395 4
187.242 41.142 139.857 19 9 25 395 4
187.242 41.142 139.857 20 9 25 395 4
187.242 41.142 139.857 21 9 25 395 4
187.242 41.142 139.857 22 9 25 395 4
187.242 41.142 139.857 23 9 25 395 4
187.242 41.142 139.857 24 9 25 395 4
187.242 41.142 139.857 25 9 25 395 4
187.242 41.142 139.857 26 9 25 395 4
247.101 112.613 174.260 27 9 25 325 2
247.101 112.613 174.260 28 9 25 325 2
247.101 112.613 174.260 29 9 25 325 2
117.771 41.090 175.573 30 9 25 330 2
165.097 65.966 269.906 1 10 25 390 4
165.097 65.966 269.906 2 10 25 390 4
165.097 65.966 269.906 3 10 25 390 4
165.097 65.966 269.906 4 10 25 390 4
165.097 65.966 269.906 5 10 25 390 4
165.097 65.966 269.906 6 10 25 390 4
165.097 65.966 269.906 7 10 25 390 4
187.242 41.142 139.857 8 10 25 395 4
187.242 41.142 139.857 9 10 25 395 4
187.242 41.142 139.857 10 10 25 395 4
187.242 41.142 139.857 11 10 25 395 4
187.242 41.142 139.857 12 10 25 395 4
187.242 41.142 139.857 13 10 25 395 4
187.242 41.142 139.857 14 10 25 395 4
187.242 41.142 139.857 15 10 25 395 4
187.242 41.142 139.857 16 10 25 395 4
187.242 41.142 139.857 17 10 25 395 4
187.242 41.142 139.857 18 10 25 395 4
187.242 41.142 139.857 19 10 25 395 4
187.242 41.142 139.857 20 10 25 395 4
187.242 41.142 139.857 21 10 25 395 4
187.242 41.142 139.857 22 10 25 395 4
187.242 41.142 139.857 23 10 25 395 4
187.242 41.142 139.857 24 10 25 395 4
187.242 41.142 139.857 25 10 25 395 4
187.242 41.142 139.857 26 10 25 395 4
247.101 112.613 174.260 27 10 25 325 2
247.101 112.613 174.260 28 10 25 325 2
117.771 41.090 175.573 29 10 25 330 2
117.771 41.090 175.573 30 10 25 330 2
165.097 65.966 269.906 1 11 25 390 4
165.097 65.966 269.906 2 11 25 390 4
165.097 65.966 269.906 3 11 25 390 4
165.097 65.966 269.906 4 11 25 390 4
165.097 65.966 269.906 5 11 25 390 4
165.097 65.966 269.906 6 11 25 390 4
165.097 65.966 269.906 7 11 25 390 4
187.242 41.142 139.857 8 11 25 395 4
187.242 41.142 139.857 9 11 25 395 4
187.242 41.142 139.857 10 11 25 395 4
187.242 41.142 139.857 11 11 25 395 4
187.242 41.142 139.857 12 11 25 395 4
187.242 41.142 139.857 13 11 25 395 4
187.242 41.142 139.857 14 11 25 395 4
187.242 41.142 139.857 15 11 25 395 4
187.242 41.142 139.857 16 11 25 395 4
187.242 41.142 139.857 17 11 25 395 4
187.242 41.142 139.857 18 11 25 395 4
187.242 41.142 139.857 19 11 25 395 4
187.242 41.142 139.857 20 11 25 395 4
187.242 41.142 139.857 21 11 25 395 4
187.242 41.142 139.857 22 11 25 395 4
187.242 41.142 139.857 23 11 25 395 4
187.242 41.142 139.857 24 11 25 395 4
187.242 41.142 139.857 25 11 25 395 4
187.242 41.142 139.857 26 11 25 395 4
247.101 112.613 174.260 27 11 25 325 2
247.101 112.613 174.260 28 11 25 325 2
247.101 112.613 174.260 29 11 25 325 2
117.771 41.090 175.573 30 11 25 330 2
165.097 65.966 269.906 1 12 25 390 4
165.097 65.966 269.906 2 12 25 390 4
165.097 65.966 269.906 3 12 25 390 4
165.097 65.966 269.906 4 12 25 390 4
165.097 65.966 269.906 5 12 25 390 4
165.097 65.966 269.906 6 12 25 390 4
165.097 65.966 269.906 7 12 25 390 4
165.097 65.966 269.906 8 12 25 390 4
187.242 41.142 139.857 9 12 25 395 4
187.242 41.142 139.857 10 12 25 395 4
187.242 41.142 139.857 11 12 25 395 4
187.242 41.142 139.857 12 12 25 395 4
187.242 41.142 139.857 13 12 25 395 4
187.242 41.142 139.857 14 12 25 395 4
187.242 41.142 139.857 15 12 25 395 4
187.242 41.142 139.857 16 12 25 395 4
187.242 41.142 139.857 17 12 25 395 4
187.242 41.142 139.857 18 12 25 395 4
187.242 41.142 139.857 19 12 25 395 4
187.242 41.142 139.857 20 12 25 395 4
187.242 41.142 139.857 21 12 25 395 4
187.242 41.142 139.857 22 12 25 395 4
187.242 41.142 139.857 23 12 25 395 4
187.242 41.142 139.857 24 12 25 395 4
187.242 41.142 139.857 25 12 25 395 4
187.242 41.142 139.857 26 12 25 395 4
187.242 41.142 139.857 27 12 25 395 4
247.101 112.613 174.260 28 12 25 325 2
247.101 112.613 174.260 29 12 25 325 2
117.771 41.090 175.573 30 12 25 330 2
165.097 65.966 269.906 1 13 25 390 4
165.097 65.966 269.906 2 13 25 390 4
165.097 65.966 269.906 3 13 25 390 4
165.097 65.966 269.906 4 13 25 390 4
165.097 65.966 269.906 5 13 25 390 4
165.097 65.966 269.906 6 13 25 390 4
165.097 65.966 269.906 7 13 25 390 4
165.097 65.966 269.906 8 13 25 390 4
187.242 41.142 139.857 9 13 25 395 4
187.242 41.142 139.857 10 13 25 395 4
187.242 41.142 139.857 11 13 25 395 4
187.242 41.142 139.857 12 13 25 395 4
187.242 41.142 139.857 13 13 25 395 4
187.242 41.142 139.857 14 13 25 395 4
187.242 41.142 139.857 15 13 25 395 4
187.242 41.142 139.857 16 13 25 395 4
187.242 41.142 139.857 17 13 25 395 4
187.242 41.142 139.857 18 13 25 395 4
187.242 41.142 139.857 19 13 25 395 4
187.242 41.142 139.857 20 13 25 395 4
187.242 41.142 139.857 21 13 25 395 4
187.242 41.142 139.857 22 13 25 395 4
187.242 41.142 139.857 23 13 25 395 4
187.242 41.142 139.857 24 13 25 395 4
187.242 41.142 139.857 25 13 25 395 4
187.242 41.142 139.857 26 13 25 395 4
187.242 41.142 139.857 27 13 25 395 4
187.242 41.142 139.857 28 13 25 395 4
31.280 46.456 54.106 29 13 25 338 2
31.280 46.456 54.106 30 13 25 338 2
165.097 65.966 269.906 1 14 25 390 4
165.097 65.966 269.906 2 14 25 390 4
165.097 65.966 269.906 3 14 25 390 4
165.097 65.966 269.906 4 14 25 390 4
165.097 65.966 269.906 5 14 25 390 4
165.097 65.966 269.906 6 14 25 390 4
165.097 65.966 269.906 7 14 25 390 4
165.097 65.966 269.906 8 14 25 390 4
165.097 65.966 269.906 9 14 25 390 4
187.242 41.142 139.857 10 14 25 395 4
187.242 41.142 139.857 11 14 25 395 4
187.242 41.142 139.857 12 14 25 395 4
187.242 41.142 139.857 13 14 25 395 4
187.242 41.142 139.857 14 14 25 395 4
187.242 41.142 139.857 15 14 25 395 4
187.242 41.142 139.857 16 14 25 395 4
187.242 41.142 139.857 17 14 25 395 4
187.242 41.142 139.857 18 14 25 395 4
187.242 41.142 139.857 19 14 25 395 4
187.242 41.142 139.857 20 14 25 395 4
187.242 41.142 139.857 21 14 25 395 4
187.242 41.142 139.857 22 14 25 395 4
187.242 41.142 139.857 23 14 25 395 4
187.242 41.142 139.857 24 14 25 395 4
187.242 41.142 139.857 25 14 25 395 4
187.242 41.142 139.857 26 14 25 395 4
187.242 41.142 139.857 27 14 25 395 4
187.242 41.142 139.857 28 14 25 395 4
31.280 46.456 54.106 29 14 25 338 2
31.280 46.456 54.106 30 14 25 338 2
165.097 65.966 269.906 1 15 25 390 4
165.097 65.966 269.906 2 15 25 390 4
165.097 65.966 269.906 3 15 25 390 4
165.097 65.966 269.906 4 15 25 390 4
165.097 65.966 269.906 5 15 25 390 4
165.097 65.966 269.906 6 15 25 390 4
165.097 65.966 269.906 7 15 25 390 4
165.097 65.966 269.906 8 15 25 390 4
165.097 65.966 269.906 9 15 25 390 4
187.242 41.142 139.857 10 15 25 395 4
187.242 41.142 139.857 11 15 25 395 4
187.242 41.142 139.857 12 15 25 395 4
187.242 41.142 139.857 13 15 25 395 4
187.242 41.142 139.857 14 15 25 395 4
187.242 41.142 139.857 15 15 25 395 4
187.242 41.142 139.857 16 15 25 395 4
187.242 41.142 139.857 17 15 25 395 4
187.242 41.142 139.857 18 15 25 395 4
187.242 41.142 139.857 19 15 25 395 4
187.242 41.142 139.857 20 15 25 395 4
187.242 41.142 139.857 21 15 25 395 4
187.242 41.142 139.857 22 15 25 395 4
187.242 41.142 139.857 23 15 25 395 4
187.242 41.142 139.857 24 15 25 395 4
187.242 41.142 139.857 25 15 25 395 4
187.242 41.142 139.857 26 15 25 395 4
187.242 41.142 139.857 27 15 25 395 4
187.242 41.142 139.857 28 15 25 395 4
31.280 46.456 54.106 29 15 25 338 2
202.363 126.786 338.638 30 15 25 112 1
165.097 65.966 269.906 1 16 25 390 4
165.097 65.966 269.906 2 16 25 390 4
165.097 65.966 269.906 3 16 25 390 4
165.097 65.966 269.906 4 16 25 390 4
165.097 65.966 269.906 5 16 25 390 4
165.097 65.966 269.906 6 16 25 390 4
165.097 65.966 269.906 7 16 25 390 4
165.097 65.966 269.906 8 16 25 390 4
165.097 65.966 269.906 9 16 25 390 4
165.097 65.966 269.906 10 16 25 390 4
187.242 41.142 139.857 11 16 25 395 4
187.242 41.142 139.857 12 16 25 395 4
187.242 41.142 139.857 13 16 25 395 4
187.242 41.142 139.857 14 16 25 395 4
187.242 41.142 139.857 15 16 25 395 4
187.242 41.142 139.857 16 16 25 395 4
187.242 41.142 139.857 17 16 25 395 4
187.242 41.142 139.857 18 16 25 395 4
187.242 41.142 139.857 19 16 25 395 4
187.242 41.142 139.857 20 16 25 395 4
187.242 41.142 139.857 21 16 25 395 4
187.242 41.142 139.857 22 16 25 395 4
187.242 41.142 139.857 23 16 25 395 4
187.242 41.142 139.857 24 16 25 395 4
187.242 41.142 139.857 25 16 25 395 4
187.242 41.142 139.857 26 16 25 395 4
187.242 41.142 139.857 27 16 25 395 4
187.242 41.142 139.857 28 16 25 395 4
187.242 41.142 139.857 29 16 25 395 4
187.242 41.142 139.857 30 16 25 395 4
165.097 65.966 269.906 1 17 25 390 4
165.097 65.966 269.906 2 17 25 390 4
165.097 65.966 269.906 3 17 25 390 4
165.097 65.966 269.906 4 17 25 390 4
165.097 65.966 269.906 5 17 25 390 4
165.097 65.966 269.906 6 17 25 390 4
165.097 65.966 269.906 7 17 25 390 4
165.097 65.966 269.906 8 17 25 390 4
165.097 65.966 269.906 9 17 25 390 4
165.097 65.966 269.906 10 17 25 390 4
187.242 41.142 139.857 11 17 25 395 4
187.242 41.142 139.857 12 17 25 395 4
187.242 41.142 139.857 13 17 25 395 4
187.242 41.142 139.857 14 17 25 395 4
187.242 41.142 139.857 15 17 25 395 4
187.242 41.142 139.857 16 17 25 395 4
187.242 41.142 139.857 17 17 25 395 4
187.242 41.142 139.857 18 17 25 395 4
187.242 41.142 139.857 19 17 25 395 4
187.242 41.142 139.857 20 17 25 395 4
187.242 41.142 139.857 21 17 25 395 4
187.242 41.142 139.857 22 17 25 395 4
187.242 41.142 139.857 23 17 25 395 4
187.242 41.142 139.857 24 17 25 395 4
187.242 41.142 139.857 25 17 25 395 4
187.242 41.142 139.857 26 17 25 395 4
187.242 41.142 139.857 27 17 25 395 4
187.242 41.142 139.857 28 17 25 395 4
187.242 41.142 139.857 29 17 25 395 4
187.242 41.142 139.857 30 17 25 395 4
165.097 65.966 269.906 1 18 25 390 4
165.097 65.966 269.906 2 18 25 390 4
165.097 65.966 269.906 3 18 25 390 4
165.097 65.966 269.906 4 18 25 390 4
165.097 65.966 269.906 5 18 25 390 4
165.097 65.966 269.906 6 18 25 390 4
165.097 65.966 269.906 7 18 25 390 4
165.097 65.966 269.906 8 18 25 390 4
165.097 65.966 269.906 9 18 25 390 4
165.097 65.966 269.906 10 18 25 390 4
187.242 41.142 139.857 11 18 25 395 4
187.242 41.142 139.857 12 18 25 395 4
187.242 41.142 139.857 13 18 25 395 4
187.242 41.142 139.857 14 18 25 395 4
187.242 41.142 139.857 15 18 25 395 4
187.242 41.142 139.857 16 18 25 395 4
187.242 41.142 139.857 17 18 25 395 4
187.242 41.142 139.857 18 18 25 395 4
187.242 41.142 139.857 19 18 25 395 4
187.242 41.142 139.857 20 18 25 395 4
187.242 41.142 139.857 21 18 25 395 4
187.242 41.142 139.857 22 18 25 395 4
187.242 41.142 139.857 23 18 25 395 4
187.242 41.142 139.857 24 18 25 395 4
187.242 41.142 139.857 25 18 25 395 4
187.242 41.142 139.857 26 18 25 395 4
187.242 41.142 139.857 27 18 25 395 4
187.242 41.142 139.857 28 18 25 395 4
187.242 41.142 139.857 29 18 25 395 4
187.242 41.142 139.857 30 18 25 395 4
165.097 65.966 269.906 1 19 25 390 4
165.097 65.966 269.906 2 19 25 390 4
165.097 65.966 269.906 3 19 25 390 4
165.097 65.966 269.906 4 19 25 390 4
165.097 65.966 269.906 5 19 25 390 4
165.097 65.966 269.906 6 19 25 390 4
165.097 65.966 269.906 7 19 25 390 4
165.097 65.966 269.906 8 19 25 390 4
165.097 65.966 269.906 9 19 25 390 4
165.097 65.966 269.906 10 19 25 390 4
165.097 65.966 269.906 11 19 25 390 4
187.242 41.142 139.857 12 19 25 395 4
187.242 41.142 139.857 13 19 25 395 4
187.242 41.142 139.857 14 19 25 395 4
187.242 41.142 139.857 15 19 25 395 4
187.242 41.142 139.857 16 19 25 395 4
187.242 41.142 139.857 17 19 25 395 4
187.242 41.142 139.857 18 19 25 395 4
187.242 41.142 139.857 19 19 25 395 4
187.242 41.142 139.857 20 19 25 395 4
187.242 41.142 139.857 21 19 25 395 4
187.242 41.142 139.857 22 19 25 395 4
187.242 41.142 139.857 23 19 25 395 4
187.242 41.142 139.857 24 19 25 395 4
187.242 41.142 139.857 25 19 25 395 4
187.242 41.142 139.857 26 19 25 395 4
187.242 41.142 139.857 27 19 25 395 4
187.242 41.142 139.857 28 19 25 395 4
187.242 41.142 139.857 29 19 25 395 4
187.242 41.142 139.857 30 19 25 395 4
165.097 65.966 269.906 1 20 25 390 4
165.097 65.966 269.906 2 20 25 390 4
165.097 65.966 269.906 3 20 25 390 4
165.097 65.966 269.906 4 20 25 390 4
165.097 65.966 269.906 5 20 25 390 4
165.097 65.966 269.906 6 20 25 390 4
165.097 65.966 269.906 7 20 25 390 4
165.097 65.966 269.906 8 20 25 390 4
165.097 65.966 269.906 9 20 25 390 4
165.097 65.966 269.906 10 20 25 390 4
165.097 65.966 269.906 11 20 25 390 4
187.242 41.142 139.857 12 20 25 395 4
187.242 41.142 139.857 13 20 25 395 4
187.242 41.142 139.857 14 20 25 395 4
187.242 41.142 139.857 15 20 25 395 4
187.242 41.142 139.857 16 20 25 395 4
187.242 41.142 139.857 17 20 25 395 4
187.242 41.142 139.857 18 20 25 395 4
187.242 41.142 139.857 19 20 25 395 4
187.242 41.142 139.857 20 20 25 395 4
187.242 41.142 139.857 21 20 25 395 4
187.242 41.142 139.857 22 20 25 395 4
187.242 41.142 139.857 23 20 25 395 4
187.242 41.142 139.857 24 20 25 395 4
187.242 41.142 139.857 25 20 25 395 4
187.242 41.142 139.857 26 20 25 395 4
187.242 41.142 139.857 27 20 25 395 4
187.242 41.142 139.857 28 20 25 395 4
187.242 41.142 139.857 29 20 25 395 4
187.242 41.142 139.857 30 20 25 395 4
131.061 97.535 347.236 1 21 25 394 4
131.061 97.535 347.236 2 21 25 394 4
165.097 65.966 269.906 3 21 25 390 4
165.097 65.966 269.906 4 21 25 390 4
165.097 65.966 269.906 5 21 25 390 4
165.097 65.966 269.906 6 21 25 390 4
165.097 65.966 269.906 7 21 25 390 4
165.097 65.966 269.906 8 21 25 390 4
165.097 65.966 269.906 9 21 25 390 4
165.097 65.966 269.906 10 21 25 390 4
136.209 150.598 145.268 11 21 25 380 3
187.242 41.142 139.857 12 21 25 395 4
187.242 41.142 139.857 13 21 25 395 4
187.242 41.142 139.857 14 21 25 395 4
187.242 41.142 139.857 15 21 25 395 4
187.242 41.142 139.857 16 21 25 395 4
187.242 41.142 139.857 17 21 25 395 4
187.242 41.142 139.857 18 21 25 395 4
187.242 41.142 139.857 19 21 25 395 4
187.242 41.142 139.857 20 21 25 395 4
187.242 41.142 139.857 21 21 25 395 4
187.242 41.142 139.857 22 21 25 395 4
187.242 41.142 139.857 23 21 25 395 4
187.242 41.142 139.857 24 21 25 395 4
187.242 41.142 139.857 25 21 25 395 4
187.242 41.142 139.857 26 21 25 395 4
187.242 41.142 139.857 27 21 25 395 4
187.242 41.142 139.857 28 21 25 395 4
187.242 41.142 139.857 29 21 25 395 4
187.242 41.142 139.857 30 21 25 395 4
131.061 97.535 347.236 1 22 25 394 4
131.061 97.535 347.236 2 22 25 394 4
131.061 97.535 347.236 3 22 25 394 4
131.061 97.535 347.236 4 22 25 394 4
131.061 97.535 347.236 5 22 25 394 4
131.061 97.535 347.236 6 22 25 394 4
165.097 65.966 269.906 7 22 25 390 4
165.097 65.966 269.906 8 22 25 390 4
136.209 150.598 145.268 9 22 25 380 3
136.209 150.598 145.268 10 22 25 380 3
136.209 150.598 145.268 11 22 25 380 3
136.209 150.598 145.268 12 22 25 380 3
136.209 150.598 145.268 13 22 25 380 3
187.242 41.142 139.857 14 22 25 395 4
187.242 41.142 139.857 15 22 25 395 4
187.242 41.142 139.857 16 22 25 395 4
187.242 41.142 139.857 17 22 25 395 4
187.242 41.142 139.857 18 22 25 395 4
187.242 41.142 139.857 19 22 25 395 4
187.242 41.142 139.857 20 22 25 395 4
187.242 41.142 139.857 21 22 25 395 4
187.242 41.142 139.857 22 22 25 395 4
187.242 41.142 139.857 23 22 25 395 4
187.242 41.142 139.857 24 22 25 395 4
187.242 41.142 139.857 25 22 25 395 4
187.242 41.142 139.857 26 22 25 395 4
187.242 41.142 139.857 27 22 25 395 4
187.242 41.142 139.857 28 22 25 395 4
187.242 41.142 139.857 29 22 25 395 4
187.242 41.142 139.857 30 22 25 395 4
131.061 97.535 347.236 1 23 25 394 4
131.061 97.535 347.236 2 23 25 394 4
70.738 123.027 326.141 3 23 25 337 2
131.061 97.535 347.236 4 23 25 394 4
131.061 97.535 347.236 5 23 25 394 4
131.061 97.535 347.236 6 23 25 394 4
131.061 97.535 347.236 7 23 25 394 4
333.758 132.438 96.713 8 23 25 171 1
136.209 150.598 145.268 9 23 25 380 3
136.209 150.598 145.268 10 23 25 380 3
136.209 150.598 145.268 11 23 25 380 3
136.209 150.598 145.268 12 23 25 380 3
136.209 150.598 145.268 13 23 25 380 3
136.209 150.598 145.268 14 23 25 380 3
187.242 41.142 139.857 15 23 25 395 4
187.242 41.142 139.857 16 23 25 395 4
187.242 41.142 139.857 17 23 25 395 4
187.242 41.142 139.857 18 23 25 395 4
187.242 41.142 139.857 19 23 25 395 4
187.242 41.142 139.857 20 23 25 395 4
187.242 41.142 139.857 21 23 25 395 4
187.242 41.142 139.857 22 23 25 395 4
187.242 41.142 139.857 23 23 25 395 4
187.242 41.142 139.857 24 23 25 395 4
187.242 41.142 139.857 25 23 25 395 4
187.242 41.142 139.857 26 23 25 395 4
187.242 41.142 139.857 27 23 25 395 4
187.242 41.142 139.857 28 23 25 395 4
187.242 41.142 139.857 29 23 25 395 4
346.970 80.027 20.065 30 23 25 448 2
131.061 97.535 347.236 1 24 25 394 4
131.061 97.535 347.236 2 24 25 394 4
131.061 97.535 347.236 3 24 25 394 4
131.061 97.535 347.236 4 24 25 394 4
131.061 97.535 347.236 5 24 25 394 4
131.061 97.535 347.236 6 24 25 394 4
131.061 97.535 347.236 7 24 25 394 4
333.758 132.438 96.713 8 24 25 171 1
136.209 150.598 145.268 9 24 25 380 3
136.209 150.598 145.268 10 24 25 380 3
136.209 150.598 145.268 11 24 25 380 3
136.209 150.598 145.268 12 24 25 380 3
136.209 150.598 145.268 13 24 25 380 3
136.209 150.598 145.268 14 24 25 380 3
136.209 150.598 145.268 15 24 25 380 3
187.242 41.142 139.857 16 24 25 395 4
187.242 41.142 139.857 17 24 25 395 4
187.242 41.142 139.857 18 24 25 395 4
187.242 41.142 139.857 19 24 25 395 4
187.242 41.142 139.857 20 24 25 395 4
187.242 41.142 139.857 21 24 25 395 4
187.242 41.142 139.857 22 24 25 395 4
187.242 41.142 139.857 23 24 25 395 4
187.242 41.142 139.857 24 24 25 395 4
187.242 41.142 139.857 25 24 25 395 4
187.242 41.142 139.857 26 24 25 395 4
187.242 41.142 139.857 27 24 25 395 4
187.242 41.142 139.857 28 24 25 395 4
187.242 41.142 139.857 29 24 25 395 4
346.970 80.027 20.065 30 24 25 448 2
131.061 97.535 347.236 1 25 25 394 4
131.061 97.535 347.236 2 25 25 394 4
131.061 97.535 347.236 3 25 25 394 4
131.061 97.535 347.236 4 25 25 394 4
131.061 97.535 347.236 5 25 25 394 4
131.061 97.535 347.236 6 25 25 394 4
131.061 97.535 347.236 7 25 25 394 4
131.061 97.535 347.236 8 25 25 394 4
136.209 150.598 145.268 9 25 25 380 3
136.209 150.598 145.268 10 25 25 380 3
136.209 150.598 145.268 11 25 25 380 3
136.209 150.598 145.268 12 25 25 380 3
136.209 150.598 145.268 13 25 25 380 3
136.209 150.598 145.268 14 25 25 380 3
136.209 150.598 145.268 15 25 25 380 3
136.209 150.598 145.268 16 25 25 380 3
50.768 38.310 254.189 17 25 25 389 4
50.768 38.310 254.189 18 25 25 389 4
187.242 41.142 139.857 19 25 25 395 4
187.242 41.142 139.857 20 25 25 395 4
187.242 41.142 139.857 21 25 25 395 4
187.242 41.142 139.857 22 25 25 395 4
187.242 41.142 139.857 23 25 25 395 4
187.242 41.142 139.857 24 25 25 395 4
187.242 41.142 139.857 25 25 25 395 4
187.242 41.142 139.857 26 25 25 395 4
187.242 41.142 139.857 27 25 25 395 4
187.242 41.142 139.857 28 25 25 395 4
346.970 80.027 20.065 29 25 25 448 2
346.970 80.027 20.065 30 25 25 448 2
131.061 97.535 347.236 1 26 25 394 4
131.061 97.535 347.236 2 26 25 394 4
131.061 97.535 347.236 3 26 25 394 4
131.061 97.535 347.236 4 26 25 394 4
131.061 97.535 347.236 5 26 25 394 4
131.061 97.535 347.236 6 26 25 394 4
131.061 97.535 347.236 7 26 25 394 4
131.061 97.535 347.236 8 26 25 394 4
136.209 150.598 145.268 9 26 25 380 3
136.209 150.598 145.268 10 26 25 380 3
136.209 150.598 145.268 11 26 25 380 3
136.209 150.598 145.268 12 26 25 380 3
136.209 150.598 145.268 13 26 25 380 3
136.209 150.598 145.268 14 26 25 380 3
136.209 150.598 145.268 15 26 25 380 3
136.209 150.598 145.268 16 26 25 380 3
50.768 38.310 254.189 17 26 25 389 4
50.768 38.310 254.189 18 26 25 389 4
50.768 38.310 254.189 19 26 25 389 4
50.768 38.310 254.189 20 26 25 389 4
187.242 41.142 139.857 21 26 25 395 4
187.242 41.142 139.857 22 26 25 395 4
187.242 41.142 139.857 23 26 25 395 4
187.242 41.142 139.857 24 26 25 395 4
187.242 41.142 139.857 25 26 25 395 4
187.242 41.142 139.857 26 26 25 395 4
187.242 41.142 139.857 27 26 25 395 4
52.018 75.101 49.121 28 26 25 283 1
346.970 80.027 20.065 29 26 25 448 2
346.970 80.027 20.065 30 26 25 448 2
131.061 97.535 347.236 1 27 25 394 4
131.061 97.535 347.236 2 27 25 394 4
131.061 97.535 347.236 3 27 25 394 4
131.061 97.535 347.236 4 27 25 394 4
131.061 97.535 347.236 5 27 25 394 4
131.061 97.535 347.236 6 27 25 394 4
131.061 97.535 347.236 7 27 25 394 4
131.061 97.535 347.236 8 27 25 394 4
136.209 150.598 145.268 9 27 25 380 3
136.209 150.598 145.268 10 27 25 380 3
136.209 150.598 145.268 11 27 25 380 3
136.209 150.598 145.268 12 27 25 380 3
136.209 150.598 145.268 13 27 25 380 3
136.209 150.598 145.268 14 27 25 380 3
136.209 150.598 145.268 15 27 25 380 3
50.768 38.310 254.189 16 27 25 389 4
50.768 38.310 254.189 17 27 25 389 4
50.768 38.310 254.189 18 27 25 389 4
50.768 38.310 254.189 19 27 25 389 4
50.768 38.310 254.189 20 27 25 389 4
50.768 38.310 254.189 21 27 25 389 4
50.768 38.310 254.189 22 27 25 389 4
187.242 41.142 139.857 23 27 25 395 4
187.242 41.142 139.857 24 27 25 395 4
187.242 41.142 139.857 25 27 25 395 4
187.242 41.142 139.857 26 27 25 395 4
52.018 75.101 49.121 27 27 25 283 1
52.018 75.101 49.121 28 27 25 283 1
52.018 75.101 49.121 29 27 25 283 1
52.018 75.101 49.121 30 27 25 283 1
131.061 97.535 347.236 1 28 25 394 4
131.061 97.535 347.236 2 28 25 394 4
131.061 97.535 347.236 3 28 25 394 4
131.061 97.535 347.236 4 28 25 394 4
131.061 97.535 347.236 5 28 25 394 4
131.061 97.535 347.236 6 28 25 394 4
240.732 34.628 196.458 7 28 25 186 1
240.732 34.628 196.458 8 28 25 186 1
136.209 150.598 145.268 9 28 25 380 3
136.209 150.598 145.268 10 28 25 380 3
136.209 150.598 145.268 11 28 25 380 3
136.209 150.598 145.268 12 28 25 380 3
136.209 150.598 145.268 13 28 25 380 3
136.209 150.598 145.268 14 28 25 380 3
136.209 150.598 145.268 15 28 25 380 3
50.768 38.310 254.189 16 28 25 389 4
50.768 38.310 254.189 17 28 25 389 4
50.768 38.310 254.189 18 28 25 389 4
50.768 38.310 254.189 19 28 25 389 4
50.768 38.310 254.189 20 28 25 389 4
50.768 38.310 254.189 21 28 25 389 4
50.768 38.310 254.189 22 28 25 389 4
50.768 38.310 254.189 23 28 25 389 4
4.204 40.383 54.917 24 28 25 362 2
4.204 40.383 54.917 25 28 25 362 2
4.204 40.383 54.917 26 28 25 362 2
52.018 75.101 49.121 27 28 25 283 1
52.018 75.101 49.121 28 28 25 283 1
52.018 75.101 49.121 29 28 25 283 1
52.018 75.101 49.121 30 28 25 283 1
131.061 97.535 347.236 1 29 25 394 4
131.061 97.535 347.236 2 29 25 394 4
131.061 97.535 347.236 3 29 25 394 4
131.061 97.535 347.236 4 29 25 394 4
131.061 97.535 347.236 5 29 25 394 4
240.732 34.628 196.458 6 29 25 186 1
240.732 34.628 196.458 7 29 25 186 1
240.732 34.628 196.458 8 29 25 186 1
240.732 34.628 196.458 9 29 25 186 1
136.209 150.598 145.268 10 29 25 380 3
136.209 150.598 145.268 11 29 25 380 3
136.209 150.598 145.268 12 29 25 380 3
136.209 150.598 145.268 13 29 25 380 3
136.209 150.598 145.268 14 29 25 380 3
50.768 38.310 254.189 15 29 25 389 4
50.768 38.310 254.189 16 29 25 389 4
50.768 38.310 254.189 17 29 25 389 4
50.768 38.310 254.189 18 29 25 389 4
50.768 38.310 254.189 19 29 25 389 4
50.768 38.310 254.189 20 29 25 389 4
50.768 38.310 254.189 21 29 25 389 4
50.768 38.310 254.189 22 29 25 389 4
50.768 38.310 254.189 23 29 25 389 4
4.204 40.383 54.917 24 29 25 362 2
4.204 40.383 54.917 25 29 25 362 2
52.018 75.101 49.121 26 29 25 283 1
52.018 75.101 49.121 27 29 25 283 1
52.018 75.101 49.121 28 29 25 283 1
52.018 75.101 49.121 29 29 25 283 1
52.018 75.101 49.121 30 29 25 283 1
131.061 97.535 347.236 1 30 25 394 4
131.061 97.535 347.236 2 30 25 394 4
131.061 97.535 347.236 3 30 25 394 4
131.061 97.535 347.236 4 30 25 394 4
131.061 97.535 347.236 5 30 25 394 4
240.732 34.628 196.458 6 30 25 186 1
240.732 34.628 196.458 7 30 25 186 1
240.732 34.628 196.458 8 30 25 186 1
240.732 34.628 196.458 9 30 25 186 1
136.209 150.598 145.268 10 30 25 380 3
136.209 150.598 145.268 11 30 25 380 3
136.209 150.598 145.268 12 30 25 380 3
136.209 150.598 145.268 13 30 25 380 3
50.768 38.310 254.189 14 30 25 389 4
50.768 38.310 254.189 15 30 25 389 4
50.768 38.310 254.189 16 30 25 389 4
50.768 38.310 254.189 17 30 25 389 4
50.768 38.310 254.189 18 30 25 389 4
50.768 38.310 254.189 19 30 25 389 4
50.768 38.310 254.189 20 30 25 389 4
50.768 38.310 254.189 21 30 25 389 4
50.768 38.310 254.189 22 30 25 389 4
50.768 38.310 254.189 23 30 25 389 4
50.768 38.310 254.189 24 30 25 389 4
73.886 106.557 71.983 25 30 25 284 1
73.886 106.557 71.983 26 30 25 284 1
52.018 75.101 49.121 27 30 25 283 1
52.018 75.101 49.121 28 30 25 283 1
52.018 75.101 49.121 29 30 25 283 1
52.018 75.101 49.121 30 30 25 283 1
