43.474 102.962 66.521 1 1 12 385 3
43.474 102.962 66.521 2 1 12 385 3
43.474 102.962 66.521 3 1 12 385 3
43.474 102.962 66.521 4 1 12 385 3
43.474 102.962 66.521 5 1 12 385 3
43.474 102.962 66.521 6 1 12 385 3
43.474 102.962 66.521 7 1 12 385 3
43.474 102.962 66.521 8 1 12 385 3
43.474 102.962 66.521 9 1 12 385 3
43.474 102.962 66.521 10 1 12 385 3
43.474 102.962 66.521 11 1 12 385 3
43.474 102.962 66.521 12 1 12 385 3
43.474 102.962 66.521 13 1 12 385 3
43.474 102.962 66.521 14 1 12 385 3
43.474 102.962 66.521 15 1 12 385 3
43.474 102.962 66.521 16 1 12 385 3
43.474 102.962 66.521 17 1 12 385 3
43.474 102.962 66.521 18 1 12 385 3
221.537 125.670 265.329 19 1 12 267 1
221.537 125.670 265.329 20 1 12 267 1
163.989 64.526 212.865 21 1 12 60 1
163.989 64.526 212.865 22 1 12 60 1
56.862 145.713 194.301 23 1 12 383 3
330.467 157.539 180.673 24 1 12 354 2
330.467 157.539 180.673 25 1 12 354 2
330.467 157.539 180.673 26 1 12 354 2
330.467 157.539 180.673 27 1 12 354 2
347.815 95.866 225.452 28 1 12 130 1
347.815 95.866 225.452 29 1 12 130 1
21.253 152.408 250.621 30 1 12 192 1
43.474 102.962 66.521 1 2 12 385 3
43.474 102.962 66.521 2 2 12 385 3
43.474 102.962 66.521 3 2 12 385 3
43.474 102.962 66.521 4 2 12 385 3
43.474 102.962 66.521 5 2 12 385 3
43.474 102.962 66.521 6 2 12 385 3
43.474 102.962 66.521 7 2 12 385 3
43.474 102.962 66.521 8 2 12 385 3
43.474 102.962 66.521 9 2 12 385 3
43.474 102.962 66.521 10 2 12 385 3
43.474 102.962 66.521 11 2 12 385 3
43.474 102.962 66.521 12 2 12 385 3
43.474 102.962 66.521 13 2 12 385 3
43.474 102.962 66.521 14 2 12 385 3
43.474 102.962 66.521 15 2 12 385 3
43.474 102.962 66.521 16 2 12 385 3
43.474 102.962 66.521 17 2 12 385 3
64.172 33.188 69.813 18 2 12 387 4
221.537 125.670 265.329 19 2 12 267 1
221.537 125.670 265.329 20 2 12 267 1
221.537 125.670 265.329 21 2 12 267 1
163.989 64.526 212.865 22 2 12 60 1
56.862 145.713 194.301 23 2 12 383 3
330.467 157.539 180.673 24 2 12 354 2
330.467 157.539 180.673 25 2 12 354 2
250.703 128.087 308.112 26 2 12 49 1
250.703 128.087 308.112 27 2 12 49 1
347.815 95.866 225.452 28 2 12 130 1
347.815 95.866 225.452 29 2 12 130 1
21.253 152.408 250.621 30 2 12 192 1
43.474 102.962 66.521 1 3 12 385 3
43.474 102.962 66.521 2 3 12 385 3
43.474 102.962 66.521 3 3 12 385 3
43.474 102.962 66.521 4 3 12 385 3
43.474 102.962 66.521 5 3 12 385 3
43.474 102.962 66.521 6 3 12 385 3
43.474 102.962 66.521 7 3 12 385 3
43.474 102.962 66.521 8 3 12 385 3
43.474 102.962 66.521 9 3 12 385 3
43.474 102.962 66.521 10 3 12 385 3
43.474 102.962 66.521 11 3 12 385 3
43.474 102.962 66.521 12 3 12 385 3
43.474 102.962 66.521 13 3 12 385 3
43.474 102.962 66.521 14 3 12 385 3
43.474 102.962 66.521 15 3 12 385 3
43.474 102.962 66.521 16 3 12 385 3
43.474 102.962 66.521 17 3 12 385 3
64.172 33.188 69.813 18 3 12 387 4
41.770 84.540 147.654 19 3 12 120 1
221.537 125.670 265.329 20 3 12 267 1
221.537 125.670 265.329 21 3 12 267 1
56.862 145.713 194.301 22 3 12 383 3
56.862 145.713 194.301 23 3 12 383 3
330.467 157.539 180.673 24 3 12 354 2
250.703 128.087 308.112 25 3 12 49 1
250.703 128.087 308.112 26 3 12 49 1
250.703 128.087 308.112 27 3 12 49 1
347.815 95.866 225.452 28 3 12 130 1
347.815 95.866 225.452 29 3 12 130 1
21.253 152.408 250.621 30 3 12 192 1
43.474 102.962 66.521 1 4 12 385 3
43.474 102.962 66.521 2 4 12 385 3
43.474 102.962 66.521 3 4 12 385 3
43.474 102.962 66.521 4 4 12 385 3
43.474 102.962 66.521 5 4 12 385 3
43.474 102.962 66.521 6 4 12 385 3
43.474 102.962 66.521 7 4 12 385 3
43.474 102.962 66.521 8 4 12 385 3
43.474 102.962 66.521 9 4 12 385 3
43.474 102.962 66.521 10 4 12 385 3
43.474 102.962 66.521 11 4 12 385 3
43.474 102.962 66.521 12 4 12 385 3
43.474 102.962 66.521 13 4 12 385 3
249.113 121.689 294.862 14 4 12 108 1
43.474 102.962 66.521 15 4 12 385 3
43.474 102.962 66.521 16 4 12 385 3
64.172 33.188 69.813 17 4 12 387 4
64.172 33.188 69.813 18 4 12 387 4
41.770 84.540 147.654 19 4 12 120 1
221.537 125.670 265.329 20 4 12 267 1
221.537 125.670 265.329 21 4 12 267 1
56.862 145.713 194.301 22 4 12 383 3
56.862 145.713 194.301 23 4 12 383 3
56.862 145.713 194.301 24 4 12 383 3
250.703 128.087 308.112 25 4 12 49 1
250.703 128.087 308.112 26 4 12 49 1
250.703 128.087 308.112 27 4 12 49 1
347.815 95.866 225.452 28 4 12 130 1
347.815 95.866 225.452 29 4 12 130 1
347.815 95.866 225.452 30 4 12 130 1
43.474 102.962 66.521 1 5 12 385 3
43.474 102.962 66.521 2 5 12 385 3
43.474 102.962 66.521 3 5 12 385 3
43.474 102.962 66.521 4 5 12 385 3
43.474 102.962 66.521 5 5 12 385 3
43.474 102.962 66.521 6 5 12 385 3
43.474 102.962 66.521 7 5 12 385 3
43.474 102.962 66.521 8 5 12 385 3
43.474 102.962 66.521 9 5 12 385 3
43.474 102.962 66.521 10 5 12 385 3
43.474 102.962 66.521 11 5 12 385 3
43.474 102.962 66.521 12 5 12 385 3
43.474 102.962 66.521 13 5 12 385 3
43.474 102.962 66.521 14 5 12 385 3
43.474 102.962 66.521 15 5 12 385 3
43.474 102.962 66.521 16 5 12 385 3
337.958 90.875 14.589 17 5 12 30 1
41.770 84.540 147.654 18 5 12 120 1
41.770 84.540 147.654 19 5 12 120 1
221.537 125.670 265.329 20 5 12 267 1
221.537 125.670 265.329 21 5 12 267 1
221.537 125.670 265.329 22 5 12 267 1
56.862 145.713 194.301 23 5 12 383 3
56.862 145.713 194.301 24 5 12 383 3
250.703 128.087 308.112 25 5 12 49 1
250.703 128.087 308.112 26 5 12 49 1
359.561 100.590 197.796 27 5 12 392 4
347.815 95.866 225.452 28 5 12 130 1
347.815 95.866 225.452 29 5 12 130 1
359.561 100.590 197.796 30 5 12 392 4
43.474 102.962 66.521 1 6 12 385 3
43.474 102.962 66.521 2 6 12 385 3
43.474 102.962 66.521 3 6 12 385 3
43.474 102.962 66.521 4 6 12 385 3
43.474 102.962 66.521 5 6 12 385 3
43.474 102.962 66.521 6 6 12 385 3
43.474 102.962 66.521 7 6 12 385 3
43.474 102.962 66.521 8 6 12 385 3
43.474 102.962 66.521 9 6 12 385 3
43.474 102.962 66.521 10 6 12 385 3
43.474 102.962 66.521 11 6 12 385 3
43.474 102.962 66.521 12 6 12 385 3
43.474 102.962 66.521 13 6 12 385 3
43.474 102.962 66.521 14 6 12 385 3
43.474 102.962 66.521 15 6 12 385 3
43.474 102.962 66.521 16 6 12 385 3
41.770 84.540 147.654 17 6 12 120 1
41.770 84.540 147.654 18 6 12 120 1
41.770 84.540 147.654 19 6 12 120 1
346.170 91.611 134.806 20 6 12 234 1
221.537 125.670 265.329 21 6 12 267 1
221.537 125.670 265.329 22 6 12 267 1
56.862 145.713 194.301 23 6 12 383 3
206.696 71.473 73.442 24 6 12 182 1
359.561 100.590 197.796 25 6 12 392 4
359.561 100.590 197.796 26 6 12 392 4
359.561 100.590 197.796 27 6 12 392 4
359.561 100.590 197.796 28 6 12 392 4
359.561 100.590 197.796 29 6 12 392 4
359.561 100.590 197.796 30 6 12 392 4
43.474 102.962 66.521 1 7 12 385 3
43.474 102.962 66.521 2 7 12 385 3
43.474 102.962 66.521 3 7 12 385 3
43.474 102.962 66.521 4 7 12 385 3
43.474 102.962 66.521 5 7 12 385 3
43.474 102.962 66.521 6 7 12 385 3
43.474 102.962 66.521 7 7 12 385 3
43.474 102.962 66.521 8 7 12 385 3
43.474 102.962 66.521 9 7 12 385 3
43.474 102.962 66.521 10 7 12 385 3
43.474 102.962 66.521 11 7 12 385 3
43.474 102.962 66.521 12 7 12 385 3
43.474 102.962 66.521 13 7 12 385 3
43.474 102.962 66.521 14 7 12 385 3
43.474 102.962 66.521 15 7 12 385 3
43.474 102.962 66.521 16 7 12 385 3
41.770 84.540 147.654 17 7 12 120 1
41.770 84.540 147.654 18 7 12 120 1
41.770 84.540 147.654 19 7 12 120 1
346.170 91.611 134.806 20 7 12 234 1
319.528 35.005 67.487 21 7 12 396 4
129.465 44.400 230.179 22 7 12 188 1
206.696 71.473 73.442 23 7 12 182 1
206.696 71.473 73.442 24 7 12 182 1
359.561 100.590 197.796 25 7 12 392 4
359.561 100.590 197.796 26 7 12 392 4
359.561 100.590 197.796 27 7 12 392 4
359.561 100.590 197.796 28 7 12 392 4
359.561 100.590 197.796 29 7 12 392 4
359.561 100.590 197.796 30 7 12 392 4
43.474 102.962 66.521 1 8 12 385 3
284.542 46.778 160.500 2 8 12 191 1
43.474 102.962 66.521 3 8 12 385 3
43.474 102.962 66.521 4 8 12 385 3
43.474 102.962 66.521 5 8 12 385 3
43.474 102.962 66.521 6 8 12 385 3
43.474 102.962 66.521 7 8 12 385 3
43.474 102.962 66.521 8 8 12 385 3
43.474 102.962 66.521 9 8 12 385 3
43.474 102.962 66.521 10 8 12 385 3
43.474 102.962 66.521 11 8 12 385 3
43.474 102.962 66.521 12 8 12 385 3
43.474 102.962 66.521 13 8 12 385 3
43.474 102.962 66.521 14 8 12 385 3
13.261 69.893 165.817 15 8 12 435 1
41.770 84.540 147.654 16 8 12 120 1
41.770 84.540 147.654 17 8 12 120 1
41.770 84.540 147.654 18 8 12 120 1
319.528 35.005 67.487 19 8 12 396 4
30.013 151.016 311.961 20 8 12 77 1
319.528 35.005 67.487 21 8 12 396 4
129.465 44.400 230.179 22 8 12 188 1
206.696 71.473 73.442 23 8 12 182 1
206.696 71.473 73.442 24 8 12 182 1
359.561 100.590 197.796 25 8 12 392 4
133.985 62.519 44.982 26 8 12 114 1
359.561 100.590 197.796 27 8 12 392 4
359.561 100.590 197.796 28 8 12 392 4
359.561 100.590 197.796 29 8 12 392 4
359.561 100.590 197.796 30 8 12 392 4
43.474 102.962 66.521 1 9 12 385 3
43.474 102.962 66.521 2 9 12 385 3
43.474 102.962 66.521 3 9 12 385 3
43.474 102.962 66.521 4 9 12 385 3
43.474 102.962 66.521 5 9 12 385 3
43.474 102.962 66.521 6 9 12 385 3
43.474 102.962 66.521 7 9 12 385 3
43.474 102.962 66.521 8 9 12 385 3
43.474 102.962 66.521 9 9 12 385 3
43.474 102.962 66.521 10 9 12 385 3
43.474 102.962 66.521 11 9 12 385 3
43.474 102.962 66.521 12 9 12 385 3
43.474 102.962 66.521 13 9 12 385 3
43.474 102.962 66.521 14 9 12 385 3
13.261 69.893 165.817 15 9 12 435 1
64.923 73.515 103.549 16 9 12 17 1
41.770 84.540 147.654 17 9 12 120 1
319.528 35.005 67.487 18 9 12 396 4
319.528 35.005 67.487 19 9 12 396 4
319.528 35.005 67.487 20 9 12 396 4
319.528 35.005 67.487 21 9 12 396 4
319.528 35.005 67.487 22 9 12 396 4
319.528 35.005 67.487 23 9 12 396 4
319.528 35.005 67.487 24 9 12 396 4
359.561 100.590 197.796 25 9 12 392 4
359.561 100.590 197.796 26 9 12 392 4
359.561 100.590 197.796 27 9 12 392 4
359.561 100.590 197.796 28 9 12 392 4
359.561 100.590 197.796 29 9 12 392 4
359.561 100.590 197.796 30 9 12 392 4
43.474 102.962 66.521 1 10 12 385 3
43.474 102.962 66.521 2 10 12 385 3
43.474 102.962 66.521 3 10 12 385 3
43.474 102.962 66.521 4 10 12 385 3
43.474 102.962 66.521 5 10 12 385 3
43.474 102.962 66.521 6 10 12 385 3
43.474 102.962 66.521 7 10 12 385 3
43.474 102.962 66.521 8 10 12 385 3
43.474 102.962 66.521 9 10 12 385 3
43.474 102.962 66.521 10 10 12 385 3
43.474 102.962 66.521 11 10 12 385 3
43.474 102.962 66.521 12 10 12 385 3
43.474 102.962 66.521 13 10 12 385 3
43.474 102.962 66.521 14 10 12 385 3
43.474 102.962 66.521 15 10 12 385 3
64.923 73.515 103.549 16 10 12 17 1
319.528 35.005 67.487 17 10 12 396 4
319.528 35.005 67.487 18 10 12 396 4
319.528 35.005 67.487 19 10 12 396 4
319.528 35.005 67.487 20 10 12 396 4
319.528 35.005 67.487 21 10 12 396 4
234.470 133.097 206.167 22 10 12 224 1
319.528 35.005 67.487 23 10 12 396 4
319.528 35.005 67.487 24 10 12 396 4
359.561 100.590 197.796 25 10 12 392 4
359.561 100.590 197.796 26 10 12 392 4
359.561 100.590 197.796 27 10 12 392 4
359.561 100.590 197.796 28 10 12 392 4
359.561 100.590 197.796 29 10 12 392 4
359.561 100.590 197.796 30 10 12 392 4
43.474 102.962 66.521 1 11 12 385 3
43.474 102.962 66.521 2 11 12 385 3
43.474 102.962 66.521 3 11 12 385 3
43.474 102.962 66.521 4 11 12 385 3
43.474 102.962 66.521 5 11 12 385 3
43.474 102.962 66.521 6 11 12 385 3
43.474 102.962 66.521 7 11 12 385 3
43.474 102.962 66.521 8 11 12 385 3
43.474 102.962 66.521 9 11 12 385 3
43.474 102.962 66.521 10 11 12 385 3
43.474 102.962 66.521 11 11 12 385 3
43.474 102.962 66.521 12 11 12 385 3
43.474 102.962 66.521 13 11 12 385 3
63.436 76.263 199.941 14 11 12 11 1
319.528 35.005 67.487 15 11 12 396 4
319.528 35.005 67.487 16 11 12 396 4
319.528 35.005 67.487 17 11 12 396 4
319.528 35.005 67.487 18 11 12 396 4
319.528 35.005 67.487 19 11 12 396 4
319.528 35.005 67.487 20 11 12 396 4
319.528 35.005 67.487 21 11 12 396 4
319.528 35.005 67.487 22 11 12 396 4
319.528 35.005 67.487 23 11 12 396 4
319.528 35.005 67.487 24 11 12 396 4
359.561 100.590 197.796 25 11 12 392 4
359.561 100.590 197.796 26 11 12 392 4
359.561 100.590 197.796 27 11 12 392 4
359.561 100.590 197.796 28 11 12 392 4
359.561 100.590 197.796 29 11 12 392 4
359.561 100.590 197.796 30 11 12 392 4
43.474 102.962 66.521 1 12 12 385 3
189.815 38.224 27.571 2 12 12 64 1
43.474 102.962 66.521 3 12 12 385 3
43.474 102.962 66.521 4 12 12 385 3
43.474 102.962 66.521 5 12 12 385 3
43.474 102.962 66.521 6 12 12 385 3
43.474 102.962 66.521 7 12 12 385 3
43.474 102.962 66.521 8 12 12 385 3
43.474 102.962 66.521 9 12 12 385 3
43.474 102.962 66.521 10 12 12 385 3
43.474 102.962 66.521 11 12 12 385 3
43.474 102.962 66.521 12 12 12 385 3
43.474 102.962 66.521 13 12 12 385 3
63.436 76.263 199.941 14 12 12 11 1
319.528 35.005 67.487 15 12 12 396 4
233.134 148.055 307.814 16 12 12 97 1
319.528 35.005 67.487 17 12 12 396 4
319.528 35.005 67.487 18 12 12 396 4
319.528 35.005 67.487 19 12 12 396 4
319.528 35.005 67.487 20 12 12 396 4
319.528 35.005 67.487 21 12 12 396 4
319.528 35.005 67.487 22 12 12 396 4
319.528 35.005 67.487 23 12 12 396 4
319.528 35.005 67.487 24 12 12 396 4
359.561 100.590 197.796 25 12 12 392 4
359.561 100.590 197.796 26 12 12 392 4
359.561 100.590 197.796 27 12 12 392 4
359.561 100.590 197.796 28 12 12 392 4
359.561 100.590 197.796 29 12 12 392 4
359.561 100.590 197.796 30 12 12 392 4
43.474 102.962 66.521 1 13 12 385 3
43.474 102.962 66.521 2 13 12 385 3
43.474 102.962 66.521 3 13 12 385 3
43.474 102.962 66.521 4 13 12 385 3
43.474 102.962 66.521 5 13 12 385 3
43.474 102.962 66.521 6 13 12 385 3
43.474 102.962 66.521 7 13 12 385 3
43.474 102.962 66.521 8 13 12 385 3
43.474 102.962 66.521 9 13 12 385 3
43.474 102.962 66.521 10 13 12 385 3
43.474 102.962 66.521 11 13 12 385 3
43.474 102.962 66.521 12 13 12 385 3
43.474 102.962 66.521 13 13 12 385 3
319.528 35.005 67.487 14 13 12 396 4
319.528 35.005 67.487 15 13 12 396 4
341.429 76.571 340.639 16 13 12 95 1
319.528 35.005 67.487 17 13 12 396 4
319.528 35.005 67.487 18 13 12 396 4
319.528 35.005 67.487 19 13 12 396 4
319.528 35.005 67.487 20 13 12 396 4
319.528 35.005 67.487 21 13 12 396 4
319.528 35.005 67.487 22 13 12 396 4
319.528 35.005 67.487 23 13 12 396 4
154.289 33.515 292.891 24 13 12 404 1
359.561 100.590 197.796 25 13 12 392 4
359.561 100.590 197.796 26 13 12 392 4
359.561 100.590 197.796 27 13 12 392 4
359.561 100.590 197.796 28 13 12 392 4
359.561 100.590 197.796 29 13 12 392 4
359.561 100.590 197.796 30 13 12 392 4
43.474 102.962 66.521 1 14 12 385 3
43.474 102.962 66.521 2 14 12 385 3
43.474 102.962 66.521 3 14 12 385 3
43.474 102.962 66.521 4 14 12 385 3
43.474 102.962 66.521 5 14 12 385 3
43.474 102.962 66.521 6 14 12 385 3
43.474 102.962 66.521 7 14 12 385 3
43.474 102.962 66.521 8 14 12 385 3
43.474 102.962 66.521 9 14 12 385 3
43.474 102.962 66.521 10 14 12 385 3
43.474 102.962 66.521 11 14 12 385 3
43.474 102.962 66.521 12 14 12 385 3
319.528 35.005 67.487 13 14 12 396 4
60.862 135.454 99.330 14 14 12 110 1
319.528 35.005 67.487 15 14 12 396 4
47.650 137.360 102.333 16 14 12 144 1
319.528 35.005 67.487 17 14 12 396 4
319.528 35.005 67.487 18 14 12 396 4
319.528 35.005 67.487 19 14 12 396 4
319.528 35.005 67.487 20 14 12 396 4
319.528 35.005 67.487 21 14 12 396 4
319.528 35.005 67.487 22 14 12 396 4
319.528 35.005 67.487 23 14 12 396 4
154.289 33.515 292.891 24 14 12 404 1
359.561 100.590 197.796 25 14 12 392 4
359.561 100.590 197.796 26 14 12 392 4
359.561 100.590 197.796 27 14 12 392 4
359.561 100.590 197.796 28 14 12 392 4
359.561 100.590 197.796 29 14 12 392 4
359.561 100.590 197.796 30 14 12 392 4
43.474 102.962 66.521 1 15 12 385 3
43.474 102.962 66.521 2 15 12 385 3
43.474 102.962 66.521 3 15 12 385 3
43.474 102.962 66.521 4 15 12 385 3
43.474 102.962 66.521 5 15 12 385 3
43.474 102.962 66.521 6 15 12 385 3
43.474 102.962 66.521 7 15 12 385 3
43.474 102.962 66.521 8 15 12 385 3
43.474 102.962 66.521 9 15 12 385 3
43.474 102.962 66.521 10 15 12 385 3
43.474 102.962 66.521 11 15 12 385 3
43.474 102.962 66.521 12 15 12 385 3
319.528 35.005 67.487 13 15 12 396 4
319.528 35.005 67.487 14 15 12 396 4
319.528 35.005 67.487 15 15 12 396 4
319.528 35.005 67.487 16 15 12 396 4
319.528 35.005 67.487 17 15 12 396 4
319.528 35.005 67.487 18 15 12 396 4
319.528 35.005 67.487 19 15 12 396 4
319.528 35.005 67.487 20 15 12 396 4
319.528 35.005 67.487 21 15 12 396 4
319.528 35.005 67.487 22 15 12 396 4
319.528 35.005 67.487 23 15 12 396 4
154.289 33.515 292.891 24 15 12 404 1
359.561 100.590 197.796 25 15 12 392 4
359.561 100.590 197.796 26 15 12 392 4
359.561 100.590 197.796 27 15 12 392 4
359.561 100.590 197.796 28 15 12 392 4
359.561 100.590 197.796 29 15 12 392 4
359.561 100.590 197.796 30 15 12 392 4
43.474 102.962 66.521 1 16 12 385 3
43.474 102.962 66.521 2 16 12 385 3
43.474 102.962 66.521 3 16 12 385 3
43.474 102.962 66.521 4 16 12 385 3
43.474 102.962 66.521 5 16 12 385 3
43.474 102.962 66.521 6 16 12 385 3
43.474 102.962 66.521 7 16 12 385 3
43.474 102.962 66.521 8 16 12 385 3
43.474 102.962 66.521 9 16 12 385 3
43.474 102.962 66.521 10 16 12 385 3
43.474 102.962 66.521 11 16 12 385 3
319.528 35.005 67.487 12 16 12 396 4
319.528 35.005 67.487 13 16 12 396 4
319.528 35.005 67.487 14 16 12 396 4
319.528 35.005 67.487 15 16 12 396 4
323.511 51.571 295.335 16 16 12 179 1
319.528 35.005 67.487 17 16 12 396 4
319.528 35.005 67.487 18 16 12 396 4
319.528 35.005 67.487 19 16 12 396 4
319.528 35.005 67.487 20 16 12 396 4
319.528 35.005 67.487 21 16 12 396 4
319.528 35.005 67.487 22 16 12 396 4
319.528 35.005 67.487 23 16 12 396 4
52.938 79.583 322.765 24 16 12 377 2
359.561 100.590 197.796 25 16 12 392 4
359.561 100.590 197.796 26 16 12 392 4
359.561 100.590 197.796 27 16 12 392 4
359.561 100.590 197.796 28 16 12 392 4
359.561 100.590 197.796 29 16 12 392 4
359.561 100.590 197.796 30 16 12 392 4
43.474 102.962 66.521 1 17 12 385 3
43.474 102.962 66.521 2 17 12 385 3
43.474 102.962 66.521 3 17 12 385 3
326.283 147.352 295.167 4 17 12 88 1
43.474 102.962 66.521 5 17 12 385 3
43.474 102.962 66.521 6 17 12 385 3
43.474 102.962 66.521 7 17 12 385 3
43.474 102.962 66.521 8 17 12 385 3
43.474 102.962 66.521 9 17 12 385 3
43.474 102.962 66.521 10 17 12 385 3
319.528 35.005 67.487 11 17 12 396 4
319.528 35.005 67.487 12 17 12 396 4
319.528 35.005 67.487 13 17 12 396 4
319.528 35.005 67.487 14 17 12 396 4
319.528 35.005 67.487 15 17 12 396 4
319.528 35.005 67.487 16 17 12 396 4
319.528 35.005 67.487 17 17 12 396 4
319.528 35.005 67.487 18 17 12 396 4
319.528 35.005 67.487 19 17 12 396 4
319.528 35.005 67.487 20 17 12 396 4
319.528 35.005 67.487 21 17 12 396 4
319.528 35.005 67.487 22 17 12 396 4
319.528 35.005 67.487 23 17 12 396 4
359.561 100.590 197.796 24 17 12 392 4
359.561 100.590 197.796 25 17 12 392 4
359.561 100.590 197.796 26 17 12 392 4
359.561 100.590 197.796 27 17 12 392 4
359.561 100.590 197.796 28 17 12 392 4
359.561 100.590 197.796 29 17 12 392 4
359.561 100.590 197.796 30 17 12 392 4
43.474 102.962 66.521 1 18 12 385 3
111.767 10.677 299.961 2 18 12 410 1
43.474 102.962 66.521 3 18 12 385 3
43.474 102.962 66.521 4 18 12 385 3
43.474 102.962 66.521 5 18 12 385 3
43.474 102.962 66.521 6 18 12 385 3
43.474 102.962 66.521 7 18 12 385 3
43.474 102.962 66.521 8 18 12 385 3
43.474 102.962 66.521 9 18 12 385 3
43.474 102.962 66.521 10 18 12 385 3
319.528 35.005 67.487 11 18 12 396 4
319.528 35.005 67.487 12 18 12 396 4
319.528 35.005 67.487 13 18 12 396 4
64.553 113.037 183.359 14 18 12 157 1
319.528 35.005 67.487 15 18 12 396 4
54.281 37.948 162.533 16 18 12 401 1
319.528 35.005 67.487 17 18 12 396 4
319.528 35.005 67.487 18 18 12 396 4
319.528 35.005 67.487 19 18 12 396 4
319.528 35.005 67.487 20 18 12 396 4
319.528 35.005 67.487 21 18 12 396 4
319.528 35.005 67.487 22 18 12 396 4
319.528 35.005 67.487 23 18 12 396 4
359.561 100.590 197.796 24 18 12 392 4
359.561 100.590 197.796 25 18 12 392 4
359.561 100.590 197.796 26 18 12 392 4
359.561 100.590 197.796 27 18 12 392 4
359.561 100.590 197.796 28 18 12 392 4
359.561 100.590 197.796 29 18 12 392 4
359.561 100.590 197.796 30 18 12 392 4
43.474 102.962 66.521 1 19 12 385 3
43.474 102.962 66.521 2 19 12 385 3
43.474 102.962 66.521 3 19 12 385 3
43.474 102.962 66.521 4 19 12 385 3
43.474 102.962 66.521 5 19 12 385 3
43.474 102.962 66.521 6 19 12 385 3
43.474 102.962 66.521 7 19 12 385 3
43.474 102.962 66.521 8 19 12 385 3
43.474 102.962 66.521 9 19 12 385 3
319.528 35.005 67.487 10 19 12 396 4
319.528 35.005 67.487 11 19 12 396 4
319.528 35.005 67.487 12 19 12 396 4
319.528 35.005 67.487 13 19 12 396 4
319.528 35.005 67.487 14 19 12 396 4
319.528 35.005 67.487 15 19 12 396 4
319.528 35.005 67.487 16 19 12 396 4
319.528 35.005 67.487 17 19 12 396 4
319.528 35.005 67.487 18 19 12 396 4
319.528 35.005 67.487 19 19 12 396 4
319.528 35.005 67.487 20 19 12 396 4
319.528 35.005 67.487 21 19 12 396 4
319.528 35.005 67.487 22 19 12 396 4
319.528 35.005 67.487 23 19 12 396 4
359.561 100.590 197.796 24 19 12 392 4
359.561 100.590 197.796 25 19 12 392 4
359.561 100.590 197.796 26 19 12 392 4
359.561 100.590 197.796 27 19 12 392 4
359.561 100.590 197.796 28 19 12 392 4
359.561 100.590 197.796 29 19 12 392 4
359.561 100.590 197.796 30 19 12 392 4
43.474 102.962 66.521 1 20 12 385 3
43.474 102.962 66.521 2 20 12 385 3
43.474 102.962 66.521 3 20 12 385 3
43.474 102.962 66.521 4 20 12 385 3
43.474 102.962 66.521 5 20 12 385 3
43.474 102.962 66.521 6 20 12 385 3
43.474 102.962 66.521 7 20 12 385 3
43.474 102.962 66.521 8 20 12 385 3
43.474 102.962 66.521 9 20 12 385 3
319.528 35.005 67.487 10 20 12 396 4
319.528 35.005 67.487 11 20 12 396 4
319.528 35.005 67.487 12 20 12 396 4
319.528 35.005 67.487 13 20 12 396 4
319.528 35.005 67.487 14 20 12 396 4
319.528 35.005 67.487 15 20 12 396 4
319.528 35.005 67.487 16 20 12 396 4
319.528 35.005 67.487 17 20 12 396 4
319.528 35.005 67.487 18 20 12 396 4
319.528 35.005 67.487 19 20 12 396 4
319.528 35.005 67.487 20 20 12 396 4
319.528 35.005 67.487 21 20 12 396 4
319.528 35.005 67.487 22 20 12 396 4
319.528 35.005 67.487 23 20 12 396 4
359.561 100.590 197.796 24 20 12 392 4
359.561 100.590 197.796 25 20 12 392 4
359.561 100.590 197.796 26 20 12 392 4
359.561 100.590 197.796 27 20 12 392 4
359.561 100.590 197.796 28 20 12 392 4
359.561 100.590 197.796 29 20 12 392 4
359.561 100.590 197.796 30 20 12 392 4
43.474 102.962 66.521 1 21 12 385 3
43.474 102.962 66.521 2 21 12 385 3
43.474 102.962 66.521 3 21 12 385 3
43.474 102.962 66.521 4 21 12 385 3
336.357 104.932 333.975 5 21 12 393 4
311.238 89.175 145.087 6 21 12 302 1
336.357 104.932 333.975 7 21 12 393 4
336.357 104.932 333.975 8 21 12 393 4
336.357 104.932 333.975 9 21 12 393 4
319.528 35.005 67.487 10 21 12 396 4
319.528 35.005 67.487 11 21 12 396 4
319.528 35.005 67.487 12 21 12 396 4
319.528 35.005 67.487 13 21 12 396 4
319.528 35.005 67.487 14 21 12 396 4
319.528 35.005 67.487 15 21 12 396 4
319.528 35.005 67.487 16 21 12 396 4
319.528 35.005 67.487 17 21 12 396 4
319.528 35.005 67.487 18 21 12 396 4
319.528 35.005 67.487 19 21 12 396 4
319.528 35.005 67.487 20 21 12 396 4
319.528 35.005 67.487 21 21 12 396 4
30.261 119.937 83.929 22 21 12 143 1
359.561 100.590 197.796 23 21 12 392 4
359.561 100.590 197.796 24 21 12 392 4
359.561 100.590 197.796 25 21 12 392 4
359.561 100.590 197.796 26 21 12 392 4
359.561 100.590 197.796 27 21 12 392 4
359.561 100.590 197.796 28 21 12 392 4
359.561 100.590 197.796 29 21 12 392 4
359.561 100.590 197.796 30 21 12 392 4
336.357 104.932 333.975 1 22 12 393 4
336.357 104.932 333.975 2 22 12 393 4
336.357 104.932 333.975 3 22 12 393 4
336.357 104.932 333.975 4 22 12 393 4
336.357 104.932 333.975 5 22 12 393 4
311.238 89.175 145.087 6 22 12 302 1
336.357 104.932 333.975 7 22 12 393 4
336.357 104.932 333.975 8 22 12 393 4
336.357 104.932 333.975 9 22 12 393 4
319.528 35.005 67.487 10 22 12 396 4
319.528 35.005 67.487 11 22 12 396 4
319.528 35.005 67.487 12 22 12 396 4
319.528 35.005 67.487 13 22 12 396 4
73.875 157.944 277.332 14 22 12 174 1
319.528 35.005 67.487 15 22 12 396 4
319.528 35.005 67.487 16 22 12 396 4
319.528 35.005 67.487 17 22 12 396 4
319.528 35.005 67.487 18 22 12 396 4
319.528 35.005 67.487 19 22 12 396 4
319.528 35.005 67.487 20 22 12 396 4
319.528 35.005 67.487 21 22 12 396 4
30.261 119.937 83.929 22 22 12 143 1
359.561 100.590 197.796 23 22 12 392 4
359.561 100.590 197.796 24 22 12 392 4
359.561 100.590 197.796 25 22 12 392 4
359.561 100.590 197.796 26 22 12 392 4
359.561 100.590 197.796 27 22 12 392 4
359.561 100.590 197.796 28 22 12 392 4
359.561 100.590 197.796 29 22 12 392 4
359.561 100.590 197.796 30 22 12 392 4
336.357 104.932 333.975 1 23 12 393 4
336.357 104.932 333.975 2 23 12 393 4
336.357 104.932 333.975 3 23 12 393 4
336.357 104.932 333.975 4 23 12 393 4
336.357 104.932 333.975 5 23 12 393 4
336.357 104.932 333.975 6 23 12 393 4
336.357 104.932 333.975 7 23 12 393 4
336.357 104.932 333.975 8 23 12 393 4
336.357 104.932 333.975 9 23 12 393 4
319.528 35.005 67.487 10 23 12 396 4
319.528 35.005 67.487 11 23 12 396 4
319.528 35.005 67.487 12 23 12 396 4
319.528 35.005 67.487 13 23 12 396 4
319.528 35.005 67.487 14 23 12 396 4
319.528 35.005 67.487 15 23 12 396 4
319.528 35.005 67.487 16 23 12 396 4
319.528 35.005 67.487 17 23 12 396 4
319.528 35.005 67.487 18 23 12 396 4
319.528 35.005 67.487 19 23 12 396 4
319.528 35.005 67.487 20 23 12 396 4
319.528 35.005 67.487 21 23 12 396 4
30.261 119.937 83.929 22 23 12 143 1
359.561 100.590 197.796 23 23 12 392 4
359.561 100.590 197.796 24 23 12 392 4
359.561 100.590 197.796 25 23 12 392 4
359.561 100.590 197.796 26 23 12 392 4
359.561 100.590 197.796 27 23 12 392 4
359.561 100.590 197.796 28 23 12 392 4
359.561 100.590 197.796 29 23 12 392 4
359.561 100.590 197.796 30 23 12 392 4
336.357 104.932 333.975 1 24 12 393 4
336.357 104.932 333.975 2 24 12 393 4
336.357 104.932 333.975 3 24 12 393 4
336.357 104.932 333.975 4 24 12 393 4
336.357 104.932 333.975 5 24 12 393 4
336.357 104.932 333.975 6 24 12 393 4
336.357 104.932 333.975 7 24 12 393 4
336.357 104.932 333.975 8 24 12 393 4
336.357 104.932 333.975 9 24 12 393 4
319.528 35.005 67.487 10 24 12 396 4
319.528 35.005 67.487 11 24 12 396 4
327.940 115.367 76.165 12 24 12 140 1
319.528 35.005 67.487 13 24 12 396 4
319.553 29.549 330.386 14 24 12 273 1
319.528 35.005 67.487 15 24 12 396 4
319.528 35.005 67.487 16 24 12 396 4
319.528 35.005 67.487 17 24 12 396 4
319.528 35.005 67.487 18 24 12 396 4
319.528 35.005 67.487 19 24 12 396 4
319.528 35.005 67.487 20 24 12 396 4
319.528 35.005 67.487 21 24 12 396 4
30.261 119.937 83.929 22 24 12 143 1
359.561 100.590 197.796 23 24 12 392 4
359.561 100.590 197.796 24 24 12 392 4
359.561 100.590 197.796 25 24 12 392 4
359.561 100.590 197.796 26 24 12 392 4
359.561 100.590 197.796 27 24 12 392 4
359.561 100.590 197.796 28 24 12 392 4
359.561 100.590 197.796 29 24 12 392 4
359.561 100.590 197.796 30 24 12 392 4
336.357 104.932 333.975 1 25 12 393 4
336.357 104.932 333.975 2 25 12 393 4
336.357 104.932 333.975 3 25 12 393 4
336.357 104.932 333.975 4 25 12 393 4
336.357 104.932 333.975 5 25 12 393 4
336.357 104.932 333.975 6 25 12 393 4
336.357 104.932 333.975 7 25 12 393 4
336.357 104.932 333.975 8 25 12 393 4
336.357 104.932 333.975 9 25 12 393 4
319.528 35.005 67.487 10 25 12 396 4
319.528 35.005 67.487 11 25 12 396 4
319.528 35.005 67.487 12 25 12 396 4
319.528 35.005 67.487 13 25 12 396 4
319.528 35.005 67.487 14 25 12 396 4
319.528 35.005 67.487 15 25 12 396 4
319.528 35.005 67.487 16 25 12 396 4
319.528 35.005 67.487 17 25 12 396 4
319.528 35.005 67.487 18 25 12 396 4
319.528 35.005 67.487 19 25 12 396 4
269.739 56.175 193.527 20 25 12 219 1
319.528 35.005 67.487 21 25 12 396 4
2.111 107.073 287.015 22 25 12 316 2
359.561 100.590 197.796 23 25 12 392 4
359.561 100.590 197.796 24 25 12 392 4
359.561 100.590 197.796 25 25 12 392 4
359.561 100.590 197.796 26 25 12 392 4
359.561 100.590 197.796 27 25 12 392 4
359.561 100.590 197.796 28 25 12 392 4
359.561 100.590 197.796 29 25 12 392 4
359.561 100.590 197.796 30 25 12 392 4
336.357 104.932 333.975 1 26 12 393 4
336.357 104.932 333.975 2 26 12 393 4
336.357 104.932 333.975 3 26 12 393 4
336.357 104.932 333.975 4 26 12 393 4
336.357 104.932 333.975 5 26 12 393 4
336.357 104.932 333.975 6 26 12 393 4
336.357 104.932 333.975 7 26 12 393 4
336.357 104.932 333.975 8 26 12 393 4
336.357 104.932 333.975 9 26 12 393 4
159.319 91.231 225.473 10 26 12 233 1
319.528 35.005 67.487 11 26 12 396 4
319.528 35.005 67.487 12 26 12 396 4
319.528 35.005 67.487 13 26 12 396 4
319.528 35.005 67.487 14 26 12 396 4
319.528 35.005 67.487 15 26 12 396 4
319.528 35.005 67.487 16 26 12 396 4
319.528 35.005 67.487 17 26 12 396 4
319.528 35.005 67.487 18 26 12 396 4
319.528 35.005 67.487 19 26 12 396 4
319.528 35.005 67.487 20 26 12 396 4
319.528 35.005 67.487 21 26 12 396 4
2.111 107.073 287.015 22 26 12 316 2
187.800 115.771 316.877 23 26 12 204 1
359.561 100.590 197.796 24 26 12 392 4
359.561 100.590 197.796 25 26 12 392 4
359.561 100.590 197.796 26 26 12 392 4
359.561 100.590 197.796 27 26 12 392 4
359.561 100.590 197.796 28 26 12 392 4
359.561 100.590 197.796 29 26 12 392 4
359.561 100.590 197.796 30 26 12 392 4
336.357 104.932 333.975 1 27 12 393 4
336.357 104.932 333.975 2 27 12 393 4
336.357 104.932 333.975 3 27 12 393 4
336.357 104.932 333.975 4 27 12 393 4
336.357 104.932 333.975 5 27 12 393 4
336.357 104.932 333.975 6 27 12 393 4
336.357 104.932 333.975 7 27 12 393 4
336.357 104.932 333.975 8 27 12 393 4
336.357 104.932 333.975 9 27 12 393 4
336.357 104.932 333.975 10 27 12 393 4
319.528 35.005 67.487 11 27 12 396 4
319.528 35.005 67.487 12 27 12 396 4
319.528 35.005 67.487 13 27 12 396 4
319.528 35.005 67.487 14 27 12 396 4
319.528 35.005 67.487 15 27 12 396 4
319.528 35.005 67.487 16 27 12 396 4
319.528 35.005 67.487 17 27 12 396 4
319.528 35.005 67.487 18 27 12 396 4
319.528 35.005 67.487 19 27 12 396 4
319.528 35.005 67.487 20 27 12 396 4
2.111 107.073 287.015 21 27 12 316 2
2.111 107.073 287.015 22 27 12 316 2
187.800 115.771 316.877 23 27 12 204 1
359.561 100.590 197.796 24 27 12 392 4
359.561 100.590 197.796 25 27 12 392 4
359.561 100.590 197.796 26 27 12 392 4
359.561 100.590 197.796 27 27 12 392 4
359.561 100.590 197.796 28 27 12 392 4
359.561 100.590 197.796 29 27 12 392 4
359.561 100.590 197.796 30 27 12 392 4
336.357 104.932 333.975 1 28 12 393 4
336.357 104.932 333.975 2 28 12 393 4
336.357 104.932 333.975 3 28 12 393 4
336.357 104.932 333.975 4 28 12 393 4
336.357 104.932 333.975 5 28 12 393 4
336.357 104.932 333.975 6 28 12 393 4
336.357 104.932 333.975 7 28 12 393 4
336.357 104.932 333.975 8 28 12 393 4
336.357 104.932 333.975 9 28 12 393 4
336.357 104.932 333.975 10 28 12 393 4
319.528 35.005 67.487 11 28 12 396 4
319.528 35.005 67.487 12 28 12 396 4
319.528 35.005 67.487 13 28 12 396 4
319.528 35.005 67.487 14 28 12 396 4
319.528 35.005 67.487 15 28 12 396 4
69.093 87.635 337.483 16 28 12 351 2
319.528 35.005 67.487 17 28 12 396 4
319.528 35.005 67.487 18 28 12 396 4
319.528 35.005 67.487 19 28 12 396 4
2.111 107.073 287.015 20 28 12 316 2
2.111 107.073 287.015 21 28 12 316 2
2.111 107.073 287.015 22 28 12 316 2
187.800 115.771 316.877 23 28 12 204 1
187.800 115.771 316.877 24 28 12 204 1
359.561 100.590 197.796 25 28 12 392 4
359.561 100.590 197.796 26 28 12 392 4
359.561 100.590 197.796 27 28 12 392 4
359.561 100.590 197.796 28 28 12 392 4
359.561 100.590 197.796 29 28 12 392 4
359.561 100.590 197.796 30 28 12 392 4
336.357 104.932 333.975 1 29 12 393 4
336.357 104.932 333.975 2 29 12 393 4
336.357 104.932 333.975 3 29 12 393 4
336.357 104.932 333.975 4 29 12 393 4
336.357 104.932 333.975 5 29 12 393 4
336.357 104.932 333.975 6 29 12 393 4
336.357 104.932 333.975 7 29 12 393 4
336.357 104.932 333.975 8 29 12 393 4
336.357 104.932 333.975 9 29 12 393 4
336.357 104.932 333.975 10 29 12 393 4
319.528 35.005 67.487 11 29 12 396 4
319.528 35.005 67.487 12 29 12 396 4
319.528 35.005 67.487 13 29 12 396 4
319.528 35.005 67.487 14 29 12 396 4
319.528 35.005 67.487 15 29 12 396 4
319.528 35.005 67.487 16 29 12 396 4
319.528 35.005 67.487 17 29 12 396 4
319.528 35.005 67.487 18 29 12 396 4
319.528 35.005 67.487 19 29 12 396 4
2.111 107.073 287.015 20 29 12 316 2
2.111 107.073 287.015 21 29 12 316 2
2.111 107.073 287.015 22 29 12 316 2
2.111 107.073 287.015 23 29 12 316 2
187.800 115.771 316.877 24 29 12 204 1
359.561 100.590 197.796 25 29 12 392 4
359.561 100.590 197.796 26 29 12 392 4
359.561 100.590 197.796 27 29 12 392 4
359.561 100.590 197.796 28 29 12 392 4
359.561 100.590 197.796 29 29 12 392 4
359.561 100.590 197.796 30 29 12 392 4
336.357 104.932 333.975 1 30 12 393 4
336.357 104.932 333.975 2 30 12 393 4
336.357 104.932 333.975 3 30 12 393 4
336.357 104.932 333.975 4 30 12 393 4
336.357 104.932 333.975 5 30 12 393 4
336.357 104.932 333.975 6 30 12 393 4
336.357 104.932 333.975 7 30 12 393 4
336.357 104.932 333.975 8 30 12 393 4
336.357 104.932 333.975 9 30 12 393 4
336.357 104.932 333.975 10 30 12 393 4
336.357 104.932 333.975 11 30 12 393 4
319.528 35.005 67.487 12 30 12 396 4
319.528 35.005 67.487 13 30 12 396 4
319.528 35.005 67.487 14 30 12 396 4
319.528 35.005 67.487 15 30 12 396 4
319.528 35.005 67.487 16 30 12 396 4
319.528 35.005 67.487 17 30 12 396 4
319.528 35.005 67.487 18 30 12 396 4
2.111 107.073 287.015 19 30 12 316 2
2.111 107.073 287.015 20 30 12 316 2
2.111 107.073 287.015 21 30 12 316 2
2.111 107.073 287.015 22 30 12 316 2
2.111 107.073 287.015 23 30 12 316 2
187.800 115.771 316.877 24 30 12 204 1
359.561 100.590 197.796 25 30 12 392 4
359.561 100.590 197.796 26 30 12 392 4
359.561 100.590 197.796 27 30 12 392 4
359.561 100.590 197.796 28 30 12 392 4
359.561 100.590 197.796 29 30 12 392 4
359.561 100.590 197.796 30 30 12 392 4
