36.286 113.727 296.787 1 1 28 388 4
36.286 113.727 296.787 2 1 28 388 4
36.286 113.727 296.787 3 1 28 388 4
36.286 113.727 296.787 4 1 28 388 4
36.286 113.727 296.787 5 1 28 388 4
104.079 17.372 257.697 6 1 28 323 2
104.079 17.372 257.697 7 1 28 323 2
104.079 17.372 257.697 8 1 28 323 2
104.079 17.372 257.697 9 1 28 323 2
187.242 41.142 139.857 10 1 28 395 4
187.242 41.142 139.857 11 1 28 395 4
187.242 41.142 139.857 12 1 28 395 4
187.242 41.142 139.857 13 1 28 395 4
187.242 41.142 139.857 14 1 28 395 4
187.242 41.142 139.857 15 1 28 395 4
187.242 41.142 139.857 16 1 28 395 4
187.242 41.142 139.857 17 1 28 395 4
340.766 124.777 203.667 18 1 28 198 1
340.766 124.777 203.667 19 1 28 198 1
340.766 124.777 203.667 20 1 28 198 1
340.766 124.777 203.667 21 1 28 198 1
2.702 45.563 147.210 22 1 28 386 4
2.702 45.563 147.210 23 1 28 386 4
2.702 45.563 147.210 24 1 28 386 4
2.702 45.563 147.210 25 1 28 386 4
2.702 45.563 147.210 26 1 28 386 4
2.702 45.563 147.210 27 1 28 386 4
2.702 45.563 147.210 28 1 28 386 4
2.702 45.563 147.210 29 1 28 386 4
2.702 45.563 147.210 30 1 28 386 4
36.286 113.727 296.787 1 2 28 388 4
7.648 44.462 221.579 2 2 28 299 1
36.286 113.727 296.787 3 2 28 388 4
36.286 113.727 296.787 4 2 28 388 4
36.286 113.727 296.787 5 2 28 388 4
104.079 17.372 257.697 6 2 28 323 2
104.079 17.372 257.697 7 2 28 323 2
104.079 17.372 257.697 8 2 28 323 2
187.242 41.142 139.857 9 2 28 395 4
187.242 41.142 139.857 10 2 28 395 4
223.595 46.978 24.508 11 2 28 47 1
187.242 41.142 139.857 12 2 28 395 4
187.242 41.142 139.857 13 2 28 395 4
187.242 41.142 139.857 14 2 28 395 4
187.242 41.142 139.857 15 2 28 395 4
187.242 41.142 139.857 16 2 28 395 4
187.242 41.142 139.857 17 2 28 395 4
187.242 41.142 139.857 18 2 28 395 4
340.766 124.777 203.667 19 2 28 198 1
340.766 124.777 203.667 20 2 28 198 1
340.766 124.777 203.667 21 2 28 198 1
2.702 45.563 147.210 22 2 28 386 4
2.702 45.563 147.210 23 2 28 386 4
2.702 45.563 147.210 24 2 28 386 4
2.702 45.563 147.210 25 2 28 386 4
2.702 45.563 147.210 26 2 28 386 4
2.702 45.563 147.210 27 2 28 386 4
2.702 45.563 147.210 28 2 28 386 4
2.702 45.563 147.210 29 2 28 386 4
2.702 45.563 147.210 30 2 28 386 4
118.446 51.956 32.890 1 3 28 266 1
118.446 51.956 32.890 2 3 28 266 1
36.286 113.727 296.787 3 3 28 388 4
36.286 113.727 296.787 4 3 28 388 4
36.286 113.727 296.787 5 3 28 388 4
104.079 17.372 257.697 6 3 28 323 2
104.079 17.372 257.697 7 3 28 323 2
104.079 17.372 257.697 8 3 28 323 2
223.595 46.978 24.508 9 3 28 47 1
223.595 46.978 24.508 10 3 28 47 1
187.242 41.142 139.857 11 3 28 395 4
187.242 41.142 139.857 12 3 28 395 4
187.242 41.142 139.857 13 3 28 395 4
187.242 41.142 139.857 14 3 28 395 4
187.242 41.142 139.857 15 3 28 395 4
187.242 41.142 139.857 16 3 28 395 4
187.242 41.142 139.857 17 3 28 395 4
187.242 41.142 139.857 18 3 28 395 4
187.242 41.142 139.857 19 3 28 395 4
187.242 41.142 139.857 20 3 28 395 4
2.702 45.563 147.210 21 3 28 386 4
2.702 45.563 147.210 22 3 28 386 4
2.702 45.563 147.210 23 3 28 386 4
2.702 45.563 147.210 24 3 28 386 4
2.702 45.563 147.210 25 3 28 386 4
2.702 45.563 147.210 26 3 28 386 4
2.702 45.563 147.210 27 3 28 386 4
2.702 45.563 147.210 28 3 28 386 4
2.702 45.563 147.210 29 3 28 386 4
2.702 45.563 147.210 30 3 28 386 4
118.446 51.956 32.890 1 4 28 266 1
118.446 51.956 32.890 2 4 28 266 1
118.446 51.956 32.890 3 4 28 266 1
104.079 17.372 257.697 4 4 28 323 2
104.079 17.372 257.697 5 4 28 323 2
104.079 17.372 257.697 6 4 28 323 2
104.079 17.372 257.697 7 4 28 323 2
223.595 46.978 24.508 8 4 28 47 1
223.595 46.978 24.508 9 4 28 47 1
223.595 46.978 24.508 10 4 28 47 1
187.242 41.142 139.857 11 4 28 395 4
187.242 41.142 139.857 12 4 28 395 4
187.242 41.142 139.857 13 4 28 395 4
187.242 41.142 139.857 14 4 28 395 4
187.242 41.142 139.857 15 4 28 395 4
187.242 41.142 139.857 16 4 28 395 4
187.242 41.142 139.857 17 4 28 395 4
187.242 41.142 139.857 18 4 28 395 4
187.242 41.142 139.857 19 4 28 395 4
187.242 41.142 139.857 20 4 28 395 4
187.242 41.142 139.857 21 4 28 395 4
2.702 45.563 147.210 22 4 28 386 4
2.702 45.563 147.210 23 4 28 386 4
2.702 45.563 147.210 24 4 28 386 4
2.702 45.563 147.210 25 4 28 386 4
2.702 45.563 147.210 26 4 28 386 4
2.702 45.563 147.210 27 4 28 386 4
2.702 45.563 147.210 28 4 28 386 4
2.702 45.563 147.210 29 4 28 386 4
2.702 45.563 147.210 30 4 28 386 4
165.097 65.966 269.906 1 5 28 390 4
118.446 51.956 32.890 2 5 28 266 1
118.446 51.956 32.890 3 5 28 266 1
104.079 17.372 257.697 4 5 28 323 2
104.079 17.372 257.697 5 5 28 323 2
104.079 17.372 257.697 6 5 28 323 2
223.595 46.978 24.508 7 5 28 47 1
223.595 46.978 24.508 8 5 28 47 1
223.595 46.978 24.508 9 5 28 47 1
187.242 41.142 139.857 10 5 28 395 4
187.242 41.142 139.857 11 5 28 395 4
187.242 41.142 139.857 12 5 28 395 4
187.242 41.142 139.857 13 5 28 395 4
187.242 41.142 139.857 14 5 28 395 4
187.242 41.142 139.857 15 5 28 395 4
187.242 41.142 139.857 16 5 28 395 4
187.242 41.142 139.857 17 5 28 395 4
187.242 41.142 139.857 18 5 28 395 4
187.242 41.142 139.857 19 5 28 395 4
187.242 41.142 139.857 20 5 28 395 4
187.242 41.142 139.857 21 5 28 395 4
187.242 41.142 139.857 22 5 28 395 4
2.702 45.563 147.210 23 5 28 386 4
2.702 45.563 147.210 24 5 28 386 4
2.702 45.563 147.210 25 5 28 386 4
2.702 45.563 147.210 26 5 28 386 4
2.702 45.563 147.210 27 5 28 386 4
2.702 45.563 147.210 28 5 28 386 4
135.097 79.679 321.349 29 5 28 10 1
135.097 79.679 321.349 30 5 28 10 1
165.097 65.966 269.906 1 6 28 390 4
118.446 51.956 32.890 2 6 28 266 1
118.446 51.956 32.890 3 6 28 266 1
104.079 17.372 257.697 4 6 28 323 2
104.079 17.372 257.697 5 6 28 323 2
223.595 46.978 24.508 6 6 28 47 1
223.595 46.978 24.508 7 6 28 47 1
223.595 46.978 24.508 8 6 28 47 1
187.242 41.142 139.857 9 6 28 395 4
187.242 41.142 139.857 10 6 28 395 4
187.242 41.142 139.857 11 6 28 395 4
187.242 41.142 139.857 12 6 28 395 4
187.242 41.142 139.857 13 6 28 395 4
187.242 41.142 139.857 14 6 28 395 4
187.242 41.142 139.857 15 6 28 395 4
187.242 41.142 139.857 16 6 28 395 4
187.242 41.142 139.857 17 6 28 395 4
187.242 41.142 139.857 18 6 28 395 4
187.242 41.142 139.857 19 6 28 395 4
187.242 41.142 139.857 20 6 28 395 4
187.242 41.142 139.857 21 6 28 395 4
187.242 41.142 139.857 22 6 28 395 4
187.242 41.142 139.857 23 6 28 395 4
2.702 45.563 147.210 24 6 28 386 4
2.702 45.563 147.210 25 6 28 386 4
2.702 45.563 147.210 26 6 28 386 4
2.702 45.563 147.210 27 6 28 386 4
2.702 45.563 147.210 28 6 28 386 4
2.702 45.563 147.210 29 6 28 386 4
258.290 100.065 33.941 30 6 28 429 1
165.097 65.966 269.906 1 7 28 390 4
165.097 65.966 269.906 2 7 28 390 4
165.097 65.966 269.906 3 7 28 390 4
165.097 65.966 269.906 4 7 28 390 4
165.097 65.966 269.906 5 7 28 390 4
223.595 46.978 24.508 6 7 28 47 1
223.595 46.978 24.508 7 7 28 47 1
187.242 41.142 139.857 8 7 28 395 4
187.242 41.142 139.857 9 7 28 395 4
187.242 41.142 139.857 10 7 28 395 4
187.242 41.142 139.857 11 7 28 395 4
187.242 41.142 139.857 12 7 28 395 4
187.242 41.142 139.857 13 7 28 395 4
187.242 41.142 139.857 14 7 28 395 4
187.242 41.142 139.857 15 7 28 395 4
187.242 41.142 139.857 16 7 28 395 4
187.242 41.142 139.857 17 7 28 395 4
187.242 41.142 139.857 18 7 28 395 4
187.242 41.142 139.857 19 7 28 395 4
187.242 41.142 139.857 20 7 28 395 4
187.242 41.142 139.857 21 7 28 395 4
187.242 41.142 139.857 22 7 28 395 4
187.242 41.142 139.857 23 7 28 395 4
187.242 41.142 139.857 24 7 28 395 4
2.702 45.563 147.210 25 7 28 386 4
2.702 45.563 147.210 26 7 28 386 4
2.702 45.563 147.210 27 7 28 386 4
2.702 45.563 147.210 28 7 28 386 4
333.948 66.130 151.421 29 7 28 413 1
333.948 66.130 151.421 30 7 28 413 1
165.097 65.966 269.906 1 8 28 390 4
165.097 65.966 269.906 2 8 28 390 4
165.097 65.966 269.906 3 8 28 390 4
165.097 65.966 269.906 4 8 28 390 4
165.097 65.966 269.906 5 8 28 390 4
165.097 65.966 269.906 6 8 28 390 4
187.242 41.142 139.857 7 8 28 395 4
187.242 41.142 139.857 8 8 28 395 4
187.242 41.142 139.857 9 8 28 395 4
187.242 41.142 139.857 10 8 28 395 4
187.242 41.142 139.857 11 8 28 395 4
187.242 41.142 139.857 12 8 28 395 4
187.242 41.142 139.857 13 8 28 395 4
187.242 41.142 139.857 14 8 28 395 4
187.242 41.142 139.857 15 8 28 395 4
187.242 41.142 139.857 16 8 28 395 4
187.242 41.142 139.857 17 8 28 395 4
187.242 41.142 139.857 18 8 28 395 4
187.242 41.142 139.857 19 8 28 395 4
187.242 41.142 139.857 20 8 28 395 4
187.242 41.142 139.857 21 8 28 395 4
187.242 41.142 139.857 22 8 28 395 4
187.242 41.142 139.857 23 8 28 395 4
187.242 41.142 139.857 24 8 28 395 4
187.242 41.142 139.857 25 8 28 395 4
187.242 41.142 139.857 26 8 28 395 4
333.948 66.130 151.421 27 8 28 413 1
333.948 66.130 151.421 28 8 28 413 1
333.948 66.130 151.421 29 8 28 413 1
333.948 66.130 151.421 30 8 28 413 1
165.097 65.966 269.906 1 9 28 390 4
165.097 65.966 269.906 2 9 28 390 4
165.097 65.966 269.906 3 9 28 390 4
165.097 65.966 269.906 4 9 28 390 4
165.097 65.966 269.906 5 9 28 390 4
165.097 65.966 269.906 6 9 28 390 4
187.242 41.142 139.857 7 9 28 395 4
187.242 41.142 139.857 8 9 28 395 4
187.242 41.142 139.857 9 9 28 395 4
187.242 41.142 139.857 10 9 28 395 4
187.242 41.142 139.857 11 9 28 395 4
187.242 41.142 139.857 12 9 28 395 4
187.242 41.142 139.857 13 9 28 395 4
187.242 41.142 139.857 14 9 28 395 4
187.242 41.142 139.857 15 9 28 395 4
187.242 41.142 139.857 16 9 28 395 4
187.242 41.142 139.857 17 9 28 395 4
187.242 41.142 139.857 18 9 28 395 4
187.242 41.142 139.857 19 9 28 395 4
187.242 41.142 139.857 20 9 28 395 4
187.242 41.142 139.857 21 9 28 395 4
187.242 41.142 139.857 22 9 28 395 4
187.242 41.142 139.857 23 9 28 395 4
187.242 41.142 139.857 24 9 28 395 4
187.242 41.142 139.857 25 9 28 395 4
187.242 41.142 139.857 26 9 28 395 4
333.948 66.130 151.421 27 9 28 413 1
333.948 66.130 151.421 28 9 28 413 1
333.948 66.130 151.421 29 9 28 413 1
333.948 66.130 151.421 30 9 28 413 1
165.097 65.966 269.906 1 10 28 390 4
165.097 65.966 269.906 2 10 28 390 4
165.097 65.966 269.906 3 10 28 390 4
165.097 65.966 269.906 4 10 28 390 4
165.097 65.966 269.906 5 10 28 390 4
165.097 65.966 269.906 6 10 28 390 4
187.242 41.142 139.857 7 10 28 395 4
187.242 41.142 139.857 8 10 28 395 4
187.242 41.142 139.857 9 10 28 395 4
187.242 41.142 139.857 10 10 28 395 4
187.242 41.142 139.857 11 10 28 395 4
187.242 41.142 139.857 12 10 28 395 4
187.242 41.142 139.857 13 10 28 395 4
187.242 41.142 139.857 14 10 28 395 4
187.242 41.142 139.857 15 10 28 395 4
187.242 41.142 139.857 16 10 28 395 4
187.242 41.142 139.857 17 10 28 395 4
187.242 41.142 139.857 18 10 28 395 4
187.242 41.142 139.857 19 10 28 395 4
187.242 41.142 139.857 20 10 28 395 4
187.242 41.142 139.857 21 10 28 395 4
187.242 41.142 139.857 22 10 28 395 4
187.242 41.142 139.857 23 10 28 395 4
187.242 41.142 139.857 24 10 28 395 4
187.242 41.142 139.857 25 10 28 395 4
187.242 41.142 139.857 26 10 28 395 4
333.948 66.130 151.421 27 10 28 413 1
333.948 66.130 151.421 28 10 28 413 1
333.948 66.130 151.421 29 10 28 413 1
333.948 66.130 151.421 30 10 28 413 1
165.097 65.966 269.906 1 11 28 390 4
165.097 65.966 269.906 2 11 28 390 4
165.097 65.966 269.906 3 11 28 390 4
165.097 65.966 269.906 4 11 28 390 4
165.097 65.966 269.906 5 11 28 390 4
165.097 65.966 269.906 6 11 28 390 4
165.097 65.966 269.906 7 11 28 390 4
187.242 41.142 139.857 8 11 28 395 4
187.242 41.142 139.857 9 11 28 395 4
187.242 41.142 139.857 10 11 28 395 4
187.242 41.142 139.857 11 11 28 395 4
187.242 41.142 139.857 12 11 28 395 4
187.242 41.142 139.857 13 11 28 395 4
187.242 41.142 139.857 14 11 28 395 4
187.242 41.142 139.857 15 11 28 395 4
187.242 41.142 139.857 16 11 28 395 4
187.242 41.142 139.857 17 11 28 395 4
187.242 41.142 139.857 18 11 28 395 4
187.242 41.142 139.857 19 11 28 395 4
187.242 41.142 139.857 20 11 28 395 4
187.242 41.142 139.857 21 11 28 395 4
187.242 41.142 139.857 22 11 28 395 4
187.242 41.142 139.857 23 11 28 395 4
187.242 41.142 139.857 24 11 28 395 4
187.242 41.142 139.857 25 11 28 395 4
187.242 41.142 139.857 26 11 28 395 4
187.242 41.142 139.857 27 11 28 395 4
333.948 66.130 151.421 28 11 28 413 1
333.948 66.130 151.421 29 11 28 413 1
339.009 41.299 75.109 30 11 28 264 1
165.097 65.966 269.906 1 12 28 390 4
165.097 65.966 269.906 2 12 28 390 4
165.097 65.966 269.906 3 12 28 390 4
165.097 65.966 269.906 4 12 28 390 4
165.097 65.966 269.906 5 12 28 390 4
165.097 65.966 269.906 6 12 28 390 4
165.097 65.966 269.906 7 12 28 390 4
187.242 41.142 139.857 8 12 28 395 4
187.242 41.142 139.857 9 12 28 395 4
187.242 41.142 139.857 10 12 28 395 4
187.242 41.142 139.857 11 12 28 395 4
187.242 41.142 139.857 12 12 28 395 4
187.242 41.142 139.857 13 12 28 395 4
187.242 41.142 139.857 14 12 28 395 4
187.242 41.142 139.857 15 12 28 395 4
187.242 41.142 139.857 16 12 28 395 4
187.242 41.142 139.857 17 12 28 395 4
187.242 41.142 139.857 18 12 28 395 4
187.242 41.142 139.857 19 12 28 395 4
187.242 41.142 139.857 20 12 28 395 4
187.242 41.142 139.857 21 12 28 395 4
187.242 41.142 139.857 22 12 28 395 4
187.242 41.142 139.857 23 12 28 395 4
187.242 41.142 139.857 24 12 28 395 4
187.242 41.142 139.857 25 12 28 395 4
187.242 41.142 139.857 26 12 28 395 4
187.242 41.142 139.857 27 12 28 395 4
333.948 66.130 151.421 28 12 28 413 1
339.009 41.299 75.109 29 12 28 264 1
339.009 41.299 75.109 30 12 28 264 1
165.097 65.966 269.906 1 13 28 390 4
165.097 65.966 269.906 2 13 28 390 4
165.097 65.966 269.906 3 13 28 390 4
165.097 65.966 269.906 4 13 28 390 4
165.097 65.966 269.906 5 13 28 390 4
165.097 65.966 269.906 6 13 28 390 4
165.097 65.966 269.906 7 13 28 390 4
165.097 65.966 269.906 8 13 28 390 4
187.242 41.142 139.857 9 13 28 395 4
187.242 41.142 139.857 10 13 28 395 4
187.242 41.142 139.857 11 13 28 395 4
187.242 41.142 139.857 12 13 28 395 4
187.242 41.142 139.857 13 13 28 395 4
187.242 41.142 139.857 14 13 28 395 4
187.242 41.142 139.857 15 13 28 395 4
187.242 41.142 139.857 16 13 28 395 4
187.242 41.142 139.857 17 13 28 395 4
187.242 41.142 139.857 18 13 28 395 4
187.242 41.142 139.857 19 13 28 395 4
187.242 41.142 139.857 20 13 28 395 4
187.242 41.142 139.857 21 13 28 395 4
187.242 41.142 139.857 22 13 28 395 4
187.242 41.142 139.857 23 13 28 395 4
187.242 41.142 139.857 24 13 28 395 4
187.242 41.142 139.857 25 13 28 395 4
187.242 41.142 139.857 26 13 28 395 4
187.242 41.142 139.857 27 13 28 395 4
333.948 66.130 151.421 28 13 28 413 1
339.009 41.299 75.109 29 13 28 264 1
339.009 41.299 75.109 30 13 28 264 1
165.097 65.966 269.906 1 14 28 390 4
165.097 65.966 269.906 2 14 28 390 4
165.097 65.966 269.906 3 14 28 390 4
165.097 65.966 269.906 4 14 28 390 4
165.097 65.966 269.906 5 14 28 390 4
165.097 65.966 269.906 6 14 28 390 4
165.097 65.966 269.906 7 14 28 390 4
165.097 65.966 269.906 8 14 28 390 4
187.242 41.142 139.857 9 14 28 395 4
187.242 41.142 139.857 10 14 28 395 4
187.242 41.142 139.857 11 14 28 395 4
187.242 41.142 139.857 12 14 28 395 4
187.242 41.142 139.857 13 14 28 395 4
187.242 41.142 139.857 14 14 28 395 4
187.242 41.142 139.857 15 14 28 395 4
187.242 41.142 139.857 16 14 28 395 4
187.242 41.142 139.857 17 14 28 395 4
187.242 41.142 139.857 18 14 28 395 4
187.242 41.142 139.857 19 14 28 395 4
187.242 41.142 139.857 20 14 28 395 4
187.242 41.142 139.857 21 14 28 395 4
187.242 41.142 139.857 22 14 28 395 4
187.242 41.142 139.857 23 14 28 395 4
187.242 41.142 139.857 24 14 28 395 4
187.242 41.142 139.857 25 14 28 395 4
187.242 41.142 139.857 26 14 28 395 4
187.242 41.142 139.857 27 14 28 395 4
187.242 41.142 139.857 28 14 28 395 4
339.009 41.299 75.109 29 14 28 264 1
339.009 41.299 75.109 30 14 28 264 1
165.097 65.966 269.906 1 15 28 390 4
165.097 65.966 269.906 2 15 28 390 4
165.097 65.966 269.906 3 15 28 390 4
165.097 65.966 269.906 4 15 28 390 4
165.097 65.966 269.906 5 15 28 390 4
165.097 65.966 269.906 6 15 28 390 4
165.097 65.966 269.906 7 15 28 390 4
165.097 65.966 269.906 8 15 28 390 4
165.097 65.966 269.906 9 15 28 390 4
187.242 41.142 139.857 10 15 28 395 4
187.242 41.142 139.857 11 15 28 395 4
187.242 41.142 139.857 12 15 28 395 4
187.242 41.142 139.857 13 15 28 395 4
187.242 41.142 139.857 14 15 28 395 4
187.242 41.142 139.857 15 15 28 395 4
187.242 41.142 139.857 16 15 28 395 4
187.242 41.142 139.857 17 15 28 395 4
187.242 41.142 139.857 18 15 28 395 4
187.242 41.142 139.857 19 15 28 395 4
187.242 41.142 139.857 20 15 28 395 4
187.242 41.142 139.857 21 15 28 395 4
187.242 41.142 139.857 22 15 28 395 4
187.242 41.142 139.857 23 15 28 395 4
187.242 41.142 139.857 24 15 28 395 4
187.242 41.142 139.857 25 15 28 395 4
187.242 41.142 139.857 26 15 28 395 4
187.242 41.142 139.857 27 15 28 395 4
187.242 41.142 139.857 28 15 28 395 4
187.242 41.142 139.857 29 15 28 395 4
202.363 126.786 338.638 30 15 28 112 1
165.097 65.966 269.906 1 16 28 390 4
165.097 65.966 269.906 2 16 28 390 4
165.097 65.966 269.906 3 16 28 390 4
175.633 44.713 105.320 4 16 28 113 1
165.097 65.966 269.906 5 16 28 390 4
165.097 65.966 269.906 6 16 28 390 4
165.097 65.966 269.906 7 16 28 390 4
165.097 65.966 269.906 8 16 28 390 4
165.097 65.966 269.906 9 16 28 390 4
187.242 41.142 139.857 10 16 28 395 4
187.242 41.142 139.857 11 16 28 395 4
187.242 41.142 139.857 12 16 28 395 4
187.242 41.142 139.857 13 16 28 395 4
187.242 41.142 139.857 14 16 28 395 4
187.242 41.142 139.857 15 16 28 395 4
187.242 41.142 139.857 16 16 28 395 4
187.242 41.142 139.857 17 16 28 395 4
187.242 41.142 139.857 18 16 28 395 4
187.242 41.142 139.857 19 16 28 395 4
187.242 41.142 139.857 20 16 28 395 4
187.242 41.142 139.857 21 16 28 395 4
187.242 41.142 139.857 22 16 28 395 4
187.242 41.142 139.857 23 16 28 395 4
187.242 41.142 139.857 24 16 28 395 4
187.242 41.142 139.857 25 16 28 395 4
187.242 41.142 139.857 26 16 28 395 4
187.242 41.142 139.857 27 16 28 395 4
187.242 41.142 139.857 28 16 28 395 4
202.363 126.786 338.638 29 16 28 112 1
202.363 126.786 338.638 30 16 28 112 1
165.097 65.966 269.906 1 17 28 390 4
165.097 65.966 269.906 2 17 28 390 4
165.097 65.966 269.906 3 17 28 390 4
165.097 65.966 269.906 4 17 28 390 4
165.097 65.966 269.906 5 17 28 390 4
165.097 65.966 269.906 6 17 28 390 4
165.097 65.966 269.906 7 17 28 390 4
165.097 65.966 269.906 8 17 28 390 4
165.097 65.966 269.906 9 17 28 390 4
187.242 41.142 139.857 10 17 28 395 4
187.242 41.142 139.857 11 17 28 395 4
187.242 41.142 139.857 12 17 28 395 4
187.242 41.142 139.857 13 17 28 395 4
187.242 41.142 139.857 14 17 28 395 4
187.242 41.142 139.857 15 17 28 395 4
187.242 41.142 139.857 16 17 28 395 4
187.242 41.142 139.857 17 17 28 395 4
187.242 41.142 139.857 18 17 28 395 4
187.242 41.142 139.857 19 17 28 395 4
187.242 41.142 139.857 20 17 28 395 4
187.242 41.142 139.857 21 17 28 395 4
187.242 41.142 139.857 22 17 28 395 4
187.242 41.142 139.857 23 17 28 395 4
187.242 41.142 139.857 24 17 28 395 4
187.242 41.142 139.857 25 17 28 395 4
187.242 41.142 139.857 26 17 28 395 4
187.242 41.142 139.857 27 17 28 395 4
187.242 41.142 139.857 28 17 28 395 4
187.242 41.142 139.857 29 17 28 395 4
277.884 143.196 201.712 30 17 28 263 1
165.097 65.966 269.906 1 18 28 390 4
165.097 65.966 269.906 2 18 28 390 4
165.097 65.966 269.906 3 18 28 390 4
165.097 65.966 269.906 4 18 28 390 4
165.097 65.966 269.906 5 18 28 390 4
165.097 65.966 269.906 6 18 28 390 4
165.097 65.966 269.906 7 18 28 390 4
165.097 65.966 269.906 8 18 28 390 4
165.097 65.966 269.906 9 18 28 390 4
165.097 65.966 269.906 10 18 28 390 4
187.242 41.142 139.857 11 18 28 395 4
187.242 41.142 139.857 12 18 28 395 4
187.242 41.142 139.857 13 18 28 395 4
187.242 41.142 139.857 14 18 28 395 4
187.242 41.142 139.857 15 18 28 395 4
187.242 41.142 139.857 16 18 28 395 4
187.242 41.142 139.857 17 18 28 395 4
187.242 41.142 139.857 18 18 28 395 4
187.242 41.142 139.857 19 18 28 395 4
187.242 41.142 139.857 20 18 28 395 4
187.242 41.142 139.857 21 18 28 395 4
187.242 41.142 139.857 22 18 28 395 4
187.242 41.142 139.857 23 18 28 395 4
187.242 41.142 139.857 24 18 28 395 4
187.242 41.142 139.857 25 18 28 395 4
187.242 41.142 139.857 26 18 28 395 4
187.242 41.142 139.857 27 18 28 395 4
187.242 41.142 139.857 28 18 28 395 4
187.242 41.142 139.857 29 18 28 395 4
277.884 143.196 201.712 30 18 28 263 1
165.097 65.966 269.906 1 19 28 390 4
165.097 65.966 269.906 2 19 28 390 4
165.097 65.966 269.906 3 19 28 390 4
165.097 65.966 269.906 4 19 28 390 4
165.097 65.966 269.906 5 19 28 390 4
165.097 65.966 269.906 6 19 28 390 4
165.097 65.966 269.906 7 19 28 390 4
165.097 65.966 269.906 8 19 28 390 4
165.097 65.966 269.906 9 19 28 390 4
165.097 65.966 269.906 10 19 28 390 4
187.242 41.142 139.857 11 19 28 395 4
187.242 41.142 139.857 12 19 28 395 4
187.242 41.142 139.857 13 19 28 395 4
187.242 41.142 139.857 14 19 28 395 4
187.242 41.142 139.857 15 19 28 395 4
187.242 41.142 139.857 16 19 28 395 4
187.242 41.142 139.857 17 19 28 395 4
187.242 41.142 139.857 18 19 28 395 4
187.242 41.142 139.857 19 19 28 395 4
187.242 41.142 139.857 20 19 28 395 4
187.242 41.142 139.857 21 19 28 395 4
187.242 41.142 139.857 22 19 28 395 4
187.242 41.142 139.857 23 19 28 395 4
187.242 41.142 139.857 24 19 28 395 4
187.242 41.142 139.857 25 19 28 395 4
187.242 41.142 139.857 26 19 28 395 4
187.242 41.142 139.857 27 19 28 395 4
187.242 41.142 139.857 28 19 28 395 4
277.884 143.196 201.712 29 19 28 263 1
277.884 143.196 201.712 30 19 28 263 1
165.097 65.966 269.906 1 20 28 390 4
165.097 65.966 269.906 2 20 28 390 4
165.097 65.966 269.906 3 20 28 390 4
165.097 65.966 269.906 4 20 28 390 4
165.097 65.966 269.906 5 20 28 390 4
165.097 65.966 269.906 6 20 28 390 4
165.097 65.966 269.906 7 20 28 390 4
165.097 65.966 269.906 8 20 28 390 4
165.097 65.966 269.906 9 20 28 390 4
165.097 65.966 269.906 10 20 28 390 4
187.242 41.142 139.857 11 20 28 395 4
187.242 41.142 139.857 12 20 28 395 4
187.242 41.142 139.857 13 20 28 395 4
187.242 41.142 139.857 14 20 28 395 4
187.242 41.142 139.857 15 20 28 395 4
187.242 41.142 139.857 16 20 28 395 4
187.242 41.142 139.857 17 20 28 395 4
187.242 41.142 139.857 18 20 28 395 4
187.242 41.142 139.857 19 20 28 395 4
187.242 41.142 139.857 20 20 28 395 4
187.242 41.142 139.857 21 20 28 395 4
187.242 41.142 139.857 22 20 28 395 4
187.242 41.142 139.857 23 20 28 395 4
187.242 41.142 139.857 24 20 28 395 4
187.242 41.142 139.857 25 20 28 395 4
187.242 41.142 139.857 26 20 28 395 4
187.242 41.142 139.857 27 20 28 395 4
187.242 41.142 139.857 28 20 28 395 4
187.242 41.142 139.857 29 20 28 395 4
277.884 143.196 201.712 30 20 28 263 1
70.738 123.027 326.141 1 21 28 337 2
70.738 123.027 326.141 2 21 28 337 2
70.738 123.027 326.141 3 21 28 337 2
70.738 123.027 326.141 4 21 28 337 2
165.097 65.966 269.906 5 21 28 390 4
165.097 65.966 269.906 6 21 28 390 4
165.097 65.966 269.906 7 21 28 390 4
136.209 150.598 145.268 8 21 28 380 3
136.209 150.598 145.268 9 21 28 380 3
136.209 150.598 145.268 10 21 28 380 3
136.209 150.598 145.268 11 21 28 380 3
187.242 41.142 139.857 12 21 28 395 4
187.242 41.142 139.857 13 21 28 395 4
187.242 41.142 139.857 14 21 28 395 4
187.242 41.142 139.857 15 21 28 395 4
187.242 41.142 139.857 16 21 28 395 4
187.242 41.142 139.857 17 21 28 395 4
187.242 41.142 139.857 18 21 28 395 4
187.242 41.142 139.857 19 21 28 395 4
187.242 41.142 139.857 20 21 28 395 4
187.242 41.142 139.857 21 21 28 395 4
187.242 41.142 139.857 22 21 28 395 4
187.242 41.142 139.857 23 21 28 395 4
187.242 41.142 139.857 24 21 28 395 4
187.242 41.142 139.857 25 21 28 395 4
187.242 41.142 139.857 26 21 28 395 4
187.242 41.142 139.857 27 21 28 395 4
187.242 41.142 139.857 28 21 28 395 4
187.242 41.142 139.857 29 21 28 395 4
277.884 143.196 201.712 30 21 28 263 1
70.738 123.027 326.141 1 22 28 337 2
70.738 123.027 326.141 2 22 28 337 2
70.738 123.027 326.141 3 22 28 337 2
70.738 123.027 326.141 4 22 28 337 2
70.738 123.027 326.141 5 22 28 337 2
70.738 123.027 326.141 6 22 28 337 2
136.209 150.598 145.268 7 22 28 380 3
136.209 150.598 145.268 8 22 28 380 3
136.209 150.598 145.268 9 22 28 380 3
136.209 150.598 145.268 10 22 28 380 3
136.209 150.598 145.268 11 22 28 380 3
136.209 150.598 145.268 12 22 28 380 3
109.549 107.489 13.527 13 22 28 9 1
187.242 41.142 139.857 14 22 28 395 4
187.242 41.142 139.857 15 22 28 395 4
187.242 41.142 139.857 16 22 28 395 4
187.242 41.142 139.857 17 22 28 395 4
187.242 41.142 139.857 18 22 28 395 4
187.242 41.142 139.857 19 22 28 395 4
187.242 41.142 139.857 20 22 28 395 4
187.242 41.142 139.857 21 22 28 395 4
187.242 41.142 139.857 22 22 28 395 4
187.242 41.142 139.857 23 22 28 395 4
187.242 41.142 139.857 24 22 28 395 4
187.242 41.142 139.857 25 22 28 395 4
187.242 41.142 139.857 26 22 28 395 4
187.242 41.142 139.857 27 22 28 395 4
187.242 41.142 139.857 28 22 28 395 4
187.242 41.142 139.857 29 22 28 395 4
277.884 143.196 201.712 30 22 28 263 1
70.738 123.027 326.141 1 23 28 337 2
70.738 123.027 326.141 2 23 28 337 2
70.738 123.027 326.141 3 23 28 337 2
70.738 123.027 326.141 4 23 28 337 2
70.738 123.027 326.141 5 23 28 337 2
70.738 123.027 326.141 6 23 28 337 2
136.209 150.598 145.268 7 23 28 380 3
136.209 150.598 145.268 8 23 28 380 3
136.209 150.598 145.268 9 23 28 380 3
136.209 150.598 145.268 10 23 28 380 3
136.209 150.598 145.268 11 23 28 380 3
109.549 107.489 13.527 12 23 28 9 1
109.549 107.489 13.527 13 23 28 9 1
136.209 150.598 145.268 14 23 28 380 3
187.242 41.142 139.857 15 23 28 395 4
187.242 41.142 139.857 16 23 28 395 4
187.242 41.142 139.857 17 23 28 395 4
187.242 41.142 139.857 18 23 28 395 4
187.242 41.142 139.857 19 23 28 395 4
187.242 41.142 139.857 20 23 28 395 4
187.242 41.142 139.857 21 23 28 395 4
187.242 41.142 139.857 22 23 28 395 4
187.242 41.142 139.857 23 23 28 395 4
187.242 41.142 139.857 24 23 28 395 4
187.242 41.142 139.857 25 23 28 395 4
187.242 41.142 139.857 26 23 28 395 4
187.242 41.142 139.857 27 23 28 395 4
187.242 41.142 139.857 28 23 28 395 4
346.970 80.027 20.065 29 23 28 448 2
346.970 80.027 20.065 30 23 28 448 2
70.738 123.027 326.141 1 24 28 337 2
70.738 123.027 326.141 2 24 28 337 2
70.738 123.027 326.141 3 24 28 337 2
70.738 123.027 326.141 4 24 28 337 2
70.738 123.027 326.141 5 24 28 337 2
70.738 123.027 326.141 6 24 28 337 2
136.209 150.598 145.268 7 24 28 380 3
136.209 150.598 145.268 8 24 28 380 3
136.209 150.598 145.268 9 24 28 380 3
136.209 150.598 145.268 10 24 28 380 3
136.209 150.598 145.268 11 24 28 380 3
136.209 150.598 145.268 12 24 28 380 3
136.209 150.598 145.268 13 24 28 380 3
136.209 150.598 145.268 14 24 28 380 3
136.209 150.598 145.268 15 24 28 380 3
187.242 41.142 139.857 16 24 28 395 4
187.242 41.142 139.857 17 24 28 395 4
187.242 41.142 139.857 18 24 28 395 4
187.242 41.142 139.857 19 24 28 395 4
187.242 41.142 139.857 20 24 28 395 4
187.242 41.142 139.857 21 24 28 395 4
187.242 41.142 139.857 22 24 28 395 4
187.242 41.142 139.857 23 24 28 395 4
187.242 41.142 139.857 24 24 28 395 4
187.242 41.142 139.857 25 24 28 395 4
187.242 41.142 139.857 26 24 28 395 4
187.242 41.142 139.857 27 24 28 395 4
346.970 80.027 20.065 28 24 28 448 2
346.970 80.027 20.065 29 24 28 448 2
346.970 80.027 20.065 30 24 28 448 2
70.738 123.027 326.141 1 25 28 337 2
70.738 123.027 326.141 2 25 28 337 2
70.738 123.027 326.141 3 25 28 337 2
70.738 123.027 326.141 4 25 28 337 2
70.738 123.027 326.141 5 25 28 337 2
70.738 123.027 326.141 6 25 28 337 2
136.209 150.598 145.268 7 25 28 380 3
136.209 150.598 145.268 8 25 28 380 3
136.209 150.598 145.268 9 25 28 380 3
136.209 150.598 145.268 10 25 28 380 3
136.209 150.598 145.268 11 25 28 380 3
136.209 150.598 145.268 12 25 28 380 3
136.209 150.598 145.268 13 25 28 380 3
136.209 150.598 145.268 14 25 28 380 3
136.209 150.598 145.268 15 25 28 380 3
136.209 150.598 145.268 16 25 28 380 3
187.242 41.142 139.857 17 25 28 395 4
187.242 41.142 139.857 18 25 28 395 4
187.242 41.142 139.857 19 25 28 395 4
187.242 41.142 139.857 20 25 28 395 4
187.242 41.142 139.857 21 25 28 395 4
187.242 41.142 139.857 22 25 28 395 4
187.242 41.142 139.857 23 25 28 395 4
187.242 41.142 139.857 24 25 28 395 4
187.242 41.142 139.857 25 25 28 395 4
187.242 41.142 139.857 26 25 28 395 4
4.204 40.383 54.917 27 25 28 362 2
346.970 80.027 20.065 28 25 28 448 2
346.970 80.027 20.065 29 25 28 448 2
346.970 80.027 20.065 30 25 28 448 2
70.738 123.027 326.141 1 26 28 337 2
70.738 123.027 326.141 2 26 28 337 2
70.738 123.027 326.141 3 26 28 337 2
70.738 123.027 326.141 4 26 28 337 2
70.738 123.027 326.141 5 26 28 337 2
70.738 123.027 326.141 6 26 28 337 2
136.209 150.598 145.268 7 26 28 380 3
136.209 150.598 145.268 8 26 28 380 3
136.209 150.598 145.268 9 26 28 380 3
136.209 150.598 145.268 10 26 28 380 3
136.209 150.598 145.268 11 26 28 380 3
136.209 150.598 145.268 12 26 28 380 3
136.209 150.598 145.268 13 26 28 380 3
136.209 150.598 145.268 14 26 28 380 3
136.209 150.598 145.268 15 26 28 380 3
136.209 150.598 145.268 16 26 28 380 3
50.768 38.310 254.189 17 26 28 389 4
50.768 38.310 254.189 18 26 28 389 4
50.768 38.310 254.189 19 26 28 389 4
187.242 41.142 139.857 20 26 28 395 4
187.242 41.142 139.857 21 26 28 395 4
187.242 41.142 139.857 22 26 28 395 4
187.242 41.142 139.857 23 26 28 395 4
187.242 41.142 139.857 24 26 28 395 4
4.204 40.383 54.917 25 26 28 362 2
4.204 40.383 54.917 26 26 28 362 2
4.204 40.383 54.917 27 26 28 362 2
346.970 80.027 20.065 28 26 28 448 2
346.970 80.027 20.065 29 26 28 448 2
117.779 131.505 244.275 30 26 28 67 1
21.147 57.415 121.752 1 27 28 391 4
21.147 57.415 121.752 2 27 28 391 4
70.738 123.027 326.141 3 27 28 337 2
70.738 123.027 326.141 4 27 28 337 2
70.738 123.027 326.141 5 27 28 337 2
70.738 123.027 326.141 6 27 28 337 2
76.862 118.730 98.881 7 27 28 270 1
136.209 150.598 145.268 8 27 28 380 3
136.209 150.598 145.268 9 27 28 380 3
136.209 150.598 145.268 10 27 28 380 3
136.209 150.598 145.268 11 27 28 380 3
136.209 150.598 145.268 12 27 28 380 3
136.209 150.598 145.268 13 27 28 380 3
136.209 150.598 145.268 14 27 28 380 3
136.209 150.598 145.268 15 27 28 380 3
136.209 150.598 145.268 16 27 28 380 3
50.768 38.310 254.189 17 27 28 389 4
50.768 38.310 254.189 18 27 28 389 4
50.768 38.310 254.189 19 27 28 389 4
50.768 38.310 254.189 20 27 28 389 4
50.768 38.310 254.189 21 27 28 389 4
88.706 99.395 271.669 22 27 28 46 1
88.706 99.395 271.669 23 27 28 46 1
4.204 40.383 54.917 24 27 28 362 2
4.204 40.383 54.917 25 27 28 362 2
4.204 40.383 54.917 26 27 28 362 2
4.204 40.383 54.917 27 27 28 362 2
4.204 40.383 54.917 28 27 28 362 2
346.970 80.027 20.065 29 27 28 448 2
346.970 80.027 20.065 30 27 28 448 2
21.147 57.415 121.752 1 28 28 391 4
21.147 57.415 121.752 2 28 28 391 4
21.147 57.415 121.752 3 28 28 391 4
70.738 123.027 326.141 4 28 28 337 2
70.738 123.027 326.141 5 28 28 337 2
240.732 34.628 196.458 6 28 28 186 1
81.067 84.980 208.588 7 28 28 230 1
136.209 150.598 145.268 8 28 28 380 3
136.209 150.598 145.268 9 28 28 380 3
136.209 150.598 145.268 10 28 28 380 3
136.209 150.598 145.268 11 28 28 380 3
136.209 150.598 145.268 12 28 28 380 3
136.209 150.598 145.268 13 28 28 380 3
136.209 150.598 145.268 14 28 28 380 3
136.209 150.598 145.268 15 28 28 380 3
136.209 150.598 145.268 16 28 28 380 3
50.768 38.310 254.189 17 28 28 389 4
50.768 38.310 254.189 18 28 28 389 4
50.768 38.310 254.189 19 28 28 389 4
50.768 38.310 254.189 20 28 28 389 4
50.768 38.310 254.189 21 28 28 389 4
50.768 38.310 254.189 22 28 28 389 4
88.706 99.395 271.669 23 28 28 46 1
88.706 99.395 271.669 24 28 28 46 1
4.204 40.383 54.917 25 28 28 362 2
4.204 40.383 54.917 26 28 28 362 2
4.204 40.383 54.917 27 28 28 362 2
4.204 40.383 54.917 28 28 28 362 2
346.970 80.027 20.065 29 28 28 448 2
346.970 80.027 20.065 30 28 28 448 2
21.147 57.415 121.752 1 29 28 391 4
21.147 57.415 121.752 2 29 28 391 4
21.147 57.415 121.752 3 29 28 391 4
240.732 34.628 196.458 4 29 28 186 1
240.732 34.628 196.458 5 29 28 186 1
240.732 34.628 196.458 6 29 28 186 1
240.732 34.628 196.458 7 29 28 186 1
240.732 34.628 196.458 8 29 28 186 1
136.209 150.598 145.268 9 29 28 380 3
136.209 150.598 145.268 10 29 28 380 3
136.209 150.598 145.268 11 29 28 380 3
136.209 150.598 145.268 12 29 28 380 3
136.209 150.598 145.268 13 29 28 380 3
136.209 150.598 145.268 14 29 28 380 3
136.209 150.598 145.268 15 29 28 380 3
136.209 150.598 145.268 16 29 28 380 3
50.768 38.310 254.189 17 29 28 389 4
50.768 38.310 254.189 18 29 28 389 4
50.768 38.310 254.189 19 29 28 389 4
50.768 38.310 254.189 20 29 28 389 4
50.768 38.310 254.189 21 29 28 389 4
50.768 38.310 254.189 22 29 28 389 4
4.204 40.383 54.917 23 29 28 362 2
4.204 40.383 54.917 24 29 28 362 2
4.204 40.383 54.917 25 29 28 362 2
4.204 40.383 54.917 26 29 28 362 2
4.204 40.383 54.917 27 29 28 362 2
4.204 40.383 54.917 28 29 28 362 2
264.594 124.096 147.114 29 29 28 240 1
52.018 75.101 49.121 30 29 28 283 1
21.147 57.415 121.752 1 30 28 391 4
21.147 57.415 121.752 2 30 28 391 4
21.147 57.415 121.752 3 30 28 391 4
240.732 34.628 196.458 4 30 28 186 1
240.732 34.628 196.458 5 30 28 186 1
240.732 34.628 196.458 6 30 28 186 1
240.732 34.628 196.458 7 30 28 186 1
240.732 34.628 196.458 8 30 28 186 1
136.209 150.598 145.268 9 30 28 380 3
136.209 150.598 145.268 10 30 28 380 3
136.209 150.598 145.268 11 30 28 380 3
136.209 150.598 145.268 12 30 28 380 3
136.209 150.598 145.268 13 30 28 380 3
136.209 150.598 145.268 14 30 28 380 3
136.209 150.598 145.268 15 30 28 380 3
136.209 150.598 145.268 16 30 28 380 3
50.768 38.310 254.189 17 30 28 389 4
50.768 38.310 254.189 18 30 28 389 4
50.768 38.310 254.189 19 30 28 389 4
50.768 38.310 254.189 20 30 28 389 4
50.768 38.310 254.189 21 30 28 389 4
50.768 38.310 254.189 22 30 28 389 4
50.768 38.310 254.189 23 30 28 389 4
4.204 40.383 54.917 24 30 28 362 2
4.204 40.383 54.917 25 30 28 362 2
4.204 40.383 54.917 26 30 28 362 2
4.204 40.383 54.917 27 30 28 362 2
264.594 124.096 147.114 28 30 28 240 1
52.018 75.101 49.121 29 30 28 283 1
52.018 75.101 49.121 30 30 28 283 1
