36.286 113.727 296.787 1 1 24 388 4
36.286 113.727 296.787 2 1 24 388 4
36.286 113.727 296.787 3 1 24 388 4
36.286 113.727 296.787 4 1 24 388 4
36.286 113.727 296.787 5 1 24 388 4
36.286 113.727 296.787 6 1 24 388 4
36.286 113.727 296.787 7 1 24 388 4
36.286 113.727 296.787 8 1 24 388 4
223.595 46.978 24.508 9 1 24 47 1
223.595 46.978 24.508 10 1 24 47 1
223.595 46.978 24.508 11 1 24 47 1
223.595 46.978 24.508 12 1 24 47 1
223.595 46.978 24.508 13 1 24 47 1
187.242 41.142 139.857 14 1 24 395 4
187.242 41.142 139.857 15 1 24 395 4
46.144 91.644 311.474 16 1 24 366 2
46.144 91.644 311.474 17 1 24 366 2
46.144 91.644 311.474 18 1 24 366 2
2.702 45.563 147.210 19 1 24 386 4
2.702 45.563 147.210 20 1 24 386 4
2.702 45.563 147.210 21 1 24 386 4
2.702 45.563 147.210 22 1 24 386 4
2.702 45.563 147.210 23 1 24 386 4
2.702 45.563 147.210 24 1 24 386 4
2.702 45.563 147.210 25 1 24 386 4
2.702 45.563 147.210 26 1 24 386 4
2.702 45.563 147.210 27 1 24 386 4
2.702 45.563 147.210 28 1 24 386 4
2.702 45.563 147.210 29 1 24 386 4
2.702 45.563 147.210 30 1 24 386 4
36.286 113.727 296.787 1 2 24 388 4
36.286 113.727 296.787 2 2 24 388 4
36.286 113.727 296.787 3 2 24 388 4
36.286 113.727 296.787 4 2 24 388 4
36.286 113.727 296.787 5 2 24 388 4
36.286 113.727 296.787 6 2 24 388 4
36.286 113.727 296.787 7 2 24 388 4
36.286 113.727 296.787 8 2 24 388 4
223.595 46.978 24.508 9 2 24 47 1
223.595 46.978 24.508 10 2 24 47 1
223.595 46.978 24.508 11 2 24 47 1
223.595 46.978 24.508 12 2 24 47 1
187.242 41.142 139.857 13 2 24 395 4
187.242 41.142 139.857 14 2 24 395 4
187.242 41.142 139.857 15 2 24 395 4
187.242 41.142 139.857 16 2 24 395 4
46.144 91.644 311.474 17 2 24 366 2
46.144 91.644 311.474 18 2 24 366 2
46.144 91.644 311.474 19 2 24 366 2
2.702 45.563 147.210 20 2 24 386 4
2.702 45.563 147.210 21 2 24 386 4
2.702 45.563 147.210 22 2 24 386 4
2.702 45.563 147.210 23 2 24 386 4
2.702 45.563 147.210 24 2 24 386 4
2.702 45.563 147.210 25 2 24 386 4
2.702 45.563 147.210 26 2 24 386 4
2.702 45.563 147.210 27 2 24 386 4
2.702 45.563 147.210 28 2 24 386 4
2.702 45.563 147.210 29 2 24 386 4
2.702 45.563 147.210 30 2 24 386 4
36.286 113.727 296.787 1 3 24 388 4
36.286 113.727 296.787 2 3 24 388 4
36.286 113.727 296.787 3 3 24 388 4
36.286 113.727 296.787 4 3 24 388 4
36.286 113.727 296.787 5 3 24 388 4
36.286 113.727 296.787 6 3 24 388 4
36.286 113.727 296.787 7 3 24 388 4
36.286 113.727 296.787 8 3 24 388 4
223.595 46.978 24.508 9 3 24 47 1
223.595 46.978 24.508 10 3 24 47 1
223.595 46.978 24.508 11 3 24 47 1
225.302 138.154 120.742 12 3 24 210 1
187.242 41.142 139.857 13 3 24 395 4
187.242 41.142 139.857 14 3 24 395 4
187.242 41.142 139.857 15 3 24 395 4
187.242 41.142 139.857 16 3 24 395 4
187.242 41.142 139.857 17 3 24 395 4
187.242 41.142 139.857 18 3 24 395 4
46.144 91.644 311.474 19 3 24 366 2
2.702 45.563 147.210 20 3 24 386 4
2.702 45.563 147.210 21 3 24 386 4
2.702 45.563 147.210 22 3 24 386 4
2.702 45.563 147.210 23 3 24 386 4
2.702 45.563 147.210 24 3 24 386 4
2.702 45.563 147.210 25 3 24 386 4
2.702 45.563 147.210 26 3 24 386 4
2.702 45.563 147.210 27 3 24 386 4
2.702 45.563 147.210 28 3 24 386 4
2.702 45.563 147.210 29 3 24 386 4
2.702 45.563 147.210 30 3 24 386 4
36.286 113.727 296.787 1 4 24 388 4
36.286 113.727 296.787 2 4 24 388 4
36.286 113.727 296.787 3 4 24 388 4
36.286 113.727 296.787 4 4 24 388 4
36.286 113.727 296.787 5 4 24 388 4
36.286 113.727 296.787 6 4 24 388 4
36.286 113.727 296.787 7 4 24 388 4
223.595 46.978 24.508 8 4 24 47 1
223.595 46.978 24.508 9 4 24 47 1
223.595 46.978 24.508 10 4 24 47 1
225.302 138.154 120.742 11 4 24 210 1
225.302 138.154 120.742 12 4 24 210 1
225.302 138.154 120.742 13 4 24 210 1
187.242 41.142 139.857 14 4 24 395 4
187.242 41.142 139.857 15 4 24 395 4
187.242 41.142 139.857 16 4 24 395 4
187.242 41.142 139.857 17 4 24 395 4
187.242 41.142 139.857 18 4 24 395 4
187.242 41.142 139.857 19 4 24 395 4
187.242 41.142 139.857 20 4 24 395 4
2.702 45.563 147.210 21 4 24 386 4
2.702 45.563 147.210 22 4 24 386 4
2.702 45.563 147.210 23 4 24 386 4
2.702 45.563 147.210 24 4 24 386 4
2.702 45.563 147.210 25 4 24 386 4
2.702 45.563 147.210 26 4 24 386 4
2.702 45.563 147.210 27 4 24 386 4
2.702 45.563 147.210 28 4 24 386 4
2.702 45.563 147.210 29 4 24 386 4
2.702 45.563 147.210 30 4 24 386 4
165.097 65.966 269.906 1 5 24 390 4
165.097 65.966 269.906 2 5 24 390 4
165.097 65.966 269.906 3 5 24 390 4
36.286 113.727 296.787 4 5 24 388 4
36.286 113.727 296.787 5 5 24 388 4
36.286 113.727 296.787 6 5 24 388 4
223.595 46.978 24.508 7 5 24 47 1
223.595 46.978 24.508 8 5 24 47 1
223.595 46.978 24.508 9 5 24 47 1
187.242 41.142 139.857 10 5 24 395 4
225.302 138.154 120.742 11 5 24 210 1
225.302 138.154 120.742 12 5 24 210 1
187.242 41.142 139.857 13 5 24 395 4
187.242 41.142 139.857 14 5 24 395 4
187.242 41.142 139.857 15 5 24 395 4
187.242 41.142 139.857 16 5 24 395 4
187.242 41.142 139.857 17 5 24 395 4
187.242 41.142 139.857 18 5 24 395 4
187.242 41.142 139.857 19 5 24 395 4
187.242 41.142 139.857 20 5 24 395 4
187.242 41.142 139.857 21 5 24 395 4
2.702 45.563 147.210 22 5 24 386 4
2.702 45.563 147.210 23 5 24 386 4
2.702 45.563 147.210 24 5 24 386 4
2.702 45.563 147.210 25 5 24 386 4
2.702 45.563 147.210 26 5 24 386 4
2.702 45.563 147.210 27 5 24 386 4
2.702 45.563 147.210 28 5 24 386 4
2.702 45.563 147.210 29 5 24 386 4
2.702 45.563 147.210 30 5 24 386 4
165.097 65.966 269.906 1 6 24 390 4
165.097 65.966 269.906 2 6 24 390 4
165.097 65.966 269.906 3 6 24 390 4
86.788 75.791 286.750 4 6 24 78 1
148.129 50.949 321.046 5 6 24 373 2
148.129 50.949 321.046 6 6 24 373 2
223.595 46.978 24.508 7 6 24 47 1
223.595 46.978 24.508 8 6 24 47 1
187.242 41.142 139.857 9 6 24 395 4
187.242 41.142 139.857 10 6 24 395 4
187.242 41.142 139.857 11 6 24 395 4
187.242 41.142 139.857 12 6 24 395 4
187.242 41.142 139.857 13 6 24 395 4
187.242 41.142 139.857 14 6 24 395 4
187.242 41.142 139.857 15 6 24 395 4
187.242 41.142 139.857 16 6 24 395 4
187.242 41.142 139.857 17 6 24 395 4
187.242 41.142 139.857 18 6 24 395 4
187.242 41.142 139.857 19 6 24 395 4
187.242 41.142 139.857 20 6 24 395 4
187.242 41.142 139.857 21 6 24 395 4
187.242 41.142 139.857 22 6 24 395 4
2.702 45.563 147.210 23 6 24 386 4
2.702 45.563 147.210 24 6 24 386 4
2.702 45.563 147.210 25 6 24 386 4
2.702 45.563 147.210 26 6 24 386 4
2.702 45.563 147.210 27 6 24 386 4
40.233 102.169 137.618 28 6 24 141 1
2.702 45.563 147.210 29 6 24 386 4
2.702 45.563 147.210 30 6 24 386 4
165.097 65.966 269.906 1 7 24 390 4
165.097 65.966 269.906 2 7 24 390 4
165.097 65.966 269.906 3 7 24 390 4
319.111 105.531 88.792 4 7 24 319 2
148.129 50.949 321.046 5 7 24 373 2
223.595 46.978 24.508 6 7 24 47 1
223.595 46.978 24.508 7 7 24 47 1
187.242 41.142 139.857 8 7 24 395 4
187.242 41.142 139.857 9 7 24 395 4
187.242 41.142 139.857 10 7 24 395 4
187.242 41.142 139.857 11 7 24 395 4
187.242 41.142 139.857 12 7 24 395 4
187.242 41.142 139.857 13 7 24 395 4
187.242 41.142 139.857 14 7 24 395 4
187.242 41.142 139.857 15 7 24 395 4
187.242 41.142 139.857 16 7 24 395 4
187.242 41.142 139.857 17 7 24 395 4
187.242 41.142 139.857 18 7 24 395 4
187.242 41.142 139.857 19 7 24 395 4
187.242 41.142 139.857 20 7 24 395 4
187.242 41.142 139.857 21 7 24 395 4
187.242 41.142 139.857 22 7 24 395 4
187.242 41.142 139.857 23 7 24 395 4
187.242 41.142 139.857 24 7 24 395 4
2.702 45.563 147.210 25 7 24 386 4
137.684 142.234 304.910 26 7 24 150 1
2.702 45.563 147.210 27 7 24 386 4
40.233 102.169 137.618 28 7 24 141 1
2.702 45.563 147.210 29 7 24 386 4
2.702 45.563 147.210 30 7 24 386 4
165.097 65.966 269.906 1 8 24 390 4
165.097 65.966 269.906 2 8 24 390 4
165.097 65.966 269.906 3 8 24 390 4
165.097 65.966 269.906 4 8 24 390 4
165.097 65.966 269.906 5 8 24 390 4
223.595 46.978 24.508 6 8 24 47 1
223.595 46.978 24.508 7 8 24 47 1
187.242 41.142 139.857 8 8 24 395 4
187.242 41.142 139.857 9 8 24 395 4
187.242 41.142 139.857 10 8 24 395 4
187.242 41.142 139.857 11 8 24 395 4
187.242 41.142 139.857 12 8 24 395 4
187.242 41.142 139.857 13 8 24 395 4
187.242 41.142 139.857 14 8 24 395 4
187.242 41.142 139.857 15 8 24 395 4
187.242 41.142 139.857 16 8 24 395 4
187.242 41.142 139.857 17 8 24 395 4
187.242 41.142 139.857 18 8 24 395 4
187.242 41.142 139.857 19 8 24 395 4
187.242 41.142 139.857 20 8 24 395 4
187.242 41.142 139.857 21 8 24 395 4
187.242 41.142 139.857 22 8 24 395 4
187.242 41.142 139.857 23 8 24 395 4
187.242 41.142 139.857 24 8 24 395 4
187.242 41.142 139.857 25 8 24 395 4
137.684 142.234 304.910 26 8 24 150 1
247.101 112.613 174.260 27 8 24 325 2
247.101 112.613 174.260 28 8 24 325 2
247.101 112.613 174.260 29 8 24 325 2
117.771 41.090 175.573 30 8 24 330 2
165.097 65.966 269.906 1 9 24 390 4
165.097 65.966 269.906 2 9 24 390 4
165.097 65.966 269.906 3 9 24 390 4
165.097 65.966 269.906 4 9 24 390 4
165.097 65.966 269.906 5 9 24 390 4
165.097 65.966 269.906 6 9 24 390 4
187.242 41.142 139.857 7 9 24 395 4
187.242 41.142 139.857 8 9 24 395 4
187.242 41.142 139.857 9 9 24 395 4
187.242 41.142 139.857 10 9 24 395 4
187.242 41.142 139.857 11 9 24 395 4
187.242 41.142 139.857 12 9 24 395 4
238.320 107.862 47.264 13 9 24 315 1
187.242 41.142 139.857 14 9 24 395 4
187.242 41.142 139.857 15 9 24 395 4
187.242 41.142 139.857 16 9 24 395 4
187.242 41.142 139.857 17 9 24 395 4
187.242 41.142 139.857 18 9 24 395 4
187.242 41.142 139.857 19 9 24 395 4
187.242 41.142 139.857 20 9 24 395 4
187.242 41.142 139.857 21 9 24 395 4
187.242 41.142 139.857 22 9 24 395 4
187.242 41.142 139.857 23 9 24 395 4
187.242 41.142 139.857 24 9 24 395 4
187.242 41.142 139.857 25 9 24 395 4
187.242 41.142 139.857 26 9 24 395 4
247.101 112.613 174.260 27 9 24 325 2
247.101 112.613 174.260 28 9 24 325 2
247.101 112.613 174.260 29 9 24 325 2
117.771 41.090 175.573 30 9 24 330 2
165.097 65.966 269.906 1 10 24 390 4
165.097 65.966 269.906 2 10 24 390 4
165.097 65.966 269.906 3 10 24 390 4
165.097 65.966 269.906 4 10 24 390 4
165.097 65.966 269.906 5 10 24 390 4
165.097 65.966 269.906 6 10 24 390 4
165.097 65.966 269.906 7 10 24 390 4
187.242 41.142 139.857 8 10 24 395 4
187.242 41.142 139.857 9 10 24 395 4
187.242 41.142 139.857 10 10 24 395 4
187.242 41.142 139.857 11 10 24 395 4
187.242 41.142 139.857 12 10 24 395 4
187.242 41.142 139.857 13 10 24 395 4
187.242 41.142 139.857 14 10 24 395 4
187.242 41.142 139.857 15 10 24 395 4
187.242 41.142 139.857 16 10 24 395 4
187.242 41.142 139.857 17 10 24 395 4
187.242 41.142 139.857 18 10 24 395 4
187.242 41.142 139.857 19 10 24 395 4
187.242 41.142 139.857 20 10 24 395 4
187.242 41.142 139.857 21 10 24 395 4
187.242 41.142 139.857 22 10 24 395 4
187.242 41.142 139.857 23 10 24 395 4
187.242 41.142 139.857 24 10 24 395 4
187.242 41.142 139.857 25 10 24 395 4
187.242 41.142 139.857 26 10 24 395 4
247.101 112.613 174.260 27 10 24 325 2
136.757 130.125 229.130 28 10 24 196 1
247.101 112.613 174.260 29 10 24 325 2
117.771 41.090 175.573 30 10 24 330 2
165.097 65.966 269.906 1 11 24 390 4
165.097 65.966 269.906 2 11 24 390 4
165.097 65.966 269.906 3 11 24 390 4
165.097 65.966 269.906 4 11 24 390 4
165.097 65.966 269.906 5 11 24 390 4
165.097 65.966 269.906 6 11 24 390 4
165.097 65.966 269.906 7 11 24 390 4
187.242 41.142 139.857 8 11 24 395 4
187.242 41.142 139.857 9 11 24 395 4
187.242 41.142 139.857 10 11 24 395 4
187.242 41.142 139.857 11 11 24 395 4
187.242 41.142 139.857 12 11 24 395 4
187.242 41.142 139.857 13 11 24 395 4
187.242 41.142 139.857 14 11 24 395 4
187.242 41.142 139.857 15 11 24 395 4
187.242 41.142 139.857 16 11 24 395 4
187.242 41.142 139.857 17 11 24 395 4
187.242 41.142 139.857 18 11 24 395 4
187.242 41.142 139.857 19 11 24 395 4
187.242 41.142 139.857 20 11 24 395 4
187.242 41.142 139.857 21 11 24 395 4
187.242 41.142 139.857 22 11 24 395 4
187.242 41.142 139.857 23 11 24 395 4
187.242 41.142 139.857 24 11 24 395 4
187.242 41.142 139.857 25 11 24 395 4
187.242 41.142 139.857 26 11 24 395 4
247.101 112.613 174.260 27 11 24 325 2
247.101 112.613 174.260 28 11 24 325 2
247.101 112.613 174.260 29 11 24 325 2
117.771 41.090 175.573 30 11 24 330 2
165.097 65.966 269.906 1 12 24 390 4
165.097 65.966 269.906 2 12 24 390 4
165.097 65.966 269.906 3 12 24 390 4
165.097 65.966 269.906 4 12 24 390 4
165.097 65.966 269.906 5 12 24 390 4
165.097 65.966 269.906 6 12 24 390 4
165.097 65.966 269.906 7 12 24 390 4
165.097 65.966 269.906 8 12 24 390 4
187.242 41.142 139.857 9 12 24 395 4
187.242 41.142 139.857 10 12 24 395 4
187.242 41.142 139.857 11 12 24 395 4
187.242 41.142 139.857 12 12 24 395 4
187.242 41.142 139.857 13 12 24 395 4
187.242 41.142 139.857 14 12 24 395 4
187.242 41.142 139.857 15 12 24 395 4
187.242 41.142 139.857 16 12 24 395 4
187.242 41.142 139.857 17 12 24 395 4
187.242 41.142 139.857 18 12 24 395 4
187.242 41.142 139.857 19 12 24 395 4
187.242 41.142 139.857 20 12 24 395 4
187.242 41.142 139.857 21 12 24 395 4
187.242 41.142 139.857 22 12 24 395 4
187.242 41.142 139.857 23 12 24 395 4
187.242 41.142 139.857 24 12 24 395 4
187.242 41.142 139.857 25 12 24 395 4
187.242 41.142 139.857 26 12 24 395 4
187.242 41.142 139.857 27 12 24 395 4
247.101 112.613 174.260 28 12 24 325 2
247.101 112.613 174.260 29 12 24 325 2
117.771 41.090 175.573 30 12 24 330 2
165.097 65.966 269.906 1 13 24 390 4
165.097 65.966 269.906 2 13 24 390 4
165.097 65.966 269.906 3 13 24 390 4
165.097 65.966 269.906 4 13 24 390 4
165.097 65.966 269.906 5 13 24 390 4
165.097 65.966 269.906 6 13 24 390 4
165.097 65.966 269.906 7 13 24 390 4
165.097 65.966 269.906 8 13 24 390 4
187.242 41.142 139.857 9 13 24 395 4
187.242 41.142 139.857 10 13 24 395 4
187.242 41.142 139.857 11 13 24 395 4
187.242 41.142 139.857 12 13 24 395 4
187.242 41.142 139.857 13 13 24 395 4
187.242 41.142 139.857 14 13 24 395 4
187.242 41.142 139.857 15 13 24 395 4
187.242 41.142 139.857 16 13 24 395 4
187.242 41.142 139.857 17 13 24 395 4
187.242 41.142 139.857 18 13 24 395 4
187.242 41.142 139.857 19 13 24 395 4
187.242 41.142 139.857 20 13 24 395 4
187.242 41.142 139.857 21 13 24 395 4
187.242 41.142 139.857 22 13 24 395 4
187.242 41.142 139.857 23 13 24 395 4
187.242 41.142 139.857 24 13 24 395 4
187.242 41.142 139.857 25 13 24 395 4
187.242 41.142 139.857 26 13 24 395 4
187.242 41.142 139.857 27 13 24 395 4
187.242 41.142 139.857 28 13 24 395 4
31.280 46.456 54.106 29 13 24 338 2
31.280 46.456 54.106 30 13 24 338 2
165.097 65.966 269.906 1 14 24 390 4
165.097 65.966 269.906 2 14 24 390 4
165.097 65.966 269.906 3 14 24 390 4
165.097 65.966 269.906 4 14 24 390 4
165.097 65.966 269.906 5 14 24 390 4
165.097 65.966 269.906 6 14 24 390 4
165.097 65.966 269.906 7 14 24 390 4
165.097 65.966 269.906 8 14 24 390 4
165.097 65.966 269.906 9 14 24 390 4
187.242 41.142 139.857 10 14 24 395 4
187.242 41.142 139.857 11 14 24 395 4
187.242 41.142 139.857 12 14 24 395 4
187.242 41.142 139.857 13 14 24 395 4
187.242 41.142 139.857 14 14 24 395 4
187.242 41.142 139.857 15 14 24 395 4
187.242 41.142 139.857 16 14 24 395 4
187.242 41.142 139.857 17 14 24 395 4
187.242 41.142 139.857 18 14 24 395 4
187.242 41.142 139.857 19 14 24 395 4
187.242 41.142 139.857 20 14 24 395 4
187.242 41.142 139.857 21 14 24 395 4
187.242 41.142 139.857 22 14 24 395 4
187.242 41.142 139.857 23 14 24 395 4
187.242 41.142 139.857 24 14 24 395 4
187.242 41.142 139.857 25 14 24 395 4
187.242 41.142 139.857 26 14 24 395 4
187.242 41.142 139.857 27 14 24 395 4
187.242 41.142 139.857 28 14 24 395 4
31.280 46.456 54.106 29 14 24 338 2
31.280 46.456 54.106 30 14 24 338 2
165.097 65.966 269.906 1 15 24 390 4
165.097 65.966 269.906 2 15 24 390 4
165.097 65.966 269.906 3 15 24 390 4
165.097 65.966 269.906 4 15 24 390 4
165.097 65.966 269.906 5 15 24 390 4
165.097 65.966 269.906 6 15 24 390 4
165.097 65.966 269.906 7 15 24 390 4
165.097 65.966 269.906 8 15 24 390 4
165.097 65.966 269.906 9 15 24 390 4
187.242 41.142 139.857 10 15 24 395 4
187.242 41.142 139.857 11 15 24 395 4
187.242 41.142 139.857 12 15 24 395 4
187.242 41.142 139.857 13 15 24 395 4
187.242 41.142 139.857 14 15 24 395 4
187.242 41.142 139.857 15 15 24 395 4
187.242 41.142 139.857 16 15 24 395 4
187.242 41.142 139.857 17 15 24 395 4
187.242 41.142 139.857 18 15 24 395 4
187.242 41.142 139.857 19 15 24 395 4
187.242 41.142 139.857 20 15 24 395 4
187.242 41.142 139.857 21 15 24 395 4
187.242 41.142 139.857 22 15 24 395 4
187.242 41.142 139.857 23 15 24 395 4
187.242 41.142 139.857 24 15 24 395 4
187.242 41.142 139.857 25 15 24 395 4
187.242 41.142 139.857 26 15 24 395 4
187.242 41.142 139.857 27 15 24 395 4
187.242 41.142 139.857 28 15 24 395 4
31.280 46.456 54.106 29 15 24 338 2
31.280 46.456 54.106 30 15 24 338 2
165.097 65.966 269.906 1 16 24 390 4
165.097 65.966 269.906 2 16 24 390 4
165.097 65.966 269.906 3 16 24 390 4
165.097 65.966 269.906 4 16 24 390 4
165.097 65.966 269.906 5 16 24 390 4
165.097 65.966 269.906 6 16 24 390 4
165.097 65.966 269.906 7 16 24 390 4
165.097 65.966 269.906 8 16 24 390 4
165.097 65.966 269.906 9 16 24 390 4
165.097 65.966 269.906 10 16 24 390 4
187.242 41.142 139.857 11 16 24 395 4
187.242 41.142 139.857 12 16 24 395 4
187.242 41.142 139.857 13 16 24 395 4
187.242 41.142 139.857 14 16 24 395 4
187.242 41.142 139.857 15 16 24 395 4
187.242 41.142 139.857 16 16 24 395 4
187.242 41.142 139.857 17 16 24 395 4
187.242 41.142 139.857 18 16 24 395 4
187.242 41.142 139.857 19 16 24 395 4
187.242 41.142 139.857 20 16 24 395 4
187.242 41.142 139.857 21 16 24 395 4
187.242 41.142 139.857 22 16 24 395 4
187.242 41.142 139.857 23 16 24 395 4
187.242 41.142 139.857 24 16 24 395 4
187.242 41.142 139.857 25 16 24 395 4
187.242 41.142 139.857 26 16 24 395 4
187.242 41.142 139.857 27 16 24 395 4
187.242 41.142 139.857 28 16 24 395 4
187.242 41.142 139.857 29 16 24 395 4
31.280 46.456 54.106 30 16 24 338 2
16.132 83.134 68.390 1 17 24 218 1
16.132 83.134 68.390 2 17 24 218 1
165.097 65.966 269.906 3 17 24 390 4
165.097 65.966 269.906 4 17 24 390 4
165.097 65.966 269.906 5 17 24 390 4
165.097 65.966 269.906 6 17 24 390 4
165.097 65.966 269.906 7 17 24 390 4
165.097 65.966 269.906 8 17 24 390 4
165.097 65.966 269.906 9 17 24 390 4
165.097 65.966 269.906 10 17 24 390 4
187.242 41.142 139.857 11 17 24 395 4
187.242 41.142 139.857 12 17 24 395 4
187.242 41.142 139.857 13 17 24 395 4
187.242 41.142 139.857 14 17 24 395 4
187.242 41.142 139.857 15 17 24 395 4
187.242 41.142 139.857 16 17 24 395 4
187.242 41.142 139.857 17 17 24 395 4
187.242 41.142 139.857 18 17 24 395 4
187.242 41.142 139.857 19 17 24 395 4
187.242 41.142 139.857 20 17 24 395 4
187.242 41.142 139.857 21 17 24 395 4
187.242 41.142 139.857 22 17 24 395 4
187.242 41.142 139.857 23 17 24 395 4
187.242 41.142 139.857 24 17 24 395 4
187.242 41.142 139.857 25 17 24 395 4
187.242 41.142 139.857 26 17 24 395 4
187.242 41.142 139.857 27 17 24 395 4
187.242 41.142 139.857 28 17 24 395 4
187.242 41.142 139.857 29 17 24 395 4
31.280 46.456 54.106 30 17 24 338 2
165.097 65.966 269.906 1 18 24 390 4
165.097 65.966 269.906 2 18 24 390 4
165.097 65.966 269.906 3 18 24 390 4
165.097 65.966 269.906 4 18 24 390 4
165.097 65.966 269.906 5 18 24 390 4
165.097 65.966 269.906 6 18 24 390 4
165.097 65.966 269.906 7 18 24 390 4
165.097 65.966 269.906 8 18 24 390 4
165.097 65.966 269.906 9 18 24 390 4
165.097 65.966 269.906 10 18 24 390 4
187.242 41.142 139.857 11 18 24 395 4
187.242 41.142 139.857 12 18 24 395 4
187.242 41.142 139.857 13 18 24 395 4
187.242 41.142 139.857 14 18 24 395 4
187.242 41.142 139.857 15 18 24 395 4
187.242 41.142 139.857 16 18 24 395 4
187.242 41.142 139.857 17 18 24 395 4
187.242 41.142 139.857 18 18 24 395 4
187.242 41.142 139.857 19 18 24 395 4
187.242 41.142 139.857 20 18 24 395 4
187.242 41.142 139.857 21 18 24 395 4
187.242 41.142 139.857 22 18 24 395 4
187.242 41.142 139.857 23 18 24 395 4
187.242 41.142 139.857 24 18 24 395 4
187.242 41.142 139.857 25 18 24 395 4
187.242 41.142 139.857 26 18 24 395 4
187.242 41.142 139.857 27 18 24 395 4
187.242 41.142 139.857 28 18 24 395 4
187.242 41.142 139.857 29 18 24 395 4
187.242 41.142 139.857 30 18 24 395 4
165.097 65.966 269.906 1 19 24 390 4
165.097 65.966 269.906 2 19 24 390 4
165.097 65.966 269.906 3 19 24 390 4
165.097 65.966 269.906 4 19 24 390 4
165.097 65.966 269.906 5 19 24 390 4
165.097 65.966 269.906 6 19 24 390 4
165.097 65.966 269.906 7 19 24 390 4
165.097 65.966 269.906 8 19 24 390 4
165.097 65.966 269.906 9 19 24 390 4
165.097 65.966 269.906 10 19 24 390 4
165.097 65.966 269.906 11 19 24 390 4
187.242 41.142 139.857 12 19 24 395 4
187.242 41.142 139.857 13 19 24 395 4
187.242 41.142 139.857 14 19 24 395 4
187.242 41.142 139.857 15 19 24 395 4
187.242 41.142 139.857 16 19 24 395 4
187.242 41.142 139.857 17 19 24 395 4
187.242 41.142 139.857 18 19 24 395 4
187.242 41.142 139.857 19 19 24 395 4
187.242 41.142 139.857 20 19 24 395 4
187.242 41.142 139.857 21 19 24 395 4
187.242 41.142 139.857 22 19 24 395 4
187.242 41.142 139.857 23 19 24 395 4
187.242 41.142 139.857 24 19 24 395 4
187.242 41.142 139.857 25 19 24 395 4
187.242 41.142 139.857 26 19 24 395 4
187.242 41.142 139.857 27 19 24 395 4
187.242 41.142 139.857 28 19 24 395 4
187.242 41.142 139.857 29 19 24 395 4
187.242 41.142 139.857 30 19 24 395 4
131.061 97.535 347.236 1 20 24 394 4
131.061 97.535 347.236 2 20 24 394 4
131.061 97.535 347.236 3 20 24 394 4
165.097 65.966 269.906 4 20 24 390 4
165.097 65.966 269.906 5 20 24 390 4
165.097 65.966 269.906 6 20 24 390 4
165.097 65.966 269.906 7 20 24 390 4
165.097 65.966 269.906 8 20 24 390 4
165.097 65.966 269.906 9 20 24 390 4
165.097 65.966 269.906 10 20 24 390 4
165.097 65.966 269.906 11 20 24 390 4
187.242 41.142 139.857 12 20 24 395 4
187.242 41.142 139.857 13 20 24 395 4
187.242 41.142 139.857 14 20 24 395 4
187.242 41.142 139.857 15 20 24 395 4
187.242 41.142 139.857 16 20 24 395 4
187.242 41.142 139.857 17 20 24 395 4
187.242 41.142 139.857 18 20 24 395 4
187.242 41.142 139.857 19 20 24 395 4
187.242 41.142 139.857 20 20 24 395 4
187.242 41.142 139.857 21 20 24 395 4
187.242 41.142 139.857 22 20 24 395 4
187.242 41.142 139.857 23 20 24 395 4
187.242 41.142 139.857 24 20 24 395 4
187.242 41.142 139.857 25 20 24 395 4
187.242 41.142 139.857 26 20 24 395 4
187.242 41.142 139.857 27 20 24 395 4
187.242 41.142 139.857 28 20 24 395 4
187.242 41.142 139.857 29 20 24 395 4
187.242 41.142 139.857 30 20 24 395 4
131.061 97.535 347.236 1 21 24 394 4
131.061 97.535 347.236 2 21 24 394 4
131.061 97.535 347.236 3 21 24 394 4
131.061 97.535 347.236 4 21 24 394 4
131.061 97.535 347.236 5 21 24 394 4
131.061 97.535 347.236 6 21 24 394 4
131.061 97.535 347.236 7 21 24 394 4
165.097 65.966 269.906 8 21 24 390 4
165.097 65.966 269.906 9 21 24 390 4
165.097 65.966 269.906 10 21 24 390 4
165.097 65.966 269.906 11 21 24 390 4
187.242 41.142 139.857 12 21 24 395 4
187.242 41.142 139.857 13 21 24 395 4
187.242 41.142 139.857 14 21 24 395 4
187.242 41.142 139.857 15 21 24 395 4
187.242 41.142 139.857 16 21 24 395 4
187.242 41.142 139.857 17 21 24 395 4
187.242 41.142 139.857 18 21 24 395 4
187.242 41.142 139.857 19 21 24 395 4
187.242 41.142 139.857 20 21 24 395 4
187.242 41.142 139.857 21 21 24 395 4
187.242 41.142 139.857 22 21 24 395 4
187.242 41.142 139.857 23 21 24 395 4
187.242 41.142 139.857 24 21 24 395 4
187.242 41.142 139.857 25 21 24 395 4
187.242 41.142 139.857 26 21 24 395 4
187.242 41.142 139.857 27 21 24 395 4
187.242 41.142 139.857 28 21 24 395 4
187.242 41.142 139.857 29 21 24 395 4
187.242 41.142 139.857 30 21 24 395 4
131.061 97.535 347.236 1 22 24 394 4
131.061 97.535 347.236 2 22 24 394 4
131.061 97.535 347.236 3 22 24 394 4
131.061 97.535 347.236 4 22 24 394 4
131.061 97.535 347.236 5 22 24 394 4
131.061 97.535 347.236 6 22 24 394 4
131.061 97.535 347.236 7 22 24 394 4
131.061 97.535 347.236 8 22 24 394 4
165.097 65.966 269.906 9 22 24 390 4
136.209 150.598 145.268 10 22 24 380 3
136.209 150.598 145.268 11 22 24 380 3
136.209 150.598 145.268 12 22 24 380 3
136.209 150.598 145.268 13 22 24 380 3
187.242 41.142 139.857 14 22 24 395 4
187.242 41.142 139.857 15 22 24 395 4
187.242 41.142 139.857 16 22 24 395 4
187.242 41.142 139.857 17 22 24 395 4
187.242 41.142 139.857 18 22 24 395 4
187.242 41.142 139.857 19 22 24 395 4
187.242 41.142 139.857 20 22 24 395 4
187.242 41.142 139.857 21 22 24 395 4
187.242 41.142 139.857 22 22 24 395 4
187.242 41.142 139.857 23 22 24 395 4
187.242 41.142 139.857 24 22 24 395 4
187.242 41.142 139.857 25 22 24 395 4
187.242 41.142 139.857 26 22 24 395 4
187.242 41.142 139.857 27 22 24 395 4
187.242 41.142 139.857 28 22 24 395 4
187.242 41.142 139.857 29 22 24 395 4
187.242 41.142 139.857 30 22 24 395 4
131.061 97.535 347.236 1 23 24 394 4
131.061 97.535 347.236 2 23 24 394 4
131.061 97.535 347.236 3 23 24 394 4
131.061 97.535 347.236 4 23 24 394 4
131.061 97.535 347.236 5 23 24 394 4
131.061 97.535 347.236 6 23 24 394 4
131.061 97.535 347.236 7 23 24 394 4
333.758 132.438 96.713 8 23 24 171 1
136.209 150.598 145.268 9 23 24 380 3
136.209 150.598 145.268 10 23 24 380 3
136.209 150.598 145.268 11 23 24 380 3
136.209 150.598 145.268 12 23 24 380 3
136.209 150.598 145.268 13 23 24 380 3
136.209 150.598 145.268 14 23 24 380 3
187.242 41.142 139.857 15 23 24 395 4
187.242 41.142 139.857 16 23 24 395 4
187.242 41.142 139.857 17 23 24 395 4
187.242 41.142 139.857 18 23 24 395 4
187.242 41.142 139.857 19 23 24 395 4
187.242 41.142 139.857 20 23 24 395 4
187.242 41.142 139.857 21 23 24 395 4
187.242 41.142 139.857 22 23 24 395 4
187.242 41.142 139.857 23 23 24 395 4
187.242 41.142 139.857 24 23 24 395 4
187.242 41.142 139.857 25 23 24 395 4
187.242 41.142 139.857 26 23 24 395 4
187.242 41.142 139.857 27 23 24 395 4
187.242 41.142 139.857 28 23 24 395 4
187.242 41.142 139.857 29 23 24 395 4
187.242 41.142 139.857 30 23 24 395 4
131.061 97.535 347.236 1 24 24 394 4
131.061 97.535 347.236 2 24 24 394 4
131.061 97.535 347.236 3 24 24 394 4
131.061 97.535 347.236 4 24 24 394 4
131.061 97.535 347.236 5 24 24 394 4
131.061 97.535 347.236 6 24 24 394 4
131.061 97.535 347.236 7 24 24 394 4
333.758 132.438 96.713 8 24 24 171 1
131.061 97.535 347.236 9 24 24 394 4
136.209 150.598 145.268 10 24 24 380 3
136.209 150.598 145.268 11 24 24 380 3
244.997 106.212 52.342 12 24 24 242 1
136.209 150.598 145.268 13 24 24 380 3
136.209 150.598 145.268 14 24 24 380 3
136.209 150.598 145.268 15 24 24 380 3
187.242 41.142 139.857 16 24 24 395 4
187.242 41.142 139.857 17 24 24 395 4
187.242 41.142 139.857 18 24 24 395 4
187.242 41.142 139.857 19 24 24 395 4
187.242 41.142 139.857 20 24 24 395 4
187.242 41.142 139.857 21 24 24 395 4
187.242 41.142 139.857 22 24 24 395 4
187.242 41.142 139.857 23 24 24 395 4
187.242 41.142 139.857 24 24 24 395 4
187.242 41.142 139.857 25 24 24 395 4
187.242 41.142 139.857 26 24 24 395 4
187.242 41.142 139.857 27 24 24 395 4
187.242 41.142 139.857 28 24 24 395 4
187.242 41.142 139.857 29 24 24 395 4
346.970 80.027 20.065 30 24 24 448 2
131.061 97.535 347.236 1 25 24 394 4
131.061 97.535 347.236 2 25 24 394 4
131.061 97.535 347.236 3 25 24 394 4
131.061 97.535 347.236 4 25 24 394 4
131.061 97.535 347.236 5 25 24 394 4
131.061 97.535 347.236 6 25 24 394 4
131.061 97.535 347.236 7 25 24 394 4
131.061 97.535 347.236 8 25 24 394 4
131.061 97.535 347.236 9 25 24 394 4
136.209 150.598 145.268 10 25 24 380 3
136.209 150.598 145.268 11 25 24 380 3
136.209 150.598 145.268 12 25 24 380 3
136.209 150.598 145.268 13 25 24 380 3
136.209 150.598 145.268 14 25 24 380 3
136.209 150.598 145.268 15 25 24 380 3
136.209 150.598 145.268 16 25 24 380 3
50.768 38.310 254.189 17 25 24 389 4
50.768 38.310 254.189 18 25 24 389 4
187.242 41.142 139.857 19 25 24 395 4
187.242 41.142 139.857 20 25 24 395 4
187.242 41.142 139.857 21 25 24 395 4
187.242 41.142 139.857 22 25 24 395 4
187.242 41.142 139.857 23 25 24 395 4
187.242 41.142 139.857 24 25 24 395 4
187.242 41.142 139.857 25 25 24 395 4
187.242 41.142 139.857 26 25 24 395 4
187.242 41.142 139.857 27 25 24 395 4
187.242 41.142 139.857 28 25 24 395 4
187.242 41.142 139.857 29 25 24 395 4
346.970 80.027 20.065 30 25 24 448 2
131.061 97.535 347.236 1 26 24 394 4
131.061 97.535 347.236 2 26 24 394 4
131.061 97.535 347.236 3 26 24 394 4
131.061 97.535 347.236 4 26 24 394 4
131.061 97.535 347.236 5 26 24 394 4
131.061 97.535 347.236 6 26 24 394 4
131.061 97.535 347.236 7 26 24 394 4
131.061 97.535 347.236 8 26 24 394 4
131.061 97.535 347.236 9 26 24 394 4
136.209 150.598 145.268 10 26 24 380 3
136.209 150.598 145.268 11 26 24 380 3
136.209 150.598 145.268 12 26 24 380 3
136.209 150.598 145.268 13 26 24 380 3
136.209 150.598 145.268 14 26 24 380 3
136.209 150.598 145.268 15 26 24 380 3
50.768 38.310 254.189 16 26 24 389 4
50.768 38.310 254.189 17 26 24 389 4
50.768 38.310 254.189 18 26 24 389 4
50.768 38.310 254.189 19 26 24 389 4
50.768 38.310 254.189 20 26 24 389 4
50.768 38.310 254.189 21 26 24 389 4
187.242 41.142 139.857 22 26 24 395 4
187.242 41.142 139.857 23 26 24 395 4
187.242 41.142 139.857 24 26 24 395 4
187.242 41.142 139.857 25 26 24 395 4
187.242 41.142 139.857 26 26 24 395 4
187.242 41.142 139.857 27 26 24 395 4
187.242 41.142 139.857 28 26 24 395 4
52.018 75.101 49.121 29 26 24 283 1
52.018 75.101 49.121 30 26 24 283 1
131.061 97.535 347.236 1 27 24 394 4
131.061 97.535 347.236 2 27 24 394 4
131.061 97.535 347.236 3 27 24 394 4
131.061 97.535 347.236 4 27 24 394 4
131.061 97.535 347.236 5 27 24 394 4
131.061 97.535 347.236 6 27 24 394 4
131.061 97.535 347.236 7 27 24 394 4
131.061 97.535 347.236 8 27 24 394 4
131.061 97.535 347.236 9 27 24 394 4
136.209 150.598 145.268 10 27 24 380 3
136.209 150.598 145.268 11 27 24 380 3
136.209 150.598 145.268 12 27 24 380 3
136.209 150.598 145.268 13 27 24 380 3
136.209 150.598 145.268 14 27 24 380 3
136.209 150.598 145.268 15 27 24 380 3
50.768 38.310 254.189 16 27 24 389 4
50.768 38.310 254.189 17 27 24 389 4
50.768 38.310 254.189 18 27 24 389 4
50.768 38.310 254.189 19 27 24 389 4
50.768 38.310 254.189 20 27 24 389 4
50.768 38.310 254.189 21 27 24 389 4
50.768 38.310 254.189 22 27 24 389 4
187.242 41.142 139.857 23 27 24 395 4
187.242 41.142 139.857 24 27 24 395 4
187.242 41.142 139.857 25 27 24 395 4
187.242 41.142 139.857 26 27 24 395 4
52.018 75.101 49.121 27 27 24 283 1
52.018 75.101 49.121 28 27 24 283 1
52.018 75.101 49.121 29 27 24 283 1
52.018 75.101 49.121 30 27 24 283 1
131.061 97.535 347.236 1 28 24 394 4
131.061 97.535 347.236 2 28 24 394 4
131.061 97.535 347.236 3 28 24 394 4
131.061 97.535 347.236 4 28 24 394 4
131.061 97.535 347.236 5 28 24 394 4
131.061 97.535 347.236 6 28 24 394 4
131.061 97.535 347.236 7 28 24 394 4
131.061 97.535 347.236 8 28 24 394 4
131.061 97.535 347.236 9 28 24 394 4
136.209 150.598 145.268 10 28 24 380 3
136.209 150.598 145.268 11 28 24 380 3
136.209 150.598 145.268 12 28 24 380 3
136.209 150.598 145.268 13 28 24 380 3
136.209 150.598 145.268 14 28 24 380 3
50.768 38.310 254.189 15 28 24 389 4
50.768 38.310 254.189 16 28 24 389 4
50.768 38.310 254.189 17 28 24 389 4
50.768 38.310 254.189 18 28 24 389 4
50.768 38.310 254.189 19 28 24 389 4
50.768 38.310 254.189 20 28 24 389 4
50.768 38.310 254.189 21 28 24 389 4
50.768 38.310 254.189 22 28 24 389 4
50.768 38.310 254.189 23 28 24 389 4
187.242 41.142 139.857 24 28 24 395 4
187.242 41.142 139.857 25 28 24 395 4
52.018 75.101 49.121 26 28 24 283 1
52.018 75.101 49.121 27 28 24 283 1
52.018 75.101 49.121 28 28 24 283 1
52.018 75.101 49.121 29 28 24 283 1
52.018 75.101 49.121 30 28 24 283 1
131.061 97.535 347.236 1 29 24 394 4
131.061 97.535 347.236 2 29 24 394 4
131.061 97.535 347.236 3 29 24 394 4
131.061 97.535 347.236 4 29 24 394 4
131.061 97.535 347.236 5 29 24 394 4
131.061 97.535 347.236 6 29 24 394 4
240.732 34.628 196.458 7 29 24 186 1
240.732 34.628 196.458 8 29 24 186 1
240.732 34.628 196.458 9 29 24 186 1
136.209 150.598 145.268 10 29 24 380 3
136.209 150.598 145.268 11 29 24 380 3
136.209 150.598 145.268 12 29 24 380 3
136.209 150.598 145.268 13 29 24 380 3
50.768 38.310 254.189 14 29 24 389 4
50.768 38.310 254.189 15 29 24 389 4
50.768 38.310 254.189 16 29 24 389 4
50.768 38.310 254.189 17 29 24 389 4
50.768 38.310 254.189 18 29 24 389 4
50.768 38.310 254.189 19 29 24 389 4
50.768 38.310 254.189 20 29 24 389 4
50.768 38.310 254.189 21 29 24 389 4
50.768 38.310 254.189 22 29 24 389 4
50.768 38.310 254.189 23 29 24 389 4
50.768 38.310 254.189 24 29 24 389 4
187.242 41.142 139.857 25 29 24 395 4
52.018 75.101 49.121 26 29 24 283 1
52.018 75.101 49.121 27 29 24 283 1
52.018 75.101 49.121 28 29 24 283 1
52.018 75.101 49.121 29 29 24 283 1
52.018 75.101 49.121 30 29 24 283 1
131.061 97.535 347.236 1 30 24 394 4
131.061 97.535 347.236 2 30 24 394 4
131.061 97.535 347.236 3 30 24 394 4
131.061 97.535 347.236 4 30 24 394 4
131.061 97.535 347.236 5 30 24 394 4
131.061 97.535 347.236 6 30 24 394 4
240.732 34.628 196.458 7 30 24 186 1
240.732 34.628 196.458 8 30 24 186 1
240.732 34.628 196.458 9 30 24 186 1
249.411 121.756 87.610 10 30 24 138 1
136.209 150.598 145.268 11 30 24 380 3
136.209 150.598 145.268 12 30 24 380 3
50.768 38.310 254.189 13 30 24 389 4
50.768 38.310 254.189 14 30 24 389 4
50.768 38.310 254.189 15 30 24 389 4
50.768 38.310 254.189 16 30 24 389 4
50.768 38.310 254.189 17 30 24 389 4
50.768 38.310 254.189 18 30 24 389 4
50.768 38.310 254.189 19 30 24 389 4
50.768 38.310 254.189 20 30 24 389 4
50.768 38.310 254.189 21 30 24 389 4
50.768 38.310 254.189 22 30 24 389 4
50.768 38.310 254.189 23 30 24 389 4
50.768 38.310 254.189 24 30 24 389 4
73.886 106.557 71.983 25 30 24 284 1
73.886 106.557 71.983 26 30 24 284 1
52.018 75.101 49.121 27 30 24 283 1
52.018 75.101 49.121 28 30 24 283 1
52.018 75.101 49.121 29 30 24 283 1
52.018 75.101 49.121 30 30 24 283 1
