43.474 102.962 66.521 1 1 16 385 3
43.474 102.962 66.521 2 1 16 385 3
43.474 102.962 66.521 3 1 16 385 3
43.474 102.962 66.521 4 1 16 385 3
43.474 102.962 66.521 5 1 16 385 3
43.474 102.962 66.521 6 1 16 385 3
43.474 102.962 66.521 7 1 16 385 3
43.474 102.962 66.521 8 1 16 385 3
43.474 102.962 66.521 9 1 16 385 3
43.474 102.962 66.521 10 1 16 385 3
43.474 102.962 66.521 11 1 16 385 3
43.474 102.962 66.521 12 1 16 385 3
43.474 102.962 66.521 13 1 16 385 3
43.474 102.962 66.521 14 1 16 385 3
43.474 102.962 66.521 15 1 16 385 3
43.474 102.962 66.521 16 1 16 385 3
43.474 102.962 66.521 17 1 16 385 3
64.172 33.188 69.813 18 1 16 387 4
41.770 84.540 147.654 19 1 16 120 1
41.770 84.540 147.654 20 1 16 120 1
56.862 145.713 194.301 21 1 16 383 3
56.862 145.713 194.301 22 1 16 383 3
56.862 145.713 194.301 23 1 16 383 3
56.862 145.713 194.301 24 1 16 383 3
56.862 145.713 194.301 25 1 16 383 3
56.862 145.713 194.301 26 1 16 383 3
56.862 145.713 194.301 27 1 16 383 3
169.259 123.954 99.233 28 1 16 378 2
169.259 123.954 99.233 29 1 16 378 2
169.259 123.954 99.233 30 1 16 378 2
43.474 102.962 66.521 1 2 16 385 3
43.474 102.962 66.521 2 2 16 385 3
43.474 102.962 66.521 3 2 16 385 3
43.474 102.962 66.521 4 2 16 385 3
43.474 102.962 66.521 5 2 16 385 3
43.474 102.962 66.521 6 2 16 385 3
43.474 102.962 66.521 7 2 16 385 3
43.474 102.962 66.521 8 2 16 385 3
43.474 102.962 66.521 9 2 16 385 3
43.474 102.962 66.521 10 2 16 385 3
43.474 102.962 66.521 11 2 16 385 3
43.474 102.962 66.521 12 2 16 385 3
43.474 102.962 66.521 13 2 16 385 3
43.474 102.962 66.521 14 2 16 385 3
43.474 102.962 66.521 15 2 16 385 3
43.474 102.962 66.521 16 2 16 385 3
64.172 33.188 69.813 17 2 16 387 4
64.172 33.188 69.813 18 2 16 387 4
41.770 84.540 147.654 19 2 16 120 1
41.770 84.540 147.654 20 2 16 120 1
56.862 145.713 194.301 21 2 16 383 3
56.862 145.713 194.301 22 2 16 383 3
56.862 145.713 194.301 23 2 16 383 3
56.862 145.713 194.301 24 2 16 383 3
56.862 145.713 194.301 25 2 16 383 3
56.862 145.713 194.301 26 2 16 383 3
169.259 123.954 99.233 27 2 16 378 2
169.259 123.954 99.233 28 2 16 378 2
169.259 123.954 99.233 29 2 16 378 2
169.259 123.954 99.233 30 2 16 378 2
43.474 102.962 66.521 1 3 16 385 3
43.474 102.962 66.521 2 3 16 385 3
43.474 102.962 66.521 3 3 16 385 3
43.474 102.962 66.521 4 3 16 385 3
43.474 102.962 66.521 5 3 16 385 3
43.474 102.962 66.521 6 3 16 385 3
43.474 102.962 66.521 7 3 16 385 3
43.474 102.962 66.521 8 3 16 385 3
43.474 102.962 66.521 9 3 16 385 3
43.474 102.962 66.521 10 3 16 385 3
43.474 102.962 66.521 11 3 16 385 3
43.474 102.962 66.521 12 3 16 385 3
43.474 102.962 66.521 13 3 16 385 3
43.474 102.962 66.521 14 3 16 385 3
43.474 102.962 66.521 15 3 16 385 3
64.172 33.188 69.813 16 3 16 387 4
64.172 33.188 69.813 17 3 16 387 4
64.172 33.188 69.813 18 3 16 387 4
41.770 84.540 147.654 19 3 16 120 1
41.770 84.540 147.654 20 3 16 120 1
56.862 145.713 194.301 21 3 16 383 3
56.862 145.713 194.301 22 3 16 383 3
56.862 145.713 194.301 23 3 16 383 3
56.862 145.713 194.301 24 3 16 383 3
56.862 145.713 194.301 25 3 16 383 3
250.703 128.087 308.112 26 3 16 49 1
169.259 123.954 99.233 27 3 16 378 2
169.259 123.954 99.233 28 3 16 378 2
169.259 123.954 99.233 29 3 16 378 2
169.259 123.954 99.233 30 3 16 378 2
43.474 102.962 66.521 1 4 16 385 3
43.474 102.962 66.521 2 4 16 385 3
43.474 102.962 66.521 3 4 16 385 3
43.474 102.962 66.521 4 4 16 385 3
43.474 102.962 66.521 5 4 16 385 3
43.474 102.962 66.521 6 4 16 385 3
43.474 102.962 66.521 7 4 16 385 3
43.474 102.962 66.521 8 4 16 385 3
43.474 102.962 66.521 9 4 16 385 3
43.474 102.962 66.521 10 4 16 385 3
43.474 102.962 66.521 11 4 16 385 3
43.474 102.962 66.521 12 4 16 385 3
43.474 102.962 66.521 13 4 16 385 3
43.474 102.962 66.521 14 4 16 385 3
43.474 102.962 66.521 15 4 16 385 3
64.172 33.188 69.813 16 4 16 387 4
64.172 33.188 69.813 17 4 16 387 4
64.172 33.188 69.813 18 4 16 387 4
64.172 33.188 69.813 19 4 16 387 4
64.172 33.188 69.813 20 4 16 387 4
275.827 156.704 0.491 21 4 16 69 1
56.862 145.713 194.301 22 4 16 383 3
56.862 145.713 194.301 23 4 16 383 3
56.862 145.713 194.301 24 4 16 383 3
250.703 128.087 308.112 25 4 16 49 1
250.703 128.087 308.112 26 4 16 49 1
169.259 123.954 99.233 27 4 16 378 2
169.259 123.954 99.233 28 4 16 378 2
169.259 123.954 99.233 29 4 16 378 2
169.259 123.954 99.233 30 4 16 378 2
43.474 102.962 66.521 1 5 16 385 3
43.474 102.962 66.521 2 5 16 385 3
43.474 102.962 66.521 3 5 16 385 3
43.474 102.962 66.521 4 5 16 385 3
43.474 102.962 66.521 5 5 16 385 3
43.474 102.962 66.521 6 5 16 385 3
43.474 102.962 66.521 7 5 16 385 3
43.474 102.962 66.521 8 5 16 385 3
43.474 102.962 66.521 9 5 16 385 3
43.474 102.962 66.521 10 5 16 385 3
43.474 102.962 66.521 11 5 16 385 3
43.474 102.962 66.521 12 5 16 385 3
43.474 102.962 66.521 13 5 16 385 3
43.474 102.962 66.521 14 5 16 385 3
43.474 102.962 66.521 15 5 16 385 3
342.095 110.842 180.792 16 5 16 250 1
342.095 110.842 180.792 17 5 16 250 1
41.770 84.540 147.654 18 5 16 120 1
64.172 33.188 69.813 19 5 16 387 4
275.827 156.704 0.491 20 5 16 69 1
275.827 156.704 0.491 21 5 16 69 1
275.827 156.704 0.491 22 5 16 69 1
56.862 145.713 194.301 23 5 16 383 3
56.862 145.713 194.301 24 5 16 383 3
250.703 128.087 308.112 25 5 16 49 1
250.703 128.087 308.112 26 5 16 49 1
169.259 123.954 99.233 27 5 16 378 2
169.259 123.954 99.233 28 5 16 378 2
169.259 123.954 99.233 29 5 16 378 2
169.259 123.954 99.233 30 5 16 378 2
43.474 102.962 66.521 1 6 16 385 3
43.474 102.962 66.521 2 6 16 385 3
43.474 102.962 66.521 3 6 16 385 3
43.474 102.962 66.521 4 6 16 385 3
43.474 102.962 66.521 5 6 16 385 3
43.474 102.962 66.521 6 6 16 385 3
43.474 102.962 66.521 7 6 16 385 3
43.474 102.962 66.521 8 6 16 385 3
43.474 102.962 66.521 9 6 16 385 3
43.474 102.962 66.521 10 6 16 385 3
43.474 102.962 66.521 11 6 16 385 3
43.474 102.962 66.521 12 6 16 385 3
43.474 102.962 66.521 13 6 16 385 3
43.474 102.962 66.521 14 6 16 385 3
342.095 110.842 180.792 15 6 16 250 1
342.095 110.842 180.792 16 6 16 250 1
342.095 110.842 180.792 17 6 16 250 1
41.770 84.540 147.654 18 6 16 120 1
275.827 156.704 0.491 19 6 16 69 1
275.827 156.704 0.491 20 6 16 69 1
275.827 156.704 0.491 21 6 16 69 1
275.827 156.704 0.491 22 6 16 69 1
56.862 145.713 194.301 23 6 16 383 3
56.862 145.713 194.301 24 6 16 383 3
34.397 84.336 310.738 25 6 16 211 1
11.684 44.776 147.370 26 6 16 312 1
169.259 123.954 99.233 27 6 16 378 2
169.259 123.954 99.233 28 6 16 378 2
31.280 46.456 54.106 29 6 16 338 2
88.431 127.325 329.230 30 6 16 342 2
43.474 102.962 66.521 1 7 16 385 3
43.474 102.962 66.521 2 7 16 385 3
43.474 102.962 66.521 3 7 16 385 3
43.474 102.962 66.521 4 7 16 385 3
43.474 102.962 66.521 5 7 16 385 3
43.474 102.962 66.521 6 7 16 385 3
43.474 102.962 66.521 7 7 16 385 3
43.474 102.962 66.521 8 7 16 385 3
43.474 102.962 66.521 9 7 16 385 3
43.474 102.962 66.521 10 7 16 385 3
43.474 102.962 66.521 11 7 16 385 3
43.474 102.962 66.521 12 7 16 385 3
43.474 102.962 66.521 13 7 16 385 3
43.474 102.962 66.521 14 7 16 385 3
342.095 110.842 180.792 15 7 16 250 1
342.095 110.842 180.792 16 7 16 250 1
342.095 110.842 180.792 17 7 16 250 1
41.770 84.540 147.654 18 7 16 120 1
275.827 156.704 0.491 19 7 16 69 1
275.827 156.704 0.491 20 7 16 69 1
275.827 156.704 0.491 21 7 16 69 1
275.827 156.704 0.491 22 7 16 69 1
212.193 117.663 24.879 23 7 16 149 1
212.193 117.663 24.879 24 7 16 149 1
34.397 84.336 310.738 25 7 16 211 1
34.397 84.336 310.738 26 7 16 211 1
34.397 84.336 310.738 27 7 16 211 1
34.397 84.336 310.738 28 7 16 211 1
31.280 46.456 54.106 29 7 16 338 2
31.280 46.456 54.106 30 7 16 338 2
43.474 102.962 66.521 1 8 16 385 3
43.474 102.962 66.521 2 8 16 385 3
43.474 102.962 66.521 3 8 16 385 3
43.474 102.962 66.521 4 8 16 385 3
43.474 102.962 66.521 5 8 16 385 3
43.474 102.962 66.521 6 8 16 385 3
43.474 102.962 66.521 7 8 16 385 3
43.474 102.962 66.521 8 8 16 385 3
43.474 102.962 66.521 9 8 16 385 3
43.474 102.962 66.521 10 8 16 385 3
43.474 102.962 66.521 11 8 16 385 3
43.474 102.962 66.521 12 8 16 385 3
43.474 102.962 66.521 13 8 16 385 3
43.474 102.962 66.521 14 8 16 385 3
342.095 110.842 180.792 15 8 16 250 1
342.095 110.842 180.792 16 8 16 250 1
164.460 128.281 213.803 17 8 16 76 1
164.460 128.281 213.803 18 8 16 76 1
223.082 16.101 203.059 19 8 16 227 1
223.082 16.101 203.059 20 8 16 227 1
223.082 16.101 203.059 21 8 16 227 1
223.082 16.101 203.059 22 8 16 227 1
212.193 117.663 24.879 23 8 16 149 1
212.193 117.663 24.879 24 8 16 149 1
212.193 117.663 24.879 25 8 16 149 1
34.397 84.336 310.738 26 8 16 211 1
34.397 84.336 310.738 27 8 16 211 1
34.397 84.336 310.738 28 8 16 211 1
31.280 46.456 54.106 29 8 16 338 2
31.280 46.456 54.106 30 8 16 338 2
43.474 102.962 66.521 1 9 16 385 3
43.474 102.962 66.521 2 9 16 385 3
43.474 102.962 66.521 3 9 16 385 3
43.474 102.962 66.521 4 9 16 385 3
41.479 67.785 331.257 5 9 16 58 1
41.479 67.785 331.257 6 9 16 58 1
43.474 102.962 66.521 7 9 16 385 3
43.474 102.962 66.521 8 9 16 385 3
43.474 102.962 66.521 9 9 16 385 3
43.474 102.962 66.521 10 9 16 385 3
43.474 102.962 66.521 11 9 16 385 3
43.474 102.962 66.521 12 9 16 385 3
43.474 102.962 66.521 13 9 16 385 3
43.474 102.962 66.521 14 9 16 385 3
109.701 96.417 151.992 15 9 16 62 1
109.701 96.417 151.992 16 9 16 62 1
164.460 128.281 213.803 17 9 16 76 1
164.460 128.281 213.803 18 9 16 76 1
164.460 128.281 213.803 19 9 16 76 1
223.082 16.101 203.059 20 9 16 227 1
223.082 16.101 203.059 21 9 16 227 1
223.082 16.101 203.059 22 9 16 227 1
212.193 117.663 24.879 23 9 16 149 1
212.193 117.663 24.879 24 9 16 149 1
212.193 117.663 24.879 25 9 16 149 1
143.668 95.126 27.646 26 9 16 339 2
143.668 95.126 27.646 27 9 16 339 2
34.397 84.336 310.738 28 9 16 211 1
31.280 46.456 54.106 29 9 16 338 2
31.280 46.456 54.106 30 9 16 338 2
43.474 102.962 66.521 1 10 16 385 3
43.474 102.962 66.521 2 10 16 385 3
43.474 102.962 66.521 3 10 16 385 3
43.474 102.962 66.521 4 10 16 385 3
43.474 102.962 66.521 5 10 16 385 3
43.474 102.962 66.521 6 10 16 385 3
43.474 102.962 66.521 7 10 16 385 3
43.474 102.962 66.521 8 10 16 385 3
43.474 102.962 66.521 9 10 16 385 3
43.474 102.962 66.521 10 10 16 385 3
43.474 102.962 66.521 11 10 16 385 3
43.474 102.962 66.521 12 10 16 385 3
43.474 102.962 66.521 13 10 16 385 3
109.701 96.417 151.992 14 10 16 62 1
109.701 96.417 151.992 15 10 16 62 1
109.701 96.417 151.992 16 10 16 62 1
187.242 41.142 139.857 17 10 16 395 4
306.116 95.266 230.093 18 10 16 5 1
164.460 128.281 213.803 19 10 16 76 1
164.460 128.281 213.803 20 10 16 76 1
164.460 128.281 213.803 21 10 16 76 1
143.668 95.126 27.646 22 10 16 339 2
143.668 95.126 27.646 23 10 16 339 2
143.668 95.126 27.646 24 10 16 339 2
143.668 95.126 27.646 25 10 16 339 2
143.668 95.126 27.646 26 10 16 339 2
143.668 95.126 27.646 27 10 16 339 2
143.668 95.126 27.646 28 10 16 339 2
31.280 46.456 54.106 29 10 16 338 2
31.280 46.456 54.106 30 10 16 338 2
43.474 102.962 66.521 1 11 16 385 3
43.474 102.962 66.521 2 11 16 385 3
43.474 102.962 66.521 3 11 16 385 3
43.474 102.962 66.521 4 11 16 385 3
43.474 102.962 66.521 5 11 16 385 3
43.474 102.962 66.521 6 11 16 385 3
43.474 102.962 66.521 7 11 16 385 3
43.474 102.962 66.521 8 11 16 385 3
43.474 102.962 66.521 9 11 16 385 3
43.474 102.962 66.521 10 11 16 385 3
43.474 102.962 66.521 11 11 16 385 3
43.474 102.962 66.521 12 11 16 385 3
170.156 71.054 267.352 13 11 16 262 1
170.156 71.054 267.352 14 11 16 262 1
109.701 96.417 151.992 15 11 16 62 1
109.701 96.417 151.992 16 11 16 62 1
187.242 41.142 139.857 17 11 16 395 4
187.242 41.142 139.857 18 11 16 395 4
187.242 41.142 139.857 19 11 16 395 4
273.485 133.016 287.600 20 11 16 40 1
187.242 41.142 139.857 21 11 16 395 4
187.242 41.142 139.857 22 11 16 395 4
143.668 95.126 27.646 23 11 16 339 2
143.668 95.126 27.646 24 11 16 339 2
143.668 95.126 27.646 25 11 16 339 2
143.668 95.126 27.646 26 11 16 339 2
143.668 95.126 27.646 27 11 16 339 2
143.668 95.126 27.646 28 11 16 339 2
31.280 46.456 54.106 29 11 16 338 2
31.280 46.456 54.106 30 11 16 338 2
43.474 102.962 66.521 1 12 16 385 3
43.474 102.962 66.521 2 12 16 385 3
43.474 102.962 66.521 3 12 16 385 3
43.474 102.962 66.521 4 12 16 385 3
43.474 102.962 66.521 5 12 16 385 3
43.474 102.962 66.521 6 12 16 385 3
43.474 102.962 66.521 7 12 16 385 3
43.474 102.962 66.521 8 12 16 385 3
43.474 102.962 66.521 9 12 16 385 3
43.474 102.962 66.521 10 12 16 385 3
43.474 102.962 66.521 11 12 16 385 3
43.474 102.962 66.521 12 12 16 385 3
170.156 71.054 267.352 13 12 16 262 1
187.242 41.142 139.857 14 12 16 395 4
187.242 41.142 139.857 15 12 16 395 4
187.242 41.142 139.857 16 12 16 395 4
187.242 41.142 139.857 17 12 16 395 4
187.242 41.142 139.857 18 12 16 395 4
187.242 41.142 139.857 19 12 16 395 4
57.675 127.266 17.028 20 12 16 305 1
57.675 127.266 17.028 21 12 16 305 1
187.242 41.142 139.857 22 12 16 395 4
143.668 95.126 27.646 23 12 16 339 2
143.668 95.126 27.646 24 12 16 339 2
143.668 95.126 27.646 25 12 16 339 2
143.668 95.126 27.646 26 12 16 339 2
143.668 95.126 27.646 27 12 16 339 2
143.668 95.126 27.646 28 12 16 339 2
31.280 46.456 54.106 29 12 16 338 2
31.280 46.456 54.106 30 12 16 338 2
43.474 102.962 66.521 1 13 16 385 3
43.474 102.962 66.521 2 13 16 385 3
43.474 102.962 66.521 3 13 16 385 3
43.474 102.962 66.521 4 13 16 385 3
43.474 102.962 66.521 5 13 16 385 3
43.474 102.962 66.521 6 13 16 385 3
43.474 102.962 66.521 7 13 16 385 3
43.474 102.962 66.521 8 13 16 385 3
43.474 102.962 66.521 9 13 16 385 3
43.474 102.962 66.521 10 13 16 385 3
43.474 102.962 66.521 11 13 16 385 3
43.474 102.962 66.521 12 13 16 385 3
187.242 41.142 139.857 13 13 16 395 4
187.242 41.142 139.857 14 13 16 395 4
187.242 41.142 139.857 15 13 16 395 4
187.242 41.142 139.857 16 13 16 395 4
187.242 41.142 139.857 17 13 16 395 4
187.242 41.142 139.857 18 13 16 395 4
187.242 41.142 139.857 19 13 16 395 4
187.242 41.142 139.857 20 13 16 395 4
187.242 41.142 139.857 21 13 16 395 4
187.242 41.142 139.857 22 13 16 395 4
187.242 41.142 139.857 23 13 16 395 4
187.242 41.142 139.857 24 13 16 395 4
143.668 95.126 27.646 25 13 16 339 2
143.668 95.126 27.646 26 13 16 339 2
143.668 95.126 27.646 27 13 16 339 2
359.561 100.590 197.796 28 13 16 392 4
233.928 47.430 181.948 29 13 16 340 2
31.280 46.456 54.106 30 13 16 338 2
43.474 102.962 66.521 1 14 16 385 3
43.474 102.962 66.521 2 14 16 385 3
43.474 102.962 66.521 3 14 16 385 3
43.474 102.962 66.521 4 14 16 385 3
43.474 102.962 66.521 5 14 16 385 3
43.474 102.962 66.521 6 14 16 385 3
43.474 102.962 66.521 7 14 16 385 3
43.474 102.962 66.521 8 14 16 385 3
43.474 102.962 66.521 9 14 16 385 3
43.474 102.962 66.521 10 14 16 385 3
43.474 102.962 66.521 11 14 16 385 3
106.032 144.724 202.766 12 14 16 443 2
187.242 41.142 139.857 13 14 16 395 4
187.242 41.142 139.857 14 14 16 395 4
187.242 41.142 139.857 15 14 16 395 4
187.242 41.142 139.857 16 14 16 395 4
187.242 41.142 139.857 17 14 16 395 4
187.242 41.142 139.857 18 14 16 395 4
187.242 41.142 139.857 19 14 16 395 4
187.242 41.142 139.857 20 14 16 395 4
187.242 41.142 139.857 21 14 16 395 4
187.242 41.142 139.857 22 14 16 395 4
187.242 41.142 139.857 23 14 16 395 4
187.242 41.142 139.857 24 14 16 395 4
187.242 41.142 139.857 25 14 16 395 4
187.242 41.142 139.857 26 14 16 395 4
359.561 100.590 197.796 27 14 16 392 4
359.561 100.590 197.796 28 14 16 392 4
359.561 100.590 197.796 29 14 16 392 4
359.561 100.590 197.796 30 14 16 392 4
43.474 102.962 66.521 1 15 16 385 3
43.474 102.962 66.521 2 15 16 385 3
43.474 102.962 66.521 3 15 16 385 3
43.474 102.962 66.521 4 15 16 385 3
43.474 102.962 66.521 5 15 16 385 3
43.474 102.962 66.521 6 15 16 385 3
43.474 102.962 66.521 7 15 16 385 3
43.474 102.962 66.521 8 15 16 385 3
43.474 102.962 66.521 9 15 16 385 3
43.474 102.962 66.521 10 15 16 385 3
106.032 144.724 202.766 11 15 16 443 2
106.032 144.724 202.766 12 15 16 443 2
106.032 144.724 202.766 13 15 16 443 2
187.242 41.142 139.857 14 15 16 395 4
187.242 41.142 139.857 15 15 16 395 4
187.242 41.142 139.857 16 15 16 395 4
187.242 41.142 139.857 17 15 16 395 4
187.242 41.142 139.857 18 15 16 395 4
187.242 41.142 139.857 19 15 16 395 4
187.242 41.142 139.857 20 15 16 395 4
187.242 41.142 139.857 21 15 16 395 4
187.242 41.142 139.857 22 15 16 395 4
187.242 41.142 139.857 23 15 16 395 4
187.242 41.142 139.857 24 15 16 395 4
187.242 41.142 139.857 25 15 16 395 4
187.242 41.142 139.857 26 15 16 395 4
359.561 100.590 197.796 27 15 16 392 4
359.561 100.590 197.796 28 15 16 392 4
359.561 100.590 197.796 29 15 16 392 4
359.561 100.590 197.796 30 15 16 392 4
43.474 102.962 66.521 1 16 16 385 3
43.474 102.962 66.521 2 16 16 385 3
43.474 102.962 66.521 3 16 16 385 3
43.474 102.962 66.521 4 16 16 385 3
43.474 102.962 66.521 5 16 16 385 3
43.474 102.962 66.521 6 16 16 385 3
43.474 102.962 66.521 7 16 16 385 3
43.474 102.962 66.521 8 16 16 385 3
43.474 102.962 66.521 9 16 16 385 3
106.032 144.724 202.766 10 16 16 443 2
106.032 144.724 202.766 11 16 16 443 2
106.032 144.724 202.766 12 16 16 443 2
106.032 144.724 202.766 13 16 16 443 2
187.242 41.142 139.857 14 16 16 395 4
187.242 41.142 139.857 15 16 16 395 4
187.242 41.142 139.857 16 16 16 395 4
187.242 41.142 139.857 17 16 16 395 4
187.242 41.142 139.857 18 16 16 395 4
187.242 41.142 139.857 19 16 16 395 4
187.242 41.142 139.857 20 16 16 395 4
187.242 41.142 139.857 21 16 16 395 4
187.242 41.142 139.857 22 16 16 395 4
187.242 41.142 139.857 23 16 16 395 4
187.242 41.142 139.857 24 16 16 395 4
187.242 41.142 139.857 25 16 16 395 4
187.242 41.142 139.857 26 16 16 395 4
359.561 100.590 197.796 27 16 16 392 4
359.561 100.590 197.796 28 16 16 392 4
359.561 100.590 197.796 29 16 16 392 4
359.561 100.590 197.796 30 16 16 392 4
201.180 88.891 17.695 1 17 16 353 2
201.180 88.891 17.695 2 17 16 353 2
43.474 102.962 66.521 3 17 16 385 3
43.474 102.962 66.521 4 17 16 385 3
43.474 102.962 66.521 5 17 16 385 3
43.474 102.962 66.521 6 17 16 385 3
43.474 102.962 66.521 7 17 16 385 3
43.474 102.962 66.521 8 17 16 385 3
106.032 144.724 202.766 9 17 16 443 2
106.032 144.724 202.766 10 17 16 443 2
106.032 144.724 202.766 11 17 16 443 2
106.032 144.724 202.766 12 17 16 443 2
106.032 144.724 202.766 13 17 16 443 2
106.032 144.724 202.766 14 17 16 443 2
187.242 41.142 139.857 15 17 16 395 4
187.242 41.142 139.857 16 17 16 395 4
187.242 41.142 139.857 17 17 16 395 4
187.242 41.142 139.857 18 17 16 395 4
187.242 41.142 139.857 19 17 16 395 4
187.242 41.142 139.857 20 17 16 395 4
187.242 41.142 139.857 21 17 16 395 4
187.242 41.142 139.857 22 17 16 395 4
187.242 41.142 139.857 23 17 16 395 4
187.242 41.142 139.857 24 17 16 395 4
187.242 41.142 139.857 25 17 16 395 4
187.242 41.142 139.857 26 17 16 395 4
187.242 41.142 139.857 27 17 16 395 4
359.561 100.590 197.796 28 17 16 392 4
359.561 100.590 197.796 29 17 16 392 4
359.561 100.590 197.796 30 17 16 392 4
201.180 88.891 17.695 1 18 16 353 2
201.180 88.891 17.695 2 18 16 353 2
201.180 88.891 17.695 3 18 16 353 2
201.180 88.891 17.695 4 18 16 353 2
43.474 102.962 66.521 5 18 16 385 3
43.474 102.962 66.521 6 18 16 385 3
43.474 102.962 66.521 7 18 16 385 3
43.474 102.962 66.521 8 18 16 385 3
106.032 144.724 202.766 9 18 16 443 2
106.032 144.724 202.766 10 18 16 443 2
106.032 144.724 202.766 11 18 16 443 2
106.032 144.724 202.766 12 18 16 443 2
106.032 144.724 202.766 13 18 16 443 2
106.032 144.724 202.766 14 18 16 443 2
187.242 41.142 139.857 15 18 16 395 4
187.242 41.142 139.857 16 18 16 395 4
187.242 41.142 139.857 17 18 16 395 4
187.242 41.142 139.857 18 18 16 395 4
187.242 41.142 139.857 19 18 16 395 4
187.242 41.142 139.857 20 18 16 395 4
187.242 41.142 139.857 21 18 16 395 4
187.242 41.142 139.857 22 18 16 395 4
187.242 41.142 139.857 23 18 16 395 4
187.242 41.142 139.857 24 18 16 395 4
187.242 41.142 139.857 25 18 16 395 4
187.242 41.142 139.857 26 18 16 395 4
187.242 41.142 139.857 27 18 16 395 4
359.561 100.590 197.796 28 18 16 392 4
359.561 100.590 197.796 29 18 16 392 4
359.561 100.590 197.796 30 18 16 392 4
201.180 88.891 17.695 1 19 16 353 2
201.180 88.891 17.695 2 19 16 353 2
201.180 88.891 17.695 3 19 16 353 2
201.180 88.891 17.695 4 19 16 353 2
201.180 88.891 17.695 5 19 16 353 2
43.474 102.962 66.521 6 19 16 385 3
43.474 102.962 66.521 7 19 16 385 3
43.474 102.962 66.521 8 19 16 385 3
106.032 144.724 202.766 9 19 16 443 2
106.032 144.724 202.766 10 19 16 443 2
106.032 144.724 202.766 11 19 16 443 2
106.032 144.724 202.766 12 19 16 443 2
143.014 78.584 68.497 13 19 16 318 2
143.014 78.584 68.497 14 19 16 318 2
187.242 41.142 139.857 15 19 16 395 4
187.242 41.142 139.857 16 19 16 395 4
187.242 41.142 139.857 17 19 16 395 4
187.242 41.142 139.857 18 19 16 395 4
187.242 41.142 139.857 19 19 16 395 4
187.242 41.142 139.857 20 19 16 395 4
187.242 41.142 139.857 21 19 16 395 4
187.242 41.142 139.857 22 19 16 395 4
187.242 41.142 139.857 23 19 16 395 4
187.242 41.142 139.857 24 19 16 395 4
187.242 41.142 139.857 25 19 16 395 4
187.242 41.142 139.857 26 19 16 395 4
187.242 41.142 139.857 27 19 16 395 4
187.242 41.142 139.857 28 19 16 395 4
359.561 100.590 197.796 29 19 16 392 4
359.561 100.590 197.796 30 19 16 392 4
201.180 88.891 17.695 1 20 16 353 2
317.648 81.484 319.373 2 20 16 364 2
201.180 88.891 17.695 3 20 16 353 2
201.180 88.891 17.695 4 20 16 353 2
201.180 88.891 17.695 5 20 16 353 2
201.180 88.891 17.695 6 20 16 353 2
336.357 104.932 333.975 7 20 16 393 4
336.357 104.932 333.975 8 20 16 393 4
90.401 79.997 109.566 9 20 16 350 2
90.401 79.997 109.566 10 20 16 350 2
90.401 79.997 109.566 11 20 16 350 2
90.401 79.997 109.566 12 20 16 350 2
143.014 78.584 68.497 13 20 16 318 2
143.014 78.584 68.497 14 20 16 318 2
319.528 35.005 67.487 15 20 16 396 4
317.555 51.643 238.025 16 20 16 298 1
187.242 41.142 139.857 17 20 16 395 4
187.242 41.142 139.857 18 20 16 395 4
187.242 41.142 139.857 19 20 16 395 4
187.242 41.142 139.857 20 20 16 395 4
187.242 41.142 139.857 21 20 16 395 4
187.242 41.142 139.857 22 20 16 395 4
187.242 41.142 139.857 23 20 16 395 4
187.242 41.142 139.857 24 20 16 395 4
187.242 41.142 139.857 25 20 16 395 4
187.242 41.142 139.857 26 20 16 395 4
187.242 41.142 139.857 27 20 16 395 4
187.242 41.142 139.857 28 20 16 395 4
359.561 100.590 197.796 29 20 16 392 4
359.561 100.590 197.796 30 20 16 392 4
201.180 88.891 17.695 1 21 16 353 2
201.180 88.891 17.695 2 21 16 353 2
201.180 88.891 17.695 3 21 16 353 2
201.180 88.891 17.695 4 21 16 353 2
201.180 88.891 17.695 5 21 16 353 2
336.357 104.932 333.975 6 21 16 393 4
336.357 104.932 333.975 7 21 16 393 4
336.357 104.932 333.975 8 21 16 393 4
336.357 104.932 333.975 9 21 16 393 4
90.401 79.997 109.566 10 21 16 350 2
90.401 79.997 109.566 11 21 16 350 2
90.401 79.997 109.566 12 21 16 350 2
90.401 79.997 109.566 13 21 16 350 2
319.528 35.005 67.487 14 21 16 396 4
319.528 35.005 67.487 15 21 16 396 4
319.528 35.005 67.487 16 21 16 396 4
187.242 41.142 139.857 17 21 16 395 4
187.242 41.142 139.857 18 21 16 395 4
187.242 41.142 139.857 19 21 16 395 4
187.242 41.142 139.857 20 21 16 395 4
187.242 41.142 139.857 21 21 16 395 4
187.242 41.142 139.857 22 21 16 395 4
187.242 41.142 139.857 23 21 16 395 4
187.242 41.142 139.857 24 21 16 395 4
187.242 41.142 139.857 25 21 16 395 4
187.242 41.142 139.857 26 21 16 395 4
187.242 41.142 139.857 27 21 16 395 4
187.242 41.142 139.857 28 21 16 395 4
359.561 100.590 197.796 29 21 16 392 4
359.561 100.590 197.796 30 21 16 392 4
201.180 88.891 17.695 1 22 16 353 2
201.180 88.891 17.695 2 22 16 353 2
201.180 88.891 17.695 3 22 16 353 2
201.180 88.891 17.695 4 22 16 353 2
201.180 88.891 17.695 5 22 16 353 2
336.357 104.932 333.975 6 22 16 393 4
336.357 104.932 333.975 7 22 16 393 4
336.357 104.932 333.975 8 22 16 393 4
336.357 104.932 333.975 9 22 16 393 4
336.357 104.932 333.975 10 22 16 393 4
90.401 79.997 109.566 11 22 16 350 2
90.401 79.997 109.566 12 22 16 350 2
90.401 79.997 109.566 13 22 16 350 2
319.528 35.005 67.487 14 22 16 396 4
319.528 35.005 67.487 15 22 16 396 4
319.528 35.005 67.487 16 22 16 396 4
187.242 41.142 139.857 17 22 16 395 4
187.242 41.142 139.857 18 22 16 395 4
187.242 41.142 139.857 19 22 16 395 4
187.242 41.142 139.857 20 22 16 395 4
187.242 41.142 139.857 21 22 16 395 4
187.242 41.142 139.857 22 22 16 395 4
187.242 41.142 139.857 23 22 16 395 4
187.242 41.142 139.857 24 22 16 395 4
187.242 41.142 139.857 25 22 16 395 4
187.242 41.142 139.857 26 22 16 395 4
187.242 41.142 139.857 27 22 16 395 4
187.242 41.142 139.857 28 22 16 395 4
359.561 100.590 197.796 29 22 16 392 4
359.561 100.590 197.796 30 22 16 392 4
201.180 88.891 17.695 1 23 16 353 2
201.180 88.891 17.695 2 23 16 353 2
201.180 88.891 17.695 3 23 16 353 2
201.180 88.891 17.695 4 23 16 353 2
336.357 104.932 333.975 5 23 16 393 4
336.357 104.932 333.975 6 23 16 393 4
336.357 104.932 333.975 7 23 16 393 4
336.357 104.932 333.975 8 23 16 393 4
336.357 104.932 333.975 9 23 16 393 4
336.357 104.932 333.975 10 23 16 393 4
90.401 79.997 109.566 11 23 16 350 2
90.401 79.997 109.566 12 23 16 350 2
90.401 79.997 109.566 13 23 16 350 2
319.528 35.005 67.487 14 23 16 396 4
319.528 35.005 67.487 15 23 16 396 4
319.528 35.005 67.487 16 23 16 396 4
187.242 41.142 139.857 17 23 16 395 4
187.242 41.142 139.857 18 23 16 395 4
187.242 41.142 139.857 19 23 16 395 4
187.242 41.142 139.857 20 23 16 395 4
187.242 41.142 139.857 21 23 16 395 4
187.242 41.142 139.857 22 23 16 395 4
187.242 41.142 139.857 23 23 16 395 4
187.242 41.142 139.857 24 23 16 395 4
187.242 41.142 139.857 25 23 16 395 4
187.242 41.142 139.857 26 23 16 395 4
187.242 41.142 139.857 27 23 16 395 4
128.250 111.419 255.082 28 23 16 194 1
359.561 100.590 197.796 29 23 16 392 4
359.561 100.590 197.796 30 23 16 392 4
131.061 97.535 347.236 1 24 16 394 4
201.180 88.891 17.695 2 24 16 353 2
336.357 104.932 333.975 3 24 16 393 4
336.357 104.932 333.975 4 24 16 393 4
336.357 104.932 333.975 5 24 16 393 4
336.357 104.932 333.975 6 24 16 393 4
336.357 104.932 333.975 7 24 16 393 4
336.357 104.932 333.975 8 24 16 393 4
336.357 104.932 333.975 9 24 16 393 4
336.357 104.932 333.975 10 24 16 393 4
336.357 104.932 333.975 11 24 16 393 4
319.528 35.005 67.487 12 24 16 396 4
319.528 35.005 67.487 13 24 16 396 4
67.649 92.196 357.414 14 24 16 314 1
319.528 35.005 67.487 15 24 16 396 4
144.197 90.662 46.428 16 24 16 251 1
319.528 35.005 67.487 17 24 16 396 4
187.242 41.142 139.857 18 24 16 395 4
187.242 41.142 139.857 19 24 16 395 4
187.242 41.142 139.857 20 24 16 395 4
187.242 41.142 139.857 21 24 16 395 4
187.242 41.142 139.857 22 24 16 395 4
187.242 41.142 139.857 23 24 16 395 4
187.242 41.142 139.857 24 24 16 395 4
187.242 41.142 139.857 25 24 16 395 4
187.242 41.142 139.857 26 24 16 395 4
128.250 111.419 255.082 27 24 16 194 1
128.250 111.419 255.082 28 24 16 194 1
359.561 100.590 197.796 29 24 16 392 4
359.561 100.590 197.796 30 24 16 392 4
336.357 104.932 333.975 1 25 16 393 4
336.357 104.932 333.975 2 25 16 393 4
336.357 104.932 333.975 3 25 16 393 4
336.357 104.932 333.975 4 25 16 393 4
336.357 104.932 333.975 5 25 16 393 4
336.357 104.932 333.975 6 25 16 393 4
336.357 104.932 333.975 7 25 16 393 4
336.357 104.932 333.975 8 25 16 393 4
336.357 104.932 333.975 9 25 16 393 4
336.357 104.932 333.975 10 25 16 393 4
336.357 104.932 333.975 11 25 16 393 4
336.357 104.932 333.975 12 25 16 393 4
220.767 38.152 307.315 13 25 16 155 1
319.528 35.005 67.487 14 25 16 396 4
319.528 35.005 67.487 15 25 16 396 4
180.048 11.177 135.539 16 25 16 301 1
180.048 11.177 135.539 17 25 16 301 1
180.048 11.177 135.539 18 25 16 301 1
187.242 41.142 139.857 19 25 16 395 4
187.242 41.142 139.857 20 25 16 395 4
187.242 41.142 139.857 21 25 16 395 4
187.242 41.142 139.857 22 25 16 395 4
187.242 41.142 139.857 23 25 16 395 4
187.242 41.142 139.857 24 25 16 395 4
187.242 41.142 139.857 25 25 16 395 4
187.242 41.142 139.857 26 25 16 395 4
128.250 111.419 255.082 27 25 16 194 1
359.561 100.590 197.796 28 25 16 392 4
359.561 100.590 197.796 29 25 16 392 4
326.513 54.738 221.404 30 25 16 349 2
336.357 104.932 333.975 1 26 16 393 4
336.357 104.932 333.975 2 26 16 393 4
336.357 104.932 333.975 3 26 16 393 4
336.357 104.932 333.975 4 26 16 393 4
336.357 104.932 333.975 5 26 16 393 4
336.357 104.932 333.975 6 26 16 393 4
336.357 104.932 333.975 7 26 16 393 4
336.357 104.932 333.975 8 26 16 393 4
336.357 104.932 333.975 9 26 16 393 4
336.357 104.932 333.975 10 26 16 393 4
336.357 104.932 333.975 11 26 16 393 4
336.357 104.932 333.975 12 26 16 393 4
354.877 86.066 218.395 13 26 16 361 2
354.877 86.066 218.395 14 26 16 361 2
354.877 86.066 218.395 15 26 16 361 2
319.528 35.005 67.487 16 26 16 396 4
180.048 11.177 135.539 17 26 16 301 1
180.048 11.177 135.539 18 26 16 301 1
82.917 94.744 230.011 19 26 16 100 1
180.048 11.177 135.539 20 26 16 301 1
187.242 41.142 139.857 21 26 16 395 4
187.242 41.142 139.857 22 26 16 395 4
187.242 41.142 139.857 23 26 16 395 4
187.242 41.142 139.857 24 26 16 395 4
187.242 41.142 139.857 25 26 16 395 4
187.242 41.142 139.857 26 26 16 395 4
359.561 100.590 197.796 27 26 16 392 4
359.561 100.590 197.796 28 26 16 392 4
326.513 54.738 221.404 29 26 16 349 2
326.513 54.738 221.404 30 26 16 349 2
336.357 104.932 333.975 1 27 16 393 4
336.357 104.932 333.975 2 27 16 393 4
336.357 104.932 333.975 3 27 16 393 4
336.357 104.932 333.975 4 27 16 393 4
336.357 104.932 333.975 5 27 16 393 4
336.357 104.932 333.975 6 27 16 393 4
336.357 104.932 333.975 7 27 16 393 4
336.357 104.932 333.975 8 27 16 393 4
336.357 104.932 333.975 9 27 16 393 4
336.357 104.932 333.975 10 27 16 393 4
336.357 104.932 333.975 11 27 16 393 4
336.357 104.932 333.975 12 27 16 393 4
354.877 86.066 218.395 13 27 16 361 2
354.877 86.066 218.395 14 27 16 361 2
354.877 86.066 218.395 15 27 16 361 2
354.877 86.066 218.395 16 27 16 361 2
354.877 86.066 218.395 17 27 16 361 2
180.048 11.177 135.539 18 27 16 301 1
180.048 11.177 135.539 19 27 16 301 1
180.048 11.177 135.539 20 27 16 301 1
180.048 11.177 135.539 21 27 16 301 1
317.556 42.279 30.935 22 27 16 31 1
317.556 42.279 30.935 23 27 16 31 1
317.556 42.279 30.935 24 27 16 31 1
131.619 112.124 216.498 25 27 16 115 1
131.619 112.124 216.498 26 27 16 115 1
116.462 131.967 180.882 27 27 16 176 1
326.513 54.738 221.404 28 27 16 349 2
326.513 54.738 221.404 29 27 16 349 2
326.513 54.738 221.404 30 27 16 349 2
336.357 104.932 333.975 1 28 16 393 4
336.357 104.932 333.975 2 28 16 393 4
336.357 104.932 333.975 3 28 16 393 4
336.357 104.932 333.975 4 28 16 393 4
336.357 104.932 333.975 5 28 16 393 4
336.357 104.932 333.975 6 28 16 393 4
336.357 104.932 333.975 7 28 16 393 4
336.357 104.932 333.975 8 28 16 393 4
336.357 104.932 333.975 9 28 16 393 4
336.357 104.932 333.975 10 28 16 393 4
336.357 104.932 333.975 11 28 16 393 4
336.357 104.932 333.975 12 28 16 393 4
354.877 86.066 218.395 13 28 16 361 2
354.877 86.066 218.395 14 28 16 361 2
354.877 86.066 218.395 15 28 16 361 2
354.877 86.066 218.395 16 28 16 361 2
354.877 86.066 218.395 17 28 16 361 2
354.877 86.066 218.395 18 28 16 361 2
132.303 84.087 215.660 19 28 16 41 1
132.303 84.087 215.660 20 28 16 41 1
132.303 84.087 215.660 21 28 16 41 1
317.556 42.279 30.935 22 28 16 31 1
317.556 42.279 30.935 23 28 16 31 1
317.556 42.279 30.935 24 28 16 31 1
131.619 112.124 216.498 25 28 16 115 1
131.619 112.124 216.498 26 28 16 115 1
116.462 131.967 180.882 27 28 16 176 1
116.462 131.967 180.882 28 28 16 176 1
326.513 54.738 221.404 29 28 16 349 2
326.513 54.738 221.404 30 28 16 349 2
336.357 104.932 333.975 1 29 16 393 4
336.357 104.932 333.975 2 29 16 393 4
336.357 104.932 333.975 3 29 16 393 4
336.357 104.932 333.975 4 29 16 393 4
336.357 104.932 333.975 5 29 16 393 4
336.357 104.932 333.975 6 29 16 393 4
336.357 104.932 333.975 7 29 16 393 4
336.357 104.932 333.975 8 29 16 393 4
336.357 104.932 333.975 9 29 16 393 4
336.357 104.932 333.975 10 29 16 393 4
336.357 104.932 333.975 11 29 16 393 4
336.357 104.932 333.975 12 29 16 393 4
354.877 86.066 218.395 13 29 16 361 2
354.877 86.066 218.395 14 29 16 361 2
354.877 86.066 218.395 15 29 16 361 2
354.877 86.066 218.395 16 29 16 361 2
354.877 86.066 218.395 17 29 16 361 2
132.303 84.087 215.660 18 29 16 41 1
132.303 84.087 215.660 19 29 16 41 1
132.303 84.087 215.660 20 29 16 41 1
132.303 84.087 215.660 21 29 16 41 1
132.303 84.087 215.660 22 29 16 41 1
317.556 42.279 30.935 23 29 16 31 1
317.556 42.279 30.935 24 29 16 31 1
131.619 112.124 216.498 25 29 16 115 1
131.619 112.124 216.498 26 29 16 115 1
116.462 131.967 180.882 27 29 16 176 1
116.462 131.967 180.882 28 29 16 176 1
326.513 54.738 221.404 29 29 16 349 2
326.513 54.738 221.404 30 29 16 349 2
336.357 104.932 333.975 1 30 16 393 4
336.357 104.932 333.975 2 30 16 393 4
336.357 104.932 333.975 3 30 16 393 4
336.357 104.932 333.975 4 30 16 393 4
336.357 104.932 333.975 5 30 16 393 4
336.357 104.932 333.975 6 30 16 393 4
336.357 104.932 333.975 7 30 16 393 4
336.357 104.932 333.975 8 30 16 393 4
336.357 104.932 333.975 9 30 16 393 4
336.357 104.932 333.975 10 30 16 393 4
336.357 104.932 333.975 11 30 16 393 4
336.357 104.932 333.975 12 30 16 393 4
336.357 104.932 333.975 13 30 16 393 4
354.877 86.066 218.395 14 30 16 361 2
354.877 86.066 218.395 15 30 16 361 2
354.877 86.066 218.395 16 30 16 361 2
354.877 86.066 218.395 17 30 16 361 2
132.303 84.087 215.660 18 30 16 41 1
132.303 84.087 215.660 19 30 16 41 1
132.303 84.087 215.660 20 30 16 41 1
132.303 84.087 215.660 21 30 16 41 1
132.303 84.087 215.660 22 30 16 41 1
317.556 42.279 30.935 23 30 16 31 1
317.556 42.279 30.935 24 30 16 31 1
131.619 112.124 216.498 25 30 16 115 1
131.619 112.124 216.498 26 30 16 115 1
116.462 131.967 180.882 27 30 16 176 1
116.462 131.967 180.882 28 30 16 176 1
98.412 110.738 236.188 29 30 16 307 1
326.513 54.738 221.404 30 30 16 349 2
