36.286 113.727 296.787 1 1 23 388 4
36.286 113.727 296.787 2 1 23 388 4
36.286 113.727 296.787 3 1 23 388 4
36.286 113.727 296.787 4 1 23 388 4
36.286 113.727 296.787 5 1 23 388 4
36.286 113.727 296.787 6 1 23 388 4
36.286 113.727 296.787 7 1 23 388 4
36.286 113.727 296.787 8 1 23 388 4
43.474 102.962 66.521 9 1 23 385 3
43.474 102.962 66.521 10 1 23 385 3
43.474 102.962 66.521 11 1 23 385 3
223.595 46.978 24.508 12 1 23 47 1
223.595 46.978 24.508 13 1 23 47 1
187.242 41.142 139.857 14 1 23 395 4
46.144 91.644 311.474 15 1 23 366 2
46.144 91.644 311.474 16 1 23 366 2
46.144 91.644 311.474 17 1 23 366 2
46.144 91.644 311.474 18 1 23 366 2
46.144 91.644 311.474 19 1 23 366 2
2.702 45.563 147.210 20 1 23 386 4
2.702 45.563 147.210 21 1 23 386 4
2.702 45.563 147.210 22 1 23 386 4
298.739 100.773 187.875 23 1 23 303 1
2.702 45.563 147.210 24 1 23 386 4
2.702 45.563 147.210 25 1 23 386 4
2.702 45.563 147.210 26 1 23 386 4
2.702 45.563 147.210 27 1 23 386 4
2.702 45.563 147.210 28 1 23 386 4
2.702 45.563 147.210 29 1 23 386 4
2.702 45.563 147.210 30 1 23 386 4
36.286 113.727 296.787 1 2 23 388 4
36.286 113.727 296.787 2 2 23 388 4
36.286 113.727 296.787 3 2 23 388 4
36.286 113.727 296.787 4 2 23 388 4
36.286 113.727 296.787 5 2 23 388 4
36.286 113.727 296.787 6 2 23 388 4
36.286 113.727 296.787 7 2 23 388 4
36.286 113.727 296.787 8 2 23 388 4
43.474 102.962 66.521 9 2 23 385 3
223.595 46.978 24.508 10 2 23 47 1
223.595 46.978 24.508 11 2 23 47 1
223.595 46.978 24.508 12 2 23 47 1
223.595 46.978 24.508 13 2 23 47 1
187.242 41.142 139.857 14 2 23 395 4
187.242 41.142 139.857 15 2 23 395 4
46.144 91.644 311.474 16 2 23 366 2
46.144 91.644 311.474 17 2 23 366 2
46.144 91.644 311.474 18 2 23 366 2
46.144 91.644 311.474 19 2 23 366 2
2.702 45.563 147.210 20 2 23 386 4
2.702 45.563 147.210 21 2 23 386 4
2.702 45.563 147.210 22 2 23 386 4
2.702 45.563 147.210 23 2 23 386 4
2.702 45.563 147.210 24 2 23 386 4
2.702 45.563 147.210 25 2 23 386 4
2.702 45.563 147.210 26 2 23 386 4
2.702 45.563 147.210 27 2 23 386 4
2.702 45.563 147.210 28 2 23 386 4
2.702 45.563 147.210 29 2 23 386 4
2.702 45.563 147.210 30 2 23 386 4
36.286 113.727 296.787 1 3 23 388 4
36.286 113.727 296.787 2 3 23 388 4
36.286 113.727 296.787 3 3 23 388 4
36.286 113.727 296.787 4 3 23 388 4
36.286 113.727 296.787 5 3 23 388 4
36.286 113.727 296.787 6 3 23 388 4
36.286 113.727 296.787 7 3 23 388 4
36.286 113.727 296.787 8 3 23 388 4
223.595 46.978 24.508 9 3 23 47 1
223.595 46.978 24.508 10 3 23 47 1
223.595 46.978 24.508 11 3 23 47 1
223.595 46.978 24.508 12 3 23 47 1
187.242 41.142 139.857 13 3 23 395 4
187.242 41.142 139.857 14 3 23 395 4
187.242 41.142 139.857 15 3 23 395 4
187.242 41.142 139.857 16 3 23 395 4
46.144 91.644 311.474 17 3 23 366 2
46.144 91.644 311.474 18 3 23 366 2
46.144 91.644 311.474 19 3 23 366 2
2.702 45.563 147.210 20 3 23 386 4
2.702 45.563 147.210 21 3 23 386 4
2.702 45.563 147.210 22 3 23 386 4
2.702 45.563 147.210 23 3 23 386 4
2.702 45.563 147.210 24 3 23 386 4
2.702 45.563 147.210 25 3 23 386 4
2.702 45.563 147.210 26 3 23 386 4
2.702 45.563 147.210 27 3 23 386 4
2.702 45.563 147.210 28 3 23 386 4
2.702 45.563 147.210 29 3 23 386 4
2.702 45.563 147.210 30 3 23 386 4
147.647 51.460 144.593 1 4 23 236 1
86.788 75.791 286.750 2 4 23 78 1
86.788 75.791 286.750 3 4 23 78 1
86.788 75.791 286.750 4 4 23 78 1
43.794 130.973 17.650 5 4 23 153 1
43.794 130.973 17.650 6 4 23 153 1
43.794 130.973 17.650 7 4 23 153 1
223.595 46.978 24.508 8 4 23 47 1
223.595 46.978 24.508 9 4 23 47 1
223.595 46.978 24.508 10 4 23 47 1
187.242 41.142 139.857 11 4 23 395 4
187.242 41.142 139.857 12 4 23 395 4
187.242 41.142 139.857 13 4 23 395 4
165.128 123.707 46.908 14 4 23 178 1
187.242 41.142 139.857 15 4 23 395 4
187.242 41.142 139.857 16 4 23 395 4
187.242 41.142 139.857 17 4 23 395 4
187.242 41.142 139.857 18 4 23 395 4
187.242 41.142 139.857 19 4 23 395 4
2.702 45.563 147.210 20 4 23 386 4
2.702 45.563 147.210 21 4 23 386 4
2.702 45.563 147.210 22 4 23 386 4
2.702 45.563 147.210 23 4 23 386 4
2.702 45.563 147.210 24 4 23 386 4
2.702 45.563 147.210 25 4 23 386 4
2.702 45.563 147.210 26 4 23 386 4
74.010 122.249 19.871 27 4 23 151 1
74.010 122.249 19.871 28 4 23 151 1
74.010 122.249 19.871 29 4 23 151 1
74.010 122.249 19.871 30 4 23 151 1
165.097 65.966 269.906 1 5 23 390 4
86.788 75.791 286.750 2 5 23 78 1
86.788 75.791 286.750 3 5 23 78 1
86.788 75.791 286.750 4 5 23 78 1
43.794 130.973 17.650 5 5 23 153 1
43.794 130.973 17.650 6 5 23 153 1
223.595 46.978 24.508 7 5 23 47 1
223.595 46.978 24.508 8 5 23 47 1
223.595 46.978 24.508 9 5 23 47 1
187.242 41.142 139.857 10 5 23 395 4
187.242 41.142 139.857 11 5 23 395 4
187.242 41.142 139.857 12 5 23 395 4
187.242 41.142 139.857 13 5 23 395 4
165.128 123.707 46.908 14 5 23 178 1
187.242 41.142 139.857 15 5 23 395 4
187.242 41.142 139.857 16 5 23 395 4
187.242 41.142 139.857 17 5 23 395 4
187.242 41.142 139.857 18 5 23 395 4
187.242 41.142 139.857 19 5 23 395 4
187.242 41.142 139.857 20 5 23 395 4
2.702 45.563 147.210 21 5 23 386 4
2.702 45.563 147.210 22 5 23 386 4
2.702 45.563 147.210 23 5 23 386 4
2.702 45.563 147.210 24 5 23 386 4
2.702 45.563 147.210 25 5 23 386 4
2.702 45.563 147.210 26 5 23 386 4
2.702 45.563 147.210 27 5 23 386 4
74.010 122.249 19.871 28 5 23 151 1
74.010 122.249 19.871 29 5 23 151 1
74.010 122.249 19.871 30 5 23 151 1
165.097 65.966 269.906 1 6 23 390 4
165.097 65.966 269.906 2 6 23 390 4
86.788 75.791 286.750 3 6 23 78 1
86.788 75.791 286.750 4 6 23 78 1
148.129 50.949 321.046 5 6 23 373 2
148.129 50.949 321.046 6 6 23 373 2
223.595 46.978 24.508 7 6 23 47 1
90.653 124.429 103.660 8 6 23 357 2
187.242 41.142 139.857 9 6 23 395 4
187.242 41.142 139.857 10 6 23 395 4
187.242 41.142 139.857 11 6 23 395 4
187.242 41.142 139.857 12 6 23 395 4
187.242 41.142 139.857 13 6 23 395 4
187.242 41.142 139.857 14 6 23 395 4
187.242 41.142 139.857 15 6 23 395 4
187.242 41.142 139.857 16 6 23 395 4
187.242 41.142 139.857 17 6 23 395 4
187.242 41.142 139.857 18 6 23 395 4
187.242 41.142 139.857 19 6 23 395 4
187.242 41.142 139.857 20 6 23 395 4
187.242 41.142 139.857 21 6 23 395 4
187.242 41.142 139.857 22 6 23 395 4
2.702 45.563 147.210 23 6 23 386 4
2.702 45.563 147.210 24 6 23 386 4
2.702 45.563 147.210 25 6 23 386 4
2.702 45.563 147.210 26 6 23 386 4
2.702 45.563 147.210 27 6 23 386 4
2.702 45.563 147.210 28 6 23 386 4
2.702 45.563 147.210 29 6 23 386 4
88.568 102.584 222.504 30 6 23 333 2
165.097 65.966 269.906 1 7 23 390 4
165.097 65.966 269.906 2 7 23 390 4
319.111 105.531 88.792 3 7 23 319 2
319.111 105.531 88.792 4 7 23 319 2
319.111 105.531 88.792 5 7 23 319 2
148.129 50.949 321.046 6 7 23 373 2
223.595 46.978 24.508 7 7 23 47 1
90.653 124.429 103.660 8 7 23 357 2
90.653 124.429 103.660 9 7 23 357 2
187.242 41.142 139.857 10 7 23 395 4
187.242 41.142 139.857 11 7 23 395 4
187.242 41.142 139.857 12 7 23 395 4
187.242 41.142 139.857 13 7 23 395 4
187.242 41.142 139.857 14 7 23 395 4
187.242 41.142 139.857 15 7 23 395 4
187.242 41.142 139.857 16 7 23 395 4
187.242 41.142 139.857 17 7 23 395 4
187.242 41.142 139.857 18 7 23 395 4
187.242 41.142 139.857 19 7 23 395 4
187.242 41.142 139.857 20 7 23 395 4
187.242 41.142 139.857 21 7 23 395 4
187.242 41.142 139.857 22 7 23 395 4
187.242 41.142 139.857 23 7 23 395 4
32.079 99.324 46.225 24 7 23 99 1
2.702 45.563 147.210 25 7 23 386 4
2.702 45.563 147.210 26 7 23 386 4
2.702 45.563 147.210 27 7 23 386 4
31.280 46.456 54.106 28 7 23 338 2
31.280 46.456 54.106 29 7 23 338 2
88.568 102.584 222.504 30 7 23 333 2
165.097 65.966 269.906 1 8 23 390 4
165.097 65.966 269.906 2 8 23 390 4
165.097 65.966 269.906 3 8 23 390 4
319.111 105.531 88.792 4 8 23 319 2
319.111 105.531 88.792 5 8 23 319 2
319.111 105.531 88.792 6 8 23 319 2
90.653 124.429 103.660 7 8 23 357 2
90.653 124.429 103.660 8 8 23 357 2
187.242 41.142 139.857 9 8 23 395 4
187.242 41.142 139.857 10 8 23 395 4
187.242 41.142 139.857 11 8 23 395 4
187.242 41.142 139.857 12 8 23 395 4
187.242 41.142 139.857 13 8 23 395 4
187.242 41.142 139.857 14 8 23 395 4
187.242 41.142 139.857 15 8 23 395 4
187.242 41.142 139.857 16 8 23 395 4
187.242 41.142 139.857 17 8 23 395 4
187.242 41.142 139.857 18 8 23 395 4
187.242 41.142 139.857 19 8 23 395 4
187.242 41.142 139.857 20 8 23 395 4
187.242 41.142 139.857 21 8 23 395 4
187.242 41.142 139.857 22 8 23 395 4
187.242 41.142 139.857 23 8 23 395 4
187.242 41.142 139.857 24 8 23 395 4
187.242 41.142 139.857 25 8 23 395 4
247.101 112.613 174.260 26 8 23 325 2
247.101 112.613 174.260 27 8 23 325 2
247.101 112.613 174.260 28 8 23 325 2
247.101 112.613 174.260 29 8 23 325 2
247.101 112.613 174.260 30 8 23 325 2
165.097 65.966 269.906 1 9 23 390 4
165.097 65.966 269.906 2 9 23 390 4
165.097 65.966 269.906 3 9 23 390 4
165.097 65.966 269.906 4 9 23 390 4
165.097 65.966 269.906 5 9 23 390 4
300.151 139.916 113.691 6 9 23 24 1
300.151 139.916 113.691 7 9 23 24 1
187.242 41.142 139.857 8 9 23 395 4
187.242 41.142 139.857 9 9 23 395 4
187.242 41.142 139.857 10 9 23 395 4
187.242 41.142 139.857 11 9 23 395 4
187.242 41.142 139.857 12 9 23 395 4
187.242 41.142 139.857 13 9 23 395 4
187.242 41.142 139.857 14 9 23 395 4
187.242 41.142 139.857 15 9 23 395 4
187.242 41.142 139.857 16 9 23 395 4
187.242 41.142 139.857 17 9 23 395 4
187.242 41.142 139.857 18 9 23 395 4
187.242 41.142 139.857 19 9 23 395 4
187.242 41.142 139.857 20 9 23 395 4
187.242 41.142 139.857 21 9 23 395 4
187.242 41.142 139.857 22 9 23 395 4
187.242 41.142 139.857 23 9 23 395 4
187.242 41.142 139.857 24 9 23 395 4
187.242 41.142 139.857 25 9 23 395 4
247.101 112.613 174.260 26 9 23 325 2
247.101 112.613 174.260 27 9 23 325 2
247.101 112.613 174.260 28 9 23 325 2
247.101 112.613 174.260 29 9 23 325 2
247.101 112.613 174.260 30 9 23 325 2
165.097 65.966 269.906 1 10 23 390 4
165.097 65.966 269.906 2 10 23 390 4
165.097 65.966 269.906 3 10 23 390 4
165.097 65.966 269.906 4 10 23 390 4
165.097 65.966 269.906 5 10 23 390 4
165.097 65.966 269.906 6 10 23 390 4
187.242 41.142 139.857 7 10 23 395 4
187.242 41.142 139.857 8 10 23 395 4
187.242 41.142 139.857 9 10 23 395 4
187.242 41.142 139.857 10 10 23 395 4
187.242 41.142 139.857 11 10 23 395 4
187.242 41.142 139.857 12 10 23 395 4
187.242 41.142 139.857 13 10 23 395 4
187.242 41.142 139.857 14 10 23 395 4
187.242 41.142 139.857 15 10 23 395 4
187.242 41.142 139.857 16 10 23 395 4
187.242 41.142 139.857 17 10 23 395 4
187.242 41.142 139.857 18 10 23 395 4
187.242 41.142 139.857 19 10 23 395 4
187.242 41.142 139.857 20 10 23 395 4
187.242 41.142 139.857 21 10 23 395 4
187.242 41.142 139.857 22 10 23 395 4
187.242 41.142 139.857 23 10 23 395 4
187.242 41.142 139.857 24 10 23 395 4
187.242 41.142 139.857 25 10 23 395 4
187.242 41.142 139.857 26 10 23 395 4
247.101 112.613 174.260 27 10 23 325 2
247.101 112.613 174.260 28 10 23 325 2
247.101 112.613 174.260 29 10 23 325 2
220.476 34.776 23.710 30 10 23 406 1
165.097 65.966 269.906 1 11 23 390 4
165.097 65.966 269.906 2 11 23 390 4
165.097 65.966 269.906 3 11 23 390 4
165.097 65.966 269.906 4 11 23 390 4
165.097 65.966 269.906 5 11 23 390 4
165.097 65.966 269.906 6 11 23 390 4
165.097 65.966 269.906 7 11 23 390 4
187.242 41.142 139.857 8 11 23 395 4
187.242 41.142 139.857 9 11 23 395 4
187.242 41.142 139.857 10 11 23 395 4
187.242 41.142 139.857 11 11 23 395 4
187.242 41.142 139.857 12 11 23 395 4
187.242 41.142 139.857 13 11 23 395 4
187.242 41.142 139.857 14 11 23 395 4
187.242 41.142 139.857 15 11 23 395 4
187.242 41.142 139.857 16 11 23 395 4
187.242 41.142 139.857 17 11 23 395 4
187.242 41.142 139.857 18 11 23 395 4
187.242 41.142 139.857 19 11 23 395 4
187.242 41.142 139.857 20 11 23 395 4
187.242 41.142 139.857 21 11 23 395 4
187.242 41.142 139.857 22 11 23 395 4
187.242 41.142 139.857 23 11 23 395 4
187.242 41.142 139.857 24 11 23 395 4
187.242 41.142 139.857 25 11 23 395 4
187.242 41.142 139.857 26 11 23 395 4
247.101 112.613 174.260 27 11 23 325 2
247.101 112.613 174.260 28 11 23 325 2
247.101 112.613 174.260 29 11 23 325 2
247.101 112.613 174.260 30 11 23 325 2
165.097 65.966 269.906 1 12 23 390 4
165.097 65.966 269.906 2 12 23 390 4
165.097 65.966 269.906 3 12 23 390 4
165.097 65.966 269.906 4 12 23 390 4
165.097 65.966 269.906 5 12 23 390 4
165.097 65.966 269.906 6 12 23 390 4
165.097 65.966 269.906 7 12 23 390 4
165.097 65.966 269.906 8 12 23 390 4
187.242 41.142 139.857 9 12 23 395 4
187.242 41.142 139.857 10 12 23 395 4
187.242 41.142 139.857 11 12 23 395 4
187.242 41.142 139.857 12 12 23 395 4
187.242 41.142 139.857 13 12 23 395 4
187.242 41.142 139.857 14 12 23 395 4
187.242 41.142 139.857 15 12 23 395 4
187.242 41.142 139.857 16 12 23 395 4
187.242 41.142 139.857 17 12 23 395 4
187.242 41.142 139.857 18 12 23 395 4
187.242 41.142 139.857 19 12 23 395 4
187.242 41.142 139.857 20 12 23 395 4
187.242 41.142 139.857 21 12 23 395 4
187.242 41.142 139.857 22 12 23 395 4
187.242 41.142 139.857 23 12 23 395 4
187.242 41.142 139.857 24 12 23 395 4
187.242 41.142 139.857 25 12 23 395 4
187.242 41.142 139.857 26 12 23 395 4
247.101 112.613 174.260 27 12 23 325 2
247.101 112.613 174.260 28 12 23 325 2
31.280 46.456 54.106 29 12 23 338 2
31.280 46.456 54.106 30 12 23 338 2
165.097 65.966 269.906 1 13 23 390 4
165.097 65.966 269.906 2 13 23 390 4
165.097 65.966 269.906 3 13 23 390 4
165.097 65.966 269.906 4 13 23 390 4
165.097 65.966 269.906 5 13 23 390 4
165.097 65.966 269.906 6 13 23 390 4
165.097 65.966 269.906 7 13 23 390 4
165.097 65.966 269.906 8 13 23 390 4
187.242 41.142 139.857 9 13 23 395 4
187.242 41.142 139.857 10 13 23 395 4
187.242 41.142 139.857 11 13 23 395 4
187.242 41.142 139.857 12 13 23 395 4
187.242 41.142 139.857 13 13 23 395 4
187.242 41.142 139.857 14 13 23 395 4
187.242 41.142 139.857 15 13 23 395 4
187.242 41.142 139.857 16 13 23 395 4
187.242 41.142 139.857 17 13 23 395 4
187.242 41.142 139.857 18 13 23 395 4
187.242 41.142 139.857 19 13 23 395 4
187.242 41.142 139.857 20 13 23 395 4
187.242 41.142 139.857 21 13 23 395 4
187.242 41.142 139.857 22 13 23 395 4
187.242 41.142 139.857 23 13 23 395 4
187.242 41.142 139.857 24 13 23 395 4
187.242 41.142 139.857 25 13 23 395 4
187.242 41.142 139.857 26 13 23 395 4
187.242 41.142 139.857 27 13 23 395 4
187.242 41.142 139.857 28 13 23 395 4
31.280 46.456 54.106 29 13 23 338 2
31.280 46.456 54.106 30 13 23 338 2
165.097 65.966 269.906 1 14 23 390 4
165.097 65.966 269.906 2 14 23 390 4
165.097 65.966 269.906 3 14 23 390 4
165.097 65.966 269.906 4 14 23 390 4
165.097 65.966 269.906 5 14 23 390 4
165.097 65.966 269.906 6 14 23 390 4
165.097 65.966 269.906 7 14 23 390 4
165.097 65.966 269.906 8 14 23 390 4
187.242 41.142 139.857 9 14 23 395 4
187.242 41.142 139.857 10 14 23 395 4
187.242 41.142 139.857 11 14 23 395 4
187.242 41.142 139.857 12 14 23 395 4
187.242 41.142 139.857 13 14 23 395 4
187.242 41.142 139.857 14 14 23 395 4
187.242 41.142 139.857 15 14 23 395 4
187.242 41.142 139.857 16 14 23 395 4
187.242 41.142 139.857 17 14 23 395 4
187.242 41.142 139.857 18 14 23 395 4
187.242 41.142 139.857 19 14 23 395 4
187.242 41.142 139.857 20 14 23 395 4
187.242 41.142 139.857 21 14 23 395 4
187.242 41.142 139.857 22 14 23 395 4
187.242 41.142 139.857 23 14 23 395 4
187.242 41.142 139.857 24 14 23 395 4
187.242 41.142 139.857 25 14 23 395 4
187.242 41.142 139.857 26 14 23 395 4
187.242 41.142 139.857 27 14 23 395 4
187.242 41.142 139.857 28 14 23 395 4
31.280 46.456 54.106 29 14 23 338 2
31.280 46.456 54.106 30 14 23 338 2
165.097 65.966 269.906 1 15 23 390 4
165.097 65.966 269.906 2 15 23 390 4
165.097 65.966 269.906 3 15 23 390 4
165.097 65.966 269.906 4 15 23 390 4
165.097 65.966 269.906 5 15 23 390 4
165.097 65.966 269.906 6 15 23 390 4
165.097 65.966 269.906 7 15 23 390 4
165.097 65.966 269.906 8 15 23 390 4
165.097 65.966 269.906 9 15 23 390 4
187.242 41.142 139.857 10 15 23 395 4
187.242 41.142 139.857 11 15 23 395 4
187.242 41.142 139.857 12 15 23 395 4
187.242 41.142 139.857 13 15 23 395 4
187.242 41.142 139.857 14 15 23 395 4
187.242 41.142 139.857 15 15 23 395 4
187.242 41.142 139.857 16 15 23 395 4
187.242 41.142 139.857 17 15 23 395 4
187.242 41.142 139.857 18 15 23 395 4
187.242 41.142 139.857 19 15 23 395 4
187.242 41.142 139.857 20 15 23 395 4
187.242 41.142 139.857 21 15 23 395 4
187.242 41.142 139.857 22 15 23 395 4
187.242 41.142 139.857 23 15 23 395 4
187.242 41.142 139.857 24 15 23 395 4
187.242 41.142 139.857 25 15 23 395 4
187.242 41.142 139.857 26 15 23 395 4
187.242 41.142 139.857 27 15 23 395 4
187.242 41.142 139.857 28 15 23 395 4
31.280 46.456 54.106 29 15 23 338 2
31.280 46.456 54.106 30 15 23 338 2
165.097 65.966 269.906 1 16 23 390 4
165.097 65.966 269.906 2 16 23 390 4
165.097 65.966 269.906 3 16 23 390 4
165.097 65.966 269.906 4 16 23 390 4
165.097 65.966 269.906 5 16 23 390 4
165.097 65.966 269.906 6 16 23 390 4
165.097 65.966 269.906 7 16 23 390 4
165.097 65.966 269.906 8 16 23 390 4
165.097 65.966 269.906 9 16 23 390 4
187.242 41.142 139.857 10 16 23 395 4
187.242 41.142 139.857 11 16 23 395 4
187.242 41.142 139.857 12 16 23 395 4
187.242 41.142 139.857 13 16 23 395 4
187.242 41.142 139.857 14 16 23 395 4
187.242 41.142 139.857 15 16 23 395 4
187.242 41.142 139.857 16 16 23 395 4
187.242 41.142 139.857 17 16 23 395 4
187.242 41.142 139.857 18 16 23 395 4
187.242 41.142 139.857 19 16 23 395 4
187.242 41.142 139.857 20 16 23 395 4
187.242 41.142 139.857 21 16 23 395 4
187.242 41.142 139.857 22 16 23 395 4
187.242 41.142 139.857 23 16 23 395 4
187.242 41.142 139.857 24 16 23 395 4
187.242 41.142 139.857 25 16 23 395 4
187.242 41.142 139.857 26 16 23 395 4
187.242 41.142 139.857 27 16 23 395 4
187.242 41.142 139.857 28 16 23 395 4
31.280 46.456 54.106 29 16 23 338 2
31.280 46.456 54.106 30 16 23 338 2
165.097 65.966 269.906 1 17 23 390 4
165.097 65.966 269.906 2 17 23 390 4
165.097 65.966 269.906 3 17 23 390 4
165.097 65.966 269.906 4 17 23 390 4
165.097 65.966 269.906 5 17 23 390 4
165.097 65.966 269.906 6 17 23 390 4
165.097 65.966 269.906 7 17 23 390 4
165.097 65.966 269.906 8 17 23 390 4
165.097 65.966 269.906 9 17 23 390 4
165.097 65.966 269.906 10 17 23 390 4
187.242 41.142 139.857 11 17 23 395 4
187.242 41.142 139.857 12 17 23 395 4
187.242 41.142 139.857 13 17 23 395 4
187.242 41.142 139.857 14 17 23 395 4
187.242 41.142 139.857 15 17 23 395 4
187.242 41.142 139.857 16 17 23 395 4
187.242 41.142 139.857 17 17 23 395 4
187.242 41.142 139.857 18 17 23 395 4
187.242 41.142 139.857 19 17 23 395 4
187.242 41.142 139.857 20 17 23 395 4
187.242 41.142 139.857 21 17 23 395 4
187.242 41.142 139.857 22 17 23 395 4
187.242 41.142 139.857 23 17 23 395 4
187.242 41.142 139.857 24 17 23 395 4
187.242 41.142 139.857 25 17 23 395 4
187.242 41.142 139.857 26 17 23 395 4
187.242 41.142 139.857 27 17 23 395 4
187.242 41.142 139.857 28 17 23 395 4
187.242 41.142 139.857 29 17 23 395 4
31.280 46.456 54.106 30 17 23 338 2
165.097 65.966 269.906 1 18 23 390 4
165.097 65.966 269.906 2 18 23 390 4
165.097 65.966 269.906 3 18 23 390 4
165.097 65.966 269.906 4 18 23 390 4
165.097 65.966 269.906 5 18 23 390 4
165.097 65.966 269.906 6 18 23 390 4
165.097 65.966 269.906 7 18 23 390 4
165.097 65.966 269.906 8 18 23 390 4
165.097 65.966 269.906 9 18 23 390 4
165.097 65.966 269.906 10 18 23 390 4
187.242 41.142 139.857 11 18 23 395 4
187.242 41.142 139.857 12 18 23 395 4
187.242 41.142 139.857 13 18 23 395 4
187.242 41.142 139.857 14 18 23 395 4
187.242 41.142 139.857 15 18 23 395 4
187.242 41.142 139.857 16 18 23 395 4
187.242 41.142 139.857 17 18 23 395 4
187.242 41.142 139.857 18 18 23 395 4
187.242 41.142 139.857 19 18 23 395 4
187.242 41.142 139.857 20 18 23 395 4
187.242 41.142 139.857 21 18 23 395 4
187.242 41.142 139.857 22 18 23 395 4
187.242 41.142 139.857 23 18 23 395 4
187.242 41.142 139.857 24 18 23 395 4
187.242 41.142 139.857 25 18 23 395 4
187.242 41.142 139.857 26 18 23 395 4
187.242 41.142 139.857 27 18 23 395 4
187.242 41.142 139.857 28 18 23 395 4
187.242 41.142 139.857 29 18 23 395 4
31.280 46.456 54.106 30 18 23 338 2
131.061 97.535 347.236 1 19 23 394 4
131.061 97.535 347.236 2 19 23 394 4
131.061 97.535 347.236 3 19 23 394 4
131.061 97.535 347.236 4 19 23 394 4
131.061 97.535 347.236 5 19 23 394 4
165.097 65.966 269.906 6 19 23 390 4
165.097 65.966 269.906 7 19 23 390 4
165.097 65.966 269.906 8 19 23 390 4
165.097 65.966 269.906 9 19 23 390 4
165.097 65.966 269.906 10 19 23 390 4
165.097 65.966 269.906 11 19 23 390 4
187.242 41.142 139.857 12 19 23 395 4
187.242 41.142 139.857 13 19 23 395 4
187.242 41.142 139.857 14 19 23 395 4
187.242 41.142 139.857 15 19 23 395 4
187.242 41.142 139.857 16 19 23 395 4
187.242 41.142 139.857 17 19 23 395 4
187.242 41.142 139.857 18 19 23 395 4
187.242 41.142 139.857 19 19 23 395 4
187.242 41.142 139.857 20 19 23 395 4
187.242 41.142 139.857 21 19 23 395 4
187.242 41.142 139.857 22 19 23 395 4
187.242 41.142 139.857 23 19 23 395 4
187.242 41.142 139.857 24 19 23 395 4
187.242 41.142 139.857 25 19 23 395 4
187.242 41.142 139.857 26 19 23 395 4
187.242 41.142 139.857 27 19 23 395 4
187.242 41.142 139.857 28 19 23 395 4
187.242 41.142 139.857 29 19 23 395 4
187.242 41.142 139.857 30 19 23 395 4
131.061 97.535 347.236 1 20 23 394 4
131.061 97.535 347.236 2 20 23 394 4
131.061 97.535 347.236 3 20 23 394 4
131.061 97.535 347.236 4 20 23 394 4
131.061 97.535 347.236 5 20 23 394 4
131.061 97.535 347.236 6 20 23 394 4
131.061 97.535 347.236 7 20 23 394 4
165.097 65.966 269.906 8 20 23 390 4
165.097 65.966 269.906 9 20 23 390 4
165.097 65.966 269.906 10 20 23 390 4
165.097 65.966 269.906 11 20 23 390 4
187.242 41.142 139.857 12 20 23 395 4
187.242 41.142 139.857 13 20 23 395 4
187.242 41.142 139.857 14 20 23 395 4
187.242 41.142 139.857 15 20 23 395 4
187.242 41.142 139.857 16 20 23 395 4
187.242 41.142 139.857 17 20 23 395 4
187.242 41.142 139.857 18 20 23 395 4
187.242 41.142 139.857 19 20 23 395 4
187.242 41.142 139.857 20 20 23 395 4
187.242 41.142 139.857 21 20 23 395 4
187.242 41.142 139.857 22 20 23 395 4
187.242 41.142 139.857 23 20 23 395 4
187.242 41.142 139.857 24 20 23 395 4
187.242 41.142 139.857 25 20 23 395 4
187.242 41.142 139.857 26 20 23 395 4
187.242 41.142 139.857 27 20 23 395 4
28.258 145.951 163.492 28 20 23 252 1
187.242 41.142 139.857 29 20 23 395 4
187.242 41.142 139.857 30 20 23 395 4
131.061 97.535 347.236 1 21 23 394 4
131.061 97.535 347.236 2 21 23 394 4
131.061 97.535 347.236 3 21 23 394 4
131.061 97.535 347.236 4 21 23 394 4
131.061 97.535 347.236 5 21 23 394 4
131.061 97.535 347.236 6 21 23 394 4
131.061 97.535 347.236 7 21 23 394 4
131.061 97.535 347.236 8 21 23 394 4
165.097 65.966 269.906 9 21 23 390 4
165.097 65.966 269.906 10 21 23 390 4
165.097 65.966 269.906 11 21 23 390 4
187.242 41.142 139.857 12 21 23 395 4
187.242 41.142 139.857 13 21 23 395 4
187.242 41.142 139.857 14 21 23 395 4
187.242 41.142 139.857 15 21 23 395 4
187.242 41.142 139.857 16 21 23 395 4
187.242 41.142 139.857 17 21 23 395 4
187.242 41.142 139.857 18 21 23 395 4
187.242 41.142 139.857 19 21 23 395 4
187.242 41.142 139.857 20 21 23 395 4
187.242 41.142 139.857 21 21 23 395 4
187.242 41.142 139.857 22 21 23 395 4
187.242 41.142 139.857 23 21 23 395 4
187.242 41.142 139.857 24 21 23 395 4
187.242 41.142 139.857 25 21 23 395 4
187.242 41.142 139.857 26 21 23 395 4
187.242 41.142 139.857 27 21 23 395 4
187.242 41.142 139.857 28 21 23 395 4
187.242 41.142 139.857 29 21 23 395 4
187.242 41.142 139.857 30 21 23 395 4
131.061 97.535 347.236 1 22 23 394 4
131.061 97.535 347.236 2 22 23 394 4
131.061 97.535 347.236 3 22 23 394 4
131.061 97.535 347.236 4 22 23 394 4
131.061 97.535 347.236 5 22 23 394 4
131.061 97.535 347.236 6 22 23 394 4
131.061 97.535 347.236 7 22 23 394 4
131.061 97.535 347.236 8 22 23 394 4
131.061 97.535 347.236 9 22 23 394 4
136.209 150.598 145.268 10 22 23 380 3
136.209 150.598 145.268 11 22 23 380 3
136.209 150.598 145.268 12 22 23 380 3
136.209 150.598 145.268 13 22 23 380 3
187.242 41.142 139.857 14 22 23 395 4
187.242 41.142 139.857 15 22 23 395 4
187.242 41.142 139.857 16 22 23 395 4
187.242 41.142 139.857 17 22 23 395 4
187.242 41.142 139.857 18 22 23 395 4
187.242 41.142 139.857 19 22 23 395 4
187.242 41.142 139.857 20 22 23 395 4
187.242 41.142 139.857 21 22 23 395 4
187.242 41.142 139.857 22 22 23 395 4
187.242 41.142 139.857 23 22 23 395 4
187.242 41.142 139.857 24 22 23 395 4
187.242 41.142 139.857 25 22 23 395 4
187.242 41.142 139.857 26 22 23 395 4
187.242 41.142 139.857 27 22 23 395 4
187.242 41.142 139.857 28 22 23 395 4
187.242 41.142 139.857 29 22 23 395 4
187.242 41.142 139.857 30 22 23 395 4
131.061 97.535 347.236 1 23 23 394 4
131.061 97.535 347.236 2 23 23 394 4
131.061 97.535 347.236 3 23 23 394 4
131.061 97.535 347.236 4 23 23 394 4
131.061 97.535 347.236 5 23 23 394 4
131.061 97.535 347.236 6 23 23 394 4
131.061 97.535 347.236 7 23 23 394 4
131.061 97.535 347.236 8 23 23 394 4
131.061 97.535 347.236 9 23 23 394 4
136.209 150.598 145.268 10 23 23 380 3
136.209 150.598 145.268 11 23 23 380 3
136.209 150.598 145.268 12 23 23 380 3
136.209 150.598 145.268 13 23 23 380 3
136.209 150.598 145.268 14 23 23 380 3
187.242 41.142 139.857 15 23 23 395 4
187.242 41.142 139.857 16 23 23 395 4
187.242 41.142 139.857 17 23 23 395 4
187.242 41.142 139.857 18 23 23 395 4
187.242 41.142 139.857 19 23 23 395 4
187.242 41.142 139.857 20 23 23 395 4
187.242 41.142 139.857 21 23 23 395 4
187.242 41.142 139.857 22 23 23 395 4
187.242 41.142 139.857 23 23 23 395 4
187.242 41.142 139.857 24 23 23 395 4
187.242 41.142 139.857 25 23 23 395 4
187.242 41.142 139.857 26 23 23 395 4
187.242 41.142 139.857 27 23 23 395 4
187.242 41.142 139.857 28 23 23 395 4
187.242 41.142 139.857 29 23 23 395 4
187.242 41.142 139.857 30 23 23 395 4
131.061 97.535 347.236 1 24 23 394 4
131.061 97.535 347.236 2 24 23 394 4
131.061 97.535 347.236 3 24 23 394 4
131.061 97.535 347.236 4 24 23 394 4
131.061 97.535 347.236 5 24 23 394 4
131.061 97.535 347.236 6 24 23 394 4
131.061 97.535 347.236 7 24 23 394 4
170.023 75.854 95.714 8 24 23 125 1
131.061 97.535 347.236 9 24 23 394 4
136.209 150.598 145.268 10 24 23 380 3
136.209 150.598 145.268 11 24 23 380 3
136.209 150.598 145.268 12 24 23 380 3
136.209 150.598 145.268 13 24 23 380 3
136.209 150.598 145.268 14 24 23 380 3
136.209 150.598 145.268 15 24 23 380 3
187.242 41.142 139.857 16 24 23 395 4
187.242 41.142 139.857 17 24 23 395 4
187.242 41.142 139.857 18 24 23 395 4
187.242 41.142 139.857 19 24 23 395 4
187.242 41.142 139.857 20 24 23 395 4
187.242 41.142 139.857 21 24 23 395 4
187.242 41.142 139.857 22 24 23 395 4
187.242 41.142 139.857 23 24 23 395 4
187.242 41.142 139.857 24 24 23 395 4
187.242 41.142 139.857 25 24 23 395 4
187.242 41.142 139.857 26 24 23 395 4
187.242 41.142 139.857 27 24 23 395 4
187.242 41.142 139.857 28 24 23 395 4
187.242 41.142 139.857 29 24 23 395 4
187.242 41.142 139.857 30 24 23 395 4
131.061 97.535 347.236 1 25 23 394 4
131.061 97.535 347.236 2 25 23 394 4
131.061 97.535 347.236 3 25 23 394 4
131.061 97.535 347.236 4 25 23 394 4
131.061 97.535 347.236 5 25 23 394 4
131.061 97.535 347.236 6 25 23 394 4
131.061 97.535 347.236 7 25 23 394 4
131.061 97.535 347.236 8 25 23 394 4
131.061 97.535 347.236 9 25 23 394 4
136.209 150.598 145.268 10 25 23 380 3
136.209 150.598 145.268 11 25 23 380 3
136.209 150.598 145.268 12 25 23 380 3
136.209 150.598 145.268 13 25 23 380 3
136.209 150.598 145.268 14 25 23 380 3
136.209 150.598 145.268 15 25 23 380 3
50.768 38.310 254.189 16 25 23 389 4
50.768 38.310 254.189 17 25 23 389 4
50.768 38.310 254.189 18 25 23 389 4
50.768 38.310 254.189 19 25 23 389 4
187.242 41.142 139.857 20 25 23 395 4
187.242 41.142 139.857 21 25 23 395 4
187.242 41.142 139.857 22 25 23 395 4
187.242 41.142 139.857 23 25 23 395 4
187.242 41.142 139.857 24 25 23 395 4
187.242 41.142 139.857 25 25 23 395 4
187.242 41.142 139.857 26 25 23 395 4
187.242 41.142 139.857 27 25 23 395 4
187.242 41.142 139.857 28 25 23 395 4
187.242 41.142 139.857 29 25 23 395 4
187.242 41.142 139.857 30 25 23 395 4
131.061 97.535 347.236 1 26 23 394 4
131.061 97.535 347.236 2 26 23 394 4
131.061 97.535 347.236 3 26 23 394 4
131.061 97.535 347.236 4 26 23 394 4
131.061 97.535 347.236 5 26 23 394 4
131.061 97.535 347.236 6 26 23 394 4
131.061 97.535 347.236 7 26 23 394 4
131.061 97.535 347.236 8 26 23 394 4
131.061 97.535 347.236 9 26 23 394 4
136.209 150.598 145.268 10 26 23 380 3
136.209 150.598 145.268 11 26 23 380 3
136.209 150.598 145.268 12 26 23 380 3
136.209 150.598 145.268 13 26 23 380 3
136.209 150.598 145.268 14 26 23 380 3
136.209 150.598 145.268 15 26 23 380 3
50.768 38.310 254.189 16 26 23 389 4
50.768 38.310 254.189 17 26 23 389 4
50.768 38.310 254.189 18 26 23 389 4
50.768 38.310 254.189 19 26 23 389 4
50.768 38.310 254.189 20 26 23 389 4
50.768 38.310 254.189 21 26 23 389 4
187.242 41.142 139.857 22 26 23 395 4
187.242 41.142 139.857 23 26 23 395 4
187.242 41.142 139.857 24 26 23 395 4
187.242 41.142 139.857 25 26 23 395 4
187.242 41.142 139.857 26 26 23 395 4
187.242 41.142 139.857 27 26 23 395 4
187.242 41.142 139.857 28 26 23 395 4
52.018 75.101 49.121 29 26 23 283 1
52.018 75.101 49.121 30 26 23 283 1
131.061 97.535 347.236 1 27 23 394 4
131.061 97.535 347.236 2 27 23 394 4
131.061 97.535 347.236 3 27 23 394 4
131.061 97.535 347.236 4 27 23 394 4
131.061 97.535 347.236 5 27 23 394 4
131.061 97.535 347.236 6 27 23 394 4
131.061 97.535 347.236 7 27 23 394 4
131.061 97.535 347.236 8 27 23 394 4
131.061 97.535 347.236 9 27 23 394 4
50.142 116.678 122.408 10 27 23 382 3
50.142 116.678 122.408 11 27 23 382 3
136.209 150.598 145.268 12 27 23 380 3
136.209 150.598 145.268 13 27 23 380 3
136.209 150.598 145.268 14 27 23 380 3
50.768 38.310 254.189 15 27 23 389 4
50.768 38.310 254.189 16 27 23 389 4
50.768 38.310 254.189 17 27 23 389 4
50.768 38.310 254.189 18 27 23 389 4
50.768 38.310 254.189 19 27 23 389 4
50.768 38.310 254.189 20 27 23 389 4
50.768 38.310 254.189 21 27 23 389 4
50.768 38.310 254.189 22 27 23 389 4
187.242 41.142 139.857 23 27 23 395 4
187.242 41.142 139.857 24 27 23 395 4
187.242 41.142 139.857 25 27 23 395 4
187.242 41.142 139.857 26 27 23 395 4
187.242 41.142 139.857 27 27 23 395 4
52.018 75.101 49.121 28 27 23 283 1
52.018 75.101 49.121 29 27 23 283 1
52.018 75.101 49.121 30 27 23 283 1
131.061 97.535 347.236 1 28 23 394 4
131.061 97.535 347.236 2 28 23 394 4
131.061 97.535 347.236 3 28 23 394 4
131.061 97.535 347.236 4 28 23 394 4
131.061 97.535 347.236 5 28 23 394 4
131.061 97.535 347.236 6 28 23 394 4
131.061 97.535 347.236 7 28 23 394 4
131.061 97.535 347.236 8 28 23 394 4
131.061 97.535 347.236 9 28 23 394 4
50.142 116.678 122.408 10 28 23 382 3
50.142 116.678 122.408 11 28 23 382 3
50.142 116.678 122.408 12 28 23 382 3
136.209 150.598 145.268 13 28 23 380 3
50.768 38.310 254.189 14 28 23 389 4
50.768 38.310 254.189 15 28 23 389 4
50.768 38.310 254.189 16 28 23 389 4
50.768 38.310 254.189 17 28 23 389 4
50.768 38.310 254.189 18 28 23 389 4
50.768 38.310 254.189 19 28 23 389 4
50.768 38.310 254.189 20 28 23 389 4
50.768 38.310 254.189 21 28 23 389 4
50.768 38.310 254.189 22 28 23 389 4
50.768 38.310 254.189 23 28 23 389 4
187.242 41.142 139.857 24 28 23 395 4
187.242 41.142 139.857 25 28 23 395 4
187.242 41.142 139.857 26 28 23 395 4
52.018 75.101 49.121 27 28 23 283 1
52.018 75.101 49.121 28 28 23 283 1
52.018 75.101 49.121 29 28 23 283 1
52.018 75.101 49.121 30 28 23 283 1
131.061 97.535 347.236 1 29 23 394 4
131.061 97.535 347.236 2 29 23 394 4
131.061 97.535 347.236 3 29 23 394 4
131.061 97.535 347.236 4 29 23 394 4
131.061 97.535 347.236 5 29 23 394 4
131.061 97.535 347.236 6 29 23 394 4
131.061 97.535 347.236 7 29 23 394 4
131.061 97.535 347.236 8 29 23 394 4
336.523 53.562 301.951 9 29 23 275 1
50.142 116.678 122.408 10 29 23 382 3
50.142 116.678 122.408 11 29 23 382 3
50.142 116.678 122.408 12 29 23 382 3
50.142 116.678 122.408 13 29 23 382 3
50.768 38.310 254.189 14 29 23 389 4
50.768 38.310 254.189 15 29 23 389 4
50.768 38.310 254.189 16 29 23 389 4
50.768 38.310 254.189 17 29 23 389 4
50.768 38.310 254.189 18 29 23 389 4
50.768 38.310 254.189 19 29 23 389 4
50.768 38.310 254.189 20 29 23 389 4
50.768 38.310 254.189 21 29 23 389 4
50.768 38.310 254.189 22 29 23 389 4
50.768 38.310 254.189 23 29 23 389 4
50.768 38.310 254.189 24 29 23 389 4
187.242 41.142 139.857 25 29 23 395 4
52.018 75.101 49.121 26 29 23 283 1
52.018 75.101 49.121 27 29 23 283 1
52.018 75.101 49.121 28 29 23 283 1
52.018 75.101 49.121 29 29 23 283 1
52.018 75.101 49.121 30 29 23 283 1
131.061 97.535 347.236 1 30 23 394 4
131.061 97.535 347.236 2 30 23 394 4
131.061 97.535 347.236 3 30 23 394 4
131.061 97.535 347.236 4 30 23 394 4
131.061 97.535 347.236 5 30 23 394 4
131.061 97.535 347.236 6 30 23 394 4
131.061 97.535 347.236 7 30 23 394 4
131.061 97.535 347.236 8 30 23 394 4
336.523 53.562 301.951 9 30 23 275 1
249.411 121.756 87.610 10 30 23 138 1
50.142 116.678 122.408 11 30 23 382 3
50.142 116.678 122.408 12 30 23 382 3
320.357 47.544 293.705 13 30 23 245 1
50.768 38.310 254.189 14 30 23 389 4
50.768 38.310 254.189 15 30 23 389 4
50.768 38.310 254.189 16 30 23 389 4
50.768 38.310 254.189 17 30 23 389 4
50.768 38.310 254.189 18 30 23 389 4
50.768 38.310 254.189 19 30 23 389 4
50.768 38.310 254.189 20 30 23 389 4
50.768 38.310 254.189 21 30 23 389 4
50.768 38.310 254.189 22 30 23 389 4
50.768 38.310 254.189 23 30 23 389 4
50.768 38.310 254.189 24 30 23 389 4
50.768 38.310 254.189 25 30 23 389 4
52.018 75.101 49.121 26 30 23 283 1
52.018 75.101 49.121 27 30 23 283 1
52.018 75.101 49.121 28 30 23 283 1
52.018 75.101 49.121 29 30 23 283 1
52.018 75.101 49.121 30 30 23 283 1
