43.474 102.962 66.521 1 1 9 385 3
43.474 102.962 66.521 2 1 9 385 3
43.474 102.962 66.521 3 1 9 385 3
43.474 102.962 66.521 4 1 9 385 3
43.474 102.962 66.521 5 1 9 385 3
43.474 102.962 66.521 6 1 9 385 3
43.474 102.962 66.521 7 1 9 385 3
43.474 102.962 66.521 8 1 9 385 3
43.474 102.962 66.521 9 1 9 385 3
43.474 102.962 66.521 10 1 9 385 3
43.474 102.962 66.521 11 1 9 385 3
43.474 102.962 66.521 12 1 9 385 3
43.474 102.962 66.521 13 1 9 385 3
43.474 102.962 66.521 14 1 9 385 3
43.474 102.962 66.521 15 1 9 385 3
43.474 102.962 66.521 16 1 9 385 3
43.474 102.962 66.521 17 1 9 385 3
271.004 46.669 23.255 18 1 9 189 1
271.004 46.669 23.255 19 1 9 189 1
278.340 115.906 353.153 20 1 9 376 2
278.340 115.906 353.153 21 1 9 376 2
278.340 115.906 353.153 22 1 9 376 2
330.467 157.539 180.673 23 1 9 354 2
330.467 157.539 180.673 24 1 9 354 2
330.467 157.539 180.673 25 1 9 354 2
330.467 157.539 180.673 26 1 9 354 2
330.467 157.539 180.673 27 1 9 354 2
359.561 100.590 197.796 28 1 9 392 4
359.561 100.590 197.796 29 1 9 392 4
359.561 100.590 197.796 30 1 9 392 4
43.474 102.962 66.521 1 2 9 385 3
43.474 102.962 66.521 2 2 9 385 3
43.474 102.962 66.521 3 2 9 385 3
43.474 102.962 66.521 4 2 9 385 3
43.474 102.962 66.521 5 2 9 385 3
43.474 102.962 66.521 6 2 9 385 3
43.474 102.962 66.521 7 2 9 385 3
43.474 102.962 66.521 8 2 9 385 3
43.474 102.962 66.521 9 2 9 385 3
43.474 102.962 66.521 10 2 9 385 3
43.474 102.962 66.521 11 2 9 385 3
43.474 102.962 66.521 12 2 9 385 3
43.474 102.962 66.521 13 2 9 385 3
43.474 102.962 66.521 14 2 9 385 3
43.474 102.962 66.521 15 2 9 385 3
43.474 102.962 66.521 16 2 9 385 3
43.474 102.962 66.521 17 2 9 385 3
337.958 90.875 14.589 18 2 9 30 1
271.004 46.669 23.255 19 2 9 189 1
271.004 46.669 23.255 20 2 9 189 1
221.537 125.670 265.329 21 2 9 267 1
221.537 125.670 265.329 22 2 9 267 1
221.537 125.670 265.329 23 2 9 267 1
330.467 157.539 180.673 24 2 9 354 2
330.467 157.539 180.673 25 2 9 354 2
330.467 157.539 180.673 26 2 9 354 2
359.561 100.590 197.796 27 2 9 392 4
359.561 100.590 197.796 28 2 9 392 4
359.561 100.590 197.796 29 2 9 392 4
359.561 100.590 197.796 30 2 9 392 4
43.474 102.962 66.521 1 3 9 385 3
43.474 102.962 66.521 2 3 9 385 3
43.474 102.962 66.521 3 3 9 385 3
43.474 102.962 66.521 4 3 9 385 3
43.474 102.962 66.521 5 3 9 385 3
43.474 102.962 66.521 6 3 9 385 3
43.474 102.962 66.521 7 3 9 385 3
43.474 102.962 66.521 8 3 9 385 3
43.474 102.962 66.521 9 3 9 385 3
43.474 102.962 66.521 10 3 9 385 3
43.474 102.962 66.521 11 3 9 385 3
43.474 102.962 66.521 12 3 9 385 3
43.474 102.962 66.521 13 3 9 385 3
43.474 102.962 66.521 14 3 9 385 3
43.474 102.962 66.521 15 3 9 385 3
43.474 102.962 66.521 16 3 9 385 3
337.958 90.875 14.589 17 3 9 30 1
337.958 90.875 14.589 18 3 9 30 1
337.958 90.875 14.589 19 3 9 30 1
271.004 46.669 23.255 20 3 9 189 1
221.537 125.670 265.329 21 3 9 267 1
221.537 125.670 265.329 22 3 9 267 1
221.537 125.670 265.329 23 3 9 267 1
330.467 157.539 180.673 24 3 9 354 2
330.467 157.539 180.673 25 3 9 354 2
359.561 100.590 197.796 26 3 9 392 4
359.561 100.590 197.796 27 3 9 392 4
359.561 100.590 197.796 28 3 9 392 4
359.561 100.590 197.796 29 3 9 392 4
359.561 100.590 197.796 30 3 9 392 4
43.474 102.962 66.521 1 4 9 385 3
43.474 102.962 66.521 2 4 9 385 3
43.474 102.962 66.521 3 4 9 385 3
43.474 102.962 66.521 4 4 9 385 3
43.474 102.962 66.521 5 4 9 385 3
43.474 102.962 66.521 6 4 9 385 3
43.474 102.962 66.521 7 4 9 385 3
43.474 102.962 66.521 8 4 9 385 3
43.474 102.962 66.521 9 4 9 385 3
43.474 102.962 66.521 10 4 9 385 3
43.474 102.962 66.521 11 4 9 385 3
43.474 102.962 66.521 12 4 9 385 3
43.474 102.962 66.521 13 4 9 385 3
43.474 102.962 66.521 14 4 9 385 3
43.474 102.962 66.521 15 4 9 385 3
43.474 102.962 66.521 16 4 9 385 3
337.958 90.875 14.589 17 4 9 30 1
337.958 90.875 14.589 18 4 9 30 1
337.958 90.875 14.589 19 4 9 30 1
91.017 118.003 264.080 20 4 9 103 1
91.017 118.003 264.080 21 4 9 103 1
221.537 125.670 265.329 22 4 9 267 1
221.537 125.670 265.329 23 4 9 267 1
214.870 65.363 233.161 24 4 9 200 1
214.870 65.363 233.161 25 4 9 200 1
359.561 100.590 197.796 26 4 9 392 4
359.561 100.590 197.796 27 4 9 392 4
359.561 100.590 197.796 28 4 9 392 4
359.561 100.590 197.796 29 4 9 392 4
359.561 100.590 197.796 30 4 9 392 4
43.474 102.962 66.521 1 5 9 385 3
43.474 102.962 66.521 2 5 9 385 3
43.474 102.962 66.521 3 5 9 385 3
43.474 102.962 66.521 4 5 9 385 3
43.474 102.962 66.521 5 5 9 385 3
43.474 102.962 66.521 6 5 9 385 3
43.474 102.962 66.521 7 5 9 385 3
43.474 102.962 66.521 8 5 9 385 3
43.474 102.962 66.521 9 5 9 385 3
43.474 102.962 66.521 10 5 9 385 3
43.474 102.962 66.521 11 5 9 385 3
43.474 102.962 66.521 12 5 9 385 3
43.474 102.962 66.521 13 5 9 385 3
43.474 102.962 66.521 14 5 9 385 3
43.474 102.962 66.521 15 5 9 385 3
43.474 102.962 66.521 16 5 9 385 3
337.958 90.875 14.589 17 5 9 30 1
185.580 142.012 172.050 18 5 9 201 1
185.580 142.012 172.050 19 5 9 201 1
91.017 118.003 264.080 20 5 9 103 1
91.017 118.003 264.080 21 5 9 103 1
338.008 68.810 323.760 22 5 9 197 1
338.008 68.810 323.760 23 5 9 197 1
359.561 100.590 197.796 24 5 9 392 4
359.561 100.590 197.796 25 5 9 392 4
359.561 100.590 197.796 26 5 9 392 4
359.561 100.590 197.796 27 5 9 392 4
359.561 100.590 197.796 28 5 9 392 4
359.561 100.590 197.796 29 5 9 392 4
359.561 100.590 197.796 30 5 9 392 4
43.474 102.962 66.521 1 6 9 385 3
43.474 102.962 66.521 2 6 9 385 3
43.474 102.962 66.521 3 6 9 385 3
43.474 102.962 66.521 4 6 9 385 3
43.474 102.962 66.521 5 6 9 385 3
43.474 102.962 66.521 6 6 9 385 3
43.474 102.962 66.521 7 6 9 385 3
43.474 102.962 66.521 8 6 9 385 3
43.474 102.962 66.521 9 6 9 385 3
43.474 102.962 66.521 10 6 9 385 3
43.474 102.962 66.521 11 6 9 385 3
43.474 102.962 66.521 12 6 9 385 3
43.474 102.962 66.521 13 6 9 385 3
43.474 102.962 66.521 14 6 9 385 3
43.474 102.962 66.521 15 6 9 385 3
43.474 102.962 66.521 16 6 9 385 3
91.017 118.003 264.080 17 6 9 103 1
91.017 118.003 264.080 18 6 9 103 1
91.017 118.003 264.080 19 6 9 103 1
91.017 118.003 264.080 20 6 9 103 1
91.017 118.003 264.080 21 6 9 103 1
338.008 68.810 323.760 22 6 9 197 1
338.008 68.810 323.760 23 6 9 197 1
359.561 100.590 197.796 24 6 9 392 4
359.561 100.590 197.796 25 6 9 392 4
359.561 100.590 197.796 26 6 9 392 4
359.561 100.590 197.796 27 6 9 392 4
359.561 100.590 197.796 28 6 9 392 4
359.561 100.590 197.796 29 6 9 392 4
359.561 100.590 197.796 30 6 9 392 4
43.474 102.962 66.521 1 7 9 385 3
43.474 102.962 66.521 2 7 9 385 3
43.474 102.962 66.521 3 7 9 385 3
43.474 102.962 66.521 4 7 9 385 3
43.474 102.962 66.521 5 7 9 385 3
43.474 102.962 66.521 6 7 9 385 3
43.474 102.962 66.521 7 7 9 385 3
43.474 102.962 66.521 8 7 9 385 3
43.474 102.962 66.521 9 7 9 385 3
43.474 102.962 66.521 10 7 9 385 3
43.474 102.962 66.521 11 7 9 385 3
43.474 102.962 66.521 12 7 9 385 3
43.474 102.962 66.521 13 7 9 385 3
43.474 102.962 66.521 14 7 9 385 3
43.474 102.962 66.521 15 7 9 385 3
43.474 102.962 66.521 16 7 9 385 3
91.017 118.003 264.080 17 7 9 103 1
91.017 118.003 264.080 18 7 9 103 1
319.528 35.005 67.487 19 7 9 396 4
319.528 35.005 67.487 20 7 9 396 4
319.528 35.005 67.487 21 7 9 396 4
319.528 35.005 67.487 22 7 9 396 4
319.528 35.005 67.487 23 7 9 396 4
319.528 35.005 67.487 24 7 9 396 4
359.561 100.590 197.796 25 7 9 392 4
359.561 100.590 197.796 26 7 9 392 4
359.561 100.590 197.796 27 7 9 392 4
359.561 100.590 197.796 28 7 9 392 4
359.561 100.590 197.796 29 7 9 392 4
359.561 100.590 197.796 30 7 9 392 4
43.474 102.962 66.521 1 8 9 385 3
43.474 102.962 66.521 2 8 9 385 3
43.474 102.962 66.521 3 8 9 385 3
43.474 102.962 66.521 4 8 9 385 3
43.474 102.962 66.521 5 8 9 385 3
43.474 102.962 66.521 6 8 9 385 3
43.474 102.962 66.521 7 8 9 385 3
43.474 102.962 66.521 8 8 9 385 3
43.474 102.962 66.521 9 8 9 385 3
43.474 102.962 66.521 10 8 9 385 3
43.474 102.962 66.521 11 8 9 385 3
43.474 102.962 66.521 12 8 9 385 3
43.474 102.962 66.521 13 8 9 385 3
43.474 102.962 66.521 14 8 9 385 3
43.474 102.962 66.521 15 8 9 385 3
144.658 95.464 101.355 16 8 9 437 1
79.079 39.898 12.319 17 8 9 300 1
79.079 39.898 12.319 18 8 9 300 1
319.528 35.005 67.487 19 8 9 396 4
319.528 35.005 67.487 20 8 9 396 4
319.528 35.005 67.487 21 8 9 396 4
319.528 35.005 67.487 22 8 9 396 4
319.528 35.005 67.487 23 8 9 396 4
206.696 71.473 73.442 24 8 9 182 1
359.561 100.590 197.796 25 8 9 392 4
359.561 100.590 197.796 26 8 9 392 4
359.561 100.590 197.796 27 8 9 392 4
359.561 100.590 197.796 28 8 9 392 4
359.561 100.590 197.796 29 8 9 392 4
359.561 100.590 197.796 30 8 9 392 4
43.474 102.962 66.521 1 9 9 385 3
43.474 102.962 66.521 2 9 9 385 3
43.474 102.962 66.521 3 9 9 385 3
43.474 102.962 66.521 4 9 9 385 3
43.474 102.962 66.521 5 9 9 385 3
43.474 102.962 66.521 6 9 9 385 3
43.474 102.962 66.521 7 9 9 385 3
43.474 102.962 66.521 8 9 9 385 3
43.474 102.962 66.521 9 9 9 385 3
43.474 102.962 66.521 10 9 9 385 3
43.474 102.962 66.521 11 9 9 385 3
43.474 102.962 66.521 12 9 9 385 3
43.474 102.962 66.521 13 9 9 385 3
43.474 102.962 66.521 14 9 9 385 3
43.474 102.962 66.521 15 9 9 385 3
319.528 35.005 67.487 16 9 9 396 4
319.528 35.005 67.487 17 9 9 396 4
79.079 39.898 12.319 18 9 9 300 1
319.528 35.005 67.487 19 9 9 396 4
319.528 35.005 67.487 20 9 9 396 4
319.528 35.005 67.487 21 9 9 396 4
319.528 35.005 67.487 22 9 9 396 4
319.528 35.005 67.487 23 9 9 396 4
206.696 71.473 73.442 24 9 9 182 1
359.561 100.590 197.796 25 9 9 392 4
359.561 100.590 197.796 26 9 9 392 4
359.561 100.590 197.796 27 9 9 392 4
359.561 100.590 197.796 28 9 9 392 4
359.561 100.590 197.796 29 9 9 392 4
359.561 100.590 197.796 30 9 9 392 4
43.474 102.962 66.521 1 10 9 385 3
43.474 102.962 66.521 2 10 9 385 3
43.474 102.962 66.521 3 10 9 385 3
43.474 102.962 66.521 4 10 9 385 3
43.474 102.962 66.521 5 10 9 385 3
43.474 102.962 66.521 6 10 9 385 3
43.474 102.962 66.521 7 10 9 385 3
43.474 102.962 66.521 8 10 9 385 3
43.474 102.962 66.521 9 10 9 385 3
43.474 102.962 66.521 10 10 9 385 3
43.474 102.962 66.521 11 10 9 385 3
43.474 102.962 66.521 12 10 9 385 3
43.474 102.962 66.521 13 10 9 385 3
43.474 102.962 66.521 14 10 9 385 3
319.528 35.005 67.487 15 10 9 396 4
319.528 35.005 67.487 16 10 9 396 4
319.528 35.005 67.487 17 10 9 396 4
226.613 155.873 206.241 18 10 9 72 1
226.613 155.873 206.241 19 10 9 72 1
319.528 35.005 67.487 20 10 9 396 4
319.528 35.005 67.487 21 10 9 396 4
319.528 35.005 67.487 22 10 9 396 4
319.528 35.005 67.487 23 10 9 396 4
319.528 35.005 67.487 24 10 9 396 4
359.561 100.590 197.796 25 10 9 392 4
359.561 100.590 197.796 26 10 9 392 4
359.561 100.590 197.796 27 10 9 392 4
359.561 100.590 197.796 28 10 9 392 4
359.561 100.590 197.796 29 10 9 392 4
359.561 100.590 197.796 30 10 9 392 4
43.474 102.962 66.521 1 11 9 385 3
43.474 102.962 66.521 2 11 9 385 3
43.474 102.962 66.521 3 11 9 385 3
43.474 102.962 66.521 4 11 9 385 3
43.474 102.962 66.521 5 11 9 385 3
43.474 102.962 66.521 6 11 9 385 3
43.474 102.962 66.521 7 11 9 385 3
43.474 102.962 66.521 8 11 9 385 3
43.474 102.962 66.521 9 11 9 385 3
43.474 102.962 66.521 10 11 9 385 3
43.474 102.962 66.521 11 11 9 385 3
43.474 102.962 66.521 12 11 9 385 3
43.474 102.962 66.521 13 11 9 385 3
43.474 102.962 66.521 14 11 9 385 3
319.528 35.005 67.487 15 11 9 396 4
319.528 35.005 67.487 16 11 9 396 4
319.528 35.005 67.487 17 11 9 396 4
319.528 35.005 67.487 18 11 9 396 4
319.528 35.005 67.487 19 11 9 396 4
319.528 35.005 67.487 20 11 9 396 4
319.528 35.005 67.487 21 11 9 396 4
319.528 35.005 67.487 22 11 9 396 4
319.528 35.005 67.487 23 11 9 396 4
319.528 35.005 67.487 24 11 9 396 4
359.561 100.590 197.796 25 11 9 392 4
359.561 100.590 197.796 26 11 9 392 4
359.561 100.590 197.796 27 11 9 392 4
359.561 100.590 197.796 28 11 9 392 4
359.561 100.590 197.796 29 11 9 392 4
359.561 100.590 197.796 30 11 9 392 4
43.474 102.962 66.521 1 12 9 385 3
43.474 102.962 66.521 2 12 9 385 3
43.474 102.962 66.521 3 12 9 385 3
43.474 102.962 66.521 4 12 9 385 3
43.474 102.962 66.521 5 12 9 385 3
43.474 102.962 66.521 6 12 9 385 3
43.474 102.962 66.521 7 12 9 385 3
43.474 102.962 66.521 8 12 9 385 3
43.474 102.962 66.521 9 12 9 385 3
43.474 102.962 66.521 10 12 9 385 3
43.474 102.962 66.521 11 12 9 385 3
43.474 102.962 66.521 12 12 9 385 3
43.474 102.962 66.521 13 12 9 385 3
319.528 35.005 67.487 14 12 9 396 4
319.528 35.005 67.487 15 12 9 396 4
319.528 35.005 67.487 16 12 9 396 4
319.528 35.005 67.487 17 12 9 396 4
319.528 35.005 67.487 18 12 9 396 4
319.528 35.005 67.487 19 12 9 396 4
319.528 35.005 67.487 20 12 9 396 4
319.528 35.005 67.487 21 12 9 396 4
319.528 35.005 67.487 22 12 9 396 4
319.528 35.005 67.487 23 12 9 396 4
319.528 35.005 67.487 24 12 9 396 4
359.561 100.590 197.796 25 12 9 392 4
359.561 100.590 197.796 26 12 9 392 4
359.561 100.590 197.796 27 12 9 392 4
359.561 100.590 197.796 28 12 9 392 4
359.561 100.590 197.796 29 12 9 392 4
359.561 100.590 197.796 30 12 9 392 4
43.474 102.962 66.521 1 13 9 385 3
43.474 102.962 66.521 2 13 9 385 3
43.474 102.962 66.521 3 13 9 385 3
43.474 102.962 66.521 4 13 9 385 3
43.474 102.962 66.521 5 13 9 385 3
43.474 102.962 66.521 6 13 9 385 3
43.474 102.962 66.521 7 13 9 385 3
43.474 102.962 66.521 8 13 9 385 3
43.474 102.962 66.521 9 13 9 385 3
43.474 102.962 66.521 10 13 9 385 3
43.474 102.962 66.521 11 13 9 385 3
43.474 102.962 66.521 12 13 9 385 3
43.474 102.962 66.521 13 13 9 385 3
319.528 35.005 67.487 14 13 9 396 4
319.528 35.005 67.487 15 13 9 396 4
319.528 35.005 67.487 16 13 9 396 4
319.528 35.005 67.487 17 13 9 396 4
319.528 35.005 67.487 18 13 9 396 4
319.528 35.005 67.487 19 13 9 396 4
319.528 35.005 67.487 20 13 9 396 4
319.528 35.005 67.487 21 13 9 396 4
319.528 35.005 67.487 22 13 9 396 4
319.528 35.005 67.487 23 13 9 396 4
319.528 35.005 67.487 24 13 9 396 4
359.561 100.590 197.796 25 13 9 392 4
359.561 100.590 197.796 26 13 9 392 4
359.561 100.590 197.796 27 13 9 392 4
359.561 100.590 197.796 28 13 9 392 4
359.561 100.590 197.796 29 13 9 392 4
359.561 100.590 197.796 30 13 9 392 4
43.474 102.962 66.521 1 14 9 385 3
43.474 102.962 66.521 2 14 9 385 3
43.474 102.962 66.521 3 14 9 385 3
43.474 102.962 66.521 4 14 9 385 3
43.474 102.962 66.521 5 14 9 385 3
43.474 102.962 66.521 6 14 9 385 3
43.474 102.962 66.521 7 14 9 385 3
43.474 102.962 66.521 8 14 9 385 3
43.474 102.962 66.521 9 14 9 385 3
43.474 102.962 66.521 10 14 9 385 3
43.474 102.962 66.521 11 14 9 385 3
43.474 102.962 66.521 12 14 9 385 3
319.528 35.005 67.487 13 14 9 396 4
319.528 35.005 67.487 14 14 9 396 4
319.528 35.005 67.487 15 14 9 396 4
319.528 35.005 67.487 16 14 9 396 4
319.528 35.005 67.487 17 14 9 396 4
319.528 35.005 67.487 18 14 9 396 4
319.528 35.005 67.487 19 14 9 396 4
319.528 35.005 67.487 20 14 9 396 4
319.528 35.005 67.487 21 14 9 396 4
319.528 35.005 67.487 22 14 9 396 4
319.528 35.005 67.487 23 14 9 396 4
319.528 35.005 67.487 24 14 9 396 4
359.561 100.590 197.796 25 14 9 392 4
359.561 100.590 197.796 26 14 9 392 4
359.561 100.590 197.796 27 14 9 392 4
359.561 100.590 197.796 28 14 9 392 4
359.561 100.590 197.796 29 14 9 392 4
359.561 100.590 197.796 30 14 9 392 4
43.474 102.962 66.521 1 15 9 385 3
43.474 102.962 66.521 2 15 9 385 3
43.474 102.962 66.521 3 15 9 385 3
43.474 102.962 66.521 4 15 9 385 3
43.474 102.962 66.521 5 15 9 385 3
43.474 102.962 66.521 6 15 9 385 3
43.474 102.962 66.521 7 15 9 385 3
43.474 102.962 66.521 8 15 9 385 3
43.474 102.962 66.521 9 15 9 385 3
43.474 102.962 66.521 10 15 9 385 3
43.474 102.962 66.521 11 15 9 385 3
319.528 35.005 67.487 12 15 9 396 4
319.528 35.005 67.487 13 15 9 396 4
319.528 35.005 67.487 14 15 9 396 4
319.528 35.005 67.487 15 15 9 396 4
319.528 35.005 67.487 16 15 9 396 4
319.528 35.005 67.487 17 15 9 396 4
319.528 35.005 67.487 18 15 9 396 4
319.528 35.005 67.487 19 15 9 396 4
319.528 35.005 67.487 20 15 9 396 4
319.528 35.005 67.487 21 15 9 396 4
319.528 35.005 67.487 22 15 9 396 4
319.528 35.005 67.487 23 15 9 396 4
319.528 35.005 67.487 24 15 9 396 4
359.561 100.590 197.796 25 15 9 392 4
359.561 100.590 197.796 26 15 9 392 4
359.561 100.590 197.796 27 15 9 392 4
359.561 100.590 197.796 28 15 9 392 4
359.561 100.590 197.796 29 15 9 392 4
359.561 100.590 197.796 30 15 9 392 4
43.474 102.962 66.521 1 16 9 385 3
43.474 102.962 66.521 2 16 9 385 3
43.474 102.962 66.521 3 16 9 385 3
43.474 102.962 66.521 4 16 9 385 3
43.474 102.962 66.521 5 16 9 385 3
43.474 102.962 66.521 6 16 9 385 3
43.474 102.962 66.521 7 16 9 385 3
43.474 102.962 66.521 8 16 9 385 3
43.474 102.962 66.521 9 16 9 385 3
43.474 102.962 66.521 10 16 9 385 3
43.474 102.962 66.521 11 16 9 385 3
319.528 35.005 67.487 12 16 9 396 4
319.528 35.005 67.487 13 16 9 396 4
319.528 35.005 67.487 14 16 9 396 4
319.528 35.005 67.487 15 16 9 396 4
319.528 35.005 67.487 16 16 9 396 4
319.528 35.005 67.487 17 16 9 396 4
319.528 35.005 67.487 18 16 9 396 4
319.528 35.005 67.487 19 16 9 396 4
319.528 35.005 67.487 20 16 9 396 4
319.528 35.005 67.487 21 16 9 396 4
319.528 35.005 67.487 22 16 9 396 4
319.528 35.005 67.487 23 16 9 396 4
359.561 100.590 197.796 24 16 9 392 4
359.561 100.590 197.796 25 16 9 392 4
359.561 100.590 197.796 26 16 9 392 4
359.561 100.590 197.796 27 16 9 392 4
359.561 100.590 197.796 28 16 9 392 4
359.561 100.590 197.796 29 16 9 392 4
359.561 100.590 197.796 30 16 9 392 4
43.474 102.962 66.521 1 17 9 385 3
43.474 102.962 66.521 2 17 9 385 3
43.474 102.962 66.521 3 17 9 385 3
43.474 102.962 66.521 4 17 9 385 3
43.474 102.962 66.521 5 17 9 385 3
43.474 102.962 66.521 6 17 9 385 3
43.474 102.962 66.521 7 17 9 385 3
43.474 102.962 66.521 8 17 9 385 3
43.474 102.962 66.521 9 17 9 385 3
43.474 102.962 66.521 10 17 9 385 3
319.528 35.005 67.487 11 17 9 396 4
319.528 35.005 67.487 12 17 9 396 4
319.528 35.005 67.487 13 17 9 396 4
319.528 35.005 67.487 14 17 9 396 4
319.528 35.005 67.487 15 17 9 396 4
319.528 35.005 67.487 16 17 9 396 4
319.528 35.005 67.487 17 17 9 396 4
319.528 35.005 67.487 18 17 9 396 4
319.528 35.005 67.487 19 17 9 396 4
319.528 35.005 67.487 20 17 9 396 4
319.528 35.005 67.487 21 17 9 396 4
319.528 35.005 67.487 22 17 9 396 4
319.528 35.005 67.487 23 17 9 396 4
359.561 100.590 197.796 24 17 9 392 4
359.561 100.590 197.796 25 17 9 392 4
359.561 100.590 197.796 26 17 9 392 4
359.561 100.590 197.796 27 17 9 392 4
359.561 100.590 197.796 28 17 9 392 4
359.561 100.590 197.796 29 17 9 392 4
359.561 100.590 197.796 30 17 9 392 4
43.474 102.962 66.521 1 18 9 385 3
43.474 102.962 66.521 2 18 9 385 3
43.474 102.962 66.521 3 18 9 385 3
43.474 102.962 66.521 4 18 9 385 3
43.474 102.962 66.521 5 18 9 385 3
43.474 102.962 66.521 6 18 9 385 3
43.474 102.962 66.521 7 18 9 385 3
43.474 102.962 66.521 8 18 9 385 3
43.474 102.962 66.521 9 18 9 385 3
43.474 102.962 66.521 10 18 9 385 3
319.528 35.005 67.487 11 18 9 396 4
319.528 35.005 67.487 12 18 9 396 4
319.528 35.005 67.487 13 18 9 396 4
302.584 51.868 106.124 14 18 9 111 1
319.528 35.005 67.487 15 18 9 396 4
319.528 35.005 67.487 16 18 9 396 4
319.528 35.005 67.487 17 18 9 396 4
319.528 35.005 67.487 18 18 9 396 4
319.528 35.005 67.487 19 18 9 396 4
319.528 35.005 67.487 20 18 9 396 4
319.528 35.005 67.487 21 18 9 396 4
319.528 35.005 67.487 22 18 9 396 4
319.528 35.005 67.487 23 18 9 396 4
359.561 100.590 197.796 24 18 9 392 4
359.561 100.590 197.796 25 18 9 392 4
359.561 100.590 197.796 26 18 9 392 4
359.561 100.590 197.796 27 18 9 392 4
359.561 100.590 197.796 28 18 9 392 4
359.561 100.590 197.796 29 18 9 392 4
359.561 100.590 197.796 30 18 9 392 4
43.474 102.962 66.521 1 19 9 385 3
43.474 102.962 66.521 2 19 9 385 3
43.474 102.962 66.521 3 19 9 385 3
43.474 102.962 66.521 4 19 9 385 3
43.474 102.962 66.521 5 19 9 385 3
43.474 102.962 66.521 6 19 9 385 3
43.474 102.962 66.521 7 19 9 385 3
43.474 102.962 66.521 8 19 9 385 3
43.474 102.962 66.521 9 19 9 385 3
319.528 35.005 67.487 10 19 9 396 4
319.528 35.005 67.487 11 19 9 396 4
319.528 35.005 67.487 12 19 9 396 4
319.528 35.005 67.487 13 19 9 396 4
319.528 35.005 67.487 14 19 9 396 4
319.528 35.005 67.487 15 19 9 396 4
319.528 35.005 67.487 16 19 9 396 4
319.528 35.005 67.487 17 19 9 396 4
319.528 35.005 67.487 18 19 9 396 4
319.528 35.005 67.487 19 19 9 396 4
319.528 35.005 67.487 20 19 9 396 4
319.528 35.005 67.487 21 19 9 396 4
319.528 35.005 67.487 22 19 9 396 4
319.528 35.005 67.487 23 19 9 396 4
359.561 100.590 197.796 24 19 9 392 4
359.561 100.590 197.796 25 19 9 392 4
359.561 100.590 197.796 26 19 9 392 4
359.561 100.590 197.796 27 19 9 392 4
359.561 100.590 197.796 28 19 9 392 4
359.561 100.590 197.796 29 19 9 392 4
359.561 100.590 197.796 30 19 9 392 4
43.474 102.962 66.521 1 20 9 385 3
43.474 102.962 66.521 2 20 9 385 3
43.474 102.962 66.521 3 20 9 385 3
43.474 102.962 66.521 4 20 9 385 3
43.474 102.962 66.521 5 20 9 385 3
43.474 102.962 66.521 6 20 9 385 3
43.474 102.962 66.521 7 20 9 385 3
43.474 102.962 66.521 8 20 9 385 3
43.474 102.962 66.521 9 20 9 385 3
319.528 35.005 67.487 10 20 9 396 4
319.528 35.005 67.487 11 20 9 396 4
319.528 35.005 67.487 12 20 9 396 4
319.528 35.005 67.487 13 20 9 396 4
319.528 35.005 67.487 14 20 9 396 4
319.528 35.005 67.487 15 20 9 396 4
319.528 35.005 67.487 16 20 9 396 4
319.528 35.005 67.487 17 20 9 396 4
319.528 35.005 67.487 18 20 9 396 4
319.528 35.005 67.487 19 20 9 396 4
319.528 35.005 67.487 20 20 9 396 4
319.528 35.005 67.487 21 20 9 396 4
319.528 35.005 67.487 22 20 9 396 4
319.528 35.005 67.487 23 20 9 396 4
359.561 100.590 197.796 24 20 9 392 4
359.561 100.590 197.796 25 20 9 392 4
359.561 100.590 197.796 26 20 9 392 4
359.561 100.590 197.796 27 20 9 392 4
359.561 100.590 197.796 28 20 9 392 4
359.561 100.590 197.796 29 20 9 392 4
359.561 100.590 197.796 30 20 9 392 4
43.474 102.962 66.521 1 21 9 385 3
43.474 102.962 66.521 2 21 9 385 3
43.474 102.962 66.521 3 21 9 385 3
43.474 102.962 66.521 4 21 9 385 3
43.474 102.962 66.521 5 21 9 385 3
43.474 102.962 66.521 6 21 9 385 3
43.474 102.962 66.521 7 21 9 385 3
43.474 102.962 66.521 8 21 9 385 3
319.528 35.005 67.487 9 21 9 396 4
319.528 35.005 67.487 10 21 9 396 4
319.528 35.005 67.487 11 21 9 396 4
319.528 35.005 67.487 12 21 9 396 4
319.528 35.005 67.487 13 21 9 396 4
319.528 35.005 67.487 14 21 9 396 4
319.528 35.005 67.487 15 21 9 396 4
319.528 35.005 67.487 16 21 9 396 4
319.528 35.005 67.487 17 21 9 396 4
319.528 35.005 67.487 18 21 9 396 4
319.528 35.005 67.487 19 21 9 396 4
319.528 35.005 67.487 20 21 9 396 4
319.528 35.005 67.487 21 21 9 396 4
319.528 35.005 67.487 22 21 9 396 4
319.528 35.005 67.487 23 21 9 396 4
359.561 100.590 197.796 24 21 9 392 4
359.561 100.590 197.796 25 21 9 392 4
359.561 100.590 197.796 26 21 9 392 4
359.561 100.590 197.796 27 21 9 392 4
359.561 100.590 197.796 28 21 9 392 4
359.561 100.590 197.796 29 21 9 392 4
359.561 100.590 197.796 30 21 9 392 4
43.474 102.962 66.521 1 22 9 385 3
43.474 102.962 66.521 2 22 9 385 3
43.474 102.962 66.521 3 22 9 385 3
43.474 102.962 66.521 4 22 9 385 3
43.474 102.962 66.521 5 22 9 385 3
43.474 102.962 66.521 6 22 9 385 3
43.474 102.962 66.521 7 22 9 385 3
261.827 44.034 359.860 8 22 9 238 1
319.528 35.005 67.487 9 22 9 396 4
319.528 35.005 67.487 10 22 9 396 4
319.528 35.005 67.487 11 22 9 396 4
347.517 76.177 43.470 12 22 9 363 2
319.528 35.005 67.487 13 22 9 396 4
319.528 35.005 67.487 14 22 9 396 4
319.528 35.005 67.487 15 22 9 396 4
319.528 35.005 67.487 16 22 9 396 4
319.528 35.005 67.487 17 22 9 396 4
319.528 35.005 67.487 18 22 9 396 4
319.528 35.005 67.487 19 22 9 396 4
319.528 35.005 67.487 20 22 9 396 4
319.528 35.005 67.487 21 22 9 396 4
319.528 35.005 67.487 22 22 9 396 4
359.561 100.590 197.796 23 22 9 392 4
359.561 100.590 197.796 24 22 9 392 4
359.561 100.590 197.796 25 22 9 392 4
359.561 100.590 197.796 26 22 9 392 4
359.561 100.590 197.796 27 22 9 392 4
359.561 100.590 197.796 28 22 9 392 4
359.561 100.590 197.796 29 22 9 392 4
359.561 100.590 197.796 30 22 9 392 4
43.474 102.962 66.521 1 23 9 385 3
43.474 102.962 66.521 2 23 9 385 3
336.357 104.932 333.975 3 23 9 393 4
336.357 104.932 333.975 4 23 9 393 4
336.357 104.932 333.975 5 23 9 393 4
336.357 104.932 333.975 6 23 9 393 4
336.357 104.932 333.975 7 23 9 393 4
319.528 35.005 67.487 8 23 9 396 4
319.528 35.005 67.487 9 23 9 396 4
319.528 35.005 67.487 10 23 9 396 4
319.528 35.005 67.487 11 23 9 396 4
319.528 35.005 67.487 12 23 9 396 4
319.528 35.005 67.487 13 23 9 396 4
319.528 35.005 67.487 14 23 9 396 4
319.528 35.005 67.487 15 23 9 396 4
319.528 35.005 67.487 16 23 9 396 4
319.528 35.005 67.487 17 23 9 396 4
319.528 35.005 67.487 18 23 9 396 4
319.528 35.005 67.487 19 23 9 396 4
319.528 35.005 67.487 20 23 9 396 4
319.528 35.005 67.487 21 23 9 396 4
319.528 35.005 67.487 22 23 9 396 4
359.561 100.590 197.796 23 23 9 392 4
359.561 100.590 197.796 24 23 9 392 4
359.561 100.590 197.796 25 23 9 392 4
359.561 100.590 197.796 26 23 9 392 4
359.561 100.590 197.796 27 23 9 392 4
359.561 100.590 197.796 28 23 9 392 4
359.561 100.590 197.796 29 23 9 392 4
359.561 100.590 197.796 30 23 9 392 4
336.357 104.932 333.975 1 24 9 393 4
336.357 104.932 333.975 2 24 9 393 4
336.357 104.932 333.975 3 24 9 393 4
336.357 104.932 333.975 4 24 9 393 4
336.357 104.932 333.975 5 24 9 393 4
336.357 104.932 333.975 6 24 9 393 4
336.357 104.932 333.975 7 24 9 393 4
336.357 104.932 333.975 8 24 9 393 4
319.528 35.005 67.487 9 24 9 396 4
319.528 35.005 67.487 10 24 9 396 4
319.528 35.005 67.487 11 24 9 396 4
319.528 35.005 67.487 12 24 9 396 4
319.528 35.005 67.487 13 24 9 396 4
319.528 35.005 67.487 14 24 9 396 4
319.528 35.005 67.487 15 24 9 396 4
319.528 35.005 67.487 16 24 9 396 4
319.528 35.005 67.487 17 24 9 396 4
319.528 35.005 67.487 18 24 9 396 4
319.528 35.005 67.487 19 24 9 396 4
269.739 56.175 193.527 20 24 9 219 1
319.528 35.005 67.487 21 24 9 396 4
319.528 35.005 67.487 22 24 9 396 4
359.561 100.590 197.796 23 24 9 392 4
359.561 100.590 197.796 24 24 9 392 4
359.561 100.590 197.796 25 24 9 392 4
359.561 100.590 197.796 26 24 9 392 4
359.561 100.590 197.796 27 24 9 392 4
359.561 100.590 197.796 28 24 9 392 4
359.561 100.590 197.796 29 24 9 392 4
359.561 100.590 197.796 30 24 9 392 4
336.357 104.932 333.975 1 25 9 393 4
336.357 104.932 333.975 2 25 9 393 4
336.357 104.932 333.975 3 25 9 393 4
336.357 104.932 333.975 4 25 9 393 4
336.357 104.932 333.975 5 25 9 393 4
336.357 104.932 333.975 6 25 9 393 4
336.357 104.932 333.975 7 25 9 393 4
336.357 104.932 333.975 8 25 9 393 4
319.528 35.005 67.487 9 25 9 396 4
319.528 35.005 67.487 10 25 9 396 4
319.528 35.005 67.487 11 25 9 396 4
319.528 35.005 67.487 12 25 9 396 4
319.528 35.005 67.487 13 25 9 396 4
319.528 35.005 67.487 14 25 9 396 4
319.528 35.005 67.487 15 25 9 396 4
319.528 35.005 67.487 16 25 9 396 4
319.528 35.005 67.487 17 25 9 396 4
319.528 35.005 67.487 18 25 9 396 4
319.528 35.005 67.487 19 25 9 396 4
319.528 35.005 67.487 20 25 9 396 4
319.528 35.005 67.487 21 25 9 396 4
2.111 107.073 287.015 22 25 9 316 2
2.111 107.073 287.015 23 25 9 316 2
2.111 107.073 287.015 24 25 9 316 2
359.561 100.590 197.796 25 25 9 392 4
359.561 100.590 197.796 26 25 9 392 4
359.561 100.590 197.796 27 25 9 392 4
359.561 100.590 197.796 28 25 9 392 4
359.561 100.590 197.796 29 25 9 392 4
359.561 100.590 197.796 30 25 9 392 4
336.357 104.932 333.975 1 26 9 393 4
336.357 104.932 333.975 2 26 9 393 4
336.357 104.932 333.975 3 26 9 393 4
336.357 104.932 333.975 4 26 9 393 4
336.357 104.932 333.975 5 26 9 393 4
336.357 104.932 333.975 6 26 9 393 4
336.357 104.932 333.975 7 26 9 393 4
336.357 104.932 333.975 8 26 9 393 4
319.528 35.005 67.487 9 26 9 396 4
319.528 35.005 67.487 10 26 9 396 4
319.528 35.005 67.487 11 26 9 396 4
319.528 35.005 67.487 12 26 9 396 4
37.623 91.015 277.847 13 26 9 170 1
319.528 35.005 67.487 14 26 9 396 4
319.528 35.005 67.487 15 26 9 396 4
319.528 35.005 67.487 16 26 9 396 4
319.528 35.005 67.487 17 26 9 396 4
319.528 35.005 67.487 18 26 9 396 4
319.528 35.005 67.487 19 26 9 396 4
319.528 35.005 67.487 20 26 9 396 4
2.111 107.073 287.015 21 26 9 316 2
2.111 107.073 287.015 22 26 9 316 2
2.111 107.073 287.015 23 26 9 316 2
2.111 107.073 287.015 24 26 9 316 2
359.561 100.590 197.796 25 26 9 392 4
359.561 100.590 197.796 26 26 9 392 4
359.561 100.590 197.796 27 26 9 392 4
359.561 100.590 197.796 28 26 9 392 4
359.561 100.590 197.796 29 26 9 392 4
359.561 100.590 197.796 30 26 9 392 4
336.357 104.932 333.975 1 27 9 393 4
336.357 104.932 333.975 2 27 9 393 4
336.357 104.932 333.975 3 27 9 393 4
336.357 104.932 333.975 4 27 9 393 4
336.357 104.932 333.975 5 27 9 393 4
336.357 104.932 333.975 6 27 9 393 4
336.357 104.932 333.975 7 27 9 393 4
336.357 104.932 333.975 8 27 9 393 4
319.528 35.005 67.487 9 27 9 396 4
319.528 35.005 67.487 10 27 9 396 4
319.528 35.005 67.487 11 27 9 396 4
319.528 35.005 67.487 12 27 9 396 4
319.528 35.005 67.487 13 27 9 396 4
319.528 35.005 67.487 14 27 9 396 4
319.528 35.005 67.487 15 27 9 396 4
319.528 35.005 67.487 16 27 9 396 4
319.528 35.005 67.487 17 27 9 396 4
319.528 35.005 67.487 18 27 9 396 4
319.528 35.005 67.487 19 27 9 396 4
319.528 35.005 67.487 20 27 9 396 4
2.111 107.073 287.015 21 27 9 316 2
2.111 107.073 287.015 22 27 9 316 2
2.111 107.073 287.015 23 27 9 316 2
2.111 107.073 287.015 24 27 9 316 2
359.561 100.590 197.796 25 27 9 392 4
359.561 100.590 197.796 26 27 9 392 4
359.561 100.590 197.796 27 27 9 392 4
359.561 100.590 197.796 28 27 9 392 4
359.561 100.590 197.796 29 27 9 392 4
359.561 100.590 197.796 30 27 9 392 4
336.357 104.932 333.975 1 28 9 393 4
336.357 104.932 333.975 2 28 9 393 4
336.357 104.932 333.975 3 28 9 393 4
336.357 104.932 333.975 4 28 9 393 4
336.357 104.932 333.975 5 28 9 393 4
336.357 104.932 333.975 6 28 9 393 4
336.357 104.932 333.975 7 28 9 393 4
336.357 104.932 333.975 8 28 9 393 4
319.528 35.005 67.487 9 28 9 396 4
319.528 35.005 67.487 10 28 9 396 4
319.528 35.005 67.487 11 28 9 396 4
319.528 35.005 67.487 12 28 9 396 4
319.528 35.005 67.487 13 28 9 396 4
319.528 35.005 67.487 14 28 9 396 4
319.528 35.005 67.487 15 28 9 396 4
319.528 35.005 67.487 16 28 9 396 4
319.528 35.005 67.487 17 28 9 396 4
319.528 35.005 67.487 18 28 9 396 4
319.528 35.005 67.487 19 28 9 396 4
2.111 107.073 287.015 20 28 9 316 2
2.111 107.073 287.015 21 28 9 316 2
2.111 107.073 287.015 22 28 9 316 2
2.111 107.073 287.015 23 28 9 316 2
2.111 107.073 287.015 24 28 9 316 2
359.561 100.590 197.796 25 28 9 392 4
359.561 100.590 197.796 26 28 9 392 4
359.561 100.590 197.796 27 28 9 392 4
359.561 100.590 197.796 28 28 9 392 4
359.561 100.590 197.796 29 28 9 392 4
359.561 100.590 197.796 30 28 9 392 4
336.357 104.932 333.975 1 29 9 393 4
336.357 104.932 333.975 2 29 9 393 4
336.357 104.932 333.975 3 29 9 393 4
336.357 104.932 333.975 4 29 9 393 4
336.357 104.932 333.975 5 29 9 393 4
336.357 104.932 333.975 6 29 9 393 4
336.357 104.932 333.975 7 29 9 393 4
336.357 104.932 333.975 8 29 9 393 4
319.528 35.005 67.487 9 29 9 396 4
319.528 35.005 67.487 10 29 9 396 4
319.528 35.005 67.487 11 29 9 396 4
319.528 35.005 67.487 12 29 9 396 4
319.528 35.005 67.487 13 29 9 396 4
319.528 35.005 67.487 14 29 9 396 4
319.528 35.005 67.487 15 29 9 396 4
319.528 35.005 67.487 16 29 9 396 4
319.528 35.005 67.487 17 29 9 396 4
319.528 35.005 67.487 18 29 9 396 4
319.528 35.005 67.487 19 29 9 396 4
2.111 107.073 287.015 20 29 9 316 2
2.111 107.073 287.015 21 29 9 316 2
2.111 107.073 287.015 22 29 9 316 2
2.111 107.073 287.015 23 29 9 316 2
2.111 107.073 287.015 24 29 9 316 2
359.561 100.590 197.796 25 29 9 392 4
359.561 100.590 197.796 26 29 9 392 4
359.561 100.590 197.796 27 29 9 392 4
359.561 100.590 197.796 28 29 9 392 4
359.561 100.590 197.796 29 29 9 392 4
359.561 100.590 197.796 30 29 9 392 4
336.357 104.932 333.975 1 30 9 393 4
336.357 104.932 333.975 2 30 9 393 4
336.357 104.932 333.975 3 30 9 393 4
336.357 104.932 333.975 4 30 9 393 4
336.357 104.932 333.975 5 30 9 393 4
336.357 104.932 333.975 6 30 9 393 4
336.357 104.932 333.975 7 30 9 393 4
336.357 104.932 333.975 8 30 9 393 4
319.528 35.005 67.487 9 30 9 396 4
319.528 35.005 67.487 10 30 9 396 4
319.528 35.005 67.487 11 30 9 396 4
319.528 35.005 67.487 12 30 9 396 4
319.528 35.005 67.487 13 30 9 396 4
319.528 35.005 67.487 14 30 9 396 4
319.528 35.005 67.487 15 30 9 396 4
319.528 35.005 67.487 16 30 9 396 4
319.528 35.005 67.487 17 30 9 396 4
319.528 35.005 67.487 18 30 9 396 4
2.111 107.073 287.015 19 30 9 316 2
2.111 107.073 287.015 20 30 9 316 2
2.111 107.073 287.015 21 30 9 316 2
2.111 107.073 287.015 22 30 9 316 2
2.111 107.073 287.015 23 30 9 316 2
187.800 115.771 316.877 24 30 9 204 1
359.561 100.590 197.796 25 30 9 392 4
359.561 100.590 197.796 26 30 9 392 4
359.561 100.590 197.796 27 30 9 392 4
359.561 100.590 197.796 28 30 9 392 4
359.561 100.590 197.796 29 30 9 392 4
359.561 100.590 197.796 30 30 9 392 4
