36.286 113.727 296.787 1 1 27 388 4
36.286 113.727 296.787 2 1 27 388 4
36.286 113.727 296.787 3 1 27 388 4
36.286 113.727 296.787 4 1 27 388 4
36.286 113.727 296.787 5 1 27 388 4
36.286 113.727 296.787 6 1 27 388 4
104.079 17.372 257.697 7 1 27 323 2
104.079 17.372 257.697 8 1 27 323 2
170.415 131.913 164.349 9 1 27 294 1
170.415 131.913 164.349 10 1 27 294 1
187.242 41.142 139.857 11 1 27 395 4
187.242 41.142 139.857 12 1 27 395 4
187.242 41.142 139.857 13 1 27 395 4
187.242 41.142 139.857 14 1 27 395 4
187.242 41.142 139.857 15 1 27 395 4
187.242 41.142 139.857 16 1 27 395 4
187.242 41.142 139.857 17 1 27 395 4
340.766 124.777 203.667 18 1 27 198 1
340.766 124.777 203.667 19 1 27 198 1
340.766 124.777 203.667 20 1 27 198 1
2.702 45.563 147.210 21 1 27 386 4
2.702 45.563 147.210 22 1 27 386 4
2.702 45.563 147.210 23 1 27 386 4
2.702 45.563 147.210 24 1 27 386 4
2.702 45.563 147.210 25 1 27 386 4
2.702 45.563 147.210 26 1 27 386 4
2.702 45.563 147.210 27 1 27 386 4
2.702 45.563 147.210 28 1 27 386 4
2.702 45.563 147.210 29 1 27 386 4
2.702 45.563 147.210 30 1 27 386 4
36.286 113.727 296.787 1 2 27 388 4
36.286 113.727 296.787 2 2 27 388 4
36.286 113.727 296.787 3 2 27 388 4
36.286 113.727 296.787 4 2 27 388 4
36.286 113.727 296.787 5 2 27 388 4
36.286 113.727 296.787 6 2 27 388 4
36.286 113.727 296.787 7 2 27 388 4
104.079 17.372 257.697 8 2 27 323 2
170.415 131.913 164.349 9 2 27 294 1
170.415 131.913 164.349 10 2 27 294 1
223.595 46.978 24.508 11 2 27 47 1
187.242 41.142 139.857 12 2 27 395 4
187.242 41.142 139.857 13 2 27 395 4
187.242 41.142 139.857 14 2 27 395 4
187.242 41.142 139.857 15 2 27 395 4
187.242 41.142 139.857 16 2 27 395 4
187.242 41.142 139.857 17 2 27 395 4
187.242 41.142 139.857 18 2 27 395 4
340.766 124.777 203.667 19 2 27 198 1
340.766 124.777 203.667 20 2 27 198 1
2.702 45.563 147.210 21 2 27 386 4
2.702 45.563 147.210 22 2 27 386 4
2.702 45.563 147.210 23 2 27 386 4
2.702 45.563 147.210 24 2 27 386 4
2.702 45.563 147.210 25 2 27 386 4
2.702 45.563 147.210 26 2 27 386 4
2.702 45.563 147.210 27 2 27 386 4
2.702 45.563 147.210 28 2 27 386 4
2.702 45.563 147.210 29 2 27 386 4
2.702 45.563 147.210 30 2 27 386 4
118.446 51.956 32.890 1 3 27 266 1
118.446 51.956 32.890 2 3 27 266 1
36.286 113.727 296.787 3 3 27 388 4
36.286 113.727 296.787 4 3 27 388 4
36.286 113.727 296.787 5 3 27 388 4
36.286 113.727 296.787 6 3 27 388 4
36.286 113.727 296.787 7 3 27 388 4
223.595 46.978 24.508 8 3 27 47 1
223.595 46.978 24.508 9 3 27 47 1
223.595 46.978 24.508 10 3 27 47 1
223.595 46.978 24.508 11 3 27 47 1
187.242 41.142 139.857 12 3 27 395 4
187.242 41.142 139.857 13 3 27 395 4
187.242 41.142 139.857 14 3 27 395 4
187.242 41.142 139.857 15 3 27 395 4
187.242 41.142 139.857 16 3 27 395 4
187.242 41.142 139.857 17 3 27 395 4
187.242 41.142 139.857 18 3 27 395 4
187.242 41.142 139.857 19 3 27 395 4
42.386 94.041 179.669 20 3 27 123 1
2.702 45.563 147.210 21 3 27 386 4
2.702 45.563 147.210 22 3 27 386 4
2.702 45.563 147.210 23 3 27 386 4
2.702 45.563 147.210 24 3 27 386 4
2.702 45.563 147.210 25 3 27 386 4
2.702 45.563 147.210 26 3 27 386 4
2.702 45.563 147.210 27 3 27 386 4
2.702 45.563 147.210 28 3 27 386 4
2.702 45.563 147.210 29 3 27 386 4
2.702 45.563 147.210 30 3 27 386 4
118.446 51.956 32.890 1 4 27 266 1
118.446 51.956 32.890 2 4 27 266 1
36.286 113.727 296.787 3 4 27 388 4
36.286 113.727 296.787 4 4 27 388 4
36.286 113.727 296.787 5 4 27 388 4
36.286 113.727 296.787 6 4 27 388 4
36.286 113.727 296.787 7 4 27 388 4
223.595 46.978 24.508 8 4 27 47 1
223.595 46.978 24.508 9 4 27 47 1
223.595 46.978 24.508 10 4 27 47 1
187.242 41.142 139.857 11 4 27 395 4
187.242 41.142 139.857 12 4 27 395 4
187.242 41.142 139.857 13 4 27 395 4
187.242 41.142 139.857 14 4 27 395 4
187.242 41.142 139.857 15 4 27 395 4
187.242 41.142 139.857 16 4 27 395 4
187.242 41.142 139.857 17 4 27 395 4
187.242 41.142 139.857 18 4 27 395 4
187.242 41.142 139.857 19 4 27 395 4
187.242 41.142 139.857 20 4 27 395 4
2.702 45.563 147.210 21 4 27 386 4
2.702 45.563 147.210 22 4 27 386 4
2.702 45.563 147.210 23 4 27 386 4
2.702 45.563 147.210 24 4 27 386 4
2.702 45.563 147.210 25 4 27 386 4
2.702 45.563 147.210 26 4 27 386 4
2.702 45.563 147.210 27 4 27 386 4
2.702 45.563 147.210 28 4 27 386 4
2.702 45.563 147.210 29 4 27 386 4
2.702 45.563 147.210 30 4 27 386 4
165.097 65.966 269.906 1 5 27 390 4
118.446 51.956 32.890 2 5 27 266 1
118.446 51.956 32.890 3 5 27 266 1
321.292 64.541 267.426 4 5 27 2 1
36.286 113.727 296.787 5 5 27 388 4
223.595 46.978 24.508 6 5 27 47 1
223.595 46.978 24.508 7 5 27 47 1
223.595 46.978 24.508 8 5 27 47 1
223.595 46.978 24.508 9 5 27 47 1
187.242 41.142 139.857 10 5 27 395 4
187.242 41.142 139.857 11 5 27 395 4
187.242 41.142 139.857 12 5 27 395 4
187.242 41.142 139.857 13 5 27 395 4
187.242 41.142 139.857 14 5 27 395 4
187.242 41.142 139.857 15 5 27 395 4
187.242 41.142 139.857 16 5 27 395 4
187.242 41.142 139.857 17 5 27 395 4
187.242 41.142 139.857 18 5 27 395 4
187.242 41.142 139.857 19 5 27 395 4
187.242 41.142 139.857 20 5 27 395 4
187.242 41.142 139.857 21 5 27 395 4
2.702 45.563 147.210 22 5 27 386 4
2.702 45.563 147.210 23 5 27 386 4
2.702 45.563 147.210 24 5 27 386 4
2.702 45.563 147.210 25 5 27 386 4
2.702 45.563 147.210 26 5 27 386 4
2.702 45.563 147.210 27 5 27 386 4
2.702 45.563 147.210 28 5 27 386 4
2.702 45.563 147.210 29 5 27 386 4
2.702 45.563 147.210 30 5 27 386 4
165.097 65.966 269.906 1 6 27 390 4
165.097 65.966 269.906 2 6 27 390 4
165.097 65.966 269.906 3 6 27 390 4
165.097 65.966 269.906 4 6 27 390 4
223.595 46.978 24.508 5 6 27 47 1
223.595 46.978 24.508 6 6 27 47 1
223.595 46.978 24.508 7 6 27 47 1
223.595 46.978 24.508 8 6 27 47 1
187.242 41.142 139.857 9 6 27 395 4
187.242 41.142 139.857 10 6 27 395 4
187.242 41.142 139.857 11 6 27 395 4
187.242 41.142 139.857 12 6 27 395 4
187.242 41.142 139.857 13 6 27 395 4
187.242 41.142 139.857 14 6 27 395 4
187.242 41.142 139.857 15 6 27 395 4
187.242 41.142 139.857 16 6 27 395 4
187.242 41.142 139.857 17 6 27 395 4
187.242 41.142 139.857 18 6 27 395 4
187.242 41.142 139.857 19 6 27 395 4
187.242 41.142 139.857 20 6 27 395 4
187.242 41.142 139.857 21 6 27 395 4
187.242 41.142 139.857 22 6 27 395 4
187.242 41.142 139.857 23 6 27 395 4
2.702 45.563 147.210 24 6 27 386 4
2.702 45.563 147.210 25 6 27 386 4
2.702 45.563 147.210 26 6 27 386 4
2.702 45.563 147.210 27 6 27 386 4
2.702 45.563 147.210 28 6 27 386 4
2.702 45.563 147.210 29 6 27 386 4
2.702 45.563 147.210 30 6 27 386 4
165.097 65.966 269.906 1 7 27 390 4
165.097 65.966 269.906 2 7 27 390 4
165.097 65.966 269.906 3 7 27 390 4
165.097 65.966 269.906 4 7 27 390 4
165.097 65.966 269.906 5 7 27 390 4
223.595 46.978 24.508 6 7 27 47 1
223.595 46.978 24.508 7 7 27 47 1
187.242 41.142 139.857 8 7 27 395 4
187.242 41.142 139.857 9 7 27 395 4
187.242 41.142 139.857 10 7 27 395 4
187.242 41.142 139.857 11 7 27 395 4
187.242 41.142 139.857 12 7 27 395 4
187.242 41.142 139.857 13 7 27 395 4
187.242 41.142 139.857 14 7 27 395 4
187.242 41.142 139.857 15 7 27 395 4
187.242 41.142 139.857 16 7 27 395 4
187.242 41.142 139.857 17 7 27 395 4
187.242 41.142 139.857 18 7 27 395 4
187.242 41.142 139.857 19 7 27 395 4
187.242 41.142 139.857 20 7 27 395 4
187.242 41.142 139.857 21 7 27 395 4
187.242 41.142 139.857 22 7 27 395 4
187.242 41.142 139.857 23 7 27 395 4
187.242 41.142 139.857 24 7 27 395 4
2.702 45.563 147.210 25 7 27 386 4
2.702 45.563 147.210 26 7 27 386 4
2.702 45.563 147.210 27 7 27 386 4
2.702 45.563 147.210 28 7 27 386 4
325.574 50.235 302.971 29 7 27 25 1
325.574 50.235 302.971 30 7 27 25 1
165.097 65.966 269.906 1 8 27 390 4
165.097 65.966 269.906 2 8 27 390 4
165.097 65.966 269.906 3 8 27 390 4
165.097 65.966 269.906 4 8 27 390 4
165.097 65.966 269.906 5 8 27 390 4
165.097 65.966 269.906 6 8 27 390 4
187.242 41.142 139.857 7 8 27 395 4
187.242 41.142 139.857 8 8 27 395 4
187.242 41.142 139.857 9 8 27 395 4
187.242 41.142 139.857 10 8 27 395 4
187.242 41.142 139.857 11 8 27 395 4
187.242 41.142 139.857 12 8 27 395 4
187.242 41.142 139.857 13 8 27 395 4
187.242 41.142 139.857 14 8 27 395 4
187.242 41.142 139.857 15 8 27 395 4
187.242 41.142 139.857 16 8 27 395 4
187.242 41.142 139.857 17 8 27 395 4
187.242 41.142 139.857 18 8 27 395 4
187.242 41.142 139.857 19 8 27 395 4
187.242 41.142 139.857 20 8 27 395 4
187.242 41.142 139.857 21 8 27 395 4
187.242 41.142 139.857 22 8 27 395 4
187.242 41.142 139.857 23 8 27 395 4
187.242 41.142 139.857 24 8 27 395 4
187.242 41.142 139.857 25 8 27 395 4
263.814 9.587 346.535 26 8 27 104 1
263.814 9.587 346.535 27 8 27 104 1
325.574 50.235 302.971 28 8 27 25 1
325.574 50.235 302.971 29 8 27 25 1
325.574 50.235 302.971 30 8 27 25 1
165.097 65.966 269.906 1 9 27 390 4
165.097 65.966 269.906 2 9 27 390 4
165.097 65.966 269.906 3 9 27 390 4
165.097 65.966 269.906 4 9 27 390 4
165.097 65.966 269.906 5 9 27 390 4
165.097 65.966 269.906 6 9 27 390 4
187.242 41.142 139.857 7 9 27 395 4
187.242 41.142 139.857 8 9 27 395 4
187.242 41.142 139.857 9 9 27 395 4
187.242 41.142 139.857 10 9 27 395 4
187.242 41.142 139.857 11 9 27 395 4
187.242 41.142 139.857 12 9 27 395 4
187.242 41.142 139.857 13 9 27 395 4
187.242 41.142 139.857 14 9 27 395 4
187.242 41.142 139.857 15 9 27 395 4
187.242 41.142 139.857 16 9 27 395 4
187.242 41.142 139.857 17 9 27 395 4
187.242 41.142 139.857 18 9 27 395 4
187.242 41.142 139.857 19 9 27 395 4
187.242 41.142 139.857 20 9 27 395 4
187.242 41.142 139.857 21 9 27 395 4
187.242 41.142 139.857 22 9 27 395 4
187.242 41.142 139.857 23 9 27 395 4
187.242 41.142 139.857 24 9 27 395 4
187.242 41.142 139.857 25 9 27 395 4
187.242 41.142 139.857 26 9 27 395 4
247.101 112.613 174.260 27 9 27 325 2
247.101 112.613 174.260 28 9 27 325 2
325.574 50.235 302.971 29 9 27 25 1
117.771 41.090 175.573 30 9 27 330 2
165.097 65.966 269.906 1 10 27 390 4
165.097 65.966 269.906 2 10 27 390 4
165.097 65.966 269.906 3 10 27 390 4
165.097 65.966 269.906 4 10 27 390 4
165.097 65.966 269.906 5 10 27 390 4
165.097 65.966 269.906 6 10 27 390 4
165.097 65.966 269.906 7 10 27 390 4
187.242 41.142 139.857 8 10 27 395 4
187.242 41.142 139.857 9 10 27 395 4
187.242 41.142 139.857 10 10 27 395 4
187.242 41.142 139.857 11 10 27 395 4
187.242 41.142 139.857 12 10 27 395 4
187.242 41.142 139.857 13 10 27 395 4
187.242 41.142 139.857 14 10 27 395 4
187.242 41.142 139.857 15 10 27 395 4
187.242 41.142 139.857 16 10 27 395 4
187.242 41.142 139.857 17 10 27 395 4
187.242 41.142 139.857 18 10 27 395 4
187.242 41.142 139.857 19 10 27 395 4
187.242 41.142 139.857 20 10 27 395 4
187.242 41.142 139.857 21 10 27 395 4
187.242 41.142 139.857 22 10 27 395 4
187.242 41.142 139.857 23 10 27 395 4
187.242 41.142 139.857 24 10 27 395 4
187.242 41.142 139.857 25 10 27 395 4
187.242 41.142 139.857 26 10 27 395 4
187.242 41.142 139.857 27 10 27 395 4
247.101 112.613 174.260 28 10 27 325 2
339.009 41.299 75.109 29 10 27 264 1
339.009 41.299 75.109 30 10 27 264 1
165.097 65.966 269.906 1 11 27 390 4
165.097 65.966 269.906 2 11 27 390 4
165.097 65.966 269.906 3 11 27 390 4
165.097 65.966 269.906 4 11 27 390 4
165.097 65.966 269.906 5 11 27 390 4
165.097 65.966 269.906 6 11 27 390 4
165.097 65.966 269.906 7 11 27 390 4
187.242 41.142 139.857 8 11 27 395 4
187.242 41.142 139.857 9 11 27 395 4
187.242 41.142 139.857 10 11 27 395 4
187.242 41.142 139.857 11 11 27 395 4
187.242 41.142 139.857 12 11 27 395 4
187.242 41.142 139.857 13 11 27 395 4
187.242 41.142 139.857 14 11 27 395 4
187.242 41.142 139.857 15 11 27 395 4
187.242 41.142 139.857 16 11 27 395 4
187.242 41.142 139.857 17 11 27 395 4
187.242 41.142 139.857 18 11 27 395 4
187.242 41.142 139.857 19 11 27 395 4
187.242 41.142 139.857 20 11 27 395 4
187.242 41.142 139.857 21 11 27 395 4
187.242 41.142 139.857 22 11 27 395 4
187.242 41.142 139.857 23 11 27 395 4
187.242 41.142 139.857 24 11 27 395 4
187.242 41.142 139.857 25 11 27 395 4
187.242 41.142 139.857 26 11 27 395 4
187.242 41.142 139.857 27 11 27 395 4
339.009 41.299 75.109 28 11 27 264 1
339.009 41.299 75.109 29 11 27 264 1
339.009 41.299 75.109 30 11 27 264 1
165.097 65.966 269.906 1 12 27 390 4
165.097 65.966 269.906 2 12 27 390 4
165.097 65.966 269.906 3 12 27 390 4
165.097 65.966 269.906 4 12 27 390 4
165.097 65.966 269.906 5 12 27 390 4
165.097 65.966 269.906 6 12 27 390 4
165.097 65.966 269.906 7 12 27 390 4
165.097 65.966 269.906 8 12 27 390 4
187.242 41.142 139.857 9 12 27 395 4
187.242 41.142 139.857 10 12 27 395 4
187.242 41.142 139.857 11 12 27 395 4
187.242 41.142 139.857 12 12 27 395 4
187.242 41.142 139.857 13 12 27 395 4
187.242 41.142 139.857 14 12 27 395 4
187.242 41.142 139.857 15 12 27 395 4
187.242 41.142 139.857 16 12 27 395 4
187.242 41.142 139.857 17 12 27 395 4
187.242 41.142 139.857 18 12 27 395 4
187.242 41.142 139.857 19 12 27 395 4
187.242 41.142 139.857 20 12 27 395 4
187.242 41.142 139.857 21 12 27 395 4
187.242 41.142 139.857 22 12 27 395 4
187.242 41.142 139.857 23 12 27 395 4
187.242 41.142 139.857 24 12 27 395 4
187.242 41.142 139.857 25 12 27 395 4
187.242 41.142 139.857 26 12 27 395 4
187.242 41.142 139.857 27 12 27 395 4
187.242 41.142 139.857 28 12 27 395 4
339.009 41.299 75.109 29 12 27 264 1
339.009 41.299 75.109 30 12 27 264 1
165.097 65.966 269.906 1 13 27 390 4
165.097 65.966 269.906 2 13 27 390 4
165.097 65.966 269.906 3 13 27 390 4
165.097 65.966 269.906 4 13 27 390 4
165.097 65.966 269.906 5 13 27 390 4
165.097 65.966 269.906 6 13 27 390 4
165.097 65.966 269.906 7 13 27 390 4
165.097 65.966 269.906 8 13 27 390 4
187.242 41.142 139.857 9 13 27 395 4
187.242 41.142 139.857 10 13 27 395 4
187.242 41.142 139.857 11 13 27 395 4
187.242 41.142 139.857 12 13 27 395 4
187.242 41.142 139.857 13 13 27 395 4
187.242 41.142 139.857 14 13 27 395 4
187.242 41.142 139.857 15 13 27 395 4
187.242 41.142 139.857 16 13 27 395 4
187.242 41.142 139.857 17 13 27 395 4
187.242 41.142 139.857 18 13 27 395 4
187.242 41.142 139.857 19 13 27 395 4
187.242 41.142 139.857 20 13 27 395 4
187.242 41.142 139.857 21 13 27 395 4
187.242 41.142 139.857 22 13 27 395 4
187.242 41.142 139.857 23 13 27 395 4
187.242 41.142 139.857 24 13 27 395 4
187.242 41.142 139.857 25 13 27 395 4
187.242 41.142 139.857 26 13 27 395 4
187.242 41.142 139.857 27 13 27 395 4
187.242 41.142 139.857 28 13 27 395 4
339.009 41.299 75.109 29 13 27 264 1
339.009 41.299 75.109 30 13 27 264 1
165.097 65.966 269.906 1 14 27 390 4
165.097 65.966 269.906 2 14 27 390 4
165.097 65.966 269.906 3 14 27 390 4
165.097 65.966 269.906 4 14 27 390 4
165.097 65.966 269.906 5 14 27 390 4
165.097 65.966 269.906 6 14 27 390 4
165.097 65.966 269.906 7 14 27 390 4
165.097 65.966 269.906 8 14 27 390 4
165.097 65.966 269.906 9 14 27 390 4
187.242 41.142 139.857 10 14 27 395 4
187.242 41.142 139.857 11 14 27 395 4
187.242 41.142 139.857 12 14 27 395 4
187.242 41.142 139.857 13 14 27 395 4
187.242 41.142 139.857 14 14 27 395 4
187.242 41.142 139.857 15 14 27 395 4
187.242 41.142 139.857 16 14 27 395 4
187.242 41.142 139.857 17 14 27 395 4
187.242 41.142 139.857 18 14 27 395 4
187.242 41.142 139.857 19 14 27 395 4
187.242 41.142 139.857 20 14 27 395 4
187.242 41.142 139.857 21 14 27 395 4
187.242 41.142 139.857 22 14 27 395 4
187.242 41.142 139.857 23 14 27 395 4
187.242 41.142 139.857 24 14 27 395 4
187.242 41.142 139.857 25 14 27 395 4
187.242 41.142 139.857 26 14 27 395 4
187.242 41.142 139.857 27 14 27 395 4
187.242 41.142 139.857 28 14 27 395 4
187.242 41.142 139.857 29 14 27 395 4
202.363 126.786 338.638 30 14 27 112 1
165.097 65.966 269.906 1 15 27 390 4
165.097 65.966 269.906 2 15 27 390 4
165.097 65.966 269.906 3 15 27 390 4
165.097 65.966 269.906 4 15 27 390 4
165.097 65.966 269.906 5 15 27 390 4
165.097 65.966 269.906 6 15 27 390 4
165.097 65.966 269.906 7 15 27 390 4
165.097 65.966 269.906 8 15 27 390 4
165.097 65.966 269.906 9 15 27 390 4
187.242 41.142 139.857 10 15 27 395 4
187.242 41.142 139.857 11 15 27 395 4
187.242 41.142 139.857 12 15 27 395 4
187.242 41.142 139.857 13 15 27 395 4
187.242 41.142 139.857 14 15 27 395 4
187.242 41.142 139.857 15 15 27 395 4
187.242 41.142 139.857 16 15 27 395 4
187.242 41.142 139.857 17 15 27 395 4
187.242 41.142 139.857 18 15 27 395 4
187.242 41.142 139.857 19 15 27 395 4
187.242 41.142 139.857 20 15 27 395 4
187.242 41.142 139.857 21 15 27 395 4
187.242 41.142 139.857 22 15 27 395 4
187.242 41.142 139.857 23 15 27 395 4
187.242 41.142 139.857 24 15 27 395 4
187.242 41.142 139.857 25 15 27 395 4
187.242 41.142 139.857 26 15 27 395 4
187.242 41.142 139.857 27 15 27 395 4
187.242 41.142 139.857 28 15 27 395 4
202.363 126.786 338.638 29 15 27 112 1
202.363 126.786 338.638 30 15 27 112 1
165.097 65.966 269.906 1 16 27 390 4
165.097 65.966 269.906 2 16 27 390 4
165.097 65.966 269.906 3 16 27 390 4
165.097 65.966 269.906 4 16 27 390 4
165.097 65.966 269.906 5 16 27 390 4
165.097 65.966 269.906 6 16 27 390 4
165.097 65.966 269.906 7 16 27 390 4
165.097 65.966 269.906 8 16 27 390 4
165.097 65.966 269.906 9 16 27 390 4
187.242 41.142 139.857 10 16 27 395 4
187.242 41.142 139.857 11 16 27 395 4
187.242 41.142 139.857 12 16 27 395 4
187.242 41.142 139.857 13 16 27 395 4
187.242 41.142 139.857 14 16 27 395 4
187.242 41.142 139.857 15 16 27 395 4
187.242 41.142 139.857 16 16 27 395 4
187.242 41.142 139.857 17 16 27 395 4
187.242 41.142 139.857 18 16 27 395 4
187.242 41.142 139.857 19 16 27 395 4
187.242 41.142 139.857 20 16 27 395 4
187.242 41.142 139.857 21 16 27 395 4
187.242 41.142 139.857 22 16 27 395 4
187.242 41.142 139.857 23 16 27 395 4
187.242 41.142 139.857 24 16 27 395 4
187.242 41.142 139.857 25 16 27 395 4
187.242 41.142 139.857 26 16 27 395 4
187.242 41.142 139.857 27 16 27 395 4
187.242 41.142 139.857 28 16 27 395 4
202.363 126.786 338.638 29 16 27 112 1
202.363 126.786 338.638 30 16 27 112 1
165.097 65.966 269.906 1 17 27 390 4
165.097 65.966 269.906 2 17 27 390 4
165.097 65.966 269.906 3 17 27 390 4
165.097 65.966 269.906 4 17 27 390 4
165.097 65.966 269.906 5 17 27 390 4
165.097 65.966 269.906 6 17 27 390 4
165.097 65.966 269.906 7 17 27 390 4
165.097 65.966 269.906 8 17 27 390 4
165.097 65.966 269.906 9 17 27 390 4
165.097 65.966 269.906 10 17 27 390 4
187.242 41.142 139.857 11 17 27 395 4
187.242 41.142 139.857 12 17 27 395 4
187.242 41.142 139.857 13 17 27 395 4
187.242 41.142 139.857 14 17 27 395 4
187.242 41.142 139.857 15 17 27 395 4
187.242 41.142 139.857 16 17 27 395 4
187.242 41.142 139.857 17 17 27 395 4
187.242 41.142 139.857 18 17 27 395 4
187.242 41.142 139.857 19 17 27 395 4
187.242 41.142 139.857 20 17 27 395 4
187.242 41.142 139.857 21 17 27 395 4
187.242 41.142 139.857 22 17 27 395 4
187.242 41.142 139.857 23 17 27 395 4
187.242 41.142 139.857 24 17 27 395 4
187.242 41.142 139.857 25 17 27 395 4
187.242 41.142 139.857 26 17 27 395 4
187.242 41.142 139.857 27 17 27 395 4
187.242 41.142 139.857 28 17 27 395 4
202.363 126.786 338.638 29 17 27 112 1
202.363 126.786 338.638 30 17 27 112 1
165.097 65.966 269.906 1 18 27 390 4
165.097 65.966 269.906 2 18 27 390 4
165.097 65.966 269.906 3 18 27 390 4
165.097 65.966 269.906 4 18 27 390 4
165.097 65.966 269.906 5 18 27 390 4
165.097 65.966 269.906 6 18 27 390 4
165.097 65.966 269.906 7 18 27 390 4
165.097 65.966 269.906 8 18 27 390 4
165.097 65.966 269.906 9 18 27 390 4
165.097 65.966 269.906 10 18 27 390 4
187.242 41.142 139.857 11 18 27 395 4
187.242 41.142 139.857 12 18 27 395 4
187.242 41.142 139.857 13 18 27 395 4
187.242 41.142 139.857 14 18 27 395 4
187.242 41.142 139.857 15 18 27 395 4
187.242 41.142 139.857 16 18 27 395 4
187.242 41.142 139.857 17 18 27 395 4
187.242 41.142 139.857 18 18 27 395 4
187.242 41.142 139.857 19 18 27 395 4
187.242 41.142 139.857 20 18 27 395 4
187.242 41.142 139.857 21 18 27 395 4
187.242 41.142 139.857 22 18 27 395 4
187.242 41.142 139.857 23 18 27 395 4
187.242 41.142 139.857 24 18 27 395 4
187.242 41.142 139.857 25 18 27 395 4
187.242 41.142 139.857 26 18 27 395 4
187.242 41.142 139.857 27 18 27 395 4
187.242 41.142 139.857 28 18 27 395 4
187.242 41.142 139.857 29 18 27 395 4
277.884 143.196 201.712 30 18 27 263 1
165.097 65.966 269.906 1 19 27 390 4
165.097 65.966 269.906 2 19 27 390 4
165.097 65.966 269.906 3 19 27 390 4
165.097 65.966 269.906 4 19 27 390 4
165.097 65.966 269.906 5 19 27 390 4
165.097 65.966 269.906 6 19 27 390 4
165.097 65.966 269.906 7 19 27 390 4
165.097 65.966 269.906 8 19 27 390 4
165.097 65.966 269.906 9 19 27 390 4
165.097 65.966 269.906 10 19 27 390 4
187.242 41.142 139.857 11 19 27 395 4
187.242 41.142 139.857 12 19 27 395 4
187.242 41.142 139.857 13 19 27 395 4
187.242 41.142 139.857 14 19 27 395 4
187.242 41.142 139.857 15 19 27 395 4
187.242 41.142 139.857 16 19 27 395 4
187.242 41.142 139.857 17 19 27 395 4
187.242 41.142 139.857 18 19 27 395 4
187.242 41.142 139.857 19 19 27 395 4
187.242 41.142 139.857 20 19 27 395 4
187.242 41.142 139.857 21 19 27 395 4
187.242 41.142 139.857 22 19 27 395 4
187.242 41.142 139.857 23 19 27 395 4
187.242 41.142 139.857 24 19 27 395 4
187.242 41.142 139.857 25 19 27 395 4
187.242 41.142 139.857 26 19 27 395 4
187.242 41.142 139.857 27 19 27 395 4
187.242 41.142 139.857 28 19 27 395 4
187.242 41.142 139.857 29 19 27 395 4
277.884 143.196 201.712 30 19 27 263 1
165.097 65.966 269.906 1 20 27 390 4
165.097 65.966 269.906 2 20 27 390 4
165.097 65.966 269.906 3 20 27 390 4
165.097 65.966 269.906 4 20 27 390 4
165.097 65.966 269.906 5 20 27 390 4
165.097 65.966 269.906 6 20 27 390 4
165.097 65.966 269.906 7 20 27 390 4
165.097 65.966 269.906 8 20 27 390 4
165.097 65.966 269.906 9 20 27 390 4
165.097 65.966 269.906 10 20 27 390 4
165.097 65.966 269.906 11 20 27 390 4
187.242 41.142 139.857 12 20 27 395 4
187.242 41.142 139.857 13 20 27 395 4
187.242 41.142 139.857 14 20 27 395 4
187.242 41.142 139.857 15 20 27 395 4
187.242 41.142 139.857 16 20 27 395 4
187.242 41.142 139.857 17 20 27 395 4
187.242 41.142 139.857 18 20 27 395 4
187.242 41.142 139.857 19 20 27 395 4
187.242 41.142 139.857 20 20 27 395 4
187.242 41.142 139.857 21 20 27 395 4
187.242 41.142 139.857 22 20 27 395 4
187.242 41.142 139.857 23 20 27 395 4
187.242 41.142 139.857 24 20 27 395 4
187.242 41.142 139.857 25 20 27 395 4
187.242 41.142 139.857 26 20 27 395 4
187.242 41.142 139.857 27 20 27 395 4
187.242 41.142 139.857 28 20 27 395 4
187.242 41.142 139.857 29 20 27 395 4
277.884 143.196 201.712 30 20 27 263 1
70.738 123.027 326.141 1 21 27 337 2
70.738 123.027 326.141 2 21 27 337 2
70.738 123.027 326.141 3 21 27 337 2
165.097 65.966 269.906 4 21 27 390 4
165.097 65.966 269.906 5 21 27 390 4
165.097 65.966 269.906 6 21 27 390 4
165.097 65.966 269.906 7 21 27 390 4
165.097 65.966 269.906 8 21 27 390 4
136.209 150.598 145.268 9 21 27 380 3
136.209 150.598 145.268 10 21 27 380 3
136.209 150.598 145.268 11 21 27 380 3
187.242 41.142 139.857 12 21 27 395 4
187.242 41.142 139.857 13 21 27 395 4
187.242 41.142 139.857 14 21 27 395 4
187.242 41.142 139.857 15 21 27 395 4
187.242 41.142 139.857 16 21 27 395 4
187.242 41.142 139.857 17 21 27 395 4
187.242 41.142 139.857 18 21 27 395 4
187.242 41.142 139.857 19 21 27 395 4
187.242 41.142 139.857 20 21 27 395 4
187.242 41.142 139.857 21 21 27 395 4
187.242 41.142 139.857 22 21 27 395 4
187.242 41.142 139.857 23 21 27 395 4
187.242 41.142 139.857 24 21 27 395 4
187.242 41.142 139.857 25 21 27 395 4
187.242 41.142 139.857 26 21 27 395 4
187.242 41.142 139.857 27 21 27 395 4
187.242 41.142 139.857 28 21 27 395 4
187.242 41.142 139.857 29 21 27 395 4
187.242 41.142 139.857 30 21 27 395 4
70.738 123.027 326.141 1 22 27 337 2
70.738 123.027 326.141 2 22 27 337 2
70.738 123.027 326.141 3 22 27 337 2
70.738 123.027 326.141 4 22 27 337 2
70.738 123.027 326.141 5 22 27 337 2
165.097 65.966 269.906 6 22 27 390 4
136.209 150.598 145.268 7 22 27 380 3
136.209 150.598 145.268 8 22 27 380 3
136.209 150.598 145.268 9 22 27 380 3
136.209 150.598 145.268 10 22 27 380 3
136.209 150.598 145.268 11 22 27 380 3
136.209 150.598 145.268 12 22 27 380 3
136.209 150.598 145.268 13 22 27 380 3
187.242 41.142 139.857 14 22 27 395 4
187.242 41.142 139.857 15 22 27 395 4
187.242 41.142 139.857 16 22 27 395 4
187.242 41.142 139.857 17 22 27 395 4
187.242 41.142 139.857 18 22 27 395 4
187.242 41.142 139.857 19 22 27 395 4
187.242 41.142 139.857 20 22 27 395 4
187.242 41.142 139.857 21 22 27 395 4
187.242 41.142 139.857 22 22 27 395 4
187.242 41.142 139.857 23 22 27 395 4
187.242 41.142 139.857 24 22 27 395 4
187.242 41.142 139.857 25 22 27 395 4
187.242 41.142 139.857 26 22 27 395 4
187.242 41.142 139.857 27 22 27 395 4
187.242 41.142 139.857 28 22 27 395 4
187.242 41.142 139.857 29 22 27 395 4
187.242 41.142 139.857 30 22 27 395 4
70.738 123.027 326.141 1 23 27 337 2
70.738 123.027 326.141 2 23 27 337 2
70.738 123.027 326.141 3 23 27 337 2
70.738 123.027 326.141 4 23 27 337 2
70.738 123.027 326.141 5 23 27 337 2
70.738 123.027 326.141 6 23 27 337 2
136.209 150.598 145.268 7 23 27 380 3
136.209 150.598 145.268 8 23 27 380 3
136.209 150.598 145.268 9 23 27 380 3
136.209 150.598 145.268 10 23 27 380 3
136.209 150.598 145.268 11 23 27 380 3
136.209 150.598 145.268 12 23 27 380 3
136.209 150.598 145.268 13 23 27 380 3
136.209 150.598 145.268 14 23 27 380 3
187.242 41.142 139.857 15 23 27 395 4
187.242 41.142 139.857 16 23 27 395 4
187.242 41.142 139.857 17 23 27 395 4
187.242 41.142 139.857 18 23 27 395 4
187.242 41.142 139.857 19 23 27 395 4
187.242 41.142 139.857 20 23 27 395 4
187.242 41.142 139.857 21 23 27 395 4
187.242 41.142 139.857 22 23 27 395 4
187.242 41.142 139.857 23 23 27 395 4
187.242 41.142 139.857 24 23 27 395 4
187.242 41.142 139.857 25 23 27 395 4
187.242 41.142 139.857 26 23 27 395 4
187.242 41.142 139.857 27 23 27 395 4
187.242 41.142 139.857 28 23 27 395 4
187.242 41.142 139.857 29 23 27 395 4
346.970 80.027 20.065 30 23 27 448 2
70.738 123.027 326.141 1 24 27 337 2
70.738 123.027 326.141 2 24 27 337 2
70.738 123.027 326.141 3 24 27 337 2
70.738 123.027 326.141 4 24 27 337 2
70.738 123.027 326.141 5 24 27 337 2
70.738 123.027 326.141 6 24 27 337 2
136.209 150.598 145.268 7 24 27 380 3
136.209 150.598 145.268 8 24 27 380 3
136.209 150.598 145.268 9 24 27 380 3
136.209 150.598 145.268 10 24 27 380 3
136.209 150.598 145.268 11 24 27 380 3
136.209 150.598 145.268 12 24 27 380 3
136.209 150.598 145.268 13 24 27 380 3
136.209 150.598 145.268 14 24 27 380 3
136.209 150.598 145.268 15 24 27 380 3
187.242 41.142 139.857 16 24 27 395 4
187.242 41.142 139.857 17 24 27 395 4
187.242 41.142 139.857 18 24 27 395 4
187.242 41.142 139.857 19 24 27 395 4
187.242 41.142 139.857 20 24 27 395 4
187.242 41.142 139.857 21 24 27 395 4
187.242 41.142 139.857 22 24 27 395 4
187.242 41.142 139.857 23 24 27 395 4
187.242 41.142 139.857 24 24 27 395 4
187.242 41.142 139.857 25 24 27 395 4
187.242 41.142 139.857 26 24 27 395 4
187.242 41.142 139.857 27 24 27 395 4
187.242 41.142 139.857 28 24 27 395 4
346.970 80.027 20.065 29 24 27 448 2
346.970 80.027 20.065 30 24 27 448 2
70.738 123.027 326.141 1 25 27 337 2
70.738 123.027 326.141 2 25 27 337 2
70.738 123.027 326.141 3 25 27 337 2
70.738 123.027 326.141 4 25 27 337 2
70.738 123.027 326.141 5 25 27 337 2
70.738 123.027 326.141 6 25 27 337 2
136.209 150.598 145.268 7 25 27 380 3
136.209 150.598 145.268 8 25 27 380 3
136.209 150.598 145.268 9 25 27 380 3
136.209 150.598 145.268 10 25 27 380 3
136.209 150.598 145.268 11 25 27 380 3
136.209 150.598 145.268 12 25 27 380 3
136.209 150.598 145.268 13 25 27 380 3
136.209 150.598 145.268 14 25 27 380 3
136.209 150.598 145.268 15 25 27 380 3
136.209 150.598 145.268 16 25 27 380 3
187.242 41.142 139.857 17 25 27 395 4
187.242 41.142 139.857 18 25 27 395 4
187.242 41.142 139.857 19 25 27 395 4
187.242 41.142 139.857 20 25 27 395 4
187.242 41.142 139.857 21 25 27 395 4
187.242 41.142 139.857 22 25 27 395 4
187.242 41.142 139.857 23 25 27 395 4
187.242 41.142 139.857 24 25 27 395 4
187.242 41.142 139.857 25 25 27 395 4
187.242 41.142 139.857 26 25 27 395 4
187.242 41.142 139.857 27 25 27 395 4
346.970 80.027 20.065 28 25 27 448 2
346.970 80.027 20.065 29 25 27 448 2
346.970 80.027 20.065 30 25 27 448 2
70.738 123.027 326.141 1 26 27 337 2
70.738 123.027 326.141 2 26 27 337 2
70.738 123.027 326.141 3 26 27 337 2
70.738 123.027 326.141 4 26 27 337 2
70.738 123.027 326.141 5 26 27 337 2
70.738 123.027 326.141 6 26 27 337 2
136.209 150.598 145.268 7 26 27 380 3
136.209 150.598 145.268 8 26 27 380 3
136.209 150.598 145.268 9 26 27 380 3
136.209 150.598 145.268 10 26 27 380 3
136.209 150.598 145.268 11 26 27 380 3
136.209 150.598 145.268 12 26 27 380 3
136.209 150.598 145.268 13 26 27 380 3
136.209 150.598 145.268 14 26 27 380 3
136.209 150.598 145.268 15 26 27 380 3
136.209 150.598 145.268 16 26 27 380 3
50.768 38.310 254.189 17 26 27 389 4
50.768 38.310 254.189 18 26 27 389 4
50.768 38.310 254.189 19 26 27 389 4
50.768 38.310 254.189 20 26 27 389 4
187.242 41.142 139.857 21 26 27 395 4
187.242 41.142 139.857 22 26 27 395 4
187.242 41.142 139.857 23 26 27 395 4
187.242 41.142 139.857 24 26 27 395 4
4.204 40.383 54.917 25 26 27 362 2
4.204 40.383 54.917 26 26 27 362 2
4.204 40.383 54.917 27 26 27 362 2
346.970 80.027 20.065 28 26 27 448 2
346.970 80.027 20.065 29 26 27 448 2
346.970 80.027 20.065 30 26 27 448 2
21.147 57.415 121.752 1 27 27 391 4
70.738 123.027 326.141 2 27 27 337 2
70.738 123.027 326.141 3 27 27 337 2
70.738 123.027 326.141 4 27 27 337 2
70.738 123.027 326.141 5 27 27 337 2
76.862 118.730 98.881 6 27 27 270 1
76.862 118.730 98.881 7 27 27 270 1
136.209 150.598 145.268 8 27 27 380 3
136.209 150.598 145.268 9 27 27 380 3
136.209 150.598 145.268 10 27 27 380 3
136.209 150.598 145.268 11 27 27 380 3
136.209 150.598 145.268 12 27 27 380 3
136.209 150.598 145.268 13 27 27 380 3
136.209 150.598 145.268 14 27 27 380 3
136.209 150.598 145.268 15 27 27 380 3
136.209 150.598 145.268 16 27 27 380 3
50.768 38.310 254.189 17 27 27 389 4
50.768 38.310 254.189 18 27 27 389 4
50.768 38.310 254.189 19 27 27 389 4
50.768 38.310 254.189 20 27 27 389 4
50.768 38.310 254.189 21 27 27 389 4
50.768 38.310 254.189 22 27 27 389 4
4.204 40.383 54.917 23 27 27 362 2
4.204 40.383 54.917 24 27 27 362 2
4.204 40.383 54.917 25 27 27 362 2
4.204 40.383 54.917 26 27 27 362 2
4.204 40.383 54.917 27 27 27 362 2
346.970 80.027 20.065 28 27 27 448 2
346.970 80.027 20.065 29 27 27 448 2
346.970 80.027 20.065 30 27 27 448 2
21.147 57.415 121.752 1 28 27 391 4
21.147 57.415 121.752 2 28 27 391 4
131.061 97.535 347.236 3 28 27 394 4
131.061 97.535 347.236 4 28 27 394 4
131.061 97.535 347.236 5 28 27 394 4
240.732 34.628 196.458 6 28 27 186 1
81.067 84.980 208.588 7 28 27 230 1
81.067 84.980 208.588 8 28 27 230 1
136.209 150.598 145.268 9 28 27 380 3
136.209 150.598 145.268 10 28 27 380 3
136.209 150.598 145.268 11 28 27 380 3
136.209 150.598 145.268 12 28 27 380 3
136.209 150.598 145.268 13 28 27 380 3
136.209 150.598 145.268 14 28 27 380 3
136.209 150.598 145.268 15 28 27 380 3
136.209 150.598 145.268 16 28 27 380 3
50.768 38.310 254.189 17 28 27 389 4
50.768 38.310 254.189 18 28 27 389 4
50.768 38.310 254.189 19 28 27 389 4
50.768 38.310 254.189 20 28 27 389 4
50.768 38.310 254.189 21 28 27 389 4
50.768 38.310 254.189 22 28 27 389 4
4.204 40.383 54.917 23 28 27 362 2
4.204 40.383 54.917 24 28 27 362 2
4.204 40.383 54.917 25 28 27 362 2
4.204 40.383 54.917 26 28 27 362 2
4.204 40.383 54.917 27 28 27 362 2
52.018 75.101 49.121 28 28 27 283 1
52.018 75.101 49.121 29 28 27 283 1
52.018 75.101 49.121 30 28 27 283 1
21.147 57.415 121.752 1 29 27 391 4
21.147 57.415 121.752 2 29 27 391 4
21.147 57.415 121.752 3 29 27 391 4
240.732 34.628 196.458 4 29 27 186 1
240.732 34.628 196.458 5 29 27 186 1
240.732 34.628 196.458 6 29 27 186 1
240.732 34.628 196.458 7 29 27 186 1
240.732 34.628 196.458 8 29 27 186 1
240.732 34.628 196.458 9 29 27 186 1
136.209 150.598 145.268 10 29 27 380 3
136.209 150.598 145.268 11 29 27 380 3
136.209 150.598 145.268 12 29 27 380 3
136.209 150.598 145.268 13 29 27 380 3
136.209 150.598 145.268 14 29 27 380 3
136.209 150.598 145.268 15 29 27 380 3
50.768 38.310 254.189 16 29 27 389 4
50.768 38.310 254.189 17 29 27 389 4
50.768 38.310 254.189 18 29 27 389 4
50.768 38.310 254.189 19 29 27 389 4
50.768 38.310 254.189 20 29 27 389 4
50.768 38.310 254.189 21 29 27 389 4
50.768 38.310 254.189 22 29 27 389 4
4.204 40.383 54.917 23 29 27 362 2
4.204 40.383 54.917 24 29 27 362 2
4.204 40.383 54.917 25 29 27 362 2
4.204 40.383 54.917 26 29 27 362 2
4.204 40.383 54.917 27 29 27 362 2
264.594 124.096 147.114 28 29 27 240 1
52.018 75.101 49.121 29 29 27 283 1
52.018 75.101 49.121 30 29 27 283 1
21.147 57.415 121.752 1 30 27 391 4
21.147 57.415 121.752 2 30 27 391 4
131.061 97.535 347.236 3 30 27 394 4
240.732 34.628 196.458 4 30 27 186 1
240.732 34.628 196.458 5 30 27 186 1
240.732 34.628 196.458 6 30 27 186 1
240.732 34.628 196.458 7 30 27 186 1
240.732 34.628 196.458 8 30 27 186 1
240.732 34.628 196.458 9 30 27 186 1
136.209 150.598 145.268 10 30 27 380 3
136.209 150.598 145.268 11 30 27 380 3
136.209 150.598 145.268 12 30 27 380 3
136.209 150.598 145.268 13 30 27 380 3
136.209 150.598 145.268 14 30 27 380 3
136.209 150.598 145.268 15 30 27 380 3
50.768 38.310 254.189 16 30 27 389 4
50.768 38.310 254.189 17 30 27 389 4
50.768 38.310 254.189 18 30 27 389 4
50.768 38.310 254.189 19 30 27 389 4
50.768 38.310 254.189 20 30 27 389 4
50.768 38.310 254.189 21 30 27 389 4
50.768 38.310 254.189 22 30 27 389 4
50.768 38.310 254.189 23 30 27 389 4
315.596 37.173 247.730 24 30 27 222 1
4.204 40.383 54.917 25 30 27 362 2
4.204 40.383 54.917 26 30 27 362 2
4.204 40.383 54.917 27 30 27 362 2
264.594 124.096 147.114 28 30 27 240 1
52.018 75.101 49.121 29 30 27 283 1
52.018 75.101 49.121 30 30 27 283 1
