43.474 102.962 66.521 1 1 6 385 3
43.474 102.962 66.521 2 1 6 385 3
43.474 102.962 66.521 3 1 6 385 3
43.474 102.962 66.521 4 1 6 385 3
43.474 102.962 66.521 5 1 6 385 3
43.474 102.962 66.521 6 1 6 385 3
43.474 102.962 66.521 7 1 6 385 3
43.474 102.962 66.521 8 1 6 385 3
43.474 102.962 66.521 9 1 6 385 3
43.474 102.962 66.521 10 1 6 385 3
43.474 102.962 66.521 11 1 6 385 3
43.474 102.962 66.521 12 1 6 385 3
43.474 102.962 66.521 13 1 6 385 3
43.474 102.962 66.521 14 1 6 385 3
43.474 102.962 66.521 15 1 6 385 3
43.474 102.962 66.521 16 1 6 385 3
44.652 87.582 296.641 17 1 6 321 2
278.340 115.906 353.153 18 1 6 376 2
278.340 115.906 353.153 19 1 6 376 2
278.340 115.906 353.153 20 1 6 376 2
278.340 115.906 353.153 21 1 6 376 2
278.340 115.906 353.153 22 1 6 376 2
338.286 67.664 120.505 23 1 6 145 1
338.286 67.664 120.505 24 1 6 145 1
338.286 67.664 120.505 25 1 6 145 1
338.286 67.664 120.505 26 1 6 145 1
359.561 100.590 197.796 27 1 6 392 4
359.561 100.590 197.796 28 1 6 392 4
359.561 100.590 197.796 29 1 6 392 4
359.561 100.590 197.796 30 1 6 392 4
43.474 102.962 66.521 1 2 6 385 3
43.474 102.962 66.521 2 2 6 385 3
43.474 102.962 66.521 3 2 6 385 3
43.474 102.962 66.521 4 2 6 385 3
43.474 102.962 66.521 5 2 6 385 3
43.474 102.962 66.521 6 2 6 385 3
43.474 102.962 66.521 7 2 6 385 3
43.474 102.962 66.521 8 2 6 385 3
43.474 102.962 66.521 9 2 6 385 3
43.474 102.962 66.521 10 2 6 385 3
43.474 102.962 66.521 11 2 6 385 3
43.474 102.962 66.521 12 2 6 385 3
43.474 102.962 66.521 13 2 6 385 3
43.474 102.962 66.521 14 2 6 385 3
43.474 102.962 66.521 15 2 6 385 3
43.474 102.962 66.521 16 2 6 385 3
44.652 87.582 296.641 17 2 6 321 2
44.652 87.582 296.641 18 2 6 321 2
278.340 115.906 353.153 19 2 6 376 2
278.340 115.906 353.153 20 2 6 376 2
278.340 115.906 353.153 21 2 6 376 2
278.340 115.906 353.153 22 2 6 376 2
338.286 67.664 120.505 23 2 6 145 1
338.286 67.664 120.505 24 2 6 145 1
338.286 67.664 120.505 25 2 6 145 1
338.286 67.664 120.505 26 2 6 145 1
359.561 100.590 197.796 27 2 6 392 4
359.561 100.590 197.796 28 2 6 392 4
359.561 100.590 197.796 29 2 6 392 4
359.561 100.590 197.796 30 2 6 392 4
43.474 102.962 66.521 1 3 6 385 3
43.474 102.962 66.521 2 3 6 385 3
43.474 102.962 66.521 3 3 6 385 3
43.474 102.962 66.521 4 3 6 385 3
43.474 102.962 66.521 5 3 6 385 3
43.474 102.962 66.521 6 3 6 385 3
43.474 102.962 66.521 7 3 6 385 3
43.474 102.962 66.521 8 3 6 385 3
43.474 102.962 66.521 9 3 6 385 3
43.474 102.962 66.521 10 3 6 385 3
43.474 102.962 66.521 11 3 6 385 3
43.474 102.962 66.521 12 3 6 385 3
43.474 102.962 66.521 13 3 6 385 3
43.474 102.962 66.521 14 3 6 385 3
43.474 102.962 66.521 15 3 6 385 3
43.474 102.962 66.521 16 3 6 385 3
285.431 52.501 211.535 17 3 6 360 2
285.431 52.501 211.535 18 3 6 360 2
44.652 87.582 296.641 19 3 6 321 2
299.390 26.918 294.782 20 3 6 276 1
278.340 115.906 353.153 21 3 6 376 2
278.340 115.906 353.153 22 3 6 376 2
338.286 67.664 120.505 23 3 6 145 1
338.286 67.664 120.505 24 3 6 145 1
338.286 67.664 120.505 25 3 6 145 1
338.286 67.664 120.505 26 3 6 145 1
338.286 67.664 120.505 27 3 6 145 1
359.561 100.590 197.796 28 3 6 392 4
359.561 100.590 197.796 29 3 6 392 4
359.561 100.590 197.796 30 3 6 392 4
43.474 102.962 66.521 1 4 6 385 3
155.878 147.647 118.179 2 4 6 261 1
43.474 102.962 66.521 3 4 6 385 3
43.474 102.962 66.521 4 4 6 385 3
43.474 102.962 66.521 5 4 6 385 3
43.474 102.962 66.521 6 4 6 385 3
43.474 102.962 66.521 7 4 6 385 3
43.474 102.962 66.521 8 4 6 385 3
43.474 102.962 66.521 9 4 6 385 3
43.474 102.962 66.521 10 4 6 385 3
43.474 102.962 66.521 11 4 6 385 3
43.474 102.962 66.521 12 4 6 385 3
43.474 102.962 66.521 13 4 6 385 3
43.474 102.962 66.521 14 4 6 385 3
43.474 102.962 66.521 15 4 6 385 3
296.071 77.800 13.008 16 4 6 68 1
296.071 77.800 13.008 17 4 6 68 1
296.071 77.800 13.008 18 4 6 68 1
296.071 77.800 13.008 19 4 6 68 1
299.390 26.918 294.782 20 4 6 276 1
299.390 26.918 294.782 21 4 6 276 1
338.286 67.664 120.505 22 4 6 145 1
338.286 67.664 120.505 23 4 6 145 1
338.286 67.664 120.505 24 4 6 145 1
338.286 67.664 120.505 25 4 6 145 1
338.286 67.664 120.505 26 4 6 145 1
359.561 100.590 197.796 27 4 6 392 4
359.561 100.590 197.796 28 4 6 392 4
359.561 100.590 197.796 29 4 6 392 4
359.561 100.590 197.796 30 4 6 392 4
43.474 102.962 66.521 1 5 6 385 3
43.474 102.962 66.521 2 5 6 385 3
43.474 102.962 66.521 3 5 6 385 3
43.474 102.962 66.521 4 5 6 385 3
43.474 102.962 66.521 5 5 6 385 3
43.474 102.962 66.521 6 5 6 385 3
43.474 102.962 66.521 7 5 6 385 3
43.474 102.962 66.521 8 5 6 385 3
43.474 102.962 66.521 9 5 6 385 3
43.474 102.962 66.521 10 5 6 385 3
43.474 102.962 66.521 11 5 6 385 3
43.474 102.962 66.521 12 5 6 385 3
43.474 102.962 66.521 13 5 6 385 3
43.474 102.962 66.521 14 5 6 385 3
43.474 102.962 66.521 15 5 6 385 3
296.071 77.800 13.008 16 5 6 68 1
296.071 77.800 13.008 17 5 6 68 1
285.431 52.501 211.535 18 5 6 360 2
44.652 87.582 296.641 19 5 6 321 2
44.652 87.582 296.641 20 5 6 321 2
225.960 119.711 150.458 21 5 6 426 1
225.960 119.711 150.458 22 5 6 426 1
338.286 67.664 120.505 23 5 6 145 1
338.286 67.664 120.505 24 5 6 145 1
338.286 67.664 120.505 25 5 6 145 1
223.534 112.045 134.806 26 5 6 228 1
359.561 100.590 197.796 27 5 6 392 4
359.561 100.590 197.796 28 5 6 392 4
359.561 100.590 197.796 29 5 6 392 4
359.561 100.590 197.796 30 5 6 392 4
43.474 102.962 66.521 1 6 6 385 3
43.474 102.962 66.521 2 6 6 385 3
43.474 102.962 66.521 3 6 6 385 3
43.474 102.962 66.521 4 6 6 385 3
43.474 102.962 66.521 5 6 6 385 3
142.023 152.084 102.263 6 6 6 332 2
43.474 102.962 66.521 7 6 6 385 3
43.474 102.962 66.521 8 6 6 385 3
43.474 102.962 66.521 9 6 6 385 3
43.474 102.962 66.521 10 6 6 385 3
43.474 102.962 66.521 11 6 6 385 3
312.697 141.891 111.993 12 6 6 439 1
43.474 102.962 66.521 13 6 6 385 3
43.474 102.962 66.521 14 6 6 385 3
43.474 102.962 66.521 15 6 6 385 3
49.363 77.619 242.005 16 6 6 213 1
49.363 77.619 242.005 17 6 6 213 1
285.431 52.501 211.535 18 6 6 360 2
44.652 87.582 296.641 19 6 6 321 2
44.652 87.582 296.641 20 6 6 321 2
225.960 119.711 150.458 21 6 6 426 1
225.960 119.711 150.458 22 6 6 426 1
225.960 119.711 150.458 23 6 6 426 1
25.072 94.861 82.796 24 6 6 187 1
359.561 100.590 197.796 25 6 6 392 4
359.561 100.590 197.796 26 6 6 392 4
359.561 100.590 197.796 27 6 6 392 4
359.561 100.590 197.796 28 6 6 392 4
359.561 100.590 197.796 29 6 6 392 4
359.561 100.590 197.796 30 6 6 392 4
43.474 102.962 66.521 1 7 6 385 3
43.474 102.962 66.521 2 7 6 385 3
43.474 102.962 66.521 3 7 6 385 3
43.474 102.962 66.521 4 7 6 385 3
43.474 102.962 66.521 5 7 6 385 3
43.474 102.962 66.521 6 7 6 385 3
43.474 102.962 66.521 7 7 6 385 3
43.474 102.962 66.521 8 7 6 385 3
43.474 102.962 66.521 9 7 6 385 3
43.474 102.962 66.521 10 7 6 385 3
43.474 102.962 66.521 11 7 6 385 3
43.474 102.962 66.521 12 7 6 385 3
43.474 102.962 66.521 13 7 6 385 3
43.474 102.962 66.521 14 7 6 385 3
43.474 102.962 66.521 15 7 6 385 3
49.363 77.619 242.005 16 7 6 213 1
49.363 77.619 242.005 17 7 6 213 1
49.363 77.619 242.005 18 7 6 213 1
319.528 35.005 67.487 19 7 6 396 4
319.528 35.005 67.487 20 7 6 396 4
319.528 35.005 67.487 21 7 6 396 4
319.528 35.005 67.487 22 7 6 396 4
319.528 35.005 67.487 23 7 6 396 4
319.528 35.005 67.487 24 7 6 396 4
359.561 100.590 197.796 25 7 6 392 4
359.561 100.590 197.796 26 7 6 392 4
359.561 100.590 197.796 27 7 6 392 4
359.561 100.590 197.796 28 7 6 392 4
359.561 100.590 197.796 29 7 6 392 4
359.561 100.590 197.796 30 7 6 392 4
43.474 102.962 66.521 1 8 6 385 3
43.474 102.962 66.521 2 8 6 385 3
43.474 102.962 66.521 3 8 6 385 3
43.474 102.962 66.521 4 8 6 385 3
43.474 102.962 66.521 5 8 6 385 3
43.474 102.962 66.521 6 8 6 385 3
43.474 102.962 66.521 7 8 6 385 3
43.474 102.962 66.521 8 8 6 385 3
43.474 102.962 66.521 9 8 6 385 3
43.474 102.962 66.521 10 8 6 385 3
43.474 102.962 66.521 11 8 6 385 3
43.474 102.962 66.521 12 8 6 385 3
43.474 102.962 66.521 13 8 6 385 3
43.474 102.962 66.521 14 8 6 385 3
49.363 77.619 242.005 15 8 6 213 1
49.363 77.619 242.005 16 8 6 213 1
49.363 77.619 242.005 17 8 6 213 1
319.528 35.005 67.487 18 8 6 396 4
319.528 35.005 67.487 19 8 6 396 4
319.528 35.005 67.487 20 8 6 396 4
319.528 35.005 67.487 21 8 6 396 4
319.528 35.005 67.487 22 8 6 396 4
319.528 35.005 67.487 23 8 6 396 4
319.528 35.005 67.487 24 8 6 396 4
359.561 100.590 197.796 25 8 6 392 4
359.561 100.590 197.796 26 8 6 392 4
359.561 100.590 197.796 27 8 6 392 4
359.561 100.590 197.796 28 8 6 392 4
359.561 100.590 197.796 29 8 6 392 4
359.561 100.590 197.796 30 8 6 392 4
43.474 102.962 66.521 1 9 6 385 3
43.474 102.962 66.521 2 9 6 385 3
43.474 102.962 66.521 3 9 6 385 3
43.474 102.962 66.521 4 9 6 385 3
43.474 102.962 66.521 5 9 6 385 3
43.474 102.962 66.521 6 9 6 385 3
43.474 102.962 66.521 7 9 6 385 3
43.474 102.962 66.521 8 9 6 385 3
43.474 102.962 66.521 9 9 6 385 3
43.474 102.962 66.521 10 9 6 385 3
43.474 102.962 66.521 11 9 6 385 3
43.474 102.962 66.521 12 9 6 385 3
43.474 102.962 66.521 13 9 6 385 3
225.688 118.097 271.813 14 9 6 440 1
225.688 118.097 271.813 15 9 6 440 1
319.528 35.005 67.487 16 9 6 396 4
319.528 35.005 67.487 17 9 6 396 4
319.528 35.005 67.487 18 9 6 396 4
319.528 35.005 67.487 19 9 6 396 4
319.528 35.005 67.487 20 9 6 396 4
319.528 35.005 67.487 21 9 6 396 4
319.528 35.005 67.487 22 9 6 396 4
319.528 35.005 67.487 23 9 6 396 4
319.528 35.005 67.487 24 9 6 396 4
359.561 100.590 197.796 25 9 6 392 4
359.561 100.590 197.796 26 9 6 392 4
359.561 100.590 197.796 27 9 6 392 4
359.561 100.590 197.796 28 9 6 392 4
359.561 100.590 197.796 29 9 6 392 4
359.561 100.590 197.796 30 9 6 392 4
43.474 102.962 66.521 1 10 6 385 3
43.474 102.962 66.521 2 10 6 385 3
43.474 102.962 66.521 3 10 6 385 3
43.474 102.962 66.521 4 10 6 385 3
43.474 102.962 66.521 5 10 6 385 3
43.474 102.962 66.521 6 10 6 385 3
43.474 102.962 66.521 7 10 6 385 3
43.474 102.962 66.521 8 10 6 385 3
43.474 102.962 66.521 9 10 6 385 3
43.474 102.962 66.521 10 10 6 385 3
43.474 102.962 66.521 11 10 6 385 3
43.474 102.962 66.521 12 10 6 385 3
43.474 102.962 66.521 13 10 6 385 3
225.688 118.097 271.813 14 10 6 440 1
225.688 118.097 271.813 15 10 6 440 1
319.528 35.005 67.487 16 10 6 396 4
128.865 166.011 310.116 17 10 6 16 1
2.695 81.947 164.538 18 10 6 295 1
319.528 35.005 67.487 19 10 6 396 4
319.528 35.005 67.487 20 10 6 396 4
319.528 35.005 67.487 21 10 6 396 4
319.528 35.005 67.487 22 10 6 396 4
319.528 35.005 67.487 23 10 6 396 4
319.528 35.005 67.487 24 10 6 396 4
359.561 100.590 197.796 25 10 6 392 4
359.561 100.590 197.796 26 10 6 392 4
359.561 100.590 197.796 27 10 6 392 4
359.561 100.590 197.796 28 10 6 392 4
359.561 100.590 197.796 29 10 6 392 4
359.561 100.590 197.796 30 10 6 392 4
43.474 102.962 66.521 1 11 6 385 3
43.474 102.962 66.521 2 11 6 385 3
43.474 102.962 66.521 3 11 6 385 3
43.474 102.962 66.521 4 11 6 385 3
43.474 102.962 66.521 5 11 6 385 3
43.474 102.962 66.521 6 11 6 385 3
43.474 102.962 66.521 7 11 6 385 3
43.474 102.962 66.521 8 11 6 385 3
43.474 102.962 66.521 9 11 6 385 3
43.474 102.962 66.521 10 11 6 385 3
43.474 102.962 66.521 11 11 6 385 3
43.474 102.962 66.521 12 11 6 385 3
225.688 118.097 271.813 13 11 6 440 1
225.688 118.097 271.813 14 11 6 440 1
225.688 118.097 271.813 15 11 6 440 1
128.865 166.011 310.116 16 11 6 16 1
128.865 166.011 310.116 17 11 6 16 1
319.528 35.005 67.487 18 11 6 396 4
319.528 35.005 67.487 19 11 6 396 4
319.528 35.005 67.487 20 11 6 396 4
319.528 35.005 67.487 21 11 6 396 4
319.528 35.005 67.487 22 11 6 396 4
319.528 35.005 67.487 23 11 6 396 4
319.528 35.005 67.487 24 11 6 396 4
359.561 100.590 197.796 25 11 6 392 4
359.561 100.590 197.796 26 11 6 392 4
359.561 100.590 197.796 27 11 6 392 4
359.561 100.590 197.796 28 11 6 392 4
359.561 100.590 197.796 29 11 6 392 4
359.561 100.590 197.796 30 11 6 392 4
43.474 102.962 66.521 1 12 6 385 3
43.474 102.962 66.521 2 12 6 385 3
43.474 102.962 66.521 3 12 6 385 3
43.474 102.962 66.521 4 12 6 385 3
43.474 102.962 66.521 5 12 6 385 3
43.474 102.962 66.521 6 12 6 385 3
43.474 102.962 66.521 7 12 6 385 3
43.474 102.962 66.521 8 12 6 385 3
43.474 102.962 66.521 9 12 6 385 3
43.474 102.962 66.521 10 12 6 385 3
43.474 102.962 66.521 11 12 6 385 3
43.474 102.962 66.521 12 12 6 385 3
225.688 118.097 271.813 13 12 6 440 1
225.688 118.097 271.813 14 12 6 440 1
319.528 35.005 67.487 15 12 6 396 4
128.865 166.011 310.116 16 12 6 16 1
128.865 166.011 310.116 17 12 6 16 1
319.528 35.005 67.487 18 12 6 396 4
319.528 35.005 67.487 19 12 6 396 4
319.528 35.005 67.487 20 12 6 396 4
319.528 35.005 67.487 21 12 6 396 4
330.562 144.784 8.261 22 12 6 430 1
319.528 35.005 67.487 23 12 6 396 4
319.528 35.005 67.487 24 12 6 396 4
359.561 100.590 197.796 25 12 6 392 4
359.561 100.590 197.796 26 12 6 392 4
359.561 100.590 197.796 27 12 6 392 4
359.561 100.590 197.796 28 12 6 392 4
359.561 100.590 197.796 29 12 6 392 4
359.561 100.590 197.796 30 12 6 392 4
43.474 102.962 66.521 1 13 6 385 3
43.474 102.962 66.521 2 13 6 385 3
43.474 102.962 66.521 3 13 6 385 3
43.474 102.962 66.521 4 13 6 385 3
43.474 102.962 66.521 5 13 6 385 3
43.474 102.962 66.521 6 13 6 385 3
43.474 102.962 66.521 7 13 6 385 3
43.474 102.962 66.521 8 13 6 385 3
43.474 102.962 66.521 9 13 6 385 3
38.179 119.836 320.714 10 13 6 367 2
43.474 102.962 66.521 11 13 6 385 3
43.474 102.962 66.521 12 13 6 385 3
319.528 35.005 67.487 13 13 6 396 4
319.528 35.005 67.487 14 13 6 396 4
319.528 35.005 67.487 15 13 6 396 4
319.528 35.005 67.487 16 13 6 396 4
319.528 35.005 67.487 17 13 6 396 4
319.528 35.005 67.487 18 13 6 396 4
319.528 35.005 67.487 19 13 6 396 4
319.528 35.005 67.487 20 13 6 396 4
319.528 35.005 67.487 21 13 6 396 4
319.528 35.005 67.487 22 13 6 396 4
319.528 35.005 67.487 23 13 6 396 4
319.528 35.005 67.487 24 13 6 396 4
359.561 100.590 197.796 25 13 6 392 4
359.561 100.590 197.796 26 13 6 392 4
359.561 100.590 197.796 27 13 6 392 4
359.561 100.590 197.796 28 13 6 392 4
359.561 100.590 197.796 29 13 6 392 4
359.561 100.590 197.796 30 13 6 392 4
43.474 102.962 66.521 1 14 6 385 3
43.474 102.962 66.521 2 14 6 385 3
43.474 102.962 66.521 3 14 6 385 3
43.474 102.962 66.521 4 14 6 385 3
43.474 102.962 66.521 5 14 6 385 3
43.474 102.962 66.521 6 14 6 385 3
43.474 102.962 66.521 7 14 6 385 3
43.474 102.962 66.521 8 14 6 385 3
43.474 102.962 66.521 9 14 6 385 3
38.179 119.836 320.714 10 14 6 367 2
43.474 102.962 66.521 11 14 6 385 3
43.474 102.962 66.521 12 14 6 385 3
319.528 35.005 67.487 13 14 6 396 4
319.528 35.005 67.487 14 14 6 396 4
319.528 35.005 67.487 15 14 6 396 4
319.528 35.005 67.487 16 14 6 396 4
319.528 35.005 67.487 17 14 6 396 4
319.528 35.005 67.487 18 14 6 396 4
69.921 82.547 211.768 19 14 6 416 1
7.020 106.885 352.980 20 14 6 199 1
319.528 35.005 67.487 21 14 6 396 4
319.528 35.005 67.487 22 14 6 396 4
319.528 35.005 67.487 23 14 6 396 4
319.528 35.005 67.487 24 14 6 396 4
359.561 100.590 197.796 25 14 6 392 4
359.561 100.590 197.796 26 14 6 392 4
359.561 100.590 197.796 27 14 6 392 4
359.561 100.590 197.796 28 14 6 392 4
359.561 100.590 197.796 29 14 6 392 4
359.561 100.590 197.796 30 14 6 392 4
43.474 102.962 66.521 1 15 6 385 3
43.474 102.962 66.521 2 15 6 385 3
43.474 102.962 66.521 3 15 6 385 3
43.474 102.962 66.521 4 15 6 385 3
43.474 102.962 66.521 5 15 6 385 3
43.474 102.962 66.521 6 15 6 385 3
43.474 102.962 66.521 7 15 6 385 3
43.474 102.962 66.521 8 15 6 385 3
43.474 102.962 66.521 9 15 6 385 3
38.179 119.836 320.714 10 15 6 367 2
43.474 102.962 66.521 11 15 6 385 3
319.528 35.005 67.487 12 15 6 396 4
319.528 35.005 67.487 13 15 6 396 4
319.528 35.005 67.487 14 15 6 396 4
319.528 35.005 67.487 15 15 6 396 4
319.528 35.005 67.487 16 15 6 396 4
319.528 35.005 67.487 17 15 6 396 4
319.528 35.005 67.487 18 15 6 396 4
69.921 82.547 211.768 19 15 6 416 1
319.528 35.005 67.487 20 15 6 396 4
319.528 35.005 67.487 21 15 6 396 4
319.528 35.005 67.487 22 15 6 396 4
319.528 35.005 67.487 23 15 6 396 4
319.528 35.005 67.487 24 15 6 396 4
359.561 100.590 197.796 25 15 6 392 4
359.561 100.590 197.796 26 15 6 392 4
359.561 100.590 197.796 27 15 6 392 4
359.561 100.590 197.796 28 15 6 392 4
359.561 100.590 197.796 29 15 6 392 4
359.561 100.590 197.796 30 15 6 392 4
43.474 102.962 66.521 1 16 6 385 3
43.474 102.962 66.521 2 16 6 385 3
43.474 102.962 66.521 3 16 6 385 3
43.474 102.962 66.521 4 16 6 385 3
43.474 102.962 66.521 5 16 6 385 3
43.474 102.962 66.521 6 16 6 385 3
43.474 102.962 66.521 7 16 6 385 3
43.474 102.962 66.521 8 16 6 385 3
43.474 102.962 66.521 9 16 6 385 3
38.179 119.836 320.714 10 16 6 367 2
43.474 102.962 66.521 11 16 6 385 3
319.528 35.005 67.487 12 16 6 396 4
319.528 35.005 67.487 13 16 6 396 4
319.528 35.005 67.487 14 16 6 396 4
319.528 35.005 67.487 15 16 6 396 4
319.528 35.005 67.487 16 16 6 396 4
319.528 35.005 67.487 17 16 6 396 4
319.528 35.005 67.487 18 16 6 396 4
69.921 82.547 211.768 19 16 6 416 1
319.528 35.005 67.487 20 16 6 396 4
319.528 35.005 67.487 21 16 6 396 4
319.528 35.005 67.487 22 16 6 396 4
319.528 35.005 67.487 23 16 6 396 4
319.528 35.005 67.487 24 16 6 396 4
359.561 100.590 197.796 25 16 6 392 4
359.561 100.590 197.796 26 16 6 392 4
359.561 100.590 197.796 27 16 6 392 4
359.561 100.590 197.796 28 16 6 392 4
359.561 100.590 197.796 29 16 6 392 4
359.561 100.590 197.796 30 16 6 392 4
43.474 102.962 66.521 1 17 6 385 3
43.474 102.962 66.521 2 17 6 385 3
43.474 102.962 66.521 3 17 6 385 3
43.474 102.962 66.521 4 17 6 385 3
43.474 102.962 66.521 5 17 6 385 3
43.474 102.962 66.521 6 17 6 385 3
43.474 102.962 66.521 7 17 6 385 3
43.474 102.962 66.521 8 17 6 385 3
43.474 102.962 66.521 9 17 6 385 3
38.179 119.836 320.714 10 17 6 367 2
319.528 35.005 67.487 11 17 6 396 4
319.528 35.005 67.487 12 17 6 396 4
319.528 35.005 67.487 13 17 6 396 4
319.528 35.005 67.487 14 17 6 396 4
319.528 35.005 67.487 15 17 6 396 4
319.528 35.005 67.487 16 17 6 396 4
319.528 35.005 67.487 17 17 6 396 4
319.528 35.005 67.487 18 17 6 396 4
319.528 35.005 67.487 19 17 6 396 4
319.528 35.005 67.487 20 17 6 396 4
319.528 35.005 67.487 21 17 6 396 4
319.528 35.005 67.487 22 17 6 396 4
319.528 35.005 67.487 23 17 6 396 4
359.561 100.590 197.796 24 17 6 392 4
359.561 100.590 197.796 25 17 6 392 4
359.561 100.590 197.796 26 17 6 392 4
359.561 100.590 197.796 27 17 6 392 4
359.561 100.590 197.796 28 17 6 392 4
359.561 100.590 197.796 29 17 6 392 4
359.561 100.590 197.796 30 17 6 392 4
134.770 79.226 78.487 1 18 6 344 2
134.770 79.226 78.487 2 18 6 344 2
134.770 79.226 78.487 3 18 6 344 2
43.474 102.962 66.521 4 18 6 385 3
43.474 102.962 66.521 5 18 6 385 3
43.474 102.962 66.521 6 18 6 385 3
43.474 102.962 66.521 7 18 6 385 3
43.474 102.962 66.521 8 18 6 385 3
43.474 102.962 66.521 9 18 6 385 3
43.474 102.962 66.521 10 18 6 385 3
319.528 35.005 67.487 11 18 6 396 4
319.528 35.005 67.487 12 18 6 396 4
319.528 35.005 67.487 13 18 6 396 4
319.528 35.005 67.487 14 18 6 396 4
319.528 35.005 67.487 15 18 6 396 4
319.528 35.005 67.487 16 18 6 396 4
319.528 35.005 67.487 17 18 6 396 4
319.528 35.005 67.487 18 18 6 396 4
319.528 35.005 67.487 19 18 6 396 4
319.528 35.005 67.487 20 18 6 396 4
319.528 35.005 67.487 21 18 6 396 4
319.528 35.005 67.487 22 18 6 396 4
319.528 35.005 67.487 23 18 6 396 4
112.703 53.483 314.961 24 18 6 6 1
359.561 100.590 197.796 25 18 6 392 4
359.561 100.590 197.796 26 18 6 392 4
359.561 100.590 197.796 27 18 6 392 4
359.561 100.590 197.796 28 18 6 392 4
359.561 100.590 197.796 29 18 6 392 4
359.561 100.590 197.796 30 18 6 392 4
43.474 102.962 66.521 1 19 6 385 3
43.474 102.962 66.521 2 19 6 385 3
43.474 102.962 66.521 3 19 6 385 3
43.474 102.962 66.521 4 19 6 385 3
43.474 102.962 66.521 5 19 6 385 3
43.474 102.962 66.521 6 19 6 385 3
43.474 102.962 66.521 7 19 6 385 3
43.474 102.962 66.521 8 19 6 385 3
43.474 102.962 66.521 9 19 6 385 3
319.528 35.005 67.487 10 19 6 396 4
319.528 35.005 67.487 11 19 6 396 4
319.528 35.005 67.487 12 19 6 396 4
319.528 35.005 67.487 13 19 6 396 4
319.528 35.005 67.487 14 19 6 396 4
319.528 35.005 67.487 15 19 6 396 4
319.528 35.005 67.487 16 19 6 396 4
319.528 35.005 67.487 17 19 6 396 4
319.528 35.005 67.487 18 19 6 396 4
319.528 35.005 67.487 19 19 6 396 4
319.528 35.005 67.487 20 19 6 396 4
319.528 35.005 67.487 21 19 6 396 4
319.528 35.005 67.487 22 19 6 396 4
319.528 35.005 67.487 23 19 6 396 4
359.561 100.590 197.796 24 19 6 392 4
359.561 100.590 197.796 25 19 6 392 4
359.561 100.590 197.796 26 19 6 392 4
359.561 100.590 197.796 27 19 6 392 4
359.561 100.590 197.796 28 19 6 392 4
359.561 100.590 197.796 29 19 6 392 4
359.561 100.590 197.796 30 19 6 392 4
43.474 102.962 66.521 1 20 6 385 3
43.474 102.962 66.521 2 20 6 385 3
43.474 102.962 66.521 3 20 6 385 3
43.474 102.962 66.521 4 20 6 385 3
43.474 102.962 66.521 5 20 6 385 3
43.474 102.962 66.521 6 20 6 385 3
43.474 102.962 66.521 7 20 6 385 3
43.474 102.962 66.521 8 20 6 385 3
43.474 102.962 66.521 9 20 6 385 3
319.528 35.005 67.487 10 20 6 396 4
319.528 35.005 67.487 11 20 6 396 4
319.528 35.005 67.487 12 20 6 396 4
319.528 35.005 67.487 13 20 6 396 4
319.528 35.005 67.487 14 20 6 396 4
319.528 35.005 67.487 15 20 6 396 4
319.528 35.005 67.487 16 20 6 396 4
319.528 35.005 67.487 17 20 6 396 4
319.528 35.005 67.487 18 20 6 396 4
319.528 35.005 67.487 19 20 6 396 4
319.528 35.005 67.487 20 20 6 396 4
319.528 35.005 67.487 21 20 6 396 4
43.521 57.871 224.831 22 20 6 84 1
319.528 35.005 67.487 23 20 6 396 4
359.561 100.590 197.796 24 20 6 392 4
359.561 100.590 197.796 25 20 6 392 4
359.561 100.590 197.796 26 20 6 392 4
359.561 100.590 197.796 27 20 6 392 4
359.561 100.590 197.796 28 20 6 392 4
359.561 100.590 197.796 29 20 6 392 4
359.561 100.590 197.796 30 20 6 392 4
43.474 102.962 66.521 1 21 6 385 3
43.474 102.962 66.521 2 21 6 385 3
43.474 102.962 66.521 3 21 6 385 3
43.474 102.962 66.521 4 21 6 385 3
43.474 102.962 66.521 5 21 6 385 3
43.474 102.962 66.521 6 21 6 385 3
43.474 102.962 66.521 7 21 6 385 3
43.474 102.962 66.521 8 21 6 385 3
311.906 102.856 109.910 9 21 6 398 1
311.906 102.856 109.910 10 21 6 398 1
311.906 102.856 109.910 11 21 6 398 1
319.528 35.005 67.487 12 21 6 396 4
319.528 35.005 67.487 13 21 6 396 4
319.528 35.005 67.487 14 21 6 396 4
336.108 79.598 217.257 15 21 6 405 1
319.528 35.005 67.487 16 21 6 396 4
319.528 35.005 67.487 17 21 6 396 4
319.528 35.005 67.487 18 21 6 396 4
319.528 35.005 67.487 19 21 6 396 4
319.528 35.005 67.487 20 21 6 396 4
319.528 35.005 67.487 21 21 6 396 4
319.528 35.005 67.487 22 21 6 396 4
319.528 35.005 67.487 23 21 6 396 4
359.561 100.590 197.796 24 21 6 392 4
359.561 100.590 197.796 25 21 6 392 4
359.561 100.590 197.796 26 21 6 392 4
359.561 100.590 197.796 27 21 6 392 4
359.561 100.590 197.796 28 21 6 392 4
359.561 100.590 197.796 29 21 6 392 4
359.561 100.590 197.796 30 21 6 392 4
43.474 102.962 66.521 1 22 6 385 3
43.474 102.962 66.521 2 22 6 385 3
43.474 102.962 66.521 3 22 6 385 3
43.474 102.962 66.521 4 22 6 385 3
43.474 102.962 66.521 5 22 6 385 3
43.474 102.962 66.521 6 22 6 385 3
43.474 102.962 66.521 7 22 6 385 3
319.528 35.005 67.487 8 22 6 396 4
319.528 35.005 67.487 9 22 6 396 4
311.906 102.856 109.910 10 22 6 398 1
311.906 102.856 109.910 11 22 6 398 1
319.528 35.005 67.487 12 22 6 396 4
319.528 35.005 67.487 13 22 6 396 4
319.528 35.005 67.487 14 22 6 396 4
319.528 35.005 67.487 15 22 6 396 4
319.528 35.005 67.487 16 22 6 396 4
319.528 35.005 67.487 17 22 6 396 4
319.528 35.005 67.487 18 22 6 396 4
319.528 35.005 67.487 19 22 6 396 4
319.528 35.005 67.487 20 22 6 396 4
319.528 35.005 67.487 21 22 6 396 4
319.528 35.005 67.487 22 22 6 396 4
319.528 35.005 67.487 23 22 6 396 4
359.561 100.590 197.796 24 22 6 392 4
359.561 100.590 197.796 25 22 6 392 4
359.561 100.590 197.796 26 22 6 392 4
359.561 100.590 197.796 27 22 6 392 4
359.561 100.590 197.796 28 22 6 392 4
359.561 100.590 197.796 29 22 6 392 4
359.561 100.590 197.796 30 22 6 392 4
43.474 102.962 66.521 1 23 6 385 3
43.474 102.962 66.521 2 23 6 385 3
43.474 102.962 66.521 3 23 6 385 3
43.474 102.962 66.521 4 23 6 385 3
43.474 102.962 66.521 5 23 6 385 3
43.474 102.962 66.521 6 23 6 385 3
43.474 102.962 66.521 7 23 6 385 3
319.528 35.005 67.487 8 23 6 396 4
319.528 35.005 67.487 9 23 6 396 4
319.528 35.005 67.487 10 23 6 396 4
319.528 35.005 67.487 11 23 6 396 4
319.528 35.005 67.487 12 23 6 396 4
319.528 35.005 67.487 13 23 6 396 4
319.528 35.005 67.487 14 23 6 396 4
319.528 35.005 67.487 15 23 6 396 4
319.528 35.005 67.487 16 23 6 396 4
319.528 35.005 67.487 17 23 6 396 4
319.528 35.005 67.487 18 23 6 396 4
319.528 35.005 67.487 19 23 6 396 4
319.528 35.005 67.487 20 23 6 396 4
319.528 35.005 67.487 21 23 6 396 4
319.528 35.005 67.487 22 23 6 396 4
319.528 35.005 67.487 23 23 6 396 4
359.561 100.590 197.796 24 23 6 392 4
359.561 100.590 197.796 25 23 6 392 4
359.561 100.590 197.796 26 23 6 392 4
359.561 100.590 197.796 27 23 6 392 4
359.561 100.590 197.796 28 23 6 392 4
359.561 100.590 197.796 29 23 6 392 4
359.561 100.590 197.796 30 23 6 392 4
81.702 38.673 273.244 1 24 6 13 1
81.702 38.673 273.244 2 24 6 13 1
43.474 102.962 66.521 3 24 6 385 3
43.474 102.962 66.521 4 24 6 385 3
43.474 102.962 66.521 5 24 6 385 3
43.474 102.962 66.521 6 24 6 385 3
319.528 35.005 67.487 7 24 6 396 4
319.528 35.005 67.487 8 24 6 396 4
319.528 35.005 67.487 9 24 6 396 4
319.528 35.005 67.487 10 24 6 396 4
319.528 35.005 67.487 11 24 6 396 4
319.528 35.005 67.487 12 24 6 396 4
319.528 35.005 67.487 13 24 6 396 4
319.528 35.005 67.487 14 24 6 396 4
319.528 35.005 67.487 15 24 6 396 4
319.528 35.005 67.487 16 24 6 396 4
319.528 35.005 67.487 17 24 6 396 4
64.135 106.032 6.203 18 24 6 18 1
319.528 35.005 67.487 19 24 6 396 4
319.528 35.005 67.487 20 24 6 396 4
319.528 35.005 67.487 21 24 6 396 4
319.528 35.005 67.487 22 24 6 396 4
319.528 35.005 67.487 23 24 6 396 4
250.992 79.018 100.757 24 24 6 83 1
359.561 100.590 197.796 25 24 6 392 4
359.561 100.590 197.796 26 24 6 392 4
359.561 100.590 197.796 27 24 6 392 4
359.561 100.590 197.796 28 24 6 392 4
359.561 100.590 197.796 29 24 6 392 4
359.561 100.590 197.796 30 24 6 392 4
81.702 38.673 273.244 1 25 6 13 1
81.702 38.673 273.244 2 25 6 13 1
36.649 103.453 281.319 3 25 6 381 3
147.999 100.489 247.249 4 25 6 39 1
147.999 100.489 247.249 5 25 6 39 1
36.649 103.453 281.319 6 25 6 381 3
319.528 35.005 67.487 7 25 6 396 4
319.528 35.005 67.487 8 25 6 396 4
319.528 35.005 67.487 9 25 6 396 4
319.528 35.005 67.487 10 25 6 396 4
319.528 35.005 67.487 11 25 6 396 4
319.528 35.005 67.487 12 25 6 396 4
319.528 35.005 67.487 13 25 6 396 4
319.528 35.005 67.487 14 25 6 396 4
319.528 35.005 67.487 15 25 6 396 4
319.528 35.005 67.487 16 25 6 396 4
319.528 35.005 67.487 17 25 6 396 4
319.528 35.005 67.487 18 25 6 396 4
319.528 35.005 67.487 19 25 6 396 4
319.528 35.005 67.487 20 25 6 396 4
319.528 35.005 67.487 21 25 6 396 4
319.528 35.005 67.487 22 25 6 396 4
289.186 128.662 67.278 23 25 6 356 2
359.561 100.590 197.796 24 25 6 392 4
359.561 100.590 197.796 25 25 6 392 4
359.561 100.590 197.796 26 25 6 392 4
359.561 100.590 197.796 27 25 6 392 4
359.561 100.590 197.796 28 25 6 392 4
359.561 100.590 197.796 29 25 6 392 4
359.561 100.590 197.796 30 25 6 392 4
36.649 103.453 281.319 1 26 6 381 3
36.649 103.453 281.319 2 26 6 381 3
36.649 103.453 281.319 3 26 6 381 3
147.999 100.489 247.249 4 26 6 39 1
36.649 103.453 281.319 5 26 6 381 3
36.649 103.453 281.319 6 26 6 381 3
319.528 35.005 67.487 7 26 6 396 4
319.528 35.005 67.487 8 26 6 396 4
319.528 35.005 67.487 9 26 6 396 4
319.528 35.005 67.487 10 26 6 396 4
319.528 35.005 67.487 11 26 6 396 4
319.528 35.005 67.487 12 26 6 396 4
319.528 35.005 67.487 13 26 6 396 4
291.684 66.506 124.590 14 26 6 412 1
319.528 35.005 67.487 15 26 6 396 4
143.395 99.457 19.782 16 26 6 269 1
319.528 35.005 67.487 17 26 6 396 4
319.528 35.005 67.487 18 26 6 396 4
319.528 35.005 67.487 19 26 6 396 4
319.528 35.005 67.487 20 26 6 396 4
319.528 35.005 67.487 21 26 6 396 4
289.186 128.662 67.278 22 26 6 356 2
289.186 128.662 67.278 23 26 6 356 2
359.561 100.590 197.796 24 26 6 392 4
359.561 100.590 197.796 25 26 6 392 4
359.561 100.590 197.796 26 26 6 392 4
359.561 100.590 197.796 27 26 6 392 4
359.561 100.590 197.796 28 26 6 392 4
359.561 100.590 197.796 29 26 6 392 4
359.561 100.590 197.796 30 26 6 392 4
36.649 103.453 281.319 1 27 6 381 3
36.649 103.453 281.319 2 27 6 381 3
36.649 103.453 281.319 3 27 6 381 3
36.649 103.453 281.319 4 27 6 381 3
36.649 103.453 281.319 5 27 6 381 3
36.649 103.453 281.319 6 27 6 381 3
36.649 103.453 281.319 7 27 6 381 3
319.528 35.005 67.487 8 27 6 396 4
319.528 35.005 67.487 9 27 6 396 4
319.528 35.005 67.487 10 27 6 396 4
319.528 35.005 67.487 11 27 6 396 4
319.528 35.005 67.487 12 27 6 396 4
319.528 35.005 67.487 13 27 6 396 4
319.528 35.005 67.487 14 27 6 396 4
319.528 35.005 67.487 15 27 6 396 4
319.528 35.005 67.487 16 27 6 396 4
319.528 35.005 67.487 17 27 6 396 4
319.528 35.005 67.487 18 27 6 396 4
319.528 35.005 67.487 19 27 6 396 4
263.152 64.782 0.393 20 27 6 19 1
21.806 114.209 272.389 21 27 6 346 2
21.806 114.209 272.389 22 27 6 346 2
289.186 128.662 67.278 23 27 6 356 2
359.561 100.590 197.796 24 27 6 392 4
359.561 100.590 197.796 25 27 6 392 4
359.561 100.590 197.796 26 27 6 392 4
76.772 36.141 169.994 27 27 6 371 2
359.561 100.590 197.796 28 27 6 392 4
359.561 100.590 197.796 29 27 6 392 4
359.561 100.590 197.796 30 27 6 392 4
36.649 103.453 281.319 1 28 6 381 3
36.649 103.453 281.319 2 28 6 381 3
36.649 103.453 281.319 3 28 6 381 3
36.649 103.453 281.319 4 28 6 381 3
36.649 103.453 281.319 5 28 6 381 3
265.458 49.524 311.015 6 28 6 244 1
36.649 103.453 281.319 7 28 6 381 3
255.930 24.782 102.566 8 28 6 359 2
319.528 35.005 67.487 9 28 6 396 4
319.528 35.005 67.487 10 28 6 396 4
319.528 35.005 67.487 11 28 6 396 4
319.528 35.005 67.487 12 28 6 396 4
319.528 35.005 67.487 13 28 6 396 4
319.528 35.005 67.487 14 28 6 396 4
319.528 35.005 67.487 15 28 6 396 4
319.528 35.005 67.487 16 28 6 396 4
319.528 35.005 67.487 17 28 6 396 4
319.528 35.005 67.487 18 28 6 396 4
263.152 64.782 0.393 19 28 6 19 1
263.152 64.782 0.393 20 28 6 19 1
21.806 114.209 272.389 21 28 6 346 2
21.806 114.209 272.389 22 28 6 346 2
21.806 114.209 272.389 23 28 6 346 2
2.111 107.073 287.015 24 28 6 316 2
359.561 100.590 197.796 25 28 6 392 4
359.561 100.590 197.796 26 28 6 392 4
359.561 100.590 197.796 27 28 6 392 4
90.414 44.677 224.391 28 28 6 384 3
90.414 44.677 224.391 29 28 6 384 3
90.414 44.677 224.391 30 28 6 384 3
36.649 103.453 281.319 1 29 6 381 3
36.649 103.453 281.319 2 29 6 381 3
36.649 103.453 281.319 3 29 6 381 3
36.649 103.453 281.319 4 29 6 381 3
36.649 103.453 281.319 5 29 6 381 3
36.649 103.453 281.319 6 29 6 381 3
36.649 103.453 281.319 7 29 6 381 3
36.649 103.453 281.319 8 29 6 381 3
319.528 35.005 67.487 9 29 6 396 4
319.528 35.005 67.487 10 29 6 396 4
319.528 35.005 67.487 11 29 6 396 4
319.528 35.005 67.487 12 29 6 396 4
319.528 35.005 67.487 13 29 6 396 4
319.528 35.005 67.487 14 29 6 396 4
319.528 35.005 67.487 15 29 6 396 4
319.528 35.005 67.487 16 29 6 396 4
319.528 35.005 67.487 17 29 6 396 4
263.152 64.782 0.393 18 29 6 19 1
263.152 64.782 0.393 19 29 6 19 1
21.806 114.209 272.389 20 29 6 346 2
21.806 114.209 272.389 21 29 6 346 2
21.806 114.209 272.389 22 29 6 346 2
21.806 114.209 272.389 23 29 6 346 2
90.414 44.677 224.391 24 29 6 384 3
90.414 44.677 224.391 25 29 6 384 3
90.414 44.677 224.391 26 29 6 384 3
90.414 44.677 224.391 27 29 6 384 3
90.414 44.677 224.391 28 29 6 384 3
90.414 44.677 224.391 29 29 6 384 3
90.414 44.677 224.391 30 29 6 384 3
36.649 103.453 281.319 1 30 6 381 3
36.649 103.453 281.319 2 30 6 381 3
36.649 103.453 281.319 3 30 6 381 3
36.649 103.453 281.319 4 30 6 381 3
36.649 103.453 281.319 5 30 6 381 3
36.649 103.453 281.319 6 30 6 381 3
36.649 103.453 281.319 7 30 6 381 3
36.649 103.453 281.319 8 30 6 381 3
319.528 35.005 67.487 9 30 6 396 4
319.528 35.005 67.487 10 30 6 396 4
319.528 35.005 67.487 11 30 6 396 4
319.528 35.005 67.487 12 30 6 396 4
319.528 35.005 67.487 13 30 6 396 4
319.528 35.005 67.487 14 30 6 396 4
319.528 35.005 67.487 15 30 6 396 4
319.528 35.005 67.487 16 30 6 396 4
319.528 35.005 67.487 17 30 6 396 4
296.452 80.301 162.504 18 30 6 168 1
296.452 80.301 162.504 19 30 6 168 1
21.806 114.209 272.389 20 30 6 346 2
21.806 114.209 272.389 21 30 6 346 2
21.806 114.209 272.389 22 30 6 346 2
21.806 114.209 272.389 23 30 6 346 2
90.414 44.677 224.391 24 30 6 384 3
90.414 44.677 224.391 25 30 6 384 3
90.414 44.677 224.391 26 30 6 384 3
90.414 44.677 224.391 27 30 6 384 3
90.414 44.677 224.391 28 30 6 384 3
90.414 44.677 224.391 29 30 6 384 3
90.414 44.677 224.391 30 30 6 384 3
