43.474 102.962 66.521 1 1 14 385 3
43.474 102.962 66.521 2 1 14 385 3
43.474 102.962 66.521 3 1 14 385 3
43.474 102.962 66.521 4 1 14 385 3
43.474 102.962 66.521 5 1 14 385 3
43.474 102.962 66.521 6 1 14 385 3
43.474 102.962 66.521 7 1 14 385 3
43.474 102.962 66.521 8 1 14 385 3
43.474 102.962 66.521 9 1 14 385 3
43.474 102.962 66.521 10 1 14 385 3
43.474 102.962 66.521 11 1 14 385 3
43.474 102.962 66.521 12 1 14 385 3
43.474 102.962 66.521 13 1 14 385 3
43.474 102.962 66.521 14 1 14 385 3
43.474 102.962 66.521 15 1 14 385 3
43.474 102.962 66.521 16 1 14 385 3
43.474 102.962 66.521 17 1 14 385 3
64.172 33.188 69.813 18 1 14 387 4
41.770 84.540 147.654 19 1 14 120 1
41.770 84.540 147.654 20 1 14 120 1
56.862 145.713 194.301 21 1 14 383 3
56.862 145.713 194.301 22 1 14 383 3
56.862 145.713 194.301 23 1 14 383 3
56.862 145.713 194.301 24 1 14 383 3
56.862 145.713 194.301 25 1 14 383 3
56.862 145.713 194.301 26 1 14 383 3
56.862 145.713 194.301 27 1 14 383 3
169.259 123.954 99.233 28 1 14 378 2
169.259 123.954 99.233 29 1 14 378 2
21.253 152.408 250.621 30 1 14 192 1
43.474 102.962 66.521 1 2 14 385 3
43.474 102.962 66.521 2 2 14 385 3
43.474 102.962 66.521 3 2 14 385 3
43.474 102.962 66.521 4 2 14 385 3
43.474 102.962 66.521 5 2 14 385 3
43.474 102.962 66.521 6 2 14 385 3
43.474 102.962 66.521 7 2 14 385 3
43.474 102.962 66.521 8 2 14 385 3
43.474 102.962 66.521 9 2 14 385 3
43.474 102.962 66.521 10 2 14 385 3
43.474 102.962 66.521 11 2 14 385 3
43.474 102.962 66.521 12 2 14 385 3
43.474 102.962 66.521 13 2 14 385 3
43.474 102.962 66.521 14 2 14 385 3
43.474 102.962 66.521 15 2 14 385 3
43.474 102.962 66.521 16 2 14 385 3
43.474 102.962 66.521 17 2 14 385 3
64.172 33.188 69.813 18 2 14 387 4
41.770 84.540 147.654 19 2 14 120 1
41.770 84.540 147.654 20 2 14 120 1
56.862 145.713 194.301 21 2 14 383 3
56.862 145.713 194.301 22 2 14 383 3
56.862 145.713 194.301 23 2 14 383 3
56.862 145.713 194.301 24 2 14 383 3
250.703 128.087 308.112 25 2 14 49 1
250.703 128.087 308.112 26 2 14 49 1
250.703 128.087 308.112 27 2 14 49 1
169.259 123.954 99.233 28 2 14 378 2
169.259 123.954 99.233 29 2 14 378 2
21.253 152.408 250.621 30 2 14 192 1
43.474 102.962 66.521 1 3 14 385 3
43.474 102.962 66.521 2 3 14 385 3
43.474 102.962 66.521 3 3 14 385 3
43.474 102.962 66.521 4 3 14 385 3
43.474 102.962 66.521 5 3 14 385 3
43.474 102.962 66.521 6 3 14 385 3
43.474 102.962 66.521 7 3 14 385 3
43.474 102.962 66.521 8 3 14 385 3
43.474 102.962 66.521 9 3 14 385 3
43.474 102.962 66.521 10 3 14 385 3
43.474 102.962 66.521 11 3 14 385 3
43.474 102.962 66.521 12 3 14 385 3
43.474 102.962 66.521 13 3 14 385 3
43.474 102.962 66.521 14 3 14 385 3
43.474 102.962 66.521 15 3 14 385 3
43.474 102.962 66.521 16 3 14 385 3
64.172 33.188 69.813 17 3 14 387 4
64.172 33.188 69.813 18 3 14 387 4
41.770 84.540 147.654 19 3 14 120 1
41.770 84.540 147.654 20 3 14 120 1
56.862 145.713 194.301 21 3 14 383 3
56.862 145.713 194.301 22 3 14 383 3
56.862 145.713 194.301 23 3 14 383 3
56.862 145.713 194.301 24 3 14 383 3
250.703 128.087 308.112 25 3 14 49 1
250.703 128.087 308.112 26 3 14 49 1
250.703 128.087 308.112 27 3 14 49 1
169.259 123.954 99.233 28 3 14 378 2
169.259 123.954 99.233 29 3 14 378 2
169.259 123.954 99.233 30 3 14 378 2
43.474 102.962 66.521 1 4 14 385 3
43.474 102.962 66.521 2 4 14 385 3
43.474 102.962 66.521 3 4 14 385 3
43.474 102.962 66.521 4 4 14 385 3
43.474 102.962 66.521 5 4 14 385 3
43.474 102.962 66.521 6 4 14 385 3
43.474 102.962 66.521 7 4 14 385 3
43.474 102.962 66.521 8 4 14 385 3
43.474 102.962 66.521 9 4 14 385 3
43.474 102.962 66.521 10 4 14 385 3
43.474 102.962 66.521 11 4 14 385 3
43.474 102.962 66.521 12 4 14 385 3
43.474 102.962 66.521 13 4 14 385 3
185.451 94.356 141.064 14 4 14 73 1
43.474 102.962 66.521 15 4 14 385 3
297.756 65.183 347.625 16 4 14 203 1
64.172 33.188 69.813 17 4 14 387 4
64.172 33.188 69.813 18 4 14 387 4
41.770 84.540 147.654 19 4 14 120 1
41.770 84.540 147.654 20 4 14 120 1
56.862 145.713 194.301 21 4 14 383 3
56.862 145.713 194.301 22 4 14 383 3
56.862 145.713 194.301 23 4 14 383 3
56.862 145.713 194.301 24 4 14 383 3
250.703 128.087 308.112 25 4 14 49 1
20.011 33.498 39.868 26 4 14 352 2
20.011 33.498 39.868 27 4 14 352 2
169.259 123.954 99.233 28 4 14 378 2
169.259 123.954 99.233 29 4 14 378 2
169.259 123.954 99.233 30 4 14 378 2
43.474 102.962 66.521 1 5 14 385 3
43.474 102.962 66.521 2 5 14 385 3
43.474 102.962 66.521 3 5 14 385 3
43.474 102.962 66.521 4 5 14 385 3
43.474 102.962 66.521 5 5 14 385 3
43.474 102.962 66.521 6 5 14 385 3
43.474 102.962 66.521 7 5 14 385 3
43.474 102.962 66.521 8 5 14 385 3
43.474 102.962 66.521 9 5 14 385 3
43.474 102.962 66.521 10 5 14 385 3
43.474 102.962 66.521 11 5 14 385 3
43.474 102.962 66.521 12 5 14 385 3
43.474 102.962 66.521 13 5 14 385 3
43.474 102.962 66.521 14 5 14 385 3
43.474 102.962 66.521 15 5 14 385 3
342.095 110.842 180.792 16 5 14 250 1
41.770 84.540 147.654 17 5 14 120 1
41.770 84.540 147.654 18 5 14 120 1
41.770 84.540 147.654 19 5 14 120 1
41.770 84.540 147.654 20 5 14 120 1
221.537 125.670 265.329 21 5 14 267 1
56.862 145.713 194.301 22 5 14 383 3
56.862 145.713 194.301 23 5 14 383 3
56.862 145.713 194.301 24 5 14 383 3
250.703 128.087 308.112 25 5 14 49 1
20.011 33.498 39.868 26 5 14 352 2
34.397 84.336 310.738 27 5 14 211 1
169.259 123.954 99.233 28 5 14 378 2
169.259 123.954 99.233 29 5 14 378 2
31.280 46.456 54.106 30 5 14 338 2
43.474 102.962 66.521 1 6 14 385 3
45.027 115.459 276.546 2 6 14 173 1
43.474 102.962 66.521 3 6 14 385 3
43.474 102.962 66.521 4 6 14 385 3
43.474 102.962 66.521 5 6 14 385 3
43.474 102.962 66.521 6 6 14 385 3
43.474 102.962 66.521 7 6 14 385 3
43.474 102.962 66.521 8 6 14 385 3
43.474 102.962 66.521 9 6 14 385 3
43.474 102.962 66.521 10 6 14 385 3
43.474 102.962 66.521 11 6 14 385 3
43.474 102.962 66.521 12 6 14 385 3
43.474 102.962 66.521 13 6 14 385 3
43.474 102.962 66.521 14 6 14 385 3
43.474 102.962 66.521 15 6 14 385 3
342.095 110.842 180.792 16 6 14 250 1
41.770 84.540 147.654 17 6 14 120 1
41.770 84.540 147.654 18 6 14 120 1
41.770 84.540 147.654 19 6 14 120 1
275.827 156.704 0.491 20 6 14 69 1
275.827 156.704 0.491 21 6 14 69 1
275.827 156.704 0.491 22 6 14 69 1
56.862 145.713 194.301 23 6 14 383 3
34.397 84.336 310.738 24 6 14 211 1
34.397 84.336 310.738 25 6 14 211 1
11.684 44.776 147.370 26 6 14 312 1
34.397 84.336 310.738 27 6 14 211 1
34.397 84.336 310.738 28 6 14 211 1
34.397 84.336 310.738 29 6 14 211 1
31.280 46.456 54.106 30 6 14 338 2
43.474 102.962 66.521 1 7 14 385 3
43.474 102.962 66.521 2 7 14 385 3
43.474 102.962 66.521 3 7 14 385 3
43.474 102.962 66.521 4 7 14 385 3
43.474 102.962 66.521 5 7 14 385 3
43.474 102.962 66.521 6 7 14 385 3
43.474 102.962 66.521 7 7 14 385 3
43.474 102.962 66.521 8 7 14 385 3
43.474 102.962 66.521 9 7 14 385 3
43.474 102.962 66.521 10 7 14 385 3
43.474 102.962 66.521 11 7 14 385 3
43.474 102.962 66.521 12 7 14 385 3
43.474 102.962 66.521 13 7 14 385 3
43.474 102.962 66.521 14 7 14 385 3
43.474 102.962 66.521 15 7 14 385 3
41.770 84.540 147.654 16 7 14 120 1
41.770 84.540 147.654 17 7 14 120 1
41.770 84.540 147.654 18 7 14 120 1
275.827 156.704 0.491 19 7 14 69 1
275.827 156.704 0.491 20 7 14 69 1
275.827 156.704 0.491 21 7 14 69 1
275.827 156.704 0.491 22 7 14 69 1
275.827 156.704 0.491 23 7 14 69 1
34.397 84.336 310.738 24 7 14 211 1
34.397 84.336 310.738 25 7 14 211 1
34.397 84.336 310.738 26 7 14 211 1
34.397 84.336 310.738 27 7 14 211 1
34.397 84.336 310.738 28 7 14 211 1
34.397 84.336 310.738 29 7 14 211 1
31.280 46.456 54.106 30 7 14 338 2
43.474 102.962 66.521 1 8 14 385 3
43.474 102.962 66.521 2 8 14 385 3
43.474 102.962 66.521 3 8 14 385 3
43.474 102.962 66.521 4 8 14 385 3
43.474 102.962 66.521 5 8 14 385 3
43.474 102.962 66.521 6 8 14 385 3
43.474 102.962 66.521 7 8 14 385 3
43.474 102.962 66.521 8 8 14 385 3
43.474 102.962 66.521 9 8 14 385 3
43.474 102.962 66.521 10 8 14 385 3
43.474 102.962 66.521 11 8 14 385 3
43.474 102.962 66.521 12 8 14 385 3
43.474 102.962 66.521 13 8 14 385 3
43.474 102.962 66.521 14 8 14 385 3
43.474 102.962 66.521 15 8 14 385 3
41.770 84.540 147.654 16 8 14 120 1
41.770 84.540 147.654 17 8 14 120 1
275.827 156.704 0.491 18 8 14 69 1
275.827 156.704 0.491 19 8 14 69 1
275.827 156.704 0.491 20 8 14 69 1
275.827 156.704 0.491 21 8 14 69 1
275.827 156.704 0.491 22 8 14 69 1
318.324 93.401 68.683 23 8 14 22 1
318.324 93.401 68.683 24 8 14 22 1
133.985 62.519 44.982 25 8 14 114 1
133.985 62.519 44.982 26 8 14 114 1
34.397 84.336 310.738 27 8 14 211 1
34.397 84.336 310.738 28 8 14 211 1
34.397 84.336 310.738 29 8 14 211 1
31.280 46.456 54.106 30 8 14 338 2
43.474 102.962 66.521 1 9 14 385 3
43.474 102.962 66.521 2 9 14 385 3
43.474 102.962 66.521 3 9 14 385 3
43.474 102.962 66.521 4 9 14 385 3
43.474 102.962 66.521 5 9 14 385 3
43.474 102.962 66.521 6 9 14 385 3
43.474 102.962 66.521 7 9 14 385 3
43.474 102.962 66.521 8 9 14 385 3
43.474 102.962 66.521 9 9 14 385 3
43.474 102.962 66.521 10 9 14 385 3
43.474 102.962 66.521 11 9 14 385 3
43.474 102.962 66.521 12 9 14 385 3
43.474 102.962 66.521 13 9 14 385 3
43.474 102.962 66.521 14 9 14 385 3
109.701 96.417 151.992 15 9 14 62 1
109.701 96.417 151.992 16 9 14 62 1
109.701 96.417 151.992 17 9 14 62 1
164.460 128.281 213.803 18 9 14 76 1
275.827 156.704 0.491 19 9 14 69 1
319.528 35.005 67.487 20 9 14 396 4
319.528 35.005 67.487 21 9 14 396 4
318.324 93.401 68.683 22 9 14 22 1
318.324 93.401 68.683 23 9 14 22 1
318.324 93.401 68.683 24 9 14 22 1
318.324 93.401 68.683 25 9 14 22 1
359.561 100.590 197.796 26 9 14 392 4
359.561 100.590 197.796 27 9 14 392 4
359.561 100.590 197.796 28 9 14 392 4
359.561 100.590 197.796 29 9 14 392 4
31.280 46.456 54.106 30 9 14 338 2
43.474 102.962 66.521 1 10 14 385 3
43.474 102.962 66.521 2 10 14 385 3
43.474 102.962 66.521 3 10 14 385 3
43.474 102.962 66.521 4 10 14 385 3
43.474 102.962 66.521 5 10 14 385 3
43.474 102.962 66.521 6 10 14 385 3
43.474 102.962 66.521 7 10 14 385 3
43.474 102.962 66.521 8 10 14 385 3
43.474 102.962 66.521 9 10 14 385 3
43.474 102.962 66.521 10 10 14 385 3
43.474 102.962 66.521 11 10 14 385 3
43.474 102.962 66.521 12 10 14 385 3
43.474 102.962 66.521 13 10 14 385 3
43.474 102.962 66.521 14 10 14 385 3
27.778 122.295 52.647 15 10 14 105 1
27.778 122.295 52.647 16 10 14 105 1
27.778 122.295 52.647 17 10 14 105 1
164.460 128.281 213.803 18 10 14 76 1
319.528 35.005 67.487 19 10 14 396 4
319.528 35.005 67.487 20 10 14 396 4
319.528 35.005 67.487 21 10 14 396 4
23.023 53.509 125.455 22 10 14 220 1
318.324 93.401 68.683 23 10 14 22 1
318.324 93.401 68.683 24 10 14 22 1
318.324 93.401 68.683 25 10 14 22 1
359.561 100.590 197.796 26 10 14 392 4
359.561 100.590 197.796 27 10 14 392 4
359.561 100.590 197.796 28 10 14 392 4
359.561 100.590 197.796 29 10 14 392 4
359.561 100.590 197.796 30 10 14 392 4
43.474 102.962 66.521 1 11 14 385 3
43.474 102.962 66.521 2 11 14 385 3
43.474 102.962 66.521 3 11 14 385 3
43.474 102.962 66.521 4 11 14 385 3
43.474 102.962 66.521 5 11 14 385 3
43.474 102.962 66.521 6 11 14 385 3
43.474 102.962 66.521 7 11 14 385 3
43.474 102.962 66.521 8 11 14 385 3
43.474 102.962 66.521 9 11 14 385 3
43.474 102.962 66.521 10 11 14 385 3
43.474 102.962 66.521 11 11 14 385 3
43.474 102.962 66.521 12 11 14 385 3
43.474 102.962 66.521 13 11 14 385 3
63.436 76.263 199.941 14 11 14 11 1
27.778 122.295 52.647 15 11 14 105 1
27.778 122.295 52.647 16 11 14 105 1
319.528 35.005 67.487 17 11 14 396 4
319.528 35.005 67.487 18 11 14 396 4
319.528 35.005 67.487 19 11 14 396 4
319.528 35.005 67.487 20 11 14 396 4
319.528 35.005 67.487 21 11 14 396 4
319.528 35.005 67.487 22 11 14 396 4
319.528 35.005 67.487 23 11 14 396 4
318.324 93.401 68.683 24 11 14 22 1
318.324 93.401 68.683 25 11 14 22 1
359.561 100.590 197.796 26 11 14 392 4
359.561 100.590 197.796 27 11 14 392 4
359.561 100.590 197.796 28 11 14 392 4
359.561 100.590 197.796 29 11 14 392 4
359.561 100.590 197.796 30 11 14 392 4
43.474 102.962 66.521 1 12 14 385 3
43.474 102.962 66.521 2 12 14 385 3
43.474 102.962 66.521 3 12 14 385 3
43.474 102.962 66.521 4 12 14 385 3
43.474 102.962 66.521 5 12 14 385 3
43.474 102.962 66.521 6 12 14 385 3
43.474 102.962 66.521 7 12 14 385 3
43.474 102.962 66.521 8 12 14 385 3
43.474 102.962 66.521 9 12 14 385 3
43.474 102.962 66.521 10 12 14 385 3
43.474 102.962 66.521 11 12 14 385 3
43.474 102.962 66.521 12 12 14 385 3
43.474 102.962 66.521 13 12 14 385 3
63.436 76.263 199.941 14 12 14 11 1
27.778 122.295 52.647 15 12 14 105 1
319.528 35.005 67.487 16 12 14 396 4
319.528 35.005 67.487 17 12 14 396 4
319.528 35.005 67.487 18 12 14 396 4
319.528 35.005 67.487 19 12 14 396 4
338.629 63.498 317.995 20 12 14 259 1
319.528 35.005 67.487 21 12 14 396 4
319.528 35.005 67.487 22 12 14 396 4
319.528 35.005 67.487 23 12 14 396 4
319.528 35.005 67.487 24 12 14 396 4
359.561 100.590 197.796 25 12 14 392 4
359.561 100.590 197.796 26 12 14 392 4
359.561 100.590 197.796 27 12 14 392 4
359.561 100.590 197.796 28 12 14 392 4
359.561 100.590 197.796 29 12 14 392 4
359.561 100.590 197.796 30 12 14 392 4
43.474 102.962 66.521 1 13 14 385 3
43.474 102.962 66.521 2 13 14 385 3
43.474 102.962 66.521 3 13 14 385 3
43.474 102.962 66.521 4 13 14 385 3
43.474 102.962 66.521 5 13 14 385 3
43.474 102.962 66.521 6 13 14 385 3
43.474 102.962 66.521 7 13 14 385 3
43.474 102.962 66.521 8 13 14 385 3
43.474 102.962 66.521 9 13 14 385 3
43.474 102.962 66.521 10 13 14 385 3
43.474 102.962 66.521 11 13 14 385 3
43.474 102.962 66.521 12 13 14 385 3
43.474 102.962 66.521 13 13 14 385 3
319.528 35.005 67.487 14 13 14 396 4
319.528 35.005 67.487 15 13 14 396 4
319.528 35.005 67.487 16 13 14 396 4
319.528 35.005 67.487 17 13 14 396 4
319.528 35.005 67.487 18 13 14 396 4
319.528 35.005 67.487 19 13 14 396 4
319.528 35.005 67.487 20 13 14 396 4
163.165 42.768 324.121 21 13 14 329 2
319.528 35.005 67.487 22 13 14 396 4
319.528 35.005 67.487 23 13 14 396 4
319.528 35.005 67.487 24 13 14 396 4
359.561 100.590 197.796 25 13 14 392 4
359.561 100.590 197.796 26 13 14 392 4
359.561 100.590 197.796 27 13 14 392 4
359.561 100.590 197.796 28 13 14 392 4
359.561 100.590 197.796 29 13 14 392 4
359.561 100.590 197.796 30 13 14 392 4
43.474 102.962 66.521 1 14 14 385 3
43.474 102.962 66.521 2 14 14 385 3
43.474 102.962 66.521 3 14 14 385 3
43.474 102.962 66.521 4 14 14 385 3
43.474 102.962 66.521 5 14 14 385 3
43.474 102.962 66.521 6 14 14 385 3
43.474 102.962 66.521 7 14 14 385 3
43.474 102.962 66.521 8 14 14 385 3
43.474 102.962 66.521 9 14 14 385 3
43.474 102.962 66.521 10 14 14 385 3
43.474 102.962 66.521 11 14 14 385 3
43.474 102.962 66.521 12 14 14 385 3
43.474 102.962 66.521 13 14 14 385 3
319.528 35.005 67.487 14 14 14 396 4
319.528 35.005 67.487 15 14 14 396 4
319.528 35.005 67.487 16 14 14 396 4
319.528 35.005 67.487 17 14 14 396 4
319.528 35.005 67.487 18 14 14 396 4
319.528 35.005 67.487 19 14 14 396 4
319.528 35.005 67.487 20 14 14 396 4
319.528 35.005 67.487 21 14 14 396 4
319.528 35.005 67.487 22 14 14 396 4
319.528 35.005 67.487 23 14 14 396 4
24.325 141.799 186.694 24 14 14 96 1
81.028 159.241 359.101 25 14 14 256 1
359.561 100.590 197.796 26 14 14 392 4
359.561 100.590 197.796 27 14 14 392 4
359.561 100.590 197.796 28 14 14 392 4
359.561 100.590 197.796 29 14 14 392 4
359.561 100.590 197.796 30 14 14 392 4
43.474 102.962 66.521 1 15 14 385 3
43.474 102.962 66.521 2 15 14 385 3
43.474 102.962 66.521 3 15 14 385 3
43.474 102.962 66.521 4 15 14 385 3
43.474 102.962 66.521 5 15 14 385 3
43.474 102.962 66.521 6 15 14 385 3
43.474 102.962 66.521 7 15 14 385 3
43.474 102.962 66.521 8 15 14 385 3
43.474 102.962 66.521 9 15 14 385 3
43.474 102.962 66.521 10 15 14 385 3
43.474 102.962 66.521 11 15 14 385 3
106.032 144.724 202.766 12 15 14 443 2
106.032 144.724 202.766 13 15 14 443 2
319.528 35.005 67.487 14 15 14 396 4
319.528 35.005 67.487 15 15 14 396 4
319.528 35.005 67.487 16 15 14 396 4
319.528 35.005 67.487 17 15 14 396 4
319.528 35.005 67.487 18 15 14 396 4
319.528 35.005 67.487 19 15 14 396 4
261.657 161.086 287.710 20 15 14 289 1
319.528 35.005 67.487 21 15 14 396 4
319.528 35.005 67.487 22 15 14 396 4
319.528 35.005 67.487 23 15 14 396 4
359.561 100.590 197.796 24 15 14 392 4
359.561 100.590 197.796 25 15 14 392 4
359.561 100.590 197.796 26 15 14 392 4
359.561 100.590 197.796 27 15 14 392 4
359.561 100.590 197.796 28 15 14 392 4
359.561 100.590 197.796 29 15 14 392 4
359.561 100.590 197.796 30 15 14 392 4
43.474 102.962 66.521 1 16 14 385 3
43.474 102.962 66.521 2 16 14 385 3
43.474 102.962 66.521 3 16 14 385 3
43.474 102.962 66.521 4 16 14 385 3
43.474 102.962 66.521 5 16 14 385 3
43.474 102.962 66.521 6 16 14 385 3
43.474 102.962 66.521 7 16 14 385 3
43.474 102.962 66.521 8 16 14 385 3
43.474 102.962 66.521 9 16 14 385 3
328.793 61.629 29.945 10 16 14 81 1
106.032 144.724 202.766 11 16 14 443 2
106.032 144.724 202.766 12 16 14 443 2
106.032 144.724 202.766 13 16 14 443 2
234.315 122.405 215.560 14 16 14 297 1
319.528 35.005 67.487 15 16 14 396 4
319.528 35.005 67.487 16 16 14 396 4
319.528 35.005 67.487 17 16 14 396 4
319.528 35.005 67.487 18 16 14 396 4
319.528 35.005 67.487 19 16 14 396 4
261.657 161.086 287.710 20 16 14 289 1
319.528 35.005 67.487 21 16 14 396 4
319.528 35.005 67.487 22 16 14 396 4
187.242 41.142 139.857 23 16 14 395 4
52.938 79.583 322.765 24 16 14 377 2
359.561 100.590 197.796 25 16 14 392 4
359.561 100.590 197.796 26 16 14 392 4
359.561 100.590 197.796 27 16 14 392 4
359.561 100.590 197.796 28 16 14 392 4
359.561 100.590 197.796 29 16 14 392 4
359.561 100.590 197.796 30 16 14 392 4
43.474 102.962 66.521 1 17 14 385 3
43.474 102.962 66.521 2 17 14 385 3
43.474 102.962 66.521 3 17 14 385 3
43.474 102.962 66.521 4 17 14 385 3
43.474 102.962 66.521 5 17 14 385 3
43.474 102.962 66.521 6 17 14 385 3
43.474 102.962 66.521 7 17 14 385 3
43.474 102.962 66.521 8 17 14 385 3
43.474 102.962 66.521 9 17 14 385 3
43.474 102.962 66.521 10 17 14 385 3
106.032 144.724 202.766 11 17 14 443 2
106.032 144.724 202.766 12 17 14 443 2
121.201 115.638 284.676 13 17 14 424 1
319.528 35.005 67.487 14 17 14 396 4
319.528 35.005 67.487 15 17 14 396 4
319.528 35.005 67.487 16 17 14 396 4
319.528 35.005 67.487 17 17 14 396 4
319.528 35.005 67.487 18 17 14 396 4
319.528 35.005 67.487 19 17 14 396 4
319.528 35.005 67.487 20 17 14 396 4
42.877 59.954 46.209 21 17 14 162 1
319.528 35.005 67.487 22 17 14 396 4
187.242 41.142 139.857 23 17 14 395 4
187.242 41.142 139.857 24 17 14 395 4
359.561 100.590 197.796 25 17 14 392 4
359.561 100.590 197.796 26 17 14 392 4
359.561 100.590 197.796 27 17 14 392 4
359.561 100.590 197.796 28 17 14 392 4
359.561 100.590 197.796 29 17 14 392 4
359.561 100.590 197.796 30 17 14 392 4
201.180 88.891 17.695 1 18 14 353 2
201.180 88.891 17.695 2 18 14 353 2
201.180 88.891 17.695 3 18 14 353 2
43.474 102.962 66.521 4 18 14 385 3
43.474 102.962 66.521 5 18 14 385 3
43.474 102.962 66.521 6 18 14 385 3
43.474 102.962 66.521 7 18 14 385 3
43.474 102.962 66.521 8 18 14 385 3
43.474 102.962 66.521 9 18 14 385 3
43.474 102.962 66.521 10 18 14 385 3
106.032 144.724 202.766 11 18 14 443 2
319.528 35.005 67.487 12 18 14 396 4
121.201 115.638 284.676 13 18 14 424 1
121.201 115.638 284.676 14 18 14 424 1
319.528 35.005 67.487 15 18 14 396 4
319.528 35.005 67.487 16 18 14 396 4
319.528 35.005 67.487 17 18 14 396 4
319.528 35.005 67.487 18 18 14 396 4
319.528 35.005 67.487 19 18 14 396 4
319.528 35.005 67.487 20 18 14 396 4
56.647 158.701 232.232 21 18 14 253 1
56.647 158.701 232.232 22 18 14 253 1
56.647 158.701 232.232 23 18 14 253 1
187.242 41.142 139.857 24 18 14 395 4
359.561 100.590 197.796 25 18 14 392 4
359.561 100.590 197.796 26 18 14 392 4
359.561 100.590 197.796 27 18 14 392 4
359.561 100.590 197.796 28 18 14 392 4
359.561 100.590 197.796 29 18 14 392 4
359.561 100.590 197.796 30 18 14 392 4
201.180 88.891 17.695 1 19 14 353 2
201.180 88.891 17.695 2 19 14 353 2
201.180 88.891 17.695 3 19 14 353 2
201.180 88.891 17.695 4 19 14 353 2
43.474 102.962 66.521 5 19 14 385 3
43.474 102.962 66.521 6 19 14 385 3
43.474 102.962 66.521 7 19 14 385 3
43.474 102.962 66.521 8 19 14 385 3
43.474 102.962 66.521 9 19 14 385 3
319.528 35.005 67.487 10 19 14 396 4
319.528 35.005 67.487 11 19 14 396 4
319.528 35.005 67.487 12 19 14 396 4
121.201 115.638 284.676 13 19 14 424 1
319.528 35.005 67.487 14 19 14 396 4
319.528 35.005 67.487 15 19 14 396 4
225.085 51.695 27.715 16 19 14 403 1
319.528 35.005 67.487 17 19 14 396 4
319.528 35.005 67.487 18 19 14 396 4
319.528 35.005 67.487 19 19 14 396 4
319.528 35.005 67.487 20 19 14 396 4
319.528 35.005 67.487 21 19 14 396 4
187.242 41.142 139.857 22 19 14 395 4
187.242 41.142 139.857 23 19 14 395 4
187.242 41.142 139.857 24 19 14 395 4
359.561 100.590 197.796 25 19 14 392 4
359.561 100.590 197.796 26 19 14 392 4
359.561 100.590 197.796 27 19 14 392 4
359.561 100.590 197.796 28 19 14 392 4
359.561 100.590 197.796 29 19 14 392 4
359.561 100.590 197.796 30 19 14 392 4
201.180 88.891 17.695 1 20 14 353 2
201.180 88.891 17.695 2 20 14 353 2
201.180 88.891 17.695 3 20 14 353 2
201.180 88.891 17.695 4 20 14 353 2
201.180 88.891 17.695 5 20 14 353 2
43.474 102.962 66.521 6 20 14 385 3
43.474 102.962 66.521 7 20 14 385 3
336.357 104.932 333.975 8 20 14 393 4
336.357 104.932 333.975 9 20 14 393 4
319.528 35.005 67.487 10 20 14 396 4
319.528 35.005 67.487 11 20 14 396 4
319.528 35.005 67.487 12 20 14 396 4
319.528 35.005 67.487 13 20 14 396 4
319.528 35.005 67.487 14 20 14 396 4
319.528 35.005 67.487 15 20 14 396 4
225.085 51.695 27.715 16 20 14 403 1
319.528 35.005 67.487 17 20 14 396 4
22.384 124.693 81.122 18 20 14 43 1
319.528 35.005 67.487 19 20 14 396 4
319.528 35.005 67.487 20 20 14 396 4
187.242 41.142 139.857 21 20 14 395 4
187.242 41.142 139.857 22 20 14 395 4
187.242 41.142 139.857 23 20 14 395 4
187.242 41.142 139.857 24 20 14 395 4
359.561 100.590 197.796 25 20 14 392 4
359.561 100.590 197.796 26 20 14 392 4
359.561 100.590 197.796 27 20 14 392 4
359.561 100.590 197.796 28 20 14 392 4
359.561 100.590 197.796 29 20 14 392 4
359.561 100.590 197.796 30 20 14 392 4
201.180 88.891 17.695 1 21 14 353 2
201.180 88.891 17.695 2 21 14 353 2
201.180 88.891 17.695 3 21 14 353 2
201.180 88.891 17.695 4 21 14 353 2
201.180 88.891 17.695 5 21 14 353 2
336.357 104.932 333.975 6 21 14 393 4
336.357 104.932 333.975 7 21 14 393 4
336.357 104.932 333.975 8 21 14 393 4
336.357 104.932 333.975 9 21 14 393 4
319.528 35.005 67.487 10 21 14 396 4
319.528 35.005 67.487 11 21 14 396 4
319.528 35.005 67.487 12 21 14 396 4
319.528 35.005 67.487 13 21 14 396 4
319.528 35.005 67.487 14 21 14 396 4
319.528 35.005 67.487 15 21 14 396 4
225.085 51.695 27.715 16 21 14 403 1
319.528 35.005 67.487 17 21 14 396 4
319.528 35.005 67.487 18 21 14 396 4
319.528 35.005 67.487 19 21 14 396 4
319.528 35.005 67.487 20 21 14 396 4
187.242 41.142 139.857 21 21 14 395 4
187.242 41.142 139.857 22 21 14 395 4
187.242 41.142 139.857 23 21 14 395 4
187.242 41.142 139.857 24 21 14 395 4
359.561 100.590 197.796 25 21 14 392 4
359.561 100.590 197.796 26 21 14 392 4
359.561 100.590 197.796 27 21 14 392 4
359.561 100.590 197.796 28 21 14 392 4
359.561 100.590 197.796 29 21 14 392 4
359.561 100.590 197.796 30 21 14 392 4
201.180 88.891 17.695 1 22 14 353 2
201.180 88.891 17.695 2 22 14 353 2
201.180 88.891 17.695 3 22 14 353 2
201.180 88.891 17.695 4 22 14 353 2
201.180 88.891 17.695 5 22 14 353 2
336.357 104.932 333.975 6 22 14 393 4
336.357 104.932 333.975 7 22 14 393 4
336.357 104.932 333.975 8 22 14 393 4
336.357 104.932 333.975 9 22 14 393 4
336.357 104.932 333.975 10 22 14 393 4
319.528 35.005 67.487 11 22 14 396 4
319.528 35.005 67.487 12 22 14 396 4
319.528 35.005 67.487 13 22 14 396 4
319.528 35.005 67.487 14 22 14 396 4
319.528 35.005 67.487 15 22 14 396 4
319.528 35.005 67.487 16 22 14 396 4
319.528 35.005 67.487 17 22 14 396 4
319.528 35.005 67.487 18 22 14 396 4
319.528 35.005 67.487 19 22 14 396 4
319.528 35.005 67.487 20 22 14 396 4
187.242 41.142 139.857 21 22 14 395 4
187.242 41.142 139.857 22 22 14 395 4
187.242 41.142 139.857 23 22 14 395 4
187.242 41.142 139.857 24 22 14 395 4
359.561 100.590 197.796 25 22 14 392 4
359.561 100.590 197.796 26 22 14 392 4
359.561 100.590 197.796 27 22 14 392 4
359.561 100.590 197.796 28 22 14 392 4
359.561 100.590 197.796 29 22 14 392 4
359.561 100.590 197.796 30 22 14 392 4
201.180 88.891 17.695 1 23 14 353 2
201.180 88.891 17.695 2 23 14 353 2
201.180 88.891 17.695 3 23 14 353 2
201.180 88.891 17.695 4 23 14 353 2
336.357 104.932 333.975 5 23 14 393 4
336.357 104.932 333.975 6 23 14 393 4
336.357 104.932 333.975 7 23 14 393 4
336.357 104.932 333.975 8 23 14 393 4
336.357 104.932 333.975 9 23 14 393 4
336.357 104.932 333.975 10 23 14 393 4
319.528 35.005 67.487 11 23 14 396 4
319.528 35.005 67.487 12 23 14 396 4
319.528 35.005 67.487 13 23 14 396 4
319.528 35.005 67.487 14 23 14 396 4
319.528 35.005 67.487 15 23 14 396 4
144.197 90.662 46.428 16 23 14 251 1
319.528 35.005 67.487 17 23 14 396 4
319.528 35.005 67.487 18 23 14 396 4
319.528 35.005 67.487 19 23 14 396 4
319.528 35.005 67.487 20 23 14 396 4
187.242 41.142 139.857 21 23 14 395 4
187.242 41.142 139.857 22 23 14 395 4
187.242 41.142 139.857 23 23 14 395 4
187.242 41.142 139.857 24 23 14 395 4
359.561 100.590 197.796 25 23 14 392 4
359.561 100.590 197.796 26 23 14 392 4
359.561 100.590 197.796 27 23 14 392 4
359.561 100.590 197.796 28 23 14 392 4
359.561 100.590 197.796 29 23 14 392 4
359.561 100.590 197.796 30 23 14 392 4
336.357 104.932 333.975 1 24 14 393 4
336.357 104.932 333.975 2 24 14 393 4
336.357 104.932 333.975 3 24 14 393 4
336.357 104.932 333.975 4 24 14 393 4
336.357 104.932 333.975 5 24 14 393 4
336.357 104.932 333.975 6 24 14 393 4
336.357 104.932 333.975 7 24 14 393 4
336.357 104.932 333.975 8 24 14 393 4
336.357 104.932 333.975 9 24 14 393 4
336.357 104.932 333.975 10 24 14 393 4
319.528 35.005 67.487 11 24 14 396 4
319.528 35.005 67.487 12 24 14 396 4
319.528 35.005 67.487 13 24 14 396 4
67.649 92.196 357.414 14 24 14 314 1
144.197 90.662 46.428 15 24 14 251 1
144.197 90.662 46.428 16 24 14 251 1
144.197 90.662 46.428 17 24 14 251 1
319.528 35.005 67.487 18 24 14 396 4
319.528 35.005 67.487 19 24 14 396 4
319.528 35.005 67.487 20 24 14 396 4
187.242 41.142 139.857 21 24 14 395 4
187.242 41.142 139.857 22 24 14 395 4
187.242 41.142 139.857 23 24 14 395 4
359.561 100.590 197.796 24 24 14 392 4
359.561 100.590 197.796 25 24 14 392 4
359.561 100.590 197.796 26 24 14 392 4
359.561 100.590 197.796 27 24 14 392 4
359.561 100.590 197.796 28 24 14 392 4
359.561 100.590 197.796 29 24 14 392 4
359.561 100.590 197.796 30 24 14 392 4
336.357 104.932 333.975 1 25 14 393 4
336.357 104.932 333.975 2 25 14 393 4
336.357 104.932 333.975 3 25 14 393 4
336.357 104.932 333.975 4 25 14 393 4
336.357 104.932 333.975 5 25 14 393 4
336.357 104.932 333.975 6 25 14 393 4
336.357 104.932 333.975 7 25 14 393 4
336.357 104.932 333.975 8 25 14 393 4
336.357 104.932 333.975 9 25 14 393 4
336.357 104.932 333.975 10 25 14 393 4
336.357 104.932 333.975 11 25 14 393 4
319.528 35.005 67.487 12 25 14 396 4
319.528 35.005 67.487 13 25 14 396 4
319.528 35.005 67.487 14 25 14 396 4
319.528 35.005 67.487 15 25 14 396 4
144.197 90.662 46.428 16 25 14 251 1
144.197 90.662 46.428 17 25 14 251 1
319.528 35.005 67.487 18 25 14 396 4
319.528 35.005 67.487 19 25 14 396 4
180.048 11.177 135.539 20 25 14 301 1
180.048 11.177 135.539 21 25 14 301 1
114.635 25.573 139.375 22 25 14 248 1
187.242 41.142 139.857 23 25 14 395 4
359.561 100.590 197.796 24 25 14 392 4
359.561 100.590 197.796 25 25 14 392 4
359.561 100.590 197.796 26 25 14 392 4
359.561 100.590 197.796 27 25 14 392 4
359.561 100.590 197.796 28 25 14 392 4
359.561 100.590 197.796 29 25 14 392 4
359.561 100.590 197.796 30 25 14 392 4
336.357 104.932 333.975 1 26 14 393 4
336.357 104.932 333.975 2 26 14 393 4
336.357 104.932 333.975 3 26 14 393 4
336.357 104.932 333.975 4 26 14 393 4
336.357 104.932 333.975 5 26 14 393 4
222.980 52.506 275.560 6 26 14 215 1
336.357 104.932 333.975 7 26 14 393 4
336.357 104.932 333.975 8 26 14 393 4
336.357 104.932 333.975 9 26 14 393 4
336.357 104.932 333.975 10 26 14 393 4
336.357 104.932 333.975 11 26 14 393 4
319.528 35.005 67.487 12 26 14 396 4
319.528 35.005 67.487 13 26 14 396 4
220.767 38.152 307.315 14 26 14 155 1
319.528 35.005 67.487 15 26 14 396 4
144.197 90.662 46.428 16 26 14 251 1
319.528 35.005 67.487 17 26 14 396 4
319.528 35.005 67.487 18 26 14 396 4
180.048 11.177 135.539 19 26 14 301 1
180.048 11.177 135.539 20 26 14 301 1
180.048 11.177 135.539 21 26 14 301 1
114.635 25.573 139.375 22 26 14 248 1
187.800 115.771 316.877 23 26 14 204 1
359.561 100.590 197.796 24 26 14 392 4
359.561 100.590 197.796 25 26 14 392 4
359.561 100.590 197.796 26 26 14 392 4
359.561 100.590 197.796 27 26 14 392 4
359.561 100.590 197.796 28 26 14 392 4
359.561 100.590 197.796 29 26 14 392 4
359.561 100.590 197.796 30 26 14 392 4
336.357 104.932 333.975 1 27 14 393 4
336.357 104.932 333.975 2 27 14 393 4
336.357 104.932 333.975 3 27 14 393 4
336.357 104.932 333.975 4 27 14 393 4
336.357 104.932 333.975 5 27 14 393 4
336.357 104.932 333.975 6 27 14 393 4
336.357 104.932 333.975 7 27 14 393 4
336.357 104.932 333.975 8 27 14 393 4
336.357 104.932 333.975 9 27 14 393 4
336.357 104.932 333.975 10 27 14 393 4
336.357 104.932 333.975 11 27 14 393 4
319.528 35.005 67.487 12 27 14 396 4
319.528 35.005 67.487 13 27 14 396 4
319.528 35.005 67.487 14 27 14 396 4
319.528 35.005 67.487 15 27 14 396 4
319.528 35.005 67.487 16 27 14 396 4
69.093 87.635 337.483 17 27 14 351 2
69.093 87.635 337.483 18 27 14 351 2
180.048 11.177 135.539 19 27 14 301 1
180.048 11.177 135.539 20 27 14 301 1
180.048 11.177 135.539 21 27 14 301 1
180.048 11.177 135.539 22 27 14 301 1
180.048 11.177 135.539 23 27 14 301 1
317.556 42.279 30.935 24 27 14 31 1
359.561 100.590 197.796 25 27 14 392 4
359.561 100.590 197.796 26 27 14 392 4
359.561 100.590 197.796 27 27 14 392 4
359.561 100.590 197.796 28 27 14 392 4
359.561 100.590 197.796 29 27 14 392 4
359.561 100.590 197.796 30 27 14 392 4
336.357 104.932 333.975 1 28 14 393 4
336.357 104.932 333.975 2 28 14 393 4
336.357 104.932 333.975 3 28 14 393 4
336.357 104.932 333.975 4 28 14 393 4
336.357 104.932 333.975 5 28 14 393 4
336.357 104.932 333.975 6 28 14 393 4
336.357 104.932 333.975 7 28 14 393 4
336.357 104.932 333.975 8 28 14 393 4
336.357 104.932 333.975 9 28 14 393 4
258.623 86.439 96.119 10 28 14 8 1
336.357 104.932 333.975 11 28 14 393 4
336.357 104.932 333.975 12 28 14 393 4
319.528 35.005 67.487 13 28 14 396 4
319.528 35.005 67.487 14 28 14 396 4
319.528 35.005 67.487 15 28 14 396 4
69.093 87.635 337.483 16 28 14 351 2
69.093 87.635 337.483 17 28 14 351 2
69.093 87.635 337.483 18 28 14 351 2
69.093 87.635 337.483 19 28 14 351 2
180.048 11.177 135.539 20 28 14 301 1
180.048 11.177 135.539 21 28 14 301 1
180.048 11.177 135.539 22 28 14 301 1
180.048 11.177 135.539 23 28 14 301 1
317.556 42.279 30.935 24 28 14 31 1
359.561 100.590 197.796 25 28 14 392 4
359.561 100.590 197.796 26 28 14 392 4
359.561 100.590 197.796 27 28 14 392 4
359.561 100.590 197.796 28 28 14 392 4
359.561 100.590 197.796 29 28 14 392 4
326.513 54.738 221.404 30 28 14 349 2
336.357 104.932 333.975 1 29 14 393 4
336.357 104.932 333.975 2 29 14 393 4
336.357 104.932 333.975 3 29 14 393 4
336.357 104.932 333.975 4 29 14 393 4
336.357 104.932 333.975 5 29 14 393 4
336.357 104.932 333.975 6 29 14 393 4
336.357 104.932 333.975 7 29 14 393 4
336.357 104.932 333.975 8 29 14 393 4
336.357 104.932 333.975 9 29 14 393 4
336.357 104.932 333.975 10 29 14 393 4
336.357 104.932 333.975 11 29 14 393 4
336.357 104.932 333.975 12 29 14 393 4
319.528 35.005 67.487 13 29 14 396 4
319.528 35.005 67.487 14 29 14 396 4
69.093 87.635 337.483 15 29 14 351 2
69.093 87.635 337.483 16 29 14 351 2
69.093 87.635 337.483 17 29 14 351 2
69.093 87.635 337.483 18 29 14 351 2
69.093 87.635 337.483 19 29 14 351 2
180.048 11.177 135.539 20 29 14 301 1
180.048 11.177 135.539 21 29 14 301 1
180.048 11.177 135.539 22 29 14 301 1
317.556 42.279 30.935 23 29 14 31 1
317.556 42.279 30.935 24 29 14 31 1
317.556 42.279 30.935 25 29 14 31 1
359.561 100.590 197.796 26 29 14 392 4
359.561 100.590 197.796 27 29 14 392 4
359.561 100.590 197.796 28 29 14 392 4
359.561 100.590 197.796 29 29 14 392 4
326.513 54.738 221.404 30 29 14 349 2
336.357 104.932 333.975 1 30 14 393 4
336.357 104.932 333.975 2 30 14 393 4
336.357 104.932 333.975 3 30 14 393 4
336.357 104.932 333.975 4 30 14 393 4
336.357 104.932 333.975 5 30 14 393 4
336.357 104.932 333.975 6 30 14 393 4
336.357 104.932 333.975 7 30 14 393 4
336.357 104.932 333.975 8 30 14 393 4
336.357 104.932 333.975 9 30 14 393 4
336.357 104.932 333.975 10 30 14 393 4
336.357 104.932 333.975 11 30 14 393 4
336.357 104.932 333.975 12 30 14 393 4
319.528 35.005 67.487 13 30 14 396 4
319.528 35.005 67.487 14 30 14 396 4
319.528 35.005 67.487 15 30 14 396 4
69.093 87.635 337.483 16 30 14 351 2
69.093 87.635 337.483 17 30 14 351 2
69.093 87.635 337.483 18 30 14 351 2
132.303 84.087 215.660 19 30 14 41 1
132.303 84.087 215.660 20 30 14 41 1
132.303 84.087 215.660 21 30 14 41 1
317.556 42.279 30.935 22 30 14 31 1
317.556 42.279 30.935 23 30 14 31 1
317.556 42.279 30.935 24 30 14 31 1
317.556 42.279 30.935 25 30 14 31 1
359.561 100.590 197.796 26 30 14 392 4
359.561 100.590 197.796 27 30 14 392 4
116.462 131.967 180.882 28 30 14 176 1
98.412 110.738 236.188 29 30 14 307 1
326.513 54.738 221.404 30 30 14 349 2
