43.474 102.962 66.521 1 1 17 385 3
43.474 102.962 66.521 2 1 17 385 3
43.474 102.962 66.521 3 1 17 385 3
43.474 102.962 66.521 4 1 17 385 3
43.474 102.962 66.521 5 1 17 385 3
43.474 102.962 66.521 6 1 17 385 3
43.474 102.962 66.521 7 1 17 385 3
43.474 102.962 66.521 8 1 17 385 3
43.474 102.962 66.521 9 1 17 385 3
43.474 102.962 66.521 10 1 17 385 3
43.474 102.962 66.521 11 1 17 385 3
43.474 102.962 66.521 12 1 17 385 3
43.474 102.962 66.521 13 1 17 385 3
43.474 102.962 66.521 14 1 17 385 3
43.474 102.962 66.521 15 1 17 385 3
43.474 102.962 66.521 16 1 17 385 3
64.172 33.188 69.813 17 1 17 387 4
64.172 33.188 69.813 18 1 17 387 4
46.144 91.644 311.474 19 1 17 366 2
46.144 91.644 311.474 20 1 17 366 2
46.144 91.644 311.474 21 1 17 366 2
46.144 91.644 311.474 22 1 17 366 2
56.862 145.713 194.301 23 1 17 383 3
56.862 145.713 194.301 24 1 17 383 3
56.862 145.713 194.301 25 1 17 383 3
56.862 145.713 194.301 26 1 17 383 3
56.862 145.713 194.301 27 1 17 383 3
56.862 145.713 194.301 28 1 17 383 3
169.259 123.954 99.233 29 1 17 378 2
169.259 123.954 99.233 30 1 17 378 2
43.474 102.962 66.521 1 2 17 385 3
43.474 102.962 66.521 2 2 17 385 3
43.474 102.962 66.521 3 2 17 385 3
43.474 102.962 66.521 4 2 17 385 3
43.474 102.962 66.521 5 2 17 385 3
43.474 102.962 66.521 6 2 17 385 3
43.474 102.962 66.521 7 2 17 385 3
43.474 102.962 66.521 8 2 17 385 3
43.474 102.962 66.521 9 2 17 385 3
43.474 102.962 66.521 10 2 17 385 3
43.474 102.962 66.521 11 2 17 385 3
37.511 48.327 351.373 12 2 17 421 1
43.474 102.962 66.521 13 2 17 385 3
43.474 102.962 66.521 14 2 17 385 3
43.474 102.962 66.521 15 2 17 385 3
64.172 33.188 69.813 16 2 17 387 4
64.172 33.188 69.813 17 2 17 387 4
64.172 33.188 69.813 18 2 17 387 4
64.172 33.188 69.813 19 2 17 387 4
46.144 91.644 311.474 20 2 17 366 2
46.144 91.644 311.474 21 2 17 366 2
46.144 91.644 311.474 22 2 17 366 2
56.862 145.713 194.301 23 2 17 383 3
56.862 145.713 194.301 24 2 17 383 3
56.862 145.713 194.301 25 2 17 383 3
56.862 145.713 194.301 26 2 17 383 3
56.862 145.713 194.301 27 2 17 383 3
169.259 123.954 99.233 28 2 17 378 2
169.259 123.954 99.233 29 2 17 378 2
169.259 123.954 99.233 30 2 17 378 2
43.474 102.962 66.521 1 3 17 385 3
43.474 102.962 66.521 2 3 17 385 3
43.474 102.962 66.521 3 3 17 385 3
43.474 102.962 66.521 4 3 17 385 3
43.474 102.962 66.521 5 3 17 385 3
43.474 102.962 66.521 6 3 17 385 3
43.474 102.962 66.521 7 3 17 385 3
43.474 102.962 66.521 8 3 17 385 3
43.474 102.962 66.521 9 3 17 385 3
43.474 102.962 66.521 10 3 17 385 3
43.474 102.962 66.521 11 3 17 385 3
43.474 102.962 66.521 12 3 17 385 3
43.474 102.962 66.521 13 3 17 385 3
43.474 102.962 66.521 14 3 17 385 3
43.474 102.962 66.521 15 3 17 385 3
64.172 33.188 69.813 16 3 17 387 4
64.172 33.188 69.813 17 3 17 387 4
64.172 33.188 69.813 18 3 17 387 4
64.172 33.188 69.813 19 3 17 387 4
64.172 33.188 69.813 20 3 17 387 4
46.144 91.644 311.474 21 3 17 366 2
46.144 91.644 311.474 22 3 17 366 2
46.144 91.644 311.474 23 3 17 366 2
56.862 145.713 194.301 24 3 17 383 3
56.862 145.713 194.301 25 3 17 383 3
56.862 145.713 194.301 26 3 17 383 3
169.259 123.954 99.233 27 3 17 378 2
169.259 123.954 99.233 28 3 17 378 2
169.259 123.954 99.233 29 3 17 378 2
169.259 123.954 99.233 30 3 17 378 2
43.474 102.962 66.521 1 4 17 385 3
43.474 102.962 66.521 2 4 17 385 3
43.474 102.962 66.521 3 4 17 385 3
43.474 102.962 66.521 4 4 17 385 3
43.474 102.962 66.521 5 4 17 385 3
43.474 102.962 66.521 6 4 17 385 3
43.474 102.962 66.521 7 4 17 385 3
43.474 102.962 66.521 8 4 17 385 3
43.474 102.962 66.521 9 4 17 385 3
43.474 102.962 66.521 10 4 17 385 3
43.474 102.962 66.521 11 4 17 385 3
43.474 102.962 66.521 12 4 17 385 3
43.474 102.962 66.521 13 4 17 385 3
43.474 102.962 66.521 14 4 17 385 3
184.010 151.882 14.434 15 4 17 185 1
64.172 33.188 69.813 16 4 17 387 4
64.172 33.188 69.813 17 4 17 387 4
64.172 33.188 69.813 18 4 17 387 4
64.172 33.188 69.813 19 4 17 387 4
152.520 96.334 194.915 20 4 17 53 1
46.144 91.644 311.474 21 4 17 366 2
46.144 91.644 311.474 22 4 17 366 2
46.144 91.644 311.474 23 4 17 366 2
46.144 91.644 311.474 24 4 17 366 2
46.144 91.644 311.474 25 4 17 366 2
250.703 128.087 308.112 26 4 17 49 1
169.259 123.954 99.233 27 4 17 378 2
169.259 123.954 99.233 28 4 17 378 2
169.259 123.954 99.233 29 4 17 378 2
169.259 123.954 99.233 30 4 17 378 2
43.474 102.962 66.521 1 5 17 385 3
43.474 102.962 66.521 2 5 17 385 3
43.474 102.962 66.521 3 5 17 385 3
43.474 102.962 66.521 4 5 17 385 3
43.474 102.962 66.521 5 5 17 385 3
43.474 102.962 66.521 6 5 17 385 3
43.474 102.962 66.521 7 5 17 385 3
43.474 102.962 66.521 8 5 17 385 3
43.474 102.962 66.521 9 5 17 385 3
43.474 102.962 66.521 10 5 17 385 3
43.474 102.962 66.521 11 5 17 385 3
43.474 102.962 66.521 12 5 17 385 3
43.474 102.962 66.521 13 5 17 385 3
43.474 102.962 66.521 14 5 17 385 3
62.826 133.998 82.566 15 5 17 102 1
342.095 110.842 180.792 16 5 17 250 1
342.095 110.842 180.792 17 5 17 250 1
41.770 84.540 147.654 18 5 17 120 1
64.172 33.188 69.813 19 5 17 387 4
275.827 156.704 0.491 20 5 17 69 1
275.827 156.704 0.491 21 5 17 69 1
275.827 156.704 0.491 22 5 17 69 1
46.144 91.644 311.474 23 5 17 366 2
46.144 91.644 311.474 24 5 17 366 2
46.144 91.644 311.474 25 5 17 366 2
46.144 91.644 311.474 26 5 17 366 2
169.259 123.954 99.233 27 5 17 378 2
169.259 123.954 99.233 28 5 17 378 2
31.280 46.456 54.106 29 5 17 338 2
88.431 127.325 329.230 30 5 17 342 2
43.474 102.962 66.521 1 6 17 385 3
43.474 102.962 66.521 2 6 17 385 3
43.474 102.962 66.521 3 6 17 385 3
43.474 102.962 66.521 4 6 17 385 3
43.474 102.962 66.521 5 6 17 385 3
43.474 102.962 66.521 6 6 17 385 3
43.474 102.962 66.521 7 6 17 385 3
43.474 102.962 66.521 8 6 17 385 3
43.474 102.962 66.521 9 6 17 385 3
43.474 102.962 66.521 10 6 17 385 3
43.474 102.962 66.521 11 6 17 385 3
43.474 102.962 66.521 12 6 17 385 3
43.474 102.962 66.521 13 6 17 385 3
43.474 102.962 66.521 14 6 17 385 3
62.826 133.998 82.566 15 6 17 102 1
342.095 110.842 180.792 16 6 17 250 1
342.095 110.842 180.792 17 6 17 250 1
342.095 110.842 180.792 18 6 17 250 1
275.827 156.704 0.491 19 6 17 69 1
275.827 156.704 0.491 20 6 17 69 1
275.827 156.704 0.491 21 6 17 69 1
275.827 156.704 0.491 22 6 17 69 1
46.144 91.644 311.474 23 6 17 366 2
46.144 91.644 311.474 24 6 17 366 2
46.144 91.644 311.474 25 6 17 366 2
46.144 91.644 311.474 26 6 17 366 2
31.280 46.456 54.106 27 6 17 338 2
31.280 46.456 54.106 28 6 17 338 2
31.280 46.456 54.106 29 6 17 338 2
88.431 127.325 329.230 30 6 17 342 2
43.474 102.962 66.521 1 7 17 385 3
43.474 102.962 66.521 2 7 17 385 3
43.474 102.962 66.521 3 7 17 385 3
43.474 102.962 66.521 4 7 17 385 3
43.474 102.962 66.521 5 7 17 385 3
43.474 102.962 66.521 6 7 17 385 3
43.474 102.962 66.521 7 7 17 385 3
43.474 102.962 66.521 8 7 17 385 3
43.474 102.962 66.521 9 7 17 385 3
43.474 102.962 66.521 10 7 17 385 3
43.474 102.962 66.521 11 7 17 385 3
43.474 102.962 66.521 12 7 17 385 3
43.474 102.962 66.521 13 7 17 385 3
43.474 102.962 66.521 14 7 17 385 3
62.826 133.998 82.566 15 7 17 102 1
342.095 110.842 180.792 16 7 17 250 1
342.095 110.842 180.792 17 7 17 250 1
164.460 128.281 213.803 18 7 17 76 1
164.460 128.281 213.803 19 7 17 76 1
223.082 16.101 203.059 20 7 17 227 1
223.082 16.101 203.059 21 7 17 227 1
223.082 16.101 203.059 22 7 17 227 1
212.193 117.663 24.879 23 7 17 149 1
212.193 117.663 24.879 24 7 17 149 1
46.144 91.644 311.474 25 7 17 366 2
34.397 84.336 310.738 26 7 17 211 1
34.397 84.336 310.738 27 7 17 211 1
31.280 46.456 54.106 28 7 17 338 2
31.280 46.456 54.106 29 7 17 338 2
88.431 127.325 329.230 30 7 17 342 2
43.474 102.962 66.521 1 8 17 385 3
43.474 102.962 66.521 2 8 17 385 3
43.474 102.962 66.521 3 8 17 385 3
43.474 102.962 66.521 4 8 17 385 3
43.474 102.962 66.521 5 8 17 385 3
43.474 102.962 66.521 6 8 17 385 3
43.474 102.962 66.521 7 8 17 385 3
43.474 102.962 66.521 8 8 17 385 3
43.474 102.962 66.521 9 8 17 385 3
43.474 102.962 66.521 10 8 17 385 3
43.474 102.962 66.521 11 8 17 385 3
43.474 102.962 66.521 12 8 17 385 3
43.474 102.962 66.521 13 8 17 385 3
43.474 102.962 66.521 14 8 17 385 3
187.242 41.142 139.857 15 8 17 395 4
187.242 41.142 139.857 16 8 17 395 4
164.460 128.281 213.803 17 8 17 76 1
164.460 128.281 213.803 18 8 17 76 1
164.460 128.281 213.803 19 8 17 76 1
223.082 16.101 203.059 20 8 17 227 1
223.082 16.101 203.059 21 8 17 227 1
223.082 16.101 203.059 22 8 17 227 1
212.193 117.663 24.879 23 8 17 149 1
212.193 117.663 24.879 24 8 17 149 1
212.193 117.663 24.879 25 8 17 149 1
34.397 84.336 310.738 26 8 17 211 1
31.280 46.456 54.106 27 8 17 338 2
31.280 46.456 54.106 28 8 17 338 2
31.280 46.456 54.106 29 8 17 338 2
31.280 46.456 54.106 30 8 17 338 2
43.474 102.962 66.521 1 9 17 385 3
43.474 102.962 66.521 2 9 17 385 3
43.474 102.962 66.521 3 9 17 385 3
43.474 102.962 66.521 4 9 17 385 3
43.474 102.962 66.521 5 9 17 385 3
43.474 102.962 66.521 6 9 17 385 3
43.474 102.962 66.521 7 9 17 385 3
43.474 102.962 66.521 8 9 17 385 3
43.474 102.962 66.521 9 9 17 385 3
43.474 102.962 66.521 10 9 17 385 3
43.474 102.962 66.521 11 9 17 385 3
43.474 102.962 66.521 12 9 17 385 3
43.474 102.962 66.521 13 9 17 385 3
187.242 41.142 139.857 14 9 17 395 4
187.242 41.142 139.857 15 9 17 395 4
187.242 41.142 139.857 16 9 17 395 4
164.460 128.281 213.803 17 9 17 76 1
164.460 128.281 213.803 18 9 17 76 1
164.460 128.281 213.803 19 9 17 76 1
223.082 16.101 203.059 20 9 17 227 1
223.082 16.101 203.059 21 9 17 227 1
223.082 16.101 203.059 22 9 17 227 1
212.193 117.663 24.879 23 9 17 149 1
212.193 117.663 24.879 24 9 17 149 1
143.668 95.126 27.646 25 9 17 339 2
143.668 95.126 27.646 26 9 17 339 2
31.280 46.456 54.106 27 9 17 338 2
31.280 46.456 54.106 28 9 17 338 2
31.280 46.456 54.106 29 9 17 338 2
31.280 46.456 54.106 30 9 17 338 2
43.474 102.962 66.521 1 10 17 385 3
43.474 102.962 66.521 2 10 17 385 3
43.474 102.962 66.521 3 10 17 385 3
43.474 102.962 66.521 4 10 17 385 3
43.474 102.962 66.521 5 10 17 385 3
43.474 102.962 66.521 6 10 17 385 3
43.474 102.962 66.521 7 10 17 385 3
43.474 102.962 66.521 8 10 17 385 3
43.474 102.962 66.521 9 10 17 385 3
43.474 102.962 66.521 10 10 17 385 3
43.474 102.962 66.521 11 10 17 385 3
43.474 102.962 66.521 12 10 17 385 3
187.242 41.142 139.857 13 10 17 395 4
187.242 41.142 139.857 14 10 17 395 4
148.525 136.017 296.190 15 10 17 408 1
187.242 41.142 139.857 16 10 17 395 4
187.242 41.142 139.857 17 10 17 395 4
164.460 128.281 213.803 18 10 17 76 1
164.460 128.281 213.803 19 10 17 76 1
223.082 16.101 203.059 20 10 17 227 1
223.082 16.101 203.059 21 10 17 227 1
143.668 95.126 27.646 22 10 17 339 2
143.668 95.126 27.646 23 10 17 339 2
143.668 95.126 27.646 24 10 17 339 2
143.668 95.126 27.646 25 10 17 339 2
143.668 95.126 27.646 26 10 17 339 2
143.668 95.126 27.646 27 10 17 339 2
31.280 46.456 54.106 28 10 17 338 2
31.280 46.456 54.106 29 10 17 338 2
31.280 46.456 54.106 30 10 17 338 2
43.474 102.962 66.521 1 11 17 385 3
43.474 102.962 66.521 2 11 17 385 3
43.474 102.962 66.521 3 11 17 385 3
43.474 102.962 66.521 4 11 17 385 3
43.474 102.962 66.521 5 11 17 385 3
43.474 102.962 66.521 6 11 17 385 3
43.474 102.962 66.521 7 11 17 385 3
43.474 102.962 66.521 8 11 17 385 3
43.474 102.962 66.521 9 11 17 385 3
43.474 102.962 66.521 10 11 17 385 3
43.474 102.962 66.521 11 11 17 385 3
43.474 102.962 66.521 12 11 17 385 3
187.242 41.142 139.857 13 11 17 395 4
187.242 41.142 139.857 14 11 17 395 4
148.525 136.017 296.190 15 11 17 408 1
148.525 136.017 296.190 16 11 17 408 1
187.242 41.142 139.857 17 11 17 395 4
187.242 41.142 139.857 18 11 17 395 4
187.242 41.142 139.857 19 11 17 395 4
187.242 41.142 139.857 20 11 17 395 4
187.242 41.142 139.857 21 11 17 395 4
143.668 95.126 27.646 22 11 17 339 2
143.668 95.126 27.646 23 11 17 339 2
143.668 95.126 27.646 24 11 17 339 2
143.668 95.126 27.646 25 11 17 339 2
143.668 95.126 27.646 26 11 17 339 2
143.668 95.126 27.646 27 11 17 339 2
143.668 95.126 27.646 28 11 17 339 2
31.280 46.456 54.106 29 11 17 338 2
31.280 46.456 54.106 30 11 17 338 2
43.474 102.962 66.521 1 12 17 385 3
43.474 102.962 66.521 2 12 17 385 3
12.585 51.769 266.972 3 12 17 74 1
12.585 51.769 266.972 4 12 17 74 1
43.474 102.962 66.521 5 12 17 385 3
43.474 102.962 66.521 6 12 17 385 3
43.474 102.962 66.521 7 12 17 385 3
43.474 102.962 66.521 8 12 17 385 3
43.474 102.962 66.521 9 12 17 385 3
43.474 102.962 66.521 10 12 17 385 3
43.474 102.962 66.521 11 12 17 385 3
43.474 102.962 66.521 12 12 17 385 3
170.156 71.054 267.352 13 12 17 262 1
187.242 41.142 139.857 14 12 17 395 4
148.525 136.017 296.190 15 12 17 408 1
148.525 136.017 296.190 16 12 17 408 1
187.242 41.142 139.857 17 12 17 395 4
187.242 41.142 139.857 18 12 17 395 4
187.242 41.142 139.857 19 12 17 395 4
187.242 41.142 139.857 20 12 17 395 4
187.242 41.142 139.857 21 12 17 395 4
187.242 41.142 139.857 22 12 17 395 4
143.668 95.126 27.646 23 12 17 339 2
143.668 95.126 27.646 24 12 17 339 2
143.668 95.126 27.646 25 12 17 339 2
143.668 95.126 27.646 26 12 17 339 2
143.668 95.126 27.646 27 12 17 339 2
233.928 47.430 181.948 28 12 17 340 2
233.928 47.430 181.948 29 12 17 340 2
31.280 46.456 54.106 30 12 17 338 2
43.474 102.962 66.521 1 13 17 385 3
43.474 102.962 66.521 2 13 17 385 3
12.585 51.769 266.972 3 13 17 74 1
12.585 51.769 266.972 4 13 17 74 1
43.474 102.962 66.521 5 13 17 385 3
43.474 102.962 66.521 6 13 17 385 3
43.474 102.962 66.521 7 13 17 385 3
43.474 102.962 66.521 8 13 17 385 3
43.474 102.962 66.521 9 13 17 385 3
43.474 102.962 66.521 10 13 17 385 3
43.474 102.962 66.521 11 13 17 385 3
187.242 41.142 139.857 12 13 17 395 4
187.242 41.142 139.857 13 13 17 395 4
187.242 41.142 139.857 14 13 17 395 4
187.242 41.142 139.857 15 13 17 395 4
148.525 136.017 296.190 16 13 17 408 1
187.242 41.142 139.857 17 13 17 395 4
187.242 41.142 139.857 18 13 17 395 4
187.242 41.142 139.857 19 13 17 395 4
187.242 41.142 139.857 20 13 17 395 4
187.242 41.142 139.857 21 13 17 395 4
187.242 41.142 139.857 22 13 17 395 4
187.242 41.142 139.857 23 13 17 395 4
187.242 41.142 139.857 24 13 17 395 4
187.242 41.142 139.857 25 13 17 395 4
143.668 95.126 27.646 26 13 17 339 2
143.668 95.126 27.646 27 13 17 339 2
233.928 47.430 181.948 28 13 17 340 2
233.928 47.430 181.948 29 13 17 340 2
31.280 46.456 54.106 30 13 17 338 2
43.474 102.962 66.521 1 14 17 385 3
43.474 102.962 66.521 2 14 17 385 3
43.474 102.962 66.521 3 14 17 385 3
43.474 102.962 66.521 4 14 17 385 3
43.474 102.962 66.521 5 14 17 385 3
43.474 102.962 66.521 6 14 17 385 3
43.474 102.962 66.521 7 14 17 385 3
43.474 102.962 66.521 8 14 17 385 3
43.474 102.962 66.521 9 14 17 385 3
43.474 102.962 66.521 10 14 17 385 3
43.474 102.962 66.521 11 14 17 385 3
187.242 41.142 139.857 12 14 17 395 4
187.242 41.142 139.857 13 14 17 395 4
187.242 41.142 139.857 14 14 17 395 4
187.242 41.142 139.857 15 14 17 395 4
187.242 41.142 139.857 16 14 17 395 4
187.242 41.142 139.857 17 14 17 395 4
187.242 41.142 139.857 18 14 17 395 4
187.242 41.142 139.857 19 14 17 395 4
187.242 41.142 139.857 20 14 17 395 4
187.242 41.142 139.857 21 14 17 395 4
187.242 41.142 139.857 22 14 17 395 4
187.242 41.142 139.857 23 14 17 395 4
187.242 41.142 139.857 24 14 17 395 4
187.242 41.142 139.857 25 14 17 395 4
187.242 41.142 139.857 26 14 17 395 4
187.242 41.142 139.857 27 14 17 395 4
233.928 47.430 181.948 28 14 17 340 2
233.928 47.430 181.948 29 14 17 340 2
233.928 47.430 181.948 30 14 17 340 2
43.474 102.962 66.521 1 15 17 385 3
43.474 102.962 66.521 2 15 17 385 3
43.474 102.962 66.521 3 15 17 385 3
43.474 102.962 66.521 4 15 17 385 3
43.474 102.962 66.521 5 15 17 385 3
43.474 102.962 66.521 6 15 17 385 3
43.474 102.962 66.521 7 15 17 385 3
43.474 102.962 66.521 8 15 17 385 3
43.474 102.962 66.521 9 15 17 385 3
106.032 144.724 202.766 10 15 17 443 2
106.032 144.724 202.766 11 15 17 443 2
106.032 144.724 202.766 12 15 17 443 2
187.242 41.142 139.857 13 15 17 395 4
187.242 41.142 139.857 14 15 17 395 4
187.242 41.142 139.857 15 15 17 395 4
187.242 41.142 139.857 16 15 17 395 4
187.242 41.142 139.857 17 15 17 395 4
187.242 41.142 139.857 18 15 17 395 4
187.242 41.142 139.857 19 15 17 395 4
187.242 41.142 139.857 20 15 17 395 4
187.242 41.142 139.857 21 15 17 395 4
187.242 41.142 139.857 22 15 17 395 4
187.242 41.142 139.857 23 15 17 395 4
187.242 41.142 139.857 24 15 17 395 4
187.242 41.142 139.857 25 15 17 395 4
187.242 41.142 139.857 26 15 17 395 4
187.242 41.142 139.857 27 15 17 395 4
255.446 22.215 106.503 28 15 17 409 1
233.928 47.430 181.948 29 15 17 340 2
233.928 47.430 181.948 30 15 17 340 2
131.061 97.535 347.236 1 16 17 394 4
131.061 97.535 347.236 2 16 17 394 4
131.061 97.535 347.236 3 16 17 394 4
43.474 102.962 66.521 4 16 17 385 3
43.474 102.962 66.521 5 16 17 385 3
43.474 102.962 66.521 6 16 17 385 3
43.474 102.962 66.521 7 16 17 385 3
43.474 102.962 66.521 8 16 17 385 3
106.032 144.724 202.766 9 16 17 443 2
106.032 144.724 202.766 10 16 17 443 2
106.032 144.724 202.766 11 16 17 443 2
106.032 144.724 202.766 12 16 17 443 2
106.032 144.724 202.766 13 16 17 443 2
187.242 41.142 139.857 14 16 17 395 4
187.242 41.142 139.857 15 16 17 395 4
187.242 41.142 139.857 16 16 17 395 4
187.242 41.142 139.857 17 16 17 395 4
187.242 41.142 139.857 18 16 17 395 4
187.242 41.142 139.857 19 16 17 395 4
187.242 41.142 139.857 20 16 17 395 4
187.242 41.142 139.857 21 16 17 395 4
187.242 41.142 139.857 22 16 17 395 4
187.242 41.142 139.857 23 16 17 395 4
187.242 41.142 139.857 24 16 17 395 4
187.242 41.142 139.857 25 16 17 395 4
187.242 41.142 139.857 26 16 17 395 4
187.242 41.142 139.857 27 16 17 395 4
255.446 22.215 106.503 28 16 17 409 1
255.446 22.215 106.503 29 16 17 409 1
255.446 22.215 106.503 30 16 17 409 1
131.061 97.535 347.236 1 17 17 394 4
131.061 97.535 347.236 2 17 17 394 4
131.061 97.535 347.236 3 17 17 394 4
131.061 97.535 347.236 4 17 17 394 4
131.061 97.535 347.236 5 17 17 394 4
43.474 102.962 66.521 6 17 17 385 3
43.474 102.962 66.521 7 17 17 385 3
43.474 102.962 66.521 8 17 17 385 3
106.032 144.724 202.766 9 17 17 443 2
106.032 144.724 202.766 10 17 17 443 2
106.032 144.724 202.766 11 17 17 443 2
106.032 144.724 202.766 12 17 17 443 2
106.032 144.724 202.766 13 17 17 443 2
106.032 144.724 202.766 14 17 17 443 2
187.242 41.142 139.857 15 17 17 395 4
187.242 41.142 139.857 16 17 17 395 4
187.242 41.142 139.857 17 17 17 395 4
187.242 41.142 139.857 18 17 17 395 4
187.242 41.142 139.857 19 17 17 395 4
187.242 41.142 139.857 20 17 17 395 4
187.242 41.142 139.857 21 17 17 395 4
187.242 41.142 139.857 22 17 17 395 4
187.242 41.142 139.857 23 17 17 395 4
187.242 41.142 139.857 24 17 17 395 4
187.242 41.142 139.857 25 17 17 395 4
187.242 41.142 139.857 26 17 17 395 4
187.242 41.142 139.857 27 17 17 395 4
255.446 22.215 106.503 28 17 17 409 1
255.446 22.215 106.503 29 17 17 409 1
255.446 22.215 106.503 30 17 17 409 1
95.867 94.562 191.693 1 18 17 341 2
95.867 94.562 191.693 2 18 17 341 2
95.867 94.562 191.693 3 18 17 341 2
131.061 97.535 347.236 4 18 17 394 4
131.061 97.535 347.236 5 18 17 394 4
131.061 97.535 347.236 6 18 17 394 4
131.061 97.535 347.236 7 18 17 394 4
131.061 97.535 347.236 8 18 17 394 4
106.032 144.724 202.766 9 18 17 443 2
106.032 144.724 202.766 10 18 17 443 2
106.032 144.724 202.766 11 18 17 443 2
106.032 144.724 202.766 12 18 17 443 2
106.032 144.724 202.766 13 18 17 443 2
106.032 144.724 202.766 14 18 17 443 2
187.242 41.142 139.857 15 18 17 395 4
187.242 41.142 139.857 16 18 17 395 4
187.242 41.142 139.857 17 18 17 395 4
187.242 41.142 139.857 18 18 17 395 4
187.242 41.142 139.857 19 18 17 395 4
187.242 41.142 139.857 20 18 17 395 4
187.242 41.142 139.857 21 18 17 395 4
187.242 41.142 139.857 22 18 17 395 4
187.242 41.142 139.857 23 18 17 395 4
187.242 41.142 139.857 24 18 17 395 4
187.242 41.142 139.857 25 18 17 395 4
187.242 41.142 139.857 26 18 17 395 4
187.242 41.142 139.857 27 18 17 395 4
187.242 41.142 139.857 28 18 17 395 4
187.242 41.142 139.857 29 18 17 395 4
359.561 100.590 197.796 30 18 17 392 4
131.061 97.535 347.236 1 19 17 394 4
95.867 94.562 191.693 2 19 17 341 2
95.867 94.562 191.693 3 19 17 341 2
131.061 97.535 347.236 4 19 17 394 4
131.061 97.535 347.236 5 19 17 394 4
131.061 97.535 347.236 6 19 17 394 4
131.061 97.535 347.236 7 19 17 394 4
131.061 97.535 347.236 8 19 17 394 4
106.032 144.724 202.766 9 19 17 443 2
106.032 144.724 202.766 10 19 17 443 2
106.032 144.724 202.766 11 19 17 443 2
106.032 144.724 202.766 12 19 17 443 2
143.014 78.584 68.497 13 19 17 318 2
143.014 78.584 68.497 14 19 17 318 2
187.242 41.142 139.857 15 19 17 395 4
187.242 41.142 139.857 16 19 17 395 4
187.242 41.142 139.857 17 19 17 395 4
187.242 41.142 139.857 18 19 17 395 4
187.242 41.142 139.857 19 19 17 395 4
187.242 41.142 139.857 20 19 17 395 4
187.242 41.142 139.857 21 19 17 395 4
187.242 41.142 139.857 22 19 17 395 4
187.242 41.142 139.857 23 19 17 395 4
187.242 41.142 139.857 24 19 17 395 4
187.242 41.142 139.857 25 19 17 395 4
187.242 41.142 139.857 26 19 17 395 4
187.242 41.142 139.857 27 19 17 395 4
187.242 41.142 139.857 28 19 17 395 4
187.242 41.142 139.857 29 19 17 395 4
359.561 100.590 197.796 30 19 17 392 4
131.061 97.535 347.236 1 20 17 394 4
131.061 97.535 347.236 2 20 17 394 4
95.867 94.562 191.693 3 20 17 341 2
131.061 97.535 347.236 4 20 17 394 4
131.061 97.535 347.236 5 20 17 394 4
131.061 97.535 347.236 6 20 17 394 4
131.061 97.535 347.236 7 20 17 394 4
131.061 97.535 347.236 8 20 17 394 4
90.401 79.997 109.566 9 20 17 350 2
90.401 79.997 109.566 10 20 17 350 2
90.401 79.997 109.566 11 20 17 350 2
90.401 79.997 109.566 12 20 17 350 2
49.013 129.595 72.550 13 20 17 146 1
143.014 78.584 68.497 14 20 17 318 2
187.242 41.142 139.857 15 20 17 395 4
187.242 41.142 139.857 16 20 17 395 4
187.242 41.142 139.857 17 20 17 395 4
187.242 41.142 139.857 18 20 17 395 4
187.242 41.142 139.857 19 20 17 395 4
187.242 41.142 139.857 20 20 17 395 4
70.583 101.652 65.311 21 20 17 445 2
187.242 41.142 139.857 22 20 17 395 4
187.242 41.142 139.857 23 20 17 395 4
187.242 41.142 139.857 24 20 17 395 4
187.242 41.142 139.857 25 20 17 395 4
187.242 41.142 139.857 26 20 17 395 4
187.242 41.142 139.857 27 20 17 395 4
187.242 41.142 139.857 28 20 17 395 4
187.242 41.142 139.857 29 20 17 395 4
359.561 100.590 197.796 30 20 17 392 4
131.061 97.535 347.236 1 21 17 394 4
131.061 97.535 347.236 2 21 17 394 4
131.061 97.535 347.236 3 21 17 394 4
131.061 97.535 347.236 4 21 17 394 4
131.061 97.535 347.236 5 21 17 394 4
131.061 97.535 347.236 6 21 17 394 4
131.061 97.535 347.236 7 21 17 394 4
336.357 104.932 333.975 8 21 17 393 4
90.401 79.997 109.566 9 21 17 350 2
90.401 79.997 109.566 10 21 17 350 2
90.401 79.997 109.566 11 21 17 350 2
90.401 79.997 109.566 12 21 17 350 2
98.397 126.904 103.166 13 21 17 131 1
319.528 35.005 67.487 14 21 17 396 4
187.242 41.142 139.857 15 21 17 395 4
187.242 41.142 139.857 16 21 17 395 4
187.242 41.142 139.857 17 21 17 395 4
187.242 41.142 139.857 18 21 17 395 4
187.242 41.142 139.857 19 21 17 395 4
187.242 41.142 139.857 20 21 17 395 4
187.242 41.142 139.857 21 21 17 395 4
187.242 41.142 139.857 22 21 17 395 4
187.242 41.142 139.857 23 21 17 395 4
187.242 41.142 139.857 24 21 17 395 4
187.242 41.142 139.857 25 21 17 395 4
187.242 41.142 139.857 26 21 17 395 4
187.242 41.142 139.857 27 21 17 395 4
187.242 41.142 139.857 28 21 17 395 4
187.242 41.142 139.857 29 21 17 395 4
187.242 41.142 139.857 30 21 17 395 4
131.061 97.535 347.236 1 22 17 394 4
131.061 97.535 347.236 2 22 17 394 4
131.061 97.535 347.236 3 22 17 394 4
131.061 97.535 347.236 4 22 17 394 4
131.061 97.535 347.236 5 22 17 394 4
336.357 104.932 333.975 6 22 17 393 4
336.357 104.932 333.975 7 22 17 393 4
336.357 104.932 333.975 8 22 17 393 4
336.357 104.932 333.975 9 22 17 393 4
90.401 79.997 109.566 10 22 17 350 2
90.401 79.997 109.566 11 22 17 350 2
90.401 79.997 109.566 12 22 17 350 2
90.401 79.997 109.566 13 22 17 350 2
319.528 35.005 67.487 14 22 17 396 4
187.242 41.142 139.857 15 22 17 395 4
187.242 41.142 139.857 16 22 17 395 4
187.242 41.142 139.857 17 22 17 395 4
187.242 41.142 139.857 18 22 17 395 4
187.242 41.142 139.857 19 22 17 395 4
187.242 41.142 139.857 20 22 17 395 4
187.242 41.142 139.857 21 22 17 395 4
187.242 41.142 139.857 22 22 17 395 4
187.242 41.142 139.857 23 22 17 395 4
187.242 41.142 139.857 24 22 17 395 4
187.242 41.142 139.857 25 22 17 395 4
187.242 41.142 139.857 26 22 17 395 4
187.242 41.142 139.857 27 22 17 395 4
187.242 41.142 139.857 28 22 17 395 4
187.242 41.142 139.857 29 22 17 395 4
187.242 41.142 139.857 30 22 17 395 4
131.061 97.535 347.236 1 23 17 394 4
131.061 97.535 347.236 2 23 17 394 4
131.061 97.535 347.236 3 23 17 394 4
131.061 97.535 347.236 4 23 17 394 4
336.357 104.932 333.975 5 23 17 393 4
336.357 104.932 333.975 6 23 17 393 4
336.357 104.932 333.975 7 23 17 393 4
336.357 104.932 333.975 8 23 17 393 4
336.357 104.932 333.975 9 23 17 393 4
336.357 104.932 333.975 10 23 17 393 4
98.397 126.904 103.166 11 23 17 131 1
90.401 79.997 109.566 12 23 17 350 2
90.401 79.997 109.566 13 23 17 350 2
319.528 35.005 67.487 14 23 17 396 4
319.528 35.005 67.487 15 23 17 396 4
187.242 41.142 139.857 16 23 17 395 4
187.242 41.142 139.857 17 23 17 395 4
187.242 41.142 139.857 18 23 17 395 4
187.242 41.142 139.857 19 23 17 395 4
187.242 41.142 139.857 20 23 17 395 4
187.242 41.142 139.857 21 23 17 395 4
187.242 41.142 139.857 22 23 17 395 4
187.242 41.142 139.857 23 23 17 395 4
187.242 41.142 139.857 24 23 17 395 4
187.242 41.142 139.857 25 23 17 395 4
187.242 41.142 139.857 26 23 17 395 4
187.242 41.142 139.857 27 23 17 395 4
187.242 41.142 139.857 28 23 17 395 4
187.242 41.142 139.857 29 23 17 395 4
187.242 41.142 139.857 30 23 17 395 4
131.061 97.535 347.236 1 24 17 394 4
131.061 97.535 347.236 2 24 17 394 4
131.061 97.535 347.236 3 24 17 394 4
336.357 104.932 333.975 4 24 17 393 4
336.357 104.932 333.975 5 24 17 393 4
336.357 104.932 333.975 6 24 17 393 4
336.357 104.932 333.975 7 24 17 393 4
336.357 104.932 333.975 8 24 17 393 4
336.357 104.932 333.975 9 24 17 393 4
336.357 104.932 333.975 10 24 17 393 4
336.357 104.932 333.975 11 24 17 393 4
90.401 79.997 109.566 12 24 17 350 2
224.992 72.538 334.910 13 24 17 379 2
224.992 72.538 334.910 14 24 17 379 2
224.992 72.538 334.910 15 24 17 379 2
224.992 72.538 334.910 16 24 17 379 2
224.992 72.538 334.910 17 24 17 379 2
187.242 41.142 139.857 18 24 17 395 4
187.242 41.142 139.857 19 24 17 395 4
187.242 41.142 139.857 20 24 17 395 4
187.242 41.142 139.857 21 24 17 395 4
187.242 41.142 139.857 22 24 17 395 4
187.242 41.142 139.857 23 24 17 395 4
187.242 41.142 139.857 24 24 17 395 4
187.242 41.142 139.857 25 24 17 395 4
187.242 41.142 139.857 26 24 17 395 4
187.242 41.142 139.857 27 24 17 395 4
187.242 41.142 139.857 28 24 17 395 4
187.242 41.142 139.857 29 24 17 395 4
187.242 41.142 139.857 30 24 17 395 4
131.061 97.535 347.236 1 25 17 394 4
131.061 97.535 347.236 2 25 17 394 4
336.357 104.932 333.975 3 25 17 393 4
336.357 104.932 333.975 4 25 17 393 4
336.357 104.932 333.975 5 25 17 393 4
336.357 104.932 333.975 6 25 17 393 4
336.357 104.932 333.975 7 25 17 393 4
336.357 104.932 333.975 8 25 17 393 4
336.357 104.932 333.975 9 25 17 393 4
336.357 104.932 333.975 10 25 17 393 4
336.357 104.932 333.975 11 25 17 393 4
336.357 104.932 333.975 12 25 17 393 4
224.992 72.538 334.910 13 25 17 379 2
224.992 72.538 334.910 14 25 17 379 2
224.992 72.538 334.910 15 25 17 379 2
224.992 72.538 334.910 16 25 17 379 2
224.992 72.538 334.910 17 25 17 379 2
224.992 72.538 334.910 18 25 17 379 2
187.242 41.142 139.857 19 25 17 395 4
187.242 41.142 139.857 20 25 17 395 4
187.242 41.142 139.857 21 25 17 395 4
187.242 41.142 139.857 22 25 17 395 4
187.242 41.142 139.857 23 25 17 395 4
187.242 41.142 139.857 24 25 17 395 4
187.242 41.142 139.857 25 25 17 395 4
187.242 41.142 139.857 26 25 17 395 4
187.242 41.142 139.857 27 25 17 395 4
187.242 41.142 139.857 28 25 17 395 4
187.242 41.142 139.857 29 25 17 395 4
326.513 54.738 221.404 30 25 17 349 2
131.061 97.535 347.236 1 26 17 394 4
131.061 97.535 347.236 2 26 17 394 4
336.357 104.932 333.975 3 26 17 393 4
336.357 104.932 333.975 4 26 17 393 4
336.357 104.932 333.975 5 26 17 393 4
336.357 104.932 333.975 6 26 17 393 4
336.357 104.932 333.975 7 26 17 393 4
336.357 104.932 333.975 8 26 17 393 4
336.357 104.932 333.975 9 26 17 393 4
336.357 104.932 333.975 10 26 17 393 4
336.357 104.932 333.975 11 26 17 393 4
354.877 86.066 218.395 12 26 17 361 2
354.877 86.066 218.395 13 26 17 361 2
354.877 86.066 218.395 14 26 17 361 2
224.992 72.538 334.910 15 26 17 379 2
224.992 72.538 334.910 16 26 17 379 2
224.992 72.538 334.910 17 26 17 379 2
224.992 72.538 334.910 18 26 17 379 2
82.917 94.744 230.011 19 26 17 100 1
187.242 41.142 139.857 20 26 17 395 4
187.242 41.142 139.857 21 26 17 395 4
187.242 41.142 139.857 22 26 17 395 4
187.242 41.142 139.857 23 26 17 395 4
187.242 41.142 139.857 24 26 17 395 4
187.242 41.142 139.857 25 26 17 395 4
187.242 41.142 139.857 26 26 17 395 4
187.242 41.142 139.857 27 26 17 395 4
36.605 118.290 32.451 28 26 17 232 1
326.513 54.738 221.404 29 26 17 349 2
326.513 54.738 221.404 30 26 17 349 2
131.061 97.535 347.236 1 27 17 394 4
336.357 104.932 333.975 2 27 17 393 4
336.357 104.932 333.975 3 27 17 393 4
336.357 104.932 333.975 4 27 17 393 4
336.357 104.932 333.975 5 27 17 393 4
336.357 104.932 333.975 6 27 17 393 4
336.357 104.932 333.975 7 27 17 393 4
336.357 104.932 333.975 8 27 17 393 4
336.357 104.932 333.975 9 27 17 393 4
336.357 104.932 333.975 10 27 17 393 4
336.357 104.932 333.975 11 27 17 393 4
354.877 86.066 218.395 12 27 17 361 2
354.877 86.066 218.395 13 27 17 361 2
354.877 86.066 218.395 14 27 17 361 2
354.877 86.066 218.395 15 27 17 361 2
354.877 86.066 218.395 16 27 17 361 2
354.877 86.066 218.395 17 27 17 361 2
224.992 72.538 334.910 18 27 17 379 2
180.048 11.177 135.539 19 27 17 301 1
187.242 41.142 139.857 20 27 17 395 4
187.242 41.142 139.857 21 27 17 395 4
187.242 41.142 139.857 22 27 17 395 4
317.556 42.279 30.935 23 27 17 31 1
131.619 112.124 216.498 24 27 17 115 1
131.619 112.124 216.498 25 27 17 115 1
187.242 41.142 139.857 26 27 17 395 4
36.605 118.290 32.451 27 27 17 232 1
36.605 118.290 32.451 28 27 17 232 1
326.513 54.738 221.404 29 27 17 349 2
326.513 54.738 221.404 30 27 17 349 2
52.153 113.147 250.738 1 28 17 129 1
336.357 104.932 333.975 2 28 17 393 4
336.357 104.932 333.975 3 28 17 393 4
336.357 104.932 333.975 4 28 17 393 4
336.357 104.932 333.975 5 28 17 393 4
336.357 104.932 333.975 6 28 17 393 4
336.357 104.932 333.975 7 28 17 393 4
336.357 104.932 333.975 8 28 17 393 4
336.357 104.932 333.975 9 28 17 393 4
336.357 104.932 333.975 10 28 17 393 4
336.357 104.932 333.975 11 28 17 393 4
336.357 104.932 333.975 12 28 17 393 4
354.877 86.066 218.395 13 28 17 361 2
354.877 86.066 218.395 14 28 17 361 2
354.877 86.066 218.395 15 28 17 361 2
354.877 86.066 218.395 16 28 17 361 2
354.877 86.066 218.395 17 28 17 361 2
354.877 86.066 218.395 18 28 17 361 2
132.303 84.087 215.660 19 28 17 41 1
132.303 84.087 215.660 20 28 17 41 1
132.303 84.087 215.660 21 28 17 41 1
317.556 42.279 30.935 22 28 17 31 1
317.556 42.279 30.935 23 28 17 31 1
131.619 112.124 216.498 24 28 17 115 1
131.619 112.124 216.498 25 28 17 115 1
131.619 112.124 216.498 26 28 17 115 1
36.605 118.290 32.451 27 28 17 232 1
36.605 118.290 32.451 28 28 17 232 1
326.513 54.738 221.404 29 28 17 349 2
326.513 54.738 221.404 30 28 17 349 2
52.153 113.147 250.738 1 29 17 129 1
52.153 113.147 250.738 2 29 17 129 1
336.357 104.932 333.975 3 29 17 393 4
336.357 104.932 333.975 4 29 17 393 4
336.357 104.932 333.975 5 29 17 393 4
336.357 104.932 333.975 6 29 17 393 4
336.357 104.932 333.975 7 29 17 393 4
336.357 104.932 333.975 8 29 17 393 4
336.357 104.932 333.975 9 29 17 393 4
336.357 104.932 333.975 10 29 17 393 4
336.357 104.932 333.975 11 29 17 393 4
336.357 104.932 333.975 12 29 17 393 4
354.877 86.066 218.395 13 29 17 361 2
354.877 86.066 218.395 14 29 17 361 2
354.877 86.066 218.395 15 29 17 361 2
354.877 86.066 218.395 16 29 17 361 2
354.877 86.066 218.395 17 29 17 361 2
132.303 84.087 215.660 18 29 17 41 1
132.303 84.087 215.660 19 29 17 41 1
132.303 84.087 215.660 20 29 17 41 1
132.303 84.087 215.660 21 29 17 41 1
132.303 84.087 215.660 22 29 17 41 1
317.556 42.279 30.935 23 29 17 31 1
317.556 42.279 30.935 24 29 17 31 1
131.619 112.124 216.498 25 29 17 115 1
131.619 112.124 216.498 26 29 17 115 1
116.462 131.967 180.882 27 29 17 176 1
116.462 131.967 180.882 28 29 17 176 1
326.513 54.738 221.404 29 29 17 349 2
326.513 54.738 221.404 30 29 17 349 2
52.153 113.147 250.738 1 30 17 129 1
52.153 113.147 250.738 2 30 17 129 1
336.357 104.932 333.975 3 30 17 393 4
336.357 104.932 333.975 4 30 17 393 4
336.357 104.932 333.975 5 30 17 393 4
336.357 104.932 333.975 6 30 17 393 4
336.357 104.932 333.975 7 30 17 393 4
336.357 104.932 333.975 8 30 17 393 4
336.357 104.932 333.975 9 30 17 393 4
336.357 104.932 333.975 10 30 17 393 4
336.357 104.932 333.975 11 30 17 393 4
336.357 104.932 333.975 12 30 17 393 4
336.357 104.932 333.975 13 30 17 393 4
354.877 86.066 218.395 14 30 17 361 2
354.877 86.066 218.395 15 30 17 361 2
354.877 86.066 218.395 16 30 17 361 2
132.303 84.087 215.660 17 30 17 41 1
132.303 84.087 215.660 18 30 17 41 1
132.303 84.087 215.660 19 30 17 41 1
132.303 84.087 215.660 20 30 17 41 1
132.303 84.087 215.660 21 30 17 41 1
132.303 84.087 215.660 22 30 17 41 1
317.556 42.279 30.935 23 30 17 31 1
317.556 42.279 30.935 24 30 17 31 1
131.619 112.124 216.498 25 30 17 115 1
131.619 112.124 216.498 26 30 17 115 1
116.462 131.967 180.882 27 30 17 176 1
116.462 131.967 180.882 28 30 17 176 1
326.513 54.738 221.404 29 30 17 349 2
326.513 54.738 221.404 30 30 17 349 2
