43.474 102.962 66.521 1 1 11 385 3
43.474 102.962 66.521 2 1 11 385 3
43.474 102.962 66.521 3 1 11 385 3
43.474 102.962 66.521 4 1 11 385 3
43.474 102.962 66.521 5 1 11 385 3
43.474 102.962 66.521 6 1 11 385 3
43.474 102.962 66.521 7 1 11 385 3
43.474 102.962 66.521 8 1 11 385 3
43.474 102.962 66.521 9 1 11 385 3
43.474 102.962 66.521 10 1 11 385 3
43.474 102.962 66.521 11 1 11 385 3
43.474 102.962 66.521 12 1 11 385 3
43.474 102.962 66.521 13 1 11 385 3
43.474 102.962 66.521 14 1 11 385 3
43.474 102.962 66.521 15 1 11 385 3
43.474 102.962 66.521 16 1 11 385 3
43.474 102.962 66.521 17 1 11 385 3
271.004 46.669 23.255 18 1 11 189 1
271.004 46.669 23.255 19 1 11 189 1
221.537 125.670 265.329 20 1 11 267 1
163.989 64.526 212.865 21 1 11 60 1
163.989 64.526 212.865 22 1 11 60 1
163.989 64.526 212.865 23 1 11 60 1
330.467 157.539 180.673 24 1 11 354 2
330.467 157.539 180.673 25 1 11 354 2
330.467 157.539 180.673 26 1 11 354 2
330.467 157.539 180.673 27 1 11 354 2
347.815 95.866 225.452 28 1 11 130 1
347.815 95.866 225.452 29 1 11 130 1
347.815 95.866 225.452 30 1 11 130 1
43.474 102.962 66.521 1 2 11 385 3
43.474 102.962 66.521 2 2 11 385 3
43.474 102.962 66.521 3 2 11 385 3
43.474 102.962 66.521 4 2 11 385 3
43.474 102.962 66.521 5 2 11 385 3
43.474 102.962 66.521 6 2 11 385 3
43.474 102.962 66.521 7 2 11 385 3
43.474 102.962 66.521 8 2 11 385 3
43.474 102.962 66.521 9 2 11 385 3
43.474 102.962 66.521 10 2 11 385 3
43.474 102.962 66.521 11 2 11 385 3
43.474 102.962 66.521 12 2 11 385 3
43.474 102.962 66.521 13 2 11 385 3
43.474 102.962 66.521 14 2 11 385 3
43.474 102.962 66.521 15 2 11 385 3
43.474 102.962 66.521 16 2 11 385 3
43.474 102.962 66.521 17 2 11 385 3
71.803 64.328 327.799 18 2 11 181 1
221.537 125.670 265.329 19 2 11 267 1
221.537 125.670 265.329 20 2 11 267 1
221.537 125.670 265.329 21 2 11 267 1
163.989 64.526 212.865 22 2 11 60 1
163.989 64.526 212.865 23 2 11 60 1
330.467 157.539 180.673 24 2 11 354 2
330.467 157.539 180.673 25 2 11 354 2
330.467 157.539 180.673 26 2 11 354 2
330.467 157.539 180.673 27 2 11 354 2
347.815 95.866 225.452 28 2 11 130 1
347.815 95.866 225.452 29 2 11 130 1
21.253 152.408 250.621 30 2 11 192 1
43.474 102.962 66.521 1 3 11 385 3
43.474 102.962 66.521 2 3 11 385 3
43.474 102.962 66.521 3 3 11 385 3
43.474 102.962 66.521 4 3 11 385 3
43.474 102.962 66.521 5 3 11 385 3
43.474 102.962 66.521 6 3 11 385 3
43.474 102.962 66.521 7 3 11 385 3
43.474 102.962 66.521 8 3 11 385 3
43.474 102.962 66.521 9 3 11 385 3
43.474 102.962 66.521 10 3 11 385 3
43.474 102.962 66.521 11 3 11 385 3
43.474 102.962 66.521 12 3 11 385 3
43.474 102.962 66.521 13 3 11 385 3
43.474 102.962 66.521 14 3 11 385 3
43.474 102.962 66.521 15 3 11 385 3
43.474 102.962 66.521 16 3 11 385 3
43.474 102.962 66.521 17 3 11 385 3
71.803 64.328 327.799 18 3 11 181 1
337.958 90.875 14.589 19 3 11 30 1
353.092 161.165 52.971 20 3 11 375 2
221.537 125.670 265.329 21 3 11 267 1
221.537 125.670 265.329 22 3 11 267 1
330.467 157.539 180.673 23 3 11 354 2
330.467 157.539 180.673 24 3 11 354 2
250.703 128.087 308.112 25 3 11 49 1
250.703 128.087 308.112 26 3 11 49 1
250.703 128.087 308.112 27 3 11 49 1
347.815 95.866 225.452 28 3 11 130 1
347.815 95.866 225.452 29 3 11 130 1
21.253 152.408 250.621 30 3 11 192 1
43.474 102.962 66.521 1 4 11 385 3
43.474 102.962 66.521 2 4 11 385 3
43.474 102.962 66.521 3 4 11 385 3
43.474 102.962 66.521 4 4 11 385 3
43.474 102.962 66.521 5 4 11 385 3
43.474 102.962 66.521 6 4 11 385 3
43.474 102.962 66.521 7 4 11 385 3
43.474 102.962 66.521 8 4 11 385 3
43.474 102.962 66.521 9 4 11 385 3
43.474 102.962 66.521 10 4 11 385 3
43.474 102.962 66.521 11 4 11 385 3
43.474 102.962 66.521 12 4 11 385 3
43.474 102.962 66.521 13 4 11 385 3
43.474 102.962 66.521 14 4 11 385 3
43.474 102.962 66.521 15 4 11 385 3
43.474 102.962 66.521 16 4 11 385 3
337.958 90.875 14.589 17 4 11 30 1
337.958 90.875 14.589 18 4 11 30 1
337.958 90.875 14.589 19 4 11 30 1
353.092 161.165 52.971 20 4 11 375 2
221.537 125.670 265.329 21 4 11 267 1
221.537 125.670 265.329 22 4 11 267 1
221.537 125.670 265.329 23 4 11 267 1
330.467 157.539 180.673 24 4 11 354 2
250.703 128.087 308.112 25 4 11 49 1
250.703 128.087 308.112 26 4 11 49 1
359.561 100.590 197.796 27 4 11 392 4
347.815 95.866 225.452 28 4 11 130 1
347.815 95.866 225.452 29 4 11 130 1
359.561 100.590 197.796 30 4 11 392 4
43.474 102.962 66.521 1 5 11 385 3
43.474 102.962 66.521 2 5 11 385 3
43.474 102.962 66.521 3 5 11 385 3
43.474 102.962 66.521 4 5 11 385 3
43.474 102.962 66.521 5 5 11 385 3
43.474 102.962 66.521 6 5 11 385 3
43.474 102.962 66.521 7 5 11 385 3
43.474 102.962 66.521 8 5 11 385 3
43.474 102.962 66.521 9 5 11 385 3
43.474 102.962 66.521 10 5 11 385 3
43.474 102.962 66.521 11 5 11 385 3
43.474 102.962 66.521 12 5 11 385 3
43.474 102.962 66.521 13 5 11 385 3
43.474 102.962 66.521 14 5 11 385 3
43.474 102.962 66.521 15 5 11 385 3
43.474 102.962 66.521 16 5 11 385 3
337.958 90.875 14.589 17 5 11 30 1
337.958 90.875 14.589 18 5 11 30 1
337.958 90.875 14.589 19 5 11 30 1
91.017 118.003 264.080 20 5 11 103 1
221.537 125.670 265.329 21 5 11 267 1
221.537 125.670 265.329 22 5 11 267 1
221.537 125.670 265.329 23 5 11 267 1
330.467 157.539 180.673 24 5 11 354 2
250.703 128.087 308.112 25 5 11 49 1
359.561 100.590 197.796 26 5 11 392 4
359.561 100.590 197.796 27 5 11 392 4
359.561 100.590 197.796 28 5 11 392 4
359.561 100.590 197.796 29 5 11 392 4
359.561 100.590 197.796 30 5 11 392 4
43.474 102.962 66.521 1 6 11 385 3
43.474 102.962 66.521 2 6 11 385 3
43.474 102.962 66.521 3 6 11 385 3
43.474 102.962 66.521 4 6 11 385 3
43.474 102.962 66.521 5 6 11 385 3
43.474 102.962 66.521 6 6 11 385 3
43.474 102.962 66.521 7 6 11 385 3
43.474 102.962 66.521 8 6 11 385 3
43.474 102.962 66.521 9 6 11 385 3
43.474 102.962 66.521 10 6 11 385 3
43.474 102.962 66.521 11 6 11 385 3
43.474 102.962 66.521 12 6 11 385 3
43.474 102.962 66.521 13 6 11 385 3
43.474 102.962 66.521 14 6 11 385 3
43.474 102.962 66.521 15 6 11 385 3
43.474 102.962 66.521 16 6 11 385 3
337.958 90.875 14.589 17 6 11 30 1
41.770 84.540 147.654 18 6 11 120 1
91.017 118.003 264.080 19 6 11 103 1
91.017 118.003 264.080 20 6 11 103 1
221.537 125.670 265.329 21 6 11 267 1
221.537 125.670 265.329 22 6 11 267 1
221.537 125.670 265.329 23 6 11 267 1
206.696 71.473 73.442 24 6 11 182 1
359.561 100.590 197.796 25 6 11 392 4
359.561 100.590 197.796 26 6 11 392 4
359.561 100.590 197.796 27 6 11 392 4
359.561 100.590 197.796 28 6 11 392 4
359.561 100.590 197.796 29 6 11 392 4
359.561 100.590 197.796 30 6 11 392 4
43.474 102.962 66.521 1 7 11 385 3
43.474 102.962 66.521 2 7 11 385 3
43.474 102.962 66.521 3 7 11 385 3
43.474 102.962 66.521 4 7 11 385 3
43.474 102.962 66.521 5 7 11 385 3
43.474 102.962 66.521 6 7 11 385 3
43.474 102.962 66.521 7 7 11 385 3
43.474 102.962 66.521 8 7 11 385 3
43.474 102.962 66.521 9 7 11 385 3
43.474 102.962 66.521 10 7 11 385 3
43.474 102.962 66.521 11 7 11 385 3
43.474 102.962 66.521 12 7 11 385 3
43.474 102.962 66.521 13 7 11 385 3
43.474 102.962 66.521 14 7 11 385 3
43.474 102.962 66.521 15 7 11 385 3
43.474 102.962 66.521 16 7 11 385 3
41.770 84.540 147.654 17 7 11 120 1
41.770 84.540 147.654 18 7 11 120 1
319.528 35.005 67.487 19 7 11 396 4
319.528 35.005 67.487 20 7 11 396 4
319.528 35.005 67.487 21 7 11 396 4
319.528 35.005 67.487 22 7 11 396 4
206.696 71.473 73.442 23 7 11 182 1
206.696 71.473 73.442 24 7 11 182 1
359.561 100.590 197.796 25 7 11 392 4
359.561 100.590 197.796 26 7 11 392 4
359.561 100.590 197.796 27 7 11 392 4
359.561 100.590 197.796 28 7 11 392 4
359.561 100.590 197.796 29 7 11 392 4
359.561 100.590 197.796 30 7 11 392 4
43.474 102.962 66.521 1 8 11 385 3
43.474 102.962 66.521 2 8 11 385 3
43.474 102.962 66.521 3 8 11 385 3
43.474 102.962 66.521 4 8 11 385 3
43.474 102.962 66.521 5 8 11 385 3
43.474 102.962 66.521 6 8 11 385 3
43.474 102.962 66.521 7 8 11 385 3
43.474 102.962 66.521 8 8 11 385 3
43.474 102.962 66.521 9 8 11 385 3
43.474 102.962 66.521 10 8 11 385 3
43.474 102.962 66.521 11 8 11 385 3
43.474 102.962 66.521 12 8 11 385 3
43.474 102.962 66.521 13 8 11 385 3
43.474 102.962 66.521 14 8 11 385 3
43.474 102.962 66.521 15 8 11 385 3
43.474 102.962 66.521 16 8 11 385 3
41.770 84.540 147.654 17 8 11 120 1
319.528 35.005 67.487 18 8 11 396 4
319.528 35.005 67.487 19 8 11 396 4
319.528 35.005 67.487 20 8 11 396 4
319.528 35.005 67.487 21 8 11 396 4
319.528 35.005 67.487 22 8 11 396 4
206.696 71.473 73.442 23 8 11 182 1
206.696 71.473 73.442 24 8 11 182 1
359.561 100.590 197.796 25 8 11 392 4
133.985 62.519 44.982 26 8 11 114 1
359.561 100.590 197.796 27 8 11 392 4
359.561 100.590 197.796 28 8 11 392 4
359.561 100.590 197.796 29 8 11 392 4
359.561 100.590 197.796 30 8 11 392 4
43.474 102.962 66.521 1 9 11 385 3
43.474 102.962 66.521 2 9 11 385 3
43.474 102.962 66.521 3 9 11 385 3
43.474 102.962 66.521 4 9 11 385 3
43.474 102.962 66.521 5 9 11 385 3
43.474 102.962 66.521 6 9 11 385 3
43.474 102.962 66.521 7 9 11 385 3
43.474 102.962 66.521 8 9 11 385 3
43.474 102.962 66.521 9 9 11 385 3
43.474 102.962 66.521 10 9 11 385 3
43.474 102.962 66.521 11 9 11 385 3
43.474 102.962 66.521 12 9 11 385 3
43.474 102.962 66.521 13 9 11 385 3
43.474 102.962 66.521 14 9 11 385 3
43.474 102.962 66.521 15 9 11 385 3
319.528 35.005 67.487 16 9 11 396 4
319.528 35.005 67.487 17 9 11 396 4
319.528 35.005 67.487 18 9 11 396 4
319.528 35.005 67.487 19 9 11 396 4
319.528 35.005 67.487 20 9 11 396 4
319.528 35.005 67.487 21 9 11 396 4
319.528 35.005 67.487 22 9 11 396 4
319.528 35.005 67.487 23 9 11 396 4
319.528 35.005 67.487 24 9 11 396 4
359.561 100.590 197.796 25 9 11 392 4
359.561 100.590 197.796 26 9 11 392 4
359.561 100.590 197.796 27 9 11 392 4
359.561 100.590 197.796 28 9 11 392 4
359.561 100.590 197.796 29 9 11 392 4
359.561 100.590 197.796 30 9 11 392 4
43.474 102.962 66.521 1 10 11 385 3
43.474 102.962 66.521 2 10 11 385 3
43.474 102.962 66.521 3 10 11 385 3
43.474 102.962 66.521 4 10 11 385 3
43.474 102.962 66.521 5 10 11 385 3
43.474 102.962 66.521 6 10 11 385 3
43.474 102.962 66.521 7 10 11 385 3
43.474 102.962 66.521 8 10 11 385 3
43.474 102.962 66.521 9 10 11 385 3
43.474 102.962 66.521 10 10 11 385 3
43.474 102.962 66.521 11 10 11 385 3
43.474 102.962 66.521 12 10 11 385 3
43.474 102.962 66.521 13 10 11 385 3
43.474 102.962 66.521 14 10 11 385 3
43.474 102.962 66.521 15 10 11 385 3
319.528 35.005 67.487 16 10 11 396 4
319.528 35.005 67.487 17 10 11 396 4
226.613 155.873 206.241 18 10 11 72 1
226.613 155.873 206.241 19 10 11 72 1
319.528 35.005 67.487 20 10 11 396 4
319.528 35.005 67.487 21 10 11 396 4
319.528 35.005 67.487 22 10 11 396 4
319.528 35.005 67.487 23 10 11 396 4
319.528 35.005 67.487 24 10 11 396 4
359.561 100.590 197.796 25 10 11 392 4
359.561 100.590 197.796 26 10 11 392 4
359.561 100.590 197.796 27 10 11 392 4
359.561 100.590 197.796 28 10 11 392 4
359.561 100.590 197.796 29 10 11 392 4
359.561 100.590 197.796 30 10 11 392 4
43.474 102.962 66.521 1 11 11 385 3
43.474 102.962 66.521 2 11 11 385 3
43.474 102.962 66.521 3 11 11 385 3
43.474 102.962 66.521 4 11 11 385 3
43.474 102.962 66.521 5 11 11 385 3
43.474 102.962 66.521 6 11 11 385 3
43.474 102.962 66.521 7 11 11 385 3
43.474 102.962 66.521 8 11 11 385 3
43.474 102.962 66.521 9 11 11 385 3
43.474 102.962 66.521 10 11 11 385 3
43.474 102.962 66.521 11 11 11 385 3
43.474 102.962 66.521 12 11 11 385 3
43.474 102.962 66.521 13 11 11 385 3
43.474 102.962 66.521 14 11 11 385 3
319.528 35.005 67.487 15 11 11 396 4
319.528 35.005 67.487 16 11 11 396 4
319.528 35.005 67.487 17 11 11 396 4
319.528 35.005 67.487 18 11 11 396 4
319.528 35.005 67.487 19 11 11 396 4
319.528 35.005 67.487 20 11 11 396 4
319.528 35.005 67.487 21 11 11 396 4
319.528 35.005 67.487 22 11 11 396 4
319.528 35.005 67.487 23 11 11 396 4
319.528 35.005 67.487 24 11 11 396 4
359.561 100.590 197.796 25 11 11 392 4
359.561 100.590 197.796 26 11 11 392 4
359.561 100.590 197.796 27 11 11 392 4
359.561 100.590 197.796 28 11 11 392 4
359.561 100.590 197.796 29 11 11 392 4
359.561 100.590 197.796 30 11 11 392 4
43.474 102.962 66.521 1 12 11 385 3
43.474 102.962 66.521 2 12 11 385 3
43.474 102.962 66.521 3 12 11 385 3
43.474 102.962 66.521 4 12 11 385 3
43.474 102.962 66.521 5 12 11 385 3
43.474 102.962 66.521 6 12 11 385 3
43.474 102.962 66.521 7 12 11 385 3
43.474 102.962 66.521 8 12 11 385 3
43.474 102.962 66.521 9 12 11 385 3
43.474 102.962 66.521 10 12 11 385 3
43.474 102.962 66.521 11 12 11 385 3
43.474 102.962 66.521 12 12 11 385 3
43.474 102.962 66.521 13 12 11 385 3
319.528 35.005 67.487 14 12 11 396 4
319.528 35.005 67.487 15 12 11 396 4
319.528 35.005 67.487 16 12 11 396 4
319.528 35.005 67.487 17 12 11 396 4
319.528 35.005 67.487 18 12 11 396 4
319.528 35.005 67.487 19 12 11 396 4
319.528 35.005 67.487 20 12 11 396 4
319.528 35.005 67.487 21 12 11 396 4
319.528 35.005 67.487 22 12 11 396 4
319.528 35.005 67.487 23 12 11 396 4
319.528 35.005 67.487 24 12 11 396 4
359.561 100.590 197.796 25 12 11 392 4
359.561 100.590 197.796 26 12 11 392 4
359.561 100.590 197.796 27 12 11 392 4
359.561 100.590 197.796 28 12 11 392 4
359.561 100.590 197.796 29 12 11 392 4
359.561 100.590 197.796 30 12 11 392 4
43.474 102.962 66.521 1 13 11 385 3
88.852 32.828 137.333 2 13 11 433 1
43.474 102.962 66.521 3 13 11 385 3
43.474 102.962 66.521 4 13 11 385 3
43.474 102.962 66.521 5 13 11 385 3
43.474 102.962 66.521 6 13 11 385 3
43.474 102.962 66.521 7 13 11 385 3
43.474 102.962 66.521 8 13 11 385 3
43.474 102.962 66.521 9 13 11 385 3
43.474 102.962 66.521 10 13 11 385 3
43.474 102.962 66.521 11 13 11 385 3
43.474 102.962 66.521 12 13 11 385 3
43.474 102.962 66.521 13 13 11 385 3
319.528 35.005 67.487 14 13 11 396 4
319.528 35.005 67.487 15 13 11 396 4
319.528 35.005 67.487 16 13 11 396 4
319.528 35.005 67.487 17 13 11 396 4
319.528 35.005 67.487 18 13 11 396 4
319.528 35.005 67.487 19 13 11 396 4
319.528 35.005 67.487 20 13 11 396 4
319.528 35.005 67.487 21 13 11 396 4
319.528 35.005 67.487 22 13 11 396 4
319.528 35.005 67.487 23 13 11 396 4
319.528 35.005 67.487 24 13 11 396 4
359.561 100.590 197.796 25 13 11 392 4
359.561 100.590 197.796 26 13 11 392 4
359.561 100.590 197.796 27 13 11 392 4
359.561 100.590 197.796 28 13 11 392 4
359.561 100.590 197.796 29 13 11 392 4
359.561 100.590 197.796 30 13 11 392 4
43.474 102.962 66.521 1 14 11 385 3
88.852 32.828 137.333 2 14 11 433 1
43.474 102.962 66.521 3 14 11 385 3
43.474 102.962 66.521 4 14 11 385 3
43.474 102.962 66.521 5 14 11 385 3
43.474 102.962 66.521 6 14 11 385 3
43.474 102.962 66.521 7 14 11 385 3
43.474 102.962 66.521 8 14 11 385 3
43.474 102.962 66.521 9 14 11 385 3
43.474 102.962 66.521 10 14 11 385 3
43.474 102.962 66.521 11 14 11 385 3
43.474 102.962 66.521 12 14 11 385 3
319.528 35.005 67.487 13 14 11 396 4
319.528 35.005 67.487 14 14 11 396 4
319.528 35.005 67.487 15 14 11 396 4
47.650 137.360 102.333 16 14 11 144 1
319.528 35.005 67.487 17 14 11 396 4
319.528 35.005 67.487 18 14 11 396 4
319.528 35.005 67.487 19 14 11 396 4
319.528 35.005 67.487 20 14 11 396 4
319.528 35.005 67.487 21 14 11 396 4
319.528 35.005 67.487 22 14 11 396 4
319.528 35.005 67.487 23 14 11 396 4
319.528 35.005 67.487 24 14 11 396 4
359.561 100.590 197.796 25 14 11 392 4
359.561 100.590 197.796 26 14 11 392 4
359.561 100.590 197.796 27 14 11 392 4
359.561 100.590 197.796 28 14 11 392 4
359.561 100.590 197.796 29 14 11 392 4
359.561 100.590 197.796 30 14 11 392 4
43.474 102.962 66.521 1 15 11 385 3
88.852 32.828 137.333 2 15 11 433 1
43.474 102.962 66.521 3 15 11 385 3
43.474 102.962 66.521 4 15 11 385 3
43.474 102.962 66.521 5 15 11 385 3
43.474 102.962 66.521 6 15 11 385 3
43.474 102.962 66.521 7 15 11 385 3
43.474 102.962 66.521 8 15 11 385 3
43.474 102.962 66.521 9 15 11 385 3
43.474 102.962 66.521 10 15 11 385 3
43.474 102.962 66.521 11 15 11 385 3
319.528 35.005 67.487 12 15 11 396 4
319.528 35.005 67.487 13 15 11 396 4
319.528 35.005 67.487 14 15 11 396 4
319.528 35.005 67.487 15 15 11 396 4
319.528 35.005 67.487 16 15 11 396 4
319.528 35.005 67.487 17 15 11 396 4
319.528 35.005 67.487 18 15 11 396 4
319.528 35.005 67.487 19 15 11 396 4
319.528 35.005 67.487 20 15 11 396 4
319.528 35.005 67.487 21 15 11 396 4
319.528 35.005 67.487 22 15 11 396 4
319.528 35.005 67.487 23 15 11 396 4
359.561 100.590 197.796 24 15 11 392 4
359.561 100.590 197.796 25 15 11 392 4
359.561 100.590 197.796 26 15 11 392 4
359.561 100.590 197.796 27 15 11 392 4
359.561 100.590 197.796 28 15 11 392 4
359.561 100.590 197.796 29 15 11 392 4
359.561 100.590 197.796 30 15 11 392 4
43.474 102.962 66.521 1 16 11 385 3
43.474 102.962 66.521 2 16 11 385 3
43.474 102.962 66.521 3 16 11 385 3
43.474 102.962 66.521 4 16 11 385 3
43.474 102.962 66.521 5 16 11 385 3
43.474 102.962 66.521 6 16 11 385 3
43.474 102.962 66.521 7 16 11 385 3
43.474 102.962 66.521 8 16 11 385 3
43.474 102.962 66.521 9 16 11 385 3
43.474 102.962 66.521 10 16 11 385 3
43.474 102.962 66.521 11 16 11 385 3
319.528 35.005 67.487 12 16 11 396 4
319.528 35.005 67.487 13 16 11 396 4
319.528 35.005 67.487 14 16 11 396 4
319.528 35.005 67.487 15 16 11 396 4
319.528 35.005 67.487 16 16 11 396 4
319.528 35.005 67.487 17 16 11 396 4
319.528 35.005 67.487 18 16 11 396 4
319.528 35.005 67.487 19 16 11 396 4
319.528 35.005 67.487 20 16 11 396 4
319.528 35.005 67.487 21 16 11 396 4
319.528 35.005 67.487 22 16 11 396 4
319.528 35.005 67.487 23 16 11 396 4
52.938 79.583 322.765 24 16 11 377 2
359.561 100.590 197.796 25 16 11 392 4
359.561 100.590 197.796 26 16 11 392 4
359.561 100.590 197.796 27 16 11 392 4
359.561 100.590 197.796 28 16 11 392 4
359.561 100.590 197.796 29 16 11 392 4
359.561 100.590 197.796 30 16 11 392 4
43.474 102.962 66.521 1 17 11 385 3
43.474 102.962 66.521 2 17 11 385 3
43.474 102.962 66.521 3 17 11 385 3
43.474 102.962 66.521 4 17 11 385 3
43.474 102.962 66.521 5 17 11 385 3
43.474 102.962 66.521 6 17 11 385 3
43.474 102.962 66.521 7 17 11 385 3
43.474 102.962 66.521 8 17 11 385 3
43.474 102.962 66.521 9 17 11 385 3
43.474 102.962 66.521 10 17 11 385 3
319.528 35.005 67.487 11 17 11 396 4
319.528 35.005 67.487 12 17 11 396 4
319.528 35.005 67.487 13 17 11 396 4
319.528 35.005 67.487 14 17 11 396 4
319.528 35.005 67.487 15 17 11 396 4
319.528 35.005 67.487 16 17 11 396 4
319.528 35.005 67.487 17 17 11 396 4
319.528 35.005 67.487 18 17 11 396 4
319.528 35.005 67.487 19 17 11 396 4
319.528 35.005 67.487 20 17 11 396 4
319.528 35.005 67.487 21 17 11 396 4
319.528 35.005 67.487 22 17 11 396 4
319.528 35.005 67.487 23 17 11 396 4
359.561 100.590 197.796 24 17 11 392 4
359.561 100.590 197.796 25 17 11 392 4
359.561 100.590 197.796 26 17 11 392 4
359.561 100.590 197.796 27 17 11 392 4
359.561 100.590 197.796 28 17 11 392 4
359.561 100.590 197.796 29 17 11 392 4
359.561 100.590 197.796 30 17 11 392 4
43.474 102.962 66.521 1 18 11 385 3
43.474 102.962 66.521 2 18 11 385 3
43.474 102.962 66.521 3 18 11 385 3
43.474 102.962 66.521 4 18 11 385 3
43.474 102.962 66.521 5 18 11 385 3
43.474 102.962 66.521 6 18 11 385 3
43.474 102.962 66.521 7 18 11 385 3
43.474 102.962 66.521 8 18 11 385 3
43.474 102.962 66.521 9 18 11 385 3
43.474 102.962 66.521 10 18 11 385 3
319.528 35.005 67.487 11 18 11 396 4
319.528 35.005 67.487 12 18 11 396 4
319.528 35.005 67.487 13 18 11 396 4
319.528 35.005 67.487 14 18 11 396 4
319.528 35.005 67.487 15 18 11 396 4
319.528 35.005 67.487 16 18 11 396 4
319.528 35.005 67.487 17 18 11 396 4
319.528 35.005 67.487 18 18 11 396 4
319.528 35.005 67.487 19 18 11 396 4
319.528 35.005 67.487 20 18 11 396 4
319.528 35.005 67.487 21 18 11 396 4
324.910 61.071 184.990 22 18 11 309 1
324.910 61.071 184.990 23 18 11 309 1
359.561 100.590 197.796 24 18 11 392 4
359.561 100.590 197.796 25 18 11 392 4
359.561 100.590 197.796 26 18 11 392 4
359.561 100.590 197.796 27 18 11 392 4
359.561 100.590 197.796 28 18 11 392 4
359.561 100.590 197.796 29 18 11 392 4
359.561 100.590 197.796 30 18 11 392 4
43.474 102.962 66.521 1 19 11 385 3
43.474 102.962 66.521 2 19 11 385 3
43.474 102.962 66.521 3 19 11 385 3
43.474 102.962 66.521 4 19 11 385 3
43.474 102.962 66.521 5 19 11 385 3
43.474 102.962 66.521 6 19 11 385 3
43.474 102.962 66.521 7 19 11 385 3
43.474 102.962 66.521 8 19 11 385 3
43.474 102.962 66.521 9 19 11 385 3
319.528 35.005 67.487 10 19 11 396 4
319.528 35.005 67.487 11 19 11 396 4
319.528 35.005 67.487 12 19 11 396 4
319.528 35.005 67.487 13 19 11 396 4
319.528 35.005 67.487 14 19 11 396 4
319.528 35.005 67.487 15 19 11 396 4
319.528 35.005 67.487 16 19 11 396 4
319.528 35.005 67.487 17 19 11 396 4
319.528 35.005 67.487 18 19 11 396 4
319.528 35.005 67.487 19 19 11 396 4
319.528 35.005 67.487 20 19 11 396 4
319.528 35.005 67.487 21 19 11 396 4
324.910 61.071 184.990 22 19 11 309 1
324.910 61.071 184.990 23 19 11 309 1
359.561 100.590 197.796 24 19 11 392 4
359.561 100.590 197.796 25 19 11 392 4
359.561 100.590 197.796 26 19 11 392 4
359.561 100.590 197.796 27 19 11 392 4
359.561 100.590 197.796 28 19 11 392 4
359.561 100.590 197.796 29 19 11 392 4
359.561 100.590 197.796 30 19 11 392 4
43.474 102.962 66.521 1 20 11 385 3
43.474 102.962 66.521 2 20 11 385 3
43.474 102.962 66.521 3 20 11 385 3
43.474 102.962 66.521 4 20 11 385 3
43.474 102.962 66.521 5 20 11 385 3
43.474 102.962 66.521 6 20 11 385 3
43.474 102.962 66.521 7 20 11 385 3
43.474 102.962 66.521 8 20 11 385 3
43.474 102.962 66.521 9 20 11 385 3
319.528 35.005 67.487 10 20 11 396 4
319.528 35.005 67.487 11 20 11 396 4
319.528 35.005 67.487 12 20 11 396 4
319.528 35.005 67.487 13 20 11 396 4
319.528 35.005 67.487 14 20 11 396 4
319.528 35.005 67.487 15 20 11 396 4
319.528 35.005 67.487 16 20 11 396 4
319.528 35.005 67.487 17 20 11 396 4
319.528 35.005 67.487 18 20 11 396 4
319.528 35.005 67.487 19 20 11 396 4
319.528 35.005 67.487 20 20 11 396 4
319.528 35.005 67.487 21 20 11 396 4
319.528 35.005 67.487 22 20 11 396 4
319.528 35.005 67.487 23 20 11 396 4
359.561 100.590 197.796 24 20 11 392 4
359.561 100.590 197.796 25 20 11 392 4
359.561 100.590 197.796 26 20 11 392 4
359.561 100.590 197.796 27 20 11 392 4
359.561 100.590 197.796 28 20 11 392 4
359.561 100.590 197.796 29 20 11 392 4
359.561 100.590 197.796 30 20 11 392 4
43.474 102.962 66.521 1 21 11 385 3
43.474 102.962 66.521 2 21 11 385 3
43.474 102.962 66.521 3 21 11 385 3
43.474 102.962 66.521 4 21 11 385 3
43.474 102.962 66.521 5 21 11 385 3
43.474 102.962 66.521 6 21 11 385 3
336.357 104.932 333.975 7 21 11 393 4
336.357 104.932 333.975 8 21 11 393 4
319.528 35.005 67.487 9 21 11 396 4
319.528 35.005 67.487 10 21 11 396 4
319.528 35.005 67.487 11 21 11 396 4
319.528 35.005 67.487 12 21 11 396 4
319.528 35.005 67.487 13 21 11 396 4
319.528 35.005 67.487 14 21 11 396 4
319.528 35.005 67.487 15 21 11 396 4
319.528 35.005 67.487 16 21 11 396 4
319.528 35.005 67.487 17 21 11 396 4
319.528 35.005 67.487 18 21 11 396 4
319.528 35.005 67.487 19 21 11 396 4
319.528 35.005 67.487 20 21 11 396 4
319.528 35.005 67.487 21 21 11 396 4
319.528 35.005 67.487 22 21 11 396 4
359.561 100.590 197.796 23 21 11 392 4
359.561 100.590 197.796 24 21 11 392 4
359.561 100.590 197.796 25 21 11 392 4
359.561 100.590 197.796 26 21 11 392 4
359.561 100.590 197.796 27 21 11 392 4
359.561 100.590 197.796 28 21 11 392 4
359.561 100.590 197.796 29 21 11 392 4
359.561 100.590 197.796 30 21 11 392 4
43.474 102.962 66.521 1 22 11 385 3
43.474 102.962 66.521 2 22 11 385 3
336.357 104.932 333.975 3 22 11 393 4
336.357 104.932 333.975 4 22 11 393 4
336.357 104.932 333.975 5 22 11 393 4
311.238 89.175 145.087 6 22 11 302 1
336.357 104.932 333.975 7 22 11 393 4
336.357 104.932 333.975 8 22 11 393 4
319.528 35.005 67.487 9 22 11 396 4
319.528 35.005 67.487 10 22 11 396 4
319.528 35.005 67.487 11 22 11 396 4
319.528 35.005 67.487 12 22 11 396 4
319.528 35.005 67.487 13 22 11 396 4
319.528 35.005 67.487 14 22 11 396 4
319.528 35.005 67.487 15 22 11 396 4
319.528 35.005 67.487 16 22 11 396 4
319.528 35.005 67.487 17 22 11 396 4
319.528 35.005 67.487 18 22 11 396 4
319.528 35.005 67.487 19 22 11 396 4
319.528 35.005 67.487 20 22 11 396 4
319.528 35.005 67.487 21 22 11 396 4
319.528 35.005 67.487 22 22 11 396 4
359.561 100.590 197.796 23 22 11 392 4
359.561 100.590 197.796 24 22 11 392 4
359.561 100.590 197.796 25 22 11 392 4
359.561 100.590 197.796 26 22 11 392 4
359.561 100.590 197.796 27 22 11 392 4
359.561 100.590 197.796 28 22 11 392 4
359.561 100.590 197.796 29 22 11 392 4
359.561 100.590 197.796 30 22 11 392 4
336.357 104.932 333.975 1 23 11 393 4
336.357 104.932 333.975 2 23 11 393 4
336.357 104.932 333.975 3 23 11 393 4
336.357 104.932 333.975 4 23 11 393 4
336.357 104.932 333.975 5 23 11 393 4
336.357 104.932 333.975 6 23 11 393 4
336.357 104.932 333.975 7 23 11 393 4
336.357 104.932 333.975 8 23 11 393 4
319.528 35.005 67.487 9 23 11 396 4
319.528 35.005 67.487 10 23 11 396 4
319.528 35.005 67.487 11 23 11 396 4
319.528 35.005 67.487 12 23 11 396 4
319.528 35.005 67.487 13 23 11 396 4
319.528 35.005 67.487 14 23 11 396 4
319.528 35.005 67.487 15 23 11 396 4
319.528 35.005 67.487 16 23 11 396 4
319.528 35.005 67.487 17 23 11 396 4
319.528 35.005 67.487 18 23 11 396 4
319.528 35.005 67.487 19 23 11 396 4
319.528 35.005 67.487 20 23 11 396 4
319.528 35.005 67.487 21 23 11 396 4
30.261 119.937 83.929 22 23 11 143 1
359.561 100.590 197.796 23 23 11 392 4
359.561 100.590 197.796 24 23 11 392 4
359.561 100.590 197.796 25 23 11 392 4
359.561 100.590 197.796 26 23 11 392 4
359.561 100.590 197.796 27 23 11 392 4
359.561 100.590 197.796 28 23 11 392 4
359.561 100.590 197.796 29 23 11 392 4
359.561 100.590 197.796 30 23 11 392 4
336.357 104.932 333.975 1 24 11 393 4
336.357 104.932 333.975 2 24 11 393 4
336.357 104.932 333.975 3 24 11 393 4
336.357 104.932 333.975 4 24 11 393 4
336.357 104.932 333.975 5 24 11 393 4
336.357 104.932 333.975 6 24 11 393 4
336.357 104.932 333.975 7 24 11 393 4
336.357 104.932 333.975 8 24 11 393 4
336.357 104.932 333.975 9 24 11 393 4
319.528 35.005 67.487 10 24 11 396 4
319.528 35.005 67.487 11 24 11 396 4
319.528 35.005 67.487 12 24 11 396 4
319.528 35.005 67.487 13 24 11 396 4
319.528 35.005 67.487 14 24 11 396 4
181.441 147.546 323.075 15 24 11 431 1
319.528 35.005 67.487 16 24 11 396 4
319.528 35.005 67.487 17 24 11 396 4
319.528 35.005 67.487 18 24 11 396 4
319.528 35.005 67.487 19 24 11 396 4
269.739 56.175 193.527 20 24 11 219 1
319.528 35.005 67.487 21 24 11 396 4
30.261 119.937 83.929 22 24 11 143 1
359.561 100.590 197.796 23 24 11 392 4
359.561 100.590 197.796 24 24 11 392 4
359.561 100.590 197.796 25 24 11 392 4
359.561 100.590 197.796 26 24 11 392 4
359.561 100.590 197.796 27 24 11 392 4
359.561 100.590 197.796 28 24 11 392 4
359.561 100.590 197.796 29 24 11 392 4
359.561 100.590 197.796 30 24 11 392 4
336.357 104.932 333.975 1 25 11 393 4
336.357 104.932 333.975 2 25 11 393 4
336.357 104.932 333.975 3 25 11 393 4
336.357 104.932 333.975 4 25 11 393 4
336.357 104.932 333.975 5 25 11 393 4
336.357 104.932 333.975 6 25 11 393 4
336.357 104.932 333.975 7 25 11 393 4
336.357 104.932 333.975 8 25 11 393 4
336.357 104.932 333.975 9 25 11 393 4
319.528 35.005 67.487 10 25 11 396 4
319.528 35.005 67.487 11 25 11 396 4
319.528 35.005 67.487 12 25 11 396 4
319.528 35.005 67.487 13 25 11 396 4
319.528 35.005 67.487 14 25 11 396 4
319.528 35.005 67.487 15 25 11 396 4
319.528 35.005 67.487 16 25 11 396 4
319.528 35.005 67.487 17 25 11 396 4
319.528 35.005 67.487 18 25 11 396 4
319.528 35.005 67.487 19 25 11 396 4
269.739 56.175 193.527 20 25 11 219 1
319.528 35.005 67.487 21 25 11 396 4
2.111 107.073 287.015 22 25 11 316 2
2.111 107.073 287.015 23 25 11 316 2
359.561 100.590 197.796 24 25 11 392 4
359.561 100.590 197.796 25 25 11 392 4
359.561 100.590 197.796 26 25 11 392 4
359.561 100.590 197.796 27 25 11 392 4
359.561 100.590 197.796 28 25 11 392 4
359.561 100.590 197.796 29 25 11 392 4
359.561 100.590 197.796 30 25 11 392 4
336.357 104.932 333.975 1 26 11 393 4
336.357 104.932 333.975 2 26 11 393 4
336.357 104.932 333.975 3 26 11 393 4
336.357 104.932 333.975 4 26 11 393 4
336.357 104.932 333.975 5 26 11 393 4
336.357 104.932 333.975 6 26 11 393 4
336.357 104.932 333.975 7 26 11 393 4
336.357 104.932 333.975 8 26 11 393 4
336.357 104.932 333.975 9 26 11 393 4
319.528 35.005 67.487 10 26 11 396 4
319.528 35.005 67.487 11 26 11 396 4
319.528 35.005 67.487 12 26 11 396 4
319.528 35.005 67.487 13 26 11 396 4
319.528 35.005 67.487 14 26 11 396 4
319.528 35.005 67.487 15 26 11 396 4
319.528 35.005 67.487 16 26 11 396 4
319.528 35.005 67.487 17 26 11 396 4
319.528 35.005 67.487 18 26 11 396 4
319.528 35.005 67.487 19 26 11 396 4
319.528 35.005 67.487 20 26 11 396 4
2.111 107.073 287.015 21 26 11 316 2
2.111 107.073 287.015 22 26 11 316 2
2.111 107.073 287.015 23 26 11 316 2
359.561 100.590 197.796 24 26 11 392 4
359.561 100.590 197.796 25 26 11 392 4
359.561 100.590 197.796 26 26 11 392 4
359.561 100.590 197.796 27 26 11 392 4
359.561 100.590 197.796 28 26 11 392 4
359.561 100.590 197.796 29 26 11 392 4
359.561 100.590 197.796 30 26 11 392 4
336.357 104.932 333.975 1 27 11 393 4
336.357 104.932 333.975 2 27 11 393 4
336.357 104.932 333.975 3 27 11 393 4
336.357 104.932 333.975 4 27 11 393 4
336.357 104.932 333.975 5 27 11 393 4
336.357 104.932 333.975 6 27 11 393 4
336.357 104.932 333.975 7 27 11 393 4
336.357 104.932 333.975 8 27 11 393 4
336.357 104.932 333.975 9 27 11 393 4
319.528 35.005 67.487 10 27 11 396 4
319.528 35.005 67.487 11 27 11 396 4
319.528 35.005 67.487 12 27 11 396 4
319.528 35.005 67.487 13 27 11 396 4
319.528 35.005 67.487 14 27 11 396 4
319.528 35.005 67.487 15 27 11 396 4
319.528 35.005 67.487 16 27 11 396 4
319.528 35.005 67.487 17 27 11 396 4
319.528 35.005 67.487 18 27 11 396 4
5.089 31.973 92.699 19 27 11 90 1
319.528 35.005 67.487 20 27 11 396 4
2.111 107.073 287.015 21 27 11 316 2
2.111 107.073 287.015 22 27 11 316 2
187.800 115.771 316.877 23 27 11 204 1
2.111 107.073 287.015 24 27 11 316 2
359.561 100.590 197.796 25 27 11 392 4
359.561 100.590 197.796 26 27 11 392 4
359.561 100.590 197.796 27 27 11 392 4
359.561 100.590 197.796 28 27 11 392 4
359.561 100.590 197.796 29 27 11 392 4
359.561 100.590 197.796 30 27 11 392 4
336.357 104.932 333.975 1 28 11 393 4
336.357 104.932 333.975 2 28 11 393 4
336.357 104.932 333.975 3 28 11 393 4
336.357 104.932 333.975 4 28 11 393 4
336.357 104.932 333.975 5 28 11 393 4
336.357 104.932 333.975 6 28 11 393 4
336.357 104.932 333.975 7 28 11 393 4
336.357 104.932 333.975 8 28 11 393 4
336.357 104.932 333.975 9 28 11 393 4
319.528 35.005 67.487 10 28 11 396 4
319.528 35.005 67.487 11 28 11 396 4
319.528 35.005 67.487 12 28 11 396 4
319.528 35.005 67.487 13 28 11 396 4
319.528 35.005 67.487 14 28 11 396 4
319.528 35.005 67.487 15 28 11 396 4
319.528 35.005 67.487 16 28 11 396 4
319.528 35.005 67.487 17 28 11 396 4
319.528 35.005 67.487 18 28 11 396 4
5.089 31.973 92.699 19 28 11 90 1
2.111 107.073 287.015 20 28 11 316 2
2.111 107.073 287.015 21 28 11 316 2
2.111 107.073 287.015 22 28 11 316 2
187.800 115.771 316.877 23 28 11 204 1
187.800 115.771 316.877 24 28 11 204 1
359.561 100.590 197.796 25 28 11 392 4
359.561 100.590 197.796 26 28 11 392 4
359.561 100.590 197.796 27 28 11 392 4
359.561 100.590 197.796 28 28 11 392 4
359.561 100.590 197.796 29 28 11 392 4
359.561 100.590 197.796 30 28 11 392 4
336.357 104.932 333.975 1 29 11 393 4
336.357 104.932 333.975 2 29 11 393 4
336.357 104.932 333.975 3 29 11 393 4
336.357 104.932 333.975 4 29 11 393 4
336.357 104.932 333.975 5 29 11 393 4
336.357 104.932 333.975 6 29 11 393 4
336.357 104.932 333.975 7 29 11 393 4
336.357 104.932 333.975 8 29 11 393 4
336.357 104.932 333.975 9 29 11 393 4
336.357 104.932 333.975 10 29 11 393 4
319.528 35.005 67.487 11 29 11 396 4
319.528 35.005 67.487 12 29 11 396 4
319.528 35.005 67.487 13 29 11 396 4
319.528 35.005 67.487 14 29 11 396 4
319.528 35.005 67.487 15 29 11 396 4
319.528 35.005 67.487 16 29 11 396 4
319.528 35.005 67.487 17 29 11 396 4
319.528 35.005 67.487 18 29 11 396 4
2.111 107.073 287.015 19 29 11 316 2
2.111 107.073 287.015 20 29 11 316 2
2.111 107.073 287.015 21 29 11 316 2
2.111 107.073 287.015 22 29 11 316 2
2.111 107.073 287.015 23 29 11 316 2
187.800 115.771 316.877 24 29 11 204 1
359.561 100.590 197.796 25 29 11 392 4
359.561 100.590 197.796 26 29 11 392 4
359.561 100.590 197.796 27 29 11 392 4
359.561 100.590 197.796 28 29 11 392 4
359.561 100.590 197.796 29 29 11 392 4
359.561 100.590 197.796 30 29 11 392 4
336.357 104.932 333.975 1 30 11 393 4
336.357 104.932 333.975 2 30 11 393 4
336.357 104.932 333.975 3 30 11 393 4
336.357 104.932 333.975 4 30 11 393 4
336.357 104.932 333.975 5 30 11 393 4
336.357 104.932 333.975 6 30 11 393 4
336.357 104.932 333.975 7 30 11 393 4
336.357 104.932 333.975 8 30 11 393 4
336.357 104.932 333.975 9 30 11 393 4
336.357 104.932 333.975 10 30 11 393 4
319.528 35.005 67.487 11 30 11 396 4
319.528 35.005 67.487 12 30 11 396 4
319.528 35.005 67.487 13 30 11 396 4
319.528 35.005 67.487 14 30 11 396 4
319.528 35.005 67.487 15 30 11 396 4
319.528 35.005 67.487 16 30 11 396 4
319.528 35.005 67.487 17 30 11 396 4
319.528 35.005 67.487 18 30 11 396 4
2.111 107.073 287.015 19 30 11 316 2
2.111 107.073 287.015 20 30 11 316 2
2.111 107.073 287.015 21 30 11 316 2
2.111 107.073 287.015 22 30 11 316 2
2.111 107.073 287.015 23 30 11 316 2
187.800 115.771 316.877 24 30 11 204 1
359.561 100.590 197.796 25 30 11 392 4
359.561 100.590 197.796 26 30 11 392 4
359.561 100.590 197.796 27 30 11 392 4
359.561 100.590 197.796 28 30 11 392 4
359.561 100.590 197.796 29 30 11 392 4
359.561 100.590 197.796 30 30 11 392 4
