43.474 102.962 66.521 1 1 15 385 3
43.474 102.962 66.521 2 1 15 385 3
43.474 102.962 66.521 3 1 15 385 3
43.474 102.962 66.521 4 1 15 385 3
43.474 102.962 66.521 5 1 15 385 3
43.474 102.962 66.521 6 1 15 385 3
43.474 102.962 66.521 7 1 15 385 3
43.474 102.962 66.521 8 1 15 385 3
43.474 102.962 66.521 9 1 15 385 3
43.474 102.962 66.521 10 1 15 385 3
43.474 102.962 66.521 11 1 15 385 3
43.474 102.962 66.521 12 1 15 385 3
43.474 102.962 66.521 13 1 15 385 3
43.474 102.962 66.521 14 1 15 385 3
43.474 102.962 66.521 15 1 15 385 3
43.474 102.962 66.521 16 1 15 385 3
43.474 102.962 66.521 17 1 15 385 3
64.172 33.188 69.813 18 1 15 387 4
41.770 84.540 147.654 19 1 15 120 1
41.770 84.540 147.654 20 1 15 120 1
56.862 145.713 194.301 21 1 15 383 3
56.862 145.713 194.301 22 1 15 383 3
56.862 145.713 194.301 23 1 15 383 3
56.862 145.713 194.301 24 1 15 383 3
56.862 145.713 194.301 25 1 15 383 3
56.862 145.713 194.301 26 1 15 383 3
56.862 145.713 194.301 27 1 15 383 3
169.259 123.954 99.233 28 1 15 378 2
169.259 123.954 99.233 29 1 15 378 2
169.259 123.954 99.233 30 1 15 378 2
43.474 102.962 66.521 1 2 15 385 3
43.474 102.962 66.521 2 2 15 385 3
43.474 102.962 66.521 3 2 15 385 3
43.474 102.962 66.521 4 2 15 385 3
43.474 102.962 66.521 5 2 15 385 3
43.474 102.962 66.521 6 2 15 385 3
43.474 102.962 66.521 7 2 15 385 3
43.474 102.962 66.521 8 2 15 385 3
43.474 102.962 66.521 9 2 15 385 3
43.474 102.962 66.521 10 2 15 385 3
43.474 102.962 66.521 11 2 15 385 3
43.474 102.962 66.521 12 2 15 385 3
43.474 102.962 66.521 13 2 15 385 3
43.474 102.962 66.521 14 2 15 385 3
43.474 102.962 66.521 15 2 15 385 3
43.474 102.962 66.521 16 2 15 385 3
64.172 33.188 69.813 17 2 15 387 4
64.172 33.188 69.813 18 2 15 387 4
41.770 84.540 147.654 19 2 15 120 1
41.770 84.540 147.654 20 2 15 120 1
56.862 145.713 194.301 21 2 15 383 3
56.862 145.713 194.301 22 2 15 383 3
56.862 145.713 194.301 23 2 15 383 3
56.862 145.713 194.301 24 2 15 383 3
56.862 145.713 194.301 25 2 15 383 3
250.703 128.087 308.112 26 2 15 49 1
169.259 123.954 99.233 27 2 15 378 2
169.259 123.954 99.233 28 2 15 378 2
169.259 123.954 99.233 29 2 15 378 2
169.259 123.954 99.233 30 2 15 378 2
43.474 102.962 66.521 1 3 15 385 3
43.474 102.962 66.521 2 3 15 385 3
43.474 102.962 66.521 3 3 15 385 3
43.474 102.962 66.521 4 3 15 385 3
43.474 102.962 66.521 5 3 15 385 3
43.474 102.962 66.521 6 3 15 385 3
43.474 102.962 66.521 7 3 15 385 3
43.474 102.962 66.521 8 3 15 385 3
43.474 102.962 66.521 9 3 15 385 3
43.474 102.962 66.521 10 3 15 385 3
43.474 102.962 66.521 11 3 15 385 3
43.474 102.962 66.521 12 3 15 385 3
43.474 102.962 66.521 13 3 15 385 3
43.474 102.962 66.521 14 3 15 385 3
43.474 102.962 66.521 15 3 15 385 3
43.474 102.962 66.521 16 3 15 385 3
64.172 33.188 69.813 17 3 15 387 4
64.172 33.188 69.813 18 3 15 387 4
41.770 84.540 147.654 19 3 15 120 1
41.770 84.540 147.654 20 3 15 120 1
56.862 145.713 194.301 21 3 15 383 3
56.862 145.713 194.301 22 3 15 383 3
56.862 145.713 194.301 23 3 15 383 3
56.862 145.713 194.301 24 3 15 383 3
250.703 128.087 308.112 25 3 15 49 1
250.703 128.087 308.112 26 3 15 49 1
169.259 123.954 99.233 27 3 15 378 2
169.259 123.954 99.233 28 3 15 378 2
169.259 123.954 99.233 29 3 15 378 2
169.259 123.954 99.233 30 3 15 378 2
43.474 102.962 66.521 1 4 15 385 3
43.474 102.962 66.521 2 4 15 385 3
43.474 102.962 66.521 3 4 15 385 3
43.474 102.962 66.521 4 4 15 385 3
43.474 102.962 66.521 5 4 15 385 3
43.474 102.962 66.521 6 4 15 385 3
43.474 102.962 66.521 7 4 15 385 3
43.474 102.962 66.521 8 4 15 385 3
43.474 102.962 66.521 9 4 15 385 3
43.474 102.962 66.521 10 4 15 385 3
43.474 102.962 66.521 11 4 15 385 3
43.474 102.962 66.521 12 4 15 385 3
43.474 102.962 66.521 13 4 15 385 3
43.474 102.962 66.521 14 4 15 385 3
43.474 102.962 66.521 15 4 15 385 3
64.172 33.188 69.813 16 4 15 387 4
64.172 33.188 69.813 17 4 15 387 4
64.172 33.188 69.813 18 4 15 387 4
41.770 84.540 147.654 19 4 15 120 1
41.770 84.540 147.654 20 4 15 120 1
56.862 145.713 194.301 21 4 15 383 3
56.862 145.713 194.301 22 4 15 383 3
56.862 145.713 194.301 23 4 15 383 3
56.862 145.713 194.301 24 4 15 383 3
250.703 128.087 308.112 25 4 15 49 1
250.703 128.087 308.112 26 4 15 49 1
169.259 123.954 99.233 27 4 15 378 2
169.259 123.954 99.233 28 4 15 378 2
169.259 123.954 99.233 29 4 15 378 2
169.259 123.954 99.233 30 4 15 378 2
43.474 102.962 66.521 1 5 15 385 3
43.474 102.962 66.521 2 5 15 385 3
43.474 102.962 66.521 3 5 15 385 3
43.474 102.962 66.521 4 5 15 385 3
43.474 102.962 66.521 5 5 15 385 3
43.474 102.962 66.521 6 5 15 385 3
43.474 102.962 66.521 7 5 15 385 3
43.474 102.962 66.521 8 5 15 385 3
43.474 102.962 66.521 9 5 15 385 3
43.474 102.962 66.521 10 5 15 385 3
43.474 102.962 66.521 11 5 15 385 3
43.474 102.962 66.521 12 5 15 385 3
43.474 102.962 66.521 13 5 15 385 3
43.474 102.962 66.521 14 5 15 385 3
43.474 102.962 66.521 15 5 15 385 3
342.095 110.842 180.792 16 5 15 250 1
41.770 84.540 147.654 17 5 15 120 1
41.770 84.540 147.654 18 5 15 120 1
41.770 84.540 147.654 19 5 15 120 1
275.827 156.704 0.491 20 5 15 69 1
275.827 156.704 0.491 21 5 15 69 1
275.827 156.704 0.491 22 5 15 69 1
56.862 145.713 194.301 23 5 15 383 3
56.862 145.713 194.301 24 5 15 383 3
250.703 128.087 308.112 25 5 15 49 1
250.703 128.087 308.112 26 5 15 49 1
169.259 123.954 99.233 27 5 15 378 2
169.259 123.954 99.233 28 5 15 378 2
169.259 123.954 99.233 29 5 15 378 2
169.259 123.954 99.233 30 5 15 378 2
43.474 102.962 66.521 1 6 15 385 3
45.027 115.459 276.546 2 6 15 173 1
43.474 102.962 66.521 3 6 15 385 3
43.474 102.962 66.521 4 6 15 385 3
43.474 102.962 66.521 5 6 15 385 3
43.474 102.962 66.521 6 6 15 385 3
43.474 102.962 66.521 7 6 15 385 3
43.474 102.962 66.521 8 6 15 385 3
43.474 102.962 66.521 9 6 15 385 3
43.474 102.962 66.521 10 6 15 385 3
43.474 102.962 66.521 11 6 15 385 3
43.474 102.962 66.521 12 6 15 385 3
43.474 102.962 66.521 13 6 15 385 3
43.474 102.962 66.521 14 6 15 385 3
342.095 110.842 180.792 15 6 15 250 1
342.095 110.842 180.792 16 6 15 250 1
41.770 84.540 147.654 17 6 15 120 1
41.770 84.540 147.654 18 6 15 120 1
275.827 156.704 0.491 19 6 15 69 1
275.827 156.704 0.491 20 6 15 69 1
275.827 156.704 0.491 21 6 15 69 1
275.827 156.704 0.491 22 6 15 69 1
56.862 145.713 194.301 23 6 15 383 3
34.397 84.336 310.738 24 6 15 211 1
34.397 84.336 310.738 25 6 15 211 1
11.684 44.776 147.370 26 6 15 312 1
34.397 84.336 310.738 27 6 15 211 1
34.397 84.336 310.738 28 6 15 211 1
31.280 46.456 54.106 29 6 15 338 2
31.280 46.456 54.106 30 6 15 338 2
43.474 102.962 66.521 1 7 15 385 3
43.474 102.962 66.521 2 7 15 385 3
43.474 102.962 66.521 3 7 15 385 3
43.474 102.962 66.521 4 7 15 385 3
43.474 102.962 66.521 5 7 15 385 3
43.474 102.962 66.521 6 7 15 385 3
43.474 102.962 66.521 7 7 15 385 3
43.474 102.962 66.521 8 7 15 385 3
43.474 102.962 66.521 9 7 15 385 3
43.474 102.962 66.521 10 7 15 385 3
43.474 102.962 66.521 11 7 15 385 3
43.474 102.962 66.521 12 7 15 385 3
43.474 102.962 66.521 13 7 15 385 3
43.474 102.962 66.521 14 7 15 385 3
342.095 110.842 180.792 15 7 15 250 1
342.095 110.842 180.792 16 7 15 250 1
41.770 84.540 147.654 17 7 15 120 1
41.770 84.540 147.654 18 7 15 120 1
275.827 156.704 0.491 19 7 15 69 1
275.827 156.704 0.491 20 7 15 69 1
275.827 156.704 0.491 21 7 15 69 1
275.827 156.704 0.491 22 7 15 69 1
275.827 156.704 0.491 23 7 15 69 1
34.397 84.336 310.738 24 7 15 211 1
34.397 84.336 310.738 25 7 15 211 1
34.397 84.336 310.738 26 7 15 211 1
34.397 84.336 310.738 27 7 15 211 1
34.397 84.336 310.738 28 7 15 211 1
34.397 84.336 310.738 29 7 15 211 1
31.280 46.456 54.106 30 7 15 338 2
43.474 102.962 66.521 1 8 15 385 3
43.474 102.962 66.521 2 8 15 385 3
43.474 102.962 66.521 3 8 15 385 3
43.474 102.962 66.521 4 8 15 385 3
43.474 102.962 66.521 5 8 15 385 3
43.474 102.962 66.521 6 8 15 385 3
43.474 102.962 66.521 7 8 15 385 3
43.474 102.962 66.521 8 8 15 385 3
43.474 102.962 66.521 9 8 15 385 3
43.474 102.962 66.521 10 8 15 385 3
43.474 102.962 66.521 11 8 15 385 3
43.474 102.962 66.521 12 8 15 385 3
43.474 102.962 66.521 13 8 15 385 3
43.474 102.962 66.521 14 8 15 385 3
342.095 110.842 180.792 15 8 15 250 1
41.770 84.540 147.654 16 8 15 120 1
164.460 128.281 213.803 17 8 15 76 1
164.460 128.281 213.803 18 8 15 76 1
275.827 156.704 0.491 19 8 15 69 1
275.827 156.704 0.491 20 8 15 69 1
275.827 156.704 0.491 21 8 15 69 1
275.827 156.704 0.491 22 8 15 69 1
318.324 93.401 68.683 23 8 15 22 1
318.324 93.401 68.683 24 8 15 22 1
34.397 84.336 310.738 25 8 15 211 1
34.397 84.336 310.738 26 8 15 211 1
34.397 84.336 310.738 27 8 15 211 1
34.397 84.336 310.738 28 8 15 211 1
34.397 84.336 310.738 29 8 15 211 1
31.280 46.456 54.106 30 8 15 338 2
43.474 102.962 66.521 1 9 15 385 3
43.474 102.962 66.521 2 9 15 385 3
43.474 102.962 66.521 3 9 15 385 3
43.474 102.962 66.521 4 9 15 385 3
43.474 102.962 66.521 5 9 15 385 3
43.474 102.962 66.521 6 9 15 385 3
43.474 102.962 66.521 7 9 15 385 3
43.474 102.962 66.521 8 9 15 385 3
43.474 102.962 66.521 9 9 15 385 3
43.474 102.962 66.521 10 9 15 385 3
43.474 102.962 66.521 11 9 15 385 3
43.474 102.962 66.521 12 9 15 385 3
43.474 102.962 66.521 13 9 15 385 3
43.474 102.962 66.521 14 9 15 385 3
109.701 96.417 151.992 15 9 15 62 1
109.701 96.417 151.992 16 9 15 62 1
164.460 128.281 213.803 17 9 15 76 1
164.460 128.281 213.803 18 9 15 76 1
164.460 128.281 213.803 19 9 15 76 1
223.082 16.101 203.059 20 9 15 227 1
223.082 16.101 203.059 21 9 15 227 1
318.324 93.401 68.683 22 9 15 22 1
318.324 93.401 68.683 23 9 15 22 1
318.324 93.401 68.683 24 9 15 22 1
212.193 117.663 24.879 25 9 15 149 1
143.668 95.126 27.646 26 9 15 339 2
34.397 84.336 310.738 27 9 15 211 1
34.397 84.336 310.738 28 9 15 211 1
34.397 84.336 310.738 29 9 15 211 1
31.280 46.456 54.106 30 9 15 338 2
43.474 102.962 66.521 1 10 15 385 3
43.474 102.962 66.521 2 10 15 385 3
43.474 102.962 66.521 3 10 15 385 3
43.474 102.962 66.521 4 10 15 385 3
43.474 102.962 66.521 5 10 15 385 3
43.474 102.962 66.521 6 10 15 385 3
43.474 102.962 66.521 7 10 15 385 3
43.474 102.962 66.521 8 10 15 385 3
43.474 102.962 66.521 9 10 15 385 3
43.474 102.962 66.521 10 10 15 385 3
43.474 102.962 66.521 11 10 15 385 3
43.474 102.962 66.521 12 10 15 385 3
43.474 102.962 66.521 13 10 15 385 3
43.474 102.962 66.521 14 10 15 385 3
109.701 96.417 151.992 15 10 15 62 1
109.701 96.417 151.992 16 10 15 62 1
164.460 128.281 213.803 17 10 15 76 1
164.460 128.281 213.803 18 10 15 76 1
164.460 128.281 213.803 19 10 15 76 1
164.460 128.281 213.803 20 10 15 76 1
319.528 35.005 67.487 21 10 15 396 4
23.023 53.509 125.455 22 10 15 220 1
318.324 93.401 68.683 23 10 15 22 1
318.324 93.401 68.683 24 10 15 22 1
212.193 117.663 24.879 25 10 15 149 1
143.668 95.126 27.646 26 10 15 339 2
143.668 95.126 27.646 27 10 15 339 2
359.561 100.590 197.796 28 10 15 392 4
359.561 100.590 197.796 29 10 15 392 4
31.280 46.456 54.106 30 10 15 338 2
43.474 102.962 66.521 1 11 15 385 3
43.474 102.962 66.521 2 11 15 385 3
43.474 102.962 66.521 3 11 15 385 3
43.474 102.962 66.521 4 11 15 385 3
43.474 102.962 66.521 5 11 15 385 3
43.474 102.962 66.521 6 11 15 385 3
43.474 102.962 66.521 7 11 15 385 3
43.474 102.962 66.521 8 11 15 385 3
43.474 102.962 66.521 9 11 15 385 3
43.474 102.962 66.521 10 11 15 385 3
43.474 102.962 66.521 11 11 15 385 3
43.474 102.962 66.521 12 11 15 385 3
43.474 102.962 66.521 13 11 15 385 3
109.701 96.417 151.992 14 11 15 62 1
109.701 96.417 151.992 15 11 15 62 1
27.778 122.295 52.647 16 11 15 105 1
187.242 41.142 139.857 17 11 15 395 4
164.460 128.281 213.803 18 11 15 76 1
164.460 128.281 213.803 19 11 15 76 1
57.675 127.266 17.028 20 11 15 305 1
319.528 35.005 67.487 21 11 15 396 4
319.528 35.005 67.487 22 11 15 396 4
143.668 95.126 27.646 23 11 15 339 2
143.668 95.126 27.646 24 11 15 339 2
143.668 95.126 27.646 25 11 15 339 2
143.668 95.126 27.646 26 11 15 339 2
143.668 95.126 27.646 27 11 15 339 2
359.561 100.590 197.796 28 11 15 392 4
359.561 100.590 197.796 29 11 15 392 4
31.280 46.456 54.106 30 11 15 338 2
43.474 102.962 66.521 1 12 15 385 3
43.474 102.962 66.521 2 12 15 385 3
43.474 102.962 66.521 3 12 15 385 3
43.474 102.962 66.521 4 12 15 385 3
43.474 102.962 66.521 5 12 15 385 3
43.474 102.962 66.521 6 12 15 385 3
43.474 102.962 66.521 7 12 15 385 3
43.474 102.962 66.521 8 12 15 385 3
43.474 102.962 66.521 9 12 15 385 3
43.474 102.962 66.521 10 12 15 385 3
43.474 102.962 66.521 11 12 15 385 3
43.474 102.962 66.521 12 12 15 385 3
43.474 102.962 66.521 13 12 15 385 3
109.701 96.417 151.992 14 12 15 62 1
109.701 96.417 151.992 15 12 15 62 1
187.242 41.142 139.857 16 12 15 395 4
187.242 41.142 139.857 17 12 15 395 4
187.242 41.142 139.857 18 12 15 395 4
187.242 41.142 139.857 19 12 15 395 4
187.242 41.142 139.857 20 12 15 395 4
187.242 41.142 139.857 21 12 15 395 4
187.242 41.142 139.857 22 12 15 395 4
143.668 95.126 27.646 23 12 15 339 2
143.668 95.126 27.646 24 12 15 339 2
143.668 95.126 27.646 25 12 15 339 2
143.668 95.126 27.646 26 12 15 339 2
143.668 95.126 27.646 27 12 15 339 2
359.561 100.590 197.796 28 12 15 392 4
359.561 100.590 197.796 29 12 15 392 4
359.561 100.590 197.796 30 12 15 392 4
43.474 102.962 66.521 1 13 15 385 3
43.474 102.962 66.521 2 13 15 385 3
43.474 102.962 66.521 3 13 15 385 3
43.474 102.962 66.521 4 13 15 385 3
43.474 102.962 66.521 5 13 15 385 3
43.474 102.962 66.521 6 13 15 385 3
43.474 102.962 66.521 7 13 15 385 3
43.474 102.962 66.521 8 13 15 385 3
43.474 102.962 66.521 9 13 15 385 3
43.474 102.962 66.521 10 13 15 385 3
43.474 102.962 66.521 11 13 15 385 3
43.474 102.962 66.521 12 13 15 385 3
43.474 102.962 66.521 13 13 15 385 3
187.242 41.142 139.857 14 13 15 395 4
187.242 41.142 139.857 15 13 15 395 4
187.242 41.142 139.857 16 13 15 395 4
187.242 41.142 139.857 17 13 15 395 4
187.242 41.142 139.857 18 13 15 395 4
187.242 41.142 139.857 19 13 15 395 4
187.242 41.142 139.857 20 13 15 395 4
187.242 41.142 139.857 21 13 15 395 4
187.242 41.142 139.857 22 13 15 395 4
187.242 41.142 139.857 23 13 15 395 4
143.668 95.126 27.646 24 13 15 339 2
143.668 95.126 27.646 25 13 15 339 2
359.561 100.590 197.796 26 13 15 392 4
359.561 100.590 197.796 27 13 15 392 4
359.561 100.590 197.796 28 13 15 392 4
359.561 100.590 197.796 29 13 15 392 4
359.561 100.590 197.796 30 13 15 392 4
43.474 102.962 66.521 1 14 15 385 3
43.474 102.962 66.521 2 14 15 385 3
43.474 102.962 66.521 3 14 15 385 3
43.474 102.962 66.521 4 14 15 385 3
43.474 102.962 66.521 5 14 15 385 3
43.474 102.962 66.521 6 14 15 385 3
43.474 102.962 66.521 7 14 15 385 3
43.474 102.962 66.521 8 14 15 385 3
43.474 102.962 66.521 9 14 15 385 3
43.474 102.962 66.521 10 14 15 385 3
43.474 102.962 66.521 11 14 15 385 3
43.474 102.962 66.521 12 14 15 385 3
106.032 144.724 202.766 13 14 15 443 2
187.242 41.142 139.857 14 14 15 395 4
187.242 41.142 139.857 15 14 15 395 4
187.242 41.142 139.857 16 14 15 395 4
187.242 41.142 139.857 17 14 15 395 4
187.242 41.142 139.857 18 14 15 395 4
187.242 41.142 139.857 19 14 15 395 4
187.242 41.142 139.857 20 14 15 395 4
187.242 41.142 139.857 21 14 15 395 4
187.242 41.142 139.857 22 14 15 395 4
187.242 41.142 139.857 23 14 15 395 4
187.242 41.142 139.857 24 14 15 395 4
81.028 159.241 359.101 25 14 15 256 1
359.561 100.590 197.796 26 14 15 392 4
359.561 100.590 197.796 27 14 15 392 4
359.561 100.590 197.796 28 14 15 392 4
359.561 100.590 197.796 29 14 15 392 4
359.561 100.590 197.796 30 14 15 392 4
43.474 102.962 66.521 1 15 15 385 3
43.474 102.962 66.521 2 15 15 385 3
43.474 102.962 66.521 3 15 15 385 3
43.474 102.962 66.521 4 15 15 385 3
43.474 102.962 66.521 5 15 15 385 3
43.474 102.962 66.521 6 15 15 385 3
43.474 102.962 66.521 7 15 15 385 3
43.474 102.962 66.521 8 15 15 385 3
43.474 102.962 66.521 9 15 15 385 3
43.474 102.962 66.521 10 15 15 385 3
106.032 144.724 202.766 11 15 15 443 2
106.032 144.724 202.766 12 15 15 443 2
106.032 144.724 202.766 13 15 15 443 2
187.242 41.142 139.857 14 15 15 395 4
187.242 41.142 139.857 15 15 15 395 4
187.242 41.142 139.857 16 15 15 395 4
187.242 41.142 139.857 17 15 15 395 4
187.242 41.142 139.857 18 15 15 395 4
187.242 41.142 139.857 19 15 15 395 4
253.576 123.215 59.857 20 15 15 121 1
187.242 41.142 139.857 21 15 15 395 4
187.242 41.142 139.857 22 15 15 395 4
187.242 41.142 139.857 23 15 15 395 4
187.242 41.142 139.857 24 15 15 395 4
359.561 100.590 197.796 25 15 15 392 4
359.561 100.590 197.796 26 15 15 392 4
359.561 100.590 197.796 27 15 15 392 4
359.561 100.590 197.796 28 15 15 392 4
359.561 100.590 197.796 29 15 15 392 4
359.561 100.590 197.796 30 15 15 392 4
43.474 102.962 66.521 1 16 15 385 3
43.474 102.962 66.521 2 16 15 385 3
43.474 102.962 66.521 3 16 15 385 3
43.474 102.962 66.521 4 16 15 385 3
43.474 102.962 66.521 5 16 15 385 3
43.474 102.962 66.521 6 16 15 385 3
43.474 102.962 66.521 7 16 15 385 3
43.474 102.962 66.521 8 16 15 385 3
43.474 102.962 66.521 9 16 15 385 3
106.032 144.724 202.766 10 16 15 443 2
106.032 144.724 202.766 11 16 15 443 2
106.032 144.724 202.766 12 16 15 443 2
106.032 144.724 202.766 13 16 15 443 2
319.528 35.005 67.487 14 16 15 396 4
319.528 35.005 67.487 15 16 15 396 4
319.528 35.005 67.487 16 16 15 396 4
319.528 35.005 67.487 17 16 15 396 4
319.528 35.005 67.487 18 16 15 396 4
187.242 41.142 139.857 19 16 15 395 4
187.242 41.142 139.857 20 16 15 395 4
187.242 41.142 139.857 21 16 15 395 4
187.242 41.142 139.857 22 16 15 395 4
187.242 41.142 139.857 23 16 15 395 4
187.242 41.142 139.857 24 16 15 395 4
187.242 41.142 139.857 25 16 15 395 4
359.561 100.590 197.796 26 16 15 392 4
359.561 100.590 197.796 27 16 15 392 4
359.561 100.590 197.796 28 16 15 392 4
359.561 100.590 197.796 29 16 15 392 4
359.561 100.590 197.796 30 16 15 392 4
201.180 88.891 17.695 1 17 15 353 2
201.180 88.891 17.695 2 17 15 353 2
43.474 102.962 66.521 3 17 15 385 3
43.474 102.962 66.521 4 17 15 385 3
43.474 102.962 66.521 5 17 15 385 3
43.474 102.962 66.521 6 17 15 385 3
43.474 102.962 66.521 7 17 15 385 3
43.474 102.962 66.521 8 17 15 385 3
43.474 102.962 66.521 9 17 15 385 3
106.032 144.724 202.766 10 17 15 443 2
106.032 144.724 202.766 11 17 15 443 2
106.032 144.724 202.766 12 17 15 443 2
106.032 144.724 202.766 13 17 15 443 2
319.528 35.005 67.487 14 17 15 396 4
319.528 35.005 67.487 15 17 15 396 4
319.528 35.005 67.487 16 17 15 396 4
319.528 35.005 67.487 17 17 15 396 4
319.528 35.005 67.487 18 17 15 396 4
187.242 41.142 139.857 19 17 15 395 4
187.242 41.142 139.857 20 17 15 395 4
42.877 59.954 46.209 21 17 15 162 1
187.242 41.142 139.857 22 17 15 395 4
187.242 41.142 139.857 23 17 15 395 4
187.242 41.142 139.857 24 17 15 395 4
187.242 41.142 139.857 25 17 15 395 4
359.561 100.590 197.796 26 17 15 392 4
359.561 100.590 197.796 27 17 15 392 4
359.561 100.590 197.796 28 17 15 392 4
359.561 100.590 197.796 29 17 15 392 4
359.561 100.590 197.796 30 17 15 392 4
201.180 88.891 17.695 1 18 15 353 2
201.180 88.891 17.695 2 18 15 353 2
201.180 88.891 17.695 3 18 15 353 2
201.180 88.891 17.695 4 18 15 353 2
43.474 102.962 66.521 5 18 15 385 3
43.474 102.962 66.521 6 18 15 385 3
43.474 102.962 66.521 7 18 15 385 3
43.474 102.962 66.521 8 18 15 385 3
43.474 102.962 66.521 9 18 15 385 3
106.032 144.724 202.766 10 18 15 443 2
106.032 144.724 202.766 11 18 15 443 2
106.032 144.724 202.766 12 18 15 443 2
121.201 115.638 284.676 13 18 15 424 1
137.817 120.591 186.589 14 18 15 71 1
319.528 35.005 67.487 15 18 15 396 4
319.528 35.005 67.487 16 18 15 396 4
319.528 35.005 67.487 17 18 15 396 4
319.528 35.005 67.487 18 18 15 396 4
187.242 41.142 139.857 19 18 15 395 4
187.242 41.142 139.857 20 18 15 395 4
42.877 59.954 46.209 21 18 15 162 1
42.877 59.954 46.209 22 18 15 162 1
187.242 41.142 139.857 23 18 15 395 4
187.242 41.142 139.857 24 18 15 395 4
187.242 41.142 139.857 25 18 15 395 4
359.561 100.590 197.796 26 18 15 392 4
359.561 100.590 197.796 27 18 15 392 4
359.561 100.590 197.796 28 18 15 392 4
359.561 100.590 197.796 29 18 15 392 4
359.561 100.590 197.796 30 18 15 392 4
201.180 88.891 17.695 1 19 15 353 2
201.180 88.891 17.695 2 19 15 353 2
201.180 88.891 17.695 3 19 15 353 2
201.180 88.891 17.695 4 19 15 353 2
43.474 102.962 66.521 5 19 15 385 3
43.474 102.962 66.521 6 19 15 385 3
43.474 102.962 66.521 7 19 15 385 3
43.474 102.962 66.521 8 19 15 385 3
43.474 102.962 66.521 9 19 15 385 3
106.032 144.724 202.766 10 19 15 443 2
106.032 144.724 202.766 11 19 15 443 2
106.032 144.724 202.766 12 19 15 443 2
137.817 120.591 186.589 13 19 15 71 1
319.528 35.005 67.487 14 19 15 396 4
319.528 35.005 67.487 15 19 15 396 4
319.528 35.005 67.487 16 19 15 396 4
319.528 35.005 67.487 17 19 15 396 4
319.528 35.005 67.487 18 19 15 396 4
187.242 41.142 139.857 19 19 15 395 4
187.242 41.142 139.857 20 19 15 395 4
187.242 41.142 139.857 21 19 15 395 4
187.242 41.142 139.857 22 19 15 395 4
187.242 41.142 139.857 23 19 15 395 4
187.242 41.142 139.857 24 19 15 395 4
187.242 41.142 139.857 25 19 15 395 4
359.561 100.590 197.796 26 19 15 392 4
359.561 100.590 197.796 27 19 15 392 4
359.561 100.590 197.796 28 19 15 392 4
359.561 100.590 197.796 29 19 15 392 4
359.561 100.590 197.796 30 19 15 392 4
201.180 88.891 17.695 1 20 15 353 2
201.180 88.891 17.695 2 20 15 353 2
201.180 88.891 17.695 3 20 15 353 2
201.180 88.891 17.695 4 20 15 353 2
201.180 88.891 17.695 5 20 15 353 2
201.180 88.891 17.695 6 20 15 353 2
336.357 104.932 333.975 7 20 15 393 4
336.357 104.932 333.975 8 20 15 393 4
336.357 104.932 333.975 9 20 15 393 4
90.401 79.997 109.566 10 20 15 350 2
90.401 79.997 109.566 11 20 15 350 2
319.528 35.005 67.487 12 20 15 396 4
319.528 35.005 67.487 13 20 15 396 4
319.528 35.005 67.487 14 20 15 396 4
319.528 35.005 67.487 15 20 15 396 4
317.555 51.643 238.025 16 20 15 298 1
319.528 35.005 67.487 17 20 15 396 4
319.528 35.005 67.487 18 20 15 396 4
187.242 41.142 139.857 19 20 15 395 4
187.242 41.142 139.857 20 20 15 395 4
187.242 41.142 139.857 21 20 15 395 4
187.242 41.142 139.857 22 20 15 395 4
187.242 41.142 139.857 23 20 15 395 4
187.242 41.142 139.857 24 20 15 395 4
187.242 41.142 139.857 25 20 15 395 4
359.561 100.590 197.796 26 20 15 392 4
359.561 100.590 197.796 27 20 15 392 4
359.561 100.590 197.796 28 20 15 392 4
359.561 100.590 197.796 29 20 15 392 4
359.561 100.590 197.796 30 20 15 392 4
201.180 88.891 17.695 1 21 15 353 2
201.180 88.891 17.695 2 21 15 353 2
201.180 88.891 17.695 3 21 15 353 2
201.180 88.891 17.695 4 21 15 353 2
201.180 88.891 17.695 5 21 15 353 2
336.357 104.932 333.975 6 21 15 393 4
336.357 104.932 333.975 7 21 15 393 4
336.357 104.932 333.975 8 21 15 393 4
336.357 104.932 333.975 9 21 15 393 4
90.401 79.997 109.566 10 21 15 350 2
90.401 79.997 109.566 11 21 15 350 2
90.401 79.997 109.566 12 21 15 350 2
319.528 35.005 67.487 13 21 15 396 4
319.528 35.005 67.487 14 21 15 396 4
319.528 35.005 67.487 15 21 15 396 4
319.528 35.005 67.487 16 21 15 396 4
319.528 35.005 67.487 17 21 15 396 4
319.528 35.005 67.487 18 21 15 396 4
187.242 41.142 139.857 19 21 15 395 4
187.242 41.142 139.857 20 21 15 395 4
187.242 41.142 139.857 21 21 15 395 4
187.242 41.142 139.857 22 21 15 395 4
187.242 41.142 139.857 23 21 15 395 4
187.242 41.142 139.857 24 21 15 395 4
187.242 41.142 139.857 25 21 15 395 4
359.561 100.590 197.796 26 21 15 392 4
359.561 100.590 197.796 27 21 15 392 4
359.561 100.590 197.796 28 21 15 392 4
359.561 100.590 197.796 29 21 15 392 4
359.561 100.590 197.796 30 21 15 392 4
201.180 88.891 17.695 1 22 15 353 2
201.180 88.891 17.695 2 22 15 353 2
201.180 88.891 17.695 3 22 15 353 2
201.180 88.891 17.695 4 22 15 353 2
201.180 88.891 17.695 5 22 15 353 2
336.357 104.932 333.975 6 22 15 393 4
336.357 104.932 333.975 7 22 15 393 4
336.357 104.932 333.975 8 22 15 393 4
336.357 104.932 333.975 9 22 15 393 4
336.357 104.932 333.975 10 22 15 393 4
90.401 79.997 109.566 11 22 15 350 2
90.401 79.997 109.566 12 22 15 350 2
319.528 35.005 67.487 13 22 15 396 4
319.528 35.005 67.487 14 22 15 396 4
319.528 35.005 67.487 15 22 15 396 4
144.197 90.662 46.428 16 22 15 251 1
319.528 35.005 67.487 17 22 15 396 4
319.528 35.005 67.487 18 22 15 396 4
187.242 41.142 139.857 19 22 15 395 4
187.242 41.142 139.857 20 22 15 395 4
187.242 41.142 139.857 21 22 15 395 4
187.242 41.142 139.857 22 22 15 395 4
187.242 41.142 139.857 23 22 15 395 4
187.242 41.142 139.857 24 22 15 395 4
187.242 41.142 139.857 25 22 15 395 4
359.561 100.590 197.796 26 22 15 392 4
359.561 100.590 197.796 27 22 15 392 4
359.561 100.590 197.796 28 22 15 392 4
359.561 100.590 197.796 29 22 15 392 4
359.561 100.590 197.796 30 22 15 392 4
201.180 88.891 17.695 1 23 15 353 2
201.180 88.891 17.695 2 23 15 353 2
201.180 88.891 17.695 3 23 15 353 2
201.180 88.891 17.695 4 23 15 353 2
336.357 104.932 333.975 5 23 15 393 4
336.357 104.932 333.975 6 23 15 393 4
336.357 104.932 333.975 7 23 15 393 4
336.357 104.932 333.975 8 23 15 393 4
336.357 104.932 333.975 9 23 15 393 4
336.357 104.932 333.975 10 23 15 393 4
90.401 79.997 109.566 11 23 15 350 2
90.401 79.997 109.566 12 23 15 350 2
319.528 35.005 67.487 13 23 15 396 4
319.528 35.005 67.487 14 23 15 396 4
319.528 35.005 67.487 15 23 15 396 4
144.197 90.662 46.428 16 23 15 251 1
319.528 35.005 67.487 17 23 15 396 4
319.528 35.005 67.487 18 23 15 396 4
187.242 41.142 139.857 19 23 15 395 4
187.242 41.142 139.857 20 23 15 395 4
187.242 41.142 139.857 21 23 15 395 4
187.242 41.142 139.857 22 23 15 395 4
187.242 41.142 139.857 23 23 15 395 4
187.242 41.142 139.857 24 23 15 395 4
187.242 41.142 139.857 25 23 15 395 4
359.561 100.590 197.796 26 23 15 392 4
359.561 100.590 197.796 27 23 15 392 4
359.561 100.590 197.796 28 23 15 392 4
359.561 100.590 197.796 29 23 15 392 4
359.561 100.590 197.796 30 23 15 392 4
201.180 88.891 17.695 1 24 15 353 2
201.180 88.891 17.695 2 24 15 353 2
336.357 104.932 333.975 3 24 15 393 4
336.357 104.932 333.975 4 24 15 393 4
336.357 104.932 333.975 5 24 15 393 4
336.357 104.932 333.975 6 24 15 393 4
336.357 104.932 333.975 7 24 15 393 4
336.357 104.932 333.975 8 24 15 393 4
336.357 104.932 333.975 9 24 15 393 4
336.357 104.932 333.975 10 24 15 393 4
336.357 104.932 333.975 11 24 15 393 4
319.528 35.005 67.487 12 24 15 396 4
319.528 35.005 67.487 13 24 15 396 4
67.649 92.196 357.414 14 24 15 314 1
319.528 35.005 67.487 15 24 15 396 4
144.197 90.662 46.428 16 24 15 251 1
319.528 35.005 67.487 17 24 15 396 4
319.528 35.005 67.487 18 24 15 396 4
187.242 41.142 139.857 19 24 15 395 4
187.242 41.142 139.857 20 24 15 395 4
187.242 41.142 139.857 21 24 15 395 4
187.242 41.142 139.857 22 24 15 395 4
187.242 41.142 139.857 23 24 15 395 4
187.242 41.142 139.857 24 24 15 395 4
187.242 41.142 139.857 25 24 15 395 4
359.561 100.590 197.796 26 24 15 392 4
359.561 100.590 197.796 27 24 15 392 4
359.561 100.590 197.796 28 24 15 392 4
359.561 100.590 197.796 29 24 15 392 4
359.561 100.590 197.796 30 24 15 392 4
336.357 104.932 333.975 1 25 15 393 4
336.357 104.932 333.975 2 25 15 393 4
336.357 104.932 333.975 3 25 15 393 4
336.357 104.932 333.975 4 25 15 393 4
336.357 104.932 333.975 5 25 15 393 4
336.357 104.932 333.975 6 25 15 393 4
336.357 104.932 333.975 7 25 15 393 4
336.357 104.932 333.975 8 25 15 393 4
336.357 104.932 333.975 9 25 15 393 4
336.357 104.932 333.975 10 25 15 393 4
336.357 104.932 333.975 11 25 15 393 4
319.528 35.005 67.487 12 25 15 396 4
220.767 38.152 307.315 13 25 15 155 1
319.528 35.005 67.487 14 25 15 396 4
319.528 35.005 67.487 15 25 15 396 4
180.048 11.177 135.539 16 25 15 301 1
180.048 11.177 135.539 17 25 15 301 1
180.048 11.177 135.539 18 25 15 301 1
180.048 11.177 135.539 19 25 15 301 1
187.242 41.142 139.857 20 25 15 395 4
187.242 41.142 139.857 21 25 15 395 4
187.242 41.142 139.857 22 25 15 395 4
187.242 41.142 139.857 23 25 15 395 4
187.242 41.142 139.857 24 25 15 395 4
187.242 41.142 139.857 25 25 15 395 4
359.561 100.590 197.796 26 25 15 392 4
359.561 100.590 197.796 27 25 15 392 4
359.561 100.590 197.796 28 25 15 392 4
359.561 100.590 197.796 29 25 15 392 4
359.561 100.590 197.796 30 25 15 392 4
336.357 104.932 333.975 1 26 15 393 4
336.357 104.932 333.975 2 26 15 393 4
336.357 104.932 333.975 3 26 15 393 4
336.357 104.932 333.975 4 26 15 393 4
336.357 104.932 333.975 5 26 15 393 4
336.357 104.932 333.975 6 26 15 393 4
336.357 104.932 333.975 7 26 15 393 4
336.357 104.932 333.975 8 26 15 393 4
336.357 104.932 333.975 9 26 15 393 4
336.357 104.932 333.975 10 26 15 393 4
336.357 104.932 333.975 11 26 15 393 4
336.357 104.932 333.975 12 26 15 393 4
319.528 35.005 67.487 13 26 15 396 4
220.767 38.152 307.315 14 26 15 155 1
319.528 35.005 67.487 15 26 15 396 4
319.528 35.005 67.487 16 26 15 396 4
180.048 11.177 135.539 17 26 15 301 1
180.048 11.177 135.539 18 26 15 301 1
180.048 11.177 135.539 19 26 15 301 1
180.048 11.177 135.539 20 26 15 301 1
180.048 11.177 135.539 21 26 15 301 1
114.635 25.573 139.375 22 26 15 248 1
187.242 41.142 139.857 23 26 15 395 4
187.242 41.142 139.857 24 26 15 395 4
359.561 100.590 197.796 25 26 15 392 4
359.561 100.590 197.796 26 26 15 392 4
359.561 100.590 197.796 27 26 15 392 4
359.561 100.590 197.796 28 26 15 392 4
359.561 100.590 197.796 29 26 15 392 4
326.513 54.738 221.404 30 26 15 349 2
336.357 104.932 333.975 1 27 15 393 4
336.357 104.932 333.975 2 27 15 393 4
336.357 104.932 333.975 3 27 15 393 4
336.357 104.932 333.975 4 27 15 393 4
336.357 104.932 333.975 5 27 15 393 4
336.357 104.932 333.975 6 27 15 393 4
336.357 104.932 333.975 7 27 15 393 4
336.357 104.932 333.975 8 27 15 393 4
336.357 104.932 333.975 9 27 15 393 4
336.357 104.932 333.975 10 27 15 393 4
336.357 104.932 333.975 11 27 15 393 4
336.357 104.932 333.975 12 27 15 393 4
319.528 35.005 67.487 13 27 15 396 4
319.528 35.005 67.487 14 27 15 396 4
319.528 35.005 67.487 15 27 15 396 4
319.528 35.005 67.487 16 27 15 396 4
69.093 87.635 337.483 17 27 15 351 2
180.048 11.177 135.539 18 27 15 301 1
180.048 11.177 135.539 19 27 15 301 1
180.048 11.177 135.539 20 27 15 301 1
180.048 11.177 135.539 21 27 15 301 1
180.048 11.177 135.539 22 27 15 301 1
317.556 42.279 30.935 23 27 15 31 1
317.556 42.279 30.935 24 27 15 31 1
317.556 42.279 30.935 25 27 15 31 1
359.561 100.590 197.796 26 27 15 392 4
359.561 100.590 197.796 27 27 15 392 4
359.561 100.590 197.796 28 27 15 392 4
326.513 54.738 221.404 29 27 15 349 2
326.513 54.738 221.404 30 27 15 349 2
336.357 104.932 333.975 1 28 15 393 4
336.357 104.932 333.975 2 28 15 393 4
336.357 104.932 333.975 3 28 15 393 4
336.357 104.932 333.975 4 28 15 393 4
336.357 104.932 333.975 5 28 15 393 4
336.357 104.932 333.975 6 28 15 393 4
336.357 104.932 333.975 7 28 15 393 4
336.357 104.932 333.975 8 28 15 393 4
336.357 104.932 333.975 9 28 15 393 4
336.357 104.932 333.975 10 28 15 393 4
336.357 104.932 333.975 11 28 15 393 4
336.357 104.932 333.975 12 28 15 393 4
319.528 35.005 67.487 13 28 15 396 4
354.877 86.066 218.395 14 28 15 361 2
354.877 86.066 218.395 15 28 15 361 2
354.877 86.066 218.395 16 28 15 361 2
69.093 87.635 337.483 17 28 15 351 2
69.093 87.635 337.483 18 28 15 351 2
180.048 11.177 135.539 19 28 15 301 1
180.048 11.177 135.539 20 28 15 301 1
180.048 11.177 135.539 21 28 15 301 1
180.048 11.177 135.539 22 28 15 301 1
317.556 42.279 30.935 23 28 15 31 1
317.556 42.279 30.935 24 28 15 31 1
317.556 42.279 30.935 25 28 15 31 1
359.561 100.590 197.796 26 28 15 392 4
359.561 100.590 197.796 27 28 15 392 4
359.561 100.590 197.796 28 28 15 392 4
326.513 54.738 221.404 29 28 15 349 2
326.513 54.738 221.404 30 28 15 349 2
336.357 104.932 333.975 1 29 15 393 4
336.357 104.932 333.975 2 29 15 393 4
336.357 104.932 333.975 3 29 15 393 4
336.357 104.932 333.975 4 29 15 393 4
336.357 104.932 333.975 5 29 15 393 4
336.357 104.932 333.975 6 29 15 393 4
336.357 104.932 333.975 7 29 15 393 4
336.357 104.932 333.975 8 29 15 393 4
336.357 104.932 333.975 9 29 15 393 4
336.357 104.932 333.975 10 29 15 393 4
336.357 104.932 333.975 11 29 15 393 4
336.357 104.932 333.975 12 29 15 393 4
354.877 86.066 218.395 13 29 15 361 2
354.877 86.066 218.395 14 29 15 361 2
354.877 86.066 218.395 15 29 15 361 2
354.877 86.066 218.395 16 29 15 361 2
354.877 86.066 218.395 17 29 15 361 2
132.303 84.087 215.660 18 29 15 41 1
132.303 84.087 215.660 19 29 15 41 1
132.303 84.087 215.660 20 29 15 41 1
132.303 84.087 215.660 21 29 15 41 1
317.556 42.279 30.935 22 29 15 31 1
317.556 42.279 30.935 23 29 15 31 1
317.556 42.279 30.935 24 29 15 31 1
317.556 42.279 30.935 25 29 15 31 1
359.561 100.590 197.796 26 29 15 392 4
98.412 110.738 236.188 27 29 15 307 1
98.412 110.738 236.188 28 29 15 307 1
326.513 54.738 221.404 29 29 15 349 2
326.513 54.738 221.404 30 29 15 349 2
336.357 104.932 333.975 1 30 15 393 4
336.357 104.932 333.975 2 30 15 393 4
336.357 104.932 333.975 3 30 15 393 4
336.357 104.932 333.975 4 30 15 393 4
336.357 104.932 333.975 5 30 15 393 4
336.357 104.932 333.975 6 30 15 393 4
336.357 104.932 333.975 7 30 15 393 4
336.357 104.932 333.975 8 30 15 393 4
336.357 104.932 333.975 9 30 15 393 4
336.357 104.932 333.975 10 30 15 393 4
336.357 104.932 333.975 11 30 15 393 4
336.357 104.932 333.975 12 30 15 393 4
336.357 104.932 333.975 13 30 15 393 4
354.877 86.066 218.395 14 30 15 361 2
354.877 86.066 218.395 15 30 15 361 2
354.877 86.066 218.395 16 30 15 361 2
354.877 86.066 218.395 17 30 15 361 2
132.303 84.087 215.660 18 30 15 41 1
132.303 84.087 215.660 19 30 15 41 1
132.303 84.087 215.660 20 30 15 41 1
132.303 84.087 215.660 21 30 15 41 1
317.556 42.279 30.935 22 30 15 31 1
317.556 42.279 30.935 23 30 15 31 1
317.556 42.279 30.935 24 30 15 31 1
317.556 42.279 30.935 25 30 15 31 1
317.556 42.279 30.935 26 30 15 31 1
116.462 131.967 180.882 27 30 15 176 1
116.462 131.967 180.882 28 30 15 176 1
98.412 110.738 236.188 29 30 15 307 1
326.513 54.738 221.404 30 30 15 349 2
