323.813 49.883 113.811 1 1 10 97 1
323.813 49.883 113.811 2 1 10 97 1
303.400 86.476 243.728 3 1 10 197 1
303.400 86.476 243.728 4 1 10 197 1
303.400 86.476 243.728 5 1 10 197 1
31.243 111.091 327.656 6 1 10 215 1
31.243 111.091 327.656 7 1 10 215 1
343.789 124.719 40.523 8 1 10 343 2
335.919 127.703 315.462 9 1 10 359 3
335.919 127.703 315.462 10 1 10 359 3
335.919 127.703 315.462 11 1 10 359 3
335.919 127.703 315.462 12 1 10 359 3
335.919 127.703 315.462 13 1 10 359 3
335.919 127.703 315.462 14 1 10 359 3
335.919 127.703 315.462 15 1 10 359 3
335.919 127.703 315.462 16 1 10 359 3
335.919 127.703 315.462 17 1 10 359 3
335.919 127.703 315.462 18 1 10 359 3
335.919 127.703 315.462 19 1 10 359 3
335.919 127.703 315.462 20 1 10 359 3
335.919 127.703 315.462 21 1 10 359 3
335.919 127.703 315.462 22 1 10 359 3
335.919 127.703 315.462 23 1 10 359 3
335.919 127.703 315.462 24 1 10 359 3
335.919 127.703 315.462 25 1 10 359 3
335.919 127.703 315.462 26 1 10 359 3
335.919 127.703 315.462 27 1 10 359 3
335.919 127.703 315.462 28 1 10 359 3
335.919 127.703 315.462 29 1 10 359 3
335.919 127.703 315.462 30 1 10 359 3
323.813 49.883 113.811 1 2 10 97 1
323.813 49.883 113.811 2 2 10 97 1
303.400 86.476 243.728 3 2 10 197 1
303.400 86.476 243.728 4 2 10 197 1
303.400 86.476 243.728 5 2 10 197 1
31.243 111.091 327.656 6 2 10 215 1
343.789 124.719 40.523 7 2 10 343 2
343.789 124.719 40.523 8 2 10 343 2
335.919 127.703 315.462 9 2 10 359 3
335.919 127.703 315.462 10 2 10 359 3
335.919 127.703 315.462 11 2 10 359 3
335.919 127.703 315.462 12 2 10 359 3
335.919 127.703 315.462 13 2 10 359 3
335.919 127.703 315.462 14 2 10 359 3
335.919 127.703 315.462 15 2 10 359 3
335.919 127.703 315.462 16 2 10 359 3
335.919 127.703 315.462 17 2 10 359 3
335.919 127.703 315.462 18 2 10 359 3
335.919 127.703 315.462 19 2 10 359 3
335.919 127.703 315.462 20 2 10 359 3
335.919 127.703 315.462 21 2 10 359 3
335.919 127.703 315.462 22 2 10 359 3
335.919 127.703 315.462 23 2 10 359 3
335.919 127.703 315.462 24 2 10 359 3
335.919 127.703 315.462 25 2 10 359 3
335.919 127.703 315.462 26 2 10 359 3
335.919 127.703 315.462 27 2 10 359 3
335.919 127.703 315.462 28 2 10 359 3
335.919 127.703 315.462 29 2 10 359 3
335.919 127.703 315.462 30 2 10 359 3
323.813 49.883 113.811 1 3 10 97 1
323.813 49.883 113.811 2 3 10 97 1
303.400 86.476 243.728 3 3 10 197 1
303.400 86.476 243.728 4 3 10 197 1
303.400 86.476 243.728 5 3 10 197 1
31.243 111.091 327.656 6 3 10 215 1
335.919 127.703 315.462 7 3 10 359 3
335.919 127.703 315.462 8 3 10 359 3
335.919 127.703 315.462 9 3 10 359 3
335.919 127.703 315.462 10 3 10 359 3
335.919 127.703 315.462 11 3 10 359 3
335.919 127.703 315.462 12 3 10 359 3
335.919 127.703 315.462 13 3 10 359 3
335.919 127.703 315.462 14 3 10 359 3
335.919 127.703 315.462 15 3 10 359 3
335.919 127.703 315.462 16 3 10 359 3
335.919 127.703 315.462 17 3 10 359 3
335.919 127.703 315.462 18 3 10 359 3
335.919 127.703 315.462 19 3 10 359 3
335.919 127.703 315.462 20 3 10 359 3
335.919 127.703 315.462 21 3 10 359 3
335.919 127.703 315.462 22 3 10 359 3
335.919 127.703 315.462 23 3 10 359 3
335.919 127.703 315.462 24 3 10 359 3
335.919 127.703 315.462 25 3 10 359 3
335.919 127.703 315.462 26 3 10 359 3
335.919 127.703 315.462 27 3 10 359 3
106.914 86.744 54.470 28 3 10 379 1
335.919 127.703 315.462 29 3 10 359 3
335.919 127.703 315.462 30 3 10 359 3
323.813 49.883 113.811 1 4 10 97 1
116.417 54.710 289.048 2 4 10 300 2
116.417 54.710 289.048 3 4 10 300 2
116.417 54.710 289.048 4 4 10 300 2
116.417 54.710 289.048 5 4 10 300 2
31.243 111.091 327.656 6 4 10 215 1
335.919 127.703 315.462 7 4 10 359 3
335.919 127.703 315.462 8 4 10 359 3
335.919 127.703 315.462 9 4 10 359 3
335.919 127.703 315.462 10 4 10 359 3
335.919 127.703 315.462 11 4 10 359 3
335.919 127.703 315.462 12 4 10 359 3
335.919 127.703 315.462 13 4 10 359 3
335.919 127.703 315.462 14 4 10 359 3
335.919 127.703 315.462 15 4 10 359 3
335.919 127.703 315.462 16 4 10 359 3
335.919 127.703 315.462 17 4 10 359 3
335.919 127.703 315.462 18 4 10 359 3
335.919 127.703 315.462 19 4 10 359 3
335.919 127.703 315.462 20 4 10 359 3
335.919 127.703 315.462 21 4 10 359 3
335.919 127.703 315.462 22 4 10 359 3
335.919 127.703 315.462 23 4 10 359 3
335.919 127.703 315.462 24 4 10 359 3
335.919 127.703 315.462 25 4 10 359 3
335.919 127.703 315.462 26 4 10 359 3
335.919 127.703 315.462 27 4 10 359 3
106.914 86.744 54.470 28 4 10 379 1
335.919 127.703 315.462 29 4 10 359 3
335.919 127.703 315.462 30 4 10 359 3
116.417 54.710 289.048 1 5 10 300 2
116.417 54.710 289.048 2 5 10 300 2
116.417 54.710 289.048 3 5 10 300 2
116.417 54.710 289.048 4 5 10 300 2
116.417 54.710 289.048 5 5 10 300 2
116.417 54.710 289.048 6 5 10 300 2
335.919 127.703 315.462 7 5 10 359 3
335.919 127.703 315.462 8 5 10 359 3
335.919 127.703 315.462 9 5 10 359 3
335.919 127.703 315.462 10 5 10 359 3
335.919 127.703 315.462 11 5 10 359 3
335.919 127.703 315.462 12 5 10 359 3
335.919 127.703 315.462 13 5 10 359 3
335.919 127.703 315.462 14 5 10 359 3
335.919 127.703 315.462 15 5 10 359 3
335.919 127.703 315.462 16 5 10 359 3
335.919 127.703 315.462 17 5 10 359 3
335.919 127.703 315.462 18 5 10 359 3
335.919 127.703 315.462 19 5 10 359 3
335.919 127.703 315.462 20 5 10 359 3
335.919 127.703 315.462 21 5 10 359 3
335.919 127.703 315.462 22 5 10 359 3
335.919 127.703 315.462 23 5 10 359 3
335.919 127.703 315.462 24 5 10 359 3
335.919 127.703 315.462 25 5 10 359 3
335.919 127.703 315.462 26 5 10 359 3
335.919 127.703 315.462 27 5 10 359 3
106.914 86.744 54.470 28 5 10 379 1
335.919 127.703 315.462 29 5 10 359 3
335.919 127.703 315.462 30 5 10 359 3
292.530 110.764 233.753 1 6 10 369 4
116.417 54.710 289.048 2 6 10 300 2
116.417 54.710 289.048 3 6 10 300 2
116.417 54.710 289.048 4 6 10 300 2
116.417 54.710 289.048 5 6 10 300 2
116.417 54.710 289.048 6 6 10 300 2
335.919 127.703 315.462 7 6 10 359 3
335.919 127.703 315.462 8 6 10 359 3
335.919 127.703 315.462 9 6 10 359 3
335.919 127.703 315.462 10 6 10 359 3
335.919 127.703 315.462 11 6 10 359 3
335.919 127.703 315.462 12 6 10 359 3
335.919 127.703 315.462 13 6 10 359 3
335.919 127.703 315.462 14 6 10 359 3
335.919 127.703 315.462 15 6 10 359 3
335.919 127.703 315.462 16 6 10 359 3
335.919 127.703 315.462 17 6 10 359 3
335.919 127.703 315.462 18 6 10 359 3
335.919 127.703 315.462 19 6 10 359 3
335.919 127.703 315.462 20 6 10 359 3
335.919 127.703 315.462 21 6 10 359 3
340.077 75.038 160.612 22 6 10 314 2
335.919 127.703 315.462 23 6 10 359 3
335.919 127.703 315.462 24 6 10 359 3
335.919 127.703 315.462 25 6 10 359 3
335.919 127.703 315.462 26 6 10 359 3
335.919 127.703 315.462 27 6 10 359 3
275.087 27.615 277.475 28 6 10 276 1
335.919 127.703 315.462 29 6 10 359 3
335.919 127.703 315.462 30 6 10 359 3
292.530 110.764 233.753 1 7 10 369 4
292.530 110.764 233.753 2 7 10 369 4
116.417 54.710 289.048 3 7 10 300 2
292.530 110.764 233.753 4 7 10 369 4
116.417 54.710 289.048 5 7 10 300 2
335.919 127.703 315.462 6 7 10 359 3
335.919 127.703 315.462 7 7 10 359 3
335.919 127.703 315.462 8 7 10 359 3
335.919 127.703 315.462 9 7 10 359 3
335.919 127.703 315.462 10 7 10 359 3
335.919 127.703 315.462 11 7 10 359 3
335.919 127.703 315.462 12 7 10 359 3
335.919 127.703 315.462 13 7 10 359 3
335.919 127.703 315.462 14 7 10 359 3
335.919 127.703 315.462 15 7 10 359 3
335.919 127.703 315.462 16 7 10 359 3
335.919 127.703 315.462 17 7 10 359 3
335.919 127.703 315.462 18 7 10 359 3
335.919 127.703 315.462 19 7 10 359 3
335.919 127.703 315.462 20 7 10 359 3
335.919 127.703 315.462 21 7 10 359 3
335.919 127.703 315.462 22 7 10 359 3
335.919 127.703 315.462 23 7 10 359 3
335.919 127.703 315.462 24 7 10 359 3
335.919 127.703 315.462 25 7 10 359 3
335.919 127.703 315.462 26 7 10 359 3
335.919 127.703 315.462 27 7 10 359 3
335.919 127.703 315.462 28 7 10 359 3
335.919 127.703 315.462 29 7 10 359 3
335.919 127.703 315.462 30 7 10 359 3
292.530 110.764 233.753 1 8 10 369 4
292.530 110.764 233.753 2 8 10 369 4
292.530 110.764 233.753 3 8 10 369 4
292.530 110.764 233.753 4 8 10 369 4
292.530 110.764 233.753 5 8 10 369 4
335.919 127.703 315.462 6 8 10 359 3
335.919 127.703 315.462 7 8 10 359 3
335.919 127.703 315.462 8 8 10 359 3
335.919 127.703 315.462 9 8 10 359 3
335.919 127.703 315.462 10 8 10 359 3
335.919 127.703 315.462 11 8 10 359 3
335.919 127.703 315.462 12 8 10 359 3
335.919 127.703 315.462 13 8 10 359 3
335.919 127.703 315.462 14 8 10 359 3
335.919 127.703 315.462 15 8 10 359 3
335.919 127.703 315.462 16 8 10 359 3
335.919 127.703 315.462 17 8 10 359 3
335.919 127.703 315.462 18 8 10 359 3
335.919 127.703 315.462 19 8 10 359 3
335.919 127.703 315.462 20 8 10 359 3
335.919 127.703 315.462 21 8 10 359 3
335.919 127.703 315.462 22 8 10 359 3
335.919 127.703 315.462 23 8 10 359 3
335.919 127.703 315.462 24 8 10 359 3
335.919 127.703 315.462 25 8 10 359 3
335.919 127.703 315.462 26 8 10 359 3
335.919 127.703 315.462 27 8 10 359 3
335.919 127.703 315.462 28 8 10 359 3
335.919 127.703 315.462 29 8 10 359 3
336.226 138.914 24.856 30 8 10 230 1
292.530 110.764 233.753 1 9 10 369 4
292.530 110.764 233.753 2 9 10 369 4
292.530 110.764 233.753 3 9 10 369 4
292.530 110.764 233.753 4 9 10 369 4
292.530 110.764 233.753 5 9 10 369 4
335.919 127.703 315.462 6 9 10 359 3
335.919 127.703 315.462 7 9 10 359 3
335.919 127.703 315.462 8 9 10 359 3
335.919 127.703 315.462 9 9 10 359 3
335.919 127.703 315.462 10 9 10 359 3
335.919 127.703 315.462 11 9 10 359 3
335.919 127.703 315.462 12 9 10 359 3
335.919 127.703 315.462 13 9 10 359 3
335.919 127.703 315.462 14 9 10 359 3
335.919 127.703 315.462 15 9 10 359 3
335.919 127.703 315.462 16 9 10 359 3
335.919 127.703 315.462 17 9 10 359 3
335.919 127.703 315.462 18 9 10 359 3
335.919 127.703 315.462 19 9 10 359 3
335.919 127.703 315.462 20 9 10 359 3
335.919 127.703 315.462 21 9 10 359 3
335.919 127.703 315.462 22 9 10 359 3
335.919 127.703 315.462 23 9 10 359 3
335.919 127.703 315.462 24 9 10 359 3
335.919 127.703 315.462 25 9 10 359 3
335.919 127.703 315.462 26 9 10 359 3
335.919 127.703 315.462 27 9 10 359 3
335.919 127.703 315.462 28 9 10 359 3
335.919 127.703 315.462 29 9 10 359 3
335.919 127.703 315.462 30 9 10 359 3
292.530 110.764 233.753 1 10 10 369 4
292.530 110.764 233.753 2 10 10 369 4
292.530 110.764 233.753 3 10 10 369 4
292.530 110.764 233.753 4 10 10 369 4
292.530 110.764 233.753 5 10 10 369 4
292.530 110.764 233.753 6 10 10 369 4
335.919 127.703 315.462 7 10 10 359 3
335.919 127.703 315.462 8 10 10 359 3
335.919 127.703 315.462 9 10 10 359 3
335.919 127.703 315.462 10 10 10 359 3
335.919 127.703 315.462 11 10 10 359 3
335.919 127.703 315.462 12 10 10 359 3
335.919 127.703 315.462 13 10 10 359 3
335.919 127.703 315.462 14 10 10 359 3
335.919 127.703 315.462 15 10 10 359 3
335.919 127.703 315.462 16 10 10 359 3
335.919 127.703 315.462 17 10 10 359 3
335.919 127.703 315.462 18 10 10 359 3
335.919 127.703 315.462 19 10 10 359 3
335.919 127.703 315.462 20 10 10 359 3
335.919 127.703 315.462 21 10 10 359 3
335.919 127.703 315.462 22 10 10 359 3
335.919 127.703 315.462 23 10 10 359 3
335.919 127.703 315.462 24 10 10 359 3
335.919 127.703 315.462 25 10 10 359 3
335.919 127.703 315.462 26 10 10 359 3
335.919 127.703 315.462 27 10 10 359 3
335.919 127.703 315.462 28 10 10 359 3
335.919 127.703 315.462 29 10 10 359 3
335.919 127.703 315.462 30 10 10 359 3
292.530 110.764 233.753 1 11 10 369 4
292.530 110.764 233.753 2 11 10 369 4
292.530 110.764 233.753 3 11 10 369 4
292.530 110.764 233.753 4 11 10 369 4
292.530 110.764 233.753 5 11 10 369 4
292.530 110.764 233.753 6 11 10 369 4
335.919 127.703 315.462 7 11 10 359 3
335.919 127.703 315.462 8 11 10 359 3
335.919 127.703 315.462 9 11 10 359 3
335.919 127.703 315.462 10 11 10 359 3
335.919 127.703 315.462 11 11 10 359 3
335.919 127.703 315.462 12 11 10 359 3
335.919 127.703 315.462 13 11 10 359 3
335.919 127.703 315.462 14 11 10 359 3
335.919 127.703 315.462 15 11 10 359 3
335.919 127.703 315.462 16 11 10 359 3
335.919 127.703 315.462 17 11 10 359 3
335.919 127.703 315.462 18 11 10 359 3
335.919 127.703 315.462 19 11 10 359 3
335.919 127.703 315.462 20 11 10 359 3
335.919 127.703 315.462 21 11 10 359 3
335.919 127.703 315.462 22 11 10 359 3
335.919 127.703 315.462 23 11 10 359 3
335.919 127.703 315.462 24 11 10 359 3
335.919 127.703 315.462 25 11 10 359 3
335.919 127.703 315.462 26 11 10 359 3
335.919 127.703 315.462 27 11 10 359 3
335.919 127.703 315.462 28 11 10 359 3
335.919 127.703 315.462 29 11 10 359 3
335.919 127.703 315.462 30 11 10 359 3
177.514 56.207 315.029 1 12 10 430 4
177.514 56.207 315.029 2 12 10 430 4
177.514 56.207 315.029 3 12 10 430 4
292.530 110.764 233.753 4 12 10 369 4
271.725 116.695 168.373 5 12 10 280 1
271.725 116.695 168.373 6 12 10 280 1
271.725 116.695 168.373 7 12 10 280 1
335.919 127.703 315.462 8 12 10 359 3
335.919 127.703 315.462 9 12 10 359 3
335.919 127.703 315.462 10 12 10 359 3
335.919 127.703 315.462 11 12 10 359 3
335.919 127.703 315.462 12 12 10 359 3
335.919 127.703 315.462 13 12 10 359 3
335.919 127.703 315.462 14 12 10 359 3
335.919 127.703 315.462 15 12 10 359 3
335.919 127.703 315.462 16 12 10 359 3
335.919 127.703 315.462 17 12 10 359 3
335.919 127.703 315.462 18 12 10 359 3
335.919 127.703 315.462 19 12 10 359 3
335.919 127.703 315.462 20 12 10 359 3
335.919 127.703 315.462 21 12 10 359 3
335.919 127.703 315.462 22 12 10 359 3
335.919 127.703 315.462 23 12 10 359 3
335.919 127.703 315.462 24 12 10 359 3
335.919 127.703 315.462 25 12 10 359 3
335.919 127.703 315.462 26 12 10 359 3
335.919 127.703 315.462 27 12 10 359 3
6.855 72.286 269.384 28 12 10 397 1
335.919 127.703 315.462 29 12 10 359 3
335.919 127.703 315.462 30 12 10 359 3
177.514 56.207 315.029 1 13 10 430 4
177.514 56.207 315.029 2 13 10 430 4
177.514 56.207 315.029 3 13 10 430 4
177.514 56.207 315.029 4 13 10 430 4
271.725 116.695 168.373 5 13 10 280 1
271.725 116.695 168.373 6 13 10 280 1
271.725 116.695 168.373 7 13 10 280 1
335.919 127.703 315.462 8 13 10 359 3
335.919 127.703 315.462 9 13 10 359 3
335.919 127.703 315.462 10 13 10 359 3
335.919 127.703 315.462 11 13 10 359 3
335.919 127.703 315.462 12 13 10 359 3
335.919 127.703 315.462 13 13 10 359 3
335.919 127.703 315.462 14 13 10 359 3
335.919 127.703 315.462 15 13 10 359 3
335.919 127.703 315.462 16 13 10 359 3
335.919 127.703 315.462 17 13 10 359 3
335.919 127.703 315.462 18 13 10 359 3
335.919 127.703 315.462 19 13 10 359 3
335.919 127.703 315.462 20 13 10 359 3
335.919 127.703 315.462 21 13 10 359 3
335.919 127.703 315.462 22 13 10 359 3
335.919 127.703 315.462 23 13 10 359 3
335.919 127.703 315.462 24 13 10 359 3
335.919 127.703 315.462 25 13 10 359 3
335.919 127.703 315.462 26 13 10 359 3
335.919 127.703 315.462 27 13 10 359 3
335.919 127.703 315.462 28 13 10 359 3
335.919 127.703 315.462 29 13 10 359 3
335.919 127.703 315.462 30 13 10 359 3
177.514 56.207 315.029 1 14 10 430 4
177.514 56.207 315.029 2 14 10 430 4
177.514 56.207 315.029 3 14 10 430 4
177.514 56.207 315.029 4 14 10 430 4
177.514 56.207 315.029 5 14 10 430 4
182.301 119.119 243.398 6 14 10 152 1
56.104 128.981 336.779 7 14 10 370 4
335.919 127.703 315.462 8 14 10 359 3
335.919 127.703 315.462 9 14 10 359 3
49.002 110.716 86.588 10 14 10 88 1
335.919 127.703 315.462 11 14 10 359 3
335.919 127.703 315.462 12 14 10 359 3
335.919 127.703 315.462 13 14 10 359 3
335.919 127.703 315.462 14 14 10 359 3
335.919 127.703 315.462 15 14 10 359 3
335.919 127.703 315.462 16 14 10 359 3
335.919 127.703 315.462 17 14 10 359 3
335.919 127.703 315.462 18 14 10 359 3
335.919 127.703 315.462 19 14 10 359 3
335.919 127.703 315.462 20 14 10 359 3
335.919 127.703 315.462 21 14 10 359 3
335.919 127.703 315.462 22 14 10 359 3
335.919 127.703 315.462 23 14 10 359 3
335.919 127.703 315.462 24 14 10 359 3
335.919 127.703 315.462 25 14 10 359 3
335.919 127.703 315.462 26 14 10 359 3
335.919 127.703 315.462 27 14 10 359 3
335.919 127.703 315.462 28 14 10 359 3
335.919 127.703 315.462 29 14 10 359 3
335.919 127.703 315.462 30 14 10 359 3
177.514 56.207 315.029 1 15 10 430 4
177.514 56.207 315.029 2 15 10 430 4
177.514 56.207 315.029 3 15 10 430 4
177.514 56.207 315.029 4 15 10 430 4
182.301 119.119 243.398 5 15 10 152 1
182.301 119.119 243.398 6 15 10 152 1
56.104 128.981 336.779 7 15 10 370 4
56.104 128.981 336.779 8 15 10 370 4
49.002 110.716 86.588 9 15 10 88 1
56.104 128.981 336.779 10 15 10 370 4
56.104 128.981 336.779 11 15 10 370 4
56.104 128.981 336.779 12 15 10 370 4
56.104 128.981 336.779 13 15 10 370 4
335.919 127.703 315.462 14 15 10 359 3
335.919 127.703 315.462 15 15 10 359 3
335.919 127.703 315.462 16 15 10 359 3
335.919 127.703 315.462 17 15 10 359 3
335.919 127.703 315.462 18 15 10 359 3
335.919 127.703 315.462 19 15 10 359 3
335.919 127.703 315.462 20 15 10 359 3
335.919 127.703 315.462 21 15 10 359 3
335.919 127.703 315.462 22 15 10 359 3
335.919 127.703 315.462 23 15 10 359 3
335.919 127.703 315.462 24 15 10 359 3
335.919 127.703 315.462 25 15 10 359 3
335.919 127.703 315.462 26 15 10 359 3
335.919 127.703 315.462 27 15 10 359 3
335.919 127.703 315.462 28 15 10 359 3
335.919 127.703 315.462 29 15 10 359 3
335.919 127.703 315.462 30 15 10 359 3
177.514 56.207 315.029 1 16 10 430 4
177.514 56.207 315.029 2 16 10 430 4
177.514 56.207 315.029 3 16 10 430 4
177.514 56.207 315.029 4 16 10 430 4
182.301 119.119 243.398 5 16 10 152 1
182.301 119.119 243.398 6 16 10 152 1
56.104 128.981 336.779 7 16 10 370 4
56.104 128.981 336.779 8 16 10 370 4
56.104 128.981 336.779 9 16 10 370 4
56.104 128.981 336.779 10 16 10 370 4
56.104 128.981 336.779 11 16 10 370 4
56.104 128.981 336.779 12 16 10 370 4
56.104 128.981 336.779 13 16 10 370 4
56.104 128.981 336.779 14 16 10 370 4
56.104 128.981 336.779 15 16 10 370 4
56.104 128.981 336.779 16 16 10 370 4
56.104 128.981 336.779 17 16 10 370 4
335.919 127.703 315.462 18 16 10 359 3
335.919 127.703 315.462 19 16 10 359 3
335.919 127.703 315.462 20 16 10 359 3
335.919 127.703 315.462 21 16 10 359 3
335.919 127.703 315.462 22 16 10 359 3
335.919 127.703 315.462 23 16 10 359 3
335.919 127.703 315.462 24 16 10 359 3
335.919 127.703 315.462 25 16 10 359 3
123.059 104.140 323.214 26 16 10 160 1
335.919 127.703 315.462 27 16 10 359 3
335.919 127.703 315.462 28 16 10 359 3
335.919 127.703 315.462 29 16 10 359 3
335.919 127.703 315.462 30 16 10 359 3
177.514 56.207 315.029 1 17 10 430 4
177.514 56.207 315.029 2 17 10 430 4
177.514 56.207 315.029 3 17 10 430 4
177.514 56.207 315.029 4 17 10 430 4
56.104 128.981 336.779 5 17 10 370 4
56.104 128.981 336.779 6 17 10 370 4
56.104 128.981 336.779 7 17 10 370 4
56.104 128.981 336.779 8 17 10 370 4
56.104 128.981 336.779 9 17 10 370 4
56.104 128.981 336.779 10 17 10 370 4
56.104 128.981 336.779 11 17 10 370 4
56.104 128.981 336.779 12 17 10 370 4
56.104 128.981 336.779 13 17 10 370 4
56.104 128.981 336.779 14 17 10 370 4
56.104 128.981 336.779 15 17 10 370 4
56.104 128.981 336.779 16 17 10 370 4
56.104 128.981 336.779 17 17 10 370 4
56.104 128.981 336.779 18 17 10 370 4
56.104 128.981 336.779 19 17 10 370 4
335.919 127.703 315.462 20 17 10 359 3
335.919 127.703 315.462 21 17 10 359 3
335.919 127.703 315.462 22 17 10 359 3
335.919 127.703 315.462 23 17 10 359 3
335.919 127.703 315.462 24 17 10 359 3
335.919 127.703 315.462 25 17 10 359 3
335.919 127.703 315.462 26 17 10 359 3
335.919 127.703 315.462 27 17 10 359 3
335.919 127.703 315.462 28 17 10 359 3
335.919 127.703 315.462 29 17 10 359 3
335.919 127.703 315.462 30 17 10 359 3
177.514 56.207 315.029 1 18 10 430 4
177.514 56.207 315.029 2 18 10 430 4
177.514 56.207 315.029 3 18 10 430 4
177.514 56.207 315.029 4 18 10 430 4
56.104 128.981 336.779 5 18 10 370 4
56.104 128.981 336.779 6 18 10 370 4
56.104 128.981 336.779 7 18 10 370 4
194.324 108.050 35.419 8 18 10 27 1
56.104 128.981 336.779 9 18 10 370 4
56.104 128.981 336.779 10 18 10 370 4
56.104 128.981 336.779 11 18 10 370 4
56.104 128.981 336.779 12 18 10 370 4
56.104 128.981 336.779 13 18 10 370 4
56.104 128.981 336.779 14 18 10 370 4
56.104 128.981 336.779 15 18 10 370 4
56.104 128.981 336.779 16 18 10 370 4
56.104 128.981 336.779 17 18 10 370 4
56.104 128.981 336.779 18 18 10 370 4
56.104 128.981 336.779 19 18 10 370 4
56.104 128.981 336.779 20 18 10 370 4
56.104 128.981 336.779 21 18 10 370 4
335.919 127.703 315.462 22 18 10 359 3
335.919 127.703 315.462 23 18 10 359 3
335.919 127.703 315.462 24 18 10 359 3
335.919 127.703 315.462 25 18 10 359 3
14.863 92.688 229.550 26 18 10 166 1
335.919 127.703 315.462 27 18 10 359 3
335.919 127.703 315.462 28 18 10 359 3
335.919 127.703 315.462 29 18 10 359 3
335.919 127.703 315.462 30 18 10 359 3
177.514 56.207 315.029 1 19 10 430 4
177.514 56.207 315.029 2 19 10 430 4
177.514 56.207 315.029 3 19 10 430 4
56.104 128.981 336.779 4 19 10 370 4
56.104 128.981 336.779 5 19 10 370 4
56.104 128.981 336.779 6 19 10 370 4
56.104 128.981 336.779 7 19 10 370 4
56.104 128.981 336.779 8 19 10 370 4
56.104 128.981 336.779 9 19 10 370 4
56.104 128.981 336.779 10 19 10 370 4
56.104 128.981 336.779 11 19 10 370 4
56.104 128.981 336.779 12 19 10 370 4
56.104 128.981 336.779 13 19 10 370 4
56.104 128.981 336.779 14 19 10 370 4
56.104 128.981 336.779 15 19 10 370 4
56.104 128.981 336.779 16 19 10 370 4
56.104 128.981 336.779 17 19 10 370 4
56.104 128.981 336.779 18 19 10 370 4
56.104 128.981 336.779 19 19 10 370 4
56.104 128.981 336.779 20 19 10 370 4
56.104 128.981 336.779 21 19 10 370 4
56.104 128.981 336.779 22 19 10 370 4
335.919 127.703 315.462 23 19 10 359 3
335.919 127.703 315.462 24 19 10 359 3
335.919 127.703 315.462 25 19 10 359 3
335.919 127.703 315.462 26 19 10 359 3
335.919 127.703 315.462 27 19 10 359 3
335.919 127.703 315.462 28 19 10 359 3
335.919 127.703 315.462 29 19 10 359 3
335.919 127.703 315.462 30 19 10 359 3
177.514 56.207 315.029 1 20 10 430 4
177.514 56.207 315.029 2 20 10 430 4
56.104 128.981 336.779 3 20 10 370 4
56.104 128.981 336.779 4 20 10 370 4
56.104 128.981 336.779 5 20 10 370 4
56.104 128.981 336.779 6 20 10 370 4
56.104 128.981 336.779 7 20 10 370 4
56.104 128.981 336.779 8 20 10 370 4
56.104 128.981 336.779 9 20 10 370 4
56.104 128.981 336.779 10 20 10 370 4
56.104 128.981 336.779 11 20 10 370 4
56.104 128.981 336.779 12 20 10 370 4
56.104 128.981 336.779 13 20 10 370 4
56.104 128.981 336.779 14 20 10 370 4
56.104 128.981 336.779 15 20 10 370 4
56.104 128.981 336.779 16 20 10 370 4
56.104 128.981 336.779 17 20 10 370 4
128.741 132.162 255.312 18 20 10 408 1
56.104 128.981 336.779 19 20 10 370 4
56.104 128.981 336.779 20 20 10 370 4
56.104 128.981 336.779 21 20 10 370 4
56.104 128.981 336.779 22 20 10 370 4
56.104 128.981 336.779 23 20 10 370 4
335.919 127.703 315.462 24 20 10 359 3
335.919 127.703 315.462 25 20 10 359 3
335.919 127.703 315.462 26 20 10 359 3
335.919 127.703 315.462 27 20 10 359 3
335.919 127.703 315.462 28 20 10 359 3
335.919 127.703 315.462 29 20 10 359 3
335.919 127.703 315.462 30 20 10 359 3
56.104 128.981 336.779 1 21 10 370 4
56.104 128.981 336.779 2 21 10 370 4
56.104 128.981 336.779 3 21 10 370 4
56.104 128.981 336.779 4 21 10 370 4
56.104 128.981 336.779 5 21 10 370 4
56.104 128.981 336.779 6 21 10 370 4
56.104 128.981 336.779 7 21 10 370 4
56.104 128.981 336.779 8 21 10 370 4
56.104 128.981 336.779 9 21 10 370 4
56.104 128.981 336.779 10 21 10 370 4
56.104 128.981 336.779 11 21 10 370 4
56.104 128.981 336.779 12 21 10 370 4
56.104 128.981 336.779 13 21 10 370 4
56.104 128.981 336.779 14 21 10 370 4
56.104 128.981 336.779 15 21 10 370 4
56.104 128.981 336.779 16 21 10 370 4
56.104 128.981 336.779 17 21 10 370 4
56.104 128.981 336.779 18 21 10 370 4
56.104 128.981 336.779 19 21 10 370 4
56.104 128.981 336.779 20 21 10 370 4
56.104 128.981 336.779 21 21 10 370 4
56.104 128.981 336.779 22 21 10 370 4
56.104 128.981 336.779 23 21 10 370 4
56.104 128.981 336.779 24 21 10 370 4
335.919 127.703 315.462 25 21 10 359 3
244.105 152.293 354.343 26 21 10 77 1
335.919 127.703 315.462 27 21 10 359 3
335.919 127.703 315.462 28 21 10 359 3
335.919 127.703 315.462 29 21 10 359 3
335.919 127.703 315.462 30 21 10 359 3
126.607 133.262 222.260 1 22 10 159 1
126.607 133.262 222.260 2 22 10 159 1
37.606 125.721 155.692 3 22 10 428 2
37.606 125.721 155.692 4 22 10 428 2
56.104 128.981 336.779 5 22 10 370 4
56.104 128.981 336.779 6 22 10 370 4
56.104 128.981 336.779 7 22 10 370 4
56.104 128.981 336.779 8 22 10 370 4
56.104 128.981 336.779 9 22 10 370 4
56.104 128.981 336.779 10 22 10 370 4
56.104 128.981 336.779 11 22 10 370 4
56.104 128.981 336.779 12 22 10 370 4
56.104 128.981 336.779 13 22 10 370 4
261.416 71.269 82.744 14 22 10 25 1
56.104 128.981 336.779 15 22 10 370 4
312.095 103.149 311.101 16 22 10 120 1
56.104 128.981 336.779 17 22 10 370 4
56.104 128.981 336.779 18 22 10 370 4
56.104 128.981 336.779 19 22 10 370 4
56.104 128.981 336.779 20 22 10 370 4
72.793 69.151 94.127 21 22 10 178 1
56.104 128.981 336.779 22 22 10 370 4
56.104 128.981 336.779 23 22 10 370 4
56.104 128.981 336.779 24 22 10 370 4
56.104 128.981 336.779 25 22 10 370 4
244.105 152.293 354.343 26 22 10 77 1
20.329 92.215 278.900 27 22 10 224 1
20.329 92.215 278.900 28 22 10 224 1
20.329 92.215 278.900 29 22 10 224 1
335.919 127.703 315.462 30 22 10 359 3
56.104 128.981 336.779 1 23 10 370 4
56.104 128.981 336.779 2 23 10 370 4
56.104 128.981 336.779 3 23 10 370 4
56.104 128.981 336.779 4 23 10 370 4
56.104 128.981 336.779 5 23 10 370 4
56.104 128.981 336.779 6 23 10 370 4
56.104 128.981 336.779 7 23 10 370 4
56.104 128.981 336.779 8 23 10 370 4
56.104 128.981 336.779 9 23 10 370 4
56.104 128.981 336.779 10 23 10 370 4
56.104 128.981 336.779 11 23 10 370 4
56.104 128.981 336.779 12 23 10 370 4
56.104 128.981 336.779 13 23 10 370 4
56.104 128.981 336.779 14 23 10 370 4
56.104 128.981 336.779 15 23 10 370 4
56.104 128.981 336.779 16 23 10 370 4
56.104 128.981 336.779 17 23 10 370 4
56.104 128.981 336.779 18 23 10 370 4
56.104 128.981 336.779 19 23 10 370 4
56.104 128.981 336.779 20 23 10 370 4
56.104 128.981 336.779 21 23 10 370 4
56.104 128.981 336.779 22 23 10 370 4
56.104 128.981 336.779 23 23 10 370 4
56.104 128.981 336.779 24 23 10 370 4
56.104 128.981 336.779 25 23 10 370 4
244.105 152.293 354.343 26 23 10 77 1
20.329 92.215 278.900 27 23 10 224 1
150.263 131.604 231.062 28 23 10 122 1
150.263 131.604 231.062 29 23 10 122 1
335.919 127.703 315.462 30 23 10 359 3
56.104 128.981 336.779 1 24 10 370 4
56.104 128.981 336.779 2 24 10 370 4
56.104 128.981 336.779 3 24 10 370 4
358.287 112.022 301.334 4 24 10 71 1
56.104 128.981 336.779 5 24 10 370 4
56.104 128.981 336.779 6 24 10 370 4
56.104 128.981 336.779 7 24 10 370 4
140.899 13.668 175.502 8 24 10 385 1
56.104 128.981 336.779 9 24 10 370 4
183.739 5.365 270.638 10 24 10 145 1
56.104 128.981 336.779 11 24 10 370 4
49.718 126.655 188.192 12 24 10 244 1
56.104 128.981 336.779 13 24 10 370 4
56.104 128.981 336.779 14 24 10 370 4
56.104 128.981 336.779 15 24 10 370 4
79.978 118.631 324.881 16 24 10 174 1
56.104 128.981 336.779 17 24 10 370 4
56.104 128.981 336.779 18 24 10 370 4
56.104 128.981 336.779 19 24 10 370 4
56.104 128.981 336.779 20 24 10 370 4
56.104 128.981 336.779 21 24 10 370 4
56.104 128.981 336.779 22 24 10 370 4
56.104 128.981 336.779 23 24 10 370 4
56.104 128.981 336.779 24 24 10 370 4
56.104 128.981 336.779 25 24 10 370 4
244.105 152.293 354.343 26 24 10 77 1
134.308 118.424 144.011 27 24 10 351 2
150.263 131.604 231.062 28 24 10 122 1
150.263 131.604 231.062 29 24 10 122 1
335.919 127.703 315.462 30 24 10 359 3
56.104 128.981 336.779 1 25 10 370 4
56.104 128.981 336.779 2 25 10 370 4
56.104 128.981 336.779 3 25 10 370 4
56.104 128.981 336.779 4 25 10 370 4
56.104 128.981 336.779 5 25 10 370 4
56.104 128.981 336.779 6 25 10 370 4
56.104 128.981 336.779 7 25 10 370 4
56.104 128.981 336.779 8 25 10 370 4
56.104 128.981 336.779 9 25 10 370 4
56.104 128.981 336.779 10 25 10 370 4
56.104 128.981 336.779 11 25 10 370 4
56.104 128.981 336.779 12 25 10 370 4
56.104 128.981 336.779 13 25 10 370 4
56.104 128.981 336.779 14 25 10 370 4
56.104 128.981 336.779 15 25 10 370 4
56.104 128.981 336.779 16 25 10 370 4
56.104 128.981 336.779 17 25 10 370 4
56.104 128.981 336.779 18 25 10 370 4
56.104 128.981 336.779 19 25 10 370 4
56.104 128.981 336.779 20 25 10 370 4
56.104 128.981 336.779 21 25 10 370 4
56.104 128.981 336.779 22 25 10 370 4
56.104 128.981 336.779 23 25 10 370 4
56.104 128.981 336.779 24 25 10 370 4
134.308 118.424 144.011 25 25 10 351 2
134.308 118.424 144.011 26 25 10 351 2
134.308 118.424 144.011 27 25 10 351 2
108.838 34.737 252.345 28 25 10 200 1
108.838 34.737 252.345 29 25 10 200 1
226.885 93.478 48.061 30 25 10 66 1
56.104 128.981 336.779 1 26 10 370 4
56.104 128.981 336.779 2 26 10 370 4
56.104 128.981 336.779 3 26 10 370 4
206.844 106.289 283.249 4 26 10 52 1
56.104 128.981 336.779 5 26 10 370 4
56.104 128.981 336.779 6 26 10 370 4
56.104 128.981 336.779 7 26 10 370 4
56.104 128.981 336.779 8 26 10 370 4
56.104 128.981 336.779 9 26 10 370 4
56.104 128.981 336.779 10 26 10 370 4
56.104 128.981 336.779 11 26 10 370 4
91.673 32.333 323.794 12 26 10 377 1
56.104 128.981 336.779 13 26 10 370 4
56.104 128.981 336.779 14 26 10 370 4
56.104 128.981 336.779 15 26 10 370 4
56.104 128.981 336.779 16 26 10 370 4
56.104 128.981 336.779 17 26 10 370 4
56.104 128.981 336.779 18 26 10 370 4
56.104 128.981 336.779 19 26 10 370 4
340.482 45.094 142.117 20 26 10 74 1
56.104 128.981 336.779 21 26 10 370 4
56.104 128.981 336.779 22 26 10 370 4
89.950 49.812 270.892 23 26 10 366 4
89.950 49.812 270.892 24 26 10 366 4
89.950 49.812 270.892 25 26 10 366 4
89.950 49.812 270.892 26 26 10 366 4
108.838 34.737 252.345 27 26 10 200 1
108.838 34.737 252.345 28 26 10 200 1
226.885 93.478 48.061 29 26 10 66 1
226.885 93.478 48.061 30 26 10 66 1
56.104 128.981 336.779 1 27 10 370 4
56.104 128.981 336.779 2 27 10 370 4
56.104 128.981 336.779 3 27 10 370 4
56.104 128.981 336.779 4 27 10 370 4
56.104 128.981 336.779 5 27 10 370 4
56.104 128.981 336.779 6 27 10 370 4
56.104 128.981 336.779 7 27 10 370 4
56.104 128.981 336.779 8 27 10 370 4
56.104 128.981 336.779 9 27 10 370 4
56.104 128.981 336.779 10 27 10 370 4
56.104 128.981 336.779 11 27 10 370 4
56.104 128.981 336.779 12 27 10 370 4
56.104 128.981 336.779 13 27 10 370 4
56.104 128.981 336.779 14 27 10 370 4
56.104 128.981 336.779 15 27 10 370 4
56.104 128.981 336.779 16 27 10 370 4
56.104 128.981 336.779 17 27 10 370 4
56.104 128.981 336.779 18 27 10 370 4
56.104 128.981 336.779 19 27 10 370 4
56.104 128.981 336.779 20 27 10 370 4
56.104 128.981 336.779 21 27 10 370 4
56.104 128.981 336.779 22 27 10 370 4
89.950 49.812 270.892 23 27 10 366 4
89.950 49.812 270.892 24 27 10 366 4
89.950 49.812 270.892 25 27 10 366 4
89.950 49.812 270.892 26 27 10 366 4
89.950 49.812 270.892 27 27 10 366 4
234.420 99.660 174.367 28 27 10 423 2
226.885 93.478 48.061 29 27 10 66 1
226.885 93.478 48.061 30 27 10 66 1
56.104 128.981 336.779 1 28 10 370 4
56.104 128.981 336.779 2 28 10 370 4
56.104 128.981 336.779 3 28 10 370 4
56.104 128.981 336.779 4 28 10 370 4
56.104 128.981 336.779 5 28 10 370 4
56.104 128.981 336.779 6 28 10 370 4
56.104 128.981 336.779 7 28 10 370 4
56.104 128.981 336.779 8 28 10 370 4
56.104 128.981 336.779 9 28 10 370 4
56.104 128.981 336.779 10 28 10 370 4
56.104 128.981 336.779 11 28 10 370 4
56.104 128.981 336.779 12 28 10 370 4
56.104 128.981 336.779 13 28 10 370 4
56.104 128.981 336.779 14 28 10 370 4
56.104 128.981 336.779 15 28 10 370 4
56.104 128.981 336.779 16 28 10 370 4
56.104 128.981 336.779 17 28 10 370 4
56.104 128.981 336.779 18 28 10 370 4
56.104 128.981 336.779 19 28 10 370 4
232.780 83.665 209.024 20 28 10 47 1
56.104 128.981 336.779 21 28 10 370 4
56.104 128.981 336.779 22 28 10 370 4
89.950 49.812 270.892 23 28 10 366 4
89.950 49.812 270.892 24 28 10 366 4
89.950 49.812 270.892 25 28 10 366 4
89.950 49.812 270.892 26 28 10 366 4
89.950 49.812 270.892 27 28 10 366 4
234.420 99.660 174.367 28 28 10 423 2
234.420 99.660 174.367 29 28 10 423 2
226.885 93.478 48.061 30 28 10 66 1
56.104 128.981 336.779 1 29 10 370 4
56.104 128.981 336.779 2 29 10 370 4
56.104 128.981 336.779 3 29 10 370 4
56.104 128.981 336.779 4 29 10 370 4
56.104 128.981 336.779 5 29 10 370 4
56.104 128.981 336.779 6 29 10 370 4
56.104 128.981 336.779 7 29 10 370 4
56.104 128.981 336.779 8 29 10 370 4
56.104 128.981 336.779 9 29 10 370 4
56.104 128.981 336.779 10 29 10 370 4
56.104 128.981 336.779 11 29 10 370 4
56.104 128.981 336.779 12 29 10 370 4
56.104 128.981 336.779 13 29 10 370 4
56.104 128.981 336.779 14 29 10 370 4
56.104 128.981 336.779 15 29 10 370 4
56.104 128.981 336.779 16 29 10 370 4
56.104 128.981 336.779 17 29 10 370 4
56.104 128.981 336.779 18 29 10 370 4
56.104 128.981 336.779 19 29 10 370 4
56.104 128.981 336.779 20 29 10 370 4
56.104 128.981 336.779 21 29 10 370 4
56.104 128.981 336.779 22 29 10 370 4
89.950 49.812 270.892 23 29 10 366 4
89.950 49.812 270.892 24 29 10 366 4
89.950 49.812 270.892 25 29 10 366 4
89.950 49.812 270.892 26 29 10 366 4
89.950 49.812 270.892 27 29 10 366 4
89.950 49.812 270.892 28 29 10 366 4
89.950 49.812 270.892 29 29 10 366 4
89.950 49.812 270.892 30 29 10 366 4
56.104 128.981 336.779 1 30 10 370 4
56.104 128.981 336.779 2 30 10 370 4
56.104 128.981 336.779 3 30 10 370 4
56.104 128.981 336.779 4 30 10 370 4
56.104 128.981 336.779 5 30 10 370 4
207.258 136.684 341.803 6 30 10 135 1
56.104 128.981 336.779 7 30 10 370 4
30.873 91.433 195.111 8 30 10 211 1
56.104 128.981 336.779 9 30 10 370 4
56.104 128.981 336.779 10 30 10 370 4
56.104 128.981 336.779 11 30 10 370 4
56.104 128.981 336.779 12 30 10 370 4
56.104 128.981 336.779 13 30 10 370 4
56.104 128.981 336.779 14 30 10 370 4
190.117 67.852 79.325 15 30 10 112 1
190.117 67.852 79.325 16 30 10 112 1
190.117 67.852 79.325 17 30 10 112 1
56.104 128.981 336.779 18 30 10 370 4
56.104 128.981 336.779 19 30 10 370 4
56.104 128.981 336.779 20 30 10 370 4
121.026 150.535 274.723 21 30 10 189 1
121.026 150.535 274.723 22 30 10 189 1
89.950 49.812 270.892 23 30 10 366 4
89.950 49.812 270.892 24 30 10 366 4
89.950 49.812 270.892 25 30 10 366 4
89.950 49.812 270.892 26 30 10 366 4
89.950 49.812 270.892 27 30 10 366 4
89.950 49.812 270.892 28 30 10 366 4
89.950 49.812 270.892 29 30 10 366 4
89.950 49.812 270.892 30 30 10 366 4
