305.297 58.385 318.948 1 1 26 124 1
305.297 58.385 318.948 2 1 26 124 1
261.124 153.561 106.740 3 1 26 411 2
261.124 153.561 106.740 4 1 26 411 2
261.124 153.561 106.740 5 1 26 411 2
297.955 165.456 315.465 6 1 26 36 1
65.803 93.027 243.969 7 1 26 1 1
115.636 130.499 192.918 8 1 26 372 4
115.636 130.499 192.918 9 1 26 372 4
115.636 130.499 192.918 10 1 26 372 4
115.636 130.499 192.918 11 1 26 372 4
115.636 130.499 192.918 12 1 26 372 4
115.636 130.499 192.918 13 1 26 372 4
115.636 130.499 192.918 14 1 26 372 4
115.636 130.499 192.918 15 1 26 372 4
115.636 130.499 192.918 16 1 26 372 4
115.636 130.499 192.918 17 1 26 372 4
115.636 130.499 192.918 18 1 26 372 4
9.908 105.350 297.213 19 1 26 365 4
9.908 105.350 297.213 20 1 26 365 4
9.908 105.350 297.213 21 1 26 365 4
9.908 105.350 297.213 22 1 26 365 4
9.908 105.350 297.213 23 1 26 365 4
9.908 105.350 297.213 24 1 26 365 4
9.908 105.350 297.213 25 1 26 365 4
9.908 105.350 297.213 26 1 26 365 4
324.585 88.051 309.912 27 1 26 368 4
324.585 88.051 309.912 28 1 26 368 4
324.585 88.051 309.912 29 1 26 368 4
324.585 88.051 309.912 30 1 26 368 4
305.297 58.385 318.948 1 2 26 124 1
305.297 58.385 318.948 2 2 26 124 1
261.124 153.561 106.740 3 2 26 411 2
261.124 153.561 106.740 4 2 26 411 2
297.955 165.456 315.465 5 2 26 36 1
65.803 93.027 243.969 6 2 26 1 1
65.803 93.027 243.969 7 2 26 1 1
65.803 93.027 243.969 8 2 26 1 1
115.636 130.499 192.918 9 2 26 372 4
115.636 130.499 192.918 10 2 26 372 4
115.636 130.499 192.918 11 2 26 372 4
115.636 130.499 192.918 12 2 26 372 4
115.636 130.499 192.918 13 2 26 372 4
115.636 130.499 192.918 14 2 26 372 4
115.636 130.499 192.918 15 2 26 372 4
115.636 130.499 192.918 16 2 26 372 4
115.636 130.499 192.918 17 2 26 372 4
115.636 130.499 192.918 18 2 26 372 4
9.908 105.350 297.213 19 2 26 365 4
9.908 105.350 297.213 20 2 26 365 4
9.908 105.350 297.213 21 2 26 365 4
9.908 105.350 297.213 22 2 26 365 4
9.908 105.350 297.213 23 2 26 365 4
9.908 105.350 297.213 24 2 26 365 4
9.908 105.350 297.213 25 2 26 365 4
9.908 105.350 297.213 26 2 26 365 4
9.908 105.350 297.213 27 2 26 365 4
324.585 88.051 309.912 28 2 26 368 4
324.585 88.051 309.912 29 2 26 368 4
324.585 88.051 309.912 30 2 26 368 4
305.297 58.385 318.948 1 3 26 124 1
305.297 58.385 318.948 2 3 26 124 1
305.297 58.385 318.948 3 3 26 124 1
261.124 153.561 106.740 4 3 26 411 2
297.955 165.456 315.465 5 3 26 36 1
65.803 93.027 243.969 6 3 26 1 1
65.803 93.027 243.969 7 3 26 1 1
65.803 93.027 243.969 8 3 26 1 1
115.636 130.499 192.918 9 3 26 372 4
115.636 130.499 192.918 10 3 26 372 4
115.636 130.499 192.918 11 3 26 372 4
115.636 130.499 192.918 12 3 26 372 4
115.636 130.499 192.918 13 3 26 372 4
115.636 130.499 192.918 14 3 26 372 4
115.636 130.499 192.918 15 3 26 372 4
115.636 130.499 192.918 16 3 26 372 4
115.636 130.499 192.918 17 3 26 372 4
115.636 130.499 192.918 18 3 26 372 4
304.609 156.389 327.226 19 3 26 329 2
9.908 105.350 297.213 20 3 26 365 4
9.908 105.350 297.213 21 3 26 365 4
9.908 105.350 297.213 22 3 26 365 4
9.908 105.350 297.213 23 3 26 365 4
9.908 105.350 297.213 24 3 26 365 4
9.908 105.350 297.213 25 3 26 365 4
9.908 105.350 297.213 26 3 26 365 4
9.908 105.350 297.213 27 3 26 365 4
324.585 88.051 309.912 28 3 26 368 4
324.585 88.051 309.912 29 3 26 368 4
324.585 88.051 309.912 30 3 26 368 4
305.297 58.385 318.948 1 4 26 124 1
345.651 133.939 50.069 2 4 26 139 1
345.651 133.939 50.069 3 4 26 139 1
261.124 153.561 106.740 4 4 26 411 2
297.955 165.456 315.465 5 4 26 36 1
65.803 93.027 243.969 6 4 26 1 1
65.803 93.027 243.969 7 4 26 1 1
65.803 93.027 243.969 8 4 26 1 1
38.027 53.376 20.923 9 4 26 364 4
38.027 53.376 20.923 10 4 26 364 4
115.636 130.499 192.918 11 4 26 372 4
115.636 130.499 192.918 12 4 26 372 4
115.636 130.499 192.918 13 4 26 372 4
115.636 130.499 192.918 14 4 26 372 4
115.636 130.499 192.918 15 4 26 372 4
315.177 13.564 169.444 16 4 26 104 1
315.177 13.564 169.444 17 4 26 104 1
304.609 156.389 327.226 18 4 26 329 2
304.609 156.389 327.226 19 4 26 329 2
304.609 156.389 327.226 20 4 26 329 2
9.908 105.350 297.213 21 4 26 365 4
9.908 105.350 297.213 22 4 26 365 4
9.908 105.350 297.213 23 4 26 365 4
9.908 105.350 297.213 24 4 26 365 4
9.908 105.350 297.213 25 4 26 365 4
9.908 105.350 297.213 26 4 26 365 4
9.908 105.350 297.213 27 4 26 365 4
324.585 88.051 309.912 28 4 26 368 4
324.585 88.051 309.912 29 4 26 368 4
324.585 88.051 309.912 30 4 26 368 4
345.651 133.939 50.069 1 5 26 139 1
345.651 133.939 50.069 2 5 26 139 1
214.697 63.425 124.165 3 5 26 158 1
214.697 63.425 124.165 4 5 26 158 1
38.027 53.376 20.923 5 5 26 364 4
38.027 53.376 20.923 6 5 26 364 4
38.027 53.376 20.923 7 5 26 364 4
38.027 53.376 20.923 8 5 26 364 4
38.027 53.376 20.923 9 5 26 364 4
38.027 53.376 20.923 10 5 26 364 4
38.027 53.376 20.923 11 5 26 364 4
38.027 53.376 20.923 12 5 26 364 4
115.636 130.499 192.918 13 5 26 372 4
115.636 130.499 192.918 14 5 26 372 4
115.636 130.499 192.918 15 5 26 372 4
115.636 130.499 192.918 16 5 26 372 4
304.609 156.389 327.226 17 5 26 329 2
304.609 156.389 327.226 18 5 26 329 2
304.609 156.389 327.226 19 5 26 329 2
304.609 156.389 327.226 20 5 26 329 2
9.908 105.350 297.213 21 5 26 365 4
9.908 105.350 297.213 22 5 26 365 4
9.908 105.350 297.213 23 5 26 365 4
9.908 105.350 297.213 24 5 26 365 4
9.908 105.350 297.213 25 5 26 365 4
9.908 105.350 297.213 26 5 26 365 4
9.908 105.350 297.213 27 5 26 365 4
324.585 88.051 309.912 28 5 26 368 4
324.585 88.051 309.912 29 5 26 368 4
324.585 88.051 309.912 30 5 26 368 4
345.651 133.939 50.069 1 6 26 139 1
345.651 133.939 50.069 2 6 26 139 1
214.697 63.425 124.165 3 6 26 158 1
214.697 63.425 124.165 4 6 26 158 1
38.027 53.376 20.923 5 6 26 364 4
38.027 53.376 20.923 6 6 26 364 4
38.027 53.376 20.923 7 6 26 364 4
38.027 53.376 20.923 8 6 26 364 4
38.027 53.376 20.923 9 6 26 364 4
38.027 53.376 20.923 10 6 26 364 4
38.027 53.376 20.923 11 6 26 364 4
38.027 53.376 20.923 12 6 26 364 4
38.027 53.376 20.923 13 6 26 364 4
115.636 130.499 192.918 14 6 26 372 4
115.636 130.499 192.918 15 6 26 372 4
115.636 130.499 192.918 16 6 26 372 4
304.609 156.389 327.226 17 6 26 329 2
304.609 156.389 327.226 18 6 26 329 2
304.609 156.389 327.226 19 6 26 329 2
304.609 156.389 327.226 20 6 26 329 2
304.609 156.389 327.226 21 6 26 329 2
9.908 105.350 297.213 22 6 26 365 4
9.908 105.350 297.213 23 6 26 365 4
9.908 105.350 297.213 24 6 26 365 4
9.908 105.350 297.213 25 6 26 365 4
9.908 105.350 297.213 26 6 26 365 4
109.251 113.490 151.974 27 6 26 301 2
109.251 113.490 151.974 28 6 26 301 2
324.585 88.051 309.912 29 6 26 368 4
324.585 88.051 309.912 30 6 26 368 4
345.651 133.939 50.069 1 7 26 139 1
345.651 133.939 50.069 2 7 26 139 1
345.651 133.939 50.069 3 7 26 139 1
345.651 133.939 50.069 4 7 26 139 1
38.027 53.376 20.923 5 7 26 364 4
38.027 53.376 20.923 6 7 26 364 4
38.027 53.376 20.923 7 7 26 364 4
38.027 53.376 20.923 8 7 26 364 4
38.027 53.376 20.923 9 7 26 364 4
38.027 53.376 20.923 10 7 26 364 4
38.027 53.376 20.923 11 7 26 364 4
38.027 53.376 20.923 12 7 26 364 4
38.027 53.376 20.923 13 7 26 364 4
115.636 130.499 192.918 14 7 26 372 4
115.636 130.499 192.918 15 7 26 372 4
115.636 130.499 192.918 16 7 26 372 4
304.609 156.389 327.226 17 7 26 329 2
304.609 156.389 327.226 18 7 26 329 2
304.609 156.389 327.226 19 7 26 329 2
304.609 156.389 327.226 20 7 26 329 2
304.609 156.389 327.226 21 7 26 329 2
9.908 105.350 297.213 22 7 26 365 4
335.919 127.703 315.462 23 7 26 359 3
335.919 127.703 315.462 24 7 26 359 3
335.919 127.703 315.462 25 7 26 359 3
109.251 113.490 151.974 26 7 26 301 2
109.251 113.490 151.974 27 7 26 301 2
109.251 113.490 151.974 28 7 26 301 2
109.251 113.490 151.974 29 7 26 301 2
324.585 88.051 309.912 30 7 26 368 4
345.651 133.939 50.069 1 8 26 139 1
345.651 133.939 50.069 2 8 26 139 1
345.651 133.939 50.069 3 8 26 139 1
345.651 133.939 50.069 4 8 26 139 1
38.027 53.376 20.923 5 8 26 364 4
38.027 53.376 20.923 6 8 26 364 4
38.027 53.376 20.923 7 8 26 364 4
38.027 53.376 20.923 8 8 26 364 4
38.027 53.376 20.923 9 8 26 364 4
38.027 53.376 20.923 10 8 26 364 4
38.027 53.376 20.923 11 8 26 364 4
38.027 53.376 20.923 12 8 26 364 4
143.401 26.747 65.859 13 8 26 361 4
143.401 26.747 65.859 14 8 26 361 4
143.401 26.747 65.859 15 8 26 361 4
143.401 26.747 65.859 16 8 26 361 4
108.642 23.426 261.606 17 8 26 164 1
108.642 23.426 261.606 18 8 26 164 1
304.609 156.389 327.226 19 8 26 329 2
304.609 156.389 327.226 20 8 26 329 2
142.182 129.510 40.105 21 8 26 48 1
335.919 127.703 315.462 22 8 26 359 3
335.919 127.703 315.462 23 8 26 359 3
335.919 127.703 315.462 24 8 26 359 3
335.919 127.703 315.462 25 8 26 359 3
335.919 127.703 315.462 26 8 26 359 3
109.251 113.490 151.974 27 8 26 301 2
335.919 127.703 315.462 28 8 26 359 3
335.919 127.703 315.462 29 8 26 359 3
335.919 127.703 315.462 30 8 26 359 3
345.651 133.939 50.069 1 9 26 139 1
345.651 133.939 50.069 2 9 26 139 1
345.651 133.939 50.069 3 9 26 139 1
38.027 53.376 20.923 4 9 26 364 4
38.027 53.376 20.923 5 9 26 364 4
38.027 53.376 20.923 6 9 26 364 4
38.027 53.376 20.923 7 9 26 364 4
38.027 53.376 20.923 8 9 26 364 4
38.027 53.376 20.923 9 9 26 364 4
38.027 53.376 20.923 10 9 26 364 4
38.027 53.376 20.923 11 9 26 364 4
143.401 26.747 65.859 12 9 26 361 4
143.401 26.747 65.859 13 9 26 361 4
143.401 26.747 65.859 14 9 26 361 4
143.401 26.747 65.859 15 9 26 361 4
143.401 26.747 65.859 16 9 26 361 4
143.401 26.747 65.859 17 9 26 361 4
335.919 127.703 315.462 18 9 26 359 3
335.919 127.703 315.462 19 9 26 359 3
335.919 127.703 315.462 20 9 26 359 3
335.919 127.703 315.462 21 9 26 359 3
335.919 127.703 315.462 22 9 26 359 3
335.919 127.703 315.462 23 9 26 359 3
335.919 127.703 315.462 24 9 26 359 3
335.919 127.703 315.462 25 9 26 359 3
335.919 127.703 315.462 26 9 26 359 3
335.919 127.703 315.462 27 9 26 359 3
335.919 127.703 315.462 28 9 26 359 3
335.919 127.703 315.462 29 9 26 359 3
335.919 127.703 315.462 30 9 26 359 3
345.651 133.939 50.069 1 10 26 139 1
345.651 133.939 50.069 2 10 26 139 1
345.651 133.939 50.069 3 10 26 139 1
38.027 53.376 20.923 4 10 26 364 4
38.027 53.376 20.923 5 10 26 364 4
38.027 53.376 20.923 6 10 26 364 4
38.027 53.376 20.923 7 10 26 364 4
38.027 53.376 20.923 8 10 26 364 4
143.401 26.747 65.859 9 10 26 361 4
143.401 26.747 65.859 10 10 26 361 4
143.401 26.747 65.859 11 10 26 361 4
143.401 26.747 65.859 12 10 26 361 4
143.401 26.747 65.859 13 10 26 361 4
143.401 26.747 65.859 14 10 26 361 4
143.401 26.747 65.859 15 10 26 361 4
143.401 26.747 65.859 16 10 26 361 4
143.401 26.747 65.859 17 10 26 361 4
335.919 127.703 315.462 18 10 26 359 3
335.919 127.703 315.462 19 10 26 359 3
335.919 127.703 315.462 20 10 26 359 3
335.919 127.703 315.462 21 10 26 359 3
335.919 127.703 315.462 22 10 26 359 3
335.919 127.703 315.462 23 10 26 359 3
335.919 127.703 315.462 24 10 26 359 3
335.919 127.703 315.462 25 10 26 359 3
335.919 127.703 315.462 26 10 26 359 3
335.919 127.703 315.462 27 10 26 359 3
335.919 127.703 315.462 28 10 26 359 3
335.919 127.703 315.462 29 10 26 359 3
335.919 127.703 315.462 30 10 26 359 3
335.007 113.116 30.084 1 11 26 75 1
335.007 113.116 30.084 2 11 26 75 1
335.007 113.116 30.084 3 11 26 75 1
143.401 26.747 65.859 4 11 26 361 4
143.401 26.747 65.859 5 11 26 361 4
143.401 26.747 65.859 6 11 26 361 4
143.401 26.747 65.859 7 11 26 361 4
143.401 26.747 65.859 8 11 26 361 4
143.401 26.747 65.859 9 11 26 361 4
143.401 26.747 65.859 10 11 26 361 4
143.401 26.747 65.859 11 11 26 361 4
143.401 26.747 65.859 12 11 26 361 4
143.401 26.747 65.859 13 11 26 361 4
143.401 26.747 65.859 14 11 26 361 4
143.401 26.747 65.859 15 11 26 361 4
143.401 26.747 65.859 16 11 26 361 4
143.401 26.747 65.859 17 11 26 361 4
335.919 127.703 315.462 18 11 26 359 3
335.919 127.703 315.462 19 11 26 359 3
335.919 127.703 315.462 20 11 26 359 3
335.919 127.703 315.462 21 11 26 359 3
335.919 127.703 315.462 22 11 26 359 3
335.919 127.703 315.462 23 11 26 359 3
335.919 127.703 315.462 24 11 26 359 3
335.919 127.703 315.462 25 11 26 359 3
335.919 127.703 315.462 26 11 26 359 3
335.919 127.703 315.462 27 11 26 359 3
335.919 127.703 315.462 28 11 26 359 3
335.919 127.703 315.462 29 11 26 359 3
75.360 18.838 126.292 30 11 26 261 1
335.007 113.116 30.084 1 12 26 75 1
335.007 113.116 30.084 2 12 26 75 1
335.007 113.116 30.084 3 12 26 75 1
335.007 113.116 30.084 4 12 26 75 1
143.401 26.747 65.859 5 12 26 361 4
143.401 26.747 65.859 6 12 26 361 4
143.401 26.747 65.859 7 12 26 361 4
143.401 26.747 65.859 8 12 26 361 4
143.401 26.747 65.859 9 12 26 361 4
143.401 26.747 65.859 10 12 26 361 4
143.401 26.747 65.859 11 12 26 361 4
143.401 26.747 65.859 12 12 26 361 4
143.401 26.747 65.859 13 12 26 361 4
143.401 26.747 65.859 14 12 26 361 4
143.401 26.747 65.859 15 12 26 361 4
143.401 26.747 65.859 16 12 26 361 4
143.401 26.747 65.859 17 12 26 361 4
335.919 127.703 315.462 18 12 26 359 3
335.919 127.703 315.462 19 12 26 359 3
335.919 127.703 315.462 20 12 26 359 3
335.919 127.703 315.462 21 12 26 359 3
335.919 127.703 315.462 22 12 26 359 3
335.919 127.703 315.462 23 12 26 359 3
335.919 127.703 315.462 24 12 26 359 3
335.919 127.703 315.462 25 12 26 359 3
335.919 127.703 315.462 26 12 26 359 3
335.919 127.703 315.462 27 12 26 359 3
335.919 127.703 315.462 28 12 26 359 3
335.919 127.703 315.462 29 12 26 359 3
75.360 18.838 126.292 30 12 26 261 1
335.007 113.116 30.084 1 13 26 75 1
335.007 113.116 30.084 2 13 26 75 1
335.007 113.116 30.084 3 13 26 75 1
335.007 113.116 30.084 4 13 26 75 1
143.401 26.747 65.859 5 13 26 361 4
143.401 26.747 65.859 6 13 26 361 4
143.401 26.747 65.859 7 13 26 361 4
143.401 26.747 65.859 8 13 26 361 4
143.401 26.747 65.859 9 13 26 361 4
143.401 26.747 65.859 10 13 26 361 4
143.401 26.747 65.859 11 13 26 361 4
143.401 26.747 65.859 12 13 26 361 4
143.401 26.747 65.859 13 13 26 361 4
143.401 26.747 65.859 14 13 26 361 4
143.401 26.747 65.859 15 13 26 361 4
335.919 127.703 315.462 16 13 26 359 3
335.919 127.703 315.462 17 13 26 359 3
335.919 127.703 315.462 18 13 26 359 3
335.919 127.703 315.462 19 13 26 359 3
335.919 127.703 315.462 20 13 26 359 3
335.919 127.703 315.462 21 13 26 359 3
335.919 127.703 315.462 22 13 26 359 3
335.919 127.703 315.462 23 13 26 359 3
335.919 127.703 315.462 24 13 26 359 3
335.919 127.703 315.462 25 13 26 359 3
335.919 127.703 315.462 26 13 26 359 3
335.919 127.703 315.462 27 13 26 359 3
335.919 127.703 315.462 28 13 26 359 3
335.919 127.703 315.462 29 13 26 359 3
335.919 127.703 315.462 30 13 26 359 3
335.007 113.116 30.084 1 14 26 75 1
335.007 113.116 30.084 2 14 26 75 1
335.007 113.116 30.084 3 14 26 75 1
335.007 113.116 30.084 4 14 26 75 1
335.007 113.116 30.084 5 14 26 75 1
143.401 26.747 65.859 6 14 26 361 4
143.401 26.747 65.859 7 14 26 361 4
143.401 26.747 65.859 8 14 26 361 4
143.401 26.747 65.859 9 14 26 361 4
143.401 26.747 65.859 10 14 26 361 4
143.401 26.747 65.859 11 14 26 361 4
143.401 26.747 65.859 12 14 26 361 4
143.401 26.747 65.859 13 14 26 361 4
335.919 127.703 315.462 14 14 26 359 3
335.919 127.703 315.462 15 14 26 359 3
335.919 127.703 315.462 16 14 26 359 3
335.919 127.703 315.462 17 14 26 359 3
335.919 127.703 315.462 18 14 26 359 3
335.919 127.703 315.462 19 14 26 359 3
335.919 127.703 315.462 20 14 26 359 3
335.919 127.703 315.462 21 14 26 359 3
335.919 127.703 315.462 22 14 26 359 3
335.919 127.703 315.462 23 14 26 359 3
335.919 127.703 315.462 24 14 26 359 3
335.919 127.703 315.462 25 14 26 359 3
335.919 127.703 315.462 26 14 26 359 3
335.919 127.703 315.462 27 14 26 359 3
335.919 127.703 315.462 28 14 26 359 3
335.919 127.703 315.462 29 14 26 359 3
335.919 127.703 315.462 30 14 26 359 3
335.007 113.116 30.084 1 15 26 75 1
335.007 113.116 30.084 2 15 26 75 1
335.007 113.116 30.084 3 15 26 75 1
335.007 113.116 30.084 4 15 26 75 1
341.363 137.357 213.692 5 15 26 264 1
341.363 137.357 213.692 6 15 26 264 1
341.363 137.357 213.692 7 15 26 264 1
350.063 47.616 56.318 8 15 26 228 1
143.401 26.747 65.859 9 15 26 361 4
143.401 26.747 65.859 10 15 26 361 4
335.919 127.703 315.462 11 15 26 359 3
335.919 127.703 315.462 12 15 26 359 3
335.919 127.703 315.462 13 15 26 359 3
335.919 127.703 315.462 14 15 26 359 3
335.919 127.703 315.462 15 15 26 359 3
335.919 127.703 315.462 16 15 26 359 3
335.919 127.703 315.462 17 15 26 359 3
335.919 127.703 315.462 18 15 26 359 3
335.919 127.703 315.462 19 15 26 359 3
335.919 127.703 315.462 20 15 26 359 3
335.919 127.703 315.462 21 15 26 359 3
335.919 127.703 315.462 22 15 26 359 3
335.919 127.703 315.462 23 15 26 359 3
335.919 127.703 315.462 24 15 26 359 3
335.919 127.703 315.462 25 15 26 359 3
335.919 127.703 315.462 26 15 26 359 3
335.919 127.703 315.462 27 15 26 359 3
335.919 127.703 315.462 28 15 26 359 3
335.919 127.703 315.462 29 15 26 359 3
335.919 127.703 315.462 30 15 26 359 3
150.313 67.676 232.139 1 16 26 330 2
335.007 113.116 30.084 2 16 26 75 1
335.007 113.116 30.084 3 16 26 75 1
341.363 137.357 213.692 4 16 26 264 1
341.363 137.357 213.692 5 16 26 264 1
341.363 137.357 213.692 6 16 26 264 1
341.363 137.357 213.692 7 16 26 264 1
350.063 47.616 56.318 8 16 26 228 1
350.063 47.616 56.318 9 16 26 228 1
335.919 127.703 315.462 10 16 26 359 3
335.919 127.703 315.462 11 16 26 359 3
335.919 127.703 315.462 12 16 26 359 3
335.919 127.703 315.462 13 16 26 359 3
335.919 127.703 315.462 14 16 26 359 3
335.919 127.703 315.462 15 16 26 359 3
335.919 127.703 315.462 16 16 26 359 3
335.919 127.703 315.462 17 16 26 359 3
335.919 127.703 315.462 18 16 26 359 3
335.919 127.703 315.462 19 16 26 359 3
335.919 127.703 315.462 20 16 26 359 3
335.919 127.703 315.462 21 16 26 359 3
335.919 127.703 315.462 22 16 26 359 3
335.919 127.703 315.462 23 16 26 359 3
335.919 127.703 315.462 24 16 26 359 3
335.919 127.703 315.462 25 16 26 359 3
335.919 127.703 315.462 26 16 26 359 3
335.919 127.703 315.462 27 16 26 359 3
335.919 127.703 315.462 28 16 26 359 3
335.919 127.703 315.462 29 16 26 359 3
335.919 127.703 315.462 30 16 26 359 3
292.530 110.764 233.753 1 17 26 369 4
150.313 67.676 232.139 2 17 26 330 2
341.363 137.357 213.692 3 17 26 264 1
341.363 137.357 213.692 4 17 26 264 1
341.363 137.357 213.692 5 17 26 264 1
341.363 137.357 213.692 6 17 26 264 1
341.363 137.357 213.692 7 17 26 264 1
62.827 34.211 285.858 8 17 26 235 1
62.827 34.211 285.858 9 17 26 235 1
335.919 127.703 315.462 10 17 26 359 3
335.919 127.703 315.462 11 17 26 359 3
335.919 127.703 315.462 12 17 26 359 3
335.919 127.703 315.462 13 17 26 359 3
335.919 127.703 315.462 14 17 26 359 3
335.919 127.703 315.462 15 17 26 359 3
335.919 127.703 315.462 16 17 26 359 3
335.919 127.703 315.462 17 17 26 359 3
335.919 127.703 315.462 18 17 26 359 3
335.919 127.703 315.462 19 17 26 359 3
335.919 127.703 315.462 20 17 26 359 3
335.919 127.703 315.462 21 17 26 359 3
335.919 127.703 315.462 22 17 26 359 3
335.919 127.703 315.462 23 17 26 359 3
335.919 127.703 315.462 24 17 26 359 3
335.919 127.703 315.462 25 17 26 359 3
335.919 127.703 315.462 26 17 26 359 3
335.919 127.703 315.462 27 17 26 359 3
335.919 127.703 315.462 28 17 26 359 3
335.919 127.703 315.462 29 17 26 359 3
335.919 127.703 315.462 30 17 26 359 3
150.313 67.676 232.139 1 18 26 330 2
150.313 67.676 232.139 2 18 26 330 2
341.363 137.357 213.692 3 18 26 264 1
341.363 137.357 213.692 4 18 26 264 1
341.363 137.357 213.692 5 18 26 264 1
341.363 137.357 213.692 6 18 26 264 1
341.363 137.357 213.692 7 18 26 264 1
62.827 34.211 285.858 8 18 26 235 1
62.827 34.211 285.858 9 18 26 235 1
335.919 127.703 315.462 10 18 26 359 3
335.919 127.703 315.462 11 18 26 359 3
335.919 127.703 315.462 12 18 26 359 3
335.919 127.703 315.462 13 18 26 359 3
335.919 127.703 315.462 14 18 26 359 3
335.919 127.703 315.462 15 18 26 359 3
335.919 127.703 315.462 16 18 26 359 3
335.919 127.703 315.462 17 18 26 359 3
335.919 127.703 315.462 18 18 26 359 3
335.919 127.703 315.462 19 18 26 359 3
335.919 127.703 315.462 20 18 26 359 3
335.919 127.703 315.462 21 18 26 359 3
335.919 127.703 315.462 22 18 26 359 3
335.919 127.703 315.462 23 18 26 359 3
335.919 127.703 315.462 24 18 26 359 3
335.919 127.703 315.462 25 18 26 359 3
335.919 127.703 315.462 26 18 26 359 3
335.919 127.703 315.462 27 18 26 359 3
320.798 83.713 104.282 28 18 26 125 1
335.919 127.703 315.462 29 18 26 359 3
335.919 127.703 315.462 30 18 26 359 3
150.313 67.676 232.139 1 19 26 330 2
150.313 67.676 232.139 2 19 26 330 2
341.363 137.357 213.692 3 19 26 264 1
341.363 137.357 213.692 4 19 26 264 1
341.363 137.357 213.692 5 19 26 264 1
341.363 137.357 213.692 6 19 26 264 1
156.041 101.540 135.953 7 19 26 154 1
156.041 101.540 135.953 8 19 26 154 1
156.041 101.540 135.953 9 19 26 154 1
335.919 127.703 315.462 10 19 26 359 3
335.919 127.703 315.462 11 19 26 359 3
335.919 127.703 315.462 12 19 26 359 3
335.919 127.703 315.462 13 19 26 359 3
335.919 127.703 315.462 14 19 26 359 3
335.919 127.703 315.462 15 19 26 359 3
335.919 127.703 315.462 16 19 26 359 3
335.919 127.703 315.462 17 19 26 359 3
335.919 127.703 315.462 18 19 26 359 3
335.919 127.703 315.462 19 19 26 359 3
335.919 127.703 315.462 20 19 26 359 3
335.919 127.703 315.462 21 19 26 359 3
335.919 127.703 315.462 22 19 26 359 3
335.919 127.703 315.462 23 19 26 359 3
335.919 127.703 315.462 24 19 26 359 3
335.919 127.703 315.462 25 19 26 359 3
335.919 127.703 315.462 26 19 26 359 3
335.919 127.703 315.462 27 19 26 359 3
335.919 127.703 315.462 28 19 26 359 3
335.919 127.703 315.462 29 19 26 359 3
335.919 127.703 315.462 30 19 26 359 3
150.313 67.676 232.139 1 20 26 330 2
150.313 67.676 232.139 2 20 26 330 2
113.498 60.400 86.462 3 20 26 196 1
113.498 60.400 86.462 4 20 26 196 1
113.498 60.400 86.462 5 20 26 196 1
156.041 101.540 135.953 6 20 26 154 1
156.041 101.540 135.953 7 20 26 154 1
156.041 101.540 135.953 8 20 26 154 1
156.041 101.540 135.953 9 20 26 154 1
335.919 127.703 315.462 10 20 26 359 3
335.919 127.703 315.462 11 20 26 359 3
335.919 127.703 315.462 12 20 26 359 3
335.919 127.703 315.462 13 20 26 359 3
335.919 127.703 315.462 14 20 26 359 3
335.919 127.703 315.462 15 20 26 359 3
335.919 127.703 315.462 16 20 26 359 3
335.919 127.703 315.462 17 20 26 359 3
335.919 127.703 315.462 18 20 26 359 3
335.919 127.703 315.462 19 20 26 359 3
335.919 127.703 315.462 20 20 26 359 3
335.919 127.703 315.462 21 20 26 359 3
335.919 127.703 315.462 22 20 26 359 3
335.919 127.703 315.462 23 20 26 359 3
335.919 127.703 315.462 24 20 26 359 3
335.919 127.703 315.462 25 20 26 359 3
335.919 127.703 315.462 26 20 26 359 3
335.919 127.703 315.462 27 20 26 359 3
335.919 127.703 315.462 28 20 26 359 3
335.919 127.703 315.462 29 20 26 359 3
335.919 127.703 315.462 30 20 26 359 3
319.013 46.936 257.793 1 21 26 410 1
310.641 40.133 143.432 2 21 26 425 2
310.641 40.133 143.432 3 21 26 425 2
113.498 60.400 86.462 4 21 26 196 1
69.896 63.010 301.899 5 21 26 308 2
156.041 101.540 135.953 6 21 26 154 1
156.041 101.540 135.953 7 21 26 154 1
156.041 101.540 135.953 8 21 26 154 1
156.041 101.540 135.953 9 21 26 154 1
156.041 101.540 135.953 10 21 26 154 1
335.919 127.703 315.462 11 21 26 359 3
335.919 127.703 315.462 12 21 26 359 3
335.919 127.703 315.462 13 21 26 359 3
335.919 127.703 315.462 14 21 26 359 3
335.919 127.703 315.462 15 21 26 359 3
335.919 127.703 315.462 16 21 26 359 3
335.919 127.703 315.462 17 21 26 359 3
335.919 127.703 315.462 18 21 26 359 3
335.919 127.703 315.462 19 21 26 359 3
335.919 127.703 315.462 20 21 26 359 3
335.919 127.703 315.462 21 21 26 359 3
273.657 156.861 302.226 22 21 26 265 1
335.919 127.703 315.462 23 21 26 359 3
335.919 127.703 315.462 24 21 26 359 3
335.919 127.703 315.462 25 21 26 359 3
335.919 127.703 315.462 26 21 26 359 3
335.919 127.703 315.462 27 21 26 359 3
335.919 127.703 315.462 28 21 26 359 3
335.919 127.703 315.462 29 21 26 359 3
335.919 127.703 315.462 30 21 26 359 3
355.074 102.280 9.119 1 22 26 384 1
310.641 40.133 143.432 2 22 26 425 2
310.641 40.133 143.432 3 22 26 425 2
310.641 40.133 143.432 4 22 26 425 2
69.896 63.010 301.899 5 22 26 308 2
334.843 125.045 340.586 6 22 26 401 1
156.041 101.540 135.953 7 22 26 154 1
156.041 101.540 135.953 8 22 26 154 1
156.041 101.540 135.953 9 22 26 154 1
156.041 101.540 135.953 10 22 26 154 1
335.919 127.703 315.462 11 22 26 359 3
335.919 127.703 315.462 12 22 26 359 3
335.919 127.703 315.462 13 22 26 359 3
335.919 127.703 315.462 14 22 26 359 3
335.919 127.703 315.462 15 22 26 359 3
335.919 127.703 315.462 16 22 26 359 3
335.919 127.703 315.462 17 22 26 359 3
335.919 127.703 315.462 18 22 26 359 3
335.919 127.703 315.462 19 22 26 359 3
335.919 127.703 315.462 20 22 26 359 3
335.919 127.703 315.462 21 22 26 359 3
273.657 156.861 302.226 22 22 26 265 1
335.919 127.703 315.462 23 22 26 359 3
136.650 139.383 10.886 24 22 26 319 2
335.919 127.703 315.462 25 22 26 359 3
335.919 127.703 315.462 26 22 26 359 3
335.919 127.703 315.462 27 22 26 359 3
335.919 127.703 315.462 28 22 26 359 3
335.919 127.703 315.462 29 22 26 359 3
335.919 127.703 315.462 30 22 26 359 3
355.074 102.280 9.119 1 23 26 384 1
310.641 40.133 143.432 2 23 26 425 2
310.641 40.133 143.432 3 23 26 425 2
310.641 40.133 143.432 4 23 26 425 2
152.102 96.641 305.352 5 23 26 419 2
152.102 96.641 305.352 6 23 26 419 2
334.843 125.045 340.586 7 23 26 401 1
41.261 86.203 349.100 8 23 26 94 1
156.041 101.540 135.953 9 23 26 154 1
156.041 101.540 135.953 10 23 26 154 1
335.919 127.703 315.462 11 23 26 359 3
335.919 127.703 315.462 12 23 26 359 3
335.919 127.703 315.462 13 23 26 359 3
335.919 127.703 315.462 14 23 26 359 3
335.919 127.703 315.462 15 23 26 359 3
335.919 127.703 315.462 16 23 26 359 3
335.919 127.703 315.462 17 23 26 359 3
335.919 127.703 315.462 18 23 26 359 3
335.919 127.703 315.462 19 23 26 359 3
335.919 127.703 315.462 20 23 26 359 3
335.919 127.703 315.462 21 23 26 359 3
273.657 156.861 302.226 22 23 26 265 1
335.919 127.703 315.462 23 23 26 359 3
335.919 127.703 315.462 24 23 26 359 3
335.919 127.703 315.462 25 23 26 359 3
335.919 127.703 315.462 26 23 26 359 3
335.919 127.703 315.462 27 23 26 359 3
335.919 127.703 315.462 28 23 26 359 3
335.919 127.703 315.462 29 23 26 359 3
335.919 127.703 315.462 30 23 26 359 3
355.074 102.280 9.119 1 24 26 384 1
355.074 102.280 9.119 2 24 26 384 1
355.074 102.280 9.119 3 24 26 384 1
355.074 102.280 9.119 4 24 26 384 1
355.074 102.280 9.119 5 24 26 384 1
152.102 96.641 305.352 6 24 26 419 2
334.843 125.045 340.586 7 24 26 401 1
334.843 125.045 340.586 8 24 26 401 1
334.843 125.045 340.586 9 24 26 401 1
353.741 158.968 157.293 10 24 26 363 4
353.741 158.968 157.293 11 24 26 363 4
353.741 158.968 157.293 12 24 26 363 4
335.919 127.703 315.462 13 24 26 359 3
335.919 127.703 315.462 14 24 26 359 3
335.919 127.703 315.462 15 24 26 359 3
335.919 127.703 315.462 16 24 26 359 3
335.919 127.703 315.462 17 24 26 359 3
335.919 127.703 315.462 18 24 26 359 3
335.919 127.703 315.462 19 24 26 359 3
335.919 127.703 315.462 20 24 26 359 3
335.919 127.703 315.462 21 24 26 359 3
335.919 127.703 315.462 22 24 26 359 3
335.919 127.703 315.462 23 24 26 359 3
335.919 127.703 315.462 24 24 26 359 3
335.919 127.703 315.462 25 24 26 359 3
335.919 127.703 315.462 26 24 26 359 3
335.919 127.703 315.462 27 24 26 359 3
335.919 127.703 315.462 28 24 26 359 3
335.919 127.703 315.462 29 24 26 359 3
335.919 127.703 315.462 30 24 26 359 3
355.074 102.280 9.119 1 25 26 384 1
355.074 102.280 9.119 2 25 26 384 1
355.074 102.280 9.119 3 25 26 384 1
355.074 102.280 9.119 4 25 26 384 1
312.955 134.388 278.043 5 25 26 167 1
152.102 96.641 305.352 6 25 26 419 2
152.102 96.641 305.352 7 25 26 419 2
334.843 125.045 340.586 8 25 26 401 1
353.741 158.968 157.293 9 25 26 363 4
353.741 158.968 157.293 10 25 26 363 4
353.741 158.968 157.293 11 25 26 363 4
353.741 158.968 157.293 12 25 26 363 4
353.741 158.968 157.293 13 25 26 363 4
335.919 127.703 315.462 14 25 26 359 3
335.919 127.703 315.462 15 25 26 359 3
335.919 127.703 315.462 16 25 26 359 3
335.919 127.703 315.462 17 25 26 359 3
335.919 127.703 315.462 18 25 26 359 3
335.919 127.703 315.462 19 25 26 359 3
335.919 127.703 315.462 20 25 26 359 3
335.919 127.703 315.462 21 25 26 359 3
335.919 127.703 315.462 22 25 26 359 3
335.919 127.703 315.462 23 25 26 359 3
335.919 127.703 315.462 24 25 26 359 3
335.919 127.703 315.462 25 25 26 359 3
335.919 127.703 315.462 26 25 26 359 3
335.919 127.703 315.462 27 25 26 359 3
335.919 127.703 315.462 28 25 26 359 3
335.919 127.703 315.462 29 25 26 359 3
335.919 127.703 315.462 30 25 26 359 3
319.013 46.936 257.793 1 26 26 410 1
138.563 59.158 88.275 2 26 26 367 4
138.563 59.158 88.275 3 26 26 367 4
312.955 134.388 278.043 4 26 26 167 1
312.955 134.388 278.043 5 26 26 167 1
18.186 36.791 124.861 6 26 26 136 1
41.261 86.203 349.100 7 26 26 94 1
41.261 86.203 349.100 8 26 26 94 1
162.145 89.327 121.095 9 26 26 165 1
162.145 89.327 121.095 10 26 26 165 1
353.741 158.968 157.293 11 26 26 363 4
353.741 158.968 157.293 12 26 26 363 4
353.741 158.968 157.293 13 26 26 363 4
140.072 97.349 315.941 14 26 26 362 4
140.072 97.349 315.941 15 26 26 362 4
140.072 97.349 315.941 16 26 26 362 4
335.919 127.703 315.462 17 26 26 359 3
335.919 127.703 315.462 18 26 26 359 3
335.919 127.703 315.462 19 26 26 359 3
335.919 127.703 315.462 20 26 26 359 3
335.919 127.703 315.462 21 26 26 359 3
335.919 127.703 315.462 22 26 26 359 3
335.919 127.703 315.462 23 26 26 359 3
335.919 127.703 315.462 24 26 26 359 3
335.919 127.703 315.462 25 26 26 359 3
335.919 127.703 315.462 26 26 26 359 3
335.919 127.703 315.462 27 26 26 359 3
335.919 127.703 315.462 28 26 26 359 3
335.919 127.703 315.462 29 26 26 359 3
335.919 127.703 315.462 30 26 26 359 3
185.485 42.812 192.973 1 27 26 374 4
185.485 42.812 192.973 2 27 26 374 4
185.485 42.812 192.973 3 27 26 374 4
312.955 134.388 278.043 4 27 26 167 1
312.955 134.388 278.043 5 27 26 167 1
18.186 36.791 124.861 6 27 26 136 1
41.261 86.203 349.100 7 27 26 94 1
41.261 86.203 349.100 8 27 26 94 1
353.741 158.968 157.293 9 27 26 363 4
353.741 158.968 157.293 10 27 26 363 4
353.741 158.968 157.293 11 27 26 363 4
353.741 158.968 157.293 12 27 26 363 4
353.741 158.968 157.293 13 27 26 363 4
140.072 97.349 315.941 14 27 26 362 4
140.072 97.349 315.941 15 27 26 362 4
140.072 97.349 315.941 16 27 26 362 4
140.072 97.349 315.941 17 27 26 362 4
140.072 97.349 315.941 18 27 26 362 4
335.919 127.703 315.462 19 27 26 359 3
335.919 127.703 315.462 20 27 26 359 3
335.919 127.703 315.462 21 27 26 359 3
335.919 127.703 315.462 22 27 26 359 3
335.919 127.703 315.462 23 27 26 359 3
335.919 127.703 315.462 24 27 26 359 3
335.919 127.703 315.462 25 27 26 359 3
335.919 127.703 315.462 26 27 26 359 3
335.919 127.703 315.462 27 27 26 359 3
335.919 127.703 315.462 28 27 26 359 3
335.919 127.703 315.462 29 27 26 359 3
335.919 127.703 315.462 30 27 26 359 3
185.485 42.812 192.973 1 28 26 374 4
185.485 42.812 192.973 2 28 26 374 4
185.485 42.812 192.973 3 28 26 374 4
185.485 42.812 192.973 4 28 26 374 4
185.485 42.812 192.973 5 28 26 374 4
185.485 42.812 192.973 6 28 26 374 4
185.485 42.812 192.973 7 28 26 374 4
23.385 82.861 134.077 8 28 26 318 2
353.741 158.968 157.293 9 28 26 363 4
353.741 158.968 157.293 10 28 26 363 4
353.741 158.968 157.293 11 28 26 363 4
353.741 158.968 157.293 12 28 26 363 4
353.741 158.968 157.293 13 28 26 363 4
140.072 97.349 315.941 14 28 26 362 4
140.072 97.349 315.941 15 28 26 362 4
140.072 97.349 315.941 16 28 26 362 4
140.072 97.349 315.941 17 28 26 362 4
140.072 97.349 315.941 18 28 26 362 4
140.072 97.349 315.941 19 28 26 362 4
335.919 127.703 315.462 20 28 26 359 3
335.919 127.703 315.462 21 28 26 359 3
335.919 127.703 315.462 22 28 26 359 3
335.919 127.703 315.462 23 28 26 359 3
335.919 127.703 315.462 24 28 26 359 3
335.919 127.703 315.462 25 28 26 359 3
335.919 127.703 315.462 26 28 26 359 3
335.919 127.703 315.462 27 28 26 359 3
94.576 72.414 253.803 28 28 26 431 4
94.576 72.414 253.803 29 28 26 431 4
94.576 72.414 253.803 30 28 26 431 4
185.485 42.812 192.973 1 29 26 374 4
185.485 42.812 192.973 2 29 26 374 4
185.485 42.812 192.973 3 29 26 374 4
185.485 42.812 192.973 4 29 26 374 4
185.485 42.812 192.973 5 29 26 374 4
185.485 42.812 192.973 6 29 26 374 4
185.485 42.812 192.973 7 29 26 374 4
185.485 42.812 192.973 8 29 26 374 4
353.741 158.968 157.293 9 29 26 363 4
353.741 158.968 157.293 10 29 26 363 4
353.741 158.968 157.293 11 29 26 363 4
353.741 158.968 157.293 12 29 26 363 4
140.072 97.349 315.941 13 29 26 362 4
140.072 97.349 315.941 14 29 26 362 4
140.072 97.349 315.941 15 29 26 362 4
140.072 97.349 315.941 16 29 26 362 4
140.072 97.349 315.941 17 29 26 362 4
140.072 97.349 315.941 18 29 26 362 4
140.072 97.349 315.941 19 29 26 362 4
140.072 97.349 315.941 20 29 26 362 4
335.919 127.703 315.462 21 29 26 359 3
335.919 127.703 315.462 22 29 26 359 3
335.919 127.703 315.462 23 29 26 359 3
335.919 127.703 315.462 24 29 26 359 3
335.919 127.703 315.462 25 29 26 359 3
335.919 127.703 315.462 26 29 26 359 3
94.576 72.414 253.803 27 29 26 431 4
94.576 72.414 253.803 28 29 26 431 4
94.576 72.414 253.803 29 29 26 431 4
94.576 72.414 253.803 30 29 26 431 4
185.485 42.812 192.973 1 30 26 374 4
185.485 42.812 192.973 2 30 26 374 4
247.892 47.513 326.745 3 30 26 407 1
185.485 42.812 192.973 4 30 26 374 4
185.485 42.812 192.973 5 30 26 374 4
331.217 72.004 129.414 6 30 26 24 1
185.485 42.812 192.973 7 30 26 374 4
185.485 42.812 192.973 8 30 26 374 4
149.840 157.230 68.409 9 30 26 192 1
353.741 158.968 157.293 10 30 26 363 4
353.741 158.968 157.293 11 30 26 363 4
353.741 158.968 157.293 12 30 26 363 4
140.072 97.349 315.941 13 30 26 362 4
140.072 97.349 315.941 14 30 26 362 4
140.072 97.349 315.941 15 30 26 362 4
140.072 97.349 315.941 16 30 26 362 4
140.072 97.349 315.941 17 30 26 362 4
140.072 97.349 315.941 18 30 26 362 4
140.072 97.349 315.941 19 30 26 362 4
140.072 97.349 315.941 20 30 26 362 4
335.919 127.703 315.462 21 30 26 359 3
335.919 127.703 315.462 22 30 26 359 3
335.919 127.703 315.462 23 30 26 359 3
335.919 127.703 315.462 24 30 26 359 3
335.919 127.703 315.462 25 30 26 359 3
335.919 127.703 315.462 26 30 26 359 3
94.576 72.414 253.803 27 30 26 431 4
94.576 72.414 253.803 28 30 26 431 4
94.576 72.414 253.803 29 30 26 431 4
94.576 72.414 253.803 30 30 26 431 4
