305.297 58.385 318.948 1 1 21 124 1
54.489 85.449 260.300 2 1 21 306 2
54.489 85.449 260.300 3 1 21 306 2
54.489 85.449 260.300 4 1 21 306 2
54.489 85.449 260.300 5 1 21 306 2
115.636 130.499 192.918 6 1 21 372 4
115.636 130.499 192.918 7 1 21 372 4
115.636 130.499 192.918 8 1 21 372 4
115.636 130.499 192.918 9 1 21 372 4
115.636 130.499 192.918 10 1 21 372 4
115.636 130.499 192.918 11 1 21 372 4
115.636 130.499 192.918 12 1 21 372 4
115.636 130.499 192.918 13 1 21 372 4
115.636 130.499 192.918 14 1 21 372 4
13.473 102.630 164.898 15 1 21 295 2
13.473 102.630 164.898 16 1 21 295 2
13.473 102.630 164.898 17 1 21 295 2
167.245 52.061 120.910 18 1 21 315 2
167.245 52.061 120.910 19 1 21 315 2
167.245 52.061 120.910 20 1 21 315 2
167.245 52.061 120.910 21 1 21 315 2
167.245 52.061 120.910 22 1 21 315 2
167.245 52.061 120.910 23 1 21 315 2
251.311 132.324 35.834 24 1 21 70 1
251.311 132.324 35.834 25 1 21 70 1
251.311 132.324 35.834 26 1 21 70 1
324.585 88.051 309.912 27 1 21 368 4
324.585 88.051 309.912 28 1 21 368 4
324.585 88.051 309.912 29 1 21 368 4
324.585 88.051 309.912 30 1 21 368 4
305.297 58.385 318.948 1 2 21 124 1
54.489 85.449 260.300 2 2 21 306 2
54.489 85.449 260.300 3 2 21 306 2
54.489 85.449 260.300 4 2 21 306 2
54.489 85.449 260.300 5 2 21 306 2
54.489 85.449 260.300 6 2 21 306 2
115.636 130.499 192.918 7 2 21 372 4
115.636 130.499 192.918 8 2 21 372 4
115.636 130.499 192.918 9 2 21 372 4
115.636 130.499 192.918 10 2 21 372 4
115.636 130.499 192.918 11 2 21 372 4
115.636 130.499 192.918 12 2 21 372 4
115.636 130.499 192.918 13 2 21 372 4
115.636 130.499 192.918 14 2 21 372 4
13.473 102.630 164.898 15 2 21 295 2
13.473 102.630 164.898 16 2 21 295 2
13.473 102.630 164.898 17 2 21 295 2
13.473 102.630 164.898 18 2 21 295 2
167.245 52.061 120.910 19 2 21 315 2
167.245 52.061 120.910 20 2 21 315 2
167.245 52.061 120.910 21 2 21 315 2
167.245 52.061 120.910 22 2 21 315 2
167.245 52.061 120.910 23 2 21 315 2
251.311 132.324 35.834 24 2 21 70 1
251.311 132.324 35.834 25 2 21 70 1
251.311 132.324 35.834 26 2 21 70 1
324.585 88.051 309.912 27 2 21 368 4
324.585 88.051 309.912 28 2 21 368 4
324.585 88.051 309.912 29 2 21 368 4
324.585 88.051 309.912 30 2 21 368 4
305.297 58.385 318.948 1 3 21 124 1
54.489 85.449 260.300 2 3 21 306 2
54.489 85.449 260.300 3 3 21 306 2
54.489 85.449 260.300 4 3 21 306 2
54.489 85.449 260.300 5 3 21 306 2
54.489 85.449 260.300 6 3 21 306 2
115.636 130.499 192.918 7 3 21 372 4
115.636 130.499 192.918 8 3 21 372 4
115.636 130.499 192.918 9 3 21 372 4
115.636 130.499 192.918 10 3 21 372 4
115.636 130.499 192.918 11 3 21 372 4
115.636 130.499 192.918 12 3 21 372 4
115.636 130.499 192.918 13 3 21 372 4
115.636 130.499 192.918 14 3 21 372 4
13.473 102.630 164.898 15 3 21 295 2
13.473 102.630 164.898 16 3 21 295 2
13.473 102.630 164.898 17 3 21 295 2
13.473 102.630 164.898 18 3 21 295 2
167.245 52.061 120.910 19 3 21 315 2
167.245 52.061 120.910 20 3 21 315 2
167.245 52.061 120.910 21 3 21 315 2
167.245 52.061 120.910 22 3 21 315 2
167.245 52.061 120.910 23 3 21 315 2
251.311 132.324 35.834 24 3 21 70 1
251.311 132.324 35.834 25 3 21 70 1
251.311 132.324 35.834 26 3 21 70 1
324.585 88.051 309.912 27 3 21 368 4
324.585 88.051 309.912 28 3 21 368 4
39.643 12.331 277.689 29 3 21 254 1
324.585 88.051 309.912 30 3 21 368 4
305.297 58.385 318.948 1 4 21 124 1
305.297 58.385 318.948 2 4 21 124 1
54.489 85.449 260.300 3 4 21 306 2
54.489 85.449 260.300 4 4 21 306 2
54.489 85.449 260.300 5 4 21 306 2
38.027 53.376 20.923 6 4 21 364 4
38.027 53.376 20.923 7 4 21 364 4
115.636 130.499 192.918 8 4 21 372 4
115.636 130.499 192.918 9 4 21 372 4
115.636 130.499 192.918 10 4 21 372 4
115.636 130.499 192.918 11 4 21 372 4
115.636 130.499 192.918 12 4 21 372 4
115.636 130.499 192.918 13 4 21 372 4
115.636 130.499 192.918 14 4 21 372 4
115.636 130.499 192.918 15 4 21 372 4
13.473 102.630 164.898 16 4 21 295 2
13.473 102.630 164.898 17 4 21 295 2
13.473 102.630 164.898 18 4 21 295 2
167.245 52.061 120.910 19 4 21 315 2
167.245 52.061 120.910 20 4 21 315 2
167.245 52.061 120.910 21 4 21 315 2
167.245 52.061 120.910 22 4 21 315 2
167.245 52.061 120.910 23 4 21 315 2
251.311 132.324 35.834 24 4 21 70 1
251.311 132.324 35.834 25 4 21 70 1
335.919 127.703 315.462 26 4 21 359 3
324.585 88.051 309.912 27 4 21 368 4
324.585 88.051 309.912 28 4 21 368 4
324.585 88.051 309.912 29 4 21 368 4
324.585 88.051 309.912 30 4 21 368 4
305.297 58.385 318.948 1 5 21 124 1
305.297 58.385 318.948 2 5 21 124 1
305.297 58.385 318.948 3 5 21 124 1
1.082 30.968 308.610 4 5 21 391 1
38.027 53.376 20.923 5 5 21 364 4
38.027 53.376 20.923 6 5 21 364 4
38.027 53.376 20.923 7 5 21 364 4
38.027 53.376 20.923 8 5 21 364 4
115.636 130.499 192.918 9 5 21 372 4
115.636 130.499 192.918 10 5 21 372 4
115.636 130.499 192.918 11 5 21 372 4
115.636 130.499 192.918 12 5 21 372 4
115.636 130.499 192.918 13 5 21 372 4
115.636 130.499 192.918 14 5 21 372 4
115.636 130.499 192.918 15 5 21 372 4
335.919 127.703 315.462 16 5 21 359 3
335.919 127.703 315.462 17 5 21 359 3
335.919 127.703 315.462 18 5 21 359 3
335.919 127.703 315.462 19 5 21 359 3
335.919 127.703 315.462 20 5 21 359 3
335.919 127.703 315.462 21 5 21 359 3
335.919 127.703 315.462 22 5 21 359 3
335.919 127.703 315.462 23 5 21 359 3
335.919 127.703 315.462 24 5 21 359 3
335.919 127.703 315.462 25 5 21 359 3
335.919 127.703 315.462 26 5 21 359 3
335.919 127.703 315.462 27 5 21 359 3
39.643 12.331 277.689 28 5 21 254 1
324.585 88.051 309.912 29 5 21 368 4
324.585 88.051 309.912 30 5 21 368 4
305.297 58.385 318.948 1 6 21 124 1
305.297 58.385 318.948 2 6 21 124 1
274.403 127.175 209.208 3 6 21 328 2
274.403 127.175 209.208 4 6 21 328 2
38.027 53.376 20.923 5 6 21 364 4
38.027 53.376 20.923 6 6 21 364 4
38.027 53.376 20.923 7 6 21 364 4
38.027 53.376 20.923 8 6 21 364 4
38.027 53.376 20.923 9 6 21 364 4
115.636 130.499 192.918 10 6 21 372 4
115.636 130.499 192.918 11 6 21 372 4
115.636 130.499 192.918 12 6 21 372 4
115.636 130.499 192.918 13 6 21 372 4
335.919 127.703 315.462 14 6 21 359 3
335.919 127.703 315.462 15 6 21 359 3
335.919 127.703 315.462 16 6 21 359 3
335.919 127.703 315.462 17 6 21 359 3
335.919 127.703 315.462 18 6 21 359 3
335.919 127.703 315.462 19 6 21 359 3
335.919 127.703 315.462 20 6 21 359 3
335.919 127.703 315.462 21 6 21 359 3
335.919 127.703 315.462 22 6 21 359 3
335.919 127.703 315.462 23 6 21 359 3
335.919 127.703 315.462 24 6 21 359 3
335.919 127.703 315.462 25 6 21 359 3
335.919 127.703 315.462 26 6 21 359 3
335.919 127.703 315.462 27 6 21 359 3
335.919 127.703 315.462 28 6 21 359 3
335.919 127.703 315.462 29 6 21 359 3
324.585 88.051 309.912 30 6 21 368 4
305.297 58.385 318.948 1 7 21 124 1
305.297 58.385 318.948 2 7 21 124 1
274.403 127.175 209.208 3 7 21 328 2
38.027 53.376 20.923 4 7 21 364 4
38.027 53.376 20.923 5 7 21 364 4
38.027 53.376 20.923 6 7 21 364 4
38.027 53.376 20.923 7 7 21 364 4
38.027 53.376 20.923 8 7 21 364 4
38.027 53.376 20.923 9 7 21 364 4
38.027 53.376 20.923 10 7 21 364 4
335.919 127.703 315.462 11 7 21 359 3
335.919 127.703 315.462 12 7 21 359 3
335.919 127.703 315.462 13 7 21 359 3
335.919 127.703 315.462 14 7 21 359 3
335.919 127.703 315.462 15 7 21 359 3
335.919 127.703 315.462 16 7 21 359 3
335.919 127.703 315.462 17 7 21 359 3
335.919 127.703 315.462 18 7 21 359 3
335.919 127.703 315.462 19 7 21 359 3
335.919 127.703 315.462 20 7 21 359 3
335.919 127.703 315.462 21 7 21 359 3
335.919 127.703 315.462 22 7 21 359 3
335.919 127.703 315.462 23 7 21 359 3
335.919 127.703 315.462 24 7 21 359 3
335.919 127.703 315.462 25 7 21 359 3
335.919 127.703 315.462 26 7 21 359 3
335.919 127.703 315.462 27 7 21 359 3
335.919 127.703 315.462 28 7 21 359 3
335.919 127.703 315.462 29 7 21 359 3
335.919 127.703 315.462 30 7 21 359 3
305.297 58.385 318.948 1 8 21 124 1
206.408 151.245 37.683 2 8 21 290 2
206.408 151.245 37.683 3 8 21 290 2
206.408 151.245 37.683 4 8 21 290 2
38.027 53.376 20.923 5 8 21 364 4
38.027 53.376 20.923 6 8 21 364 4
38.027 53.376 20.923 7 8 21 364 4
38.027 53.376 20.923 8 8 21 364 4
38.027 53.376 20.923 9 8 21 364 4
335.919 127.703 315.462 10 8 21 359 3
335.919 127.703 315.462 11 8 21 359 3
335.919 127.703 315.462 12 8 21 359 3
335.919 127.703 315.462 13 8 21 359 3
335.919 127.703 315.462 14 8 21 359 3
335.919 127.703 315.462 15 8 21 359 3
335.919 127.703 315.462 16 8 21 359 3
335.919 127.703 315.462 17 8 21 359 3
335.919 127.703 315.462 18 8 21 359 3
335.919 127.703 315.462 19 8 21 359 3
335.919 127.703 315.462 20 8 21 359 3
335.919 127.703 315.462 21 8 21 359 3
335.919 127.703 315.462 22 8 21 359 3
335.919 127.703 315.462 23 8 21 359 3
335.919 127.703 315.462 24 8 21 359 3
335.919 127.703 315.462 25 8 21 359 3
335.919 127.703 315.462 26 8 21 359 3
335.919 127.703 315.462 27 8 21 359 3
335.919 127.703 315.462 28 8 21 359 3
335.919 127.703 315.462 29 8 21 359 3
335.919 127.703 315.462 30 8 21 359 3
292.530 110.764 233.753 1 9 21 369 4
292.530 110.764 233.753 2 9 21 369 4
206.408 151.245 37.683 3 9 21 290 2
206.408 151.245 37.683 4 9 21 290 2
38.027 53.376 20.923 5 9 21 364 4
38.027 53.376 20.923 6 9 21 364 4
38.027 53.376 20.923 7 9 21 364 4
38.027 53.376 20.923 8 9 21 364 4
38.027 53.376 20.923 9 9 21 364 4
335.919 127.703 315.462 10 9 21 359 3
335.919 127.703 315.462 11 9 21 359 3
335.919 127.703 315.462 12 9 21 359 3
335.919 127.703 315.462 13 9 21 359 3
335.919 127.703 315.462 14 9 21 359 3
335.919 127.703 315.462 15 9 21 359 3
335.919 127.703 315.462 16 9 21 359 3
335.919 127.703 315.462 17 9 21 359 3
335.919 127.703 315.462 18 9 21 359 3
335.919 127.703 315.462 19 9 21 359 3
335.919 127.703 315.462 20 9 21 359 3
335.919 127.703 315.462 21 9 21 359 3
335.919 127.703 315.462 22 9 21 359 3
335.919 127.703 315.462 23 9 21 359 3
335.919 127.703 315.462 24 9 21 359 3
335.919 127.703 315.462 25 9 21 359 3
335.919 127.703 315.462 26 9 21 359 3
335.919 127.703 315.462 27 9 21 359 3
335.919 127.703 315.462 28 9 21 359 3
335.919 127.703 315.462 29 9 21 359 3
335.919 127.703 315.462 30 9 21 359 3
292.530 110.764 233.753 1 10 21 369 4
292.530 110.764 233.753 2 10 21 369 4
210.001 59.185 38.923 3 10 21 241 1
210.001 59.185 38.923 4 10 21 241 1
38.027 53.376 20.923 5 10 21 364 4
319.013 46.936 257.793 6 10 21 410 1
319.013 46.936 257.793 7 10 21 410 1
38.027 53.376 20.923 8 10 21 364 4
335.919 127.703 315.462 9 10 21 359 3
335.919 127.703 315.462 10 10 21 359 3
335.919 127.703 315.462 11 10 21 359 3
335.919 127.703 315.462 12 10 21 359 3
335.919 127.703 315.462 13 10 21 359 3
335.919 127.703 315.462 14 10 21 359 3
335.919 127.703 315.462 15 10 21 359 3
335.919 127.703 315.462 16 10 21 359 3
335.919 127.703 315.462 17 10 21 359 3
335.919 127.703 315.462 18 10 21 359 3
335.919 127.703 315.462 19 10 21 359 3
335.919 127.703 315.462 20 10 21 359 3
335.919 127.703 315.462 21 10 21 359 3
335.919 127.703 315.462 22 10 21 359 3
335.919 127.703 315.462 23 10 21 359 3
335.919 127.703 315.462 24 10 21 359 3
335.919 127.703 315.462 25 10 21 359 3
335.919 127.703 315.462 26 10 21 359 3
335.919 127.703 315.462 27 10 21 359 3
335.919 127.703 315.462 28 10 21 359 3
335.919 127.703 315.462 29 10 21 359 3
335.919 127.703 315.462 30 10 21 359 3
292.530 110.764 233.753 1 11 21 369 4
292.530 110.764 233.753 2 11 21 369 4
292.530 110.764 233.753 3 11 21 369 4
210.001 59.185 38.923 4 11 21 241 1
319.013 46.936 257.793 5 11 21 410 1
319.013 46.936 257.793 6 11 21 410 1
319.013 46.936 257.793 7 11 21 410 1
319.013 46.936 257.793 8 11 21 410 1
335.919 127.703 315.462 9 11 21 359 3
335.919 127.703 315.462 10 11 21 359 3
335.919 127.703 315.462 11 11 21 359 3
335.919 127.703 315.462 12 11 21 359 3
335.919 127.703 315.462 13 11 21 359 3
335.919 127.703 315.462 14 11 21 359 3
335.919 127.703 315.462 15 11 21 359 3
335.919 127.703 315.462 16 11 21 359 3
335.919 127.703 315.462 17 11 21 359 3
335.919 127.703 315.462 18 11 21 359 3
335.919 127.703 315.462 19 11 21 359 3
335.919 127.703 315.462 20 11 21 359 3
335.919 127.703 315.462 21 11 21 359 3
335.919 127.703 315.462 22 11 21 359 3
335.919 127.703 315.462 23 11 21 359 3
335.919 127.703 315.462 24 11 21 359 3
335.919 127.703 315.462 25 11 21 359 3
335.919 127.703 315.462 26 11 21 359 3
335.919 127.703 315.462 27 11 21 359 3
335.919 127.703 315.462 28 11 21 359 3
335.919 127.703 315.462 29 11 21 359 3
335.919 127.703 315.462 30 11 21 359 3
292.530 110.764 233.753 1 12 21 369 4
292.530 110.764 233.753 2 12 21 369 4
292.530 110.764 233.753 3 12 21 369 4
292.530 110.764 233.753 4 12 21 369 4
319.013 46.936 257.793 5 12 21 410 1
319.013 46.936 257.793 6 12 21 410 1
319.013 46.936 257.793 7 12 21 410 1
335.919 127.703 315.462 8 12 21 359 3
335.919 127.703 315.462 9 12 21 359 3
335.919 127.703 315.462 10 12 21 359 3
335.919 127.703 315.462 11 12 21 359 3
335.919 127.703 315.462 12 12 21 359 3
335.919 127.703 315.462 13 12 21 359 3
335.919 127.703 315.462 14 12 21 359 3
335.919 127.703 315.462 15 12 21 359 3
335.919 127.703 315.462 16 12 21 359 3
335.919 127.703 315.462 17 12 21 359 3
335.919 127.703 315.462 18 12 21 359 3
335.919 127.703 315.462 19 12 21 359 3
335.919 127.703 315.462 20 12 21 359 3
335.919 127.703 315.462 21 12 21 359 3
335.919 127.703 315.462 22 12 21 359 3
335.919 127.703 315.462 23 12 21 359 3
335.919 127.703 315.462 24 12 21 359 3
335.919 127.703 315.462 25 12 21 359 3
335.919 127.703 315.462 26 12 21 359 3
335.919 127.703 315.462 27 12 21 359 3
335.919 127.703 315.462 28 12 21 359 3
335.919 127.703 315.462 29 12 21 359 3
335.919 127.703 315.462 30 12 21 359 3
292.530 110.764 233.753 1 13 21 369 4
292.530 110.764 233.753 2 13 21 369 4
292.530 110.764 233.753 3 13 21 369 4
292.530 110.764 233.753 4 13 21 369 4
292.530 110.764 233.753 5 13 21 369 4
319.013 46.936 257.793 6 13 21 410 1
319.013 46.936 257.793 7 13 21 410 1
335.919 127.703 315.462 8 13 21 359 3
335.919 127.703 315.462 9 13 21 359 3
335.919 127.703 315.462 10 13 21 359 3
335.919 127.703 315.462 11 13 21 359 3
335.919 127.703 315.462 12 13 21 359 3
335.919 127.703 315.462 13 13 21 359 3
335.919 127.703 315.462 14 13 21 359 3
335.919 127.703 315.462 15 13 21 359 3
335.919 127.703 315.462 16 13 21 359 3
335.919 127.703 315.462 17 13 21 359 3
335.919 127.703 315.462 18 13 21 359 3
335.919 127.703 315.462 19 13 21 359 3
335.919 127.703 315.462 20 13 21 359 3
335.919 127.703 315.462 21 13 21 359 3
335.919 127.703 315.462 22 13 21 359 3
335.919 127.703 315.462 23 13 21 359 3
335.919 127.703 315.462 24 13 21 359 3
335.919 127.703 315.462 25 13 21 359 3
335.919 127.703 315.462 26 13 21 359 3
335.919 127.703 315.462 27 13 21 359 3
335.919 127.703 315.462 28 13 21 359 3
335.919 127.703 315.462 29 13 21 359 3
335.919 127.703 315.462 30 13 21 359 3
292.530 110.764 233.753 1 14 21 369 4
292.530 110.764 233.753 2 14 21 369 4
292.530 110.764 233.753 3 14 21 369 4
292.530 110.764 233.753 4 14 21 369 4
292.530 110.764 233.753 5 14 21 369 4
319.013 46.936 257.793 6 14 21 410 1
319.013 46.936 257.793 7 14 21 410 1
319.013 46.936 257.793 8 14 21 410 1
335.919 127.703 315.462 9 14 21 359 3
335.919 127.703 315.462 10 14 21 359 3
335.919 127.703 315.462 11 14 21 359 3
335.919 127.703 315.462 12 14 21 359 3
335.919 127.703 315.462 13 14 21 359 3
335.919 127.703 315.462 14 14 21 359 3
335.919 127.703 315.462 15 14 21 359 3
335.919 127.703 315.462 16 14 21 359 3
335.919 127.703 315.462 17 14 21 359 3
335.919 127.703 315.462 18 14 21 359 3
335.919 127.703 315.462 19 14 21 359 3
335.919 127.703 315.462 20 14 21 359 3
335.919 127.703 315.462 21 14 21 359 3
335.919 127.703 315.462 22 14 21 359 3
335.919 127.703 315.462 23 14 21 359 3
335.919 127.703 315.462 24 14 21 359 3
335.919 127.703 315.462 25 14 21 359 3
335.919 127.703 315.462 26 14 21 359 3
335.919 127.703 315.462 27 14 21 359 3
335.919 127.703 315.462 28 14 21 359 3
335.919 127.703 315.462 29 14 21 359 3
335.919 127.703 315.462 30 14 21 359 3
292.530 110.764 233.753 1 15 21 369 4
292.530 110.764 233.753 2 15 21 369 4
292.530 110.764 233.753 3 15 21 369 4
292.530 110.764 233.753 4 15 21 369 4
292.530 110.764 233.753 5 15 21 369 4
319.013 46.936 257.793 6 15 21 410 1
319.013 46.936 257.793 7 15 21 410 1
319.013 46.936 257.793 8 15 21 410 1
335.919 127.703 315.462 9 15 21 359 3
335.919 127.703 315.462 10 15 21 359 3
335.919 127.703 315.462 11 15 21 359 3
335.919 127.703 315.462 12 15 21 359 3
335.919 127.703 315.462 13 15 21 359 3
335.919 127.703 315.462 14 15 21 359 3
335.919 127.703 315.462 15 15 21 359 3
335.919 127.703 315.462 16 15 21 359 3
335.919 127.703 315.462 17 15 21 359 3
335.919 127.703 315.462 18 15 21 359 3
335.919 127.703 315.462 19 15 21 359 3
335.919 127.703 315.462 20 15 21 359 3
335.919 127.703 315.462 21 15 21 359 3
335.919 127.703 315.462 22 15 21 359 3
335.919 127.703 315.462 23 15 21 359 3
335.919 127.703 315.462 24 15 21 359 3
335.919 127.703 315.462 25 15 21 359 3
335.919 127.703 315.462 26 15 21 359 3
335.919 127.703 315.462 27 15 21 359 3
335.919 127.703 315.462 28 15 21 359 3
335.919 127.703 315.462 29 15 21 359 3
335.919 127.703 315.462 30 15 21 359 3
292.530 110.764 233.753 1 16 21 369 4
292.530 110.764 233.753 2 16 21 369 4
292.530 110.764 233.753 3 16 21 369 4
292.530 110.764 233.753 4 16 21 369 4
292.530 110.764 233.753 5 16 21 369 4
319.013 46.936 257.793 6 16 21 410 1
319.013 46.936 257.793 7 16 21 410 1
319.013 46.936 257.793 8 16 21 410 1
335.919 127.703 315.462 9 16 21 359 3
335.919 127.703 315.462 10 16 21 359 3
335.919 127.703 315.462 11 16 21 359 3
335.919 127.703 315.462 12 16 21 359 3
335.919 127.703 315.462 13 16 21 359 3
335.919 127.703 315.462 14 16 21 359 3
335.919 127.703 315.462 15 16 21 359 3
335.919 127.703 315.462 16 16 21 359 3
335.919 127.703 315.462 17 16 21 359 3
335.919 127.703 315.462 18 16 21 359 3
335.919 127.703 315.462 19 16 21 359 3
335.919 127.703 315.462 20 16 21 359 3
335.919 127.703 315.462 21 16 21 359 3
335.919 127.703 315.462 22 16 21 359 3
335.919 127.703 315.462 23 16 21 359 3
335.919 127.703 315.462 24 16 21 359 3
335.919 127.703 315.462 25 16 21 359 3
335.919 127.703 315.462 26 16 21 359 3
335.919 127.703 315.462 27 16 21 359 3
335.919 127.703 315.462 28 16 21 359 3
335.919 127.703 315.462 29 16 21 359 3
335.919 127.703 315.462 30 16 21 359 3
292.530 110.764 233.753 1 17 21 369 4
292.530 110.764 233.753 2 17 21 369 4
292.530 110.764 233.753 3 17 21 369 4
292.530 110.764 233.753 4 17 21 369 4
292.530 110.764 233.753 5 17 21 369 4
319.013 46.936 257.793 6 17 21 410 1
319.013 46.936 257.793 7 17 21 410 1
319.013 46.936 257.793 8 17 21 410 1
319.013 46.936 257.793 9 17 21 410 1
335.919 127.703 315.462 10 17 21 359 3
335.919 127.703 315.462 11 17 21 359 3
335.919 127.703 315.462 12 17 21 359 3
335.919 127.703 315.462 13 17 21 359 3
335.919 127.703 315.462 14 17 21 359 3
335.919 127.703 315.462 15 17 21 359 3
335.919 127.703 315.462 16 17 21 359 3
335.919 127.703 315.462 17 17 21 359 3
335.919 127.703 315.462 18 17 21 359 3
335.919 127.703 315.462 19 17 21 359 3
335.919 127.703 315.462 20 17 21 359 3
335.919 127.703 315.462 21 17 21 359 3
335.919 127.703 315.462 22 17 21 359 3
335.919 127.703 315.462 23 17 21 359 3
335.919 127.703 315.462 24 17 21 359 3
335.919 127.703 315.462 25 17 21 359 3
335.919 127.703 315.462 26 17 21 359 3
335.919 127.703 315.462 27 17 21 359 3
335.919 127.703 315.462 28 17 21 359 3
335.919 127.703 315.462 29 17 21 359 3
335.919 127.703 315.462 30 17 21 359 3
292.530 110.764 233.753 1 18 21 369 4
292.530 110.764 233.753 2 18 21 369 4
292.530 110.764 233.753 3 18 21 369 4
292.530 110.764 233.753 4 18 21 369 4
292.530 110.764 233.753 5 18 21 369 4
319.013 46.936 257.793 6 18 21 410 1
319.013 46.936 257.793 7 18 21 410 1
319.013 46.936 257.793 8 18 21 410 1
319.013 46.936 257.793 9 18 21 410 1
335.919 127.703 315.462 10 18 21 359 3
335.919 127.703 315.462 11 18 21 359 3
335.919 127.703 315.462 12 18 21 359 3
335.919 127.703 315.462 13 18 21 359 3
335.919 127.703 315.462 14 18 21 359 3
335.919 127.703 315.462 15 18 21 359 3
335.919 127.703 315.462 16 18 21 359 3
335.919 127.703 315.462 17 18 21 359 3
335.919 127.703 315.462 18 18 21 359 3
335.919 127.703 315.462 19 18 21 359 3
335.919 127.703 315.462 20 18 21 359 3
335.919 127.703 315.462 21 18 21 359 3
335.919 127.703 315.462 22 18 21 359 3
335.919 127.703 315.462 23 18 21 359 3
335.919 127.703 315.462 24 18 21 359 3
335.919 127.703 315.462 25 18 21 359 3
335.919 127.703 315.462 26 18 21 359 3
335.919 127.703 315.462 27 18 21 359 3
335.919 127.703 315.462 28 18 21 359 3
335.919 127.703 315.462 29 18 21 359 3
335.919 127.703 315.462 30 18 21 359 3
138.563 59.158 88.275 1 19 21 367 4
138.563 59.158 88.275 2 19 21 367 4
138.563 59.158 88.275 3 19 21 367 4
292.530 110.764 233.753 4 19 21 369 4
319.013 46.936 257.793 5 19 21 410 1
319.013 46.936 257.793 6 19 21 410 1
319.013 46.936 257.793 7 19 21 410 1
319.013 46.936 257.793 8 19 21 410 1
319.013 46.936 257.793 9 19 21 410 1
335.919 127.703 315.462 10 19 21 359 3
335.919 127.703 315.462 11 19 21 359 3
335.919 127.703 315.462 12 19 21 359 3
335.919 127.703 315.462 13 19 21 359 3
335.919 127.703 315.462 14 19 21 359 3
335.919 127.703 315.462 15 19 21 359 3
335.919 127.703 315.462 16 19 21 359 3
335.919 127.703 315.462 17 19 21 359 3
335.919 127.703 315.462 18 19 21 359 3
335.919 127.703 315.462 19 19 21 359 3
335.919 127.703 315.462 20 19 21 359 3
335.919 127.703 315.462 21 19 21 359 3
335.919 127.703 315.462 22 19 21 359 3
335.919 127.703 315.462 23 19 21 359 3
335.919 127.703 315.462 24 19 21 359 3
335.919 127.703 315.462 25 19 21 359 3
335.919 127.703 315.462 26 19 21 359 3
335.919 127.703 315.462 27 19 21 359 3
335.919 127.703 315.462 28 19 21 359 3
335.919 127.703 315.462 29 19 21 359 3
335.919 127.703 315.462 30 19 21 359 3
138.563 59.158 88.275 1 20 21 367 4
138.563 59.158 88.275 2 20 21 367 4
138.563 59.158 88.275 3 20 21 367 4
138.563 59.158 88.275 4 20 21 367 4
138.563 59.158 88.275 5 20 21 367 4
319.013 46.936 257.793 6 20 21 410 1
319.013 46.936 257.793 7 20 21 410 1
319.013 46.936 257.793 8 20 21 410 1
319.013 46.936 257.793 9 20 21 410 1
335.919 127.703 315.462 10 20 21 359 3
335.919 127.703 315.462 11 20 21 359 3
335.919 127.703 315.462 12 20 21 359 3
335.919 127.703 315.462 13 20 21 359 3
335.919 127.703 315.462 14 20 21 359 3
335.919 127.703 315.462 15 20 21 359 3
335.919 127.703 315.462 16 20 21 359 3
335.919 127.703 315.462 17 20 21 359 3
335.919 127.703 315.462 18 20 21 359 3
335.919 127.703 315.462 19 20 21 359 3
335.919 127.703 315.462 20 20 21 359 3
335.919 127.703 315.462 21 20 21 359 3
335.919 127.703 315.462 22 20 21 359 3
335.919 127.703 315.462 23 20 21 359 3
335.919 127.703 315.462 24 20 21 359 3
335.919 127.703 315.462 25 20 21 359 3
335.919 127.703 315.462 26 20 21 359 3
335.919 127.703 315.462 27 20 21 359 3
335.919 127.703 315.462 28 20 21 359 3
335.919 127.703 315.462 29 20 21 359 3
335.919 127.703 315.462 30 20 21 359 3
138.563 59.158 88.275 1 21 21 367 4
138.563 59.158 88.275 2 21 21 367 4
138.563 59.158 88.275 3 21 21 367 4
138.563 59.158 88.275 4 21 21 367 4
138.563 59.158 88.275 5 21 21 367 4
138.563 59.158 88.275 6 21 21 367 4
319.013 46.936 257.793 7 21 21 410 1
319.013 46.936 257.793 8 21 21 410 1
319.013 46.936 257.793 9 21 21 410 1
319.013 46.936 257.793 10 21 21 410 1
335.919 127.703 315.462 11 21 21 359 3
335.919 127.703 315.462 12 21 21 359 3
335.919 127.703 315.462 13 21 21 359 3
335.919 127.703 315.462 14 21 21 359 3
335.919 127.703 315.462 15 21 21 359 3
335.919 127.703 315.462 16 21 21 359 3
335.919 127.703 315.462 17 21 21 359 3
335.919 127.703 315.462 18 21 21 359 3
335.919 127.703 315.462 19 21 21 359 3
335.919 127.703 315.462 20 21 21 359 3
335.919 127.703 315.462 21 21 21 359 3
335.919 127.703 315.462 22 21 21 359 3
335.919 127.703 315.462 23 21 21 359 3
335.919 127.703 315.462 24 21 21 359 3
335.919 127.703 315.462 25 21 21 359 3
335.919 127.703 315.462 26 21 21 359 3
335.919 127.703 315.462 27 21 21 359 3
335.919 127.703 315.462 28 21 21 359 3
335.919 127.703 315.462 29 21 21 359 3
335.919 127.703 315.462 30 21 21 359 3
138.563 59.158 88.275 1 22 21 367 4
138.563 59.158 88.275 2 22 21 367 4
138.563 59.158 88.275 3 22 21 367 4
138.563 59.158 88.275 4 22 21 367 4
138.563 59.158 88.275 5 22 21 367 4
138.563 59.158 88.275 6 22 21 367 4
319.013 46.936 257.793 7 22 21 410 1
319.013 46.936 257.793 8 22 21 410 1
319.013 46.936 257.793 9 22 21 410 1
319.013 46.936 257.793 10 22 21 410 1
319.013 46.936 257.793 11 22 21 410 1
335.919 127.703 315.462 12 22 21 359 3
335.919 127.703 315.462 13 22 21 359 3
335.919 127.703 315.462 14 22 21 359 3
335.919 127.703 315.462 15 22 21 359 3
335.919 127.703 315.462 16 22 21 359 3
335.919 127.703 315.462 17 22 21 359 3
335.919 127.703 315.462 18 22 21 359 3
335.919 127.703 315.462 19 22 21 359 3
335.919 127.703 315.462 20 22 21 359 3
335.919 127.703 315.462 21 22 21 359 3
335.919 127.703 315.462 22 22 21 359 3
335.919 127.703 315.462 23 22 21 359 3
335.919 127.703 315.462 24 22 21 359 3
335.919 127.703 315.462 25 22 21 359 3
335.919 127.703 315.462 26 22 21 359 3
335.919 127.703 315.462 27 22 21 359 3
335.919 127.703 315.462 28 22 21 359 3
335.919 127.703 315.462 29 22 21 359 3
335.919 127.703 315.462 30 22 21 359 3
138.563 59.158 88.275 1 23 21 367 4
138.563 59.158 88.275 2 23 21 367 4
138.563 59.158 88.275 3 23 21 367 4
138.563 59.158 88.275 4 23 21 367 4
138.563 59.158 88.275 5 23 21 367 4
138.563 59.158 88.275 6 23 21 367 4
319.013 46.936 257.793 7 23 21 410 1
319.013 46.936 257.793 8 23 21 410 1
319.013 46.936 257.793 9 23 21 410 1
319.013 46.936 257.793 10 23 21 410 1
319.013 46.936 257.793 11 23 21 410 1
335.919 127.703 315.462 12 23 21 359 3
335.919 127.703 315.462 13 23 21 359 3
335.919 127.703 315.462 14 23 21 359 3
335.919 127.703 315.462 15 23 21 359 3
335.919 127.703 315.462 16 23 21 359 3
335.919 127.703 315.462 17 23 21 359 3
335.919 127.703 315.462 18 23 21 359 3
335.919 127.703 315.462 19 23 21 359 3
335.919 127.703 315.462 20 23 21 359 3
335.919 127.703 315.462 21 23 21 359 3
335.919 127.703 315.462 22 23 21 359 3
335.919 127.703 315.462 23 23 21 359 3
335.919 127.703 315.462 24 23 21 359 3
335.919 127.703 315.462 25 23 21 359 3
335.919 127.703 315.462 26 23 21 359 3
335.919 127.703 315.462 27 23 21 359 3
335.919 127.703 315.462 28 23 21 359 3
335.919 127.703 315.462 29 23 21 359 3
335.919 127.703 315.462 30 23 21 359 3
138.563 59.158 88.275 1 24 21 367 4
138.563 59.158 88.275 2 24 21 367 4
138.563 59.158 88.275 3 24 21 367 4
138.563 59.158 88.275 4 24 21 367 4
138.563 59.158 88.275 5 24 21 367 4
138.563 59.158 88.275 6 24 21 367 4
319.013 46.936 257.793 7 24 21 410 1
319.013 46.936 257.793 8 24 21 410 1
319.013 46.936 257.793 9 24 21 410 1
319.013 46.936 257.793 10 24 21 410 1
319.013 46.936 257.793 11 24 21 410 1
319.013 46.936 257.793 12 24 21 410 1
335.919 127.703 315.462 13 24 21 359 3
335.919 127.703 315.462 14 24 21 359 3
335.919 127.703 315.462 15 24 21 359 3
335.919 127.703 315.462 16 24 21 359 3
335.919 127.703 315.462 17 24 21 359 3
335.919 127.703 315.462 18 24 21 359 3
335.919 127.703 315.462 19 24 21 359 3
335.919 127.703 315.462 20 24 21 359 3
335.919 127.703 315.462 21 24 21 359 3
335.919 127.703 315.462 22 24 21 359 3
335.919 127.703 315.462 23 24 21 359 3
335.919 127.703 315.462 24 24 21 359 3
335.919 127.703 315.462 25 24 21 359 3
335.919 127.703 315.462 26 24 21 359 3
335.919 127.703 315.462 27 24 21 359 3
335.919 127.703 315.462 28 24 21 359 3
335.919 127.703 315.462 29 24 21 359 3
335.919 127.703 315.462 30 24 21 359 3
138.563 59.158 88.275 1 25 21 367 4
138.563 59.158 88.275 2 25 21 367 4
138.563 59.158 88.275 3 25 21 367 4
138.563 59.158 88.275 4 25 21 367 4
138.563 59.158 88.275 5 25 21 367 4
138.563 59.158 88.275 6 25 21 367 4
138.563 59.158 88.275 7 25 21 367 4
319.013 46.936 257.793 8 25 21 410 1
319.013 46.936 257.793 9 25 21 410 1
319.013 46.936 257.793 10 25 21 410 1
319.013 46.936 257.793 11 25 21 410 1
263.224 143.945 132.045 12 25 21 373 4
263.224 143.945 132.045 13 25 21 373 4
263.224 143.945 132.045 14 25 21 373 4
263.224 143.945 132.045 15 25 21 373 4
335.919 127.703 315.462 16 25 21 359 3
335.919 127.703 315.462 17 25 21 359 3
335.919 127.703 315.462 18 25 21 359 3
335.919 127.703 315.462 19 25 21 359 3
335.919 127.703 315.462 20 25 21 359 3
335.919 127.703 315.462 21 25 21 359 3
335.919 127.703 315.462 22 25 21 359 3
335.919 127.703 315.462 23 25 21 359 3
335.919 127.703 315.462 24 25 21 359 3
94.576 72.414 253.803 25 25 21 431 4
94.576 72.414 253.803 26 25 21 431 4
94.576 72.414 253.803 27 25 21 431 4
94.576 72.414 253.803 28 25 21 431 4
335.919 127.703 315.462 29 25 21 359 3
335.919 127.703 315.462 30 25 21 359 3
138.563 59.158 88.275 1 26 21 367 4
138.563 59.158 88.275 2 26 21 367 4
138.563 59.158 88.275 3 26 21 367 4
138.563 59.158 88.275 4 26 21 367 4
138.563 59.158 88.275 5 26 21 367 4
138.563 59.158 88.275 6 26 21 367 4
138.563 59.158 88.275 7 26 21 367 4
319.013 46.936 257.793 8 26 21 410 1
319.013 46.936 257.793 9 26 21 410 1
319.013 46.936 257.793 10 26 21 410 1
319.013 46.936 257.793 11 26 21 410 1
263.224 143.945 132.045 12 26 21 373 4
263.224 143.945 132.045 13 26 21 373 4
263.224 143.945 132.045 14 26 21 373 4
263.224 143.945 132.045 15 26 21 373 4
263.224 143.945 132.045 16 26 21 373 4
263.224 143.945 132.045 17 26 21 373 4
335.919 127.703 315.462 18 26 21 359 3
335.919 127.703 315.462 19 26 21 359 3
335.919 127.703 315.462 20 26 21 359 3
335.919 127.703 315.462 21 26 21 359 3
335.919 127.703 315.462 22 26 21 359 3
335.919 127.703 315.462 23 26 21 359 3
94.576 72.414 253.803 24 26 21 431 4
94.576 72.414 253.803 25 26 21 431 4
94.576 72.414 253.803 26 26 21 431 4
94.576 72.414 253.803 27 26 21 431 4
94.576 72.414 253.803 28 26 21 431 4
94.576 72.414 253.803 29 26 21 431 4
94.576 72.414 253.803 30 26 21 431 4
138.563 59.158 88.275 1 27 21 367 4
138.563 59.158 88.275 2 27 21 367 4
138.563 59.158 88.275 3 27 21 367 4
138.563 59.158 88.275 4 27 21 367 4
138.563 59.158 88.275 5 27 21 367 4
138.563 59.158 88.275 6 27 21 367 4
138.563 59.158 88.275 7 27 21 367 4
308.629 57.762 310.143 8 27 21 233 1
319.013 46.936 257.793 9 27 21 410 1
319.013 46.936 257.793 10 27 21 410 1
319.013 46.936 257.793 11 27 21 410 1
263.224 143.945 132.045 12 27 21 373 4
263.224 143.945 132.045 13 27 21 373 4
263.224 143.945 132.045 14 27 21 373 4
263.224 143.945 132.045 15 27 21 373 4
263.224 143.945 132.045 16 27 21 373 4
263.224 143.945 132.045 17 27 21 373 4
263.224 143.945 132.045 18 27 21 373 4
335.919 127.703 315.462 19 27 21 359 3
335.919 127.703 315.462 20 27 21 359 3
335.919 127.703 315.462 21 27 21 359 3
335.919 127.703 315.462 22 27 21 359 3
335.919 127.703 315.462 23 27 21 359 3
94.576 72.414 253.803 24 27 21 431 4
94.576 72.414 253.803 25 27 21 431 4
94.576 72.414 253.803 26 27 21 431 4
94.576 72.414 253.803 27 27 21 431 4
94.576 72.414 253.803 28 27 21 431 4
94.576 72.414 253.803 29 27 21 431 4
94.576 72.414 253.803 30 27 21 431 4
138.563 59.158 88.275 1 28 21 367 4
138.563 59.158 88.275 2 28 21 367 4
138.563 59.158 88.275 3 28 21 367 4
138.563 59.158 88.275 4 28 21 367 4
138.563 59.158 88.275 5 28 21 367 4
138.563 59.158 88.275 6 28 21 367 4
138.563 59.158 88.275 7 28 21 367 4
308.629 57.762 310.143 8 28 21 233 1
308.629 57.762 310.143 9 28 21 233 1
319.013 46.936 257.793 10 28 21 410 1
319.013 46.936 257.793 11 28 21 410 1
233.016 123.305 60.887 12 28 21 221 1
263.224 143.945 132.045 13 28 21 373 4
263.224 143.945 132.045 14 28 21 373 4
263.224 143.945 132.045 15 28 21 373 4
263.224 143.945 132.045 16 28 21 373 4
263.224 143.945 132.045 17 28 21 373 4
263.224 143.945 132.045 18 28 21 373 4
263.224 143.945 132.045 19 28 21 373 4
263.224 143.945 132.045 20 28 21 373 4
329.025 127.687 23.585 21 28 21 227 1
329.025 127.687 23.585 22 28 21 227 1
329.025 127.687 23.585 23 28 21 227 1
329.025 127.687 23.585 24 28 21 227 1
94.576 72.414 253.803 25 28 21 431 4
94.576 72.414 253.803 26 28 21 431 4
94.576 72.414 253.803 27 28 21 431 4
94.576 72.414 253.803 28 28 21 431 4
94.576 72.414 253.803 29 28 21 431 4
94.576 72.414 253.803 30 28 21 431 4
138.563 59.158 88.275 1 29 21 367 4
138.563 59.158 88.275 2 29 21 367 4
138.563 59.158 88.275 3 29 21 367 4
138.563 59.158 88.275 4 29 21 367 4
138.563 59.158 88.275 5 29 21 367 4
138.563 59.158 88.275 6 29 21 367 4
138.563 59.158 88.275 7 29 21 367 4
308.629 57.762 310.143 8 29 21 233 1
308.629 57.762 310.143 9 29 21 233 1
319.013 46.936 257.793 10 29 21 410 1
319.013 46.936 257.793 11 29 21 410 1
263.224 143.945 132.045 12 29 21 373 4
263.224 143.945 132.045 13 29 21 373 4
263.224 143.945 132.045 14 29 21 373 4
263.224 143.945 132.045 15 29 21 373 4
263.224 143.945 132.045 16 29 21 373 4
263.224 143.945 132.045 17 29 21 373 4
263.224 143.945 132.045 18 29 21 373 4
263.224 143.945 132.045 19 29 21 373 4
263.224 143.945 132.045 20 29 21 373 4
329.025 127.687 23.585 21 29 21 227 1
329.025 127.687 23.585 22 29 21 227 1
329.025 127.687 23.585 23 29 21 227 1
329.025 127.687 23.585 24 29 21 227 1
329.025 127.687 23.585 25 29 21 227 1
94.576 72.414 253.803 26 29 21 431 4
94.576 72.414 253.803 27 29 21 431 4
94.576 72.414 253.803 28 29 21 431 4
94.576 72.414 253.803 29 29 21 431 4
94.576 72.414 253.803 30 29 21 431 4
138.563 59.158 88.275 1 30 21 367 4
138.563 59.158 88.275 2 30 21 367 4
138.563 59.158 88.275 3 30 21 367 4
138.563 59.158 88.275 4 30 21 367 4
138.563 59.158 88.275 5 30 21 367 4
138.563 59.158 88.275 6 30 21 367 4
138.563 59.158 88.275 7 30 21 367 4
319.013 46.936 257.793 8 30 21 410 1
319.013 46.936 257.793 9 30 21 410 1
319.013 46.936 257.793 10 30 21 410 1
319.013 46.936 257.793 11 30 21 410 1
263.224 143.945 132.045 12 30 21 373 4
263.224 143.945 132.045 13 30 21 373 4
263.224 143.945 132.045 14 30 21 373 4
263.224 143.945 132.045 15 30 21 373 4
263.224 143.945 132.045 16 30 21 373 4
263.224 143.945 132.045 17 30 21 373 4
263.224 143.945 132.045 18 30 21 373 4
263.224 143.945 132.045 19 30 21 373 4
263.224 143.945 132.045 20 30 21 373 4
329.025 127.687 23.585 21 30 21 227 1
329.025 127.687 23.585 22 30 21 227 1
329.025 127.687 23.585 23 30 21 227 1
329.025 127.687 23.585 24 30 21 227 1
329.025 127.687 23.585 25 30 21 227 1
94.576 72.414 253.803 26 30 21 431 4
94.576 72.414 253.803 27 30 21 431 4
94.576 72.414 253.803 28 30 21 431 4
94.576 72.414 253.803 29 30 21 431 4
94.576 72.414 253.803 30 30 21 431 4
