71.960 130.371 326.234 1 1 6 346 2
71.960 130.371 326.234 2 1 6 346 2
71.960 130.371 326.234 3 1 6 346 2
250.026 116.210 95.977 4 1 6 76 1
71.960 130.371 326.234 5 1 6 346 2
71.960 130.371 326.234 6 1 6 346 2
71.960 130.371 326.234 7 1 6 346 2
71.960 130.371 326.234 8 1 6 346 2
335.919 127.703 315.462 9 1 6 359 3
335.919 127.703 315.462 10 1 6 359 3
335.919 127.703 315.462 11 1 6 359 3
335.919 127.703 315.462 12 1 6 359 3
335.919 127.703 315.462 13 1 6 359 3
335.919 127.703 315.462 14 1 6 359 3
335.919 127.703 315.462 15 1 6 359 3
335.919 127.703 315.462 16 1 6 359 3
335.919 127.703 315.462 17 1 6 359 3
335.919 127.703 315.462 18 1 6 359 3
335.919 127.703 315.462 19 1 6 359 3
335.919 127.703 315.462 20 1 6 359 3
335.919 127.703 315.462 21 1 6 359 3
335.919 127.703 315.462 22 1 6 359 3
335.919 127.703 315.462 23 1 6 359 3
335.919 127.703 315.462 24 1 6 359 3
335.919 127.703 315.462 25 1 6 359 3
335.919 127.703 315.462 26 1 6 359 3
335.919 127.703 315.462 27 1 6 359 3
335.919 127.703 315.462 28 1 6 359 3
335.919 127.703 315.462 29 1 6 359 3
335.919 127.703 315.462 30 1 6 359 3
311.207 93.222 18.310 1 2 6 334 2
311.207 93.222 18.310 2 2 6 334 2
71.960 130.371 326.234 3 2 6 346 2
8.398 98.228 181.783 4 2 6 30 1
71.960 130.371 326.234 5 2 6 346 2
71.960 130.371 326.234 6 2 6 346 2
71.960 130.371 326.234 7 2 6 346 2
71.960 130.371 326.234 8 2 6 346 2
335.919 127.703 315.462 9 2 6 359 3
335.919 127.703 315.462 10 2 6 359 3
335.919 127.703 315.462 11 2 6 359 3
335.919 127.703 315.462 12 2 6 359 3
335.919 127.703 315.462 13 2 6 359 3
335.919 127.703 315.462 14 2 6 359 3
335.919 127.703 315.462 15 2 6 359 3
335.919 127.703 315.462 16 2 6 359 3
335.919 127.703 315.462 17 2 6 359 3
335.919 127.703 315.462 18 2 6 359 3
335.919 127.703 315.462 19 2 6 359 3
335.919 127.703 315.462 20 2 6 359 3
335.919 127.703 315.462 21 2 6 359 3
335.919 127.703 315.462 22 2 6 359 3
335.919 127.703 315.462 23 2 6 359 3
335.919 127.703 315.462 24 2 6 359 3
335.919 127.703 315.462 25 2 6 359 3
335.919 127.703 315.462 26 2 6 359 3
335.919 127.703 315.462 27 2 6 359 3
335.919 127.703 315.462 28 2 6 359 3
335.919 127.703 315.462 29 2 6 359 3
335.919 127.703 315.462 30 2 6 359 3
311.207 93.222 18.310 1 3 6 334 2
311.207 93.222 18.310 2 3 6 334 2
311.207 93.222 18.310 3 3 6 334 2
250.026 116.210 95.977 4 3 6 76 1
71.960 130.371 326.234 5 3 6 346 2
71.960 130.371 326.234 6 3 6 346 2
71.960 130.371 326.234 7 3 6 346 2
71.960 130.371 326.234 8 3 6 346 2
335.919 127.703 315.462 9 3 6 359 3
335.919 127.703 315.462 10 3 6 359 3
335.919 127.703 315.462 11 3 6 359 3
335.919 127.703 315.462 12 3 6 359 3
335.919 127.703 315.462 13 3 6 359 3
335.919 127.703 315.462 14 3 6 359 3
335.919 127.703 315.462 15 3 6 359 3
335.919 127.703 315.462 16 3 6 359 3
335.919 127.703 315.462 17 3 6 359 3
335.919 127.703 315.462 18 3 6 359 3
335.919 127.703 315.462 19 3 6 359 3
335.919 127.703 315.462 20 3 6 359 3
335.919 127.703 315.462 21 3 6 359 3
335.919 127.703 315.462 22 3 6 359 3
335.919 127.703 315.462 23 3 6 359 3
335.919 127.703 315.462 24 3 6 359 3
335.919 127.703 315.462 25 3 6 359 3
335.919 127.703 315.462 26 3 6 359 3
335.919 127.703 315.462 27 3 6 359 3
335.919 127.703 315.462 28 3 6 359 3
335.919 127.703 315.462 29 3 6 359 3
335.919 127.703 315.462 30 3 6 359 3
311.207 93.222 18.310 1 4 6 334 2
311.207 93.222 18.310 2 4 6 334 2
250.026 116.210 95.977 3 4 6 76 1
71.960 130.371 326.234 4 4 6 346 2
71.960 130.371 326.234 5 4 6 346 2
71.960 130.371 326.234 6 4 6 346 2
71.960 130.371 326.234 7 4 6 346 2
335.919 127.703 315.462 8 4 6 359 3
335.919 127.703 315.462 9 4 6 359 3
335.919 127.703 315.462 10 4 6 359 3
335.919 127.703 315.462 11 4 6 359 3
335.919 127.703 315.462 12 4 6 359 3
335.919 127.703 315.462 13 4 6 359 3
335.919 127.703 315.462 14 4 6 359 3
335.919 127.703 315.462 15 4 6 359 3
335.919 127.703 315.462 16 4 6 359 3
335.919 127.703 315.462 17 4 6 359 3
335.919 127.703 315.462 18 4 6 359 3
335.919 127.703 315.462 19 4 6 359 3
335.919 127.703 315.462 20 4 6 359 3
335.919 127.703 315.462 21 4 6 359 3
335.919 127.703 315.462 22 4 6 359 3
335.919 127.703 315.462 23 4 6 359 3
335.919 127.703 315.462 24 4 6 359 3
335.919 127.703 315.462 25 4 6 359 3
335.919 127.703 315.462 26 4 6 359 3
335.919 127.703 315.462 27 4 6 359 3
335.919 127.703 315.462 28 4 6 359 3
335.919 127.703 315.462 29 4 6 359 3
335.919 127.703 315.462 30 4 6 359 3
311.207 93.222 18.310 1 5 6 334 2
311.207 93.222 18.310 2 5 6 334 2
71.960 130.371 326.234 3 5 6 346 2
71.960 130.371 326.234 4 5 6 346 2
71.960 130.371 326.234 5 5 6 346 2
316.264 82.773 315.145 6 5 6 347 2
71.960 130.371 326.234 7 5 6 346 2
335.919 127.703 315.462 8 5 6 359 3
335.919 127.703 315.462 9 5 6 359 3
335.919 127.703 315.462 10 5 6 359 3
335.919 127.703 315.462 11 5 6 359 3
335.919 127.703 315.462 12 5 6 359 3
335.919 127.703 315.462 13 5 6 359 3
335.919 127.703 315.462 14 5 6 359 3
335.919 127.703 315.462 15 5 6 359 3
335.919 127.703 315.462 16 5 6 359 3
335.919 127.703 315.462 17 5 6 359 3
335.919 127.703 315.462 18 5 6 359 3
335.919 127.703 315.462 19 5 6 359 3
335.919 127.703 315.462 20 5 6 359 3
335.919 127.703 315.462 21 5 6 359 3
335.919 127.703 315.462 22 5 6 359 3
335.919 127.703 315.462 23 5 6 359 3
335.919 127.703 315.462 24 5 6 359 3
335.919 127.703 315.462 25 5 6 359 3
335.919 127.703 315.462 26 5 6 359 3
335.919 127.703 315.462 27 5 6 359 3
335.919 127.703 315.462 28 5 6 359 3
335.919 127.703 315.462 29 5 6 359 3
335.919 127.703 315.462 30 5 6 359 3
233.710 122.251 145.938 1 6 6 396 1
233.710 122.251 145.938 2 6 6 396 1
71.960 130.371 326.234 3 6 6 346 2
71.960 130.371 326.234 4 6 6 346 2
316.264 82.773 315.145 5 6 6 347 2
316.264 82.773 315.145 6 6 6 347 2
316.264 82.773 315.145 7 6 6 347 2
335.919 127.703 315.462 8 6 6 359 3
335.919 127.703 315.462 9 6 6 359 3
335.919 127.703 315.462 10 6 6 359 3
335.919 127.703 315.462 11 6 6 359 3
335.919 127.703 315.462 12 6 6 359 3
335.919 127.703 315.462 13 6 6 359 3
335.919 127.703 315.462 14 6 6 359 3
335.919 127.703 315.462 15 6 6 359 3
335.919 127.703 315.462 16 6 6 359 3
335.919 127.703 315.462 17 6 6 359 3
335.919 127.703 315.462 18 6 6 359 3
335.919 127.703 315.462 19 6 6 359 3
335.919 127.703 315.462 20 6 6 359 3
34.183 134.411 245.494 21 6 6 258 1
34.183 134.411 245.494 22 6 6 258 1
34.183 134.411 245.494 23 6 6 258 1
335.919 127.703 315.462 24 6 6 359 3
335.919 127.703 315.462 25 6 6 359 3
335.919 127.703 315.462 26 6 6 359 3
335.919 127.703 315.462 27 6 6 359 3
30.702 64.736 50.202 28 6 6 191 1
335.919 127.703 315.462 29 6 6 359 3
335.919 127.703 315.462 30 6 6 359 3
177.514 56.207 315.029 1 7 6 430 4
177.514 56.207 315.029 2 7 6 430 4
208.100 134.232 230.403 3 7 6 292 2
208.100 134.232 230.403 4 7 6 292 2
316.264 82.773 315.145 5 7 6 347 2
134.204 95.859 168.960 6 7 6 323 2
134.204 95.859 168.960 7 7 6 323 2
335.919 127.703 315.462 8 7 6 359 3
335.919 127.703 315.462 9 7 6 359 3
335.919 127.703 315.462 10 7 6 359 3
335.919 127.703 315.462 11 7 6 359 3
335.919 127.703 315.462 12 7 6 359 3
335.919 127.703 315.462 13 7 6 359 3
335.919 127.703 315.462 14 7 6 359 3
335.919 127.703 315.462 15 7 6 359 3
335.919 127.703 315.462 16 7 6 359 3
335.919 127.703 315.462 17 7 6 359 3
335.919 127.703 315.462 18 7 6 359 3
335.919 127.703 315.462 19 7 6 359 3
335.919 127.703 315.462 20 7 6 359 3
335.919 127.703 315.462 21 7 6 359 3
335.919 127.703 315.462 22 7 6 359 3
335.919 127.703 315.462 23 7 6 359 3
335.919 127.703 315.462 24 7 6 359 3
335.919 127.703 315.462 25 7 6 359 3
335.919 127.703 315.462 26 7 6 359 3
335.919 127.703 315.462 27 7 6 359 3
335.919 127.703 315.462 28 7 6 359 3
335.919 127.703 315.462 29 7 6 359 3
335.919 127.703 315.462 30 7 6 359 3
177.514 56.207 315.029 1 8 6 430 4
177.514 56.207 315.029 2 8 6 430 4
177.514 56.207 315.029 3 8 6 430 4
314.044 94.113 16.001 4 8 6 156 1
134.204 95.859 168.960 5 8 6 323 2
130.676 50.304 338.219 6 8 6 216 1
134.204 95.859 168.960 7 8 6 323 2
335.919 127.703 315.462 8 8 6 359 3
335.919 127.703 315.462 9 8 6 359 3
335.919 127.703 315.462 10 8 6 359 3
335.919 127.703 315.462 11 8 6 359 3
335.919 127.703 315.462 12 8 6 359 3
335.919 127.703 315.462 13 8 6 359 3
335.919 127.703 315.462 14 8 6 359 3
335.919 127.703 315.462 15 8 6 359 3
335.919 127.703 315.462 16 8 6 359 3
335.919 127.703 315.462 17 8 6 359 3
335.919 127.703 315.462 18 8 6 359 3
335.919 127.703 315.462 19 8 6 359 3
335.919 127.703 315.462 20 8 6 359 3
335.919 127.703 315.462 21 8 6 359 3
335.919 127.703 315.462 22 8 6 359 3
335.919 127.703 315.462 23 8 6 359 3
335.919 127.703 315.462 24 8 6 359 3
335.919 127.703 315.462 25 8 6 359 3
335.919 127.703 315.462 26 8 6 359 3
335.919 127.703 315.462 27 8 6 359 3
335.919 127.703 315.462 28 8 6 359 3
335.919 127.703 315.462 29 8 6 359 3
335.919 127.703 315.462 30 8 6 359 3
177.514 56.207 315.029 1 9 6 430 4
177.514 56.207 315.029 2 9 6 430 4
177.514 56.207 315.029 3 9 6 430 4
177.514 56.207 315.029 4 9 6 430 4
134.204 95.859 168.960 5 9 6 323 2
134.204 95.859 168.960 6 9 6 323 2
134.204 95.859 168.960 7 9 6 323 2
335.919 127.703 315.462 8 9 6 359 3
335.919 127.703 315.462 9 9 6 359 3
335.919 127.703 315.462 10 9 6 359 3
335.919 127.703 315.462 11 9 6 359 3
335.919 127.703 315.462 12 9 6 359 3
335.919 127.703 315.462 13 9 6 359 3
335.919 127.703 315.462 14 9 6 359 3
335.919 127.703 315.462 15 9 6 359 3
335.919 127.703 315.462 16 9 6 359 3
335.919 127.703 315.462 17 9 6 359 3
335.919 127.703 315.462 18 9 6 359 3
335.919 127.703 315.462 19 9 6 359 3
335.919 127.703 315.462 20 9 6 359 3
335.919 127.703 315.462 21 9 6 359 3
335.919 127.703 315.462 22 9 6 359 3
335.919 127.703 315.462 23 9 6 359 3
335.919 127.703 315.462 24 9 6 359 3
335.919 127.703 315.462 25 9 6 359 3
335.919 127.703 315.462 26 9 6 359 3
335.919 127.703 315.462 27 9 6 359 3
335.919 127.703 315.462 28 9 6 359 3
335.919 127.703 315.462 29 9 6 359 3
335.919 127.703 315.462 30 9 6 359 3
177.514 56.207 315.029 1 10 6 430 4
177.514 56.207 315.029 2 10 6 430 4
177.514 56.207 315.029 3 10 6 430 4
177.514 56.207 315.029 4 10 6 430 4
134.204 95.859 168.960 5 10 6 323 2
134.204 95.859 168.960 6 10 6 323 2
318.761 149.846 95.678 7 10 6 375 1
335.919 127.703 315.462 8 10 6 359 3
335.919 127.703 315.462 9 10 6 359 3
335.919 127.703 315.462 10 10 6 359 3
335.919 127.703 315.462 11 10 6 359 3
335.919 127.703 315.462 12 10 6 359 3
335.919 127.703 315.462 13 10 6 359 3
335.919 127.703 315.462 14 10 6 359 3
335.919 127.703 315.462 15 10 6 359 3
335.919 127.703 315.462 16 10 6 359 3
335.919 127.703 315.462 17 10 6 359 3
335.919 127.703 315.462 18 10 6 359 3
335.919 127.703 315.462 19 10 6 359 3
335.919 127.703 315.462 20 10 6 359 3
335.919 127.703 315.462 21 10 6 359 3
335.919 127.703 315.462 22 10 6 359 3
335.919 127.703 315.462 23 10 6 359 3
335.919 127.703 315.462 24 10 6 359 3
335.919 127.703 315.462 25 10 6 359 3
335.919 127.703 315.462 26 10 6 359 3
335.919 127.703 315.462 27 10 6 359 3
335.919 127.703 315.462 28 10 6 359 3
335.919 127.703 315.462 29 10 6 359 3
335.919 127.703 315.462 30 10 6 359 3
177.514 56.207 315.029 1 11 6 430 4
177.514 56.207 315.029 2 11 6 430 4
177.514 56.207 315.029 3 11 6 430 4
177.514 56.207 315.029 4 11 6 430 4
175.563 160.170 255.833 5 11 6 55 1
175.563 160.170 255.833 6 11 6 55 1
175.563 160.170 255.833 7 11 6 55 1
335.919 127.703 315.462 8 11 6 359 3
335.919 127.703 315.462 9 11 6 359 3
335.919 127.703 315.462 10 11 6 359 3
335.919 127.703 315.462 11 11 6 359 3
335.919 127.703 315.462 12 11 6 359 3
335.919 127.703 315.462 13 11 6 359 3
335.919 127.703 315.462 14 11 6 359 3
335.919 127.703 315.462 15 11 6 359 3
335.919 127.703 315.462 16 11 6 359 3
335.919 127.703 315.462 17 11 6 359 3
335.919 127.703 315.462 18 11 6 359 3
335.919 127.703 315.462 19 11 6 359 3
335.919 127.703 315.462 20 11 6 359 3
335.919 127.703 315.462 21 11 6 359 3
335.919 127.703 315.462 22 11 6 359 3
335.919 127.703 315.462 23 11 6 359 3
335.919 127.703 315.462 24 11 6 359 3
335.919 127.703 315.462 25 11 6 359 3
335.919 127.703 315.462 26 11 6 359 3
335.919 127.703 315.462 27 11 6 359 3
335.919 127.703 315.462 28 11 6 359 3
335.919 127.703 315.462 29 11 6 359 3
335.919 127.703 315.462 30 11 6 359 3
177.514 56.207 315.029 1 12 6 430 4
177.514 56.207 315.029 2 12 6 430 4
177.514 56.207 315.029 3 12 6 430 4
177.514 56.207 315.029 4 12 6 430 4
175.563 160.170 255.833 5 12 6 55 1
175.563 160.170 255.833 6 12 6 55 1
175.563 160.170 255.833 7 12 6 55 1
175.563 160.170 255.833 8 12 6 55 1
335.919 127.703 315.462 9 12 6 359 3
335.919 127.703 315.462 10 12 6 359 3
335.919 127.703 315.462 11 12 6 359 3
335.919 127.703 315.462 12 12 6 359 3
335.919 127.703 315.462 13 12 6 359 3
335.919 127.703 315.462 14 12 6 359 3
335.919 127.703 315.462 15 12 6 359 3
335.919 127.703 315.462 16 12 6 359 3
335.919 127.703 315.462 17 12 6 359 3
335.919 127.703 315.462 18 12 6 359 3
335.919 127.703 315.462 19 12 6 359 3
335.919 127.703 315.462 20 12 6 359 3
335.919 127.703 315.462 21 12 6 359 3
335.919 127.703 315.462 22 12 6 359 3
335.919 127.703 315.462 23 12 6 359 3
335.919 127.703 315.462 24 12 6 359 3
335.919 127.703 315.462 25 12 6 359 3
335.919 127.703 315.462 26 12 6 359 3
335.919 127.703 315.462 27 12 6 359 3
335.919 127.703 315.462 28 12 6 359 3
335.919 127.703 315.462 29 12 6 359 3
335.919 127.703 315.462 30 12 6 359 3
177.514 56.207 315.029 1 13 6 430 4
177.514 56.207 315.029 2 13 6 430 4
177.514 56.207 315.029 3 13 6 430 4
177.514 56.207 315.029 4 13 6 430 4
104.355 64.982 54.877 5 13 6 103 1
175.563 160.170 255.833 6 13 6 55 1
175.563 160.170 255.833 7 13 6 55 1
56.104 128.981 336.779 8 13 6 370 4
56.104 128.981 336.779 9 13 6 370 4
56.104 128.981 336.779 10 13 6 370 4
56.104 128.981 336.779 11 13 6 370 4
56.104 128.981 336.779 12 13 6 370 4
56.104 128.981 336.779 13 13 6 370 4
56.104 128.981 336.779 14 13 6 370 4
56.104 128.981 336.779 15 13 6 370 4
56.104 128.981 336.779 16 13 6 370 4
56.104 128.981 336.779 17 13 6 370 4
56.104 128.981 336.779 18 13 6 370 4
56.104 128.981 336.779 19 13 6 370 4
56.104 128.981 336.779 20 13 6 370 4
335.919 127.703 315.462 21 13 6 359 3
335.919 127.703 315.462 22 13 6 359 3
335.919 127.703 315.462 23 13 6 359 3
335.919 127.703 315.462 24 13 6 359 3
335.919 127.703 315.462 25 13 6 359 3
335.919 127.703 315.462 26 13 6 359 3
335.919 127.703 315.462 27 13 6 359 3
335.919 127.703 315.462 28 13 6 359 3
335.919 127.703 315.462 29 13 6 359 3
335.919 127.703 315.462 30 13 6 359 3
177.514 56.207 315.029 1 14 6 430 4
177.514 56.207 315.029 2 14 6 430 4
177.514 56.207 315.029 3 14 6 430 4
177.514 56.207 315.029 4 14 6 430 4
198.496 68.093 131.224 5 14 6 17 1
198.496 68.093 131.224 6 14 6 17 1
198.496 68.093 131.224 7 14 6 17 1
56.104 128.981 336.779 8 14 6 370 4
56.104 128.981 336.779 9 14 6 370 4
56.104 128.981 336.779 10 14 6 370 4
56.104 128.981 336.779 11 14 6 370 4
56.104 128.981 336.779 12 14 6 370 4
56.104 128.981 336.779 13 14 6 370 4
56.104 128.981 336.779 14 14 6 370 4
56.104 128.981 336.779 15 14 6 370 4
56.104 128.981 336.779 16 14 6 370 4
56.104 128.981 336.779 17 14 6 370 4
56.104 128.981 336.779 18 14 6 370 4
56.104 128.981 336.779 19 14 6 370 4
56.104 128.981 336.779 20 14 6 370 4
56.104 128.981 336.779 21 14 6 370 4
56.104 128.981 336.779 22 14 6 370 4
56.104 128.981 336.779 23 14 6 370 4
335.919 127.703 315.462 24 14 6 359 3
335.919 127.703 315.462 25 14 6 359 3
335.919 127.703 315.462 26 14 6 359 3
335.919 127.703 315.462 27 14 6 359 3
335.919 127.703 315.462 28 14 6 359 3
335.919 127.703 315.462 29 14 6 359 3
335.919 127.703 315.462 30 14 6 359 3
177.514 56.207 315.029 1 15 6 430 4
177.514 56.207 315.029 2 15 6 430 4
177.514 56.207 315.029 3 15 6 430 4
177.514 56.207 315.029 4 15 6 430 4
198.496 68.093 131.224 5 15 6 17 1
56.104 128.981 336.779 6 15 6 370 4
56.104 128.981 336.779 7 15 6 370 4
56.104 128.981 336.779 8 15 6 370 4
56.104 128.981 336.779 9 15 6 370 4
56.104 128.981 336.779 10 15 6 370 4
56.104 128.981 336.779 11 15 6 370 4
56.104 128.981 336.779 12 15 6 370 4
56.104 128.981 336.779 13 15 6 370 4
56.104 128.981 336.779 14 15 6 370 4
56.104 128.981 336.779 15 15 6 370 4
56.104 128.981 336.779 16 15 6 370 4
56.104 128.981 336.779 17 15 6 370 4
56.104 128.981 336.779 18 15 6 370 4
56.104 128.981 336.779 19 15 6 370 4
56.104 128.981 336.779 20 15 6 370 4
56.104 128.981 336.779 21 15 6 370 4
56.104 128.981 336.779 22 15 6 370 4
56.104 128.981 336.779 23 15 6 370 4
56.104 128.981 336.779 24 15 6 370 4
56.104 128.981 336.779 25 15 6 370 4
335.919 127.703 315.462 26 15 6 359 3
335.919 127.703 315.462 27 15 6 359 3
335.919 127.703 315.462 28 15 6 359 3
335.919 127.703 315.462 29 15 6 359 3
335.919 127.703 315.462 30 15 6 359 3
177.514 56.207 315.029 1 16 6 430 4
177.514 56.207 315.029 2 16 6 430 4
177.514 56.207 315.029 3 16 6 430 4
177.514 56.207 315.029 4 16 6 430 4
56.104 128.981 336.779 5 16 6 370 4
56.104 128.981 336.779 6 16 6 370 4
56.104 128.981 336.779 7 16 6 370 4
56.104 128.981 336.779 8 16 6 370 4
56.104 128.981 336.779 9 16 6 370 4
302.273 144.020 117.620 10 16 6 168 1
56.104 128.981 336.779 11 16 6 370 4
56.104 128.981 336.779 12 16 6 370 4
56.104 128.981 336.779 13 16 6 370 4
264.649 28.183 15.571 14 16 6 246 1
56.104 128.981 336.779 15 16 6 370 4
56.104 128.981 336.779 16 16 6 370 4
56.104 128.981 336.779 17 16 6 370 4
210.449 26.801 196.116 18 16 6 93 1
56.104 128.981 336.779 19 16 6 370 4
56.104 128.981 336.779 20 16 6 370 4
56.104 128.981 336.779 21 16 6 370 4
56.104 128.981 336.779 22 16 6 370 4
56.104 128.981 336.779 23 16 6 370 4
56.104 128.981 336.779 24 16 6 370 4
56.104 128.981 336.779 25 16 6 370 4
56.104 128.981 336.779 26 16 6 370 4
56.104 128.981 336.779 27 16 6 370 4
335.919 127.703 315.462 28 16 6 359 3
335.919 127.703 315.462 29 16 6 359 3
335.919 127.703 315.462 30 16 6 359 3
177.514 56.207 315.029 1 17 6 430 4
177.514 56.207 315.029 2 17 6 430 4
177.514 56.207 315.029 3 17 6 430 4
177.514 56.207 315.029 4 17 6 430 4
56.104 128.981 336.779 5 17 6 370 4
56.104 128.981 336.779 6 17 6 370 4
56.104 128.981 336.779 7 17 6 370 4
56.104 128.981 336.779 8 17 6 370 4
56.104 128.981 336.779 9 17 6 370 4
56.104 128.981 336.779 10 17 6 370 4
56.104 128.981 336.779 11 17 6 370 4
56.104 128.981 336.779 12 17 6 370 4
56.104 128.981 336.779 13 17 6 370 4
56.104 128.981 336.779 14 17 6 370 4
56.104 128.981 336.779 15 17 6 370 4
56.104 128.981 336.779 16 17 6 370 4
56.104 128.981 336.779 17 17 6 370 4
56.104 128.981 336.779 18 17 6 370 4
56.104 128.981 336.779 19 17 6 370 4
56.104 128.981 336.779 20 17 6 370 4
56.104 128.981 336.779 21 17 6 370 4
56.104 128.981 336.779 22 17 6 370 4
56.104 128.981 336.779 23 17 6 370 4
56.104 128.981 336.779 24 17 6 370 4
56.104 128.981 336.779 25 17 6 370 4
56.104 128.981 336.779 26 17 6 370 4
56.104 128.981 336.779 27 17 6 370 4
56.104 128.981 336.779 28 17 6 370 4
335.919 127.703 315.462 29 17 6 359 3
335.919 127.703 315.462 30 17 6 359 3
177.514 56.207 315.029 1 18 6 430 4
177.514 56.207 315.029 2 18 6 430 4
177.514 56.207 315.029 3 18 6 430 4
177.514 56.207 315.029 4 18 6 430 4
56.104 128.981 336.779 5 18 6 370 4
56.104 128.981 336.779 6 18 6 370 4
56.104 128.981 336.779 7 18 6 370 4
56.104 128.981 336.779 8 18 6 370 4
56.104 128.981 336.779 9 18 6 370 4
56.104 128.981 336.779 10 18 6 370 4
56.104 128.981 336.779 11 18 6 370 4
329.999 155.370 30.804 12 18 6 183 1
56.104 128.981 336.779 13 18 6 370 4
56.104 128.981 336.779 14 18 6 370 4
56.104 128.981 336.779 15 18 6 370 4
56.104 128.981 336.779 16 18 6 370 4
56.104 128.981 336.779 17 18 6 370 4
56.104 128.981 336.779 18 18 6 370 4
56.104 128.981 336.779 19 18 6 370 4
56.104 128.981 336.779 20 18 6 370 4
56.104 128.981 336.779 21 18 6 370 4
346.525 100.240 78.430 22 18 6 282 1
56.104 128.981 336.779 23 18 6 370 4
56.104 128.981 336.779 24 18 6 370 4
56.104 128.981 336.779 25 18 6 370 4
107.146 66.952 267.585 26 18 6 331 2
56.104 128.981 336.779 27 18 6 370 4
56.104 128.981 336.779 28 18 6 370 4
56.104 128.981 336.779 29 18 6 370 4
335.919 127.703 315.462 30 18 6 359 3
177.514 56.207 315.029 1 19 6 430 4
177.514 56.207 315.029 2 19 6 430 4
177.514 56.207 315.029 3 19 6 430 4
177.514 56.207 315.029 4 19 6 430 4
56.104 128.981 336.779 5 19 6 370 4
56.104 128.981 336.779 6 19 6 370 4
56.104 128.981 336.779 7 19 6 370 4
56.104 128.981 336.779 8 19 6 370 4
56.104 128.981 336.779 9 19 6 370 4
56.104 128.981 336.779 10 19 6 370 4
56.104 128.981 336.779 11 19 6 370 4
56.104 128.981 336.779 12 19 6 370 4
56.104 128.981 336.779 13 19 6 370 4
56.104 128.981 336.779 14 19 6 370 4
56.104 128.981 336.779 15 19 6 370 4
56.104 128.981 336.779 16 19 6 370 4
56.104 128.981 336.779 17 19 6 370 4
56.104 128.981 336.779 18 19 6 370 4
56.104 128.981 336.779 19 19 6 370 4
56.104 128.981 336.779 20 19 6 370 4
56.104 128.981 336.779 21 19 6 370 4
56.104 128.981 336.779 22 19 6 370 4
56.104 128.981 336.779 23 19 6 370 4
56.104 128.981 336.779 24 19 6 370 4
56.104 128.981 336.779 25 19 6 370 4
56.104 128.981 336.779 26 19 6 370 4
56.104 128.981 336.779 27 19 6 370 4
56.104 128.981 336.779 28 19 6 370 4
56.104 128.981 336.779 29 19 6 370 4
56.104 128.981 336.779 30 19 6 370 4
177.514 56.207 315.029 1 20 6 430 4
177.514 56.207 315.029 2 20 6 430 4
177.514 56.207 315.029 3 20 6 430 4
56.104 128.981 336.779 4 20 6 370 4
56.104 128.981 336.779 5 20 6 370 4
56.104 128.981 336.779 6 20 6 370 4
56.104 128.981 336.779 7 20 6 370 4
56.104 128.981 336.779 8 20 6 370 4
56.104 128.981 336.779 9 20 6 370 4
173.239 76.275 45.222 10 20 6 177 1
56.104 128.981 336.779 11 20 6 370 4
56.104 128.981 336.779 12 20 6 370 4
56.104 128.981 336.779 13 20 6 370 4
56.104 128.981 336.779 14 20 6 370 4
56.104 128.981 336.779 15 20 6 370 4
309.084 76.881 217.809 16 20 6 108 1
56.104 128.981 336.779 17 20 6 370 4
56.104 128.981 336.779 18 20 6 370 4
56.104 128.981 336.779 19 20 6 370 4
56.104 128.981 336.779 20 20 6 370 4
56.104 128.981 336.779 21 20 6 370 4
56.104 128.981 336.779 22 20 6 370 4
56.104 128.981 336.779 23 20 6 370 4
56.104 128.981 336.779 24 20 6 370 4
56.104 128.981 336.779 25 20 6 370 4
56.104 128.981 336.779 26 20 6 370 4
56.104 128.981 336.779 27 20 6 370 4
56.104 128.981 336.779 28 20 6 370 4
56.104 128.981 336.779 29 20 6 370 4
56.104 128.981 336.779 30 20 6 370 4
177.514 56.207 315.029 1 21 6 430 4
177.514 56.207 315.029 2 21 6 430 4
177.514 56.207 315.029 3 21 6 430 4
56.104 128.981 336.779 4 21 6 370 4
56.104 128.981 336.779 5 21 6 370 4
56.104 128.981 336.779 6 21 6 370 4
56.104 128.981 336.779 7 21 6 370 4
56.104 128.981 336.779 8 21 6 370 4
56.104 128.981 336.779 9 21 6 370 4
56.104 128.981 336.779 10 21 6 370 4
56.104 128.981 336.779 11 21 6 370 4
56.104 128.981 336.779 12 21 6 370 4
56.104 128.981 336.779 13 21 6 370 4
56.104 128.981 336.779 14 21 6 370 4
56.104 128.981 336.779 15 21 6 370 4
56.104 128.981 336.779 16 21 6 370 4
56.104 128.981 336.779 17 21 6 370 4
56.104 128.981 336.779 18 21 6 370 4
56.104 128.981 336.779 19 21 6 370 4
56.104 128.981 336.779 20 21 6 370 4
56.104 128.981 336.779 21 21 6 370 4
56.104 128.981 336.779 22 21 6 370 4
56.104 128.981 336.779 23 21 6 370 4
56.104 128.981 336.779 24 21 6 370 4
56.104 128.981 336.779 25 21 6 370 4
56.104 128.981 336.779 26 21 6 370 4
56.104 128.981 336.779 27 21 6 370 4
56.104 128.981 336.779 28 21 6 370 4
56.104 128.981 336.779 29 21 6 370 4
71.209 57.807 185.986 30 21 6 294 2
177.514 56.207 315.029 1 22 6 430 4
177.514 56.207 315.029 2 22 6 430 4
56.104 128.981 336.779 3 22 6 370 4
56.104 128.981 336.779 4 22 6 370 4
242.700 82.280 278.795 5 22 6 350 2
242.700 82.280 278.795 6 22 6 350 2
56.104 128.981 336.779 7 22 6 370 4
56.104 128.981 336.779 8 22 6 370 4
56.104 128.981 336.779 9 22 6 370 4
135.548 72.240 270.843 10 22 6 272 1
56.104 128.981 336.779 11 22 6 370 4
56.104 128.981 336.779 12 22 6 370 4
56.104 128.981 336.779 13 22 6 370 4
56.104 128.981 336.779 14 22 6 370 4
56.104 128.981 336.779 15 22 6 370 4
56.104 128.981 336.779 16 22 6 370 4
56.104 128.981 336.779 17 22 6 370 4
56.104 128.981 336.779 18 22 6 370 4
56.104 128.981 336.779 19 22 6 370 4
56.104 128.981 336.779 20 22 6 370 4
56.104 128.981 336.779 21 22 6 370 4
56.104 128.981 336.779 22 22 6 370 4
56.104 128.981 336.779 23 22 6 370 4
56.104 128.981 336.779 24 22 6 370 4
56.104 128.981 336.779 25 22 6 370 4
56.104 128.981 336.779 26 22 6 370 4
56.104 128.981 336.779 27 22 6 370 4
20.329 92.215 278.900 28 22 6 224 1
20.329 92.215 278.900 29 22 6 224 1
20.329 92.215 278.900 30 22 6 224 1
56.104 128.981 336.779 1 23 6 370 4
56.104 128.981 336.779 2 23 6 370 4
56.104 128.981 336.779 3 23 6 370 4
56.104 128.981 336.779 4 23 6 370 4
253.442 146.404 245.062 5 23 6 304 2
253.442 146.404 245.062 6 23 6 304 2
56.104 128.981 336.779 7 23 6 370 4
56.104 128.981 336.779 8 23 6 370 4
56.104 128.981 336.779 9 23 6 370 4
56.104 128.981 336.779 10 23 6 370 4
56.104 128.981 336.779 11 23 6 370 4
56.104 128.981 336.779 12 23 6 370 4
56.104 128.981 336.779 13 23 6 370 4
56.104 128.981 336.779 14 23 6 370 4
56.104 128.981 336.779 15 23 6 370 4
56.104 128.981 336.779 16 23 6 370 4
56.104 128.981 336.779 17 23 6 370 4
56.104 128.981 336.779 18 23 6 370 4
56.104 128.981 336.779 19 23 6 370 4
56.104 128.981 336.779 20 23 6 370 4
56.104 128.981 336.779 21 23 6 370 4
56.104 128.981 336.779 22 23 6 370 4
56.104 128.981 336.779 23 23 6 370 4
56.104 128.981 336.779 24 23 6 370 4
56.104 128.981 336.779 25 23 6 370 4
56.104 128.981 336.779 26 23 6 370 4
56.104 128.981 336.779 27 23 6 370 4
56.104 128.981 336.779 28 23 6 370 4
150.263 131.604 231.062 29 23 6 122 1
226.885 93.478 48.061 30 23 6 66 1
56.104 128.981 336.779 1 24 6 370 4
56.104 128.981 336.779 2 24 6 370 4
56.104 128.981 336.779 3 24 6 370 4
56.104 128.981 336.779 4 24 6 370 4
253.442 146.404 245.062 5 24 6 304 2
253.442 146.404 245.062 6 24 6 304 2
56.104 128.981 336.779 7 24 6 370 4
56.104 128.981 336.779 8 24 6 370 4
56.104 128.981 336.779 9 24 6 370 4
56.104 128.981 336.779 10 24 6 370 4
56.104 128.981 336.779 11 24 6 370 4
56.104 128.981 336.779 12 24 6 370 4
56.104 128.981 336.779 13 24 6 370 4
56.104 128.981 336.779 14 24 6 370 4
56.104 128.981 336.779 15 24 6 370 4
32.934 107.580 350.718 16 24 6 424 2
56.104 128.981 336.779 17 24 6 370 4
56.104 128.981 336.779 18 24 6 370 4
56.104 128.981 336.779 19 24 6 370 4
56.104 128.981 336.779 20 24 6 370 4
56.104 128.981 336.779 21 24 6 370 4
56.104 128.981 336.779 22 24 6 370 4
56.104 128.981 336.779 23 24 6 370 4
56.104 128.981 336.779 24 24 6 370 4
56.104 128.981 336.779 25 24 6 370 4
56.104 128.981 336.779 26 24 6 370 4
56.104 128.981 336.779 27 24 6 370 4
56.104 128.981 336.779 28 24 6 370 4
226.885 93.478 48.061 29 24 6 66 1
226.885 93.478 48.061 30 24 6 66 1
56.104 128.981 336.779 1 25 6 370 4
56.104 128.981 336.779 2 25 6 370 4
56.104 128.981 336.779 3 25 6 370 4
56.104 128.981 336.779 4 25 6 370 4
56.104 128.981 336.779 5 25 6 370 4
253.442 146.404 245.062 6 25 6 304 2
253.442 146.404 245.062 7 25 6 304 2
56.104 128.981 336.779 8 25 6 370 4
56.104 128.981 336.779 9 25 6 370 4
56.104 128.981 336.779 10 25 6 370 4
56.104 128.981 336.779 11 25 6 370 4
56.104 128.981 336.779 12 25 6 370 4
56.104 128.981 336.779 13 25 6 370 4
56.104 128.981 336.779 14 25 6 370 4
56.104 128.981 336.779 15 25 6 370 4
56.104 128.981 336.779 16 25 6 370 4
56.104 128.981 336.779 17 25 6 370 4
56.104 128.981 336.779 18 25 6 370 4
56.104 128.981 336.779 19 25 6 370 4
56.104 128.981 336.779 20 25 6 370 4
56.104 128.981 336.779 21 25 6 370 4
56.104 128.981 336.779 22 25 6 370 4
56.104 128.981 336.779 23 25 6 370 4
56.104 128.981 336.779 24 25 6 370 4
56.104 128.981 336.779 25 25 6 370 4
56.104 128.981 336.779 26 25 6 370 4
56.104 128.981 336.779 27 25 6 370 4
56.104 128.981 336.779 28 25 6 370 4
83.268 101.247 70.383 29 25 6 214 1
83.268 101.247 70.383 30 25 6 214 1
56.104 128.981 336.779 1 26 6 370 4
56.104 128.981 336.779 2 26 6 370 4
56.104 128.981 336.779 3 26 6 370 4
56.104 128.981 336.779 4 26 6 370 4
56.104 128.981 336.779 5 26 6 370 4
56.104 128.981 336.779 6 26 6 370 4
56.104 128.981 336.779 7 26 6 370 4
56.104 128.981 336.779 8 26 6 370 4
56.104 128.981 336.779 9 26 6 370 4
56.104 128.981 336.779 10 26 6 370 4
56.104 128.981 336.779 11 26 6 370 4
56.104 128.981 336.779 12 26 6 370 4
56.104 128.981 336.779 13 26 6 370 4
56.104 128.981 336.779 14 26 6 370 4
56.104 128.981 336.779 15 26 6 370 4
56.104 128.981 336.779 16 26 6 370 4
56.104 128.981 336.779 17 26 6 370 4
246.951 71.310 123.923 18 26 6 420 2
56.104 128.981 336.779 19 26 6 370 4
56.104 128.981 336.779 20 26 6 370 4
56.104 128.981 336.779 21 26 6 370 4
56.104 128.981 336.779 22 26 6 370 4
56.104 128.981 336.779 23 26 6 370 4
56.104 128.981 336.779 24 26 6 370 4
56.104 128.981 336.779 25 26 6 370 4
302.389 136.798 252.376 26 26 6 78 1
302.389 136.798 252.376 27 26 6 78 1
302.389 136.798 252.376 28 26 6 78 1
83.268 101.247 70.383 29 26 6 214 1
83.268 101.247 70.383 30 26 6 214 1
56.104 128.981 336.779 1 27 6 370 4
56.104 128.981 336.779 2 27 6 370 4
56.104 128.981 336.779 3 27 6 370 4
56.104 128.981 336.779 4 27 6 370 4
56.104 128.981 336.779 5 27 6 370 4
56.104 128.981 336.779 6 27 6 370 4
56.104 128.981 336.779 7 27 6 370 4
56.104 128.981 336.779 8 27 6 370 4
56.104 128.981 336.779 9 27 6 370 4
56.104 128.981 336.779 10 27 6 370 4
56.104 128.981 336.779 11 27 6 370 4
56.104 128.981 336.779 12 27 6 370 4
56.104 128.981 336.779 13 27 6 370 4
56.104 128.981 336.779 14 27 6 370 4
56.104 128.981 336.779 15 27 6 370 4
56.104 128.981 336.779 16 27 6 370 4
56.104 128.981 336.779 17 27 6 370 4
56.104 128.981 336.779 18 27 6 370 4
56.104 128.981 336.779 19 27 6 370 4
56.104 128.981 336.779 20 27 6 370 4
56.104 128.981 336.779 21 27 6 370 4
56.104 128.981 336.779 22 27 6 370 4
56.104 128.981 336.779 23 27 6 370 4
56.104 128.981 336.779 24 27 6 370 4
89.950 49.812 270.892 25 27 6 366 4
302.389 136.798 252.376 26 27 6 78 1
302.389 136.798 252.376 27 27 6 78 1
302.389 136.798 252.376 28 27 6 78 1
83.268 101.247 70.383 29 27 6 214 1
83.268 101.247 70.383 30 27 6 214 1
280.538 81.279 345.010 1 28 6 91 1
56.104 128.981 336.779 2 28 6 370 4
56.104 128.981 336.779 3 28 6 370 4
56.104 128.981 336.779 4 28 6 370 4
56.104 128.981 336.779 5 28 6 370 4
1.753 102.085 194.068 6 28 6 59 1
56.104 128.981 336.779 7 28 6 370 4
56.104 128.981 336.779 8 28 6 370 4
56.104 128.981 336.779 9 28 6 370 4
56.104 128.981 336.779 10 28 6 370 4
56.104 128.981 336.779 11 28 6 370 4
56.104 128.981 336.779 12 28 6 370 4
56.104 128.981 336.779 13 28 6 370 4
56.104 128.981 336.779 14 28 6 370 4
56.104 128.981 336.779 15 28 6 370 4
56.104 128.981 336.779 16 28 6 370 4
56.104 128.981 336.779 17 28 6 370 4
56.104 128.981 336.779 18 28 6 370 4
56.104 128.981 336.779 19 28 6 370 4
56.104 128.981 336.779 20 28 6 370 4
56.104 128.981 336.779 21 28 6 370 4
56.104 128.981 336.779 22 28 6 370 4
56.104 128.981 336.779 23 28 6 370 4
89.950 49.812 270.892 24 28 6 366 4
89.950 49.812 270.892 25 28 6 366 4
89.950 49.812 270.892 26 28 6 366 4
302.389 136.798 252.376 27 28 6 78 1
234.420 99.660 174.367 28 28 6 423 2
234.420 99.660 174.367 29 28 6 423 2
285.523 162.934 127.898 30 28 6 16 1
280.538 81.279 345.010 1 29 6 91 1
280.538 81.279 345.010 2 29 6 91 1
56.104 128.981 336.779 3 29 6 370 4
56.104 128.981 336.779 4 29 6 370 4
56.104 128.981 336.779 5 29 6 370 4
56.104 128.981 336.779 6 29 6 370 4
56.104 128.981 336.779 7 29 6 370 4
56.104 128.981 336.779 8 29 6 370 4
56.104 128.981 336.779 9 29 6 370 4
56.104 128.981 336.779 10 29 6 370 4
56.104 128.981 336.779 11 29 6 370 4
56.104 128.981 336.779 12 29 6 370 4
56.104 128.981 336.779 13 29 6 370 4
56.104 128.981 336.779 14 29 6 370 4
56.104 128.981 336.779 15 29 6 370 4
56.104 128.981 336.779 16 29 6 370 4
56.104 128.981 336.779 17 29 6 370 4
56.104 128.981 336.779 18 29 6 370 4
56.104 128.981 336.779 19 29 6 370 4
56.104 128.981 336.779 20 29 6 370 4
56.104 128.981 336.779 21 29 6 370 4
56.104 128.981 336.779 22 29 6 370 4
56.104 128.981 336.779 23 29 6 370 4
89.950 49.812 270.892 24 29 6 366 4
89.950 49.812 270.892 25 29 6 366 4
89.950 49.812 270.892 26 29 6 366 4
89.950 49.812 270.892 27 29 6 366 4
89.950 49.812 270.892 28 29 6 366 4
285.523 162.934 127.898 29 29 6 16 1
285.523 162.934 127.898 30 29 6 16 1
280.538 81.279 345.010 1 30 6 91 1
280.538 81.279 345.010 2 30 6 91 1
280.538 81.279 345.010 3 30 6 91 1
56.104 128.981 336.779 4 30 6 370 4
56.104 128.981 336.779 5 30 6 370 4
56.104 128.981 336.779 6 30 6 370 4
56.104 128.981 336.779 7 30 6 370 4
56.104 128.981 336.779 8 30 6 370 4
56.104 128.981 336.779 9 30 6 370 4
56.104 128.981 336.779 10 30 6 370 4
56.104 128.981 336.779 11 30 6 370 4
305.534 123.682 224.952 12 30 6 18 1
149.706 86.877 342.023 13 30 6 317 2
56.104 128.981 336.779 14 30 6 370 4
56.104 128.981 336.779 15 30 6 370 4
56.104 128.981 336.779 16 30 6 370 4
56.104 128.981 336.779 17 30 6 370 4
56.104 128.981 336.779 18 30 6 370 4
56.104 128.981 336.779 19 30 6 370 4
56.104 128.981 336.779 20 30 6 370 4
56.104 128.981 336.779 21 30 6 370 4
56.104 128.981 336.779 22 30 6 370 4
56.104 128.981 336.779 23 30 6 370 4
240.712 141.869 303.500 24 30 6 119 1
89.950 49.812 270.892 25 30 6 366 4
89.950 49.812 270.892 26 30 6 366 4
89.950 49.812 270.892 27 30 6 366 4
89.950 49.812 270.892 28 30 6 366 4
285.523 162.934 127.898 29 30 6 16 1
285.523 162.934 127.898 30 30 6 16 1
