71.960 130.371 326.234 1 1 1 346 2
71.960 130.371 326.234 2 1 1 346 2
71.960 130.371 326.234 3 1 1 346 2
71.960 130.371 326.234 4 1 1 346 2
71.960 130.371 326.234 5 1 1 346 2
71.960 130.371 326.234 6 1 1 346 2
71.960 130.371 326.234 7 1 1 346 2
71.960 130.371 326.234 8 1 1 346 2
153.955 124.757 166.039 9 1 1 115 1
153.955 124.757 166.039 10 1 1 115 1
335.919 127.703 315.462 11 1 1 359 3
335.919 127.703 315.462 12 1 1 359 3
335.919 127.703 315.462 13 1 1 359 3
335.919 127.703 315.462 14 1 1 359 3
335.919 127.703 315.462 15 1 1 359 3
335.919 127.703 315.462 16 1 1 359 3
335.919 127.703 315.462 17 1 1 359 3
335.919 127.703 315.462 18 1 1 359 3
335.919 127.703 315.462 19 1 1 359 3
335.919 127.703 315.462 20 1 1 359 3
335.919 127.703 315.462 21 1 1 359 3
335.919 127.703 315.462 22 1 1 359 3
335.919 127.703 315.462 23 1 1 359 3
335.919 127.703 315.462 24 1 1 359 3
335.919 127.703 315.462 25 1 1 359 3
335.919 127.703 315.462 26 1 1 359 3
335.919 127.703 315.462 27 1 1 359 3
335.919 127.703 315.462 28 1 1 359 3
335.919 127.703 315.462 29 1 1 359 3
335.919 127.703 315.462 30 1 1 359 3
71.960 130.371 326.234 1 2 1 346 2
71.960 130.371 326.234 2 2 1 346 2
71.960 130.371 326.234 3 2 1 346 2
71.960 130.371 326.234 4 2 1 346 2
71.960 130.371 326.234 5 2 1 346 2
71.960 130.371 326.234 6 2 1 346 2
71.960 130.371 326.234 7 2 1 346 2
71.960 130.371 326.234 8 2 1 346 2
335.919 127.703 315.462 9 2 1 359 3
335.919 127.703 315.462 10 2 1 359 3
335.919 127.703 315.462 11 2 1 359 3
335.919 127.703 315.462 12 2 1 359 3
335.919 127.703 315.462 13 2 1 359 3
335.919 127.703 315.462 14 2 1 359 3
335.919 127.703 315.462 15 2 1 359 3
335.919 127.703 315.462 16 2 1 359 3
335.919 127.703 315.462 17 2 1 359 3
335.919 127.703 315.462 18 2 1 359 3
335.919 127.703 315.462 19 2 1 359 3
335.919 127.703 315.462 20 2 1 359 3
335.919 127.703 315.462 21 2 1 359 3
335.919 127.703 315.462 22 2 1 359 3
335.919 127.703 315.462 23 2 1 359 3
335.919 127.703 315.462 24 2 1 359 3
335.919 127.703 315.462 25 2 1 359 3
335.919 127.703 315.462 26 2 1 359 3
335.919 127.703 315.462 27 2 1 359 3
335.919 127.703 315.462 28 2 1 359 3
335.919 127.703 315.462 29 2 1 359 3
335.919 127.703 315.462 30 2 1 359 3
71.960 130.371 326.234 1 3 1 346 2
71.960 130.371 326.234 2 3 1 346 2
71.960 130.371 326.234 3 3 1 346 2
71.960 130.371 326.234 4 3 1 346 2
71.960 130.371 326.234 5 3 1 346 2
71.960 130.371 326.234 6 3 1 346 2
71.960 130.371 326.234 7 3 1 346 2
71.960 130.371 326.234 8 3 1 346 2
335.919 127.703 315.462 9 3 1 359 3
335.919 127.703 315.462 10 3 1 359 3
335.919 127.703 315.462 11 3 1 359 3
335.919 127.703 315.462 12 3 1 359 3
335.919 127.703 315.462 13 3 1 359 3
335.919 127.703 315.462 14 3 1 359 3
335.919 127.703 315.462 15 3 1 359 3
335.919 127.703 315.462 16 3 1 359 3
335.919 127.703 315.462 17 3 1 359 3
335.919 127.703 315.462 18 3 1 359 3
335.919 127.703 315.462 19 3 1 359 3
335.919 127.703 315.462 20 3 1 359 3
335.919 127.703 315.462 21 3 1 359 3
335.919 127.703 315.462 22 3 1 359 3
335.919 127.703 315.462 23 3 1 359 3
335.919 127.703 315.462 24 3 1 359 3
335.919 127.703 315.462 25 3 1 359 3
335.919 127.703 315.462 26 3 1 359 3
335.919 127.703 315.462 27 3 1 359 3
335.919 127.703 315.462 28 3 1 359 3
335.919 127.703 315.462 29 3 1 359 3
335.919 127.703 315.462 30 3 1 359 3
71.960 130.371 326.234 1 4 1 346 2
71.960 130.371 326.234 2 4 1 346 2
71.960 130.371 326.234 3 4 1 346 2
71.960 130.371 326.234 4 4 1 346 2
71.960 130.371 326.234 5 4 1 346 2
71.960 130.371 326.234 6 4 1 346 2
71.960 130.371 326.234 7 4 1 346 2
71.960 130.371 326.234 8 4 1 346 2
335.919 127.703 315.462 9 4 1 359 3
335.919 127.703 315.462 10 4 1 359 3
335.919 127.703 315.462 11 4 1 359 3
335.919 127.703 315.462 12 4 1 359 3
335.919 127.703 315.462 13 4 1 359 3
335.919 127.703 315.462 14 4 1 359 3
335.919 127.703 315.462 15 4 1 359 3
335.919 127.703 315.462 16 4 1 359 3
335.919 127.703 315.462 17 4 1 359 3
335.919 127.703 315.462 18 4 1 359 3
335.919 127.703 315.462 19 4 1 359 3
335.919 127.703 315.462 20 4 1 359 3
335.919 127.703 315.462 21 4 1 359 3
335.919 127.703 315.462 22 4 1 359 3
335.919 127.703 315.462 23 4 1 359 3
335.919 127.703 315.462 24 4 1 359 3
335.919 127.703 315.462 25 4 1 359 3
335.919 127.703 315.462 26 4 1 359 3
335.919 127.703 315.462 27 4 1 359 3
223.456 126.034 0.247 28 4 1 141 1
223.456 126.034 0.247 29 4 1 141 1
335.919 127.703 315.462 30 4 1 359 3
71.960 130.371 326.234 1 5 1 346 2
71.960 130.371 326.234 2 5 1 346 2
71.960 130.371 326.234 3 5 1 346 2
71.960 130.371 326.234 4 5 1 346 2
71.960 130.371 326.234 5 5 1 346 2
71.960 130.371 326.234 6 5 1 346 2
71.960 130.371 326.234 7 5 1 346 2
71.960 130.371 326.234 8 5 1 346 2
71.960 130.371 326.234 9 5 1 346 2
335.919 127.703 315.462 10 5 1 359 3
335.919 127.703 315.462 11 5 1 359 3
335.919 127.703 315.462 12 5 1 359 3
335.919 127.703 315.462 13 5 1 359 3
335.919 127.703 315.462 14 5 1 359 3
335.919 127.703 315.462 15 5 1 359 3
335.919 127.703 315.462 16 5 1 359 3
335.919 127.703 315.462 17 5 1 359 3
335.919 127.703 315.462 18 5 1 359 3
335.919 127.703 315.462 19 5 1 359 3
335.919 127.703 315.462 20 5 1 359 3
335.919 127.703 315.462 21 5 1 359 3
335.919 127.703 315.462 22 5 1 359 3
335.919 127.703 315.462 23 5 1 359 3
335.919 127.703 315.462 24 5 1 359 3
335.919 127.703 315.462 25 5 1 359 3
335.919 127.703 315.462 26 5 1 359 3
335.919 127.703 315.462 27 5 1 359 3
335.919 127.703 315.462 28 5 1 359 3
335.919 127.703 315.462 29 5 1 359 3
335.919 127.703 315.462 30 5 1 359 3
71.960 130.371 326.234 1 6 1 346 2
71.960 130.371 326.234 2 6 1 346 2
71.960 130.371 326.234 3 6 1 346 2
71.960 130.371 326.234 4 6 1 346 2
71.960 130.371 326.234 5 6 1 346 2
71.960 130.371 326.234 6 6 1 346 2
71.960 130.371 326.234 7 6 1 346 2
281.990 87.178 66.232 8 6 1 421 2
212.521 96.984 53.382 9 6 1 418 2
212.521 96.984 53.382 10 6 1 418 2
335.919 127.703 315.462 11 6 1 359 3
335.919 127.703 315.462 12 6 1 359 3
335.919 127.703 315.462 13 6 1 359 3
335.919 127.703 315.462 14 6 1 359 3
335.919 127.703 315.462 15 6 1 359 3
335.919 127.703 315.462 16 6 1 359 3
335.919 127.703 315.462 17 6 1 359 3
335.919 127.703 315.462 18 6 1 359 3
335.919 127.703 315.462 19 6 1 359 3
335.919 127.703 315.462 20 6 1 359 3
335.919 127.703 315.462 21 6 1 359 3
335.919 127.703 315.462 22 6 1 359 3
335.919 127.703 315.462 23 6 1 359 3
335.919 127.703 315.462 24 6 1 359 3
335.919 127.703 315.462 25 6 1 359 3
335.919 127.703 315.462 26 6 1 359 3
335.919 127.703 315.462 27 6 1 359 3
335.919 127.703 315.462 28 6 1 359 3
335.919 127.703 315.462 29 6 1 359 3
335.919 127.703 315.462 30 6 1 359 3
71.960 130.371 326.234 1 7 1 346 2
71.960 130.371 326.234 2 7 1 346 2
71.960 130.371 326.234 3 7 1 346 2
71.960 130.371 326.234 4 7 1 346 2
71.960 130.371 326.234 5 7 1 346 2
71.960 130.371 326.234 6 7 1 346 2
71.960 130.371 326.234 7 7 1 346 2
281.990 87.178 66.232 8 7 1 421 2
281.990 87.178 66.232 9 7 1 421 2
212.521 96.984 53.382 10 7 1 418 2
335.919 127.703 315.462 11 7 1 359 3
335.919 127.703 315.462 12 7 1 359 3
335.919 127.703 315.462 13 7 1 359 3
335.919 127.703 315.462 14 7 1 359 3
335.919 127.703 315.462 15 7 1 359 3
335.919 127.703 315.462 16 7 1 359 3
335.919 127.703 315.462 17 7 1 359 3
335.919 127.703 315.462 18 7 1 359 3
335.919 127.703 315.462 19 7 1 359 3
335.919 127.703 315.462 20 7 1 359 3
335.919 127.703 315.462 21 7 1 359 3
335.919 127.703 315.462 22 7 1 359 3
335.919 127.703 315.462 23 7 1 359 3
335.919 127.703 315.462 24 7 1 359 3
335.919 127.703 315.462 25 7 1 359 3
335.919 127.703 315.462 26 7 1 359 3
335.919 127.703 315.462 27 7 1 359 3
335.919 127.703 315.462 28 7 1 359 3
335.919 127.703 315.462 29 7 1 359 3
335.919 127.703 315.462 30 7 1 359 3
177.514 56.207 315.029 1 8 1 430 4
71.960 130.371 326.234 2 8 1 346 2
71.960 130.371 326.234 3 8 1 346 2
71.960 130.371 326.234 4 8 1 346 2
71.960 130.371 326.234 5 8 1 346 2
71.960 130.371 326.234 6 8 1 346 2
71.960 130.371 326.234 7 8 1 346 2
281.990 87.178 66.232 8 8 1 421 2
212.521 96.984 53.382 9 8 1 418 2
212.521 96.984 53.382 10 8 1 418 2
212.521 96.984 53.382 11 8 1 418 2
335.919 127.703 315.462 12 8 1 359 3
335.919 127.703 315.462 13 8 1 359 3
335.919 127.703 315.462 14 8 1 359 3
335.919 127.703 315.462 15 8 1 359 3
335.919 127.703 315.462 16 8 1 359 3
335.919 127.703 315.462 17 8 1 359 3
335.919 127.703 315.462 18 8 1 359 3
335.919 127.703 315.462 19 8 1 359 3
335.919 127.703 315.462 20 8 1 359 3
335.919 127.703 315.462 21 8 1 359 3
335.919 127.703 315.462 22 8 1 359 3
335.919 127.703 315.462 23 8 1 359 3
335.919 127.703 315.462 24 8 1 359 3
335.919 127.703 315.462 25 8 1 359 3
335.919 127.703 315.462 26 8 1 359 3
335.919 127.703 315.462 27 8 1 359 3
335.919 127.703 315.462 28 8 1 359 3
335.919 127.703 315.462 29 8 1 359 3
335.919 127.703 315.462 30 8 1 359 3
236.940 73.097 95.066 1 9 1 150 1
236.940 73.097 95.066 2 9 1 150 1
71.960 130.371 326.234 3 9 1 346 2
71.960 130.371 326.234 4 9 1 346 2
71.960 130.371 326.234 5 9 1 346 2
71.960 130.371 326.234 6 9 1 346 2
71.960 130.371 326.234 7 9 1 346 2
318.761 149.846 95.678 8 9 1 375 1
318.761 149.846 95.678 9 9 1 375 1
318.761 149.846 95.678 10 9 1 375 1
318.761 149.846 95.678 11 9 1 375 1
335.919 127.703 315.462 12 9 1 359 3
335.919 127.703 315.462 13 9 1 359 3
335.919 127.703 315.462 14 9 1 359 3
335.919 127.703 315.462 15 9 1 359 3
335.919 127.703 315.462 16 9 1 359 3
335.919 127.703 315.462 17 9 1 359 3
335.919 127.703 315.462 18 9 1 359 3
335.919 127.703 315.462 19 9 1 359 3
335.919 127.703 315.462 20 9 1 359 3
335.919 127.703 315.462 21 9 1 359 3
335.919 127.703 315.462 22 9 1 359 3
335.919 127.703 315.462 23 9 1 359 3
335.919 127.703 315.462 24 9 1 359 3
335.919 127.703 315.462 25 9 1 359 3
335.919 127.703 315.462 26 9 1 359 3
335.919 127.703 315.462 27 9 1 359 3
335.919 127.703 315.462 28 9 1 359 3
335.919 127.703 315.462 29 9 1 359 3
335.919 127.703 315.462 30 9 1 359 3
236.940 73.097 95.066 1 10 1 150 1
236.940 73.097 95.066 2 10 1 150 1
236.940 73.097 95.066 3 10 1 150 1
71.960 130.371 326.234 4 10 1 346 2
71.960 130.371 326.234 5 10 1 346 2
71.960 130.371 326.234 6 10 1 346 2
318.761 149.846 95.678 7 10 1 375 1
318.761 149.846 95.678 8 10 1 375 1
318.761 149.846 95.678 9 10 1 375 1
318.761 149.846 95.678 10 10 1 375 1
318.761 149.846 95.678 11 10 1 375 1
56.104 128.981 336.779 12 10 1 370 4
56.104 128.981 336.779 13 10 1 370 4
56.104 128.981 336.779 14 10 1 370 4
56.104 128.981 336.779 15 10 1 370 4
56.104 128.981 336.779 16 10 1 370 4
56.104 128.981 336.779 17 10 1 370 4
56.104 128.981 336.779 18 10 1 370 4
56.104 128.981 336.779 19 10 1 370 4
56.104 128.981 336.779 20 10 1 370 4
56.104 128.981 336.779 21 10 1 370 4
56.104 128.981 336.779 22 10 1 370 4
56.104 128.981 336.779 23 10 1 370 4
56.104 128.981 336.779 24 10 1 370 4
56.104 128.981 336.779 25 10 1 370 4
56.104 128.981 336.779 26 10 1 370 4
56.104 128.981 336.779 27 10 1 370 4
214.107 116.676 130.031 28 10 1 202 1
335.919 127.703 315.462 29 10 1 359 3
335.919 127.703 315.462 30 10 1 359 3
76.487 87.620 234.871 1 11 1 206 1
76.487 87.620 234.871 2 11 1 206 1
236.940 73.097 95.066 3 11 1 150 1
236.940 73.097 95.066 4 11 1 150 1
301.103 129.728 235.725 5 11 1 287 2
301.103 129.728 235.725 6 11 1 287 2
301.103 129.728 235.725 7 11 1 287 2
304.779 35.013 73.253 8 11 1 96 1
304.779 35.013 73.253 9 11 1 96 1
318.761 149.846 95.678 10 11 1 375 1
56.104 128.981 336.779 11 11 1 370 4
56.104 128.981 336.779 12 11 1 370 4
56.104 128.981 336.779 13 11 1 370 4
56.104 128.981 336.779 14 11 1 370 4
56.104 128.981 336.779 15 11 1 370 4
56.104 128.981 336.779 16 11 1 370 4
56.104 128.981 336.779 17 11 1 370 4
56.104 128.981 336.779 18 11 1 370 4
56.104 128.981 336.779 19 11 1 370 4
56.104 128.981 336.779 20 11 1 370 4
56.104 128.981 336.779 21 11 1 370 4
56.104 128.981 336.779 22 11 1 370 4
56.104 128.981 336.779 23 11 1 370 4
56.104 128.981 336.779 24 11 1 370 4
56.104 128.981 336.779 25 11 1 370 4
56.104 128.981 336.779 26 11 1 370 4
56.104 128.981 336.779 27 11 1 370 4
56.104 128.981 336.779 28 11 1 370 4
56.104 128.981 336.779 29 11 1 370 4
56.104 128.981 336.779 30 11 1 370 4
76.487 87.620 234.871 1 12 1 206 1
76.487 87.620 234.871 2 12 1 206 1
76.487 87.620 234.871 3 12 1 206 1
119.674 44.687 118.875 4 12 1 403 1
301.103 129.728 235.725 5 12 1 287 2
301.103 129.728 235.725 6 12 1 287 2
301.103 129.728 235.725 7 12 1 287 2
304.779 35.013 73.253 8 12 1 96 1
304.779 35.013 73.253 9 12 1 96 1
56.104 128.981 336.779 10 12 1 370 4
56.104 128.981 336.779 11 12 1 370 4
56.104 128.981 336.779 12 12 1 370 4
56.104 128.981 336.779 13 12 1 370 4
56.104 128.981 336.779 14 12 1 370 4
56.104 128.981 336.779 15 12 1 370 4
56.104 128.981 336.779 16 12 1 370 4
56.104 128.981 336.779 17 12 1 370 4
56.104 128.981 336.779 18 12 1 370 4
56.104 128.981 336.779 19 12 1 370 4
56.104 128.981 336.779 20 12 1 370 4
56.104 128.981 336.779 21 12 1 370 4
56.104 128.981 336.779 22 12 1 370 4
56.104 128.981 336.779 23 12 1 370 4
56.104 128.981 336.779 24 12 1 370 4
56.104 128.981 336.779 25 12 1 370 4
56.104 128.981 336.779 26 12 1 370 4
56.104 128.981 336.779 27 12 1 370 4
56.104 128.981 336.779 28 12 1 370 4
15.797 127.593 52.821 29 12 1 240 1
15.797 127.593 52.821 30 12 1 240 1
177.514 56.207 315.029 1 13 1 430 4
76.487 87.620 234.871 2 13 1 206 1
76.487 87.620 234.871 3 13 1 206 1
119.674 44.687 118.875 4 13 1 403 1
301.103 129.728 235.725 5 13 1 287 2
301.103 129.728 235.725 6 13 1 287 2
301.103 129.728 235.725 7 13 1 287 2
301.103 129.728 235.725 8 13 1 287 2
56.104 128.981 336.779 9 13 1 370 4
56.104 128.981 336.779 10 13 1 370 4
56.104 128.981 336.779 11 13 1 370 4
56.104 128.981 336.779 12 13 1 370 4
56.104 128.981 336.779 13 13 1 370 4
56.104 128.981 336.779 14 13 1 370 4
56.104 128.981 336.779 15 13 1 370 4
56.104 128.981 336.779 16 13 1 370 4
56.104 128.981 336.779 17 13 1 370 4
56.104 128.981 336.779 18 13 1 370 4
56.104 128.981 336.779 19 13 1 370 4
56.104 128.981 336.779 20 13 1 370 4
56.104 128.981 336.779 21 13 1 370 4
56.104 128.981 336.779 22 13 1 370 4
56.104 128.981 336.779 23 13 1 370 4
56.104 128.981 336.779 24 13 1 370 4
56.104 128.981 336.779 25 13 1 370 4
56.104 128.981 336.779 26 13 1 370 4
56.104 128.981 336.779 27 13 1 370 4
56.104 128.981 336.779 28 13 1 370 4
56.104 128.981 336.779 29 13 1 370 4
56.104 128.981 336.779 30 13 1 370 4
177.514 56.207 315.029 1 14 1 430 4
177.514 56.207 315.029 2 14 1 430 4
177.514 56.207 315.029 3 14 1 430 4
177.514 56.207 315.029 4 14 1 430 4
301.103 129.728 235.725 5 14 1 287 2
301.103 129.728 235.725 6 14 1 287 2
301.103 129.728 235.725 7 14 1 287 2
41.693 55.569 92.646 8 14 1 404 1
56.104 128.981 336.779 9 14 1 370 4
354.064 156.497 215.863 10 14 1 42 1
56.104 128.981 336.779 11 14 1 370 4
56.104 128.981 336.779 12 14 1 370 4
56.104 128.981 336.779 13 14 1 370 4
56.104 128.981 336.779 14 14 1 370 4
56.104 128.981 336.779 15 14 1 370 4
56.104 128.981 336.779 16 14 1 370 4
56.104 128.981 336.779 17 14 1 370 4
56.104 128.981 336.779 18 14 1 370 4
56.104 128.981 336.779 19 14 1 370 4
56.104 128.981 336.779 20 14 1 370 4
56.104 128.981 336.779 21 14 1 370 4
56.104 128.981 336.779 22 14 1 370 4
56.104 128.981 336.779 23 14 1 370 4
56.104 128.981 336.779 24 14 1 370 4
56.104 128.981 336.779 25 14 1 370 4
56.104 128.981 336.779 26 14 1 370 4
56.104 128.981 336.779 27 14 1 370 4
56.104 128.981 336.779 28 14 1 370 4
56.104 128.981 336.779 29 14 1 370 4
56.104 128.981 336.779 30 14 1 370 4
177.514 56.207 315.029 1 15 1 430 4
177.514 56.207 315.029 2 15 1 430 4
177.514 56.207 315.029 3 15 1 430 4
177.514 56.207 315.029 4 15 1 430 4
97.343 146.200 149.865 5 15 1 35 1
56.104 128.981 336.779 6 15 1 370 4
56.104 128.981 336.779 7 15 1 370 4
133.763 41.667 25.928 8 15 1 161 1
56.104 128.981 336.779 9 15 1 370 4
56.104 128.981 336.779 10 15 1 370 4
56.104 128.981 336.779 11 15 1 370 4
56.104 128.981 336.779 12 15 1 370 4
56.104 128.981 336.779 13 15 1 370 4
56.104 128.981 336.779 14 15 1 370 4
56.104 128.981 336.779 15 15 1 370 4
56.104 128.981 336.779 16 15 1 370 4
56.104 128.981 336.779 17 15 1 370 4
56.104 128.981 336.779 18 15 1 370 4
56.104 128.981 336.779 19 15 1 370 4
56.104 128.981 336.779 20 15 1 370 4
56.104 128.981 336.779 21 15 1 370 4
56.104 128.981 336.779 22 15 1 370 4
56.104 128.981 336.779 23 15 1 370 4
56.104 128.981 336.779 24 15 1 370 4
56.104 128.981 336.779 25 15 1 370 4
56.104 128.981 336.779 26 15 1 370 4
56.104 128.981 336.779 27 15 1 370 4
56.104 128.981 336.779 28 15 1 370 4
56.104 128.981 336.779 29 15 1 370 4
56.104 128.981 336.779 30 15 1 370 4
177.514 56.207 315.029 1 16 1 430 4
177.514 56.207 315.029 2 16 1 430 4
177.514 56.207 315.029 3 16 1 430 4
310.342 133.031 17.858 4 16 1 256 1
97.343 146.200 149.865 5 16 1 35 1
56.104 128.981 336.779 6 16 1 370 4
56.104 128.981 336.779 7 16 1 370 4
20.113 139.509 252.700 8 16 1 288 2
56.104 128.981 336.779 9 16 1 370 4
56.104 128.981 336.779 10 16 1 370 4
56.104 128.981 336.779 11 16 1 370 4
56.104 128.981 336.779 12 16 1 370 4
56.104 128.981 336.779 13 16 1 370 4
56.104 128.981 336.779 14 16 1 370 4
56.104 128.981 336.779 15 16 1 370 4
56.104 128.981 336.779 16 16 1 370 4
56.104 128.981 336.779 17 16 1 370 4
56.104 128.981 336.779 18 16 1 370 4
56.104 128.981 336.779 19 16 1 370 4
56.104 128.981 336.779 20 16 1 370 4
56.104 128.981 336.779 21 16 1 370 4
56.104 128.981 336.779 22 16 1 370 4
56.104 128.981 336.779 23 16 1 370 4
56.104 128.981 336.779 24 16 1 370 4
56.104 128.981 336.779 25 16 1 370 4
56.104 128.981 336.779 26 16 1 370 4
56.104 128.981 336.779 27 16 1 370 4
56.104 128.981 336.779 28 16 1 370 4
56.104 128.981 336.779 29 16 1 370 4
56.104 128.981 336.779 30 16 1 370 4
177.514 56.207 315.029 1 17 1 430 4
177.514 56.207 315.029 2 17 1 430 4
177.514 56.207 315.029 3 17 1 430 4
310.342 133.031 17.858 4 17 1 256 1
56.104 128.981 336.779 5 17 1 370 4
56.104 128.981 336.779 6 17 1 370 4
56.104 128.981 336.779 7 17 1 370 4
56.104 128.981 336.779 8 17 1 370 4
56.104 128.981 336.779 9 17 1 370 4
138.833 68.683 69.559 10 17 1 326 2
56.104 128.981 336.779 11 17 1 370 4
56.104 128.981 336.779 12 17 1 370 4
56.104 128.981 336.779 13 17 1 370 4
56.104 128.981 336.779 14 17 1 370 4
56.104 128.981 336.779 15 17 1 370 4
56.104 128.981 336.779 16 17 1 370 4
56.104 128.981 336.779 17 17 1 370 4
56.104 128.981 336.779 18 17 1 370 4
56.104 128.981 336.779 19 17 1 370 4
56.104 128.981 336.779 20 17 1 370 4
56.104 128.981 336.779 21 17 1 370 4
56.104 128.981 336.779 22 17 1 370 4
56.104 128.981 336.779 23 17 1 370 4
56.104 128.981 336.779 24 17 1 370 4
56.104 128.981 336.779 25 17 1 370 4
56.104 128.981 336.779 26 17 1 370 4
56.104 128.981 336.779 27 17 1 370 4
56.104 128.981 336.779 28 17 1 370 4
56.104 128.981 336.779 29 17 1 370 4
56.104 128.981 336.779 30 17 1 370 4
177.514 56.207 315.029 1 18 1 430 4
177.514 56.207 315.029 2 18 1 430 4
177.514 56.207 315.029 3 18 1 430 4
56.104 128.981 336.779 4 18 1 370 4
56.104 128.981 336.779 5 18 1 370 4
56.104 128.981 336.779 6 18 1 370 4
56.104 128.981 336.779 7 18 1 370 4
56.104 128.981 336.779 8 18 1 370 4
56.104 128.981 336.779 9 18 1 370 4
56.104 128.981 336.779 10 18 1 370 4
56.104 128.981 336.779 11 18 1 370 4
56.104 128.981 336.779 12 18 1 370 4
56.104 128.981 336.779 13 18 1 370 4
56.104 128.981 336.779 14 18 1 370 4
56.104 128.981 336.779 15 18 1 370 4
56.104 128.981 336.779 16 18 1 370 4
56.104 128.981 336.779 17 18 1 370 4
56.104 128.981 336.779 18 18 1 370 4
56.104 128.981 336.779 19 18 1 370 4
56.104 128.981 336.779 20 18 1 370 4
56.104 128.981 336.779 21 18 1 370 4
56.104 128.981 336.779 22 18 1 370 4
56.104 128.981 336.779 23 18 1 370 4
56.104 128.981 336.779 24 18 1 370 4
56.104 128.981 336.779 25 18 1 370 4
56.104 128.981 336.779 26 18 1 370 4
56.104 128.981 336.779 27 18 1 370 4
56.104 128.981 336.779 28 18 1 370 4
56.104 128.981 336.779 29 18 1 370 4
56.104 128.981 336.779 30 18 1 370 4
177.514 56.207 315.029 1 19 1 430 4
177.514 56.207 315.029 2 19 1 430 4
177.514 56.207 315.029 3 19 1 430 4
56.104 128.981 336.779 4 19 1 370 4
56.104 128.981 336.779 5 19 1 370 4
56.104 128.981 336.779 6 19 1 370 4
56.104 128.981 336.779 7 19 1 370 4
56.104 128.981 336.779 8 19 1 370 4
56.104 128.981 336.779 9 19 1 370 4
56.104 128.981 336.779 10 19 1 370 4
56.104 128.981 336.779 11 19 1 370 4
56.104 128.981 336.779 12 19 1 370 4
56.104 128.981 336.779 13 19 1 370 4
56.104 128.981 336.779 14 19 1 370 4
56.104 128.981 336.779 15 19 1 370 4
56.104 128.981 336.779 16 19 1 370 4
56.104 128.981 336.779 17 19 1 370 4
56.104 128.981 336.779 18 19 1 370 4
56.104 128.981 336.779 19 19 1 370 4
56.104 128.981 336.779 20 19 1 370 4
56.104 128.981 336.779 21 19 1 370 4
56.104 128.981 336.779 22 19 1 370 4
56.104 128.981 336.779 23 19 1 370 4
56.104 128.981 336.779 24 19 1 370 4
56.104 128.981 336.779 25 19 1 370 4
56.104 128.981 336.779 26 19 1 370 4
56.104 128.981 336.779 27 19 1 370 4
56.104 128.981 336.779 28 19 1 370 4
56.104 128.981 336.779 29 19 1 370 4
56.104 128.981 336.779 30 19 1 370 4
139.278 83.518 164.508 1 20 1 61 1
139.278 83.518 164.508 2 20 1 61 1
139.278 83.518 164.508 3 20 1 61 1
56.104 128.981 336.779 4 20 1 370 4
56.104 128.981 336.779 5 20 1 370 4
56.104 128.981 336.779 6 20 1 370 4
56.104 128.981 336.779 7 20 1 370 4
56.104 128.981 336.779 8 20 1 370 4
56.104 128.981 336.779 9 20 1 370 4
56.104 128.981 336.779 10 20 1 370 4
56.104 128.981 336.779 11 20 1 370 4
56.104 128.981 336.779 12 20 1 370 4
56.104 128.981 336.779 13 20 1 370 4
56.104 128.981 336.779 14 20 1 370 4
56.104 128.981 336.779 15 20 1 370 4
56.104 128.981 336.779 16 20 1 370 4
56.104 128.981 336.779 17 20 1 370 4
56.104 128.981 336.779 18 20 1 370 4
56.104 128.981 336.779 19 20 1 370 4
56.104 128.981 336.779 20 20 1 370 4
56.104 128.981 336.779 21 20 1 370 4
56.104 128.981 336.779 22 20 1 370 4
56.104 128.981 336.779 23 20 1 370 4
56.104 128.981 336.779 24 20 1 370 4
56.104 128.981 336.779 25 20 1 370 4
56.104 128.981 336.779 26 20 1 370 4
56.104 128.981 336.779 27 20 1 370 4
56.104 128.981 336.779 28 20 1 370 4
56.104 128.981 336.779 29 20 1 370 4
56.104 128.981 336.779 30 20 1 370 4
139.278 83.518 164.508 1 21 1 61 1
139.278 83.518 164.508 2 21 1 61 1
56.104 128.981 336.779 3 21 1 370 4
56.104 128.981 336.779 4 21 1 370 4
56.104 128.981 336.779 5 21 1 370 4
56.104 128.981 336.779 6 21 1 370 4
56.104 128.981 336.779 7 21 1 370 4
56.104 128.981 336.779 8 21 1 370 4
56.104 128.981 336.779 9 21 1 370 4
56.104 128.981 336.779 10 21 1 370 4
56.104 128.981 336.779 11 21 1 370 4
56.104 128.981 336.779 12 21 1 370 4
56.104 128.981 336.779 13 21 1 370 4
56.104 128.981 336.779 14 21 1 370 4
56.104 128.981 336.779 15 21 1 370 4
56.104 128.981 336.779 16 21 1 370 4
56.104 128.981 336.779 17 21 1 370 4
56.104 128.981 336.779 18 21 1 370 4
56.104 128.981 336.779 19 21 1 370 4
56.104 128.981 336.779 20 21 1 370 4
56.104 128.981 336.779 21 21 1 370 4
56.104 128.981 336.779 22 21 1 370 4
56.104 128.981 336.779 23 21 1 370 4
56.104 128.981 336.779 24 21 1 370 4
56.104 128.981 336.779 25 21 1 370 4
56.104 128.981 336.779 26 21 1 370 4
56.104 128.981 336.779 27 21 1 370 4
56.104 128.981 336.779 28 21 1 370 4
56.104 128.981 336.779 29 21 1 370 4
56.104 128.981 336.779 30 21 1 370 4
139.278 83.518 164.508 1 22 1 61 1
139.278 83.518 164.508 2 22 1 61 1
56.104 128.981 336.779 3 22 1 370 4
56.104 128.981 336.779 4 22 1 370 4
56.104 128.981 336.779 5 22 1 370 4
56.104 128.981 336.779 6 22 1 370 4
56.104 128.981 336.779 7 22 1 370 4
56.104 128.981 336.779 8 22 1 370 4
56.104 128.981 336.779 9 22 1 370 4
56.104 128.981 336.779 10 22 1 370 4
56.104 128.981 336.779 11 22 1 370 4
56.104 128.981 336.779 12 22 1 370 4
56.104 128.981 336.779 13 22 1 370 4
56.104 128.981 336.779 14 22 1 370 4
56.104 128.981 336.779 15 22 1 370 4
56.104 128.981 336.779 16 22 1 370 4
56.104 128.981 336.779 17 22 1 370 4
56.104 128.981 336.779 18 22 1 370 4
56.104 128.981 336.779 19 22 1 370 4
56.104 128.981 336.779 20 22 1 370 4
56.104 128.981 336.779 21 22 1 370 4
56.104 128.981 336.779 22 22 1 370 4
56.104 128.981 336.779 23 22 1 370 4
56.104 128.981 336.779 24 22 1 370 4
56.104 128.981 336.779 25 22 1 370 4
56.104 128.981 336.779 26 22 1 370 4
56.104 128.981 336.779 27 22 1 370 4
56.104 128.981 336.779 28 22 1 370 4
56.104 128.981 336.779 29 22 1 370 4
56.104 128.981 336.779 30 22 1 370 4
56.104 128.981 336.779 1 23 1 370 4
56.104 128.981 336.779 2 23 1 370 4
56.104 128.981 336.779 3 23 1 370 4
56.104 128.981 336.779 4 23 1 370 4
56.104 128.981 336.779 5 23 1 370 4
56.104 128.981 336.779 6 23 1 370 4
56.104 128.981 336.779 7 23 1 370 4
56.104 128.981 336.779 8 23 1 370 4
56.104 128.981 336.779 9 23 1 370 4
56.104 128.981 336.779 10 23 1 370 4
56.104 128.981 336.779 11 23 1 370 4
56.104 128.981 336.779 12 23 1 370 4
56.104 128.981 336.779 13 23 1 370 4
56.104 128.981 336.779 14 23 1 370 4
56.104 128.981 336.779 15 23 1 370 4
56.104 128.981 336.779 16 23 1 370 4
56.104 128.981 336.779 17 23 1 370 4
56.104 128.981 336.779 18 23 1 370 4
56.104 128.981 336.779 19 23 1 370 4
56.104 128.981 336.779 20 23 1 370 4
56.104 128.981 336.779 21 23 1 370 4
56.104 128.981 336.779 22 23 1 370 4
56.104 128.981 336.779 23 23 1 370 4
56.104 128.981 336.779 24 23 1 370 4
56.104 128.981 336.779 25 23 1 370 4
56.104 128.981 336.779 26 23 1 370 4
56.104 128.981 336.779 27 23 1 370 4
56.104 128.981 336.779 28 23 1 370 4
56.104 128.981 336.779 29 23 1 370 4
56.104 128.981 336.779 30 23 1 370 4
280.538 81.279 345.010 1 24 1 91 1
56.104 128.981 336.779 2 24 1 370 4
56.104 128.981 336.779 3 24 1 370 4
56.104 128.981 336.779 4 24 1 370 4
56.104 128.981 336.779 5 24 1 370 4
56.104 128.981 336.779 6 24 1 370 4
56.104 128.981 336.779 7 24 1 370 4
56.104 128.981 336.779 8 24 1 370 4
56.104 128.981 336.779 9 24 1 370 4
56.104 128.981 336.779 10 24 1 370 4
56.104 128.981 336.779 11 24 1 370 4
56.104 128.981 336.779 12 24 1 370 4
56.104 128.981 336.779 13 24 1 370 4
56.104 128.981 336.779 14 24 1 370 4
56.104 128.981 336.779 15 24 1 370 4
56.104 128.981 336.779 16 24 1 370 4
56.104 128.981 336.779 17 24 1 370 4
56.104 128.981 336.779 18 24 1 370 4
56.104 128.981 336.779 19 24 1 370 4
56.104 128.981 336.779 20 24 1 370 4
56.104 128.981 336.779 21 24 1 370 4
56.104 128.981 336.779 22 24 1 370 4
56.104 128.981 336.779 23 24 1 370 4
56.104 128.981 336.779 24 24 1 370 4
56.104 128.981 336.779 25 24 1 370 4
56.104 128.981 336.779 26 24 1 370 4
56.104 128.981 336.779 27 24 1 370 4
56.104 128.981 336.779 28 24 1 370 4
56.104 128.981 336.779 29 24 1 370 4
56.104 128.981 336.779 30 24 1 370 4
280.538 81.279 345.010 1 25 1 91 1
179.044 161.767 195.829 2 25 1 143 1
56.104 128.981 336.779 3 25 1 370 4
56.104 128.981 336.779 4 25 1 370 4
56.104 128.981 336.779 5 25 1 370 4
56.104 128.981 336.779 6 25 1 370 4
56.104 128.981 336.779 7 25 1 370 4
56.104 128.981 336.779 8 25 1 370 4
56.104 128.981 336.779 9 25 1 370 4
56.104 128.981 336.779 10 25 1 370 4
56.104 128.981 336.779 11 25 1 370 4
56.104 128.981 336.779 12 25 1 370 4
56.104 128.981 336.779 13 25 1 370 4
56.104 128.981 336.779 14 25 1 370 4
56.104 128.981 336.779 15 25 1 370 4
56.104 128.981 336.779 16 25 1 370 4
56.104 128.981 336.779 17 25 1 370 4
56.104 128.981 336.779 18 25 1 370 4
56.104 128.981 336.779 19 25 1 370 4
56.104 128.981 336.779 20 25 1 370 4
56.104 128.981 336.779 21 25 1 370 4
56.104 128.981 336.779 22 25 1 370 4
56.104 128.981 336.779 23 25 1 370 4
56.104 128.981 336.779 24 25 1 370 4
56.104 128.981 336.779 25 25 1 370 4
56.104 128.981 336.779 26 25 1 370 4
56.104 128.981 336.779 27 25 1 370 4
56.104 128.981 336.779 28 25 1 370 4
11.805 105.514 181.311 29 25 1 172 1
180.977 60.287 132.487 30 25 1 285 2
280.538 81.279 345.010 1 26 1 91 1
179.044 161.767 195.829 2 26 1 143 1
179.044 161.767 195.829 3 26 1 143 1
56.104 128.981 336.779 4 26 1 370 4
56.104 128.981 336.779 5 26 1 370 4
56.104 128.981 336.779 6 26 1 370 4
56.104 128.981 336.779 7 26 1 370 4
56.104 128.981 336.779 8 26 1 370 4
56.104 128.981 336.779 9 26 1 370 4
56.104 128.981 336.779 10 26 1 370 4
56.104 128.981 336.779 11 26 1 370 4
56.104 128.981 336.779 12 26 1 370 4
56.104 128.981 336.779 13 26 1 370 4
56.104 128.981 336.779 14 26 1 370 4
56.104 128.981 336.779 15 26 1 370 4
56.104 128.981 336.779 16 26 1 370 4
56.104 128.981 336.779 17 26 1 370 4
56.104 128.981 336.779 18 26 1 370 4
56.104 128.981 336.779 19 26 1 370 4
56.104 128.981 336.779 20 26 1 370 4
56.104 128.981 336.779 21 26 1 370 4
56.104 128.981 336.779 22 26 1 370 4
56.104 128.981 336.779 23 26 1 370 4
56.104 128.981 336.779 24 26 1 370 4
56.104 128.981 336.779 25 26 1 370 4
56.104 128.981 336.779 26 26 1 370 4
56.104 128.981 336.779 27 26 1 370 4
56.104 128.981 336.779 28 26 1 370 4
11.805 105.514 181.311 29 26 1 172 1
180.977 60.287 132.487 30 26 1 285 2
280.538 81.279 345.010 1 27 1 91 1
280.538 81.279 345.010 2 27 1 91 1
280.538 81.279 345.010 3 27 1 91 1
56.104 128.981 336.779 4 27 1 370 4
56.104 128.981 336.779 5 27 1 370 4
56.104 128.981 336.779 6 27 1 370 4
56.104 128.981 336.779 7 27 1 370 4
56.104 128.981 336.779 8 27 1 370 4
56.104 128.981 336.779 9 27 1 370 4
56.104 128.981 336.779 10 27 1 370 4
56.104 128.981 336.779 11 27 1 370 4
56.104 128.981 336.779 12 27 1 370 4
56.104 128.981 336.779 13 27 1 370 4
56.104 128.981 336.779 14 27 1 370 4
56.104 128.981 336.779 15 27 1 370 4
56.104 128.981 336.779 16 27 1 370 4
56.104 128.981 336.779 17 27 1 370 4
56.104 128.981 336.779 18 27 1 370 4
56.104 128.981 336.779 19 27 1 370 4
56.104 128.981 336.779 20 27 1 370 4
56.104 128.981 336.779 21 27 1 370 4
56.104 128.981 336.779 22 27 1 370 4
56.104 128.981 336.779 23 27 1 370 4
56.104 128.981 336.779 24 27 1 370 4
56.104 128.981 336.779 25 27 1 370 4
56.104 128.981 336.779 26 27 1 370 4
346.941 136.881 200.183 27 27 1 337 2
346.941 136.881 200.183 28 27 1 337 2
346.941 136.881 200.183 29 27 1 337 2
346.941 136.881 200.183 30 27 1 337 2
280.538 81.279 345.010 1 28 1 91 1
280.538 81.279 345.010 2 28 1 91 1
280.538 81.279 345.010 3 28 1 91 1
219.590 109.785 205.938 4 28 1 151 1
150.649 114.877 220.430 5 28 1 339 2
289.711 144.863 333.210 6 28 1 338 2
289.711 144.863 333.210 7 28 1 338 2
56.104 128.981 336.779 8 28 1 370 4
56.104 128.981 336.779 9 28 1 370 4
56.104 128.981 336.779 10 28 1 370 4
56.104 128.981 336.779 11 28 1 370 4
56.104 128.981 336.779 12 28 1 370 4
56.104 128.981 336.779 13 28 1 370 4
56.104 128.981 336.779 14 28 1 370 4
56.104 128.981 336.779 15 28 1 370 4
73.277 90.133 51.909 16 28 1 253 1
56.104 128.981 336.779 17 28 1 370 4
56.104 128.981 336.779 18 28 1 370 4
56.104 128.981 336.779 19 28 1 370 4
56.104 128.981 336.779 20 28 1 370 4
56.104 128.981 336.779 21 28 1 370 4
56.104 128.981 336.779 22 28 1 370 4
76.225 83.914 216.712 23 28 1 92 1
56.104 128.981 336.779 24 28 1 370 4
56.104 128.981 336.779 25 28 1 370 4
56.104 128.981 336.779 26 28 1 370 4
346.941 136.881 200.183 27 28 1 337 2
346.941 136.881 200.183 28 28 1 337 2
346.941 136.881 200.183 29 28 1 337 2
346.941 136.881 200.183 30 28 1 337 2
280.538 81.279 345.010 1 29 1 91 1
280.538 81.279 345.010 2 29 1 91 1
219.590 109.785 205.938 3 29 1 151 1
219.590 109.785 205.938 4 29 1 151 1
150.649 114.877 220.430 5 29 1 339 2
289.711 144.863 333.210 6 29 1 338 2
289.711 144.863 333.210 7 29 1 338 2
56.104 128.981 336.779 8 29 1 370 4
56.104 128.981 336.779 9 29 1 370 4
56.104 128.981 336.779 10 29 1 370 4
56.104 128.981 336.779 11 29 1 370 4
56.104 128.981 336.779 12 29 1 370 4
56.104 128.981 336.779 13 29 1 370 4
56.104 128.981 336.779 14 29 1 370 4
56.104 128.981 336.779 15 29 1 370 4
56.104 128.981 336.779 16 29 1 370 4
56.104 128.981 336.779 17 29 1 370 4
56.104 128.981 336.779 18 29 1 370 4
56.104 128.981 336.779 19 29 1 370 4
56.104 128.981 336.779 20 29 1 370 4
56.104 128.981 336.779 21 29 1 370 4
56.104 128.981 336.779 22 29 1 370 4
56.104 128.981 336.779 23 29 1 370 4
217.893 113.274 222.718 24 29 1 56 1
217.893 113.274 222.718 25 29 1 56 1
217.893 113.274 222.718 26 29 1 56 1
346.941 136.881 200.183 27 29 1 337 2
346.941 136.881 200.183 28 29 1 337 2
346.941 136.881 200.183 29 29 1 337 2
179.971 168.957 18.418 30 29 1 380 1
280.538 81.279 345.010 1 30 1 91 1
211.686 66.033 217.012 2 30 1 220 1
219.590 109.785 205.938 3 30 1 151 1
219.590 109.785 205.938 4 30 1 151 1
150.649 114.877 220.430 5 30 1 339 2
120.089 35.010 211.763 6 30 1 394 1
120.089 35.010 211.763 7 30 1 394 1
120.089 35.010 211.763 8 30 1 394 1
82.782 21.887 307.395 9 30 1 382 1
82.782 21.887 307.395 10 30 1 382 1
56.104 128.981 336.779 11 30 1 370 4
56.104 128.981 336.779 12 30 1 370 4
56.104 128.981 336.779 13 30 1 370 4
56.104 128.981 336.779 14 30 1 370 4
56.104 128.981 336.779 15 30 1 370 4
56.104 128.981 336.779 16 30 1 370 4
56.104 128.981 336.779 17 30 1 370 4
56.104 128.981 336.779 18 30 1 370 4
56.104 128.981 336.779 19 30 1 370 4
56.104 128.981 336.779 20 30 1 370 4
56.104 128.981 336.779 21 30 1 370 4
56.104 128.981 336.779 22 30 1 370 4
56.104 128.981 336.779 23 30 1 370 4
217.893 113.274 222.718 24 30 1 56 1
217.893 113.274 222.718 25 30 1 56 1
217.893 113.274 222.718 26 30 1 56 1
217.893 113.274 222.718 27 30 1 56 1
346.941 136.881 200.183 28 30 1 337 2
346.941 136.881 200.183 29 30 1 337 2
346.941 136.881 200.183 30 30 1 337 2
