323.813 49.883 113.811 1 1 16 97 1
307.661 84.044 354.944 2 1 16 360 4
307.661 84.044 354.944 3 1 16 360 4
307.661 84.044 354.944 4 1 16 360 4
307.661 84.044 354.944 5 1 16 360 4
298.279 130.666 310.736 6 1 16 284 2
298.279 130.666 310.736 7 1 16 284 2
298.279 130.666 310.736 8 1 16 284 2
115.636 130.499 192.918 9 1 16 372 4
114.236 16.234 135.978 10 1 16 321 2
114.236 16.234 135.978 11 1 16 321 2
114.236 16.234 135.978 12 1 16 321 2
335.919 127.703 315.462 13 1 16 359 3
335.919 127.703 315.462 14 1 16 359 3
13.473 102.630 164.898 15 1 16 295 2
335.919 127.703 315.462 16 1 16 359 3
335.919 127.703 315.462 17 1 16 359 3
335.919 127.703 315.462 18 1 16 359 3
335.919 127.703 315.462 19 1 16 359 3
335.919 127.703 315.462 20 1 16 359 3
335.919 127.703 315.462 21 1 16 359 3
335.919 127.703 315.462 22 1 16 359 3
335.919 127.703 315.462 23 1 16 359 3
335.919 127.703 315.462 24 1 16 359 3
335.919 127.703 315.462 25 1 16 359 3
335.919 127.703 315.462 26 1 16 359 3
335.919 127.703 315.462 27 1 16 359 3
335.919 127.703 315.462 28 1 16 359 3
123.779 106.270 255.161 29 1 16 325 2
123.779 106.270 255.161 30 1 16 325 2
323.813 49.883 113.811 1 2 16 97 1
323.813 49.883 113.811 2 2 16 97 1
307.661 84.044 354.944 3 2 16 360 4
307.661 84.044 354.944 4 2 16 360 4
307.661 84.044 354.944 5 2 16 360 4
298.279 130.666 310.736 6 2 16 284 2
298.279 130.666 310.736 7 2 16 284 2
137.827 95.951 206.589 8 2 16 324 2
114.236 16.234 135.978 9 2 16 321 2
114.236 16.234 135.978 10 2 16 321 2
114.236 16.234 135.978 11 2 16 321 2
335.919 127.703 315.462 12 2 16 359 3
335.919 127.703 315.462 13 2 16 359 3
335.919 127.703 315.462 14 2 16 359 3
13.473 102.630 164.898 15 2 16 295 2
335.919 127.703 315.462 16 2 16 359 3
335.919 127.703 315.462 17 2 16 359 3
335.919 127.703 315.462 18 2 16 359 3
335.919 127.703 315.462 19 2 16 359 3
335.919 127.703 315.462 20 2 16 359 3
335.919 127.703 315.462 21 2 16 359 3
335.919 127.703 315.462 22 2 16 359 3
335.919 127.703 315.462 23 2 16 359 3
335.919 127.703 315.462 24 2 16 359 3
335.919 127.703 315.462 25 2 16 359 3
335.919 127.703 315.462 26 2 16 359 3
335.919 127.703 315.462 27 2 16 359 3
335.919 127.703 315.462 28 2 16 359 3
335.919 127.703 315.462 29 2 16 359 3
335.919 127.703 315.462 30 2 16 359 3
323.813 49.883 113.811 1 3 16 97 1
323.813 49.883 113.811 2 3 16 97 1
307.661 84.044 354.944 3 3 16 360 4
307.661 84.044 354.944 4 3 16 360 4
298.279 130.666 310.736 5 3 16 284 2
298.279 130.666 310.736 6 3 16 284 2
298.279 130.666 310.736 7 3 16 284 2
137.827 95.951 206.589 8 3 16 324 2
114.236 16.234 135.978 9 3 16 321 2
114.236 16.234 135.978 10 3 16 321 2
114.236 16.234 135.978 11 3 16 321 2
335.919 127.703 315.462 12 3 16 359 3
335.919 127.703 315.462 13 3 16 359 3
335.919 127.703 315.462 14 3 16 359 3
13.473 102.630 164.898 15 3 16 295 2
13.473 102.630 164.898 16 3 16 295 2
335.919 127.703 315.462 17 3 16 359 3
335.919 127.703 315.462 18 3 16 359 3
335.919 127.703 315.462 19 3 16 359 3
335.919 127.703 315.462 20 3 16 359 3
335.919 127.703 315.462 21 3 16 359 3
335.919 127.703 315.462 22 3 16 359 3
335.919 127.703 315.462 23 3 16 359 3
335.919 127.703 315.462 24 3 16 359 3
335.919 127.703 315.462 25 3 16 359 3
335.919 127.703 315.462 26 3 16 359 3
335.919 127.703 315.462 27 3 16 359 3
335.919 127.703 315.462 28 3 16 359 3
335.919 127.703 315.462 29 3 16 359 3
335.919 127.703 315.462 30 3 16 359 3
42.354 54.714 32.828 1 4 16 342 2
323.813 49.883 113.811 2 4 16 97 1
307.661 84.044 354.944 3 4 16 360 4
307.661 84.044 354.944 4 4 16 360 4
307.661 84.044 354.944 5 4 16 360 4
307.661 84.044 354.944 6 4 16 360 4
307.661 84.044 354.944 7 4 16 360 4
114.236 16.234 135.978 8 4 16 321 2
114.236 16.234 135.978 9 4 16 321 2
114.236 16.234 135.978 10 4 16 321 2
335.919 127.703 315.462 11 4 16 359 3
335.919 127.703 315.462 12 4 16 359 3
335.919 127.703 315.462 13 4 16 359 3
335.919 127.703 315.462 14 4 16 359 3
335.919 127.703 315.462 15 4 16 359 3
13.473 102.630 164.898 16 4 16 295 2
335.919 127.703 315.462 17 4 16 359 3
335.919 127.703 315.462 18 4 16 359 3
335.919 127.703 315.462 19 4 16 359 3
335.919 127.703 315.462 20 4 16 359 3
335.919 127.703 315.462 21 4 16 359 3
335.919 127.703 315.462 22 4 16 359 3
335.919 127.703 315.462 23 4 16 359 3
335.919 127.703 315.462 24 4 16 359 3
335.919 127.703 315.462 25 4 16 359 3
335.919 127.703 315.462 26 4 16 359 3
335.919 127.703 315.462 27 4 16 359 3
335.919 127.703 315.462 28 4 16 359 3
335.919 127.703 315.462 29 4 16 359 3
335.919 127.703 315.462 30 4 16 359 3
42.354 54.714 32.828 1 5 16 342 2
42.354 54.714 32.828 2 5 16 342 2
307.661 84.044 354.944 3 5 16 360 4
307.661 84.044 354.944 4 5 16 360 4
307.661 84.044 354.944 5 5 16 360 4
289.933 44.348 219.521 6 5 16 133 1
289.933 44.348 219.521 7 5 16 133 1
335.919 127.703 315.462 8 5 16 359 3
335.919 127.703 315.462 9 5 16 359 3
335.919 127.703 315.462 10 5 16 359 3
335.919 127.703 315.462 11 5 16 359 3
335.919 127.703 315.462 12 5 16 359 3
335.919 127.703 315.462 13 5 16 359 3
335.919 127.703 315.462 14 5 16 359 3
335.919 127.703 315.462 15 5 16 359 3
335.919 127.703 315.462 16 5 16 359 3
335.919 127.703 315.462 17 5 16 359 3
335.919 127.703 315.462 18 5 16 359 3
335.919 127.703 315.462 19 5 16 359 3
335.919 127.703 315.462 20 5 16 359 3
335.919 127.703 315.462 21 5 16 359 3
335.919 127.703 315.462 22 5 16 359 3
335.919 127.703 315.462 23 5 16 359 3
335.919 127.703 315.462 24 5 16 359 3
335.919 127.703 315.462 25 5 16 359 3
335.919 127.703 315.462 26 5 16 359 3
335.919 127.703 315.462 27 5 16 359 3
149.896 91.209 262.695 28 5 16 277 1
335.919 127.703 315.462 29 5 16 359 3
335.919 127.703 315.462 30 5 16 359 3
292.530 110.764 233.753 1 6 16 369 4
292.530 110.764 233.753 2 6 16 369 4
292.530 110.764 233.753 3 6 16 369 4
289.933 44.348 219.521 4 6 16 133 1
289.933 44.348 219.521 5 6 16 133 1
289.933 44.348 219.521 6 6 16 133 1
289.933 44.348 219.521 7 6 16 133 1
335.919 127.703 315.462 8 6 16 359 3
335.919 127.703 315.462 9 6 16 359 3
335.919 127.703 315.462 10 6 16 359 3
335.919 127.703 315.462 11 6 16 359 3
335.919 127.703 315.462 12 6 16 359 3
335.919 127.703 315.462 13 6 16 359 3
335.919 127.703 315.462 14 6 16 359 3
335.919 127.703 315.462 15 6 16 359 3
335.919 127.703 315.462 16 6 16 359 3
335.919 127.703 315.462 17 6 16 359 3
335.919 127.703 315.462 18 6 16 359 3
335.919 127.703 315.462 19 6 16 359 3
335.919 127.703 315.462 20 6 16 359 3
335.919 127.703 315.462 21 6 16 359 3
335.919 127.703 315.462 22 6 16 359 3
335.919 127.703 315.462 23 6 16 359 3
335.919 127.703 315.462 24 6 16 359 3
335.919 127.703 315.462 25 6 16 359 3
335.919 127.703 315.462 26 6 16 359 3
335.919 127.703 315.462 27 6 16 359 3
335.919 127.703 315.462 28 6 16 359 3
335.919 127.703 315.462 29 6 16 359 3
208.807 27.252 324.776 30 6 16 344 2
292.530 110.764 233.753 1 7 16 369 4
292.530 110.764 233.753 2 7 16 369 4
292.530 110.764 233.753 3 7 16 369 4
292.530 110.764 233.753 4 7 16 369 4
289.933 44.348 219.521 5 7 16 133 1
289.933 44.348 219.521 6 7 16 133 1
289.933 44.348 219.521 7 7 16 133 1
289.933 44.348 219.521 8 7 16 133 1
335.919 127.703 315.462 9 7 16 359 3
335.919 127.703 315.462 10 7 16 359 3
335.919 127.703 315.462 11 7 16 359 3
335.919 127.703 315.462 12 7 16 359 3
335.919 127.703 315.462 13 7 16 359 3
335.919 127.703 315.462 14 7 16 359 3
335.919 127.703 315.462 15 7 16 359 3
335.919 127.703 315.462 16 7 16 359 3
335.919 127.703 315.462 17 7 16 359 3
335.919 127.703 315.462 18 7 16 359 3
335.919 127.703 315.462 19 7 16 359 3
335.919 127.703 315.462 20 7 16 359 3
335.919 127.703 315.462 21 7 16 359 3
335.919 127.703 315.462 22 7 16 359 3
335.919 127.703 315.462 23 7 16 359 3
335.919 127.703 315.462 24 7 16 359 3
335.919 127.703 315.462 25 7 16 359 3
335.919 127.703 315.462 26 7 16 359 3
335.919 127.703 315.462 27 7 16 359 3
335.919 127.703 315.462 28 7 16 359 3
335.919 127.703 315.462 29 7 16 359 3
335.919 127.703 315.462 30 7 16 359 3
292.530 110.764 233.753 1 8 16 369 4
292.530 110.764 233.753 2 8 16 369 4
292.530 110.764 233.753 3 8 16 369 4
292.530 110.764 233.753 4 8 16 369 4
292.530 110.764 233.753 5 8 16 369 4
289.933 44.348 219.521 6 8 16 133 1
289.933 44.348 219.521 7 8 16 133 1
289.933 44.348 219.521 8 8 16 133 1
289.933 44.348 219.521 9 8 16 133 1
335.919 127.703 315.462 10 8 16 359 3
335.919 127.703 315.462 11 8 16 359 3
335.919 127.703 315.462 12 8 16 359 3
335.919 127.703 315.462 13 8 16 359 3
335.919 127.703 315.462 14 8 16 359 3
335.919 127.703 315.462 15 8 16 359 3
335.919 127.703 315.462 16 8 16 359 3
335.919 127.703 315.462 17 8 16 359 3
335.919 127.703 315.462 18 8 16 359 3
335.919 127.703 315.462 19 8 16 359 3
335.919 127.703 315.462 20 8 16 359 3
335.919 127.703 315.462 21 8 16 359 3
335.919 127.703 315.462 22 8 16 359 3
335.919 127.703 315.462 23 8 16 359 3
335.919 127.703 315.462 24 8 16 359 3
335.919 127.703 315.462 25 8 16 359 3
335.919 127.703 315.462 26 8 16 359 3
335.919 127.703 315.462 27 8 16 359 3
335.919 127.703 315.462 28 8 16 359 3
335.919 127.703 315.462 29 8 16 359 3
335.919 127.703 315.462 30 8 16 359 3
292.530 110.764 233.753 1 9 16 369 4
292.530 110.764 233.753 2 9 16 369 4
292.530 110.764 233.753 3 9 16 369 4
292.530 110.764 233.753 4 9 16 369 4
292.530 110.764 233.753 5 9 16 369 4
335.919 127.703 315.462 6 9 16 359 3
335.919 127.703 315.462 7 9 16 359 3
335.919 127.703 315.462 8 9 16 359 3
335.919 127.703 315.462 9 9 16 359 3
335.919 127.703 315.462 10 9 16 359 3
335.919 127.703 315.462 11 9 16 359 3
335.919 127.703 315.462 12 9 16 359 3
335.919 127.703 315.462 13 9 16 359 3
335.919 127.703 315.462 14 9 16 359 3
335.919 127.703 315.462 15 9 16 359 3
335.919 127.703 315.462 16 9 16 359 3
335.919 127.703 315.462 17 9 16 359 3
335.919 127.703 315.462 18 9 16 359 3
335.919 127.703 315.462 19 9 16 359 3
335.919 127.703 315.462 20 9 16 359 3
335.919 127.703 315.462 21 9 16 359 3
335.919 127.703 315.462 22 9 16 359 3
335.919 127.703 315.462 23 9 16 359 3
335.919 127.703 315.462 24 9 16 359 3
335.919 127.703 315.462 25 9 16 359 3
335.919 127.703 315.462 26 9 16 359 3
335.919 127.703 315.462 27 9 16 359 3
335.919 127.703 315.462 28 9 16 359 3
335.919 127.703 315.462 29 9 16 359 3
335.919 127.703 315.462 30 9 16 359 3
292.530 110.764 233.753 1 10 16 369 4
292.530 110.764 233.753 2 10 16 369 4
292.530 110.764 233.753 3 10 16 369 4
292.530 110.764 233.753 4 10 16 369 4
292.530 110.764 233.753 5 10 16 369 4
292.530 110.764 233.753 6 10 16 369 4
335.919 127.703 315.462 7 10 16 359 3
335.919 127.703 315.462 8 10 16 359 3
335.919 127.703 315.462 9 10 16 359 3
335.919 127.703 315.462 10 10 16 359 3
335.919 127.703 315.462 11 10 16 359 3
335.919 127.703 315.462 12 10 16 359 3
335.919 127.703 315.462 13 10 16 359 3
335.919 127.703 315.462 14 10 16 359 3
335.919 127.703 315.462 15 10 16 359 3
335.919 127.703 315.462 16 10 16 359 3
335.919 127.703 315.462 17 10 16 359 3
335.919 127.703 315.462 18 10 16 359 3
335.919 127.703 315.462 19 10 16 359 3
335.919 127.703 315.462 20 10 16 359 3
335.919 127.703 315.462 21 10 16 359 3
335.919 127.703 315.462 22 10 16 359 3
335.919 127.703 315.462 23 10 16 359 3
37.354 9.041 132.678 24 10 16 395 1
335.919 127.703 315.462 25 10 16 359 3
335.919 127.703 315.462 26 10 16 359 3
335.919 127.703 315.462 27 10 16 359 3
335.919 127.703 315.462 28 10 16 359 3
335.919 127.703 315.462 29 10 16 359 3
335.919 127.703 315.462 30 10 16 359 3
292.530 110.764 233.753 1 11 16 369 4
292.530 110.764 233.753 2 11 16 369 4
292.530 110.764 233.753 3 11 16 369 4
292.530 110.764 233.753 4 11 16 369 4
292.530 110.764 233.753 5 11 16 369 4
292.530 110.764 233.753 6 11 16 369 4
335.919 127.703 315.462 7 11 16 359 3
335.919 127.703 315.462 8 11 16 359 3
335.919 127.703 315.462 9 11 16 359 3
335.919 127.703 315.462 10 11 16 359 3
335.919 127.703 315.462 11 11 16 359 3
335.919 127.703 315.462 12 11 16 359 3
335.919 127.703 315.462 13 11 16 359 3
335.919 127.703 315.462 14 11 16 359 3
335.919 127.703 315.462 15 11 16 359 3
335.919 127.703 315.462 16 11 16 359 3
335.919 127.703 315.462 17 11 16 359 3
335.919 127.703 315.462 18 11 16 359 3
335.919 127.703 315.462 19 11 16 359 3
335.919 127.703 315.462 20 11 16 359 3
335.919 127.703 315.462 21 11 16 359 3
335.919 127.703 315.462 22 11 16 359 3
335.919 127.703 315.462 23 11 16 359 3
335.919 127.703 315.462 24 11 16 359 3
335.919 127.703 315.462 25 11 16 359 3
335.919 127.703 315.462 26 11 16 359 3
335.919 127.703 315.462 27 11 16 359 3
335.919 127.703 315.462 28 11 16 359 3
335.919 127.703 315.462 29 11 16 359 3
335.919 127.703 315.462 30 11 16 359 3
292.530 110.764 233.753 1 12 16 369 4
292.530 110.764 233.753 2 12 16 369 4
292.530 110.764 233.753 3 12 16 369 4
292.530 110.764 233.753 4 12 16 369 4
292.530 110.764 233.753 5 12 16 369 4
292.530 110.764 233.753 6 12 16 369 4
335.919 127.703 315.462 7 12 16 359 3
335.919 127.703 315.462 8 12 16 359 3
335.919 127.703 315.462 9 12 16 359 3
335.919 127.703 315.462 10 12 16 359 3
335.919 127.703 315.462 11 12 16 359 3
335.919 127.703 315.462 12 12 16 359 3
335.919 127.703 315.462 13 12 16 359 3
335.919 127.703 315.462 14 12 16 359 3
335.919 127.703 315.462 15 12 16 359 3
335.919 127.703 315.462 16 12 16 359 3
335.919 127.703 315.462 17 12 16 359 3
335.919 127.703 315.462 18 12 16 359 3
335.919 127.703 315.462 19 12 16 359 3
335.919 127.703 315.462 20 12 16 359 3
335.919 127.703 315.462 21 12 16 359 3
335.919 127.703 315.462 22 12 16 359 3
335.919 127.703 315.462 23 12 16 359 3
335.919 127.703 315.462 24 12 16 359 3
335.919 127.703 315.462 25 12 16 359 3
335.919 127.703 315.462 26 12 16 359 3
335.919 127.703 315.462 27 12 16 359 3
335.919 127.703 315.462 28 12 16 359 3
335.919 127.703 315.462 29 12 16 359 3
335.919 127.703 315.462 30 12 16 359 3
292.530 110.764 233.753 1 13 16 369 4
292.530 110.764 233.753 2 13 16 369 4
292.530 110.764 233.753 3 13 16 369 4
292.530 110.764 233.753 4 13 16 369 4
292.530 110.764 233.753 5 13 16 369 4
292.530 110.764 233.753 6 13 16 369 4
335.919 127.703 315.462 7 13 16 359 3
335.919 127.703 315.462 8 13 16 359 3
335.919 127.703 315.462 9 13 16 359 3
335.919 127.703 315.462 10 13 16 359 3
335.919 127.703 315.462 11 13 16 359 3
335.919 127.703 315.462 12 13 16 359 3
335.919 127.703 315.462 13 13 16 359 3
335.919 127.703 315.462 14 13 16 359 3
335.919 127.703 315.462 15 13 16 359 3
335.919 127.703 315.462 16 13 16 359 3
335.919 127.703 315.462 17 13 16 359 3
335.919 127.703 315.462 18 13 16 359 3
335.919 127.703 315.462 19 13 16 359 3
335.919 127.703 315.462 20 13 16 359 3
335.919 127.703 315.462 21 13 16 359 3
335.919 127.703 315.462 22 13 16 359 3
335.919 127.703 315.462 23 13 16 359 3
335.919 127.703 315.462 24 13 16 359 3
335.919 127.703 315.462 25 13 16 359 3
335.919 127.703 315.462 26 13 16 359 3
335.919 127.703 315.462 27 13 16 359 3
335.919 127.703 315.462 28 13 16 359 3
335.919 127.703 315.462 29 13 16 359 3
335.919 127.703 315.462 30 13 16 359 3
292.530 110.764 233.753 1 14 16 369 4
292.530 110.764 233.753 2 14 16 369 4
292.530 110.764 233.753 3 14 16 369 4
292.530 110.764 233.753 4 14 16 369 4
292.530 110.764 233.753 5 14 16 369 4
292.530 110.764 233.753 6 14 16 369 4
335.919 127.703 315.462 7 14 16 359 3
335.919 127.703 315.462 8 14 16 359 3
335.919 127.703 315.462 9 14 16 359 3
335.919 127.703 315.462 10 14 16 359 3
335.919 127.703 315.462 11 14 16 359 3
335.919 127.703 315.462 12 14 16 359 3
335.919 127.703 315.462 13 14 16 359 3
335.919 127.703 315.462 14 14 16 359 3
335.919 127.703 315.462 15 14 16 359 3
335.919 127.703 315.462 16 14 16 359 3
335.919 127.703 315.462 17 14 16 359 3
335.919 127.703 315.462 18 14 16 359 3
335.919 127.703 315.462 19 14 16 359 3
335.919 127.703 315.462 20 14 16 359 3
335.919 127.703 315.462 21 14 16 359 3
234.627 69.344 300.495 22 14 16 225 1
335.919 127.703 315.462 23 14 16 359 3
335.919 127.703 315.462 24 14 16 359 3
335.919 127.703 315.462 25 14 16 359 3
335.919 127.703 315.462 26 14 16 359 3
335.919 127.703 315.462 27 14 16 359 3
335.919 127.703 315.462 28 14 16 359 3
335.919 127.703 315.462 29 14 16 359 3
335.919 127.703 315.462 30 14 16 359 3
292.530 110.764 233.753 1 15 16 369 4
292.530 110.764 233.753 2 15 16 369 4
292.530 110.764 233.753 3 15 16 369 4
292.530 110.764 233.753 4 15 16 369 4
292.530 110.764 233.753 5 15 16 369 4
292.530 110.764 233.753 6 15 16 369 4
335.919 127.703 315.462 7 15 16 359 3
335.919 127.703 315.462 8 15 16 359 3
335.919 127.703 315.462 9 15 16 359 3
335.919 127.703 315.462 10 15 16 359 3
335.919 127.703 315.462 11 15 16 359 3
335.919 127.703 315.462 12 15 16 359 3
335.919 127.703 315.462 13 15 16 359 3
335.919 127.703 315.462 14 15 16 359 3
335.919 127.703 315.462 15 15 16 359 3
335.919 127.703 315.462 16 15 16 359 3
335.919 127.703 315.462 17 15 16 359 3
335.919 127.703 315.462 18 15 16 359 3
335.919 127.703 315.462 19 15 16 359 3
335.919 127.703 315.462 20 15 16 359 3
335.919 127.703 315.462 21 15 16 359 3
335.919 127.703 315.462 22 15 16 359 3
335.919 127.703 315.462 23 15 16 359 3
335.919 127.703 315.462 24 15 16 359 3
335.919 127.703 315.462 25 15 16 359 3
335.919 127.703 315.462 26 15 16 359 3
335.919 127.703 315.462 27 15 16 359 3
335.919 127.703 315.462 28 15 16 359 3
335.919 127.703 315.462 29 15 16 359 3
335.919 127.703 315.462 30 15 16 359 3
292.530 110.764 233.753 1 16 16 369 4
292.530 110.764 233.753 2 16 16 369 4
292.530 110.764 233.753 3 16 16 369 4
292.530 110.764 233.753 4 16 16 369 4
292.530 110.764 233.753 5 16 16 369 4
292.530 110.764 233.753 6 16 16 369 4
335.919 127.703 315.462 7 16 16 359 3
335.919 127.703 315.462 8 16 16 359 3
335.919 127.703 315.462 9 16 16 359 3
335.919 127.703 315.462 10 16 16 359 3
335.919 127.703 315.462 11 16 16 359 3
335.919 127.703 315.462 12 16 16 359 3
335.919 127.703 315.462 13 16 16 359 3
335.919 127.703 315.462 14 16 16 359 3
335.919 127.703 315.462 15 16 16 359 3
335.919 127.703 315.462 16 16 16 359 3
335.919 127.703 315.462 17 16 16 359 3
335.919 127.703 315.462 18 16 16 359 3
335.919 127.703 315.462 19 16 16 359 3
335.919 127.703 315.462 20 16 16 359 3
335.919 127.703 315.462 21 16 16 359 3
335.919 127.703 315.462 22 16 16 359 3
335.919 127.703 315.462 23 16 16 359 3
335.919 127.703 315.462 24 16 16 359 3
335.919 127.703 315.462 25 16 16 359 3
335.919 127.703 315.462 26 16 16 359 3
335.919 127.703 315.462 27 16 16 359 3
335.919 127.703 315.462 28 16 16 359 3
335.919 127.703 315.462 29 16 16 359 3
335.919 127.703 315.462 30 16 16 359 3
292.530 110.764 233.753 1 17 16 369 4
292.530 110.764 233.753 2 17 16 369 4
292.530 110.764 233.753 3 17 16 369 4
292.530 110.764 233.753 4 17 16 369 4
292.530 110.764 233.753 5 17 16 369 4
292.530 110.764 233.753 6 17 16 369 4
335.919 127.703 315.462 7 17 16 359 3
335.919 127.703 315.462 8 17 16 359 3
335.919 127.703 315.462 9 17 16 359 3
335.919 127.703 315.462 10 17 16 359 3
335.919 127.703 315.462 11 17 16 359 3
335.919 127.703 315.462 12 17 16 359 3
335.919 127.703 315.462 13 17 16 359 3
335.919 127.703 315.462 14 17 16 359 3
335.919 127.703 315.462 15 17 16 359 3
335.919 127.703 315.462 16 17 16 359 3
335.919 127.703 315.462 17 17 16 359 3
335.919 127.703 315.462 18 17 16 359 3
335.919 127.703 315.462 19 17 16 359 3
335.919 127.703 315.462 20 17 16 359 3
335.919 127.703 315.462 21 17 16 359 3
335.919 127.703 315.462 22 17 16 359 3
335.919 127.703 315.462 23 17 16 359 3
335.919 127.703 315.462 24 17 16 359 3
335.919 127.703 315.462 25 17 16 359 3
335.919 127.703 315.462 26 17 16 359 3
335.919 127.703 315.462 27 17 16 359 3
335.919 127.703 315.462 28 17 16 359 3
335.919 127.703 315.462 29 17 16 359 3
335.919 127.703 315.462 30 17 16 359 3
248.649 44.957 319.600 1 18 16 345 2
292.530 110.764 233.753 2 18 16 369 4
292.530 110.764 233.753 3 18 16 369 4
292.530 110.764 233.753 4 18 16 369 4
292.530 110.764 233.753 5 18 16 369 4
292.530 110.764 233.753 6 18 16 369 4
335.919 127.703 315.462 7 18 16 359 3
335.919 127.703 315.462 8 18 16 359 3
335.919 127.703 315.462 9 18 16 359 3
335.919 127.703 315.462 10 18 16 359 3
335.919 127.703 315.462 11 18 16 359 3
335.919 127.703 315.462 12 18 16 359 3
335.919 127.703 315.462 13 18 16 359 3
335.919 127.703 315.462 14 18 16 359 3
335.919 127.703 315.462 15 18 16 359 3
335.919 127.703 315.462 16 18 16 359 3
335.919 127.703 315.462 17 18 16 359 3
335.919 127.703 315.462 18 18 16 359 3
335.919 127.703 315.462 19 18 16 359 3
335.919 127.703 315.462 20 18 16 359 3
335.919 127.703 315.462 21 18 16 359 3
335.919 127.703 315.462 22 18 16 359 3
335.919 127.703 315.462 23 18 16 359 3
335.919 127.703 315.462 24 18 16 359 3
335.919 127.703 315.462 25 18 16 359 3
335.919 127.703 315.462 26 18 16 359 3
335.919 127.703 315.462 27 18 16 359 3
335.919 127.703 315.462 28 18 16 359 3
335.919 127.703 315.462 29 18 16 359 3
335.919 127.703 315.462 30 18 16 359 3
248.649 44.957 319.600 1 19 16 345 2
242.768 164.619 65.962 2 19 16 348 2
248.649 44.957 319.600 3 19 16 345 2
248.649 44.957 319.600 4 19 16 345 2
248.649 44.957 319.600 5 19 16 345 2
56.104 128.981 336.779 6 19 16 370 4
56.104 128.981 336.779 7 19 16 370 4
56.104 128.981 336.779 8 19 16 370 4
56.104 128.981 336.779 9 19 16 370 4
335.919 127.703 315.462 10 19 16 359 3
335.919 127.703 315.462 11 19 16 359 3
335.919 127.703 315.462 12 19 16 359 3
335.919 127.703 315.462 13 19 16 359 3
335.919 127.703 315.462 14 19 16 359 3
335.919 127.703 315.462 15 19 16 359 3
335.919 127.703 315.462 16 19 16 359 3
335.919 127.703 315.462 17 19 16 359 3
335.919 127.703 315.462 18 19 16 359 3
335.919 127.703 315.462 19 19 16 359 3
335.919 127.703 315.462 20 19 16 359 3
335.919 127.703 315.462 21 19 16 359 3
335.919 127.703 315.462 22 19 16 359 3
335.919 127.703 315.462 23 19 16 359 3
335.919 127.703 315.462 24 19 16 359 3
335.919 127.703 315.462 25 19 16 359 3
335.919 127.703 315.462 26 19 16 359 3
335.919 127.703 315.462 27 19 16 359 3
335.919 127.703 315.462 28 19 16 359 3
335.919 127.703 315.462 29 19 16 359 3
335.919 127.703 315.462 30 19 16 359 3
248.649 44.957 319.600 1 20 16 345 2
201.126 129.109 246.973 2 20 16 263 1
248.649 44.957 319.600 3 20 16 345 2
248.649 44.957 319.600 4 20 16 345 2
248.649 44.957 319.600 5 20 16 345 2
56.104 128.981 336.779 6 20 16 370 4
56.104 128.981 336.779 7 20 16 370 4
56.104 128.981 336.779 8 20 16 370 4
56.104 128.981 336.779 9 20 16 370 4
56.104 128.981 336.779 10 20 16 370 4
56.104 128.981 336.779 11 20 16 370 4
335.919 127.703 315.462 12 20 16 359 3
335.919 127.703 315.462 13 20 16 359 3
335.919 127.703 315.462 14 20 16 359 3
335.919 127.703 315.462 15 20 16 359 3
335.919 127.703 315.462 16 20 16 359 3
335.919 127.703 315.462 17 20 16 359 3
335.919 127.703 315.462 18 20 16 359 3
335.919 127.703 315.462 19 20 16 359 3
335.919 127.703 315.462 20 20 16 359 3
335.919 127.703 315.462 21 20 16 359 3
335.919 127.703 315.462 22 20 16 359 3
335.919 127.703 315.462 23 20 16 359 3
335.919 127.703 315.462 24 20 16 359 3
335.919 127.703 315.462 25 20 16 359 3
335.919 127.703 315.462 26 20 16 359 3
335.919 127.703 315.462 27 20 16 359 3
335.919 127.703 315.462 28 20 16 359 3
335.919 127.703 315.462 29 20 16 359 3
335.919 127.703 315.462 30 20 16 359 3
248.649 44.957 319.600 1 21 16 345 2
248.649 44.957 319.600 2 21 16 345 2
248.649 44.957 319.600 3 21 16 345 2
248.649 44.957 319.600 4 21 16 345 2
248.649 44.957 319.600 5 21 16 345 2
56.104 128.981 336.779 6 21 16 370 4
56.104 128.981 336.779 7 21 16 370 4
56.104 128.981 336.779 8 21 16 370 4
56.104 128.981 336.779 9 21 16 370 4
56.104 128.981 336.779 10 21 16 370 4
56.104 128.981 336.779 11 21 16 370 4
56.104 128.981 336.779 12 21 16 370 4
56.104 128.981 336.779 13 21 16 370 4
335.919 127.703 315.462 14 21 16 359 3
335.919 127.703 315.462 15 21 16 359 3
335.919 127.703 315.462 16 21 16 359 3
335.919 127.703 315.462 17 21 16 359 3
335.919 127.703 315.462 18 21 16 359 3
335.919 127.703 315.462 19 21 16 359 3
335.919 127.703 315.462 20 21 16 359 3
335.919 127.703 315.462 21 21 16 359 3
335.919 127.703 315.462 22 21 16 359 3
335.919 127.703 315.462 23 21 16 359 3
335.919 127.703 315.462 24 21 16 359 3
335.919 127.703 315.462 25 21 16 359 3
335.919 127.703 315.462 26 21 16 359 3
335.919 127.703 315.462 27 21 16 359 3
335.919 127.703 315.462 28 21 16 359 3
335.919 127.703 315.462 29 21 16 359 3
335.919 127.703 315.462 30 21 16 359 3
248.649 44.957 319.600 1 22 16 345 2
248.649 44.957 319.600 2 22 16 345 2
248.649 44.957 319.600 3 22 16 345 2
248.649 44.957 319.600 4 22 16 345 2
56.104 128.981 336.779 5 22 16 370 4
56.104 128.981 336.779 6 22 16 370 4
56.104 128.981 336.779 7 22 16 370 4
56.104 128.981 336.779 8 22 16 370 4
56.104 128.981 336.779 9 22 16 370 4
56.104 128.981 336.779 10 22 16 370 4
56.104 128.981 336.779 11 22 16 370 4
56.104 128.981 336.779 12 22 16 370 4
56.104 128.981 336.779 13 22 16 370 4
56.104 128.981 336.779 14 22 16 370 4
335.919 127.703 315.462 15 22 16 359 3
335.919 127.703 315.462 16 22 16 359 3
335.919 127.703 315.462 17 22 16 359 3
335.919 127.703 315.462 18 22 16 359 3
335.919 127.703 315.462 19 22 16 359 3
335.919 127.703 315.462 20 22 16 359 3
335.919 127.703 315.462 21 22 16 359 3
335.919 127.703 315.462 22 22 16 359 3
335.919 127.703 315.462 23 22 16 359 3
335.919 127.703 315.462 24 22 16 359 3
335.919 127.703 315.462 25 22 16 359 3
335.919 127.703 315.462 26 22 16 359 3
335.919 127.703 315.462 27 22 16 359 3
335.919 127.703 315.462 28 22 16 359 3
335.919 127.703 315.462 29 22 16 359 3
335.919 127.703 315.462 30 22 16 359 3
248.649 44.957 319.600 1 23 16 345 2
248.649 44.957 319.600 2 23 16 345 2
248.649 44.957 319.600 3 23 16 345 2
56.104 128.981 336.779 4 23 16 370 4
56.104 128.981 336.779 5 23 16 370 4
56.104 128.981 336.779 6 23 16 370 4
56.104 128.981 336.779 7 23 16 370 4
56.104 128.981 336.779 8 23 16 370 4
56.104 128.981 336.779 9 23 16 370 4
56.104 128.981 336.779 10 23 16 370 4
56.104 128.981 336.779 11 23 16 370 4
6.361 72.158 155.141 12 23 16 26 1
56.104 128.981 336.779 13 23 16 370 4
56.104 128.981 336.779 14 23 16 370 4
56.104 128.981 336.779 15 23 16 370 4
335.919 127.703 315.462 16 23 16 359 3
335.919 127.703 315.462 17 23 16 359 3
335.919 127.703 315.462 18 23 16 359 3
335.919 127.703 315.462 19 23 16 359 3
335.919 127.703 315.462 20 23 16 359 3
335.919 127.703 315.462 21 23 16 359 3
335.919 127.703 315.462 22 23 16 359 3
335.919 127.703 315.462 23 23 16 359 3
335.919 127.703 315.462 24 23 16 359 3
335.919 127.703 315.462 25 23 16 359 3
335.919 127.703 315.462 26 23 16 359 3
335.919 127.703 315.462 27 23 16 359 3
335.919 127.703 315.462 28 23 16 359 3
335.919 127.703 315.462 29 23 16 359 3
335.919 127.703 315.462 30 23 16 359 3
248.649 44.957 319.600 1 24 16 345 2
248.649 44.957 319.600 2 24 16 345 2
56.104 128.981 336.779 3 24 16 370 4
228.186 141.054 297.980 4 24 16 2 1
56.104 128.981 336.779 5 24 16 370 4
56.104 128.981 336.779 6 24 16 370 4
56.104 128.981 336.779 7 24 16 370 4
56.104 128.981 336.779 8 24 16 370 4
56.104 128.981 336.779 9 24 16 370 4
56.104 128.981 336.779 10 24 16 370 4
56.104 128.981 336.779 11 24 16 370 4
6.361 72.158 155.141 12 24 16 26 1
132.847 58.321 86.042 13 24 16 100 1
132.847 58.321 86.042 14 24 16 100 1
132.847 58.321 86.042 15 24 16 100 1
56.104 128.981 336.779 16 24 16 370 4
36.705 90.137 295.270 17 24 16 209 1
36.705 90.137 295.270 18 24 16 209 1
335.919 127.703 315.462 19 24 16 359 3
169.438 41.541 231.666 20 24 16 312 2
335.919 127.703 315.462 21 24 16 359 3
94.576 72.414 253.803 22 24 16 431 4
94.576 72.414 253.803 23 24 16 431 4
94.576 72.414 253.803 24 24 16 431 4
94.576 72.414 253.803 25 24 16 431 4
94.576 72.414 253.803 26 24 16 431 4
94.576 72.414 253.803 27 24 16 431 4
335.919 127.703 315.462 28 24 16 359 3
335.919 127.703 315.462 29 24 16 359 3
335.919 127.703 315.462 30 24 16 359 3
156.829 71.501 214.932 1 25 16 289 2
156.829 71.501 214.932 2 25 16 289 2
56.104 128.981 336.779 3 25 16 370 4
56.104 128.981 336.779 4 25 16 370 4
56.104 128.981 336.779 5 25 16 370 4
56.104 128.981 336.779 6 25 16 370 4
56.104 128.981 336.779 7 25 16 370 4
56.104 128.981 336.779 8 25 16 370 4
56.104 128.981 336.779 9 25 16 370 4
56.104 128.981 336.779 10 25 16 370 4
56.104 128.981 336.779 11 25 16 370 4
56.104 128.981 336.779 12 25 16 370 4
56.104 128.981 336.779 13 25 16 370 4
56.104 128.981 336.779 14 25 16 370 4
56.104 128.981 336.779 15 25 16 370 4
56.104 128.981 336.779 16 25 16 370 4
36.705 90.137 295.270 17 25 16 209 1
36.705 90.137 295.270 18 25 16 209 1
169.438 41.541 231.666 19 25 16 312 2
169.438 41.541 231.666 20 25 16 312 2
169.438 41.541 231.666 21 25 16 312 2
94.576 72.414 253.803 22 25 16 431 4
94.576 72.414 253.803 23 25 16 431 4
94.576 72.414 253.803 24 25 16 431 4
94.576 72.414 253.803 25 25 16 431 4
94.576 72.414 253.803 26 25 16 431 4
94.576 72.414 253.803 27 25 16 431 4
94.576 72.414 253.803 28 25 16 431 4
94.576 72.414 253.803 29 25 16 431 4
335.919 127.703 315.462 30 25 16 359 3
2.277 116.274 29.883 1 26 16 234 1
156.829 71.501 214.932 2 26 16 289 2
2.277 116.274 29.883 3 26 16 234 1
56.104 128.981 336.779 4 26 16 370 4
56.104 128.981 336.779 5 26 16 370 4
56.104 128.981 336.779 6 26 16 370 4
56.104 128.981 336.779 7 26 16 370 4
56.104 128.981 336.779 8 26 16 370 4
56.104 128.981 336.779 9 26 16 370 4
56.104 128.981 336.779 10 26 16 370 4
56.104 128.981 336.779 11 26 16 370 4
56.104 128.981 336.779 12 26 16 370 4
56.104 128.981 336.779 13 26 16 370 4
56.104 128.981 336.779 14 26 16 370 4
263.224 143.945 132.045 15 26 16 373 4
263.224 143.945 132.045 16 26 16 373 4
263.224 143.945 132.045 17 26 16 373 4
169.438 41.541 231.666 18 26 16 312 2
169.438 41.541 231.666 19 26 16 312 2
169.438 41.541 231.666 20 26 16 312 2
169.438 41.541 231.666 21 26 16 312 2
169.438 41.541 231.666 22 26 16 312 2
94.576 72.414 253.803 23 26 16 431 4
94.576 72.414 253.803 24 26 16 431 4
94.576 72.414 253.803 25 26 16 431 4
94.576 72.414 253.803 26 26 16 431 4
94.576 72.414 253.803 27 26 16 431 4
94.576 72.414 253.803 28 26 16 431 4
94.576 72.414 253.803 29 26 16 431 4
94.576 72.414 253.803 30 26 16 431 4
2.277 116.274 29.883 1 27 16 234 1
2.277 116.274 29.883 2 27 16 234 1
2.277 116.274 29.883 3 27 16 234 1
2.277 116.274 29.883 4 27 16 234 1
2.277 116.274 29.883 5 27 16 234 1
56.104 128.981 336.779 6 27 16 370 4
56.104 128.981 336.779 7 27 16 370 4
56.104 128.981 336.779 8 27 16 370 4
56.104 128.981 336.779 9 27 16 370 4
56.104 128.981 336.779 10 27 16 370 4
56.104 128.981 336.779 11 27 16 370 4
56.104 128.981 336.779 12 27 16 370 4
56.104 128.981 336.779 13 27 16 370 4
56.104 128.981 336.779 14 27 16 370 4
263.224 143.945 132.045 15 27 16 373 4
263.224 143.945 132.045 16 27 16 373 4
263.224 143.945 132.045 17 27 16 373 4
263.224 143.945 132.045 18 27 16 373 4
169.438 41.541 231.666 19 27 16 312 2
169.438 41.541 231.666 20 27 16 312 2
169.438 41.541 231.666 21 27 16 312 2
169.438 41.541 231.666 22 27 16 312 2
94.576 72.414 253.803 23 27 16 431 4
94.576 72.414 253.803 24 27 16 431 4
94.576 72.414 253.803 25 27 16 431 4
94.576 72.414 253.803 26 27 16 431 4
94.576 72.414 253.803 27 27 16 431 4
94.576 72.414 253.803 28 27 16 431 4
94.576 72.414 253.803 29 27 16 431 4
94.576 72.414 253.803 30 27 16 431 4
2.277 116.274 29.883 1 28 16 234 1
2.277 116.274 29.883 2 28 16 234 1
2.277 116.274 29.883 3 28 16 234 1
2.277 116.274 29.883 4 28 16 234 1
2.277 116.274 29.883 5 28 16 234 1
2.277 116.274 29.883 6 28 16 234 1
56.104 128.981 336.779 7 28 16 370 4
56.104 128.981 336.779 8 28 16 370 4
56.104 128.981 336.779 9 28 16 370 4
56.104 128.981 336.779 10 28 16 370 4
56.104 128.981 336.779 11 28 16 370 4
56.104 128.981 336.779 12 28 16 370 4
56.104 128.981 336.779 13 28 16 370 4
56.104 128.981 336.779 14 28 16 370 4
263.224 143.945 132.045 15 28 16 373 4
263.224 143.945 132.045 16 28 16 373 4
263.224 143.945 132.045 17 28 16 373 4
263.224 143.945 132.045 18 28 16 373 4
169.438 41.541 231.666 19 28 16 312 2
169.438 41.541 231.666 20 28 16 312 2
169.438 41.541 231.666 21 28 16 312 2
169.438 41.541 231.666 22 28 16 312 2
94.576 72.414 253.803 23 28 16 431 4
94.576 72.414 253.803 24 28 16 431 4
94.576 72.414 253.803 25 28 16 431 4
94.576 72.414 253.803 26 28 16 431 4
94.576 72.414 253.803 27 28 16 431 4
94.576 72.414 253.803 28 28 16 431 4
94.576 72.414 253.803 29 28 16 431 4
94.576 72.414 253.803 30 28 16 431 4
10.289 127.489 100.586 1 29 16 130 1
2.277 116.274 29.883 2 29 16 234 1
2.277 116.274 29.883 3 29 16 234 1
2.277 116.274 29.883 4 29 16 234 1
56.104 128.981 336.779 5 29 16 370 4
56.104 128.981 336.779 6 29 16 370 4
56.104 128.981 336.779 7 29 16 370 4
56.104 128.981 336.779 8 29 16 370 4
56.104 128.981 336.779 9 29 16 370 4
56.104 128.981 336.779 10 29 16 370 4
56.104 128.981 336.779 11 29 16 370 4
56.104 128.981 336.779 12 29 16 370 4
78.893 80.950 10.071 13 29 16 9 1
56.104 128.981 336.779 14 29 16 370 4
310.793 62.326 319.158 15 29 16 255 1
263.224 143.945 132.045 16 29 16 373 4
263.224 143.945 132.045 17 29 16 373 4
263.224 143.945 132.045 18 29 16 373 4
263.224 143.945 132.045 19 29 16 373 4
169.438 41.541 231.666 20 29 16 312 2
169.438 41.541 231.666 21 29 16 312 2
161.462 85.464 158.065 22 29 16 406 1
94.576 72.414 253.803 23 29 16 431 4
94.576 72.414 253.803 24 29 16 431 4
94.576 72.414 253.803 25 29 16 431 4
94.576 72.414 253.803 26 29 16 431 4
94.576 72.414 253.803 27 29 16 431 4
94.576 72.414 253.803 28 29 16 431 4
94.576 72.414 253.803 29 29 16 431 4
94.576 72.414 253.803 30 29 16 431 4
10.289 127.489 100.586 1 30 16 130 1
10.289 127.489 100.586 2 30 16 130 1
2.277 116.274 29.883 3 30 16 234 1
52.994 67.433 141.195 4 30 16 299 2
52.994 67.433 141.195 5 30 16 299 2
56.104 128.981 336.779 6 30 16 370 4
56.104 128.981 336.779 7 30 16 370 4
56.104 128.981 336.779 8 30 16 370 4
258.683 34.138 49.438 9 30 16 223 1
258.683 34.138 49.438 10 30 16 223 1
195.385 132.524 115.228 11 30 16 194 1
56.104 128.981 336.779 12 30 16 370 4
78.893 80.950 10.071 13 30 16 9 1
310.793 62.326 319.158 14 30 16 255 1
310.793 62.326 319.158 15 30 16 255 1
293.422 118.862 344.087 16 30 16 307 2
263.224 143.945 132.045 17 30 16 373 4
6.442 50.566 282.474 18 30 16 32 1
6.442 50.566 282.474 19 30 16 32 1
263.224 143.945 132.045 20 30 16 373 4
169.438 41.541 231.666 21 30 16 312 2
161.462 85.464 158.065 22 30 16 406 1
94.576 72.414 253.803 23 30 16 431 4
94.576 72.414 253.803 24 30 16 431 4
94.576 72.414 253.803 25 30 16 431 4
94.576 72.414 253.803 26 30 16 431 4
94.576 72.414 253.803 27 30 16 431 4
94.576 72.414 253.803 28 30 16 431 4
94.576 72.414 253.803 29 30 16 431 4
94.576 72.414 253.803 30 30 16 431 4
