307.661 84.044 354.944 1 1 18 360 4
307.661 84.044 354.944 2 1 18 360 4
307.661 84.044 354.944 3 1 18 360 4
307.661 84.044 354.944 4 1 18 360 4
307.661 84.044 354.944 5 1 18 360 4
307.661 84.044 354.944 6 1 18 360 4
115.636 130.499 192.918 7 1 18 372 4
115.636 130.499 192.918 8 1 18 372 4
114.236 16.234 135.978 9 1 18 321 2
354.180 66.424 180.405 10 1 18 303 2
114.236 16.234 135.978 11 1 18 321 2
115.636 130.499 192.918 12 1 18 372 4
115.636 130.499 192.918 13 1 18 372 4
13.473 102.630 164.898 14 1 18 295 2
13.473 102.630 164.898 15 1 18 295 2
13.473 102.630 164.898 16 1 18 295 2
13.473 102.630 164.898 17 1 18 295 2
335.919 127.703 315.462 18 1 18 359 3
335.919 127.703 315.462 19 1 18 359 3
335.919 127.703 315.462 20 1 18 359 3
335.919 127.703 315.462 21 1 18 359 3
335.919 127.703 315.462 22 1 18 359 3
335.919 127.703 315.462 23 1 18 359 3
335.919 127.703 315.462 24 1 18 359 3
335.919 127.703 315.462 25 1 18 359 3
335.919 127.703 315.462 26 1 18 359 3
335.919 127.703 315.462 27 1 18 359 3
335.919 127.703 315.462 28 1 18 359 3
324.585 88.051 309.912 29 1 18 368 4
324.585 88.051 309.912 30 1 18 368 4
307.661 84.044 354.944 1 2 18 360 4
307.661 84.044 354.944 2 2 18 360 4
307.661 84.044 354.944 3 2 18 360 4
307.661 84.044 354.944 4 2 18 360 4
307.661 84.044 354.944 5 2 18 360 4
307.661 84.044 354.944 6 2 18 360 4
298.279 130.666 310.736 7 2 18 284 2
115.636 130.499 192.918 8 2 18 372 4
114.236 16.234 135.978 9 2 18 321 2
47.735 77.932 237.109 10 2 18 278 1
114.236 16.234 135.978 11 2 18 321 2
115.636 130.499 192.918 12 2 18 372 4
115.636 130.499 192.918 13 2 18 372 4
13.473 102.630 164.898 14 2 18 295 2
13.473 102.630 164.898 15 2 18 295 2
13.473 102.630 164.898 16 2 18 295 2
13.473 102.630 164.898 17 2 18 295 2
335.919 127.703 315.462 18 2 18 359 3
335.919 127.703 315.462 19 2 18 359 3
335.919 127.703 315.462 20 2 18 359 3
335.919 127.703 315.462 21 2 18 359 3
335.919 127.703 315.462 22 2 18 359 3
335.919 127.703 315.462 23 2 18 359 3
335.919 127.703 315.462 24 2 18 359 3
335.919 127.703 315.462 25 2 18 359 3
335.919 127.703 315.462 26 2 18 359 3
335.919 127.703 315.462 27 2 18 359 3
335.919 127.703 315.462 28 2 18 359 3
324.585 88.051 309.912 29 2 18 368 4
324.585 88.051 309.912 30 2 18 368 4
307.661 84.044 354.944 1 3 18 360 4
307.661 84.044 354.944 2 3 18 360 4
307.661 84.044 354.944 3 3 18 360 4
307.661 84.044 354.944 4 3 18 360 4
307.661 84.044 354.944 5 3 18 360 4
307.661 84.044 354.944 6 3 18 360 4
212.734 107.912 171.505 7 3 18 352 2
115.636 130.499 192.918 8 3 18 372 4
114.236 16.234 135.978 9 3 18 321 2
354.180 66.424 180.405 10 3 18 303 2
114.236 16.234 135.978 11 3 18 321 2
115.636 130.499 192.918 12 3 18 372 4
115.636 130.499 192.918 13 3 18 372 4
13.473 102.630 164.898 14 3 18 295 2
13.473 102.630 164.898 15 3 18 295 2
13.473 102.630 164.898 16 3 18 295 2
13.473 102.630 164.898 17 3 18 295 2
335.919 127.703 315.462 18 3 18 359 3
335.919 127.703 315.462 19 3 18 359 3
335.919 127.703 315.462 20 3 18 359 3
335.919 127.703 315.462 21 3 18 359 3
335.919 127.703 315.462 22 3 18 359 3
335.919 127.703 315.462 23 3 18 359 3
335.919 127.703 315.462 24 3 18 359 3
335.919 127.703 315.462 25 3 18 359 3
335.919 127.703 315.462 26 3 18 359 3
335.919 127.703 315.462 27 3 18 359 3
335.919 127.703 315.462 28 3 18 359 3
335.919 127.703 315.462 29 3 18 359 3
188.972 161.010 225.990 30 3 18 296 2
307.661 84.044 354.944 1 4 18 360 4
307.661 84.044 354.944 2 4 18 360 4
307.661 84.044 354.944 3 4 18 360 4
307.661 84.044 354.944 4 4 18 360 4
307.661 84.044 354.944 5 4 18 360 4
212.734 107.912 171.505 6 4 18 352 2
212.734 107.912 171.505 7 4 18 352 2
212.734 107.912 171.505 8 4 18 352 2
114.236 16.234 135.978 9 4 18 321 2
354.180 66.424 180.405 10 4 18 303 2
115.636 130.499 192.918 11 4 18 372 4
115.636 130.499 192.918 12 4 18 372 4
335.919 127.703 315.462 13 4 18 359 3
335.919 127.703 315.462 14 4 18 359 3
335.919 127.703 315.462 15 4 18 359 3
13.473 102.630 164.898 16 4 18 295 2
13.473 102.630 164.898 17 4 18 295 2
335.919 127.703 315.462 18 4 18 359 3
335.919 127.703 315.462 19 4 18 359 3
335.919 127.703 315.462 20 4 18 359 3
335.919 127.703 315.462 21 4 18 359 3
335.919 127.703 315.462 22 4 18 359 3
338.255 133.146 256.368 23 4 18 176 1
338.255 133.146 256.368 24 4 18 176 1
338.255 133.146 256.368 25 4 18 176 1
335.919 127.703 315.462 26 4 18 359 3
335.919 127.703 315.462 27 4 18 359 3
335.919 127.703 315.462 28 4 18 359 3
335.919 127.703 315.462 29 4 18 359 3
188.972 161.010 225.990 30 4 18 296 2
226.829 89.261 351.353 1 5 18 6 1
307.661 84.044 354.944 2 5 18 360 4
307.661 84.044 354.944 3 5 18 360 4
307.661 84.044 354.944 4 5 18 360 4
307.661 84.044 354.944 5 5 18 360 4
307.661 84.044 354.944 6 5 18 360 4
212.734 107.912 171.505 7 5 18 352 2
212.734 107.912 171.505 8 5 18 352 2
114.236 16.234 135.978 9 5 18 321 2
354.180 66.424 180.405 10 5 18 303 2
335.919 127.703 315.462 11 5 18 359 3
335.919 127.703 315.462 12 5 18 359 3
335.919 127.703 315.462 13 5 18 359 3
335.919 127.703 315.462 14 5 18 359 3
335.919 127.703 315.462 15 5 18 359 3
335.919 127.703 315.462 16 5 18 359 3
335.919 127.703 315.462 17 5 18 359 3
335.919 127.703 315.462 18 5 18 359 3
335.919 127.703 315.462 19 5 18 359 3
335.919 127.703 315.462 20 5 18 359 3
335.919 127.703 315.462 21 5 18 359 3
335.919 127.703 315.462 22 5 18 359 3
335.919 127.703 315.462 23 5 18 359 3
335.919 127.703 315.462 24 5 18 359 3
335.919 127.703 315.462 25 5 18 359 3
335.919 127.703 315.462 26 5 18 359 3
335.919 127.703 315.462 27 5 18 359 3
335.919 127.703 315.462 28 5 18 359 3
335.919 127.703 315.462 29 5 18 359 3
335.919 127.703 315.462 30 5 18 359 3
226.829 89.261 351.353 1 6 18 6 1
226.829 89.261 351.353 2 6 18 6 1
226.829 89.261 351.353 3 6 18 6 1
307.661 84.044 354.944 4 6 18 360 4
307.661 84.044 354.944 5 6 18 360 4
307.661 84.044 354.944 6 6 18 360 4
307.661 84.044 354.944 7 6 18 360 4
307.661 84.044 354.944 8 6 18 360 4
335.919 127.703 315.462 9 6 18 359 3
335.919 127.703 315.462 10 6 18 359 3
335.919 127.703 315.462 11 6 18 359 3
335.919 127.703 315.462 12 6 18 359 3
335.919 127.703 315.462 13 6 18 359 3
335.919 127.703 315.462 14 6 18 359 3
335.919 127.703 315.462 15 6 18 359 3
335.919 127.703 315.462 16 6 18 359 3
335.919 127.703 315.462 17 6 18 359 3
335.919 127.703 315.462 18 6 18 359 3
335.919 127.703 315.462 19 6 18 359 3
335.919 127.703 315.462 20 6 18 359 3
335.919 127.703 315.462 21 6 18 359 3
335.919 127.703 315.462 22 6 18 359 3
335.919 127.703 315.462 23 6 18 359 3
335.919 127.703 315.462 24 6 18 359 3
335.919 127.703 315.462 25 6 18 359 3
335.919 127.703 315.462 26 6 18 359 3
335.919 127.703 315.462 27 6 18 359 3
335.919 127.703 315.462 28 6 18 359 3
335.919 127.703 315.462 29 6 18 359 3
335.919 127.703 315.462 30 6 18 359 3
226.829 89.261 351.353 1 7 18 6 1
226.829 89.261 351.353 2 7 18 6 1
226.829 89.261 351.353 3 7 18 6 1
307.661 84.044 354.944 4 7 18 360 4
307.661 84.044 354.944 5 7 18 360 4
307.661 84.044 354.944 6 7 18 360 4
307.661 84.044 354.944 7 7 18 360 4
335.919 127.703 315.462 8 7 18 359 3
335.919 127.703 315.462 9 7 18 359 3
335.919 127.703 315.462 10 7 18 359 3
335.919 127.703 315.462 11 7 18 359 3
335.919 127.703 315.462 12 7 18 359 3
335.919 127.703 315.462 13 7 18 359 3
335.919 127.703 315.462 14 7 18 359 3
335.919 127.703 315.462 15 7 18 359 3
335.919 127.703 315.462 16 7 18 359 3
335.919 127.703 315.462 17 7 18 359 3
335.919 127.703 315.462 18 7 18 359 3
335.919 127.703 315.462 19 7 18 359 3
335.919 127.703 315.462 20 7 18 359 3
335.919 127.703 315.462 21 7 18 359 3
335.919 127.703 315.462 22 7 18 359 3
335.919 127.703 315.462 23 7 18 359 3
335.919 127.703 315.462 24 7 18 359 3
335.919 127.703 315.462 25 7 18 359 3
335.919 127.703 315.462 26 7 18 359 3
335.919 127.703 315.462 27 7 18 359 3
335.919 127.703 315.462 28 7 18 359 3
335.919 127.703 315.462 29 7 18 359 3
335.919 127.703 315.462 30 7 18 359 3
292.530 110.764 233.753 1 8 18 369 4
292.530 110.764 233.753 2 8 18 369 4
292.530 110.764 233.753 3 8 18 369 4
206.408 151.245 37.683 4 8 18 290 2
206.408 151.245 37.683 5 8 18 290 2
307.661 84.044 354.944 6 8 18 360 4
335.919 127.703 315.462 7 8 18 359 3
335.919 127.703 315.462 8 8 18 359 3
335.919 127.703 315.462 9 8 18 359 3
335.919 127.703 315.462 10 8 18 359 3
335.919 127.703 315.462 11 8 18 359 3
335.919 127.703 315.462 12 8 18 359 3
335.919 127.703 315.462 13 8 18 359 3
335.919 127.703 315.462 14 8 18 359 3
335.919 127.703 315.462 15 8 18 359 3
335.919 127.703 315.462 16 8 18 359 3
335.919 127.703 315.462 17 8 18 359 3
335.919 127.703 315.462 18 8 18 359 3
335.919 127.703 315.462 19 8 18 359 3
335.919 127.703 315.462 20 8 18 359 3
335.919 127.703 315.462 21 8 18 359 3
335.919 127.703 315.462 22 8 18 359 3
335.919 127.703 315.462 23 8 18 359 3
335.919 127.703 315.462 24 8 18 359 3
335.919 127.703 315.462 25 8 18 359 3
335.919 127.703 315.462 26 8 18 359 3
335.919 127.703 315.462 27 8 18 359 3
335.919 127.703 315.462 28 8 18 359 3
335.919 127.703 315.462 29 8 18 359 3
335.919 127.703 315.462 30 8 18 359 3
292.530 110.764 233.753 1 9 18 369 4
292.530 110.764 233.753 2 9 18 369 4
292.530 110.764 233.753 3 9 18 369 4
292.530 110.764 233.753 4 9 18 369 4
292.530 110.764 233.753 5 9 18 369 4
335.919 127.703 315.462 6 9 18 359 3
335.919 127.703 315.462 7 9 18 359 3
335.919 127.703 315.462 8 9 18 359 3
335.919 127.703 315.462 9 9 18 359 3
335.919 127.703 315.462 10 9 18 359 3
335.919 127.703 315.462 11 9 18 359 3
335.919 127.703 315.462 12 9 18 359 3
335.919 127.703 315.462 13 9 18 359 3
335.919 127.703 315.462 14 9 18 359 3
335.919 127.703 315.462 15 9 18 359 3
335.919 127.703 315.462 16 9 18 359 3
335.919 127.703 315.462 17 9 18 359 3
335.919 127.703 315.462 18 9 18 359 3
335.919 127.703 315.462 19 9 18 359 3
335.919 127.703 315.462 20 9 18 359 3
335.919 127.703 315.462 21 9 18 359 3
335.919 127.703 315.462 22 9 18 359 3
335.919 127.703 315.462 23 9 18 359 3
335.919 127.703 315.462 24 9 18 359 3
335.919 127.703 315.462 25 9 18 359 3
335.919 127.703 315.462 26 9 18 359 3
335.919 127.703 315.462 27 9 18 359 3
335.919 127.703 315.462 28 9 18 359 3
335.919 127.703 315.462 29 9 18 359 3
335.919 127.703 315.462 30 9 18 359 3
292.530 110.764 233.753 1 10 18 369 4
292.530 110.764 233.753 2 10 18 369 4
292.530 110.764 233.753 3 10 18 369 4
292.530 110.764 233.753 4 10 18 369 4
292.530 110.764 233.753 5 10 18 369 4
292.530 110.764 233.753 6 10 18 369 4
335.919 127.703 315.462 7 10 18 359 3
335.919 127.703 315.462 8 10 18 359 3
335.919 127.703 315.462 9 10 18 359 3
335.919 127.703 315.462 10 10 18 359 3
335.919 127.703 315.462 11 10 18 359 3
335.919 127.703 315.462 12 10 18 359 3
335.919 127.703 315.462 13 10 18 359 3
335.919 127.703 315.462 14 10 18 359 3
335.919 127.703 315.462 15 10 18 359 3
335.919 127.703 315.462 16 10 18 359 3
335.919 127.703 315.462 17 10 18 359 3
335.919 127.703 315.462 18 10 18 359 3
335.919 127.703 315.462 19 10 18 359 3
335.919 127.703 315.462 20 10 18 359 3
335.919 127.703 315.462 21 10 18 359 3
335.919 127.703 315.462 22 10 18 359 3
335.919 127.703 315.462 23 10 18 359 3
335.919 127.703 315.462 24 10 18 359 3
335.919 127.703 315.462 25 10 18 359 3
335.919 127.703 315.462 26 10 18 359 3
335.919 127.703 315.462 27 10 18 359 3
335.919 127.703 315.462 28 10 18 359 3
335.919 127.703 315.462 29 10 18 359 3
335.919 127.703 315.462 30 10 18 359 3
292.530 110.764 233.753 1 11 18 369 4
292.530 110.764 233.753 2 11 18 369 4
292.530 110.764 233.753 3 11 18 369 4
292.530 110.764 233.753 4 11 18 369 4
292.530 110.764 233.753 5 11 18 369 4
292.530 110.764 233.753 6 11 18 369 4
335.919 127.703 315.462 7 11 18 359 3
335.919 127.703 315.462 8 11 18 359 3
335.919 127.703 315.462 9 11 18 359 3
335.919 127.703 315.462 10 11 18 359 3
335.919 127.703 315.462 11 11 18 359 3
335.919 127.703 315.462 12 11 18 359 3
335.919 127.703 315.462 13 11 18 359 3
335.919 127.703 315.462 14 11 18 359 3
335.919 127.703 315.462 15 11 18 359 3
335.919 127.703 315.462 16 11 18 359 3
335.919 127.703 315.462 17 11 18 359 3
335.919 127.703 315.462 18 11 18 359 3
335.919 127.703 315.462 19 11 18 359 3
335.919 127.703 315.462 20 11 18 359 3
335.919 127.703 315.462 21 11 18 359 3
335.919 127.703 315.462 22 11 18 359 3
335.919 127.703 315.462 23 11 18 359 3
335.919 127.703 315.462 24 11 18 359 3
335.919 127.703 315.462 25 11 18 359 3
335.919 127.703 315.462 26 11 18 359 3
335.919 127.703 315.462 27 11 18 359 3
335.919 127.703 315.462 28 11 18 359 3
335.919 127.703 315.462 29 11 18 359 3
335.919 127.703 315.462 30 11 18 359 3
292.530 110.764 233.753 1 12 18 369 4
292.530 110.764 233.753 2 12 18 369 4
292.530 110.764 233.753 3 12 18 369 4
292.530 110.764 233.753 4 12 18 369 4
292.530 110.764 233.753 5 12 18 369 4
292.530 110.764 233.753 6 12 18 369 4
335.919 127.703 315.462 7 12 18 359 3
335.919 127.703 315.462 8 12 18 359 3
335.919 127.703 315.462 9 12 18 359 3
335.919 127.703 315.462 10 12 18 359 3
335.919 127.703 315.462 11 12 18 359 3
335.919 127.703 315.462 12 12 18 359 3
335.919 127.703 315.462 13 12 18 359 3
335.919 127.703 315.462 14 12 18 359 3
335.919 127.703 315.462 15 12 18 359 3
335.919 127.703 315.462 16 12 18 359 3
335.919 127.703 315.462 17 12 18 359 3
335.919 127.703 315.462 18 12 18 359 3
335.919 127.703 315.462 19 12 18 359 3
335.919 127.703 315.462 20 12 18 359 3
335.919 127.703 315.462 21 12 18 359 3
335.919 127.703 315.462 22 12 18 359 3
335.919 127.703 315.462 23 12 18 359 3
335.919 127.703 315.462 24 12 18 359 3
335.919 127.703 315.462 25 12 18 359 3
335.919 127.703 315.462 26 12 18 359 3
335.919 127.703 315.462 27 12 18 359 3
335.919 127.703 315.462 28 12 18 359 3
335.919 127.703 315.462 29 12 18 359 3
335.919 127.703 315.462 30 12 18 359 3
292.530 110.764 233.753 1 13 18 369 4
292.530 110.764 233.753 2 13 18 369 4
292.530 110.764 233.753 3 13 18 369 4
292.530 110.764 233.753 4 13 18 369 4
292.530 110.764 233.753 5 13 18 369 4
292.530 110.764 233.753 6 13 18 369 4
335.919 127.703 315.462 7 13 18 359 3
335.919 127.703 315.462 8 13 18 359 3
335.919 127.703 315.462 9 13 18 359 3
335.919 127.703 315.462 10 13 18 359 3
335.919 127.703 315.462 11 13 18 359 3
335.919 127.703 315.462 12 13 18 359 3
335.919 127.703 315.462 13 13 18 359 3
335.919 127.703 315.462 14 13 18 359 3
335.919 127.703 315.462 15 13 18 359 3
335.919 127.703 315.462 16 13 18 359 3
335.919 127.703 315.462 17 13 18 359 3
335.919 127.703 315.462 18 13 18 359 3
335.919 127.703 315.462 19 13 18 359 3
335.919 127.703 315.462 20 13 18 359 3
335.919 127.703 315.462 21 13 18 359 3
335.919 127.703 315.462 22 13 18 359 3
335.919 127.703 315.462 23 13 18 359 3
335.919 127.703 315.462 24 13 18 359 3
335.919 127.703 315.462 25 13 18 359 3
335.919 127.703 315.462 26 13 18 359 3
335.919 127.703 315.462 27 13 18 359 3
335.919 127.703 315.462 28 13 18 359 3
335.919 127.703 315.462 29 13 18 359 3
335.919 127.703 315.462 30 13 18 359 3
292.530 110.764 233.753 1 14 18 369 4
292.530 110.764 233.753 2 14 18 369 4
292.530 110.764 233.753 3 14 18 369 4
292.530 110.764 233.753 4 14 18 369 4
292.530 110.764 233.753 5 14 18 369 4
292.530 110.764 233.753 6 14 18 369 4
335.919 127.703 315.462 7 14 18 359 3
335.919 127.703 315.462 8 14 18 359 3
335.919 127.703 315.462 9 14 18 359 3
335.919 127.703 315.462 10 14 18 359 3
335.919 127.703 315.462 11 14 18 359 3
335.919 127.703 315.462 12 14 18 359 3
335.919 127.703 315.462 13 14 18 359 3
335.919 127.703 315.462 14 14 18 359 3
335.919 127.703 315.462 15 14 18 359 3
335.919 127.703 315.462 16 14 18 359 3
335.919 127.703 315.462 17 14 18 359 3
335.919 127.703 315.462 18 14 18 359 3
335.919 127.703 315.462 19 14 18 359 3
335.919 127.703 315.462 20 14 18 359 3
335.919 127.703 315.462 21 14 18 359 3
335.919 127.703 315.462 22 14 18 359 3
335.919 127.703 315.462 23 14 18 359 3
335.919 127.703 315.462 24 14 18 359 3
335.919 127.703 315.462 25 14 18 359 3
37.548 63.912 78.763 26 14 18 427 2
335.919 127.703 315.462 27 14 18 359 3
335.919 127.703 315.462 28 14 18 359 3
335.919 127.703 315.462 29 14 18 359 3
335.919 127.703 315.462 30 14 18 359 3
292.530 110.764 233.753 1 15 18 369 4
292.530 110.764 233.753 2 15 18 369 4
292.530 110.764 233.753 3 15 18 369 4
292.530 110.764 233.753 4 15 18 369 4
292.530 110.764 233.753 5 15 18 369 4
292.530 110.764 233.753 6 15 18 369 4
335.919 127.703 315.462 7 15 18 359 3
335.919 127.703 315.462 8 15 18 359 3
335.919 127.703 315.462 9 15 18 359 3
335.919 127.703 315.462 10 15 18 359 3
335.919 127.703 315.462 11 15 18 359 3
335.919 127.703 315.462 12 15 18 359 3
335.919 127.703 315.462 13 15 18 359 3
335.919 127.703 315.462 14 15 18 359 3
335.919 127.703 315.462 15 15 18 359 3
335.919 127.703 315.462 16 15 18 359 3
335.919 127.703 315.462 17 15 18 359 3
335.919 127.703 315.462 18 15 18 359 3
335.919 127.703 315.462 19 15 18 359 3
335.919 127.703 315.462 20 15 18 359 3
335.919 127.703 315.462 21 15 18 359 3
335.919 127.703 315.462 22 15 18 359 3
335.919 127.703 315.462 23 15 18 359 3
335.919 127.703 315.462 24 15 18 359 3
335.919 127.703 315.462 25 15 18 359 3
335.919 127.703 315.462 26 15 18 359 3
335.919 127.703 315.462 27 15 18 359 3
335.919 127.703 315.462 28 15 18 359 3
335.919 127.703 315.462 29 15 18 359 3
335.919 127.703 315.462 30 15 18 359 3
292.530 110.764 233.753 1 16 18 369 4
292.530 110.764 233.753 2 16 18 369 4
292.530 110.764 233.753 3 16 18 369 4
292.530 110.764 233.753 4 16 18 369 4
292.530 110.764 233.753 5 16 18 369 4
292.530 110.764 233.753 6 16 18 369 4
335.919 127.703 315.462 7 16 18 359 3
335.919 127.703 315.462 8 16 18 359 3
335.919 127.703 315.462 9 16 18 359 3
335.919 127.703 315.462 10 16 18 359 3
335.919 127.703 315.462 11 16 18 359 3
335.919 127.703 315.462 12 16 18 359 3
335.919 127.703 315.462 13 16 18 359 3
335.919 127.703 315.462 14 16 18 359 3
335.919 127.703 315.462 15 16 18 359 3
335.919 127.703 315.462 16 16 18 359 3
335.919 127.703 315.462 17 16 18 359 3
335.919 127.703 315.462 18 16 18 359 3
335.919 127.703 315.462 19 16 18 359 3
335.919 127.703 315.462 20 16 18 359 3
335.919 127.703 315.462 21 16 18 359 3
335.919 127.703 315.462 22 16 18 359 3
335.919 127.703 315.462 23 16 18 359 3
335.919 127.703 315.462 24 16 18 359 3
335.919 127.703 315.462 25 16 18 359 3
335.919 127.703 315.462 26 16 18 359 3
335.919 127.703 315.462 27 16 18 359 3
335.919 127.703 315.462 28 16 18 359 3
335.919 127.703 315.462 29 16 18 359 3
22.316 92.535 254.866 30 16 18 123 1
292.530 110.764 233.753 1 17 18 369 4
292.530 110.764 233.753 2 17 18 369 4
292.530 110.764 233.753 3 17 18 369 4
292.530 110.764 233.753 4 17 18 369 4
292.530 110.764 233.753 5 17 18 369 4
292.530 110.764 233.753 6 17 18 369 4
335.919 127.703 315.462 7 17 18 359 3
335.919 127.703 315.462 8 17 18 359 3
335.919 127.703 315.462 9 17 18 359 3
335.919 127.703 315.462 10 17 18 359 3
335.919 127.703 315.462 11 17 18 359 3
335.919 127.703 315.462 12 17 18 359 3
335.919 127.703 315.462 13 17 18 359 3
335.919 127.703 315.462 14 17 18 359 3
335.919 127.703 315.462 15 17 18 359 3
335.919 127.703 315.462 16 17 18 359 3
335.919 127.703 315.462 17 17 18 359 3
335.919 127.703 315.462 18 17 18 359 3
335.919 127.703 315.462 19 17 18 359 3
335.919 127.703 315.462 20 17 18 359 3
335.919 127.703 315.462 21 17 18 359 3
335.919 127.703 315.462 22 17 18 359 3
335.919 127.703 315.462 23 17 18 359 3
335.919 127.703 315.462 24 17 18 359 3
335.919 127.703 315.462 25 17 18 359 3
335.919 127.703 315.462 26 17 18 359 3
335.919 127.703 315.462 27 17 18 359 3
335.919 127.703 315.462 28 17 18 359 3
335.919 127.703 315.462 29 17 18 359 3
335.919 127.703 315.462 30 17 18 359 3
292.530 110.764 233.753 1 18 18 369 4
292.530 110.764 233.753 2 18 18 369 4
292.530 110.764 233.753 3 18 18 369 4
292.530 110.764 233.753 4 18 18 369 4
292.530 110.764 233.753 5 18 18 369 4
292.530 110.764 233.753 6 18 18 369 4
335.919 127.703 315.462 7 18 18 359 3
335.919 127.703 315.462 8 18 18 359 3
335.919 127.703 315.462 9 18 18 359 3
335.919 127.703 315.462 10 18 18 359 3
335.919 127.703 315.462 11 18 18 359 3
335.919 127.703 315.462 12 18 18 359 3
335.919 127.703 315.462 13 18 18 359 3
335.919 127.703 315.462 14 18 18 359 3
335.919 127.703 315.462 15 18 18 359 3
335.919 127.703 315.462 16 18 18 359 3
335.919 127.703 315.462 17 18 18 359 3
335.919 127.703 315.462 18 18 18 359 3
335.919 127.703 315.462 19 18 18 359 3
335.919 127.703 315.462 20 18 18 359 3
335.919 127.703 315.462 21 18 18 359 3
335.919 127.703 315.462 22 18 18 359 3
335.919 127.703 315.462 23 18 18 359 3
335.919 127.703 315.462 24 18 18 359 3
335.919 127.703 315.462 25 18 18 359 3
335.919 127.703 315.462 26 18 18 359 3
335.919 127.703 315.462 27 18 18 359 3
335.919 127.703 315.462 28 18 18 359 3
335.919 127.703 315.462 29 18 18 359 3
335.919 127.703 315.462 30 18 18 359 3
138.563 59.158 88.275 1 19 18 367 4
138.563 59.158 88.275 2 19 18 367 4
138.563 59.158 88.275 3 19 18 367 4
138.563 59.158 88.275 4 19 18 367 4
292.530 110.764 233.753 5 19 18 369 4
292.530 110.764 233.753 6 19 18 369 4
335.919 127.703 315.462 7 19 18 359 3
335.919 127.703 315.462 8 19 18 359 3
335.919 127.703 315.462 9 19 18 359 3
335.919 127.703 315.462 10 19 18 359 3
335.919 127.703 315.462 11 19 18 359 3
335.919 127.703 315.462 12 19 18 359 3
335.919 127.703 315.462 13 19 18 359 3
335.919 127.703 315.462 14 19 18 359 3
335.919 127.703 315.462 15 19 18 359 3
335.919 127.703 315.462 16 19 18 359 3
335.919 127.703 315.462 17 19 18 359 3
335.919 127.703 315.462 18 19 18 359 3
335.919 127.703 315.462 19 19 18 359 3
335.919 127.703 315.462 20 19 18 359 3
335.919 127.703 315.462 21 19 18 359 3
335.919 127.703 315.462 22 19 18 359 3
335.919 127.703 315.462 23 19 18 359 3
335.919 127.703 315.462 24 19 18 359 3
335.919 127.703 315.462 25 19 18 359 3
335.919 127.703 315.462 26 19 18 359 3
335.919 127.703 315.462 27 19 18 359 3
335.919 127.703 315.462 28 19 18 359 3
335.919 127.703 315.462 29 19 18 359 3
335.919 127.703 315.462 30 19 18 359 3
138.563 59.158 88.275 1 20 18 367 4
138.563 59.158 88.275 2 20 18 367 4
138.563 59.158 88.275 3 20 18 367 4
138.563 59.158 88.275 4 20 18 367 4
138.563 59.158 88.275 5 20 18 367 4
138.563 59.158 88.275 6 20 18 367 4
56.104 128.981 336.779 7 20 18 370 4
335.919 127.703 315.462 8 20 18 359 3
335.919 127.703 315.462 9 20 18 359 3
335.919 127.703 315.462 10 20 18 359 3
335.919 127.703 315.462 11 20 18 359 3
335.919 127.703 315.462 12 20 18 359 3
335.919 127.703 315.462 13 20 18 359 3
335.919 127.703 315.462 14 20 18 359 3
335.919 127.703 315.462 15 20 18 359 3
335.919 127.703 315.462 16 20 18 359 3
335.919 127.703 315.462 17 20 18 359 3
335.919 127.703 315.462 18 20 18 359 3
335.919 127.703 315.462 19 20 18 359 3
335.919 127.703 315.462 20 20 18 359 3
335.919 127.703 315.462 21 20 18 359 3
52.982 31.193 1.628 22 20 18 355 2
335.919 127.703 315.462 23 20 18 359 3
335.919 127.703 315.462 24 20 18 359 3
335.919 127.703 315.462 25 20 18 359 3
335.919 127.703 315.462 26 20 18 359 3
335.919 127.703 315.462 27 20 18 359 3
335.919 127.703 315.462 28 20 18 359 3
335.919 127.703 315.462 29 20 18 359 3
335.919 127.703 315.462 30 20 18 359 3
138.563 59.158 88.275 1 21 18 367 4
138.563 59.158 88.275 2 21 18 367 4
138.563 59.158 88.275 3 21 18 367 4
138.563 59.158 88.275 4 21 18 367 4
138.563 59.158 88.275 5 21 18 367 4
138.563 59.158 88.275 6 21 18 367 4
164.756 36.665 37.233 7 21 18 426 2
56.104 128.981 336.779 8 21 18 370 4
56.104 128.981 336.779 9 21 18 370 4
335.919 127.703 315.462 10 21 18 359 3
335.919 127.703 315.462 11 21 18 359 3
335.919 127.703 315.462 12 21 18 359 3
335.919 127.703 315.462 13 21 18 359 3
335.919 127.703 315.462 14 21 18 359 3
335.919 127.703 315.462 15 21 18 359 3
335.919 127.703 315.462 16 21 18 359 3
335.919 127.703 315.462 17 21 18 359 3
335.919 127.703 315.462 18 21 18 359 3
335.919 127.703 315.462 19 21 18 359 3
335.919 127.703 315.462 20 21 18 359 3
335.919 127.703 315.462 21 21 18 359 3
335.919 127.703 315.462 22 21 18 359 3
335.919 127.703 315.462 23 21 18 359 3
335.919 127.703 315.462 24 21 18 359 3
335.919 127.703 315.462 25 21 18 359 3
335.919 127.703 315.462 26 21 18 359 3
335.919 127.703 315.462 27 21 18 359 3
335.919 127.703 315.462 28 21 18 359 3
335.919 127.703 315.462 29 21 18 359 3
335.919 127.703 315.462 30 21 18 359 3
138.563 59.158 88.275 1 22 18 367 4
138.563 59.158 88.275 2 22 18 367 4
138.563 59.158 88.275 3 22 18 367 4
138.563 59.158 88.275 4 22 18 367 4
138.563 59.158 88.275 5 22 18 367 4
164.756 36.665 37.233 6 22 18 426 2
164.756 36.665 37.233 7 22 18 426 2
164.756 36.665 37.233 8 22 18 426 2
164.756 36.665 37.233 9 22 18 426 2
164.756 36.665 37.233 10 22 18 426 2
335.919 127.703 315.462 11 22 18 359 3
335.919 127.703 315.462 12 22 18 359 3
335.919 127.703 315.462 13 22 18 359 3
335.919 127.703 315.462 14 22 18 359 3
335.919 127.703 315.462 15 22 18 359 3
335.919 127.703 315.462 16 22 18 359 3
335.919 127.703 315.462 17 22 18 359 3
335.919 127.703 315.462 18 22 18 359 3
335.919 127.703 315.462 19 22 18 359 3
335.919 127.703 315.462 20 22 18 359 3
335.919 127.703 315.462 21 22 18 359 3
335.919 127.703 315.462 22 22 18 359 3
335.919 127.703 315.462 23 22 18 359 3
335.919 127.703 315.462 24 22 18 359 3
335.919 127.703 315.462 25 22 18 359 3
28.342 104.846 179.161 26 22 18 22 1
335.919 127.703 315.462 27 22 18 359 3
335.919 127.703 315.462 28 22 18 359 3
335.919 127.703 315.462 29 22 18 359 3
335.919 127.703 315.462 30 22 18 359 3
138.563 59.158 88.275 1 23 18 367 4
138.563 59.158 88.275 2 23 18 367 4
138.563 59.158 88.275 3 23 18 367 4
138.563 59.158 88.275 4 23 18 367 4
138.563 59.158 88.275 5 23 18 367 4
164.756 36.665 37.233 6 23 18 426 2
164.756 36.665 37.233 7 23 18 426 2
164.756 36.665 37.233 8 23 18 426 2
164.756 36.665 37.233 9 23 18 426 2
164.756 36.665 37.233 10 23 18 426 2
263.224 143.945 132.045 11 23 18 373 4
263.224 143.945 132.045 12 23 18 373 4
263.224 143.945 132.045 13 23 18 373 4
263.224 143.945 132.045 14 23 18 373 4
335.919 127.703 315.462 15 23 18 359 3
335.919 127.703 315.462 16 23 18 359 3
335.919 127.703 315.462 17 23 18 359 3
335.919 127.703 315.462 18 23 18 359 3
335.919 127.703 315.462 19 23 18 359 3
335.919 127.703 315.462 20 23 18 359 3
335.919 127.703 315.462 21 23 18 359 3
335.919 127.703 315.462 22 23 18 359 3
335.919 127.703 315.462 23 23 18 359 3
335.919 127.703 315.462 24 23 18 359 3
335.919 127.703 315.462 25 23 18 359 3
335.919 127.703 315.462 26 23 18 359 3
335.919 127.703 315.462 27 23 18 359 3
335.919 127.703 315.462 28 23 18 359 3
335.919 127.703 315.462 29 23 18 359 3
335.919 127.703 315.462 30 23 18 359 3
138.563 59.158 88.275 1 24 18 367 4
138.563 59.158 88.275 2 24 18 367 4
138.563 59.158 88.275 3 24 18 367 4
138.563 59.158 88.275 4 24 18 367 4
138.563 59.158 88.275 5 24 18 367 4
164.756 36.665 37.233 6 24 18 426 2
164.756 36.665 37.233 7 24 18 426 2
201.616 148.595 240.096 8 24 18 341 2
164.756 36.665 37.233 9 24 18 426 2
164.756 36.665 37.233 10 24 18 426 2
263.224 143.945 132.045 11 24 18 373 4
263.224 143.945 132.045 12 24 18 373 4
263.224 143.945 132.045 13 24 18 373 4
263.224 143.945 132.045 14 24 18 373 4
263.224 143.945 132.045 15 24 18 373 4
263.224 143.945 132.045 16 24 18 373 4
36.705 90.137 295.270 17 24 18 209 1
36.705 90.137 295.270 18 24 18 209 1
335.919 127.703 315.462 19 24 18 359 3
335.919 127.703 315.462 20 24 18 359 3
335.919 127.703 315.462 21 24 18 359 3
335.919 127.703 315.462 22 24 18 359 3
335.919 127.703 315.462 23 24 18 359 3
94.576 72.414 253.803 24 24 18 431 4
94.576 72.414 253.803 25 24 18 431 4
94.576 72.414 253.803 26 24 18 431 4
94.576 72.414 253.803 27 24 18 431 4
335.919 127.703 315.462 28 24 18 359 3
335.919 127.703 315.462 29 24 18 359 3
335.919 127.703 315.462 30 24 18 359 3
138.563 59.158 88.275 1 25 18 367 4
138.563 59.158 88.275 2 25 18 367 4
138.563 59.158 88.275 3 25 18 367 4
138.563 59.158 88.275 4 25 18 367 4
138.563 59.158 88.275 5 25 18 367 4
164.756 36.665 37.233 6 25 18 426 2
164.756 36.665 37.233 7 25 18 426 2
164.756 36.665 37.233 8 25 18 426 2
164.756 36.665 37.233 9 25 18 426 2
164.756 36.665 37.233 10 25 18 426 2
263.224 143.945 132.045 11 25 18 373 4
94.204 78.498 96.529 12 25 18 333 2
263.224 143.945 132.045 13 25 18 373 4
263.224 143.945 132.045 14 25 18 373 4
263.224 143.945 132.045 15 25 18 373 4
263.224 143.945 132.045 16 25 18 373 4
36.705 90.137 295.270 17 25 18 209 1
36.705 90.137 295.270 18 25 18 209 1
36.705 90.137 295.270 19 25 18 209 1
169.438 41.541 231.666 20 25 18 312 2
335.919 127.703 315.462 21 25 18 359 3
335.919 127.703 315.462 22 25 18 359 3
94.576 72.414 253.803 23 25 18 431 4
94.576 72.414 253.803 24 25 18 431 4
94.576 72.414 253.803 25 25 18 431 4
94.576 72.414 253.803 26 25 18 431 4
94.576 72.414 253.803 27 25 18 431 4
94.576 72.414 253.803 28 25 18 431 4
94.576 72.414 253.803 29 25 18 431 4
335.919 127.703 315.462 30 25 18 359 3
138.563 59.158 88.275 1 26 18 367 4
138.563 59.158 88.275 2 26 18 367 4
138.563 59.158 88.275 3 26 18 367 4
138.563 59.158 88.275 4 26 18 367 4
138.563 59.158 88.275 5 26 18 367 4
164.756 36.665 37.233 6 26 18 426 2
56.104 128.981 336.779 7 26 18 370 4
56.104 128.981 336.779 8 26 18 370 4
56.104 128.981 336.779 9 26 18 370 4
56.104 128.981 336.779 10 26 18 370 4
263.224 143.945 132.045 11 26 18 373 4
94.204 78.498 96.529 12 26 18 333 2
263.224 143.945 132.045 13 26 18 373 4
263.224 143.945 132.045 14 26 18 373 4
263.224 143.945 132.045 15 26 18 373 4
302.504 64.554 345.400 16 26 18 155 1
263.224 143.945 132.045 17 26 18 373 4
263.224 143.945 132.045 18 26 18 373 4
169.438 41.541 231.666 19 26 18 312 2
169.438 41.541 231.666 20 26 18 312 2
169.438 41.541 231.666 21 26 18 312 2
94.576 72.414 253.803 22 26 18 431 4
94.576 72.414 253.803 23 26 18 431 4
94.576 72.414 253.803 24 26 18 431 4
94.576 72.414 253.803 25 26 18 431 4
94.576 72.414 253.803 26 26 18 431 4
94.576 72.414 253.803 27 26 18 431 4
94.576 72.414 253.803 28 26 18 431 4
94.576 72.414 253.803 29 26 18 431 4
94.576 72.414 253.803 30 26 18 431 4
138.563 59.158 88.275 1 27 18 367 4
138.563 59.158 88.275 2 27 18 367 4
138.563 59.158 88.275 3 27 18 367 4
2.277 116.274 29.883 4 27 18 234 1
2.277 116.274 29.883 5 27 18 234 1
2.277 116.274 29.883 6 27 18 234 1
56.104 128.981 336.779 7 27 18 370 4
308.629 57.762 310.143 8 27 18 233 1
308.629 57.762 310.143 9 27 18 233 1
308.629 57.762 310.143 10 27 18 233 1
263.224 143.945 132.045 11 27 18 373 4
94.204 78.498 96.529 12 27 18 333 2
263.224 143.945 132.045 13 27 18 373 4
263.224 143.945 132.045 14 27 18 373 4
263.224 143.945 132.045 15 27 18 373 4
263.224 143.945 132.045 16 27 18 373 4
263.224 143.945 132.045 17 27 18 373 4
263.224 143.945 132.045 18 27 18 373 4
169.438 41.541 231.666 19 27 18 312 2
169.438 41.541 231.666 20 27 18 312 2
169.438 41.541 231.666 21 27 18 312 2
94.576 72.414 253.803 22 27 18 431 4
94.576 72.414 253.803 23 27 18 431 4
94.576 72.414 253.803 24 27 18 431 4
94.576 72.414 253.803 25 27 18 431 4
94.576 72.414 253.803 26 27 18 431 4
94.576 72.414 253.803 27 27 18 431 4
94.576 72.414 253.803 28 27 18 431 4
94.576 72.414 253.803 29 27 18 431 4
94.576 72.414 253.803 30 27 18 431 4
138.563 59.158 88.275 1 28 18 367 4
2.277 116.274 29.883 2 28 18 234 1
2.277 116.274 29.883 3 28 18 234 1
2.277 116.274 29.883 4 28 18 234 1
2.277 116.274 29.883 5 28 18 234 1
2.277 116.274 29.883 6 28 18 234 1
2.277 116.274 29.883 7 28 18 234 1
308.629 57.762 310.143 8 28 18 233 1
308.629 57.762 310.143 9 28 18 233 1
216.196 109.379 290.120 10 28 18 275 1
263.224 143.945 132.045 11 28 18 373 4
263.224 143.945 132.045 12 28 18 373 4
263.224 143.945 132.045 13 28 18 373 4
322.959 82.916 153.895 14 28 18 116 1
263.224 143.945 132.045 15 28 18 373 4
263.224 143.945 132.045 16 28 18 373 4
263.224 143.945 132.045 17 28 18 373 4
263.224 143.945 132.045 18 28 18 373 4
263.224 143.945 132.045 19 28 18 373 4
169.438 41.541 231.666 20 28 18 312 2
169.438 41.541 231.666 21 28 18 312 2
94.576 72.414 253.803 22 28 18 431 4
94.576 72.414 253.803 23 28 18 431 4
94.576 72.414 253.803 24 28 18 431 4
94.576 72.414 253.803 25 28 18 431 4
94.576 72.414 253.803 26 28 18 431 4
94.576 72.414 253.803 27 28 18 431 4
94.576 72.414 253.803 28 28 18 431 4
94.576 72.414 253.803 29 28 18 431 4
94.576 72.414 253.803 30 28 18 431 4
138.563 59.158 88.275 1 29 18 367 4
2.277 116.274 29.883 2 29 18 234 1
2.277 116.274 29.883 3 29 18 234 1
2.277 116.274 29.883 4 29 18 234 1
2.277 116.274 29.883 5 29 18 234 1
2.277 116.274 29.883 6 29 18 234 1
2.277 116.274 29.883 7 29 18 234 1
2.277 116.274 29.883 8 29 18 234 1
308.629 57.762 310.143 9 29 18 233 1
308.629 57.762 310.143 10 29 18 233 1
308.629 57.762 310.143 11 29 18 233 1
263.224 143.945 132.045 12 29 18 373 4
263.224 143.945 132.045 13 29 18 373 4
263.224 143.945 132.045 14 29 18 373 4
263.224 143.945 132.045 15 29 18 373 4
263.224 143.945 132.045 16 29 18 373 4
263.224 143.945 132.045 17 29 18 373 4
263.224 143.945 132.045 18 29 18 373 4
263.224 143.945 132.045 19 29 18 373 4
263.224 143.945 132.045 20 29 18 373 4
263.224 143.945 132.045 21 29 18 373 4
263.224 143.945 132.045 22 29 18 373 4
94.576 72.414 253.803 23 29 18 431 4
94.576 72.414 253.803 24 29 18 431 4
94.576 72.414 253.803 25 29 18 431 4
94.576 72.414 253.803 26 29 18 431 4
94.576 72.414 253.803 27 29 18 431 4
94.576 72.414 253.803 28 29 18 431 4
94.576 72.414 253.803 29 29 18 431 4
94.576 72.414 253.803 30 29 18 431 4
138.563 59.158 88.275 1 30 18 367 4
138.563 59.158 88.275 2 30 18 367 4
2.277 116.274 29.883 3 30 18 234 1
2.277 116.274 29.883 4 30 18 234 1
2.277 116.274 29.883 5 30 18 234 1
340.633 134.449 324.384 6 30 18 310 2
2.277 116.274 29.883 7 30 18 234 1
2.277 116.274 29.883 8 30 18 234 1
2.277 116.274 29.883 9 30 18 234 1
258.683 34.138 49.438 10 30 18 223 1
78.893 80.950 10.071 11 30 18 9 1
78.893 80.950 10.071 12 30 18 9 1
78.893 80.950 10.071 13 30 18 9 1
263.224 143.945 132.045 14 30 18 373 4
58.911 168.346 206.906 15 30 18 33 1
58.911 168.346 206.906 16 30 18 33 1
263.224 143.945 132.045 17 30 18 373 4
263.224 143.945 132.045 18 30 18 373 4
263.224 143.945 132.045 19 30 18 373 4
263.224 143.945 132.045 20 30 18 373 4
263.224 143.945 132.045 21 30 18 373 4
263.224 143.945 132.045 22 30 18 373 4
94.576 72.414 253.803 23 30 18 431 4
94.576 72.414 253.803 24 30 18 431 4
94.576 72.414 253.803 25 30 18 431 4
94.576 72.414 253.803 26 30 18 431 4
94.576 72.414 253.803 27 30 18 431 4
94.576 72.414 253.803 28 30 18 431 4
94.576 72.414 253.803 29 30 18 431 4
94.576 72.414 253.803 30 30 18 431 4
