261.124 153.561 106.740 1 1 28 411 2
261.124 153.561 106.740 2 1 28 411 2
261.124 153.561 106.740 3 1 28 411 2
261.124 153.561 106.740 4 1 28 411 2
247.958 86.562 350.001 5 1 28 11 1
247.958 86.562 350.001 6 1 28 11 1
114.740 103.559 144.376 7 1 28 378 1
115.636 130.499 192.918 8 1 28 372 4
115.636 130.499 192.918 9 1 28 372 4
115.636 130.499 192.918 10 1 28 372 4
115.636 130.499 192.918 11 1 28 372 4
115.636 130.499 192.918 12 1 28 372 4
115.636 130.499 192.918 13 1 28 372 4
115.636 130.499 192.918 14 1 28 372 4
115.636 130.499 192.918 15 1 28 372 4
115.636 130.499 192.918 16 1 28 372 4
115.636 130.499 192.918 17 1 28 372 4
115.636 130.499 192.918 18 1 28 372 4
9.908 105.350 297.213 19 1 28 365 4
9.908 105.350 297.213 20 1 28 365 4
9.908 105.350 297.213 21 1 28 365 4
9.908 105.350 297.213 22 1 28 365 4
9.908 105.350 297.213 23 1 28 365 4
9.908 105.350 297.213 24 1 28 365 4
9.908 105.350 297.213 25 1 28 365 4
9.908 105.350 297.213 26 1 28 365 4
9.908 105.350 297.213 27 1 28 365 4
324.585 88.051 309.912 28 1 28 368 4
324.585 88.051 309.912 29 1 28 368 4
324.585 88.051 309.912 30 1 28 368 4
261.124 153.561 106.740 1 2 28 411 2
261.124 153.561 106.740 2 2 28 411 2
261.124 153.561 106.740 3 2 28 411 2
261.124 153.561 106.740 4 2 28 411 2
247.958 86.562 350.001 5 2 28 11 1
247.958 86.562 350.001 6 2 28 11 1
114.740 103.559 144.376 7 2 28 378 1
65.803 93.027 243.969 8 2 28 1 1
115.636 130.499 192.918 9 2 28 372 4
115.636 130.499 192.918 10 2 28 372 4
115.636 130.499 192.918 11 2 28 372 4
115.636 130.499 192.918 12 2 28 372 4
115.636 130.499 192.918 13 2 28 372 4
115.636 130.499 192.918 14 2 28 372 4
115.636 130.499 192.918 15 2 28 372 4
115.636 130.499 192.918 16 2 28 372 4
115.636 130.499 192.918 17 2 28 372 4
222.324 55.126 252.794 18 2 28 126 1
9.908 105.350 297.213 19 2 28 365 4
9.908 105.350 297.213 20 2 28 365 4
9.908 105.350 297.213 21 2 28 365 4
9.908 105.350 297.213 22 2 28 365 4
9.908 105.350 297.213 23 2 28 365 4
9.908 105.350 297.213 24 2 28 365 4
9.908 105.350 297.213 25 2 28 365 4
9.908 105.350 297.213 26 2 28 365 4
9.908 105.350 297.213 27 2 28 365 4
324.585 88.051 309.912 28 2 28 368 4
324.585 88.051 309.912 29 2 28 368 4
324.585 88.051 309.912 30 2 28 368 4
305.297 58.385 318.948 1 3 28 124 1
261.124 153.561 106.740 2 3 28 411 2
261.124 153.561 106.740 3 3 28 411 2
261.124 153.561 106.740 4 3 28 411 2
247.958 86.562 350.001 5 3 28 11 1
219.912 118.115 331.755 6 3 28 81 1
65.803 93.027 243.969 7 3 28 1 1
65.803 93.027 243.969 8 3 28 1 1
65.803 93.027 243.969 9 3 28 1 1
115.636 130.499 192.918 10 3 28 372 4
115.636 130.499 192.918 11 3 28 372 4
115.636 130.499 192.918 12 3 28 372 4
115.636 130.499 192.918 13 3 28 372 4
115.636 130.499 192.918 14 3 28 372 4
115.636 130.499 192.918 15 3 28 372 4
115.636 130.499 192.918 16 3 28 372 4
222.324 55.126 252.794 17 3 28 126 1
222.324 55.126 252.794 18 3 28 126 1
9.908 105.350 297.213 19 3 28 365 4
9.908 105.350 297.213 20 3 28 365 4
9.908 105.350 297.213 21 3 28 365 4
9.908 105.350 297.213 22 3 28 365 4
9.908 105.350 297.213 23 3 28 365 4
9.908 105.350 297.213 24 3 28 365 4
9.908 105.350 297.213 25 3 28 365 4
9.908 105.350 297.213 26 3 28 365 4
9.908 105.350 297.213 27 3 28 365 4
9.908 105.350 297.213 28 3 28 365 4
324.585 88.051 309.912 29 3 28 368 4
324.585 88.051 309.912 30 3 28 368 4
305.297 58.385 318.948 1 4 28 124 1
261.124 153.561 106.740 2 4 28 411 2
261.124 153.561 106.740 3 4 28 411 2
261.124 153.561 106.740 4 4 28 411 2
261.124 153.561 106.740 5 4 28 411 2
219.912 118.115 331.755 6 4 28 81 1
65.803 93.027 243.969 7 4 28 1 1
65.803 93.027 243.969 8 4 28 1 1
38.027 53.376 20.923 9 4 28 364 4
38.027 53.376 20.923 10 4 28 364 4
38.027 53.376 20.923 11 4 28 364 4
115.636 130.499 192.918 12 4 28 372 4
115.636 130.499 192.918 13 4 28 372 4
115.636 130.499 192.918 14 4 28 372 4
115.636 130.499 192.918 15 4 28 372 4
115.636 130.499 192.918 16 4 28 372 4
222.324 55.126 252.794 17 4 28 126 1
304.609 156.389 327.226 18 4 28 329 2
304.609 156.389 327.226 19 4 28 329 2
304.609 156.389 327.226 20 4 28 329 2
9.908 105.350 297.213 21 4 28 365 4
9.908 105.350 297.213 22 4 28 365 4
9.908 105.350 297.213 23 4 28 365 4
9.908 105.350 297.213 24 4 28 365 4
9.908 105.350 297.213 25 4 28 365 4
9.908 105.350 297.213 26 4 28 365 4
9.908 105.350 297.213 27 4 28 365 4
9.908 105.350 297.213 28 4 28 365 4
324.585 88.051 309.912 29 4 28 368 4
324.585 88.051 309.912 30 4 28 368 4
345.651 133.939 50.069 1 5 28 139 1
345.651 133.939 50.069 2 5 28 139 1
345.651 133.939 50.069 3 5 28 139 1
261.124 153.561 106.740 4 5 28 411 2
14.650 139.236 21.319 5 5 28 297 2
219.912 118.115 331.755 6 5 28 81 1
38.027 53.376 20.923 7 5 28 364 4
38.027 53.376 20.923 8 5 28 364 4
38.027 53.376 20.923 9 5 28 364 4
38.027 53.376 20.923 10 5 28 364 4
38.027 53.376 20.923 11 5 28 364 4
38.027 53.376 20.923 12 5 28 364 4
38.027 53.376 20.923 13 5 28 364 4
115.636 130.499 192.918 14 5 28 372 4
115.636 130.499 192.918 15 5 28 372 4
115.636 130.499 192.918 16 5 28 372 4
304.609 156.389 327.226 17 5 28 329 2
304.609 156.389 327.226 18 5 28 329 2
304.609 156.389 327.226 19 5 28 329 2
304.609 156.389 327.226 20 5 28 329 2
9.908 105.350 297.213 21 5 28 365 4
9.908 105.350 297.213 22 5 28 365 4
9.908 105.350 297.213 23 5 28 365 4
9.908 105.350 297.213 24 5 28 365 4
9.908 105.350 297.213 25 5 28 365 4
9.908 105.350 297.213 26 5 28 365 4
9.908 105.350 297.213 27 5 28 365 4
109.251 113.490 151.974 28 5 28 301 2
109.251 113.490 151.974 29 5 28 301 2
109.251 113.490 151.974 30 5 28 301 2
345.651 133.939 50.069 1 6 28 139 1
345.651 133.939 50.069 2 6 28 139 1
345.651 133.939 50.069 3 6 28 139 1
345.651 133.939 50.069 4 6 28 139 1
14.650 139.236 21.319 5 6 28 297 2
14.650 139.236 21.319 6 6 28 297 2
38.027 53.376 20.923 7 6 28 364 4
38.027 53.376 20.923 8 6 28 364 4
38.027 53.376 20.923 9 6 28 364 4
38.027 53.376 20.923 10 6 28 364 4
38.027 53.376 20.923 11 6 28 364 4
38.027 53.376 20.923 12 6 28 364 4
38.027 53.376 20.923 13 6 28 364 4
115.636 130.499 192.918 14 6 28 372 4
115.636 130.499 192.918 15 6 28 372 4
227.916 81.322 275.442 16 6 28 354 2
304.609 156.389 327.226 17 6 28 329 2
304.609 156.389 327.226 18 6 28 329 2
304.609 156.389 327.226 19 6 28 329 2
304.609 156.389 327.226 20 6 28 329 2
142.182 129.510 40.105 21 6 28 48 1
142.182 129.510 40.105 22 6 28 48 1
9.908 105.350 297.213 23 6 28 365 4
9.908 105.350 297.213 24 6 28 365 4
9.908 105.350 297.213 25 6 28 365 4
9.908 105.350 297.213 26 6 28 365 4
109.251 113.490 151.974 27 6 28 301 2
109.251 113.490 151.974 28 6 28 301 2
109.251 113.490 151.974 29 6 28 301 2
322.373 69.087 127.184 30 6 28 291 2
345.651 133.939 50.069 1 7 28 139 1
345.651 133.939 50.069 2 7 28 139 1
345.651 133.939 50.069 3 7 28 139 1
345.651 133.939 50.069 4 7 28 139 1
14.650 139.236 21.319 5 7 28 297 2
14.650 139.236 21.319 6 7 28 297 2
38.027 53.376 20.923 7 7 28 364 4
38.027 53.376 20.923 8 7 28 364 4
38.027 53.376 20.923 9 7 28 364 4
38.027 53.376 20.923 10 7 28 364 4
38.027 53.376 20.923 11 7 28 364 4
38.027 53.376 20.923 12 7 28 364 4
38.027 53.376 20.923 13 7 28 364 4
38.027 53.376 20.923 14 7 28 364 4
227.916 81.322 275.442 15 7 28 354 2
227.916 81.322 275.442 16 7 28 354 2
304.609 156.389 327.226 17 7 28 329 2
304.609 156.389 327.226 18 7 28 329 2
142.182 129.510 40.105 19 7 28 48 1
142.182 129.510 40.105 20 7 28 48 1
142.182 129.510 40.105 21 7 28 48 1
142.182 129.510 40.105 22 7 28 48 1
142.182 129.510 40.105 23 7 28 48 1
339.633 136.648 10.487 24 7 28 37 1
339.633 136.648 10.487 25 7 28 37 1
109.251 113.490 151.974 26 7 28 301 2
109.251 113.490 151.974 27 7 28 301 2
109.251 113.490 151.974 28 7 28 301 2
109.251 113.490 151.974 29 7 28 301 2
322.373 69.087 127.184 30 7 28 291 2
345.651 133.939 50.069 1 8 28 139 1
345.651 133.939 50.069 2 8 28 139 1
345.651 133.939 50.069 3 8 28 139 1
345.651 133.939 50.069 4 8 28 139 1
14.650 139.236 21.319 5 8 28 297 2
38.027 53.376 20.923 6 8 28 364 4
38.027 53.376 20.923 7 8 28 364 4
38.027 53.376 20.923 8 8 28 364 4
38.027 53.376 20.923 9 8 28 364 4
38.027 53.376 20.923 10 8 28 364 4
38.027 53.376 20.923 11 8 28 364 4
38.027 53.376 20.923 12 8 28 364 4
38.027 53.376 20.923 13 8 28 364 4
143.401 26.747 65.859 14 8 28 361 4
227.916 81.322 275.442 15 8 28 354 2
227.916 81.322 275.442 16 8 28 354 2
227.916 81.322 275.442 17 8 28 354 2
142.182 129.510 40.105 18 8 28 48 1
142.182 129.510 40.105 19 8 28 48 1
142.182 129.510 40.105 20 8 28 48 1
142.182 129.510 40.105 21 8 28 48 1
142.182 129.510 40.105 22 8 28 48 1
142.182 129.510 40.105 23 8 28 48 1
339.633 136.648 10.487 24 8 28 37 1
339.633 136.648 10.487 25 8 28 37 1
109.251 113.490 151.974 26 8 28 301 2
109.251 113.490 151.974 27 8 28 301 2
109.251 113.490 151.974 28 8 28 301 2
28.137 115.265 2.434 29 8 28 173 1
28.137 115.265 2.434 30 8 28 173 1
345.651 133.939 50.069 1 9 28 139 1
345.651 133.939 50.069 2 9 28 139 1
345.651 133.939 50.069 3 9 28 139 1
345.651 133.939 50.069 4 9 28 139 1
143.401 26.747 65.859 5 9 28 361 4
143.401 26.747 65.859 6 9 28 361 4
143.401 26.747 65.859 7 9 28 361 4
143.401 26.747 65.859 8 9 28 361 4
143.401 26.747 65.859 9 9 28 361 4
143.401 26.747 65.859 10 9 28 361 4
143.401 26.747 65.859 11 9 28 361 4
143.401 26.747 65.859 12 9 28 361 4
143.401 26.747 65.859 13 9 28 361 4
143.401 26.747 65.859 14 9 28 361 4
143.401 26.747 65.859 15 9 28 361 4
143.401 26.747 65.859 16 9 28 361 4
143.401 26.747 65.859 17 9 28 361 4
142.182 129.510 40.105 18 9 28 48 1
142.182 129.510 40.105 19 9 28 48 1
142.182 129.510 40.105 20 9 28 48 1
142.182 129.510 40.105 21 9 28 48 1
142.182 129.510 40.105 22 9 28 48 1
142.182 129.510 40.105 23 9 28 48 1
339.633 136.648 10.487 24 9 28 37 1
339.633 136.648 10.487 25 9 28 37 1
28.137 115.265 2.434 26 9 28 173 1
28.137 115.265 2.434 27 9 28 173 1
28.137 115.265 2.434 28 9 28 173 1
28.137 115.265 2.434 29 9 28 173 1
28.137 115.265 2.434 30 9 28 173 1
345.651 133.939 50.069 1 10 28 139 1
345.651 133.939 50.069 2 10 28 139 1
345.651 133.939 50.069 3 10 28 139 1
143.401 26.747 65.859 4 10 28 361 4
143.401 26.747 65.859 5 10 28 361 4
143.401 26.747 65.859 6 10 28 361 4
143.401 26.747 65.859 7 10 28 361 4
143.401 26.747 65.859 8 10 28 361 4
143.401 26.747 65.859 9 10 28 361 4
143.401 26.747 65.859 10 10 28 361 4
143.401 26.747 65.859 11 10 28 361 4
143.401 26.747 65.859 12 10 28 361 4
143.401 26.747 65.859 13 10 28 361 4
143.401 26.747 65.859 14 10 28 361 4
143.401 26.747 65.859 15 10 28 361 4
143.401 26.747 65.859 16 10 28 361 4
143.401 26.747 65.859 17 10 28 361 4
142.182 129.510 40.105 18 10 28 48 1
142.182 129.510 40.105 19 10 28 48 1
142.182 129.510 40.105 20 10 28 48 1
142.182 129.510 40.105 21 10 28 48 1
142.182 129.510 40.105 22 10 28 48 1
335.919 127.703 315.462 23 10 28 359 3
335.919 127.703 315.462 24 10 28 359 3
335.919 127.703 315.462 25 10 28 359 3
335.919 127.703 315.462 26 10 28 359 3
28.137 115.265 2.434 27 10 28 173 1
28.137 115.265 2.434 28 10 28 173 1
28.137 115.265 2.434 29 10 28 173 1
202.315 124.129 325.052 30 10 28 243 1
345.651 133.939 50.069 1 11 28 139 1
345.651 133.939 50.069 2 11 28 139 1
345.651 133.939 50.069 3 11 28 139 1
143.401 26.747 65.859 4 11 28 361 4
143.401 26.747 65.859 5 11 28 361 4
143.401 26.747 65.859 6 11 28 361 4
143.401 26.747 65.859 7 11 28 361 4
143.401 26.747 65.859 8 11 28 361 4
143.401 26.747 65.859 9 11 28 361 4
143.401 26.747 65.859 10 11 28 361 4
143.401 26.747 65.859 11 11 28 361 4
143.401 26.747 65.859 12 11 28 361 4
143.401 26.747 65.859 13 11 28 361 4
143.401 26.747 65.859 14 11 28 361 4
143.401 26.747 65.859 15 11 28 361 4
143.401 26.747 65.859 16 11 28 361 4
143.401 26.747 65.859 17 11 28 361 4
335.919 127.703 315.462 18 11 28 359 3
335.919 127.703 315.462 19 11 28 359 3
335.919 127.703 315.462 20 11 28 359 3
335.919 127.703 315.462 21 11 28 359 3
335.919 127.703 315.462 22 11 28 359 3
335.919 127.703 315.462 23 11 28 359 3
335.919 127.703 315.462 24 11 28 359 3
335.919 127.703 315.462 25 11 28 359 3
335.919 127.703 315.462 26 11 28 359 3
335.919 127.703 315.462 27 11 28 359 3
335.919 127.703 315.462 28 11 28 359 3
335.919 127.703 315.462 29 11 28 359 3
40.113 154.249 147.578 30 11 28 63 1
335.007 113.116 30.084 1 12 28 75 1
335.007 113.116 30.084 2 12 28 75 1
335.007 113.116 30.084 3 12 28 75 1
143.401 26.747 65.859 4 12 28 361 4
143.401 26.747 65.859 5 12 28 361 4
143.401 26.747 65.859 6 12 28 361 4
143.401 26.747 65.859 7 12 28 361 4
143.401 26.747 65.859 8 12 28 361 4
143.401 26.747 65.859 9 12 28 361 4
143.401 26.747 65.859 10 12 28 361 4
143.401 26.747 65.859 11 12 28 361 4
143.401 26.747 65.859 12 12 28 361 4
143.401 26.747 65.859 13 12 28 361 4
143.401 26.747 65.859 14 12 28 361 4
143.401 26.747 65.859 15 12 28 361 4
143.401 26.747 65.859 16 12 28 361 4
143.401 26.747 65.859 17 12 28 361 4
335.919 127.703 315.462 18 12 28 359 3
335.919 127.703 315.462 19 12 28 359 3
335.919 127.703 315.462 20 12 28 359 3
102.833 55.506 19.300 21 12 28 273 1
102.833 55.506 19.300 22 12 28 273 1
335.919 127.703 315.462 23 12 28 359 3
335.919 127.703 315.462 24 12 28 359 3
335.919 127.703 315.462 25 12 28 359 3
335.919 127.703 315.462 26 12 28 359 3
335.919 127.703 315.462 27 12 28 359 3
335.919 127.703 315.462 28 12 28 359 3
335.919 127.703 315.462 29 12 28 359 3
335.919 127.703 315.462 30 12 28 359 3
335.007 113.116 30.084 1 13 28 75 1
335.007 113.116 30.084 2 13 28 75 1
335.007 113.116 30.084 3 13 28 75 1
143.401 26.747 65.859 4 13 28 361 4
143.401 26.747 65.859 5 13 28 361 4
143.401 26.747 65.859 6 13 28 361 4
143.401 26.747 65.859 7 13 28 361 4
143.401 26.747 65.859 8 13 28 361 4
143.401 26.747 65.859 9 13 28 361 4
143.401 26.747 65.859 10 13 28 361 4
143.401 26.747 65.859 11 13 28 361 4
143.401 26.747 65.859 12 13 28 361 4
143.401 26.747 65.859 13 13 28 361 4
143.401 26.747 65.859 14 13 28 361 4
143.401 26.747 65.859 15 13 28 361 4
143.401 26.747 65.859 16 13 28 361 4
335.919 127.703 315.462 17 13 28 359 3
335.919 127.703 315.462 18 13 28 359 3
335.919 127.703 315.462 19 13 28 359 3
335.919 127.703 315.462 20 13 28 359 3
335.919 127.703 315.462 21 13 28 359 3
335.919 127.703 315.462 22 13 28 359 3
335.919 127.703 315.462 23 13 28 359 3
335.919 127.703 315.462 24 13 28 359 3
335.919 127.703 315.462 25 13 28 359 3
335.919 127.703 315.462 26 13 28 359 3
335.919 127.703 315.462 27 13 28 359 3
335.919 127.703 315.462 28 13 28 359 3
335.919 127.703 315.462 29 13 28 359 3
335.919 127.703 315.462 30 13 28 359 3
335.007 113.116 30.084 1 14 28 75 1
150.313 67.676 232.139 2 14 28 330 2
150.313 67.676 232.139 3 14 28 330 2
150.313 67.676 232.139 4 14 28 330 2
28.403 46.662 242.922 5 14 28 184 1
143.401 26.747 65.859 6 14 28 361 4
143.401 26.747 65.859 7 14 28 361 4
143.401 26.747 65.859 8 14 28 361 4
143.401 26.747 65.859 9 14 28 361 4
143.401 26.747 65.859 10 14 28 361 4
143.401 26.747 65.859 11 14 28 361 4
143.401 26.747 65.859 12 14 28 361 4
143.401 26.747 65.859 13 14 28 361 4
143.401 26.747 65.859 14 14 28 361 4
143.401 26.747 65.859 15 14 28 361 4
335.919 127.703 315.462 16 14 28 359 3
335.919 127.703 315.462 17 14 28 359 3
335.919 127.703 315.462 18 14 28 359 3
335.919 127.703 315.462 19 14 28 359 3
335.919 127.703 315.462 20 14 28 359 3
335.919 127.703 315.462 21 14 28 359 3
335.919 127.703 315.462 22 14 28 359 3
335.919 127.703 315.462 23 14 28 359 3
335.919 127.703 315.462 24 14 28 359 3
335.919 127.703 315.462 25 14 28 359 3
335.919 127.703 315.462 26 14 28 359 3
335.919 127.703 315.462 27 14 28 359 3
335.919 127.703 315.462 28 14 28 359 3
335.919 127.703 315.462 29 14 28 359 3
335.919 127.703 315.462 30 14 28 359 3
150.313 67.676 232.139 1 15 28 330 2
150.313 67.676 232.139 2 15 28 330 2
150.313 67.676 232.139 3 15 28 330 2
150.313 67.676 232.139 4 15 28 330 2
28.403 46.662 242.922 5 15 28 184 1
28.403 46.662 242.922 6 15 28 184 1
341.363 137.357 213.692 7 15 28 264 1
341.363 137.357 213.692 8 15 28 264 1
341.363 137.357 213.692 9 15 28 264 1
143.401 26.747 65.859 10 15 28 361 4
143.401 26.747 65.859 11 15 28 361 4
143.401 26.747 65.859 12 15 28 361 4
335.919 127.703 315.462 13 15 28 359 3
335.919 127.703 315.462 14 15 28 359 3
335.919 127.703 315.462 15 15 28 359 3
335.919 127.703 315.462 16 15 28 359 3
335.919 127.703 315.462 17 15 28 359 3
335.919 127.703 315.462 18 15 28 359 3
335.919 127.703 315.462 19 15 28 359 3
335.919 127.703 315.462 20 15 28 359 3
335.919 127.703 315.462 21 15 28 359 3
335.919 127.703 315.462 22 15 28 359 3
335.919 127.703 315.462 23 15 28 359 3
335.919 127.703 315.462 24 15 28 359 3
335.919 127.703 315.462 25 15 28 359 3
335.919 127.703 315.462 26 15 28 359 3
335.919 127.703 315.462 27 15 28 359 3
335.919 127.703 315.462 28 15 28 359 3
335.919 127.703 315.462 29 15 28 359 3
335.919 127.703 315.462 30 15 28 359 3
150.313 67.676 232.139 1 16 28 330 2
150.313 67.676 232.139 2 16 28 330 2
150.313 67.676 232.139 3 16 28 330 2
150.313 67.676 232.139 4 16 28 330 2
28.403 46.662 242.922 5 16 28 184 1
341.363 137.357 213.692 6 16 28 264 1
341.363 137.357 213.692 7 16 28 264 1
350.063 47.616 56.318 8 16 28 228 1
341.363 137.357 213.692 9 16 28 264 1
341.363 137.357 213.692 10 16 28 264 1
335.919 127.703 315.462 11 16 28 359 3
335.919 127.703 315.462 12 16 28 359 3
335.919 127.703 315.462 13 16 28 359 3
335.919 127.703 315.462 14 16 28 359 3
335.919 127.703 315.462 15 16 28 359 3
335.919 127.703 315.462 16 16 28 359 3
335.919 127.703 315.462 17 16 28 359 3
335.919 127.703 315.462 18 16 28 359 3
335.919 127.703 315.462 19 16 28 359 3
335.919 127.703 315.462 20 16 28 359 3
335.919 127.703 315.462 21 16 28 359 3
335.919 127.703 315.462 22 16 28 359 3
335.919 127.703 315.462 23 16 28 359 3
335.919 127.703 315.462 24 16 28 359 3
335.919 127.703 315.462 25 16 28 359 3
335.919 127.703 315.462 26 16 28 359 3
335.919 127.703 315.462 27 16 28 359 3
301.820 53.149 98.842 28 16 28 111 1
335.919 127.703 315.462 29 16 28 359 3
335.919 127.703 315.462 30 16 28 359 3
150.313 67.676 232.139 1 17 28 330 2
150.313 67.676 232.139 2 17 28 330 2
150.313 67.676 232.139 3 17 28 330 2
150.313 67.676 232.139 4 17 28 330 2
341.363 137.357 213.692 5 17 28 264 1
341.363 137.357 213.692 6 17 28 264 1
341.363 137.357 213.692 7 17 28 264 1
341.363 137.357 213.692 8 17 28 264 1
341.363 137.357 213.692 9 17 28 264 1
341.363 137.357 213.692 10 17 28 264 1
335.919 127.703 315.462 11 17 28 359 3
335.919 127.703 315.462 12 17 28 359 3
335.919 127.703 315.462 13 17 28 359 3
335.919 127.703 315.462 14 17 28 359 3
335.919 127.703 315.462 15 17 28 359 3
335.919 127.703 315.462 16 17 28 359 3
335.919 127.703 315.462 17 17 28 359 3
335.919 127.703 315.462 18 17 28 359 3
335.919 127.703 315.462 19 17 28 359 3
335.919 127.703 315.462 20 17 28 359 3
335.919 127.703 315.462 21 17 28 359 3
335.919 127.703 315.462 22 17 28 359 3
335.919 127.703 315.462 23 17 28 359 3
335.919 127.703 315.462 24 17 28 359 3
335.919 127.703 315.462 25 17 28 359 3
335.919 127.703 315.462 26 17 28 359 3
335.919 127.703 315.462 27 17 28 359 3
335.919 127.703 315.462 28 17 28 359 3
335.919 127.703 315.462 29 17 28 359 3
335.919 127.703 315.462 30 17 28 359 3
150.313 67.676 232.139 1 18 28 330 2
150.313 67.676 232.139 2 18 28 330 2
135.504 130.074 242.405 3 18 28 83 1
135.504 130.074 242.405 4 18 28 83 1
135.504 130.074 242.405 5 18 28 83 1
341.363 137.357 213.692 6 18 28 264 1
341.363 137.357 213.692 7 18 28 264 1
341.363 137.357 213.692 8 18 28 264 1
62.827 34.211 285.858 9 18 28 235 1
62.827 34.211 285.858 10 18 28 235 1
335.919 127.703 315.462 11 18 28 359 3
335.919 127.703 315.462 12 18 28 359 3
335.919 127.703 315.462 13 18 28 359 3
335.919 127.703 315.462 14 18 28 359 3
335.919 127.703 315.462 15 18 28 359 3
335.919 127.703 315.462 16 18 28 359 3
335.919 127.703 315.462 17 18 28 359 3
335.919 127.703 315.462 18 18 28 359 3
335.919 127.703 315.462 19 18 28 359 3
335.919 127.703 315.462 20 18 28 359 3
335.919 127.703 315.462 21 18 28 359 3
335.919 127.703 315.462 22 18 28 359 3
335.919 127.703 315.462 23 18 28 359 3
335.919 127.703 315.462 24 18 28 359 3
335.919 127.703 315.462 25 18 28 359 3
335.919 127.703 315.462 26 18 28 359 3
335.919 127.703 315.462 27 18 28 359 3
335.919 127.703 315.462 28 18 28 359 3
335.919 127.703 315.462 29 18 28 359 3
335.919 127.703 315.462 30 18 28 359 3
150.313 67.676 232.139 1 19 28 330 2
150.313 67.676 232.139 2 19 28 330 2
150.313 67.676 232.139 3 19 28 330 2
150.313 67.676 232.139 4 19 28 330 2
156.041 101.540 135.953 5 19 28 154 1
156.041 101.540 135.953 6 19 28 154 1
156.041 101.540 135.953 7 19 28 154 1
156.041 101.540 135.953 8 19 28 154 1
156.041 101.540 135.953 9 19 28 154 1
156.041 101.540 135.953 10 19 28 154 1
156.041 101.540 135.953 11 19 28 154 1
335.919 127.703 315.462 12 19 28 359 3
335.919 127.703 315.462 13 19 28 359 3
335.919 127.703 315.462 14 19 28 359 3
335.919 127.703 315.462 15 19 28 359 3
335.919 127.703 315.462 16 19 28 359 3
335.919 127.703 315.462 17 19 28 359 3
335.919 127.703 315.462 18 19 28 359 3
335.919 127.703 315.462 19 19 28 359 3
335.919 127.703 315.462 20 19 28 359 3
335.919 127.703 315.462 21 19 28 359 3
335.919 127.703 315.462 22 19 28 359 3
335.919 127.703 315.462 23 19 28 359 3
335.919 127.703 315.462 24 19 28 359 3
335.919 127.703 315.462 25 19 28 359 3
335.919 127.703 315.462 26 19 28 359 3
335.919 127.703 315.462 27 19 28 359 3
335.919 127.703 315.462 28 19 28 359 3
335.919 127.703 315.462 29 19 28 359 3
335.919 127.703 315.462 30 19 28 359 3
150.313 67.676 232.139 1 20 28 330 2
150.313 67.676 232.139 2 20 28 330 2
150.313 67.676 232.139 3 20 28 330 2
189.608 72.736 54.510 4 20 28 353 2
189.608 72.736 54.510 5 20 28 353 2
156.041 101.540 135.953 6 20 28 154 1
156.041 101.540 135.953 7 20 28 154 1
156.041 101.540 135.953 8 20 28 154 1
156.041 101.540 135.953 9 20 28 154 1
156.041 101.540 135.953 10 20 28 154 1
156.041 101.540 135.953 11 20 28 154 1
335.919 127.703 315.462 12 20 28 359 3
335.919 127.703 315.462 13 20 28 359 3
335.919 127.703 315.462 14 20 28 359 3
335.919 127.703 315.462 15 20 28 359 3
335.919 127.703 315.462 16 20 28 359 3
335.919 127.703 315.462 17 20 28 359 3
335.919 127.703 315.462 18 20 28 359 3
335.919 127.703 315.462 19 20 28 359 3
335.919 127.703 315.462 20 20 28 359 3
335.919 127.703 315.462 21 20 28 359 3
335.919 127.703 315.462 22 20 28 359 3
335.919 127.703 315.462 23 20 28 359 3
335.919 127.703 315.462 24 20 28 359 3
335.919 127.703 315.462 25 20 28 359 3
335.919 127.703 315.462 26 20 28 359 3
335.919 127.703 315.462 27 20 28 359 3
335.919 127.703 315.462 28 20 28 359 3
335.919 127.703 315.462 29 20 28 359 3
320.501 52.355 253.892 30 20 28 203 1
150.313 67.676 232.139 1 21 28 330 2
150.313 67.676 232.139 2 21 28 330 2
150.313 67.676 232.139 3 21 28 330 2
189.608 72.736 54.510 4 21 28 353 2
189.608 72.736 54.510 5 21 28 353 2
156.041 101.540 135.953 6 21 28 154 1
156.041 101.540 135.953 7 21 28 154 1
156.041 101.540 135.953 8 21 28 154 1
156.041 101.540 135.953 9 21 28 154 1
156.041 101.540 135.953 10 21 28 154 1
156.041 101.540 135.953 11 21 28 154 1
335.919 127.703 315.462 12 21 28 359 3
335.919 127.703 315.462 13 21 28 359 3
335.919 127.703 315.462 14 21 28 359 3
335.919 127.703 315.462 15 21 28 359 3
335.919 127.703 315.462 16 21 28 359 3
335.919 127.703 315.462 17 21 28 359 3
335.919 127.703 315.462 18 21 28 359 3
335.919 127.703 315.462 19 21 28 359 3
335.919 127.703 315.462 20 21 28 359 3
335.919 127.703 315.462 21 21 28 359 3
335.919 127.703 315.462 22 21 28 359 3
335.919 127.703 315.462 23 21 28 359 3
335.919 127.703 315.462 24 21 28 359 3
335.919 127.703 315.462 25 21 28 359 3
335.919 127.703 315.462 26 21 28 359 3
335.919 127.703 315.462 27 21 28 359 3
335.919 127.703 315.462 28 21 28 359 3
335.919 127.703 315.462 29 21 28 359 3
335.919 127.703 315.462 30 21 28 359 3
150.313 67.676 232.139 1 22 28 330 2
150.313 67.676 232.139 2 22 28 330 2
189.608 72.736 54.510 3 22 28 353 2
189.608 72.736 54.510 4 22 28 353 2
189.608 72.736 54.510 5 22 28 353 2
189.608 72.736 54.510 6 22 28 353 2
156.041 101.540 135.953 7 22 28 154 1
156.041 101.540 135.953 8 22 28 154 1
156.041 101.540 135.953 9 22 28 154 1
156.041 101.540 135.953 10 22 28 154 1
156.041 101.540 135.953 11 22 28 154 1
335.919 127.703 315.462 12 22 28 359 3
335.919 127.703 315.462 13 22 28 359 3
335.919 127.703 315.462 14 22 28 359 3
335.919 127.703 315.462 15 22 28 359 3
335.919 127.703 315.462 16 22 28 359 3
335.919 127.703 315.462 17 22 28 359 3
335.919 127.703 315.462 18 22 28 359 3
335.919 127.703 315.462 19 22 28 359 3
335.919 127.703 315.462 20 22 28 359 3
335.919 127.703 315.462 21 22 28 359 3
335.919 127.703 315.462 22 22 28 359 3
335.919 127.703 315.462 23 22 28 359 3
335.919 127.703 315.462 24 22 28 359 3
335.919 127.703 315.462 25 22 28 359 3
335.919 127.703 315.462 26 22 28 359 3
335.919 127.703 315.462 27 22 28 359 3
335.919 127.703 315.462 28 22 28 359 3
335.919 127.703 315.462 29 22 28 359 3
335.919 127.703 315.462 30 22 28 359 3
355.074 102.280 9.119 1 23 28 384 1
355.074 102.280 9.119 2 23 28 384 1
355.074 102.280 9.119 3 23 28 384 1
189.608 72.736 54.510 4 23 28 353 2
189.608 72.736 54.510 5 23 28 353 2
189.608 72.736 54.510 6 23 28 353 2
189.608 72.736 54.510 7 23 28 353 2
41.261 86.203 349.100 8 23 28 94 1
156.041 101.540 135.953 9 23 28 154 1
353.741 158.968 157.293 10 23 28 363 4
353.741 158.968 157.293 11 23 28 363 4
353.741 158.968 157.293 12 23 28 363 4
335.919 127.703 315.462 13 23 28 359 3
335.919 127.703 315.462 14 23 28 359 3
335.919 127.703 315.462 15 23 28 359 3
335.919 127.703 315.462 16 23 28 359 3
335.919 127.703 315.462 17 23 28 359 3
335.919 127.703 315.462 18 23 28 359 3
335.919 127.703 315.462 19 23 28 359 3
335.919 127.703 315.462 20 23 28 359 3
335.919 127.703 315.462 21 23 28 359 3
335.919 127.703 315.462 22 23 28 359 3
335.919 127.703 315.462 23 23 28 359 3
335.919 127.703 315.462 24 23 28 359 3
335.919 127.703 315.462 25 23 28 359 3
335.919 127.703 315.462 26 23 28 359 3
335.919 127.703 315.462 27 23 28 359 3
335.919 127.703 315.462 28 23 28 359 3
335.919 127.703 315.462 29 23 28 359 3
335.919 127.703 315.462 30 23 28 359 3
355.074 102.280 9.119 1 24 28 384 1
355.074 102.280 9.119 2 24 28 384 1
355.074 102.280 9.119 3 24 28 384 1
355.074 102.280 9.119 4 24 28 384 1
189.608 72.736 54.510 5 24 28 353 2
189.608 72.736 54.510 6 24 28 353 2
334.843 125.045 340.586 7 24 28 401 1
334.843 125.045 340.586 8 24 28 401 1
353.741 158.968 157.293 9 24 28 363 4
353.741 158.968 157.293 10 24 28 363 4
353.741 158.968 157.293 11 24 28 363 4
353.741 158.968 157.293 12 24 28 363 4
353.741 158.968 157.293 13 24 28 363 4
335.919 127.703 315.462 14 24 28 359 3
335.919 127.703 315.462 15 24 28 359 3
335.919 127.703 315.462 16 24 28 359 3
335.919 127.703 315.462 17 24 28 359 3
335.919 127.703 315.462 18 24 28 359 3
335.919 127.703 315.462 19 24 28 359 3
335.919 127.703 315.462 20 24 28 359 3
335.919 127.703 315.462 21 24 28 359 3
335.919 127.703 315.462 22 24 28 359 3
335.919 127.703 315.462 23 24 28 359 3
335.919 127.703 315.462 24 24 28 359 3
335.919 127.703 315.462 25 24 28 359 3
335.919 127.703 315.462 26 24 28 359 3
335.919 127.703 315.462 27 24 28 359 3
335.919 127.703 315.462 28 24 28 359 3
335.919 127.703 315.462 29 24 28 359 3
250.293 148.266 78.130 30 24 28 416 2
185.485 42.812 192.973 1 25 28 374 4
185.485 42.812 192.973 2 25 28 374 4
185.485 42.812 192.973 3 25 28 374 4
185.485 42.812 192.973 4 25 28 374 4
185.485 42.812 192.973 5 25 28 374 4
189.608 72.736 54.510 6 25 28 353 2
18.186 36.791 124.861 7 25 28 136 1
334.843 125.045 340.586 8 25 28 401 1
353.741 158.968 157.293 9 25 28 363 4
353.741 158.968 157.293 10 25 28 363 4
353.741 158.968 157.293 11 25 28 363 4
353.741 158.968 157.293 12 25 28 363 4
353.741 158.968 157.293 13 25 28 363 4
335.919 127.703 315.462 14 25 28 359 3
335.919 127.703 315.462 15 25 28 359 3
335.919 127.703 315.462 16 25 28 359 3
335.919 127.703 315.462 17 25 28 359 3
335.919 127.703 315.462 18 25 28 359 3
335.919 127.703 315.462 19 25 28 359 3
335.919 127.703 315.462 20 25 28 359 3
335.919 127.703 315.462 21 25 28 359 3
335.919 127.703 315.462 22 25 28 359 3
335.919 127.703 315.462 23 25 28 359 3
335.919 127.703 315.462 24 25 28 359 3
335.919 127.703 315.462 25 25 28 359 3
335.919 127.703 315.462 26 25 28 359 3
335.919 127.703 315.462 27 25 28 359 3
335.919 127.703 315.462 28 25 28 359 3
335.919 127.703 315.462 29 25 28 359 3
335.919 127.703 315.462 30 25 28 359 3
185.485 42.812 192.973 1 26 28 374 4
185.485 42.812 192.973 2 26 28 374 4
185.485 42.812 192.973 3 26 28 374 4
185.485 42.812 192.973 4 26 28 374 4
185.485 42.812 192.973 5 26 28 374 4
185.485 42.812 192.973 6 26 28 374 4
18.186 36.791 124.861 7 26 28 136 1
18.186 36.791 124.861 8 26 28 136 1
353.741 158.968 157.293 9 26 28 363 4
353.741 158.968 157.293 10 26 28 363 4
353.741 158.968 157.293 11 26 28 363 4
353.741 158.968 157.293 12 26 28 363 4
353.741 158.968 157.293 13 26 28 363 4
353.741 158.968 157.293 14 26 28 363 4
335.919 127.703 315.462 15 26 28 359 3
335.919 127.703 315.462 16 26 28 359 3
335.919 127.703 315.462 17 26 28 359 3
335.919 127.703 315.462 18 26 28 359 3
335.919 127.703 315.462 19 26 28 359 3
335.919 127.703 315.462 20 26 28 359 3
335.919 127.703 315.462 21 26 28 359 3
335.919 127.703 315.462 22 26 28 359 3
335.919 127.703 315.462 23 26 28 359 3
335.919 127.703 315.462 24 26 28 359 3
335.919 127.703 315.462 25 26 28 359 3
335.919 127.703 315.462 26 26 28 359 3
335.919 127.703 315.462 27 26 28 359 3
335.919 127.703 315.462 28 26 28 359 3
335.919 127.703 315.462 29 26 28 359 3
261.351 117.151 250.517 30 26 28 213 1
185.485 42.812 192.973 1 27 28 374 4
185.485 42.812 192.973 2 27 28 374 4
185.485 42.812 192.973 3 27 28 374 4
185.485 42.812 192.973 4 27 28 374 4
185.485 42.812 192.973 5 27 28 374 4
185.485 42.812 192.973 6 27 28 374 4
41.261 86.203 349.100 7 27 28 94 1
41.261 86.203 349.100 8 27 28 94 1
353.741 158.968 157.293 9 27 28 363 4
353.741 158.968 157.293 10 27 28 363 4
353.741 158.968 157.293 11 27 28 363 4
353.741 158.968 157.293 12 27 28 363 4
353.741 158.968 157.293 13 27 28 363 4
140.072 97.349 315.941 14 27 28 362 4
140.072 97.349 315.941 15 27 28 362 4
140.072 97.349 315.941 16 27 28 362 4
140.072 97.349 315.941 17 27 28 362 4
140.072 97.349 315.941 18 27 28 362 4
335.919 127.703 315.462 19 27 28 359 3
335.919 127.703 315.462 20 27 28 359 3
335.919 127.703 315.462 21 27 28 359 3
335.919 127.703 315.462 22 27 28 359 3
335.919 127.703 315.462 23 27 28 359 3
335.919 127.703 315.462 24 27 28 359 3
335.919 127.703 315.462 25 27 28 359 3
335.919 127.703 315.462 26 27 28 359 3
335.919 127.703 315.462 27 27 28 359 3
335.919 127.703 315.462 28 27 28 359 3
335.919 127.703 315.462 29 27 28 359 3
335.919 127.703 315.462 30 27 28 359 3
185.485 42.812 192.973 1 28 28 374 4
185.485 42.812 192.973 2 28 28 374 4
185.485 42.812 192.973 3 28 28 374 4
185.485 42.812 192.973 4 28 28 374 4
185.485 42.812 192.973 5 28 28 374 4
185.485 42.812 192.973 6 28 28 374 4
185.485 42.812 192.973 7 28 28 374 4
185.485 42.812 192.973 8 28 28 374 4
353.741 158.968 157.293 9 28 28 363 4
353.741 158.968 157.293 10 28 28 363 4
353.741 158.968 157.293 11 28 28 363 4
353.741 158.968 157.293 12 28 28 363 4
353.741 158.968 157.293 13 28 28 363 4
140.072 97.349 315.941 14 28 28 362 4
140.072 97.349 315.941 15 28 28 362 4
140.072 97.349 315.941 16 28 28 362 4
140.072 97.349 315.941 17 28 28 362 4
140.072 97.349 315.941 18 28 28 362 4
140.072 97.349 315.941 19 28 28 362 4
335.919 127.703 315.462 20 28 28 359 3
335.919 127.703 315.462 21 28 28 359 3
335.919 127.703 315.462 22 28 28 359 3
335.919 127.703 315.462 23 28 28 359 3
335.919 127.703 315.462 24 28 28 359 3
335.919 127.703 315.462 25 28 28 359 3
335.919 127.703 315.462 26 28 28 359 3
335.919 127.703 315.462 27 28 28 359 3
335.919 127.703 315.462 28 28 28 359 3
335.919 127.703 315.462 29 28 28 359 3
335.919 127.703 315.462 30 28 28 359 3
185.485 42.812 192.973 1 29 28 374 4
185.485 42.812 192.973 2 29 28 374 4
185.485 42.812 192.973 3 29 28 374 4
185.485 42.812 192.973 4 29 28 374 4
185.485 42.812 192.973 5 29 28 374 4
185.485 42.812 192.973 6 29 28 374 4
185.485 42.812 192.973 7 29 28 374 4
185.485 42.812 192.973 8 29 28 374 4
185.485 42.812 192.973 9 29 28 374 4
353.741 158.968 157.293 10 29 28 363 4
353.741 158.968 157.293 11 29 28 363 4
353.741 158.968 157.293 12 29 28 363 4
140.072 97.349 315.941 13 29 28 362 4
140.072 97.349 315.941 14 29 28 362 4
140.072 97.349 315.941 15 29 28 362 4
140.072 97.349 315.941 16 29 28 362 4
140.072 97.349 315.941 17 29 28 362 4
140.072 97.349 315.941 18 29 28 362 4
140.072 97.349 315.941 19 29 28 362 4
140.072 97.349 315.941 20 29 28 362 4
335.919 127.703 315.462 21 29 28 359 3
335.919 127.703 315.462 22 29 28 359 3
335.919 127.703 315.462 23 29 28 359 3
335.919 127.703 315.462 24 29 28 359 3
335.919 127.703 315.462 25 29 28 359 3
335.919 127.703 315.462 26 29 28 359 3
335.919 127.703 315.462 27 29 28 359 3
335.919 127.703 315.462 28 29 28 359 3
335.919 127.703 315.462 29 29 28 359 3
94.576 72.414 253.803 30 29 28 431 4
185.485 42.812 192.973 1 30 28 374 4
185.485 42.812 192.973 2 30 28 374 4
185.485 42.812 192.973 3 30 28 374 4
185.485 42.812 192.973 4 30 28 374 4
185.485 42.812 192.973 5 30 28 374 4
185.485 42.812 192.973 6 30 28 374 4
126.432 47.992 52.853 7 30 28 144 1
149.840 157.230 68.409 8 30 28 192 1
185.485 42.812 192.973 9 30 28 374 4
185.485 42.812 192.973 10 30 28 374 4
353.741 158.968 157.293 11 30 28 363 4
89.738 109.208 5.283 12 30 28 429 2
140.072 97.349 315.941 13 30 28 362 4
140.072 97.349 315.941 14 30 28 362 4
140.072 97.349 315.941 15 30 28 362 4
140.072 97.349 315.941 16 30 28 362 4
140.072 97.349 315.941 17 30 28 362 4
140.072 97.349 315.941 18 30 28 362 4
140.072 97.349 315.941 19 30 28 362 4
140.072 97.349 315.941 20 30 28 362 4
335.919 127.703 315.462 21 30 28 359 3
335.919 127.703 315.462 22 30 28 359 3
335.919 127.703 315.462 23 30 28 359 3
335.919 127.703 315.462 24 30 28 359 3
335.919 127.703 315.462 25 30 28 359 3
335.919 127.703 315.462 26 30 28 359 3
335.919 127.703 315.462 27 30 28 359 3
335.919 127.703 315.462 28 30 28 359 3
94.576 72.414 253.803 29 30 28 431 4
94.576 72.414 253.803 30 30 28 431 4
