323.813 49.883 113.811 1 1 14 97 1
323.813 49.883 113.811 2 1 14 97 1
323.813 49.883 113.811 3 1 14 97 1
323.813 49.883 113.811 4 1 14 97 1
323.813 49.883 113.811 5 1 14 97 1
137.827 95.951 206.589 6 1 14 324 2
137.827 95.951 206.589 7 1 14 324 2
137.827 95.951 206.589 8 1 14 324 2
137.827 95.951 206.589 9 1 14 324 2
137.827 95.951 206.589 10 1 14 324 2
335.919 127.703 315.462 11 1 14 359 3
335.919 127.703 315.462 12 1 14 359 3
335.919 127.703 315.462 13 1 14 359 3
335.919 127.703 315.462 14 1 14 359 3
335.919 127.703 315.462 15 1 14 359 3
335.919 127.703 315.462 16 1 14 359 3
335.919 127.703 315.462 17 1 14 359 3
335.919 127.703 315.462 18 1 14 359 3
335.919 127.703 315.462 19 1 14 359 3
335.919 127.703 315.462 20 1 14 359 3
335.919 127.703 315.462 21 1 14 359 3
335.919 127.703 315.462 22 1 14 359 3
335.919 127.703 315.462 23 1 14 359 3
335.919 127.703 315.462 24 1 14 359 3
335.919 127.703 315.462 25 1 14 359 3
335.919 127.703 315.462 26 1 14 359 3
335.919 127.703 315.462 27 1 14 359 3
335.919 127.703 315.462 28 1 14 359 3
123.779 106.270 255.161 29 1 14 325 2
123.779 106.270 255.161 30 1 14 325 2
323.813 49.883 113.811 1 2 14 97 1
323.813 49.883 113.811 2 2 14 97 1
323.813 49.883 113.811 3 2 14 97 1
323.813 49.883 113.811 4 2 14 97 1
225.541 51.706 71.701 5 2 14 247 1
225.541 51.706 71.701 6 2 14 247 1
137.827 95.951 206.589 7 2 14 324 2
137.827 95.951 206.589 8 2 14 324 2
137.827 95.951 206.589 9 2 14 324 2
137.827 95.951 206.589 10 2 14 324 2
335.919 127.703 315.462 11 2 14 359 3
335.919 127.703 315.462 12 2 14 359 3
335.919 127.703 315.462 13 2 14 359 3
335.919 127.703 315.462 14 2 14 359 3
335.919 127.703 315.462 15 2 14 359 3
335.919 127.703 315.462 16 2 14 359 3
335.919 127.703 315.462 17 2 14 359 3
335.919 127.703 315.462 18 2 14 359 3
335.919 127.703 315.462 19 2 14 359 3
335.919 127.703 315.462 20 2 14 359 3
335.919 127.703 315.462 21 2 14 359 3
335.919 127.703 315.462 22 2 14 359 3
335.919 127.703 315.462 23 2 14 359 3
335.919 127.703 315.462 24 2 14 359 3
335.919 127.703 315.462 25 2 14 359 3
335.919 127.703 315.462 26 2 14 359 3
335.919 127.703 315.462 27 2 14 359 3
335.919 127.703 315.462 28 2 14 359 3
123.779 106.270 255.161 29 2 14 325 2
123.779 106.270 255.161 30 2 14 325 2
323.813 49.883 113.811 1 3 14 97 1
323.813 49.883 113.811 2 3 14 97 1
339.285 74.261 167.101 3 3 14 286 2
339.285 74.261 167.101 4 3 14 286 2
339.285 74.261 167.101 5 3 14 286 2
225.541 51.706 71.701 6 3 14 247 1
137.827 95.951 206.589 7 3 14 324 2
137.827 95.951 206.589 8 3 14 324 2
137.827 95.951 206.589 9 3 14 324 2
335.919 127.703 315.462 10 3 14 359 3
335.919 127.703 315.462 11 3 14 359 3
335.919 127.703 315.462 12 3 14 359 3
335.919 127.703 315.462 13 3 14 359 3
335.919 127.703 315.462 14 3 14 359 3
335.919 127.703 315.462 15 3 14 359 3
335.919 127.703 315.462 16 3 14 359 3
335.919 127.703 315.462 17 3 14 359 3
335.919 127.703 315.462 18 3 14 359 3
335.919 127.703 315.462 19 3 14 359 3
335.919 127.703 315.462 20 3 14 359 3
335.919 127.703 315.462 21 3 14 359 3
335.919 127.703 315.462 22 3 14 359 3
335.919 127.703 315.462 23 3 14 359 3
335.919 127.703 315.462 24 3 14 359 3
335.919 127.703 315.462 25 3 14 359 3
335.919 127.703 315.462 26 3 14 359 3
335.919 127.703 315.462 27 3 14 359 3
335.919 127.703 315.462 28 3 14 359 3
123.779 106.270 255.161 29 3 14 325 2
335.919 127.703 315.462 30 3 14 359 3
42.354 54.714 32.828 1 4 14 342 2
323.813 49.883 113.811 2 4 14 97 1
339.285 74.261 167.101 3 4 14 286 2
339.285 74.261 167.101 4 4 14 286 2
339.285 74.261 167.101 5 4 14 286 2
339.285 74.261 167.101 6 4 14 286 2
335.919 127.703 315.462 7 4 14 359 3
335.919 127.703 315.462 8 4 14 359 3
335.919 127.703 315.462 9 4 14 359 3
335.919 127.703 315.462 10 4 14 359 3
335.919 127.703 315.462 11 4 14 359 3
335.919 127.703 315.462 12 4 14 359 3
335.919 127.703 315.462 13 4 14 359 3
335.919 127.703 315.462 14 4 14 359 3
335.919 127.703 315.462 15 4 14 359 3
335.919 127.703 315.462 16 4 14 359 3
335.919 127.703 315.462 17 4 14 359 3
335.919 127.703 315.462 18 4 14 359 3
335.919 127.703 315.462 19 4 14 359 3
335.919 127.703 315.462 20 4 14 359 3
335.919 127.703 315.462 21 4 14 359 3
335.919 127.703 315.462 22 4 14 359 3
335.919 127.703 315.462 23 4 14 359 3
335.919 127.703 315.462 24 4 14 359 3
335.919 127.703 315.462 25 4 14 359 3
335.919 127.703 315.462 26 4 14 359 3
335.919 127.703 315.462 27 4 14 359 3
335.919 127.703 315.462 28 4 14 359 3
335.919 127.703 315.462 29 4 14 359 3
335.919 127.703 315.462 30 4 14 359 3
42.354 54.714 32.828 1 5 14 342 2
42.354 54.714 32.828 2 5 14 342 2
339.285 74.261 167.101 3 5 14 286 2
339.285 74.261 167.101 4 5 14 286 2
339.285 74.261 167.101 5 5 14 286 2
339.285 74.261 167.101 6 5 14 286 2
335.919 127.703 315.462 7 5 14 359 3
335.919 127.703 315.462 8 5 14 359 3
335.919 127.703 315.462 9 5 14 359 3
335.919 127.703 315.462 10 5 14 359 3
335.919 127.703 315.462 11 5 14 359 3
335.919 127.703 315.462 12 5 14 359 3
335.919 127.703 315.462 13 5 14 359 3
335.919 127.703 315.462 14 5 14 359 3
335.919 127.703 315.462 15 5 14 359 3
335.919 127.703 315.462 16 5 14 359 3
335.919 127.703 315.462 17 5 14 359 3
335.919 127.703 315.462 18 5 14 359 3
335.919 127.703 315.462 19 5 14 359 3
335.919 127.703 315.462 20 5 14 359 3
335.919 127.703 315.462 21 5 14 359 3
335.919 127.703 315.462 22 5 14 359 3
335.919 127.703 315.462 23 5 14 359 3
335.919 127.703 315.462 24 5 14 359 3
335.919 127.703 315.462 25 5 14 359 3
335.919 127.703 315.462 26 5 14 359 3
335.919 127.703 315.462 27 5 14 359 3
335.919 127.703 315.462 28 5 14 359 3
335.919 127.703 315.462 29 5 14 359 3
335.919 127.703 315.462 30 5 14 359 3
42.354 54.714 32.828 1 6 14 342 2
42.354 54.714 32.828 2 6 14 342 2
292.530 110.764 233.753 3 6 14 369 4
292.530 110.764 233.753 4 6 14 369 4
339.285 74.261 167.101 5 6 14 286 2
335.919 127.703 315.462 6 6 14 359 3
335.919 127.703 315.462 7 6 14 359 3
335.919 127.703 315.462 8 6 14 359 3
335.919 127.703 315.462 9 6 14 359 3
335.919 127.703 315.462 10 6 14 359 3
335.919 127.703 315.462 11 6 14 359 3
335.919 127.703 315.462 12 6 14 359 3
335.919 127.703 315.462 13 6 14 359 3
335.919 127.703 315.462 14 6 14 359 3
335.919 127.703 315.462 15 6 14 359 3
335.919 127.703 315.462 16 6 14 359 3
335.919 127.703 315.462 17 6 14 359 3
335.919 127.703 315.462 18 6 14 359 3
335.919 127.703 315.462 19 6 14 359 3
335.919 127.703 315.462 20 6 14 359 3
335.919 127.703 315.462 21 6 14 359 3
335.919 127.703 315.462 22 6 14 359 3
335.919 127.703 315.462 23 6 14 359 3
335.919 127.703 315.462 24 6 14 359 3
335.919 127.703 315.462 25 6 14 359 3
335.919 127.703 315.462 26 6 14 359 3
335.919 127.703 315.462 27 6 14 359 3
335.919 127.703 315.462 28 6 14 359 3
335.919 127.703 315.462 29 6 14 359 3
335.919 127.703 315.462 30 6 14 359 3
292.530 110.764 233.753 1 7 14 369 4
292.530 110.764 233.753 2 7 14 369 4
292.530 110.764 233.753 3 7 14 369 4
292.530 110.764 233.753 4 7 14 369 4
292.530 110.764 233.753 5 7 14 369 4
335.919 127.703 315.462 6 7 14 359 3
335.919 127.703 315.462 7 7 14 359 3
335.919 127.703 315.462 8 7 14 359 3
335.919 127.703 315.462 9 7 14 359 3
335.919 127.703 315.462 10 7 14 359 3
335.919 127.703 315.462 11 7 14 359 3
335.919 127.703 315.462 12 7 14 359 3
335.919 127.703 315.462 13 7 14 359 3
335.919 127.703 315.462 14 7 14 359 3
335.919 127.703 315.462 15 7 14 359 3
335.919 127.703 315.462 16 7 14 359 3
335.919 127.703 315.462 17 7 14 359 3
335.919 127.703 315.462 18 7 14 359 3
335.919 127.703 315.462 19 7 14 359 3
335.919 127.703 315.462 20 7 14 359 3
335.919 127.703 315.462 21 7 14 359 3
335.919 127.703 315.462 22 7 14 359 3
335.919 127.703 315.462 23 7 14 359 3
335.919 127.703 315.462 24 7 14 359 3
335.919 127.703 315.462 25 7 14 359 3
335.919 127.703 315.462 26 7 14 359 3
335.919 127.703 315.462 27 7 14 359 3
335.919 127.703 315.462 28 7 14 359 3
335.919 127.703 315.462 29 7 14 359 3
335.919 127.703 315.462 30 7 14 359 3
292.530 110.764 233.753 1 8 14 369 4
292.530 110.764 233.753 2 8 14 369 4
292.530 110.764 233.753 3 8 14 369 4
292.530 110.764 233.753 4 8 14 369 4
292.530 110.764 233.753 5 8 14 369 4
335.919 127.703 315.462 6 8 14 359 3
335.919 127.703 315.462 7 8 14 359 3
335.919 127.703 315.462 8 8 14 359 3
335.919 127.703 315.462 9 8 14 359 3
335.919 127.703 315.462 10 8 14 359 3
335.919 127.703 315.462 11 8 14 359 3
335.919 127.703 315.462 12 8 14 359 3
335.919 127.703 315.462 13 8 14 359 3
335.919 127.703 315.462 14 8 14 359 3
335.919 127.703 315.462 15 8 14 359 3
335.919 127.703 315.462 16 8 14 359 3
335.919 127.703 315.462 17 8 14 359 3
335.919 127.703 315.462 18 8 14 359 3
335.919 127.703 315.462 19 8 14 359 3
335.919 127.703 315.462 20 8 14 359 3
335.919 127.703 315.462 21 8 14 359 3
335.919 127.703 315.462 22 8 14 359 3
335.919 127.703 315.462 23 8 14 359 3
335.919 127.703 315.462 24 8 14 359 3
335.919 127.703 315.462 25 8 14 359 3
335.919 127.703 315.462 26 8 14 359 3
335.919 127.703 315.462 27 8 14 359 3
335.919 127.703 315.462 28 8 14 359 3
335.919 127.703 315.462 29 8 14 359 3
335.919 127.703 315.462 30 8 14 359 3
292.530 110.764 233.753 1 9 14 369 4
292.530 110.764 233.753 2 9 14 369 4
292.530 110.764 233.753 3 9 14 369 4
292.530 110.764 233.753 4 9 14 369 4
292.530 110.764 233.753 5 9 14 369 4
335.919 127.703 315.462 6 9 14 359 3
335.919 127.703 315.462 7 9 14 359 3
335.919 127.703 315.462 8 9 14 359 3
335.919 127.703 315.462 9 9 14 359 3
335.919 127.703 315.462 10 9 14 359 3
335.919 127.703 315.462 11 9 14 359 3
335.919 127.703 315.462 12 9 14 359 3
335.919 127.703 315.462 13 9 14 359 3
335.919 127.703 315.462 14 9 14 359 3
335.919 127.703 315.462 15 9 14 359 3
335.919 127.703 315.462 16 9 14 359 3
335.919 127.703 315.462 17 9 14 359 3
335.919 127.703 315.462 18 9 14 359 3
335.919 127.703 315.462 19 9 14 359 3
335.919 127.703 315.462 20 9 14 359 3
335.919 127.703 315.462 21 9 14 359 3
335.919 127.703 315.462 22 9 14 359 3
335.919 127.703 315.462 23 9 14 359 3
335.919 127.703 315.462 24 9 14 359 3
335.919 127.703 315.462 25 9 14 359 3
335.919 127.703 315.462 26 9 14 359 3
335.919 127.703 315.462 27 9 14 359 3
335.919 127.703 315.462 28 9 14 359 3
335.919 127.703 315.462 29 9 14 359 3
335.919 127.703 315.462 30 9 14 359 3
292.530 110.764 233.753 1 10 14 369 4
292.530 110.764 233.753 2 10 14 369 4
292.530 110.764 233.753 3 10 14 369 4
292.530 110.764 233.753 4 10 14 369 4
292.530 110.764 233.753 5 10 14 369 4
292.530 110.764 233.753 6 10 14 369 4
335.919 127.703 315.462 7 10 14 359 3
335.919 127.703 315.462 8 10 14 359 3
335.919 127.703 315.462 9 10 14 359 3
335.919 127.703 315.462 10 10 14 359 3
335.919 127.703 315.462 11 10 14 359 3
335.919 127.703 315.462 12 10 14 359 3
335.919 127.703 315.462 13 10 14 359 3
335.919 127.703 315.462 14 10 14 359 3
335.919 127.703 315.462 15 10 14 359 3
335.919 127.703 315.462 16 10 14 359 3
335.919 127.703 315.462 17 10 14 359 3
335.919 127.703 315.462 18 10 14 359 3
335.919 127.703 315.462 19 10 14 359 3
335.919 127.703 315.462 20 10 14 359 3
335.919 127.703 315.462 21 10 14 359 3
335.919 127.703 315.462 22 10 14 359 3
335.919 127.703 315.462 23 10 14 359 3
335.919 127.703 315.462 24 10 14 359 3
335.919 127.703 315.462 25 10 14 359 3
335.919 127.703 315.462 26 10 14 359 3
335.919 127.703 315.462 27 10 14 359 3
335.919 127.703 315.462 28 10 14 359 3
335.919 127.703 315.462 29 10 14 359 3
335.919 127.703 315.462 30 10 14 359 3
292.530 110.764 233.753 1 11 14 369 4
292.530 110.764 233.753 2 11 14 369 4
292.530 110.764 233.753 3 11 14 369 4
292.530 110.764 233.753 4 11 14 369 4
292.530 110.764 233.753 5 11 14 369 4
292.530 110.764 233.753 6 11 14 369 4
335.919 127.703 315.462 7 11 14 359 3
335.919 127.703 315.462 8 11 14 359 3
335.919 127.703 315.462 9 11 14 359 3
335.919 127.703 315.462 10 11 14 359 3
335.919 127.703 315.462 11 11 14 359 3
335.919 127.703 315.462 12 11 14 359 3
335.919 127.703 315.462 13 11 14 359 3
335.919 127.703 315.462 14 11 14 359 3
335.919 127.703 315.462 15 11 14 359 3
335.919 127.703 315.462 16 11 14 359 3
335.919 127.703 315.462 17 11 14 359 3
335.919 127.703 315.462 18 11 14 359 3
335.919 127.703 315.462 19 11 14 359 3
335.919 127.703 315.462 20 11 14 359 3
335.919 127.703 315.462 21 11 14 359 3
335.919 127.703 315.462 22 11 14 359 3
335.919 127.703 315.462 23 11 14 359 3
335.919 127.703 315.462 24 11 14 359 3
335.919 127.703 315.462 25 11 14 359 3
335.919 127.703 315.462 26 11 14 359 3
335.919 127.703 315.462 27 11 14 359 3
335.919 127.703 315.462 28 11 14 359 3
335.919 127.703 315.462 29 11 14 359 3
335.919 127.703 315.462 30 11 14 359 3
292.530 110.764 233.753 1 12 14 369 4
292.530 110.764 233.753 2 12 14 369 4
292.530 110.764 233.753 3 12 14 369 4
292.530 110.764 233.753 4 12 14 369 4
292.530 110.764 233.753 5 12 14 369 4
292.530 110.764 233.753 6 12 14 369 4
335.919 127.703 315.462 7 12 14 359 3
335.919 127.703 315.462 8 12 14 359 3
335.919 127.703 315.462 9 12 14 359 3
335.919 127.703 315.462 10 12 14 359 3
335.919 127.703 315.462 11 12 14 359 3
335.919 127.703 315.462 12 12 14 359 3
335.919 127.703 315.462 13 12 14 359 3
335.919 127.703 315.462 14 12 14 359 3
335.919 127.703 315.462 15 12 14 359 3
335.919 127.703 315.462 16 12 14 359 3
335.919 127.703 315.462 17 12 14 359 3
335.919 127.703 315.462 18 12 14 359 3
335.919 127.703 315.462 19 12 14 359 3
335.919 127.703 315.462 20 12 14 359 3
335.919 127.703 315.462 21 12 14 359 3
335.919 127.703 315.462 22 12 14 359 3
335.919 127.703 315.462 23 12 14 359 3
317.355 132.033 189.410 24 12 14 51 1
335.919 127.703 315.462 25 12 14 359 3
335.919 127.703 315.462 26 12 14 359 3
335.919 127.703 315.462 27 12 14 359 3
335.919 127.703 315.462 28 12 14 359 3
335.919 127.703 315.462 29 12 14 359 3
335.919 127.703 315.462 30 12 14 359 3
292.530 110.764 233.753 1 13 14 369 4
292.530 110.764 233.753 2 13 14 369 4
292.530 110.764 233.753 3 13 14 369 4
292.530 110.764 233.753 4 13 14 369 4
292.530 110.764 233.753 5 13 14 369 4
292.530 110.764 233.753 6 13 14 369 4
335.919 127.703 315.462 7 13 14 359 3
335.919 127.703 315.462 8 13 14 359 3
335.919 127.703 315.462 9 13 14 359 3
335.919 127.703 315.462 10 13 14 359 3
335.919 127.703 315.462 11 13 14 359 3
335.919 127.703 315.462 12 13 14 359 3
335.919 127.703 315.462 13 13 14 359 3
335.919 127.703 315.462 14 13 14 359 3
335.919 127.703 315.462 15 13 14 359 3
335.919 127.703 315.462 16 13 14 359 3
335.919 127.703 315.462 17 13 14 359 3
335.919 127.703 315.462 18 13 14 359 3
335.919 127.703 315.462 19 13 14 359 3
335.919 127.703 315.462 20 13 14 359 3
335.919 127.703 315.462 21 13 14 359 3
335.919 127.703 315.462 22 13 14 359 3
335.919 127.703 315.462 23 13 14 359 3
335.919 127.703 315.462 24 13 14 359 3
335.919 127.703 315.462 25 13 14 359 3
335.919 127.703 315.462 26 13 14 359 3
335.919 127.703 315.462 27 13 14 359 3
335.919 127.703 315.462 28 13 14 359 3
335.919 127.703 315.462 29 13 14 359 3
335.919 127.703 315.462 30 13 14 359 3
292.530 110.764 233.753 1 14 14 369 4
292.530 110.764 233.753 2 14 14 369 4
292.530 110.764 233.753 3 14 14 369 4
292.530 110.764 233.753 4 14 14 369 4
292.530 110.764 233.753 5 14 14 369 4
292.530 110.764 233.753 6 14 14 369 4
335.919 127.703 315.462 7 14 14 359 3
335.919 127.703 315.462 8 14 14 359 3
335.919 127.703 315.462 9 14 14 359 3
335.919 127.703 315.462 10 14 14 359 3
335.919 127.703 315.462 11 14 14 359 3
335.919 127.703 315.462 12 14 14 359 3
335.919 127.703 315.462 13 14 14 359 3
335.919 127.703 315.462 14 14 14 359 3
335.919 127.703 315.462 15 14 14 359 3
335.919 127.703 315.462 16 14 14 359 3
335.919 127.703 315.462 17 14 14 359 3
335.919 127.703 315.462 18 14 14 359 3
335.919 127.703 315.462 19 14 14 359 3
335.919 127.703 315.462 20 14 14 359 3
335.919 127.703 315.462 21 14 14 359 3
335.919 127.703 315.462 22 14 14 359 3
335.919 127.703 315.462 23 14 14 359 3
335.919 127.703 315.462 24 14 14 359 3
335.919 127.703 315.462 25 14 14 359 3
335.919 127.703 315.462 26 14 14 359 3
335.919 127.703 315.462 27 14 14 359 3
335.919 127.703 315.462 28 14 14 359 3
335.919 127.703 315.462 29 14 14 359 3
335.919 127.703 315.462 30 14 14 359 3
228.776 163.954 326.995 1 15 14 413 2
228.776 163.954 326.995 2 15 14 413 2
292.530 110.764 233.753 3 15 14 369 4
292.530 110.764 233.753 4 15 14 369 4
292.530 110.764 233.753 5 15 14 369 4
182.301 119.119 243.398 6 15 14 152 1
182.301 119.119 243.398 7 15 14 152 1
335.919 127.703 315.462 8 15 14 359 3
335.919 127.703 315.462 9 15 14 359 3
335.919 127.703 315.462 10 15 14 359 3
335.919 127.703 315.462 11 15 14 359 3
335.919 127.703 315.462 12 15 14 359 3
335.919 127.703 315.462 13 15 14 359 3
335.919 127.703 315.462 14 15 14 359 3
335.919 127.703 315.462 15 15 14 359 3
335.919 127.703 315.462 16 15 14 359 3
335.919 127.703 315.462 17 15 14 359 3
335.919 127.703 315.462 18 15 14 359 3
335.919 127.703 315.462 19 15 14 359 3
335.919 127.703 315.462 20 15 14 359 3
335.919 127.703 315.462 21 15 14 359 3
335.919 127.703 315.462 22 15 14 359 3
335.919 127.703 315.462 23 15 14 359 3
335.919 127.703 315.462 24 15 14 359 3
335.919 127.703 315.462 25 15 14 359 3
335.919 127.703 315.462 26 15 14 359 3
335.919 127.703 315.462 27 15 14 359 3
335.919 127.703 315.462 28 15 14 359 3
335.919 127.703 315.462 29 15 14 359 3
335.919 127.703 315.462 30 15 14 359 3
228.776 163.954 326.995 1 16 14 413 2
228.776 163.954 326.995 2 16 14 413 2
228.776 163.954 326.995 3 16 14 413 2
292.530 110.764 233.753 4 16 14 369 4
182.301 119.119 243.398 5 16 14 152 1
182.301 119.119 243.398 6 16 14 152 1
182.301 119.119 243.398 7 16 14 152 1
335.919 127.703 315.462 8 16 14 359 3
335.919 127.703 315.462 9 16 14 359 3
335.919 127.703 315.462 10 16 14 359 3
335.919 127.703 315.462 11 16 14 359 3
335.919 127.703 315.462 12 16 14 359 3
335.919 127.703 315.462 13 16 14 359 3
335.919 127.703 315.462 14 16 14 359 3
335.919 127.703 315.462 15 16 14 359 3
335.919 127.703 315.462 16 16 14 359 3
335.919 127.703 315.462 17 16 14 359 3
335.919 127.703 315.462 18 16 14 359 3
335.919 127.703 315.462 19 16 14 359 3
335.919 127.703 315.462 20 16 14 359 3
335.919 127.703 315.462 21 16 14 359 3
335.919 127.703 315.462 22 16 14 359 3
335.919 127.703 315.462 23 16 14 359 3
335.919 127.703 315.462 24 16 14 359 3
335.919 127.703 315.462 25 16 14 359 3
335.919 127.703 315.462 26 16 14 359 3
335.919 127.703 315.462 27 16 14 359 3
50.983 144.372 6.443 28 16 14 181 1
335.919 127.703 315.462 29 16 14 359 3
335.919 127.703 315.462 30 16 14 359 3
228.776 163.954 326.995 1 17 14 413 2
228.776 163.954 326.995 2 17 14 413 2
228.776 163.954 326.995 3 17 14 413 2
228.776 163.954 326.995 4 17 14 413 2
182.301 119.119 243.398 5 17 14 152 1
182.301 119.119 243.398 6 17 14 152 1
182.301 119.119 243.398 7 17 14 152 1
56.104 128.981 336.779 8 17 14 370 4
335.919 127.703 315.462 9 17 14 359 3
335.919 127.703 315.462 10 17 14 359 3
335.919 127.703 315.462 11 17 14 359 3
335.919 127.703 315.462 12 17 14 359 3
335.919 127.703 315.462 13 17 14 359 3
335.919 127.703 315.462 14 17 14 359 3
335.919 127.703 315.462 15 17 14 359 3
335.919 127.703 315.462 16 17 14 359 3
335.919 127.703 315.462 17 17 14 359 3
335.919 127.703 315.462 18 17 14 359 3
335.919 127.703 315.462 19 17 14 359 3
335.919 127.703 315.462 20 17 14 359 3
335.919 127.703 315.462 21 17 14 359 3
335.919 127.703 315.462 22 17 14 359 3
335.919 127.703 315.462 23 17 14 359 3
335.919 127.703 315.462 24 17 14 359 3
335.919 127.703 315.462 25 17 14 359 3
335.919 127.703 315.462 26 17 14 359 3
335.919 127.703 315.462 27 17 14 359 3
335.919 127.703 315.462 28 17 14 359 3
335.919 127.703 315.462 29 17 14 359 3
335.919 127.703 315.462 30 17 14 359 3
228.776 163.954 326.995 1 18 14 413 2
248.649 44.957 319.600 2 18 14 345 2
248.649 44.957 319.600 3 18 14 345 2
248.649 44.957 319.600 4 18 14 345 2
248.649 44.957 319.600 5 18 14 345 2
56.104 128.981 336.779 6 18 14 370 4
56.104 128.981 336.779 7 18 14 370 4
56.104 128.981 336.779 8 18 14 370 4
56.104 128.981 336.779 9 18 14 370 4
56.104 128.981 336.779 10 18 14 370 4
56.104 128.981 336.779 11 18 14 370 4
335.919 127.703 315.462 12 18 14 359 3
335.919 127.703 315.462 13 18 14 359 3
335.919 127.703 315.462 14 18 14 359 3
335.919 127.703 315.462 15 18 14 359 3
335.919 127.703 315.462 16 18 14 359 3
335.919 127.703 315.462 17 18 14 359 3
335.919 127.703 315.462 18 18 14 359 3
335.919 127.703 315.462 19 18 14 359 3
335.919 127.703 315.462 20 18 14 359 3
335.919 127.703 315.462 21 18 14 359 3
335.919 127.703 315.462 22 18 14 359 3
335.919 127.703 315.462 23 18 14 359 3
335.919 127.703 315.462 24 18 14 359 3
335.919 127.703 315.462 25 18 14 359 3
335.919 127.703 315.462 26 18 14 359 3
335.919 127.703 315.462 27 18 14 359 3
335.919 127.703 315.462 28 18 14 359 3
335.919 127.703 315.462 29 18 14 359 3
335.919 127.703 315.462 30 18 14 359 3
248.649 44.957 319.600 1 19 14 345 2
248.649 44.957 319.600 2 19 14 345 2
248.649 44.957 319.600 3 19 14 345 2
248.649 44.957 319.600 4 19 14 345 2
248.649 44.957 319.600 5 19 14 345 2
56.104 128.981 336.779 6 19 14 370 4
56.104 128.981 336.779 7 19 14 370 4
56.104 128.981 336.779 8 19 14 370 4
56.104 128.981 336.779 9 19 14 370 4
56.104 128.981 336.779 10 19 14 370 4
56.104 128.981 336.779 11 19 14 370 4
56.104 128.981 336.779 12 19 14 370 4
56.104 128.981 336.779 13 19 14 370 4
335.919 127.703 315.462 14 19 14 359 3
335.919 127.703 315.462 15 19 14 359 3
335.919 127.703 315.462 16 19 14 359 3
335.919 127.703 315.462 17 19 14 359 3
335.919 127.703 315.462 18 19 14 359 3
335.919 127.703 315.462 19 19 14 359 3
335.919 127.703 315.462 20 19 14 359 3
335.919 127.703 315.462 21 19 14 359 3
335.919 127.703 315.462 22 19 14 359 3
335.919 127.703 315.462 23 19 14 359 3
335.919 127.703 315.462 24 19 14 359 3
335.919 127.703 315.462 25 19 14 359 3
335.919 127.703 315.462 26 19 14 359 3
335.919 127.703 315.462 27 19 14 359 3
335.919 127.703 315.462 28 19 14 359 3
335.919 127.703 315.462 29 19 14 359 3
335.919 127.703 315.462 30 19 14 359 3
248.649 44.957 319.600 1 20 14 345 2
248.649 44.957 319.600 2 20 14 345 2
248.649 44.957 319.600 3 20 14 345 2
248.649 44.957 319.600 4 20 14 345 2
248.649 44.957 319.600 5 20 14 345 2
56.104 128.981 336.779 6 20 14 370 4
56.104 128.981 336.779 7 20 14 370 4
56.104 128.981 336.779 8 20 14 370 4
56.104 128.981 336.779 9 20 14 370 4
56.104 128.981 336.779 10 20 14 370 4
56.104 128.981 336.779 11 20 14 370 4
56.104 128.981 336.779 12 20 14 370 4
56.104 128.981 336.779 13 20 14 370 4
56.104 128.981 336.779 14 20 14 370 4
56.104 128.981 336.779 15 20 14 370 4
335.919 127.703 315.462 16 20 14 359 3
335.919 127.703 315.462 17 20 14 359 3
335.919 127.703 315.462 18 20 14 359 3
335.919 127.703 315.462 19 20 14 359 3
335.919 127.703 315.462 20 20 14 359 3
335.919 127.703 315.462 21 20 14 359 3
335.919 127.703 315.462 22 20 14 359 3
335.919 127.703 315.462 23 20 14 359 3
335.919 127.703 315.462 24 20 14 359 3
335.919 127.703 315.462 25 20 14 359 3
335.919 127.703 315.462 26 20 14 359 3
335.919 127.703 315.462 27 20 14 359 3
335.919 127.703 315.462 28 20 14 359 3
335.919 127.703 315.462 29 20 14 359 3
335.919 127.703 315.462 30 20 14 359 3
248.649 44.957 319.600 1 21 14 345 2
248.649 44.957 319.600 2 21 14 345 2
248.649 44.957 319.600 3 21 14 345 2
248.649 44.957 319.600 4 21 14 345 2
248.649 44.957 319.600 5 21 14 345 2
56.104 128.981 336.779 6 21 14 370 4
56.104 128.981 336.779 7 21 14 370 4
56.104 128.981 336.779 8 21 14 370 4
56.104 128.981 336.779 9 21 14 370 4
56.104 128.981 336.779 10 21 14 370 4
56.104 128.981 336.779 11 21 14 370 4
56.104 128.981 336.779 12 21 14 370 4
56.104 128.981 336.779 13 21 14 370 4
56.104 128.981 336.779 14 21 14 370 4
56.104 128.981 336.779 15 21 14 370 4
56.104 128.981 336.779 16 21 14 370 4
56.104 128.981 336.779 17 21 14 370 4
335.919 127.703 315.462 18 21 14 359 3
335.919 127.703 315.462 19 21 14 359 3
335.919 127.703 315.462 20 21 14 359 3
335.919 127.703 315.462 21 21 14 359 3
335.919 127.703 315.462 22 21 14 359 3
335.919 127.703 315.462 23 21 14 359 3
335.919 127.703 315.462 24 21 14 359 3
335.919 127.703 315.462 25 21 14 359 3
335.919 127.703 315.462 26 21 14 359 3
335.919 127.703 315.462 27 21 14 359 3
335.919 127.703 315.462 28 21 14 359 3
335.919 127.703 315.462 29 21 14 359 3
335.919 127.703 315.462 30 21 14 359 3
248.649 44.957 319.600 1 22 14 345 2
248.649 44.957 319.600 2 22 14 345 2
248.649 44.957 319.600 3 22 14 345 2
248.649 44.957 319.600 4 22 14 345 2
56.104 128.981 336.779 5 22 14 370 4
56.104 128.981 336.779 6 22 14 370 4
56.104 128.981 336.779 7 22 14 370 4
56.104 128.981 336.779 8 22 14 370 4
56.104 128.981 336.779 9 22 14 370 4
56.104 128.981 336.779 10 22 14 370 4
56.104 128.981 336.779 11 22 14 370 4
56.104 128.981 336.779 12 22 14 370 4
56.104 128.981 336.779 13 22 14 370 4
56.104 128.981 336.779 14 22 14 370 4
56.104 128.981 336.779 15 22 14 370 4
56.104 128.981 336.779 16 22 14 370 4
56.104 128.981 336.779 17 22 14 370 4
56.104 128.981 336.779 18 22 14 370 4
335.919 127.703 315.462 19 22 14 359 3
335.919 127.703 315.462 20 22 14 359 3
335.919 127.703 315.462 21 22 14 359 3
335.919 127.703 315.462 22 22 14 359 3
335.919 127.703 315.462 23 22 14 359 3
335.919 127.703 315.462 24 22 14 359 3
335.919 127.703 315.462 25 22 14 359 3
181.868 37.479 317.311 26 22 14 335 2
335.919 127.703 315.462 27 22 14 359 3
335.919 127.703 315.462 28 22 14 359 3
335.919 127.703 315.462 29 22 14 359 3
335.919 127.703 315.462 30 22 14 359 3
248.649 44.957 319.600 1 23 14 345 2
248.649 44.957 319.600 2 23 14 345 2
248.649 44.957 319.600 3 23 14 345 2
56.104 128.981 336.779 4 23 14 370 4
56.104 128.981 336.779 5 23 14 370 4
56.104 128.981 336.779 6 23 14 370 4
56.104 128.981 336.779 7 23 14 370 4
56.104 128.981 336.779 8 23 14 370 4
56.104 128.981 336.779 9 23 14 370 4
56.104 128.981 336.779 10 23 14 370 4
56.104 128.981 336.779 11 23 14 370 4
56.104 128.981 336.779 12 23 14 370 4
56.104 128.981 336.779 13 23 14 370 4
56.104 128.981 336.779 14 23 14 370 4
56.104 128.981 336.779 15 23 14 370 4
56.104 128.981 336.779 16 23 14 370 4
56.104 128.981 336.779 17 23 14 370 4
56.104 128.981 336.779 18 23 14 370 4
56.104 128.981 336.779 19 23 14 370 4
335.919 127.703 315.462 20 23 14 359 3
335.919 127.703 315.462 21 23 14 359 3
335.919 127.703 315.462 22 23 14 359 3
94.576 72.414 253.803 23 23 14 431 4
94.576 72.414 253.803 24 23 14 431 4
335.919 127.703 315.462 25 23 14 359 3
335.919 127.703 315.462 26 23 14 359 3
335.919 127.703 315.462 27 23 14 359 3
335.919 127.703 315.462 28 23 14 359 3
335.919 127.703 315.462 29 23 14 359 3
335.919 127.703 315.462 30 23 14 359 3
248.649 44.957 319.600 1 24 14 345 2
56.104 128.981 336.779 2 24 14 370 4
56.104 128.981 336.779 3 24 14 370 4
56.104 128.981 336.779 4 24 14 370 4
56.104 128.981 336.779 5 24 14 370 4
56.104 128.981 336.779 6 24 14 370 4
56.104 128.981 336.779 7 24 14 370 4
56.104 128.981 336.779 8 24 14 370 4
56.104 128.981 336.779 9 24 14 370 4
56.104 128.981 336.779 10 24 14 370 4
56.104 128.981 336.779 11 24 14 370 4
56.104 128.981 336.779 12 24 14 370 4
56.104 128.981 336.779 13 24 14 370 4
56.104 128.981 336.779 14 24 14 370 4
56.104 128.981 336.779 15 24 14 370 4
56.104 128.981 336.779 16 24 14 370 4
56.104 128.981 336.779 17 24 14 370 4
56.104 128.981 336.779 18 24 14 370 4
56.104 128.981 336.779 19 24 14 370 4
56.104 128.981 336.779 20 24 14 370 4
169.438 41.541 231.666 21 24 14 312 2
94.576 72.414 253.803 22 24 14 431 4
94.576 72.414 253.803 23 24 14 431 4
94.576 72.414 253.803 24 24 14 431 4
94.576 72.414 253.803 25 24 14 431 4
94.576 72.414 253.803 26 24 14 431 4
94.576 72.414 253.803 27 24 14 431 4
335.919 127.703 315.462 28 24 14 359 3
335.919 127.703 315.462 29 24 14 359 3
335.919 127.703 315.462 30 24 14 359 3
56.104 128.981 336.779 1 25 14 370 4
56.104 128.981 336.779 2 25 14 370 4
56.104 128.981 336.779 3 25 14 370 4
56.104 128.981 336.779 4 25 14 370 4
56.104 128.981 336.779 5 25 14 370 4
56.104 128.981 336.779 6 25 14 370 4
202.976 124.388 144.295 7 25 14 248 1
56.104 128.981 336.779 8 25 14 370 4
56.104 128.981 336.779 9 25 14 370 4
56.104 128.981 336.779 10 25 14 370 4
56.104 128.981 336.779 11 25 14 370 4
56.104 128.981 336.779 12 25 14 370 4
56.104 128.981 336.779 13 25 14 370 4
56.104 128.981 336.779 14 25 14 370 4
56.104 128.981 336.779 15 25 14 370 4
56.104 128.981 336.779 16 25 14 370 4
56.104 128.981 336.779 17 25 14 370 4
56.104 128.981 336.779 18 25 14 370 4
56.104 128.981 336.779 19 25 14 370 4
169.438 41.541 231.666 20 25 14 312 2
169.438 41.541 231.666 21 25 14 312 2
169.438 41.541 231.666 22 25 14 312 2
94.576 72.414 253.803 23 25 14 431 4
94.576 72.414 253.803 24 25 14 431 4
94.576 72.414 253.803 25 25 14 431 4
94.576 72.414 253.803 26 25 14 431 4
94.576 72.414 253.803 27 25 14 431 4
94.576 72.414 253.803 28 25 14 431 4
335.919 127.703 315.462 29 25 14 359 3
335.919 127.703 315.462 30 25 14 359 3
56.104 128.981 336.779 1 26 14 370 4
56.104 128.981 336.779 2 26 14 370 4
56.104 128.981 336.779 3 26 14 370 4
56.104 128.981 336.779 4 26 14 370 4
56.104 128.981 336.779 5 26 14 370 4
56.104 128.981 336.779 6 26 14 370 4
56.104 128.981 336.779 7 26 14 370 4
56.104 128.981 336.779 8 26 14 370 4
56.104 128.981 336.779 9 26 14 370 4
56.104 128.981 336.779 10 26 14 370 4
56.104 128.981 336.779 11 26 14 370 4
56.104 128.981 336.779 12 26 14 370 4
56.104 128.981 336.779 13 26 14 370 4
56.104 128.981 336.779 14 26 14 370 4
56.104 128.981 336.779 15 26 14 370 4
56.104 128.981 336.779 16 26 14 370 4
56.104 128.981 336.779 17 26 14 370 4
56.104 128.981 336.779 18 26 14 370 4
56.104 128.981 336.779 19 26 14 370 4
169.438 41.541 231.666 20 26 14 312 2
169.438 41.541 231.666 21 26 14 312 2
169.438 41.541 231.666 22 26 14 312 2
94.576 72.414 253.803 23 26 14 431 4
94.576 72.414 253.803 24 26 14 431 4
94.576 72.414 253.803 25 26 14 431 4
94.576 72.414 253.803 26 26 14 431 4
94.576 72.414 253.803 27 26 14 431 4
94.576 72.414 253.803 28 26 14 431 4
94.576 72.414 253.803 29 26 14 431 4
94.576 72.414 253.803 30 26 14 431 4
56.104 128.981 336.779 1 27 14 370 4
56.104 128.981 336.779 2 27 14 370 4
56.104 128.981 336.779 3 27 14 370 4
56.104 128.981 336.779 4 27 14 370 4
56.104 128.981 336.779 5 27 14 370 4
56.104 128.981 336.779 6 27 14 370 4
56.104 128.981 336.779 7 27 14 370 4
56.104 128.981 336.779 8 27 14 370 4
56.104 128.981 336.779 9 27 14 370 4
56.104 128.981 336.779 10 27 14 370 4
56.104 128.981 336.779 11 27 14 370 4
56.104 128.981 336.779 12 27 14 370 4
56.104 128.981 336.779 13 27 14 370 4
56.104 128.981 336.779 14 27 14 370 4
56.104 128.981 336.779 15 27 14 370 4
56.104 128.981 336.779 16 27 14 370 4
56.104 128.981 336.779 17 27 14 370 4
56.104 128.981 336.779 18 27 14 370 4
56.104 128.981 336.779 19 27 14 370 4
169.438 41.541 231.666 20 27 14 312 2
169.438 41.541 231.666 21 27 14 312 2
169.438 41.541 231.666 22 27 14 312 2
169.438 41.541 231.666 23 27 14 312 2
94.576 72.414 253.803 24 27 14 431 4
94.576 72.414 253.803 25 27 14 431 4
94.576 72.414 253.803 26 27 14 431 4
94.576 72.414 253.803 27 27 14 431 4
94.576 72.414 253.803 28 27 14 431 4
94.576 72.414 253.803 29 27 14 431 4
94.576 72.414 253.803 30 27 14 431 4
10.289 127.489 100.586 1 28 14 130 1
56.104 128.981 336.779 2 28 14 370 4
56.104 128.981 336.779 3 28 14 370 4
56.104 128.981 336.779 4 28 14 370 4
56.104 128.981 336.779 5 28 14 370 4
56.104 128.981 336.779 6 28 14 370 4
56.104 128.981 336.779 7 28 14 370 4
56.104 128.981 336.779 8 28 14 370 4
56.104 128.981 336.779 9 28 14 370 4
54.325 62.757 275.422 10 28 14 15 1
56.104 128.981 336.779 11 28 14 370 4
168.335 42.974 23.546 12 28 14 262 1
56.104 128.981 336.779 13 28 14 370 4
56.104 128.981 336.779 14 28 14 370 4
56.104 128.981 336.779 15 28 14 370 4
276.562 79.048 183.825 16 28 14 195 1
266.338 109.072 172.915 17 28 14 170 1
266.338 109.072 172.915 18 28 14 170 1
266.338 109.072 172.915 19 28 14 170 1
169.438 41.541 231.666 20 28 14 312 2
169.438 41.541 231.666 21 28 14 312 2
169.438 41.541 231.666 22 28 14 312 2
94.576 72.414 253.803 23 28 14 431 4
94.576 72.414 253.803 24 28 14 431 4
94.576 72.414 253.803 25 28 14 431 4
94.576 72.414 253.803 26 28 14 431 4
94.576 72.414 253.803 27 28 14 431 4
94.576 72.414 253.803 28 28 14 431 4
94.576 72.414 253.803 29 28 14 431 4
94.576 72.414 253.803 30 28 14 431 4
10.289 127.489 100.586 1 29 14 130 1
10.289 127.489 100.586 2 29 14 130 1
56.104 128.981 336.779 3 29 14 370 4
48.276 116.415 191.705 4 29 14 309 2
56.104 128.981 336.779 5 29 14 370 4
56.104 128.981 336.779 6 29 14 370 4
56.104 128.981 336.779 7 29 14 370 4
56.104 128.981 336.779 8 29 14 370 4
56.104 128.981 336.779 9 29 14 370 4
56.104 128.981 336.779 10 29 14 370 4
56.104 128.981 336.779 11 29 14 370 4
195.385 132.524 115.228 12 29 14 194 1
56.104 128.981 336.779 13 29 14 370 4
310.793 62.326 319.158 14 29 14 255 1
310.793 62.326 319.158 15 29 14 255 1
293.422 118.862 344.087 16 29 14 307 2
266.338 109.072 172.915 17 29 14 170 1
266.338 109.072 172.915 18 29 14 170 1
266.338 109.072 172.915 19 29 14 170 1
169.438 41.541 231.666 20 29 14 312 2
169.438 41.541 231.666 21 29 14 312 2
169.438 41.541 231.666 22 29 14 312 2
94.576 72.414 253.803 23 29 14 431 4
94.576 72.414 253.803 24 29 14 431 4
94.576 72.414 253.803 25 29 14 431 4
94.576 72.414 253.803 26 29 14 431 4
94.576 72.414 253.803 27 29 14 431 4
94.576 72.414 253.803 28 29 14 431 4
94.576 72.414 253.803 29 29 14 431 4
94.576 72.414 253.803 30 29 14 431 4
10.289 127.489 100.586 1 30 14 130 1
10.289 127.489 100.586 2 30 14 130 1
10.289 127.489 100.586 3 30 14 130 1
56.104 128.981 336.779 4 30 14 370 4
56.104 128.981 336.779 5 30 14 370 4
131.828 68.471 45.507 6 30 14 79 1
56.104 128.981 336.779 7 30 14 370 4
56.104 128.981 336.779 8 30 14 370 4
56.104 128.981 336.779 9 30 14 370 4
56.104 128.981 336.779 10 30 14 370 4
56.104 128.981 336.779 11 30 14 370 4
195.385 132.524 115.228 12 30 14 194 1
310.793 62.326 319.158 13 30 14 255 1
310.793 62.326 319.158 14 30 14 255 1
310.793 62.326 319.158 15 30 14 255 1
293.422 118.862 344.087 16 30 14 307 2
293.422 118.862 344.087 17 30 14 307 2
293.422 118.862 344.087 18 30 14 307 2
266.338 109.072 172.915 19 30 14 170 1
169.438 41.541 231.666 20 30 14 312 2
169.438 41.541 231.666 21 30 14 312 2
169.438 41.541 231.666 22 30 14 312 2
94.576 72.414 253.803 23 30 14 431 4
94.576 72.414 253.803 24 30 14 431 4
94.576 72.414 253.803 25 30 14 431 4
94.576 72.414 253.803 26 30 14 431 4
94.576 72.414 253.803 27 30 14 431 4
94.576 72.414 253.803 28 30 14 431 4
94.576 72.414 253.803 29 30 14 431 4
94.576 72.414 253.803 30 30 14 431 4
