307.661 84.044 354.944 1 1 17 360 4
307.661 84.044 354.944 2 1 17 360 4
307.661 84.044 354.944 3 1 17 360 4
307.661 84.044 354.944 4 1 17 360 4
307.661 84.044 354.944 5 1 17 360 4
298.279 130.666 310.736 6 1 17 284 2
298.279 130.666 310.736 7 1 17 284 2
115.636 130.499 192.918 8 1 17 372 4
115.636 130.499 192.918 9 1 17 372 4
354.180 66.424 180.405 10 1 17 303 2
114.236 16.234 135.978 11 1 17 321 2
114.236 16.234 135.978 12 1 17 321 2
13.473 102.630 164.898 13 1 17 295 2
13.473 102.630 164.898 14 1 17 295 2
13.473 102.630 164.898 15 1 17 295 2
13.473 102.630 164.898 16 1 17 295 2
335.919 127.703 315.462 17 1 17 359 3
335.919 127.703 315.462 18 1 17 359 3
335.919 127.703 315.462 19 1 17 359 3
335.919 127.703 315.462 20 1 17 359 3
335.919 127.703 315.462 21 1 17 359 3
335.919 127.703 315.462 22 1 17 359 3
335.919 127.703 315.462 23 1 17 359 3
335.919 127.703 315.462 24 1 17 359 3
335.919 127.703 315.462 25 1 17 359 3
335.919 127.703 315.462 26 1 17 359 3
335.919 127.703 315.462 27 1 17 359 3
335.919 127.703 315.462 28 1 17 359 3
335.919 127.703 315.462 29 1 17 359 3
123.779 106.270 255.161 30 1 17 325 2
323.813 49.883 113.811 1 2 17 97 1
307.661 84.044 354.944 2 2 17 360 4
307.661 84.044 354.944 3 2 17 360 4
307.661 84.044 354.944 4 2 17 360 4
307.661 84.044 354.944 5 2 17 360 4
298.279 130.666 310.736 6 2 17 284 2
298.279 130.666 310.736 7 2 17 284 2
298.279 130.666 310.736 8 2 17 284 2
114.236 16.234 135.978 9 2 17 321 2
114.236 16.234 135.978 10 2 17 321 2
114.236 16.234 135.978 11 2 17 321 2
114.236 16.234 135.978 12 2 17 321 2
13.473 102.630 164.898 13 2 17 295 2
13.473 102.630 164.898 14 2 17 295 2
13.473 102.630 164.898 15 2 17 295 2
13.473 102.630 164.898 16 2 17 295 2
335.919 127.703 315.462 17 2 17 359 3
335.919 127.703 315.462 18 2 17 359 3
335.919 127.703 315.462 19 2 17 359 3
335.919 127.703 315.462 20 2 17 359 3
335.919 127.703 315.462 21 2 17 359 3
335.919 127.703 315.462 22 2 17 359 3
335.919 127.703 315.462 23 2 17 359 3
335.919 127.703 315.462 24 2 17 359 3
335.919 127.703 315.462 25 2 17 359 3
335.919 127.703 315.462 26 2 17 359 3
335.919 127.703 315.462 27 2 17 359 3
335.919 127.703 315.462 28 2 17 359 3
335.919 127.703 315.462 29 2 17 359 3
335.919 127.703 315.462 30 2 17 359 3
307.661 84.044 354.944 1 3 17 360 4
307.661 84.044 354.944 2 3 17 360 4
307.661 84.044 354.944 3 3 17 360 4
307.661 84.044 354.944 4 3 17 360 4
307.661 84.044 354.944 5 3 17 360 4
307.661 84.044 354.944 6 3 17 360 4
298.279 130.666 310.736 7 3 17 284 2
114.236 16.234 135.978 8 3 17 321 2
114.236 16.234 135.978 9 3 17 321 2
114.236 16.234 135.978 10 3 17 321 2
114.236 16.234 135.978 11 3 17 321 2
114.236 16.234 135.978 12 3 17 321 2
13.473 102.630 164.898 13 3 17 295 2
13.473 102.630 164.898 14 3 17 295 2
13.473 102.630 164.898 15 3 17 295 2
13.473 102.630 164.898 16 3 17 295 2
335.919 127.703 315.462 17 3 17 359 3
335.919 127.703 315.462 18 3 17 359 3
335.919 127.703 315.462 19 3 17 359 3
335.919 127.703 315.462 20 3 17 359 3
335.919 127.703 315.462 21 3 17 359 3
335.919 127.703 315.462 22 3 17 359 3
335.919 127.703 315.462 23 3 17 359 3
335.919 127.703 315.462 24 3 17 359 3
335.919 127.703 315.462 25 3 17 359 3
335.919 127.703 315.462 26 3 17 359 3
335.919 127.703 315.462 27 3 17 359 3
335.919 127.703 315.462 28 3 17 359 3
335.919 127.703 315.462 29 3 17 359 3
335.919 127.703 315.462 30 3 17 359 3
307.661 84.044 354.944 1 4 17 360 4
307.661 84.044 354.944 2 4 17 360 4
307.661 84.044 354.944 3 4 17 360 4
307.661 84.044 354.944 4 4 17 360 4
307.661 84.044 354.944 5 4 17 360 4
307.661 84.044 354.944 6 4 17 360 4
307.661 84.044 354.944 7 4 17 360 4
114.236 16.234 135.978 8 4 17 321 2
114.236 16.234 135.978 9 4 17 321 2
114.236 16.234 135.978 10 4 17 321 2
114.236 16.234 135.978 11 4 17 321 2
335.919 127.703 315.462 12 4 17 359 3
335.919 127.703 315.462 13 4 17 359 3
335.919 127.703 315.462 14 4 17 359 3
335.919 127.703 315.462 15 4 17 359 3
13.473 102.630 164.898 16 4 17 295 2
335.919 127.703 315.462 17 4 17 359 3
335.919 127.703 315.462 18 4 17 359 3
335.919 127.703 315.462 19 4 17 359 3
335.919 127.703 315.462 20 4 17 359 3
335.919 127.703 315.462 21 4 17 359 3
335.919 127.703 315.462 22 4 17 359 3
335.919 127.703 315.462 23 4 17 359 3
338.255 133.146 256.368 24 4 17 176 1
338.255 133.146 256.368 25 4 17 176 1
335.919 127.703 315.462 26 4 17 359 3
335.919 127.703 315.462 27 4 17 359 3
335.919 127.703 315.462 28 4 17 359 3
335.919 127.703 315.462 29 4 17 359 3
335.919 127.703 315.462 30 4 17 359 3
226.829 89.261 351.353 1 5 17 6 1
307.661 84.044 354.944 2 5 17 360 4
307.661 84.044 354.944 3 5 17 360 4
307.661 84.044 354.944 4 5 17 360 4
307.661 84.044 354.944 5 5 17 360 4
307.661 84.044 354.944 6 5 17 360 4
307.661 84.044 354.944 7 5 17 360 4
114.236 16.234 135.978 8 5 17 321 2
114.236 16.234 135.978 9 5 17 321 2
335.919 127.703 315.462 10 5 17 359 3
335.919 127.703 315.462 11 5 17 359 3
335.919 127.703 315.462 12 5 17 359 3
335.919 127.703 315.462 13 5 17 359 3
335.919 127.703 315.462 14 5 17 359 3
335.919 127.703 315.462 15 5 17 359 3
335.919 127.703 315.462 16 5 17 359 3
335.919 127.703 315.462 17 5 17 359 3
335.919 127.703 315.462 18 5 17 359 3
335.919 127.703 315.462 19 5 17 359 3
335.919 127.703 315.462 20 5 17 359 3
335.919 127.703 315.462 21 5 17 359 3
335.919 127.703 315.462 22 5 17 359 3
335.919 127.703 315.462 23 5 17 359 3
335.919 127.703 315.462 24 5 17 359 3
335.919 127.703 315.462 25 5 17 359 3
335.919 127.703 315.462 26 5 17 359 3
335.919 127.703 315.462 27 5 17 359 3
335.919 127.703 315.462 28 5 17 359 3
335.919 127.703 315.462 29 5 17 359 3
335.919 127.703 315.462 30 5 17 359 3
226.829 89.261 351.353 1 6 17 6 1
226.829 89.261 351.353 2 6 17 6 1
307.661 84.044 354.944 3 6 17 360 4
307.661 84.044 354.944 4 6 17 360 4
307.661 84.044 354.944 5 6 17 360 4
307.661 84.044 354.944 6 6 17 360 4
289.933 44.348 219.521 7 6 17 133 1
335.919 127.703 315.462 8 6 17 359 3
335.919 127.703 315.462 9 6 17 359 3
335.919 127.703 315.462 10 6 17 359 3
335.919 127.703 315.462 11 6 17 359 3
335.919 127.703 315.462 12 6 17 359 3
335.919 127.703 315.462 13 6 17 359 3
335.919 127.703 315.462 14 6 17 359 3
335.919 127.703 315.462 15 6 17 359 3
335.919 127.703 315.462 16 6 17 359 3
335.919 127.703 315.462 17 6 17 359 3
335.919 127.703 315.462 18 6 17 359 3
335.919 127.703 315.462 19 6 17 359 3
335.919 127.703 315.462 20 6 17 359 3
335.919 127.703 315.462 21 6 17 359 3
335.919 127.703 315.462 22 6 17 359 3
335.919 127.703 315.462 23 6 17 359 3
335.919 127.703 315.462 24 6 17 359 3
335.919 127.703 315.462 25 6 17 359 3
335.919 127.703 315.462 26 6 17 359 3
149.896 91.209 262.695 27 6 17 277 1
335.919 127.703 315.462 28 6 17 359 3
335.919 127.703 315.462 29 6 17 359 3
335.919 127.703 315.462 30 6 17 359 3
292.530 110.764 233.753 1 7 17 369 4
292.530 110.764 233.753 2 7 17 369 4
292.530 110.764 233.753 3 7 17 369 4
307.661 84.044 354.944 4 7 17 360 4
307.661 84.044 354.944 5 7 17 360 4
289.933 44.348 219.521 6 7 17 133 1
289.933 44.348 219.521 7 7 17 133 1
335.919 127.703 315.462 8 7 17 359 3
335.919 127.703 315.462 9 7 17 359 3
335.919 127.703 315.462 10 7 17 359 3
335.919 127.703 315.462 11 7 17 359 3
335.919 127.703 315.462 12 7 17 359 3
335.919 127.703 315.462 13 7 17 359 3
335.919 127.703 315.462 14 7 17 359 3
335.919 127.703 315.462 15 7 17 359 3
335.919 127.703 315.462 16 7 17 359 3
335.919 127.703 315.462 17 7 17 359 3
335.919 127.703 315.462 18 7 17 359 3
335.919 127.703 315.462 19 7 17 359 3
335.919 127.703 315.462 20 7 17 359 3
335.919 127.703 315.462 21 7 17 359 3
335.919 127.703 315.462 22 7 17 359 3
335.919 127.703 315.462 23 7 17 359 3
335.919 127.703 315.462 24 7 17 359 3
335.919 127.703 315.462 25 7 17 359 3
335.919 127.703 315.462 26 7 17 359 3
335.919 127.703 315.462 27 7 17 359 3
335.919 127.703 315.462 28 7 17 359 3
335.919 127.703 315.462 29 7 17 359 3
335.919 127.703 315.462 30 7 17 359 3
292.530 110.764 233.753 1 8 17 369 4
292.530 110.764 233.753 2 8 17 369 4
292.530 110.764 233.753 3 8 17 369 4
292.530 110.764 233.753 4 8 17 369 4
292.530 110.764 233.753 5 8 17 369 4
289.933 44.348 219.521 6 8 17 133 1
289.933 44.348 219.521 7 8 17 133 1
335.919 127.703 315.462 8 8 17 359 3
335.919 127.703 315.462 9 8 17 359 3
335.919 127.703 315.462 10 8 17 359 3
335.919 127.703 315.462 11 8 17 359 3
335.919 127.703 315.462 12 8 17 359 3
335.919 127.703 315.462 13 8 17 359 3
335.919 127.703 315.462 14 8 17 359 3
335.919 127.703 315.462 15 8 17 359 3
335.919 127.703 315.462 16 8 17 359 3
335.919 127.703 315.462 17 8 17 359 3
335.919 127.703 315.462 18 8 17 359 3
335.919 127.703 315.462 19 8 17 359 3
335.919 127.703 315.462 20 8 17 359 3
335.919 127.703 315.462 21 8 17 359 3
335.919 127.703 315.462 22 8 17 359 3
335.919 127.703 315.462 23 8 17 359 3
335.919 127.703 315.462 24 8 17 359 3
335.919 127.703 315.462 25 8 17 359 3
335.919 127.703 315.462 26 8 17 359 3
335.919 127.703 315.462 27 8 17 359 3
335.919 127.703 315.462 28 8 17 359 3
335.919 127.703 315.462 29 8 17 359 3
335.919 127.703 315.462 30 8 17 359 3
292.530 110.764 233.753 1 9 17 369 4
292.530 110.764 233.753 2 9 17 369 4
292.530 110.764 233.753 3 9 17 369 4
292.530 110.764 233.753 4 9 17 369 4
292.530 110.764 233.753 5 9 17 369 4
335.919 127.703 315.462 6 9 17 359 3
335.919 127.703 315.462 7 9 17 359 3
335.919 127.703 315.462 8 9 17 359 3
335.919 127.703 315.462 9 9 17 359 3
335.919 127.703 315.462 10 9 17 359 3
335.919 127.703 315.462 11 9 17 359 3
335.919 127.703 315.462 12 9 17 359 3
335.919 127.703 315.462 13 9 17 359 3
335.919 127.703 315.462 14 9 17 359 3
335.919 127.703 315.462 15 9 17 359 3
335.919 127.703 315.462 16 9 17 359 3
335.919 127.703 315.462 17 9 17 359 3
335.919 127.703 315.462 18 9 17 359 3
335.919 127.703 315.462 19 9 17 359 3
335.919 127.703 315.462 20 9 17 359 3
335.919 127.703 315.462 21 9 17 359 3
335.919 127.703 315.462 22 9 17 359 3
335.919 127.703 315.462 23 9 17 359 3
335.919 127.703 315.462 24 9 17 359 3
335.919 127.703 315.462 25 9 17 359 3
335.919 127.703 315.462 26 9 17 359 3
335.919 127.703 315.462 27 9 17 359 3
335.919 127.703 315.462 28 9 17 359 3
335.919 127.703 315.462 29 9 17 359 3
335.919 127.703 315.462 30 9 17 359 3
292.530 110.764 233.753 1 10 17 369 4
292.530 110.764 233.753 2 10 17 369 4
292.530 110.764 233.753 3 10 17 369 4
292.530 110.764 233.753 4 10 17 369 4
292.530 110.764 233.753 5 10 17 369 4
292.530 110.764 233.753 6 10 17 369 4
335.919 127.703 315.462 7 10 17 359 3
335.919 127.703 315.462 8 10 17 359 3
335.919 127.703 315.462 9 10 17 359 3
335.919 127.703 315.462 10 10 17 359 3
335.919 127.703 315.462 11 10 17 359 3
335.919 127.703 315.462 12 10 17 359 3
335.919 127.703 315.462 13 10 17 359 3
335.919 127.703 315.462 14 10 17 359 3
335.919 127.703 315.462 15 10 17 359 3
335.919 127.703 315.462 16 10 17 359 3
335.919 127.703 315.462 17 10 17 359 3
335.919 127.703 315.462 18 10 17 359 3
335.919 127.703 315.462 19 10 17 359 3
335.919 127.703 315.462 20 10 17 359 3
335.919 127.703 315.462 21 10 17 359 3
335.919 127.703 315.462 22 10 17 359 3
335.919 127.703 315.462 23 10 17 359 3
335.919 127.703 315.462 24 10 17 359 3
335.919 127.703 315.462 25 10 17 359 3
335.919 127.703 315.462 26 10 17 359 3
335.919 127.703 315.462 27 10 17 359 3
335.919 127.703 315.462 28 10 17 359 3
335.919 127.703 315.462 29 10 17 359 3
335.919 127.703 315.462 30 10 17 359 3
292.530 110.764 233.753 1 11 17 369 4
292.530 110.764 233.753 2 11 17 369 4
292.530 110.764 233.753 3 11 17 369 4
292.530 110.764 233.753 4 11 17 369 4
292.530 110.764 233.753 5 11 17 369 4
292.530 110.764 233.753 6 11 17 369 4
335.919 127.703 315.462 7 11 17 359 3
335.919 127.703 315.462 8 11 17 359 3
335.919 127.703 315.462 9 11 17 359 3
335.919 127.703 315.462 10 11 17 359 3
335.919 127.703 315.462 11 11 17 359 3
335.919 127.703 315.462 12 11 17 359 3
335.919 127.703 315.462 13 11 17 359 3
335.919 127.703 315.462 14 11 17 359 3
335.919 127.703 315.462 15 11 17 359 3
335.919 127.703 315.462 16 11 17 359 3
335.919 127.703 315.462 17 11 17 359 3
335.919 127.703 315.462 18 11 17 359 3
335.919 127.703 315.462 19 11 17 359 3
335.919 127.703 315.462 20 11 17 359 3
335.919 127.703 315.462 21 11 17 359 3
335.919 127.703 315.462 22 11 17 359 3
335.919 127.703 315.462 23 11 17 359 3
335.919 127.703 315.462 24 11 17 359 3
335.919 127.703 315.462 25 11 17 359 3
335.919 127.703 315.462 26 11 17 359 3
335.919 127.703 315.462 27 11 17 359 3
335.919 127.703 315.462 28 11 17 359 3
335.919 127.703 315.462 29 11 17 359 3
335.919 127.703 315.462 30 11 17 359 3
292.530 110.764 233.753 1 12 17 369 4
292.530 110.764 233.753 2 12 17 369 4
292.530 110.764 233.753 3 12 17 369 4
292.530 110.764 233.753 4 12 17 369 4
292.530 110.764 233.753 5 12 17 369 4
292.530 110.764 233.753 6 12 17 369 4
335.919 127.703 315.462 7 12 17 359 3
335.919 127.703 315.462 8 12 17 359 3
335.919 127.703 315.462 9 12 17 359 3
335.919 127.703 315.462 10 12 17 359 3
335.919 127.703 315.462 11 12 17 359 3
335.919 127.703 315.462 12 12 17 359 3
335.919 127.703 315.462 13 12 17 359 3
335.919 127.703 315.462 14 12 17 359 3
335.919 127.703 315.462 15 12 17 359 3
335.919 127.703 315.462 16 12 17 359 3
335.919 127.703 315.462 17 12 17 359 3
335.919 127.703 315.462 18 12 17 359 3
335.919 127.703 315.462 19 12 17 359 3
335.919 127.703 315.462 20 12 17 359 3
335.919 127.703 315.462 21 12 17 359 3
335.919 127.703 315.462 22 12 17 359 3
335.919 127.703 315.462 23 12 17 359 3
335.919 127.703 315.462 24 12 17 359 3
335.919 127.703 315.462 25 12 17 359 3
335.919 127.703 315.462 26 12 17 359 3
335.919 127.703 315.462 27 12 17 359 3
335.919 127.703 315.462 28 12 17 359 3
335.919 127.703 315.462 29 12 17 359 3
335.919 127.703 315.462 30 12 17 359 3
292.530 110.764 233.753 1 13 17 369 4
292.530 110.764 233.753 2 13 17 369 4
292.530 110.764 233.753 3 13 17 369 4
292.530 110.764 233.753 4 13 17 369 4
292.530 110.764 233.753 5 13 17 369 4
292.530 110.764 233.753 6 13 17 369 4
335.919 127.703 315.462 7 13 17 359 3
335.919 127.703 315.462 8 13 17 359 3
335.919 127.703 315.462 9 13 17 359 3
335.919 127.703 315.462 10 13 17 359 3
335.919 127.703 315.462 11 13 17 359 3
335.919 127.703 315.462 12 13 17 359 3
335.919 127.703 315.462 13 13 17 359 3
335.919 127.703 315.462 14 13 17 359 3
335.919 127.703 315.462 15 13 17 359 3
335.919 127.703 315.462 16 13 17 359 3
335.919 127.703 315.462 17 13 17 359 3
335.919 127.703 315.462 18 13 17 359 3
335.919 127.703 315.462 19 13 17 359 3
335.919 127.703 315.462 20 13 17 359 3
335.919 127.703 315.462 21 13 17 359 3
335.919 127.703 315.462 22 13 17 359 3
335.919 127.703 315.462 23 13 17 359 3
335.919 127.703 315.462 24 13 17 359 3
335.919 127.703 315.462 25 13 17 359 3
335.919 127.703 315.462 26 13 17 359 3
335.919 127.703 315.462 27 13 17 359 3
335.919 127.703 315.462 28 13 17 359 3
335.919 127.703 315.462 29 13 17 359 3
335.919 127.703 315.462 30 13 17 359 3
292.530 110.764 233.753 1 14 17 369 4
292.530 110.764 233.753 2 14 17 369 4
292.530 110.764 233.753 3 14 17 369 4
292.530 110.764 233.753 4 14 17 369 4
292.530 110.764 233.753 5 14 17 369 4
292.530 110.764 233.753 6 14 17 369 4
335.919 127.703 315.462 7 14 17 359 3
335.919 127.703 315.462 8 14 17 359 3
335.919 127.703 315.462 9 14 17 359 3
335.919 127.703 315.462 10 14 17 359 3
335.919 127.703 315.462 11 14 17 359 3
335.919 127.703 315.462 12 14 17 359 3
335.919 127.703 315.462 13 14 17 359 3
335.919 127.703 315.462 14 14 17 359 3
335.919 127.703 315.462 15 14 17 359 3
335.919 127.703 315.462 16 14 17 359 3
335.919 127.703 315.462 17 14 17 359 3
335.919 127.703 315.462 18 14 17 359 3
335.919 127.703 315.462 19 14 17 359 3
335.919 127.703 315.462 20 14 17 359 3
335.919 127.703 315.462 21 14 17 359 3
335.919 127.703 315.462 22 14 17 359 3
335.919 127.703 315.462 23 14 17 359 3
335.919 127.703 315.462 24 14 17 359 3
335.919 127.703 315.462 25 14 17 359 3
335.919 127.703 315.462 26 14 17 359 3
335.919 127.703 315.462 27 14 17 359 3
335.919 127.703 315.462 28 14 17 359 3
335.919 127.703 315.462 29 14 17 359 3
335.919 127.703 315.462 30 14 17 359 3
292.530 110.764 233.753 1 15 17 369 4
292.530 110.764 233.753 2 15 17 369 4
292.530 110.764 233.753 3 15 17 369 4
292.530 110.764 233.753 4 15 17 369 4
292.530 110.764 233.753 5 15 17 369 4
292.530 110.764 233.753 6 15 17 369 4
335.919 127.703 315.462 7 15 17 359 3
335.919 127.703 315.462 8 15 17 359 3
335.919 127.703 315.462 9 15 17 359 3
335.919 127.703 315.462 10 15 17 359 3
335.919 127.703 315.462 11 15 17 359 3
335.919 127.703 315.462 12 15 17 359 3
335.919 127.703 315.462 13 15 17 359 3
335.919 127.703 315.462 14 15 17 359 3
335.919 127.703 315.462 15 15 17 359 3
335.919 127.703 315.462 16 15 17 359 3
335.919 127.703 315.462 17 15 17 359 3
335.919 127.703 315.462 18 15 17 359 3
335.919 127.703 315.462 19 15 17 359 3
335.919 127.703 315.462 20 15 17 359 3
335.919 127.703 315.462 21 15 17 359 3
335.919 127.703 315.462 22 15 17 359 3
335.919 127.703 315.462 23 15 17 359 3
335.919 127.703 315.462 24 15 17 359 3
335.919 127.703 315.462 25 15 17 359 3
335.919 127.703 315.462 26 15 17 359 3
335.919 127.703 315.462 27 15 17 359 3
335.919 127.703 315.462 28 15 17 359 3
335.919 127.703 315.462 29 15 17 359 3
335.919 127.703 315.462 30 15 17 359 3
292.530 110.764 233.753 1 16 17 369 4
292.530 110.764 233.753 2 16 17 369 4
292.530 110.764 233.753 3 16 17 369 4
292.530 110.764 233.753 4 16 17 369 4
292.530 110.764 233.753 5 16 17 369 4
292.530 110.764 233.753 6 16 17 369 4
335.919 127.703 315.462 7 16 17 359 3
335.919 127.703 315.462 8 16 17 359 3
335.919 127.703 315.462 9 16 17 359 3
335.919 127.703 315.462 10 16 17 359 3
335.919 127.703 315.462 11 16 17 359 3
335.919 127.703 315.462 12 16 17 359 3
335.919 127.703 315.462 13 16 17 359 3
335.919 127.703 315.462 14 16 17 359 3
335.919 127.703 315.462 15 16 17 359 3
335.919 127.703 315.462 16 16 17 359 3
335.919 127.703 315.462 17 16 17 359 3
335.919 127.703 315.462 18 16 17 359 3
335.919 127.703 315.462 19 16 17 359 3
335.919 127.703 315.462 20 16 17 359 3
335.919 127.703 315.462 21 16 17 359 3
335.919 127.703 315.462 22 16 17 359 3
335.919 127.703 315.462 23 16 17 359 3
335.919 127.703 315.462 24 16 17 359 3
335.919 127.703 315.462 25 16 17 359 3
335.919 127.703 315.462 26 16 17 359 3
335.919 127.703 315.462 27 16 17 359 3
335.919 127.703 315.462 28 16 17 359 3
335.919 127.703 315.462 29 16 17 359 3
335.919 127.703 315.462 30 16 17 359 3
292.530 110.764 233.753 1 17 17 369 4
292.530 110.764 233.753 2 17 17 369 4
292.530 110.764 233.753 3 17 17 369 4
292.530 110.764 233.753 4 17 17 369 4
292.530 110.764 233.753 5 17 17 369 4
292.530 110.764 233.753 6 17 17 369 4
335.919 127.703 315.462 7 17 17 359 3
335.919 127.703 315.462 8 17 17 359 3
335.919 127.703 315.462 9 17 17 359 3
335.919 127.703 315.462 10 17 17 359 3
335.919 127.703 315.462 11 17 17 359 3
335.919 127.703 315.462 12 17 17 359 3
335.919 127.703 315.462 13 17 17 359 3
335.919 127.703 315.462 14 17 17 359 3
335.919 127.703 315.462 15 17 17 359 3
335.919 127.703 315.462 16 17 17 359 3
335.919 127.703 315.462 17 17 17 359 3
335.919 127.703 315.462 18 17 17 359 3
335.919 127.703 315.462 19 17 17 359 3
335.919 127.703 315.462 20 17 17 359 3
335.919 127.703 315.462 21 17 17 359 3
335.919 127.703 315.462 22 17 17 359 3
335.919 127.703 315.462 23 17 17 359 3
335.919 127.703 315.462 24 17 17 359 3
335.919 127.703 315.462 25 17 17 359 3
335.919 127.703 315.462 26 17 17 359 3
335.919 127.703 315.462 27 17 17 359 3
335.919 127.703 315.462 28 17 17 359 3
335.919 127.703 315.462 29 17 17 359 3
335.919 127.703 315.462 30 17 17 359 3
292.530 110.764 233.753 1 18 17 369 4
292.530 110.764 233.753 2 18 17 369 4
292.530 110.764 233.753 3 18 17 369 4
292.530 110.764 233.753 4 18 17 369 4
292.530 110.764 233.753 5 18 17 369 4
292.530 110.764 233.753 6 18 17 369 4
335.919 127.703 315.462 7 18 17 359 3
335.919 127.703 315.462 8 18 17 359 3
335.919 127.703 315.462 9 18 17 359 3
335.919 127.703 315.462 10 18 17 359 3
335.919 127.703 315.462 11 18 17 359 3
335.919 127.703 315.462 12 18 17 359 3
335.919 127.703 315.462 13 18 17 359 3
335.919 127.703 315.462 14 18 17 359 3
335.919 127.703 315.462 15 18 17 359 3
335.919 127.703 315.462 16 18 17 359 3
335.919 127.703 315.462 17 18 17 359 3
335.919 127.703 315.462 18 18 17 359 3
335.919 127.703 315.462 19 18 17 359 3
335.919 127.703 315.462 20 18 17 359 3
335.919 127.703 315.462 21 18 17 359 3
335.919 127.703 315.462 22 18 17 359 3
335.919 127.703 315.462 23 18 17 359 3
335.919 127.703 315.462 24 18 17 359 3
335.919 127.703 315.462 25 18 17 359 3
335.919 127.703 315.462 26 18 17 359 3
335.919 127.703 315.462 27 18 17 359 3
335.919 127.703 315.462 28 18 17 359 3
335.919 127.703 315.462 29 18 17 359 3
335.919 127.703 315.462 30 18 17 359 3
248.649 44.957 319.600 1 19 17 345 2
157.237 130.620 18.344 2 19 17 102 1
248.649 44.957 319.600 3 19 17 345 2
248.649 44.957 319.600 4 19 17 345 2
248.649 44.957 319.600 5 19 17 345 2
56.104 128.981 336.779 6 19 17 370 4
335.919 127.703 315.462 7 19 17 359 3
335.919 127.703 315.462 8 19 17 359 3
335.919 127.703 315.462 9 19 17 359 3
335.919 127.703 315.462 10 19 17 359 3
335.919 127.703 315.462 11 19 17 359 3
335.919 127.703 315.462 12 19 17 359 3
335.919 127.703 315.462 13 19 17 359 3
335.919 127.703 315.462 14 19 17 359 3
335.919 127.703 315.462 15 19 17 359 3
335.919 127.703 315.462 16 19 17 359 3
335.919 127.703 315.462 17 19 17 359 3
335.919 127.703 315.462 18 19 17 359 3
335.919 127.703 315.462 19 19 17 359 3
335.919 127.703 315.462 20 19 17 359 3
335.919 127.703 315.462 21 19 17 359 3
335.919 127.703 315.462 22 19 17 359 3
335.919 127.703 315.462 23 19 17 359 3
335.919 127.703 315.462 24 19 17 359 3
335.919 127.703 315.462 25 19 17 359 3
335.919 127.703 315.462 26 19 17 359 3
335.919 127.703 315.462 27 19 17 359 3
335.919 127.703 315.462 28 19 17 359 3
335.919 127.703 315.462 29 19 17 359 3
335.919 127.703 315.462 30 19 17 359 3
248.649 44.957 319.600 1 20 17 345 2
157.237 130.620 18.344 2 20 17 102 1
248.649 44.957 319.600 3 20 17 345 2
248.649 44.957 319.600 4 20 17 345 2
248.649 44.957 319.600 5 20 17 345 2
56.104 128.981 336.779 6 20 17 370 4
56.104 128.981 336.779 7 20 17 370 4
56.104 128.981 336.779 8 20 17 370 4
335.919 127.703 315.462 9 20 17 359 3
335.919 127.703 315.462 10 20 17 359 3
335.919 127.703 315.462 11 20 17 359 3
335.919 127.703 315.462 12 20 17 359 3
335.919 127.703 315.462 13 20 17 359 3
335.919 127.703 315.462 14 20 17 359 3
335.919 127.703 315.462 15 20 17 359 3
335.919 127.703 315.462 16 20 17 359 3
335.919 127.703 315.462 17 20 17 359 3
335.919 127.703 315.462 18 20 17 359 3
335.919 127.703 315.462 19 20 17 359 3
335.919 127.703 315.462 20 20 17 359 3
335.919 127.703 315.462 21 20 17 359 3
335.919 127.703 315.462 22 20 17 359 3
335.919 127.703 315.462 23 20 17 359 3
335.919 127.703 315.462 24 20 17 359 3
335.919 127.703 315.462 25 20 17 359 3
335.919 127.703 315.462 26 20 17 359 3
335.919 127.703 315.462 27 20 17 359 3
335.919 127.703 315.462 28 20 17 359 3
335.919 127.703 315.462 29 20 17 359 3
335.919 127.703 315.462 30 20 17 359 3
248.649 44.957 319.600 1 21 17 345 2
248.649 44.957 319.600 2 21 17 345 2
248.649 44.957 319.600 3 21 17 345 2
248.649 44.957 319.600 4 21 17 345 2
248.649 44.957 319.600 5 21 17 345 2
56.104 128.981 336.779 6 21 17 370 4
56.104 128.981 336.779 7 21 17 370 4
56.104 128.981 336.779 8 21 17 370 4
56.104 128.981 336.779 9 21 17 370 4
56.104 128.981 336.779 10 21 17 370 4
335.919 127.703 315.462 11 21 17 359 3
335.919 127.703 315.462 12 21 17 359 3
335.919 127.703 315.462 13 21 17 359 3
335.919 127.703 315.462 14 21 17 359 3
335.919 127.703 315.462 15 21 17 359 3
335.919 127.703 315.462 16 21 17 359 3
335.919 127.703 315.462 17 21 17 359 3
335.919 127.703 315.462 18 21 17 359 3
335.919 127.703 315.462 19 21 17 359 3
335.919 127.703 315.462 20 21 17 359 3
335.919 127.703 315.462 21 21 17 359 3
335.919 127.703 315.462 22 21 17 359 3
335.919 127.703 315.462 23 21 17 359 3
335.919 127.703 315.462 24 21 17 359 3
335.919 127.703 315.462 25 21 17 359 3
335.919 127.703 315.462 26 21 17 359 3
335.919 127.703 315.462 27 21 17 359 3
335.919 127.703 315.462 28 21 17 359 3
335.919 127.703 315.462 29 21 17 359 3
335.919 127.703 315.462 30 21 17 359 3
248.649 44.957 319.600 1 22 17 345 2
248.649 44.957 319.600 2 22 17 345 2
248.649 44.957 319.600 3 22 17 345 2
138.563 59.158 88.275 4 22 17 367 4
56.104 128.981 336.779 5 22 17 370 4
56.104 128.981 336.779 6 22 17 370 4
56.104 128.981 336.779 7 22 17 370 4
56.104 128.981 336.779 8 22 17 370 4
56.104 128.981 336.779 9 22 17 370 4
56.104 128.981 336.779 10 22 17 370 4
56.104 128.981 336.779 11 22 17 370 4
56.104 128.981 336.779 12 22 17 370 4
335.919 127.703 315.462 13 22 17 359 3
335.919 127.703 315.462 14 22 17 359 3
335.919 127.703 315.462 15 22 17 359 3
335.919 127.703 315.462 16 22 17 359 3
335.919 127.703 315.462 17 22 17 359 3
335.919 127.703 315.462 18 22 17 359 3
335.919 127.703 315.462 19 22 17 359 3
335.919 127.703 315.462 20 22 17 359 3
335.919 127.703 315.462 21 22 17 359 3
335.919 127.703 315.462 22 22 17 359 3
335.919 127.703 315.462 23 22 17 359 3
335.919 127.703 315.462 24 22 17 359 3
335.919 127.703 315.462 25 22 17 359 3
335.919 127.703 315.462 26 22 17 359 3
335.919 127.703 315.462 27 22 17 359 3
335.919 127.703 315.462 28 22 17 359 3
335.919 127.703 315.462 29 22 17 359 3
335.919 127.703 315.462 30 22 17 359 3
248.649 44.957 319.600 1 23 17 345 2
248.649 44.957 319.600 2 23 17 345 2
138.563 59.158 88.275 3 23 17 367 4
138.563 59.158 88.275 4 23 17 367 4
56.104 128.981 336.779 5 23 17 370 4
164.756 36.665 37.233 6 23 17 426 2
164.756 36.665 37.233 7 23 17 426 2
164.756 36.665 37.233 8 23 17 426 2
164.756 36.665 37.233 9 23 17 426 2
56.104 128.981 336.779 10 23 17 370 4
56.104 128.981 336.779 11 23 17 370 4
6.361 72.158 155.141 12 23 17 26 1
263.224 143.945 132.045 13 23 17 373 4
335.919 127.703 315.462 14 23 17 359 3
335.919 127.703 315.462 15 23 17 359 3
335.919 127.703 315.462 16 23 17 359 3
335.919 127.703 315.462 17 23 17 359 3
335.919 127.703 315.462 18 23 17 359 3
335.919 127.703 315.462 19 23 17 359 3
335.919 127.703 315.462 20 23 17 359 3
335.919 127.703 315.462 21 23 17 359 3
335.919 127.703 315.462 22 23 17 359 3
335.919 127.703 315.462 23 23 17 359 3
335.919 127.703 315.462 24 23 17 359 3
335.919 127.703 315.462 25 23 17 359 3
335.919 127.703 315.462 26 23 17 359 3
335.919 127.703 315.462 27 23 17 359 3
335.919 127.703 315.462 28 23 17 359 3
335.919 127.703 315.462 29 23 17 359 3
335.919 127.703 315.462 30 23 17 359 3
138.563 59.158 88.275 1 24 17 367 4
138.563 59.158 88.275 2 24 17 367 4
138.563 59.158 88.275 3 24 17 367 4
228.186 141.054 297.980 4 24 17 2 1
56.104 128.981 336.779 5 24 17 370 4
164.756 36.665 37.233 6 24 17 426 2
164.756 36.665 37.233 7 24 17 426 2
164.756 36.665 37.233 8 24 17 426 2
164.756 36.665 37.233 9 24 17 426 2
56.104 128.981 336.779 10 24 17 370 4
56.104 128.981 336.779 11 24 17 370 4
6.361 72.158 155.141 12 24 17 26 1
263.224 143.945 132.045 13 24 17 373 4
263.224 143.945 132.045 14 24 17 373 4
263.224 143.945 132.045 15 24 17 373 4
263.224 143.945 132.045 16 24 17 373 4
36.705 90.137 295.270 17 24 17 209 1
36.705 90.137 295.270 18 24 17 209 1
335.919 127.703 315.462 19 24 17 359 3
335.919 127.703 315.462 20 24 17 359 3
335.919 127.703 315.462 21 24 17 359 3
335.919 127.703 315.462 22 24 17 359 3
94.576 72.414 253.803 23 24 17 431 4
94.576 72.414 253.803 24 24 17 431 4
94.576 72.414 253.803 25 24 17 431 4
94.576 72.414 253.803 26 24 17 431 4
94.576 72.414 253.803 27 24 17 431 4
335.919 127.703 315.462 28 24 17 359 3
335.919 127.703 315.462 29 24 17 359 3
335.919 127.703 315.462 30 24 17 359 3
138.563 59.158 88.275 1 25 17 367 4
156.829 71.501 214.932 2 25 17 289 2
138.563 59.158 88.275 3 25 17 367 4
56.104 128.981 336.779 4 25 17 370 4
56.104 128.981 336.779 5 25 17 370 4
164.756 36.665 37.233 6 25 17 426 2
164.756 36.665 37.233 7 25 17 426 2
164.756 36.665 37.233 8 25 17 426 2
201.616 148.595 240.096 9 25 17 341 2
56.104 128.981 336.779 10 25 17 370 4
56.104 128.981 336.779 11 25 17 370 4
263.224 143.945 132.045 12 25 17 373 4
263.224 143.945 132.045 13 25 17 373 4
263.224 143.945 132.045 14 25 17 373 4
263.224 143.945 132.045 15 25 17 373 4
263.224 143.945 132.045 16 25 17 373 4
36.705 90.137 295.270 17 25 17 209 1
36.705 90.137 295.270 18 25 17 209 1
169.438 41.541 231.666 19 25 17 312 2
169.438 41.541 231.666 20 25 17 312 2
169.438 41.541 231.666 21 25 17 312 2
94.576 72.414 253.803 22 25 17 431 4
94.576 72.414 253.803 23 25 17 431 4
94.576 72.414 253.803 24 25 17 431 4
94.576 72.414 253.803 25 25 17 431 4
94.576 72.414 253.803 26 25 17 431 4
94.576 72.414 253.803 27 25 17 431 4
94.576 72.414 253.803 28 25 17 431 4
94.576 72.414 253.803 29 25 17 431 4
335.919 127.703 315.462 30 25 17 359 3
2.277 116.274 29.883 1 26 17 234 1
156.829 71.501 214.932 2 26 17 289 2
2.277 116.274 29.883 3 26 17 234 1
56.104 128.981 336.779 4 26 17 370 4
56.104 128.981 336.779 5 26 17 370 4
56.104 128.981 336.779 6 26 17 370 4
56.104 128.981 336.779 7 26 17 370 4
56.104 128.981 336.779 8 26 17 370 4
56.104 128.981 336.779 9 26 17 370 4
56.104 128.981 336.779 10 26 17 370 4
56.104 128.981 336.779 11 26 17 370 4
263.224 143.945 132.045 12 26 17 373 4
263.224 143.945 132.045 13 26 17 373 4
263.224 143.945 132.045 14 26 17 373 4
263.224 143.945 132.045 15 26 17 373 4
263.224 143.945 132.045 16 26 17 373 4
263.224 143.945 132.045 17 26 17 373 4
263.224 143.945 132.045 18 26 17 373 4
169.438 41.541 231.666 19 26 17 312 2
169.438 41.541 231.666 20 26 17 312 2
169.438 41.541 231.666 21 26 17 312 2
94.576 72.414 253.803 22 26 17 431 4
94.576 72.414 253.803 23 26 17 431 4
94.576 72.414 253.803 24 26 17 431 4
94.576 72.414 253.803 25 26 17 431 4
94.576 72.414 253.803 26 26 17 431 4
94.576 72.414 253.803 27 26 17 431 4
94.576 72.414 253.803 28 26 17 431 4
94.576 72.414 253.803 29 26 17 431 4
94.576 72.414 253.803 30 26 17 431 4
2.277 116.274 29.883 1 27 17 234 1
2.277 116.274 29.883 2 27 17 234 1
2.277 116.274 29.883 3 27 17 234 1
2.277 116.274 29.883 4 27 17 234 1
2.277 116.274 29.883 5 27 17 234 1
56.104 128.981 336.779 6 27 17 370 4
56.104 128.981 336.779 7 27 17 370 4
56.104 128.981 336.779 8 27 17 370 4
56.104 128.981 336.779 9 27 17 370 4
56.104 128.981 336.779 10 27 17 370 4
56.104 128.981 336.779 11 27 17 370 4
263.224 143.945 132.045 12 27 17 373 4
263.224 143.945 132.045 13 27 17 373 4
263.224 143.945 132.045 14 27 17 373 4
263.224 143.945 132.045 15 27 17 373 4
263.224 143.945 132.045 16 27 17 373 4
263.224 143.945 132.045 17 27 17 373 4
263.224 143.945 132.045 18 27 17 373 4
169.438 41.541 231.666 19 27 17 312 2
169.438 41.541 231.666 20 27 17 312 2
169.438 41.541 231.666 21 27 17 312 2
94.576 72.414 253.803 22 27 17 431 4
94.576 72.414 253.803 23 27 17 431 4
94.576 72.414 253.803 24 27 17 431 4
94.576 72.414 253.803 25 27 17 431 4
94.576 72.414 253.803 26 27 17 431 4
94.576 72.414 253.803 27 27 17 431 4
94.576 72.414 253.803 28 27 17 431 4
94.576 72.414 253.803 29 27 17 431 4
94.576 72.414 253.803 30 27 17 431 4
2.277 116.274 29.883 1 28 17 234 1
2.277 116.274 29.883 2 28 17 234 1
2.277 116.274 29.883 3 28 17 234 1
2.277 116.274 29.883 4 28 17 234 1
2.277 116.274 29.883 5 28 17 234 1
2.277 116.274 29.883 6 28 17 234 1
2.277 116.274 29.883 7 28 17 234 1
56.104 128.981 336.779 8 28 17 370 4
308.629 57.762 310.143 9 28 17 233 1
56.104 128.981 336.779 10 28 17 370 4
56.104 128.981 336.779 11 28 17 370 4
263.224 143.945 132.045 12 28 17 373 4
263.224 143.945 132.045 13 28 17 373 4
263.224 143.945 132.045 14 28 17 373 4
263.224 143.945 132.045 15 28 17 373 4
263.224 143.945 132.045 16 28 17 373 4
263.224 143.945 132.045 17 28 17 373 4
263.224 143.945 132.045 18 28 17 373 4
263.224 143.945 132.045 19 28 17 373 4
169.438 41.541 231.666 20 28 17 312 2
169.438 41.541 231.666 21 28 17 312 2
169.438 41.541 231.666 22 28 17 312 2
94.576 72.414 253.803 23 28 17 431 4
94.576 72.414 253.803 24 28 17 431 4
94.576 72.414 253.803 25 28 17 431 4
94.576 72.414 253.803 26 28 17 431 4
94.576 72.414 253.803 27 28 17 431 4
94.576 72.414 253.803 28 28 17 431 4
94.576 72.414 253.803 29 28 17 431 4
94.576 72.414 253.803 30 28 17 431 4
2.277 116.274 29.883 1 29 17 234 1
2.277 116.274 29.883 2 29 17 234 1
2.277 116.274 29.883 3 29 17 234 1
2.277 116.274 29.883 4 29 17 234 1
2.277 116.274 29.883 5 29 17 234 1
2.277 116.274 29.883 6 29 17 234 1
2.277 116.274 29.883 7 29 17 234 1
2.277 116.274 29.883 8 29 17 234 1
308.629 57.762 310.143 9 29 17 233 1
56.104 128.981 336.779 10 29 17 370 4
78.893 80.950 10.071 11 29 17 9 1
78.893 80.950 10.071 12 29 17 9 1
78.893 80.950 10.071 13 29 17 9 1
263.224 143.945 132.045 14 29 17 373 4
263.224 143.945 132.045 15 29 17 373 4
263.224 143.945 132.045 16 29 17 373 4
263.224 143.945 132.045 17 29 17 373 4
263.224 143.945 132.045 18 29 17 373 4
263.224 143.945 132.045 19 29 17 373 4
263.224 143.945 132.045 20 29 17 373 4
169.438 41.541 231.666 21 29 17 312 2
161.462 85.464 158.065 22 29 17 406 1
94.576 72.414 253.803 23 29 17 431 4
94.576 72.414 253.803 24 29 17 431 4
94.576 72.414 253.803 25 29 17 431 4
94.576 72.414 253.803 26 29 17 431 4
94.576 72.414 253.803 27 29 17 431 4
94.576 72.414 253.803 28 29 17 431 4
94.576 72.414 253.803 29 29 17 431 4
94.576 72.414 253.803 30 29 17 431 4
10.289 127.489 100.586 1 30 17 130 1
2.277 116.274 29.883 2 30 17 234 1
2.277 116.274 29.883 3 30 17 234 1
2.277 116.274 29.883 4 30 17 234 1
2.277 116.274 29.883 5 30 17 234 1
2.277 116.274 29.883 6 30 17 234 1
2.277 116.274 29.883 7 30 17 234 1
2.277 116.274 29.883 8 30 17 234 1
258.683 34.138 49.438 9 30 17 223 1
258.683 34.138 49.438 10 30 17 223 1
78.893 80.950 10.071 11 30 17 9 1
78.893 80.950 10.071 12 30 17 9 1
78.893 80.950 10.071 13 30 17 9 1
263.224 143.945 132.045 14 30 17 373 4
58.911 168.346 206.906 15 30 17 33 1
263.224 143.945 132.045 16 30 17 373 4
263.224 143.945 132.045 17 30 17 373 4
263.224 143.945 132.045 18 30 17 373 4
263.224 143.945 132.045 19 30 17 373 4
263.224 143.945 132.045 20 30 17 373 4
263.224 143.945 132.045 21 30 17 373 4
161.462 85.464 158.065 22 30 17 406 1
94.576 72.414 253.803 23 30 17 431 4
94.576 72.414 253.803 24 30 17 431 4
94.576 72.414 253.803 25 30 17 431 4
94.576 72.414 253.803 26 30 17 431 4
94.576 72.414 253.803 27 30 17 431 4
94.576 72.414 253.803 28 30 17 431 4
94.576 72.414 253.803 29 30 17 431 4
94.576 72.414 253.803 30 30 17 431 4
