323.813 49.883 113.811 1 1 11 97 1
323.813 49.883 113.811 2 1 11 97 1
303.400 86.476 243.728 3 1 11 197 1
303.400 86.476 243.728 4 1 11 197 1
303.400 86.476 243.728 5 1 11 197 1
31.243 111.091 327.656 6 1 11 215 1
31.243 111.091 327.656 7 1 11 215 1
343.789 124.719 40.523 8 1 11 343 2
335.919 127.703 315.462 9 1 11 359 3
335.919 127.703 315.462 10 1 11 359 3
335.919 127.703 315.462 11 1 11 359 3
335.919 127.703 315.462 12 1 11 359 3
335.919 127.703 315.462 13 1 11 359 3
335.919 127.703 315.462 14 1 11 359 3
335.919 127.703 315.462 15 1 11 359 3
335.919 127.703 315.462 16 1 11 359 3
335.919 127.703 315.462 17 1 11 359 3
335.919 127.703 315.462 18 1 11 359 3
335.919 127.703 315.462 19 1 11 359 3
335.919 127.703 315.462 20 1 11 359 3
335.919 127.703 315.462 21 1 11 359 3
335.919 127.703 315.462 22 1 11 359 3
335.919 127.703 315.462 23 1 11 359 3
335.919 127.703 315.462 24 1 11 359 3
335.919 127.703 315.462 25 1 11 359 3
335.919 127.703 315.462 26 1 11 359 3
335.919 127.703 315.462 27 1 11 359 3
335.919 127.703 315.462 28 1 11 359 3
335.919 127.703 315.462 29 1 11 359 3
335.919 127.703 315.462 30 1 11 359 3
323.813 49.883 113.811 1 2 11 97 1
323.813 49.883 113.811 2 2 11 97 1
323.813 49.883 113.811 3 2 11 97 1
303.400 86.476 243.728 4 2 11 197 1
303.400 86.476 243.728 5 2 11 197 1
31.243 111.091 327.656 6 2 11 215 1
343.789 124.719 40.523 7 2 11 343 2
343.789 124.719 40.523 8 2 11 343 2
335.919 127.703 315.462 9 2 11 359 3
335.919 127.703 315.462 10 2 11 359 3
335.919 127.703 315.462 11 2 11 359 3
335.919 127.703 315.462 12 2 11 359 3
335.919 127.703 315.462 13 2 11 359 3
335.919 127.703 315.462 14 2 11 359 3
335.919 127.703 315.462 15 2 11 359 3
335.919 127.703 315.462 16 2 11 359 3
335.919 127.703 315.462 17 2 11 359 3
335.919 127.703 315.462 18 2 11 359 3
335.919 127.703 315.462 19 2 11 359 3
335.919 127.703 315.462 20 2 11 359 3
335.919 127.703 315.462 21 2 11 359 3
335.919 127.703 315.462 22 2 11 359 3
335.919 127.703 315.462 23 2 11 359 3
335.919 127.703 315.462 24 2 11 359 3
335.919 127.703 315.462 25 2 11 359 3
335.919 127.703 315.462 26 2 11 359 3
335.919 127.703 315.462 27 2 11 359 3
335.919 127.703 315.462 28 2 11 359 3
335.919 127.703 315.462 29 2 11 359 3
335.919 127.703 315.462 30 2 11 359 3
323.813 49.883 113.811 1 3 11 97 1
323.813 49.883 113.811 2 3 11 97 1
116.417 54.710 289.048 3 3 11 300 2
116.417 54.710 289.048 4 3 11 300 2
116.417 54.710 289.048 5 3 11 300 2
31.243 111.091 327.656 6 3 11 215 1
343.789 124.719 40.523 7 3 11 343 2
335.919 127.703 315.462 8 3 11 359 3
335.919 127.703 315.462 9 3 11 359 3
335.919 127.703 315.462 10 3 11 359 3
335.919 127.703 315.462 11 3 11 359 3
335.919 127.703 315.462 12 3 11 359 3
335.919 127.703 315.462 13 3 11 359 3
335.919 127.703 315.462 14 3 11 359 3
335.919 127.703 315.462 15 3 11 359 3
335.919 127.703 315.462 16 3 11 359 3
335.919 127.703 315.462 17 3 11 359 3
335.919 127.703 315.462 18 3 11 359 3
335.919 127.703 315.462 19 3 11 359 3
335.919 127.703 315.462 20 3 11 359 3
335.919 127.703 315.462 21 3 11 359 3
335.919 127.703 315.462 22 3 11 359 3
335.919 127.703 315.462 23 3 11 359 3
335.919 127.703 315.462 24 3 11 359 3
335.919 127.703 315.462 25 3 11 359 3
335.919 127.703 315.462 26 3 11 359 3
335.919 127.703 315.462 27 3 11 359 3
335.919 127.703 315.462 28 3 11 359 3
335.919 127.703 315.462 29 3 11 359 3
335.919 127.703 315.462 30 3 11 359 3
323.813 49.883 113.811 1 4 11 97 1
116.417 54.710 289.048 2 4 11 300 2
116.417 54.710 289.048 3 4 11 300 2
116.417 54.710 289.048 4 4 11 300 2
116.417 54.710 289.048 5 4 11 300 2
31.243 111.091 327.656 6 4 11 215 1
335.919 127.703 315.462 7 4 11 359 3
335.919 127.703 315.462 8 4 11 359 3
335.919 127.703 315.462 9 4 11 359 3
335.919 127.703 315.462 10 4 11 359 3
335.919 127.703 315.462 11 4 11 359 3
335.919 127.703 315.462 12 4 11 359 3
335.919 127.703 315.462 13 4 11 359 3
335.919 127.703 315.462 14 4 11 359 3
335.919 127.703 315.462 15 4 11 359 3
335.919 127.703 315.462 16 4 11 359 3
335.919 127.703 315.462 17 4 11 359 3
335.919 127.703 315.462 18 4 11 359 3
335.919 127.703 315.462 19 4 11 359 3
335.919 127.703 315.462 20 4 11 359 3
335.919 127.703 315.462 21 4 11 359 3
335.919 127.703 315.462 22 4 11 359 3
335.919 127.703 315.462 23 4 11 359 3
335.919 127.703 315.462 24 4 11 359 3
335.919 127.703 315.462 25 4 11 359 3
335.919 127.703 315.462 26 4 11 359 3
335.919 127.703 315.462 27 4 11 359 3
335.919 127.703 315.462 28 4 11 359 3
335.919 127.703 315.462 29 4 11 359 3
335.919 127.703 315.462 30 4 11 359 3
42.354 54.714 32.828 1 5 11 342 2
116.417 54.710 289.048 2 5 11 300 2
116.417 54.710 289.048 3 5 11 300 2
116.417 54.710 289.048 4 5 11 300 2
339.285 74.261 167.101 5 5 11 286 2
116.417 54.710 289.048 6 5 11 300 2
335.919 127.703 315.462 7 5 11 359 3
335.919 127.703 315.462 8 5 11 359 3
335.919 127.703 315.462 9 5 11 359 3
335.919 127.703 315.462 10 5 11 359 3
335.919 127.703 315.462 11 5 11 359 3
335.919 127.703 315.462 12 5 11 359 3
335.919 127.703 315.462 13 5 11 359 3
335.919 127.703 315.462 14 5 11 359 3
335.919 127.703 315.462 15 5 11 359 3
335.919 127.703 315.462 16 5 11 359 3
335.919 127.703 315.462 17 5 11 359 3
335.919 127.703 315.462 18 5 11 359 3
335.919 127.703 315.462 19 5 11 359 3
335.919 127.703 315.462 20 5 11 359 3
335.919 127.703 315.462 21 5 11 359 3
335.919 127.703 315.462 22 5 11 359 3
335.919 127.703 315.462 23 5 11 359 3
335.919 127.703 315.462 24 5 11 359 3
335.919 127.703 315.462 25 5 11 359 3
335.919 127.703 315.462 26 5 11 359 3
335.919 127.703 315.462 27 5 11 359 3
335.919 127.703 315.462 28 5 11 359 3
335.919 127.703 315.462 29 5 11 359 3
335.919 127.703 315.462 30 5 11 359 3
42.354 54.714 32.828 1 6 11 342 2
42.354 54.714 32.828 2 6 11 342 2
116.417 54.710 289.048 3 6 11 300 2
116.417 54.710 289.048 4 6 11 300 2
116.417 54.710 289.048 5 6 11 300 2
335.919 127.703 315.462 6 6 11 359 3
335.919 127.703 315.462 7 6 11 359 3
335.919 127.703 315.462 8 6 11 359 3
335.919 127.703 315.462 9 6 11 359 3
335.919 127.703 315.462 10 6 11 359 3
335.919 127.703 315.462 11 6 11 359 3
335.919 127.703 315.462 12 6 11 359 3
335.919 127.703 315.462 13 6 11 359 3
335.919 127.703 315.462 14 6 11 359 3
335.919 127.703 315.462 15 6 11 359 3
335.919 127.703 315.462 16 6 11 359 3
335.919 127.703 315.462 17 6 11 359 3
335.919 127.703 315.462 18 6 11 359 3
335.919 127.703 315.462 19 6 11 359 3
335.919 127.703 315.462 20 6 11 359 3
335.919 127.703 315.462 21 6 11 359 3
335.919 127.703 315.462 22 6 11 359 3
335.919 127.703 315.462 23 6 11 359 3
335.919 127.703 315.462 24 6 11 359 3
335.919 127.703 315.462 25 6 11 359 3
335.919 127.703 315.462 26 6 11 359 3
335.919 127.703 315.462 27 6 11 359 3
335.919 127.703 315.462 28 6 11 359 3
335.919 127.703 315.462 29 6 11 359 3
335.919 127.703 315.462 30 6 11 359 3
292.530 110.764 233.753 1 7 11 369 4
292.530 110.764 233.753 2 7 11 369 4
292.530 110.764 233.753 3 7 11 369 4
292.530 110.764 233.753 4 7 11 369 4
292.530 110.764 233.753 5 7 11 369 4
335.919 127.703 315.462 6 7 11 359 3
335.919 127.703 315.462 7 7 11 359 3
335.919 127.703 315.462 8 7 11 359 3
335.919 127.703 315.462 9 7 11 359 3
335.919 127.703 315.462 10 7 11 359 3
335.919 127.703 315.462 11 7 11 359 3
335.919 127.703 315.462 12 7 11 359 3
335.919 127.703 315.462 13 7 11 359 3
335.919 127.703 315.462 14 7 11 359 3
335.919 127.703 315.462 15 7 11 359 3
335.919 127.703 315.462 16 7 11 359 3
335.919 127.703 315.462 17 7 11 359 3
335.919 127.703 315.462 18 7 11 359 3
335.919 127.703 315.462 19 7 11 359 3
335.919 127.703 315.462 20 7 11 359 3
335.919 127.703 315.462 21 7 11 359 3
335.919 127.703 315.462 22 7 11 359 3
335.919 127.703 315.462 23 7 11 359 3
335.919 127.703 315.462 24 7 11 359 3
335.919 127.703 315.462 25 7 11 359 3
335.919 127.703 315.462 26 7 11 359 3
335.919 127.703 315.462 27 7 11 359 3
335.919 127.703 315.462 28 7 11 359 3
335.919 127.703 315.462 29 7 11 359 3
335.919 127.703 315.462 30 7 11 359 3
292.530 110.764 233.753 1 8 11 369 4
292.530 110.764 233.753 2 8 11 369 4
292.530 110.764 233.753 3 8 11 369 4
292.530 110.764 233.753 4 8 11 369 4
292.530 110.764 233.753 5 8 11 369 4
335.919 127.703 315.462 6 8 11 359 3
335.919 127.703 315.462 7 8 11 359 3
335.919 127.703 315.462 8 8 11 359 3
335.919 127.703 315.462 9 8 11 359 3
335.919 127.703 315.462 10 8 11 359 3
335.919 127.703 315.462 11 8 11 359 3
335.919 127.703 315.462 12 8 11 359 3
335.919 127.703 315.462 13 8 11 359 3
335.919 127.703 315.462 14 8 11 359 3
335.919 127.703 315.462 15 8 11 359 3
335.919 127.703 315.462 16 8 11 359 3
335.919 127.703 315.462 17 8 11 359 3
335.919 127.703 315.462 18 8 11 359 3
335.919 127.703 315.462 19 8 11 359 3
335.919 127.703 315.462 20 8 11 359 3
335.919 127.703 315.462 21 8 11 359 3
335.919 127.703 315.462 22 8 11 359 3
335.919 127.703 315.462 23 8 11 359 3
335.919 127.703 315.462 24 8 11 359 3
335.919 127.703 315.462 25 8 11 359 3
335.919 127.703 315.462 26 8 11 359 3
335.919 127.703 315.462 27 8 11 359 3
335.919 127.703 315.462 28 8 11 359 3
335.919 127.703 315.462 29 8 11 359 3
335.919 127.703 315.462 30 8 11 359 3
292.530 110.764 233.753 1 9 11 369 4
292.530 110.764 233.753 2 9 11 369 4
292.530 110.764 233.753 3 9 11 369 4
292.530 110.764 233.753 4 9 11 369 4
292.530 110.764 233.753 5 9 11 369 4
335.919 127.703 315.462 6 9 11 359 3
335.919 127.703 315.462 7 9 11 359 3
335.919 127.703 315.462 8 9 11 359 3
335.919 127.703 315.462 9 9 11 359 3
335.919 127.703 315.462 10 9 11 359 3
335.919 127.703 315.462 11 9 11 359 3
335.919 127.703 315.462 12 9 11 359 3
335.919 127.703 315.462 13 9 11 359 3
335.919 127.703 315.462 14 9 11 359 3
335.919 127.703 315.462 15 9 11 359 3
335.919 127.703 315.462 16 9 11 359 3
335.919 127.703 315.462 17 9 11 359 3
335.919 127.703 315.462 18 9 11 359 3
335.919 127.703 315.462 19 9 11 359 3
335.919 127.703 315.462 20 9 11 359 3
335.919 127.703 315.462 21 9 11 359 3
335.919 127.703 315.462 22 9 11 359 3
335.919 127.703 315.462 23 9 11 359 3
335.919 127.703 315.462 24 9 11 359 3
335.919 127.703 315.462 25 9 11 359 3
335.919 127.703 315.462 26 9 11 359 3
335.919 127.703 315.462 27 9 11 359 3
335.919 127.703 315.462 28 9 11 359 3
335.919 127.703 315.462 29 9 11 359 3
335.919 127.703 315.462 30 9 11 359 3
292.530 110.764 233.753 1 10 11 369 4
292.530 110.764 233.753 2 10 11 369 4
292.530 110.764 233.753 3 10 11 369 4
292.530 110.764 233.753 4 10 11 369 4
292.530 110.764 233.753 5 10 11 369 4
292.530 110.764 233.753 6 10 11 369 4
335.919 127.703 315.462 7 10 11 359 3
335.919 127.703 315.462 8 10 11 359 3
335.919 127.703 315.462 9 10 11 359 3
335.919 127.703 315.462 10 10 11 359 3
335.919 127.703 315.462 11 10 11 359 3
335.919 127.703 315.462 12 10 11 359 3
335.919 127.703 315.462 13 10 11 359 3
335.919 127.703 315.462 14 10 11 359 3
335.919 127.703 315.462 15 10 11 359 3
335.919 127.703 315.462 16 10 11 359 3
335.919 127.703 315.462 17 10 11 359 3
335.919 127.703 315.462 18 10 11 359 3
335.919 127.703 315.462 19 10 11 359 3
335.919 127.703 315.462 20 10 11 359 3
335.919 127.703 315.462 21 10 11 359 3
335.919 127.703 315.462 22 10 11 359 3
335.919 127.703 315.462 23 10 11 359 3
335.919 127.703 315.462 24 10 11 359 3
335.919 127.703 315.462 25 10 11 359 3
335.919 127.703 315.462 26 10 11 359 3
335.919 127.703 315.462 27 10 11 359 3
335.919 127.703 315.462 28 10 11 359 3
335.919 127.703 315.462 29 10 11 359 3
335.919 127.703 315.462 30 10 11 359 3
292.530 110.764 233.753 1 11 11 369 4
292.530 110.764 233.753 2 11 11 369 4
292.530 110.764 233.753 3 11 11 369 4
292.530 110.764 233.753 4 11 11 369 4
292.530 110.764 233.753 5 11 11 369 4
292.530 110.764 233.753 6 11 11 369 4
335.919 127.703 315.462 7 11 11 359 3
335.919 127.703 315.462 8 11 11 359 3
335.919 127.703 315.462 9 11 11 359 3
335.919 127.703 315.462 10 11 11 359 3
335.919 127.703 315.462 11 11 11 359 3
335.919 127.703 315.462 12 11 11 359 3
335.919 127.703 315.462 13 11 11 359 3
335.919 127.703 315.462 14 11 11 359 3
335.919 127.703 315.462 15 11 11 359 3
335.919 127.703 315.462 16 11 11 359 3
335.919 127.703 315.462 17 11 11 359 3
335.919 127.703 315.462 18 11 11 359 3
335.919 127.703 315.462 19 11 11 359 3
335.919 127.703 315.462 20 11 11 359 3
335.919 127.703 315.462 21 11 11 359 3
335.919 127.703 315.462 22 11 11 359 3
335.919 127.703 315.462 23 11 11 359 3
335.919 127.703 315.462 24 11 11 359 3
335.919 127.703 315.462 25 11 11 359 3
335.919 127.703 315.462 26 11 11 359 3
335.919 127.703 315.462 27 11 11 359 3
335.919 127.703 315.462 28 11 11 359 3
335.919 127.703 315.462 29 11 11 359 3
335.919 127.703 315.462 30 11 11 359 3
292.530 110.764 233.753 1 12 11 369 4
292.530 110.764 233.753 2 12 11 369 4
292.530 110.764 233.753 3 12 11 369 4
292.530 110.764 233.753 4 12 11 369 4
292.530 110.764 233.753 5 12 11 369 4
271.725 116.695 168.373 6 12 11 280 1
335.919 127.703 315.462 7 12 11 359 3
335.919 127.703 315.462 8 12 11 359 3
335.919 127.703 315.462 9 12 11 359 3
335.919 127.703 315.462 10 12 11 359 3
335.919 127.703 315.462 11 12 11 359 3
335.919 127.703 315.462 12 12 11 359 3
335.919 127.703 315.462 13 12 11 359 3
335.919 127.703 315.462 14 12 11 359 3
335.919 127.703 315.462 15 12 11 359 3
335.919 127.703 315.462 16 12 11 359 3
335.919 127.703 315.462 17 12 11 359 3
335.919 127.703 315.462 18 12 11 359 3
335.919 127.703 315.462 19 12 11 359 3
335.919 127.703 315.462 20 12 11 359 3
335.919 127.703 315.462 21 12 11 359 3
335.919 127.703 315.462 22 12 11 359 3
335.919 127.703 315.462 23 12 11 359 3
335.919 127.703 315.462 24 12 11 359 3
335.919 127.703 315.462 25 12 11 359 3
335.919 127.703 315.462 26 12 11 359 3
335.919 127.703 315.462 27 12 11 359 3
335.919 127.703 315.462 28 12 11 359 3
335.919 127.703 315.462 29 12 11 359 3
335.919 127.703 315.462 30 12 11 359 3
292.530 110.764 233.753 1 13 11 369 4
292.530 110.764 233.753 2 13 11 369 4
292.530 110.764 233.753 3 13 11 369 4
292.530 110.764 233.753 4 13 11 369 4
292.530 110.764 233.753 5 13 11 369 4
271.725 116.695 168.373 6 13 11 280 1
335.919 127.703 315.462 7 13 11 359 3
335.919 127.703 315.462 8 13 11 359 3
335.919 127.703 315.462 9 13 11 359 3
335.919 127.703 315.462 10 13 11 359 3
335.919 127.703 315.462 11 13 11 359 3
335.919 127.703 315.462 12 13 11 359 3
335.919 127.703 315.462 13 13 11 359 3
335.919 127.703 315.462 14 13 11 359 3
335.919 127.703 315.462 15 13 11 359 3
335.919 127.703 315.462 16 13 11 359 3
335.919 127.703 315.462 17 13 11 359 3
335.919 127.703 315.462 18 13 11 359 3
335.919 127.703 315.462 19 13 11 359 3
335.919 127.703 315.462 20 13 11 359 3
335.919 127.703 315.462 21 13 11 359 3
335.919 127.703 315.462 22 13 11 359 3
335.919 127.703 315.462 23 13 11 359 3
335.919 127.703 315.462 24 13 11 359 3
335.919 127.703 315.462 25 13 11 359 3
335.919 127.703 315.462 26 13 11 359 3
335.919 127.703 315.462 27 13 11 359 3
335.919 127.703 315.462 28 13 11 359 3
335.919 127.703 315.462 29 13 11 359 3
335.919 127.703 315.462 30 13 11 359 3
177.514 56.207 315.029 1 14 11 430 4
178.034 148.172 204.373 2 14 11 44 1
177.514 56.207 315.029 3 14 11 430 4
177.514 56.207 315.029 4 14 11 430 4
292.530 110.764 233.753 5 14 11 369 4
182.301 119.119 243.398 6 14 11 152 1
182.301 119.119 243.398 7 14 11 152 1
335.919 127.703 315.462 8 14 11 359 3
335.919 127.703 315.462 9 14 11 359 3
335.919 127.703 315.462 10 14 11 359 3
335.919 127.703 315.462 11 14 11 359 3
335.919 127.703 315.462 12 14 11 359 3
335.919 127.703 315.462 13 14 11 359 3
335.919 127.703 315.462 14 14 11 359 3
335.919 127.703 315.462 15 14 11 359 3
335.919 127.703 315.462 16 14 11 359 3
335.919 127.703 315.462 17 14 11 359 3
335.919 127.703 315.462 18 14 11 359 3
335.919 127.703 315.462 19 14 11 359 3
335.919 127.703 315.462 20 14 11 359 3
335.919 127.703 315.462 21 14 11 359 3
335.919 127.703 315.462 22 14 11 359 3
335.919 127.703 315.462 23 14 11 359 3
335.919 127.703 315.462 24 14 11 359 3
335.919 127.703 315.462 25 14 11 359 3
335.919 127.703 315.462 26 14 11 359 3
335.919 127.703 315.462 27 14 11 359 3
335.919 127.703 315.462 28 14 11 359 3
335.919 127.703 315.462 29 14 11 359 3
335.919 127.703 315.462 30 14 11 359 3
177.514 56.207 315.029 1 15 11 430 4
177.514 56.207 315.029 2 15 11 430 4
178.034 148.172 204.373 3 15 11 44 1
177.514 56.207 315.029 4 15 11 430 4
182.301 119.119 243.398 5 15 11 152 1
182.301 119.119 243.398 6 15 11 152 1
182.301 119.119 243.398 7 15 11 152 1
56.104 128.981 336.779 8 15 11 370 4
56.104 128.981 336.779 9 15 11 370 4
335.919 127.703 315.462 10 15 11 359 3
335.919 127.703 315.462 11 15 11 359 3
335.919 127.703 315.462 12 15 11 359 3
143.965 67.693 303.844 13 15 11 390 1
335.919 127.703 315.462 14 15 11 359 3
335.919 127.703 315.462 15 15 11 359 3
335.919 127.703 315.462 16 15 11 359 3
335.919 127.703 315.462 17 15 11 359 3
335.919 127.703 315.462 18 15 11 359 3
335.919 127.703 315.462 19 15 11 359 3
335.919 127.703 315.462 20 15 11 359 3
335.919 127.703 315.462 21 15 11 359 3
335.919 127.703 315.462 22 15 11 359 3
335.919 127.703 315.462 23 15 11 359 3
335.919 127.703 315.462 24 15 11 359 3
335.919 127.703 315.462 25 15 11 359 3
335.919 127.703 315.462 26 15 11 359 3
335.919 127.703 315.462 27 15 11 359 3
335.919 127.703 315.462 28 15 11 359 3
335.919 127.703 315.462 29 15 11 359 3
335.919 127.703 315.462 30 15 11 359 3
177.514 56.207 315.029 1 16 11 430 4
177.514 56.207 315.029 2 16 11 430 4
177.514 56.207 315.029 3 16 11 430 4
177.514 56.207 315.029 4 16 11 430 4
182.301 119.119 243.398 5 16 11 152 1
182.301 119.119 243.398 6 16 11 152 1
182.301 119.119 243.398 7 16 11 152 1
56.104 128.981 336.779 8 16 11 370 4
56.104 128.981 336.779 9 16 11 370 4
56.104 128.981 336.779 10 16 11 370 4
56.104 128.981 336.779 11 16 11 370 4
56.104 128.981 336.779 12 16 11 370 4
143.965 67.693 303.844 13 16 11 390 1
56.104 128.981 336.779 14 16 11 370 4
335.919 127.703 315.462 15 16 11 359 3
335.919 127.703 315.462 16 16 11 359 3
335.919 127.703 315.462 17 16 11 359 3
335.919 127.703 315.462 18 16 11 359 3
335.919 127.703 315.462 19 16 11 359 3
335.919 127.703 315.462 20 16 11 359 3
335.919 127.703 315.462 21 16 11 359 3
335.919 127.703 315.462 22 16 11 359 3
335.919 127.703 315.462 23 16 11 359 3
335.919 127.703 315.462 24 16 11 359 3
335.919 127.703 315.462 25 16 11 359 3
335.919 127.703 315.462 26 16 11 359 3
335.919 127.703 315.462 27 16 11 359 3
335.919 127.703 315.462 28 16 11 359 3
335.919 127.703 315.462 29 16 11 359 3
335.919 127.703 315.462 30 16 11 359 3
228.776 163.954 326.995 1 17 11 413 2
177.514 56.207 315.029 2 17 11 430 4
177.514 56.207 315.029 3 17 11 430 4
177.514 56.207 315.029 4 17 11 430 4
182.301 119.119 243.398 5 17 11 152 1
182.301 119.119 243.398 6 17 11 152 1
182.301 119.119 243.398 7 17 11 152 1
56.104 128.981 336.779 8 17 11 370 4
56.104 128.981 336.779 9 17 11 370 4
56.104 128.981 336.779 10 17 11 370 4
56.104 128.981 336.779 11 17 11 370 4
56.104 128.981 336.779 12 17 11 370 4
56.104 128.981 336.779 13 17 11 370 4
56.104 128.981 336.779 14 17 11 370 4
56.104 128.981 336.779 15 17 11 370 4
56.104 128.981 336.779 16 17 11 370 4
56.104 128.981 336.779 17 17 11 370 4
335.919 127.703 315.462 18 17 11 359 3
335.919 127.703 315.462 19 17 11 359 3
335.919 127.703 315.462 20 17 11 359 3
335.919 127.703 315.462 21 17 11 359 3
335.919 127.703 315.462 22 17 11 359 3
335.919 127.703 315.462 23 17 11 359 3
335.919 127.703 315.462 24 17 11 359 3
335.919 127.703 315.462 25 17 11 359 3
335.919 127.703 315.462 26 17 11 359 3
335.919 127.703 315.462 27 17 11 359 3
335.919 127.703 315.462 28 17 11 359 3
335.919 127.703 315.462 29 17 11 359 3
335.919 127.703 315.462 30 17 11 359 3
177.514 56.207 315.029 1 18 11 430 4
177.514 56.207 315.029 2 18 11 430 4
177.514 56.207 315.029 3 18 11 430 4
56.104 128.981 336.779 4 18 11 370 4
56.104 128.981 336.779 5 18 11 370 4
56.104 128.981 336.779 6 18 11 370 4
56.104 128.981 336.779 7 18 11 370 4
56.104 128.981 336.779 8 18 11 370 4
56.104 128.981 336.779 9 18 11 370 4
56.104 128.981 336.779 10 18 11 370 4
56.104 128.981 336.779 11 18 11 370 4
56.104 128.981 336.779 12 18 11 370 4
56.104 128.981 336.779 13 18 11 370 4
56.104 128.981 336.779 14 18 11 370 4
56.104 128.981 336.779 15 18 11 370 4
56.104 128.981 336.779 16 18 11 370 4
56.104 128.981 336.779 17 18 11 370 4
56.104 128.981 336.779 18 18 11 370 4
56.104 128.981 336.779 19 18 11 370 4
335.919 127.703 315.462 20 18 11 359 3
335.919 127.703 315.462 21 18 11 359 3
335.919 127.703 315.462 22 18 11 359 3
335.919 127.703 315.462 23 18 11 359 3
335.919 127.703 315.462 24 18 11 359 3
335.919 127.703 315.462 25 18 11 359 3
335.919 127.703 315.462 26 18 11 359 3
335.919 127.703 315.462 27 18 11 359 3
335.919 127.703 315.462 28 18 11 359 3
335.919 127.703 315.462 29 18 11 359 3
335.919 127.703 315.462 30 18 11 359 3
177.514 56.207 315.029 1 19 11 430 4
177.514 56.207 315.029 2 19 11 430 4
56.104 128.981 336.779 3 19 11 370 4
56.104 128.981 336.779 4 19 11 370 4
56.104 128.981 336.779 5 19 11 370 4
56.104 128.981 336.779 6 19 11 370 4
56.104 128.981 336.779 7 19 11 370 4
56.104 128.981 336.779 8 19 11 370 4
56.104 128.981 336.779 9 19 11 370 4
56.104 128.981 336.779 10 19 11 370 4
56.104 128.981 336.779 11 19 11 370 4
56.104 128.981 336.779 12 19 11 370 4
56.104 128.981 336.779 13 19 11 370 4
56.104 128.981 336.779 14 19 11 370 4
56.104 128.981 336.779 15 19 11 370 4
56.104 128.981 336.779 16 19 11 370 4
56.104 128.981 336.779 17 19 11 370 4
56.104 128.981 336.779 18 19 11 370 4
56.104 128.981 336.779 19 19 11 370 4
56.104 128.981 336.779 20 19 11 370 4
335.919 127.703 315.462 21 19 11 359 3
335.919 127.703 315.462 22 19 11 359 3
335.919 127.703 315.462 23 19 11 359 3
335.919 127.703 315.462 24 19 11 359 3
335.919 127.703 315.462 25 19 11 359 3
335.919 127.703 315.462 26 19 11 359 3
335.919 127.703 315.462 27 19 11 359 3
335.919 127.703 315.462 28 19 11 359 3
335.919 127.703 315.462 29 19 11 359 3
335.919 127.703 315.462 30 19 11 359 3
56.104 128.981 336.779 1 20 11 370 4
56.104 128.981 336.779 2 20 11 370 4
56.104 128.981 336.779 3 20 11 370 4
56.104 128.981 336.779 4 20 11 370 4
56.104 128.981 336.779 5 20 11 370 4
56.104 128.981 336.779 6 20 11 370 4
56.104 128.981 336.779 7 20 11 370 4
56.104 128.981 336.779 8 20 11 370 4
56.104 128.981 336.779 9 20 11 370 4
56.104 128.981 336.779 10 20 11 370 4
56.104 128.981 336.779 11 20 11 370 4
56.104 128.981 336.779 12 20 11 370 4
56.104 128.981 336.779 13 20 11 370 4
56.104 128.981 336.779 14 20 11 370 4
56.104 128.981 336.779 15 20 11 370 4
254.456 130.181 316.974 16 20 11 250 1
56.104 128.981 336.779 17 20 11 370 4
56.104 128.981 336.779 18 20 11 370 4
56.104 128.981 336.779 19 20 11 370 4
56.104 128.981 336.779 20 20 11 370 4
56.104 128.981 336.779 21 20 11 370 4
335.919 127.703 315.462 22 20 11 359 3
335.919 127.703 315.462 23 20 11 359 3
335.919 127.703 315.462 24 20 11 359 3
335.919 127.703 315.462 25 20 11 359 3
335.919 127.703 315.462 26 20 11 359 3
335.919 127.703 315.462 27 20 11 359 3
335.919 127.703 315.462 28 20 11 359 3
335.919 127.703 315.462 29 20 11 359 3
335.919 127.703 315.462 30 20 11 359 3
56.104 128.981 336.779 1 21 11 370 4
56.104 128.981 336.779 2 21 11 370 4
56.104 128.981 336.779 3 21 11 370 4
56.104 128.981 336.779 4 21 11 370 4
56.104 128.981 336.779 5 21 11 370 4
56.104 128.981 336.779 6 21 11 370 4
56.104 128.981 336.779 7 21 11 370 4
56.104 128.981 336.779 8 21 11 370 4
56.104 128.981 336.779 9 21 11 370 4
56.104 128.981 336.779 10 21 11 370 4
56.104 128.981 336.779 11 21 11 370 4
56.104 128.981 336.779 12 21 11 370 4
56.104 128.981 336.779 13 21 11 370 4
56.104 128.981 336.779 14 21 11 370 4
56.104 128.981 336.779 15 21 11 370 4
56.104 128.981 336.779 16 21 11 370 4
56.104 128.981 336.779 17 21 11 370 4
56.104 128.981 336.779 18 21 11 370 4
56.104 128.981 336.779 19 21 11 370 4
56.104 128.981 336.779 20 21 11 370 4
56.104 128.981 336.779 21 21 11 370 4
56.104 128.981 336.779 22 21 11 370 4
56.104 128.981 336.779 23 21 11 370 4
335.919 127.703 315.462 24 21 11 359 3
335.919 127.703 315.462 25 21 11 359 3
335.919 127.703 315.462 26 21 11 359 3
335.919 127.703 315.462 27 21 11 359 3
335.919 127.703 315.462 28 21 11 359 3
335.919 127.703 315.462 29 21 11 359 3
335.919 127.703 315.462 30 21 11 359 3
56.104 128.981 336.779 1 22 11 370 4
56.104 128.981 336.779 2 22 11 370 4
37.606 125.721 155.692 3 22 11 428 2
37.606 125.721 155.692 4 22 11 428 2
56.104 128.981 336.779 5 22 11 370 4
56.104 128.981 336.779 6 22 11 370 4
56.104 128.981 336.779 7 22 11 370 4
56.104 128.981 336.779 8 22 11 370 4
56.104 128.981 336.779 9 22 11 370 4
56.104 128.981 336.779 10 22 11 370 4
56.104 128.981 336.779 11 22 11 370 4
56.104 128.981 336.779 12 22 11 370 4
56.104 128.981 336.779 13 22 11 370 4
56.104 128.981 336.779 14 22 11 370 4
56.104 128.981 336.779 15 22 11 370 4
56.104 128.981 336.779 16 22 11 370 4
56.104 128.981 336.779 17 22 11 370 4
56.104 128.981 336.779 18 22 11 370 4
56.104 128.981 336.779 19 22 11 370 4
72.793 69.151 94.127 20 22 11 178 1
72.793 69.151 94.127 21 22 11 178 1
56.104 128.981 336.779 22 22 11 370 4
56.104 128.981 336.779 23 22 11 370 4
335.919 127.703 315.462 24 22 11 359 3
335.919 127.703 315.462 25 22 11 359 3
244.105 152.293 354.343 26 22 11 77 1
335.919 127.703 315.462 27 22 11 359 3
335.919 127.703 315.462 28 22 11 359 3
335.919 127.703 315.462 29 22 11 359 3
335.919 127.703 315.462 30 22 11 359 3
56.104 128.981 336.779 1 23 11 370 4
56.104 128.981 336.779 2 23 11 370 4
56.104 128.981 336.779 3 23 11 370 4
56.104 128.981 336.779 4 23 11 370 4
56.104 128.981 336.779 5 23 11 370 4
56.104 128.981 336.779 6 23 11 370 4
56.104 128.981 336.779 7 23 11 370 4
56.104 128.981 336.779 8 23 11 370 4
56.104 128.981 336.779 9 23 11 370 4
56.104 128.981 336.779 10 23 11 370 4
56.104 128.981 336.779 11 23 11 370 4
56.104 128.981 336.779 12 23 11 370 4
56.104 128.981 336.779 13 23 11 370 4
56.104 128.981 336.779 14 23 11 370 4
56.104 128.981 336.779 15 23 11 370 4
56.104 128.981 336.779 16 23 11 370 4
56.104 128.981 336.779 17 23 11 370 4
56.104 128.981 336.779 18 23 11 370 4
56.104 128.981 336.779 19 23 11 370 4
72.793 69.151 94.127 20 23 11 178 1
72.793 69.151 94.127 21 23 11 178 1
56.104 128.981 336.779 22 23 11 370 4
56.104 128.981 336.779 23 23 11 370 4
56.104 128.981 336.779 24 23 11 370 4
56.104 128.981 336.779 25 23 11 370 4
244.105 152.293 354.343 26 23 11 77 1
335.919 127.703 315.462 27 23 11 359 3
150.263 131.604 231.062 28 23 11 122 1
335.919 127.703 315.462 29 23 11 359 3
335.919 127.703 315.462 30 23 11 359 3
56.104 128.981 336.779 1 24 11 370 4
56.104 128.981 336.779 2 24 11 370 4
56.104 128.981 336.779 3 24 11 370 4
56.104 128.981 336.779 4 24 11 370 4
56.104 128.981 336.779 5 24 11 370 4
56.104 128.981 336.779 6 24 11 370 4
56.104 128.981 336.779 7 24 11 370 4
56.104 128.981 336.779 8 24 11 370 4
56.104 128.981 336.779 9 24 11 370 4
56.104 128.981 336.779 10 24 11 370 4
56.104 128.981 336.779 11 24 11 370 4
56.104 128.981 336.779 12 24 11 370 4
56.104 128.981 336.779 13 24 11 370 4
56.104 128.981 336.779 14 24 11 370 4
56.104 128.981 336.779 15 24 11 370 4
56.104 128.981 336.779 16 24 11 370 4
56.104 128.981 336.779 17 24 11 370 4
56.104 128.981 336.779 18 24 11 370 4
56.104 128.981 336.779 19 24 11 370 4
56.104 128.981 336.779 20 24 11 370 4
56.104 128.981 336.779 21 24 11 370 4
56.104 128.981 336.779 22 24 11 370 4
56.104 128.981 336.779 23 24 11 370 4
56.104 128.981 336.779 24 24 11 370 4
134.308 118.424 144.011 25 24 11 351 2
134.308 118.424 144.011 26 24 11 351 2
134.308 118.424 144.011 27 24 11 351 2
134.308 118.424 144.011 28 24 11 351 2
335.919 127.703 315.462 29 24 11 359 3
335.919 127.703 315.462 30 24 11 359 3
56.104 128.981 336.779 1 25 11 370 4
56.104 128.981 336.779 2 25 11 370 4
56.104 128.981 336.779 3 25 11 370 4
56.104 128.981 336.779 4 25 11 370 4
56.104 128.981 336.779 5 25 11 370 4
154.724 59.143 257.232 6 25 11 332 2
56.104 128.981 336.779 7 25 11 370 4
56.104 128.981 336.779 8 25 11 370 4
56.104 128.981 336.779 9 25 11 370 4
56.104 128.981 336.779 10 25 11 370 4
56.104 128.981 336.779 11 25 11 370 4
56.104 128.981 336.779 12 25 11 370 4
56.104 128.981 336.779 13 25 11 370 4
56.104 128.981 336.779 14 25 11 370 4
56.104 128.981 336.779 15 25 11 370 4
56.104 128.981 336.779 16 25 11 370 4
56.104 128.981 336.779 17 25 11 370 4
56.104 128.981 336.779 18 25 11 370 4
56.104 128.981 336.779 19 25 11 370 4
56.104 128.981 336.779 20 25 11 370 4
56.104 128.981 336.779 21 25 11 370 4
56.104 128.981 336.779 22 25 11 370 4
56.104 128.981 336.779 23 25 11 370 4
56.104 128.981 336.779 24 25 11 370 4
134.308 118.424 144.011 25 25 11 351 2
134.308 118.424 144.011 26 25 11 351 2
134.308 118.424 144.011 27 25 11 351 2
134.308 118.424 144.011 28 25 11 351 2
134.308 118.424 144.011 29 25 11 351 2
134.308 118.424 144.011 30 25 11 351 2
56.104 128.981 336.779 1 26 11 370 4
56.104 128.981 336.779 2 26 11 370 4
56.104 128.981 336.779 3 26 11 370 4
206.844 106.289 283.249 4 26 11 52 1
56.104 128.981 336.779 5 26 11 370 4
56.104 128.981 336.779 6 26 11 370 4
56.104 128.981 336.779 7 26 11 370 4
154.126 124.388 201.765 8 26 11 179 1
56.104 128.981 336.779 9 26 11 370 4
56.104 128.981 336.779 10 26 11 370 4
56.104 128.981 336.779 11 26 11 370 4
91.673 32.333 323.794 12 26 11 377 1
56.104 128.981 336.779 13 26 11 370 4
56.104 128.981 336.779 14 26 11 370 4
56.104 128.981 336.779 15 26 11 370 4
56.104 128.981 336.779 16 26 11 370 4
56.104 128.981 336.779 17 26 11 370 4
266.668 55.547 154.846 18 26 11 101 1
56.104 128.981 336.779 19 26 11 370 4
89.476 45.382 43.758 20 26 11 293 2
75.570 157.924 31.915 21 26 11 387 1
56.104 128.981 336.779 22 26 11 370 4
56.104 128.981 336.779 23 26 11 370 4
89.950 49.812 270.892 24 26 11 366 4
134.308 118.424 144.011 25 26 11 351 2
134.308 118.424 144.011 26 26 11 351 2
134.308 118.424 144.011 27 26 11 351 2
134.308 118.424 144.011 28 26 11 351 2
134.308 118.424 144.011 29 26 11 351 2
226.885 93.478 48.061 30 26 11 66 1
56.104 128.981 336.779 1 27 11 370 4
56.104 128.981 336.779 2 27 11 370 4
56.104 128.981 336.779 3 27 11 370 4
56.104 128.981 336.779 4 27 11 370 4
56.104 128.981 336.779 5 27 11 370 4
56.104 128.981 336.779 6 27 11 370 4
56.104 128.981 336.779 7 27 11 370 4
56.104 128.981 336.779 8 27 11 370 4
56.104 128.981 336.779 9 27 11 370 4
56.104 128.981 336.779 10 27 11 370 4
56.104 128.981 336.779 11 27 11 370 4
56.104 128.981 336.779 12 27 11 370 4
56.104 128.981 336.779 13 27 11 370 4
56.104 128.981 336.779 14 27 11 370 4
56.104 128.981 336.779 15 27 11 370 4
56.104 128.981 336.779 16 27 11 370 4
56.104 128.981 336.779 17 27 11 370 4
56.104 128.981 336.779 18 27 11 370 4
56.104 128.981 336.779 19 27 11 370 4
89.476 45.382 43.758 20 27 11 293 2
56.104 128.981 336.779 21 27 11 370 4
56.104 128.981 336.779 22 27 11 370 4
89.950 49.812 270.892 23 27 11 366 4
89.950 49.812 270.892 24 27 11 366 4
89.950 49.812 270.892 25 27 11 366 4
89.950 49.812 270.892 26 27 11 366 4
89.950 49.812 270.892 27 27 11 366 4
89.950 49.812 270.892 28 27 11 366 4
226.885 93.478 48.061 29 27 11 66 1
226.885 93.478 48.061 30 27 11 66 1
56.104 128.981 336.779 1 28 11 370 4
56.104 128.981 336.779 2 28 11 370 4
56.104 128.981 336.779 3 28 11 370 4
56.104 128.981 336.779 4 28 11 370 4
56.104 128.981 336.779 5 28 11 370 4
56.104 128.981 336.779 6 28 11 370 4
56.104 128.981 336.779 7 28 11 370 4
56.104 128.981 336.779 8 28 11 370 4
56.104 128.981 336.779 9 28 11 370 4
56.104 128.981 336.779 10 28 11 370 4
56.104 128.981 336.779 11 28 11 370 4
56.104 128.981 336.779 12 28 11 370 4
56.104 128.981 336.779 13 28 11 370 4
56.104 128.981 336.779 14 28 11 370 4
56.104 128.981 336.779 15 28 11 370 4
56.104 128.981 336.779 16 28 11 370 4
56.104 128.981 336.779 17 28 11 370 4
56.104 128.981 336.779 18 28 11 370 4
56.104 128.981 336.779 19 28 11 370 4
56.104 128.981 336.779 20 28 11 370 4
353.963 150.783 119.389 21 28 11 67 1
353.963 150.783 119.389 22 28 11 67 1
89.950 49.812 270.892 23 28 11 366 4
89.950 49.812 270.892 24 28 11 366 4
89.950 49.812 270.892 25 28 11 366 4
89.950 49.812 270.892 26 28 11 366 4
89.950 49.812 270.892 27 28 11 366 4
89.950 49.812 270.892 28 28 11 366 4
234.420 99.660 174.367 29 28 11 423 2
226.885 93.478 48.061 30 28 11 66 1
56.104 128.981 336.779 1 29 11 370 4
56.104 128.981 336.779 2 29 11 370 4
56.104 128.981 336.779 3 29 11 370 4
56.104 128.981 336.779 4 29 11 370 4
56.104 128.981 336.779 5 29 11 370 4
256.398 144.857 105.482 6 29 11 231 1
56.104 128.981 336.779 7 29 11 370 4
56.104 128.981 336.779 8 29 11 370 4
56.104 128.981 336.779 9 29 11 370 4
56.104 128.981 336.779 10 29 11 370 4
56.104 128.981 336.779 11 29 11 370 4
56.104 128.981 336.779 12 29 11 370 4
56.104 128.981 336.779 13 29 11 370 4
56.104 128.981 336.779 14 29 11 370 4
56.104 128.981 336.779 15 29 11 370 4
56.104 128.981 336.779 16 29 11 370 4
56.104 128.981 336.779 17 29 11 370 4
56.104 128.981 336.779 18 29 11 370 4
56.104 128.981 336.779 19 29 11 370 4
56.104 128.981 336.779 20 29 11 370 4
353.963 150.783 119.389 21 29 11 67 1
353.963 150.783 119.389 22 29 11 67 1
160.953 82.106 125.145 23 29 11 376 1
89.950 49.812 270.892 24 29 11 366 4
89.950 49.812 270.892 25 29 11 366 4
89.950 49.812 270.892 26 29 11 366 4
89.950 49.812 270.892 27 29 11 366 4
89.950 49.812 270.892 28 29 11 366 4
89.950 49.812 270.892 29 29 11 366 4
89.950 49.812 270.892 30 29 11 366 4
56.104 128.981 336.779 1 30 11 370 4
56.104 128.981 336.779 2 30 11 370 4
56.104 128.981 336.779 3 30 11 370 4
56.104 128.981 336.779 4 30 11 370 4
56.104 128.981 336.779 5 30 11 370 4
56.104 128.981 336.779 6 30 11 370 4
56.104 128.981 336.779 7 30 11 370 4
30.873 91.433 195.111 8 30 11 211 1
56.104 128.981 336.779 9 30 11 370 4
56.104 128.981 336.779 10 30 11 370 4
56.104 128.981 336.779 11 30 11 370 4
56.104 128.981 336.779 12 30 11 370 4
56.104 128.981 336.779 13 30 11 370 4
56.104 128.981 336.779 14 30 11 370 4
56.104 128.981 336.779 15 30 11 370 4
190.117 67.852 79.325 16 30 11 112 1
190.117 67.852 79.325 17 30 11 112 1
56.104 128.981 336.779 18 30 11 370 4
56.104 128.981 336.779 19 30 11 370 4
353.963 150.783 119.389 20 30 11 67 1
353.963 150.783 119.389 21 30 11 67 1
353.963 150.783 119.389 22 30 11 67 1
160.953 82.106 125.145 23 30 11 376 1
89.950 49.812 270.892 24 30 11 366 4
89.950 49.812 270.892 25 30 11 366 4
89.950 49.812 270.892 26 30 11 366 4
89.950 49.812 270.892 27 30 11 366 4
89.950 49.812 270.892 28 30 11 366 4
89.950 49.812 270.892 29 30 11 366 4
89.950 49.812 270.892 30 30 11 366 4
