323.813 49.883 113.811 1 1 12 97 1
323.813 49.883 113.811 2 1 12 97 1
323.813 49.883 113.811 3 1 12 97 1
303.400 86.476 243.728 4 1 12 197 1
303.400 86.476 243.728 5 1 12 197 1
31.243 111.091 327.656 6 1 12 215 1
137.827 95.951 206.589 7 1 12 324 2
137.827 95.951 206.589 8 1 12 324 2
137.827 95.951 206.589 9 1 12 324 2
335.919 127.703 315.462 10 1 12 359 3
335.919 127.703 315.462 11 1 12 359 3
335.919 127.703 315.462 12 1 12 359 3
335.919 127.703 315.462 13 1 12 359 3
335.919 127.703 315.462 14 1 12 359 3
335.919 127.703 315.462 15 1 12 359 3
335.919 127.703 315.462 16 1 12 359 3
335.919 127.703 315.462 17 1 12 359 3
335.919 127.703 315.462 18 1 12 359 3
335.919 127.703 315.462 19 1 12 359 3
335.919 127.703 315.462 20 1 12 359 3
335.919 127.703 315.462 21 1 12 359 3
335.919 127.703 315.462 22 1 12 359 3
335.919 127.703 315.462 23 1 12 359 3
335.919 127.703 315.462 24 1 12 359 3
335.919 127.703 315.462 25 1 12 359 3
335.919 127.703 315.462 26 1 12 359 3
335.919 127.703 315.462 27 1 12 359 3
335.919 127.703 315.462 28 1 12 359 3
335.919 127.703 315.462 29 1 12 359 3
335.919 127.703 315.462 30 1 12 359 3
323.813 49.883 113.811 1 2 12 97 1
323.813 49.883 113.811 2 2 12 97 1
323.813 49.883 113.811 3 2 12 97 1
323.813 49.883 113.811 4 2 12 97 1
303.400 86.476 243.728 5 2 12 197 1
31.243 111.091 327.656 6 2 12 215 1
343.789 124.719 40.523 7 2 12 343 2
343.789 124.719 40.523 8 2 12 343 2
335.919 127.703 315.462 9 2 12 359 3
335.919 127.703 315.462 10 2 12 359 3
335.919 127.703 315.462 11 2 12 359 3
335.919 127.703 315.462 12 2 12 359 3
335.919 127.703 315.462 13 2 12 359 3
335.919 127.703 315.462 14 2 12 359 3
335.919 127.703 315.462 15 2 12 359 3
335.919 127.703 315.462 16 2 12 359 3
326.601 104.740 338.227 17 2 12 46 1
335.919 127.703 315.462 18 2 12 359 3
335.919 127.703 315.462 19 2 12 359 3
335.919 127.703 315.462 20 2 12 359 3
335.919 127.703 315.462 21 2 12 359 3
335.919 127.703 315.462 22 2 12 359 3
335.919 127.703 315.462 23 2 12 359 3
335.919 127.703 315.462 24 2 12 359 3
335.919 127.703 315.462 25 2 12 359 3
321.254 110.404 131.825 26 2 12 3 1
335.919 127.703 315.462 27 2 12 359 3
335.919 127.703 315.462 28 2 12 359 3
335.919 127.703 315.462 29 2 12 359 3
335.919 127.703 315.462 30 2 12 359 3
323.813 49.883 113.811 1 3 12 97 1
323.813 49.883 113.811 2 3 12 97 1
323.813 49.883 113.811 3 3 12 97 1
339.285 74.261 167.101 4 3 12 286 2
116.417 54.710 289.048 5 3 12 300 2
31.243 111.091 327.656 6 3 12 215 1
343.789 124.719 40.523 7 3 12 343 2
335.919 127.703 315.462 8 3 12 359 3
335.919 127.703 315.462 9 3 12 359 3
335.919 127.703 315.462 10 3 12 359 3
335.919 127.703 315.462 11 3 12 359 3
335.919 127.703 315.462 12 3 12 359 3
335.919 127.703 315.462 13 3 12 359 3
335.919 127.703 315.462 14 3 12 359 3
335.919 127.703 315.462 15 3 12 359 3
335.919 127.703 315.462 16 3 12 359 3
335.919 127.703 315.462 17 3 12 359 3
335.919 127.703 315.462 18 3 12 359 3
335.919 127.703 315.462 19 3 12 359 3
335.919 127.703 315.462 20 3 12 359 3
335.919 127.703 315.462 21 3 12 359 3
335.919 127.703 315.462 22 3 12 359 3
335.919 127.703 315.462 23 3 12 359 3
335.919 127.703 315.462 24 3 12 359 3
335.919 127.703 315.462 25 3 12 359 3
335.919 127.703 315.462 26 3 12 359 3
335.919 127.703 315.462 27 3 12 359 3
335.919 127.703 315.462 28 3 12 359 3
335.919 127.703 315.462 29 3 12 359 3
335.919 127.703 315.462 30 3 12 359 3
323.813 49.883 113.811 1 4 12 97 1
170.088 84.549 355.815 2 4 12 54 1
339.285 74.261 167.101 3 4 12 286 2
339.285 74.261 167.101 4 4 12 286 2
339.285 74.261 167.101 5 4 12 286 2
339.285 74.261 167.101 6 4 12 286 2
335.919 127.703 315.462 7 4 12 359 3
335.919 127.703 315.462 8 4 12 359 3
335.919 127.703 315.462 9 4 12 359 3
335.919 127.703 315.462 10 4 12 359 3
335.919 127.703 315.462 11 4 12 359 3
335.919 127.703 315.462 12 4 12 359 3
335.919 127.703 315.462 13 4 12 359 3
335.919 127.703 315.462 14 4 12 359 3
335.919 127.703 315.462 15 4 12 359 3
335.919 127.703 315.462 16 4 12 359 3
335.919 127.703 315.462 17 4 12 359 3
335.919 127.703 315.462 18 4 12 359 3
335.919 127.703 315.462 19 4 12 359 3
335.919 127.703 315.462 20 4 12 359 3
335.919 127.703 315.462 21 4 12 359 3
335.919 127.703 315.462 22 4 12 359 3
335.919 127.703 315.462 23 4 12 359 3
335.919 127.703 315.462 24 4 12 359 3
335.919 127.703 315.462 25 4 12 359 3
335.919 127.703 315.462 26 4 12 359 3
335.919 127.703 315.462 27 4 12 359 3
240.575 19.847 25.487 28 4 12 371 4
335.919 127.703 315.462 29 4 12 359 3
335.919 127.703 315.462 30 4 12 359 3
42.354 54.714 32.828 1 5 12 342 2
42.354 54.714 32.828 2 5 12 342 2
4.407 120.507 219.656 3 5 12 175 1
339.285 74.261 167.101 4 5 12 286 2
339.285 74.261 167.101 5 5 12 286 2
339.285 74.261 167.101 6 5 12 286 2
335.919 127.703 315.462 7 5 12 359 3
335.919 127.703 315.462 8 5 12 359 3
335.919 127.703 315.462 9 5 12 359 3
335.919 127.703 315.462 10 5 12 359 3
335.919 127.703 315.462 11 5 12 359 3
335.919 127.703 315.462 12 5 12 359 3
335.919 127.703 315.462 13 5 12 359 3
335.919 127.703 315.462 14 5 12 359 3
335.919 127.703 315.462 15 5 12 359 3
335.919 127.703 315.462 16 5 12 359 3
335.919 127.703 315.462 17 5 12 359 3
335.919 127.703 315.462 18 5 12 359 3
335.919 127.703 315.462 19 5 12 359 3
335.919 127.703 315.462 20 5 12 359 3
335.919 127.703 315.462 21 5 12 359 3
335.919 127.703 315.462 22 5 12 359 3
335.919 127.703 315.462 23 5 12 359 3
335.919 127.703 315.462 24 5 12 359 3
335.919 127.703 315.462 25 5 12 359 3
335.919 127.703 315.462 26 5 12 359 3
335.919 127.703 315.462 27 5 12 359 3
335.919 127.703 315.462 28 5 12 359 3
335.919 127.703 315.462 29 5 12 359 3
335.919 127.703 315.462 30 5 12 359 3
42.354 54.714 32.828 1 6 12 342 2
4.407 120.507 219.656 2 6 12 175 1
292.530 110.764 233.753 3 6 12 369 4
292.530 110.764 233.753 4 6 12 369 4
339.285 74.261 167.101 5 6 12 286 2
335.919 127.703 315.462 6 6 12 359 3
335.919 127.703 315.462 7 6 12 359 3
335.919 127.703 315.462 8 6 12 359 3
335.919 127.703 315.462 9 6 12 359 3
335.919 127.703 315.462 10 6 12 359 3
335.919 127.703 315.462 11 6 12 359 3
335.919 127.703 315.462 12 6 12 359 3
335.919 127.703 315.462 13 6 12 359 3
335.919 127.703 315.462 14 6 12 359 3
335.919 127.703 315.462 15 6 12 359 3
335.919 127.703 315.462 16 6 12 359 3
335.919 127.703 315.462 17 6 12 359 3
335.919 127.703 315.462 18 6 12 359 3
335.919 127.703 315.462 19 6 12 359 3
335.919 127.703 315.462 20 6 12 359 3
335.919 127.703 315.462 21 6 12 359 3
335.919 127.703 315.462 22 6 12 359 3
335.919 127.703 315.462 23 6 12 359 3
335.919 127.703 315.462 24 6 12 359 3
335.919 127.703 315.462 25 6 12 359 3
238.790 128.020 109.927 26 6 12 169 1
335.919 127.703 315.462 27 6 12 359 3
335.919 127.703 315.462 28 6 12 359 3
335.919 127.703 315.462 29 6 12 359 3
335.919 127.703 315.462 30 6 12 359 3
4.407 120.507 219.656 1 7 12 175 1
292.530 110.764 233.753 2 7 12 369 4
292.530 110.764 233.753 3 7 12 369 4
292.530 110.764 233.753 4 7 12 369 4
292.530 110.764 233.753 5 7 12 369 4
335.919 127.703 315.462 6 7 12 359 3
335.919 127.703 315.462 7 7 12 359 3
335.919 127.703 315.462 8 7 12 359 3
335.919 127.703 315.462 9 7 12 359 3
335.919 127.703 315.462 10 7 12 359 3
335.919 127.703 315.462 11 7 12 359 3
335.919 127.703 315.462 12 7 12 359 3
335.919 127.703 315.462 13 7 12 359 3
335.919 127.703 315.462 14 7 12 359 3
335.919 127.703 315.462 15 7 12 359 3
335.919 127.703 315.462 16 7 12 359 3
335.919 127.703 315.462 17 7 12 359 3
335.919 127.703 315.462 18 7 12 359 3
335.919 127.703 315.462 19 7 12 359 3
335.919 127.703 315.462 20 7 12 359 3
335.919 127.703 315.462 21 7 12 359 3
335.919 127.703 315.462 22 7 12 359 3
335.919 127.703 315.462 23 7 12 359 3
335.919 127.703 315.462 24 7 12 359 3
335.919 127.703 315.462 25 7 12 359 3
335.919 127.703 315.462 26 7 12 359 3
335.919 127.703 315.462 27 7 12 359 3
335.919 127.703 315.462 28 7 12 359 3
335.919 127.703 315.462 29 7 12 359 3
335.919 127.703 315.462 30 7 12 359 3
292.530 110.764 233.753 1 8 12 369 4
292.530 110.764 233.753 2 8 12 369 4
292.530 110.764 233.753 3 8 12 369 4
292.530 110.764 233.753 4 8 12 369 4
292.530 110.764 233.753 5 8 12 369 4
335.919 127.703 315.462 6 8 12 359 3
335.919 127.703 315.462 7 8 12 359 3
335.919 127.703 315.462 8 8 12 359 3
335.919 127.703 315.462 9 8 12 359 3
335.919 127.703 315.462 10 8 12 359 3
335.919 127.703 315.462 11 8 12 359 3
335.919 127.703 315.462 12 8 12 359 3
335.919 127.703 315.462 13 8 12 359 3
335.919 127.703 315.462 14 8 12 359 3
335.919 127.703 315.462 15 8 12 359 3
335.919 127.703 315.462 16 8 12 359 3
335.919 127.703 315.462 17 8 12 359 3
335.919 127.703 315.462 18 8 12 359 3
335.919 127.703 315.462 19 8 12 359 3
335.919 127.703 315.462 20 8 12 359 3
335.919 127.703 315.462 21 8 12 359 3
335.919 127.703 315.462 22 8 12 359 3
335.919 127.703 315.462 23 8 12 359 3
335.919 127.703 315.462 24 8 12 359 3
335.919 127.703 315.462 25 8 12 359 3
335.919 127.703 315.462 26 8 12 359 3
335.919 127.703 315.462 27 8 12 359 3
335.919 127.703 315.462 28 8 12 359 3
335.919 127.703 315.462 29 8 12 359 3
335.919 127.703 315.462 30 8 12 359 3
292.530 110.764 233.753 1 9 12 369 4
292.530 110.764 233.753 2 9 12 369 4
292.530 110.764 233.753 3 9 12 369 4
292.530 110.764 233.753 4 9 12 369 4
292.530 110.764 233.753 5 9 12 369 4
335.919 127.703 315.462 6 9 12 359 3
335.919 127.703 315.462 7 9 12 359 3
335.919 127.703 315.462 8 9 12 359 3
335.919 127.703 315.462 9 9 12 359 3
335.919 127.703 315.462 10 9 12 359 3
335.919 127.703 315.462 11 9 12 359 3
335.919 127.703 315.462 12 9 12 359 3
335.919 127.703 315.462 13 9 12 359 3
335.919 127.703 315.462 14 9 12 359 3
335.919 127.703 315.462 15 9 12 359 3
335.919 127.703 315.462 16 9 12 359 3
335.919 127.703 315.462 17 9 12 359 3
335.919 127.703 315.462 18 9 12 359 3
335.919 127.703 315.462 19 9 12 359 3
335.919 127.703 315.462 20 9 12 359 3
335.919 127.703 315.462 21 9 12 359 3
335.919 127.703 315.462 22 9 12 359 3
335.919 127.703 315.462 23 9 12 359 3
335.919 127.703 315.462 24 9 12 359 3
335.919 127.703 315.462 25 9 12 359 3
335.919 127.703 315.462 26 9 12 359 3
335.919 127.703 315.462 27 9 12 359 3
335.919 127.703 315.462 28 9 12 359 3
335.919 127.703 315.462 29 9 12 359 3
335.919 127.703 315.462 30 9 12 359 3
292.530 110.764 233.753 1 10 12 369 4
292.530 110.764 233.753 2 10 12 369 4
292.530 110.764 233.753 3 10 12 369 4
292.530 110.764 233.753 4 10 12 369 4
292.530 110.764 233.753 5 10 12 369 4
292.530 110.764 233.753 6 10 12 369 4
335.919 127.703 315.462 7 10 12 359 3
335.919 127.703 315.462 8 10 12 359 3
335.919 127.703 315.462 9 10 12 359 3
335.919 127.703 315.462 10 10 12 359 3
335.919 127.703 315.462 11 10 12 359 3
335.919 127.703 315.462 12 10 12 359 3
335.919 127.703 315.462 13 10 12 359 3
335.919 127.703 315.462 14 10 12 359 3
335.919 127.703 315.462 15 10 12 359 3
335.919 127.703 315.462 16 10 12 359 3
335.919 127.703 315.462 17 10 12 359 3
335.919 127.703 315.462 18 10 12 359 3
335.919 127.703 315.462 19 10 12 359 3
335.919 127.703 315.462 20 10 12 359 3
335.919 127.703 315.462 21 10 12 359 3
335.919 127.703 315.462 22 10 12 359 3
335.919 127.703 315.462 23 10 12 359 3
335.919 127.703 315.462 24 10 12 359 3
335.919 127.703 315.462 25 10 12 359 3
335.919 127.703 315.462 26 10 12 359 3
335.919 127.703 315.462 27 10 12 359 3
335.919 127.703 315.462 28 10 12 359 3
335.919 127.703 315.462 29 10 12 359 3
335.919 127.703 315.462 30 10 12 359 3
292.530 110.764 233.753 1 11 12 369 4
292.530 110.764 233.753 2 11 12 369 4
292.530 110.764 233.753 3 11 12 369 4
292.530 110.764 233.753 4 11 12 369 4
292.530 110.764 233.753 5 11 12 369 4
292.530 110.764 233.753 6 11 12 369 4
335.919 127.703 315.462 7 11 12 359 3
335.919 127.703 315.462 8 11 12 359 3
335.919 127.703 315.462 9 11 12 359 3
335.919 127.703 315.462 10 11 12 359 3
335.919 127.703 315.462 11 11 12 359 3
335.919 127.703 315.462 12 11 12 359 3
335.919 127.703 315.462 13 11 12 359 3
335.919 127.703 315.462 14 11 12 359 3
335.919 127.703 315.462 15 11 12 359 3
335.919 127.703 315.462 16 11 12 359 3
335.919 127.703 315.462 17 11 12 359 3
335.919 127.703 315.462 18 11 12 359 3
335.919 127.703 315.462 19 11 12 359 3
335.919 127.703 315.462 20 11 12 359 3
335.919 127.703 315.462 21 11 12 359 3
335.919 127.703 315.462 22 11 12 359 3
335.919 127.703 315.462 23 11 12 359 3
335.919 127.703 315.462 24 11 12 359 3
335.919 127.703 315.462 25 11 12 359 3
335.919 127.703 315.462 26 11 12 359 3
335.919 127.703 315.462 27 11 12 359 3
335.919 127.703 315.462 28 11 12 359 3
335.919 127.703 315.462 29 11 12 359 3
335.919 127.703 315.462 30 11 12 359 3
292.530 110.764 233.753 1 12 12 369 4
292.530 110.764 233.753 2 12 12 369 4
292.530 110.764 233.753 3 12 12 369 4
292.530 110.764 233.753 4 12 12 369 4
292.530 110.764 233.753 5 12 12 369 4
292.530 110.764 233.753 6 12 12 369 4
335.919 127.703 315.462 7 12 12 359 3
335.919 127.703 315.462 8 12 12 359 3
335.919 127.703 315.462 9 12 12 359 3
335.919 127.703 315.462 10 12 12 359 3
335.919 127.703 315.462 11 12 12 359 3
335.919 127.703 315.462 12 12 12 359 3
335.919 127.703 315.462 13 12 12 359 3
335.919 127.703 315.462 14 12 12 359 3
335.919 127.703 315.462 15 12 12 359 3
335.919 127.703 315.462 16 12 12 359 3
335.919 127.703 315.462 17 12 12 359 3
335.919 127.703 315.462 18 12 12 359 3
335.919 127.703 315.462 19 12 12 359 3
335.919 127.703 315.462 20 12 12 359 3
335.919 127.703 315.462 21 12 12 359 3
335.919 127.703 315.462 22 12 12 359 3
335.919 127.703 315.462 23 12 12 359 3
335.919 127.703 315.462 24 12 12 359 3
335.919 127.703 315.462 25 12 12 359 3
335.919 127.703 315.462 26 12 12 359 3
335.919 127.703 315.462 27 12 12 359 3
335.919 127.703 315.462 28 12 12 359 3
335.919 127.703 315.462 29 12 12 359 3
335.919 127.703 315.462 30 12 12 359 3
292.530 110.764 233.753 1 13 12 369 4
292.530 110.764 233.753 2 13 12 369 4
292.530 110.764 233.753 3 13 12 369 4
292.530 110.764 233.753 4 13 12 369 4
292.530 110.764 233.753 5 13 12 369 4
292.530 110.764 233.753 6 13 12 369 4
335.919 127.703 315.462 7 13 12 359 3
335.919 127.703 315.462 8 13 12 359 3
335.919 127.703 315.462 9 13 12 359 3
335.919 127.703 315.462 10 13 12 359 3
335.919 127.703 315.462 11 13 12 359 3
335.919 127.703 315.462 12 13 12 359 3
335.919 127.703 315.462 13 13 12 359 3
335.919 127.703 315.462 14 13 12 359 3
335.919 127.703 315.462 15 13 12 359 3
335.919 127.703 315.462 16 13 12 359 3
335.919 127.703 315.462 17 13 12 359 3
335.919 127.703 315.462 18 13 12 359 3
335.919 127.703 315.462 19 13 12 359 3
335.919 127.703 315.462 20 13 12 359 3
335.919 127.703 315.462 21 13 12 359 3
335.919 127.703 315.462 22 13 12 359 3
335.919 127.703 315.462 23 13 12 359 3
335.919 127.703 315.462 24 13 12 359 3
335.919 127.703 315.462 25 13 12 359 3
335.919 127.703 315.462 26 13 12 359 3
335.919 127.703 315.462 27 13 12 359 3
335.919 127.703 315.462 28 13 12 359 3
335.919 127.703 315.462 29 13 12 359 3
335.919 127.703 315.462 30 13 12 359 3
292.530 110.764 233.753 1 14 12 369 4
292.530 110.764 233.753 2 14 12 369 4
292.530 110.764 233.753 3 14 12 369 4
292.530 110.764 233.753 4 14 12 369 4
292.530 110.764 233.753 5 14 12 369 4
182.301 119.119 243.398 6 14 12 152 1
335.919 127.703 315.462 7 14 12 359 3
335.919 127.703 315.462 8 14 12 359 3
335.919 127.703 315.462 9 14 12 359 3
335.919 127.703 315.462 10 14 12 359 3
335.919 127.703 315.462 11 14 12 359 3
335.919 127.703 315.462 12 14 12 359 3
335.919 127.703 315.462 13 14 12 359 3
335.919 127.703 315.462 14 14 12 359 3
335.919 127.703 315.462 15 14 12 359 3
335.919 127.703 315.462 16 14 12 359 3
335.919 127.703 315.462 17 14 12 359 3
335.919 127.703 315.462 18 14 12 359 3
335.919 127.703 315.462 19 14 12 359 3
335.919 127.703 315.462 20 14 12 359 3
335.919 127.703 315.462 21 14 12 359 3
335.919 127.703 315.462 22 14 12 359 3
335.919 127.703 315.462 23 14 12 359 3
335.919 127.703 315.462 24 14 12 359 3
335.919 127.703 315.462 25 14 12 359 3
335.919 127.703 315.462 26 14 12 359 3
335.919 127.703 315.462 27 14 12 359 3
335.919 127.703 315.462 28 14 12 359 3
335.919 127.703 315.462 29 14 12 359 3
335.919 127.703 315.462 30 14 12 359 3
228.776 163.954 326.995 1 15 12 413 2
178.034 148.172 204.373 2 15 12 44 1
178.034 148.172 204.373 3 15 12 44 1
292.530 110.764 233.753 4 15 12 369 4
182.301 119.119 243.398 5 15 12 152 1
182.301 119.119 243.398 6 15 12 152 1
182.301 119.119 243.398 7 15 12 152 1
335.919 127.703 315.462 8 15 12 359 3
335.919 127.703 315.462 9 15 12 359 3
335.919 127.703 315.462 10 15 12 359 3
335.919 127.703 315.462 11 15 12 359 3
335.919 127.703 315.462 12 15 12 359 3
335.919 127.703 315.462 13 15 12 359 3
335.919 127.703 315.462 14 15 12 359 3
335.919 127.703 315.462 15 15 12 359 3
335.919 127.703 315.462 16 15 12 359 3
335.919 127.703 315.462 17 15 12 359 3
335.919 127.703 315.462 18 15 12 359 3
335.919 127.703 315.462 19 15 12 359 3
335.919 127.703 315.462 20 15 12 359 3
335.919 127.703 315.462 21 15 12 359 3
335.919 127.703 315.462 22 15 12 359 3
335.919 127.703 315.462 23 15 12 359 3
335.919 127.703 315.462 24 15 12 359 3
335.919 127.703 315.462 25 15 12 359 3
335.919 127.703 315.462 26 15 12 359 3
335.919 127.703 315.462 27 15 12 359 3
335.919 127.703 315.462 28 15 12 359 3
335.919 127.703 315.462 29 15 12 359 3
335.919 127.703 315.462 30 15 12 359 3
228.776 163.954 326.995 1 16 12 413 2
228.776 163.954 326.995 2 16 12 413 2
228.776 163.954 326.995 3 16 12 413 2
182.301 119.119 243.398 4 16 12 152 1
182.301 119.119 243.398 5 16 12 152 1
182.301 119.119 243.398 6 16 12 152 1
182.301 119.119 243.398 7 16 12 152 1
56.104 128.981 336.779 8 16 12 370 4
56.104 128.981 336.779 9 16 12 370 4
56.104 128.981 336.779 10 16 12 370 4
56.104 128.981 336.779 11 16 12 370 4
335.919 127.703 315.462 12 16 12 359 3
335.919 127.703 315.462 13 16 12 359 3
335.919 127.703 315.462 14 16 12 359 3
335.919 127.703 315.462 15 16 12 359 3
335.919 127.703 315.462 16 16 12 359 3
335.919 127.703 315.462 17 16 12 359 3
335.919 127.703 315.462 18 16 12 359 3
335.919 127.703 315.462 19 16 12 359 3
335.919 127.703 315.462 20 16 12 359 3
335.919 127.703 315.462 21 16 12 359 3
335.919 127.703 315.462 22 16 12 359 3
335.919 127.703 315.462 23 16 12 359 3
335.919 127.703 315.462 24 16 12 359 3
335.919 127.703 315.462 25 16 12 359 3
335.919 127.703 315.462 26 16 12 359 3
335.919 127.703 315.462 27 16 12 359 3
335.919 127.703 315.462 28 16 12 359 3
335.919 127.703 315.462 29 16 12 359 3
335.919 127.703 315.462 30 16 12 359 3
228.776 163.954 326.995 1 17 12 413 2
228.776 163.954 326.995 2 17 12 413 2
177.514 56.207 315.029 3 17 12 430 4
182.301 119.119 243.398 4 17 12 152 1
182.301 119.119 243.398 5 17 12 152 1
182.301 119.119 243.398 6 17 12 152 1
182.301 119.119 243.398 7 17 12 152 1
56.104 128.981 336.779 8 17 12 370 4
56.104 128.981 336.779 9 17 12 370 4
56.104 128.981 336.779 10 17 12 370 4
56.104 128.981 336.779 11 17 12 370 4
56.104 128.981 336.779 12 17 12 370 4
56.104 128.981 336.779 13 17 12 370 4
56.104 128.981 336.779 14 17 12 370 4
335.919 127.703 315.462 15 17 12 359 3
335.919 127.703 315.462 16 17 12 359 3
335.919 127.703 315.462 17 17 12 359 3
335.919 127.703 315.462 18 17 12 359 3
335.919 127.703 315.462 19 17 12 359 3
335.919 127.703 315.462 20 17 12 359 3
335.919 127.703 315.462 21 17 12 359 3
335.919 127.703 315.462 22 17 12 359 3
335.919 127.703 315.462 23 17 12 359 3
335.919 127.703 315.462 24 17 12 359 3
335.919 127.703 315.462 25 17 12 359 3
335.919 127.703 315.462 26 17 12 359 3
335.919 127.703 315.462 27 17 12 359 3
335.919 127.703 315.462 28 17 12 359 3
335.919 127.703 315.462 29 17 12 359 3
335.919 127.703 315.462 30 17 12 359 3
228.776 163.954 326.995 1 18 12 413 2
228.776 163.954 326.995 2 18 12 413 2
248.649 44.957 319.600 3 18 12 345 2
56.104 128.981 336.779 4 18 12 370 4
56.104 128.981 336.779 5 18 12 370 4
56.104 128.981 336.779 6 18 12 370 4
56.104 128.981 336.779 7 18 12 370 4
56.104 128.981 336.779 8 18 12 370 4
56.104 128.981 336.779 9 18 12 370 4
56.104 128.981 336.779 10 18 12 370 4
56.104 128.981 336.779 11 18 12 370 4
56.104 128.981 336.779 12 18 12 370 4
56.104 128.981 336.779 13 18 12 370 4
56.104 128.981 336.779 14 18 12 370 4
56.104 128.981 336.779 15 18 12 370 4
56.104 128.981 336.779 16 18 12 370 4
335.919 127.703 315.462 17 18 12 359 3
335.919 127.703 315.462 18 18 12 359 3
335.919 127.703 315.462 19 18 12 359 3
335.919 127.703 315.462 20 18 12 359 3
335.919 127.703 315.462 21 18 12 359 3
335.919 127.703 315.462 22 18 12 359 3
335.919 127.703 315.462 23 18 12 359 3
335.919 127.703 315.462 24 18 12 359 3
335.919 127.703 315.462 25 18 12 359 3
335.919 127.703 315.462 26 18 12 359 3
335.919 127.703 315.462 27 18 12 359 3
335.919 127.703 315.462 28 18 12 359 3
335.919 127.703 315.462 29 18 12 359 3
335.919 127.703 315.462 30 18 12 359 3
248.649 44.957 319.600 1 19 12 345 2
248.649 44.957 319.600 2 19 12 345 2
248.649 44.957 319.600 3 19 12 345 2
248.649 44.957 319.600 4 19 12 345 2
56.104 128.981 336.779 5 19 12 370 4
56.104 128.981 336.779 6 19 12 370 4
56.104 128.981 336.779 7 19 12 370 4
56.104 128.981 336.779 8 19 12 370 4
56.104 128.981 336.779 9 19 12 370 4
56.104 128.981 336.779 10 19 12 370 4
56.104 128.981 336.779 11 19 12 370 4
56.104 128.981 336.779 12 19 12 370 4
56.104 128.981 336.779 13 19 12 370 4
56.104 128.981 336.779 14 19 12 370 4
56.104 128.981 336.779 15 19 12 370 4
56.104 128.981 336.779 16 19 12 370 4
56.104 128.981 336.779 17 19 12 370 4
56.104 128.981 336.779 18 19 12 370 4
335.919 127.703 315.462 19 19 12 359 3
335.919 127.703 315.462 20 19 12 359 3
335.919 127.703 315.462 21 19 12 359 3
335.919 127.703 315.462 22 19 12 359 3
335.919 127.703 315.462 23 19 12 359 3
335.919 127.703 315.462 24 19 12 359 3
335.919 127.703 315.462 25 19 12 359 3
335.919 127.703 315.462 26 19 12 359 3
335.919 127.703 315.462 27 19 12 359 3
335.919 127.703 315.462 28 19 12 359 3
335.919 127.703 315.462 29 19 12 359 3
335.919 127.703 315.462 30 19 12 359 3
248.649 44.957 319.600 1 20 12 345 2
248.649 44.957 319.600 2 20 12 345 2
248.649 44.957 319.600 3 20 12 345 2
248.649 44.957 319.600 4 20 12 345 2
56.104 128.981 336.779 5 20 12 370 4
56.104 128.981 336.779 6 20 12 370 4
56.104 128.981 336.779 7 20 12 370 4
56.104 128.981 336.779 8 20 12 370 4
56.104 128.981 336.779 9 20 12 370 4
56.104 128.981 336.779 10 20 12 370 4
56.104 128.981 336.779 11 20 12 370 4
61.615 129.110 280.123 12 20 12 260 1
56.104 128.981 336.779 13 20 12 370 4
56.104 128.981 336.779 14 20 12 370 4
56.104 128.981 336.779 15 20 12 370 4
56.104 128.981 336.779 16 20 12 370 4
56.104 128.981 336.779 17 20 12 370 4
56.104 128.981 336.779 18 20 12 370 4
56.104 128.981 336.779 19 20 12 370 4
335.919 127.703 315.462 20 20 12 359 3
335.919 127.703 315.462 21 20 12 359 3
335.919 127.703 315.462 22 20 12 359 3
335.919 127.703 315.462 23 20 12 359 3
335.919 127.703 315.462 24 20 12 359 3
335.919 127.703 315.462 25 20 12 359 3
335.919 127.703 315.462 26 20 12 359 3
335.919 127.703 315.462 27 20 12 359 3
335.919 127.703 315.462 28 20 12 359 3
335.919 127.703 315.462 29 20 12 359 3
335.919 127.703 315.462 30 20 12 359 3
248.649 44.957 319.600 1 21 12 345 2
248.649 44.957 319.600 2 21 12 345 2
248.649 44.957 319.600 3 21 12 345 2
56.104 128.981 336.779 4 21 12 370 4
56.104 128.981 336.779 5 21 12 370 4
56.104 128.981 336.779 6 21 12 370 4
56.104 128.981 336.779 7 21 12 370 4
56.104 128.981 336.779 8 21 12 370 4
56.104 128.981 336.779 9 21 12 370 4
56.104 128.981 336.779 10 21 12 370 4
56.104 128.981 336.779 11 21 12 370 4
56.104 128.981 336.779 12 21 12 370 4
56.104 128.981 336.779 13 21 12 370 4
56.104 128.981 336.779 14 21 12 370 4
56.104 128.981 336.779 15 21 12 370 4
56.104 128.981 336.779 16 21 12 370 4
56.104 128.981 336.779 17 21 12 370 4
56.104 128.981 336.779 18 21 12 370 4
56.104 128.981 336.779 19 21 12 370 4
56.104 128.981 336.779 20 21 12 370 4
56.104 128.981 336.779 21 21 12 370 4
335.919 127.703 315.462 22 21 12 359 3
335.919 127.703 315.462 23 21 12 359 3
335.919 127.703 315.462 24 21 12 359 3
335.919 127.703 315.462 25 21 12 359 3
335.919 127.703 315.462 26 21 12 359 3
335.919 127.703 315.462 27 21 12 359 3
335.919 127.703 315.462 28 21 12 359 3
335.919 127.703 315.462 29 21 12 359 3
335.919 127.703 315.462 30 21 12 359 3
248.649 44.957 319.600 1 22 12 345 2
56.104 128.981 336.779 2 22 12 370 4
56.104 128.981 336.779 3 22 12 370 4
37.606 125.721 155.692 4 22 12 428 2
56.104 128.981 336.779 5 22 12 370 4
56.104 128.981 336.779 6 22 12 370 4
56.104 128.981 336.779 7 22 12 370 4
56.104 128.981 336.779 8 22 12 370 4
56.104 128.981 336.779 9 22 12 370 4
56.104 128.981 336.779 10 22 12 370 4
56.104 128.981 336.779 11 22 12 370 4
56.104 128.981 336.779 12 22 12 370 4
56.104 128.981 336.779 13 22 12 370 4
56.104 128.981 336.779 14 22 12 370 4
56.104 128.981 336.779 15 22 12 370 4
56.104 128.981 336.779 16 22 12 370 4
56.104 128.981 336.779 17 22 12 370 4
56.104 128.981 336.779 18 22 12 370 4
56.104 128.981 336.779 19 22 12 370 4
72.793 69.151 94.127 20 22 12 178 1
72.793 69.151 94.127 21 22 12 178 1
56.104 128.981 336.779 22 22 12 370 4
335.919 127.703 315.462 23 22 12 359 3
335.919 127.703 315.462 24 22 12 359 3
335.919 127.703 315.462 25 22 12 359 3
335.919 127.703 315.462 26 22 12 359 3
335.919 127.703 315.462 27 22 12 359 3
335.919 127.703 315.462 28 22 12 359 3
335.919 127.703 315.462 29 22 12 359 3
335.919 127.703 315.462 30 22 12 359 3
60.965 76.434 117.328 1 23 12 400 1
60.965 76.434 117.328 2 23 12 400 1
56.104 128.981 336.779 3 23 12 370 4
56.104 128.981 336.779 4 23 12 370 4
56.104 128.981 336.779 5 23 12 370 4
56.104 128.981 336.779 6 23 12 370 4
56.104 128.981 336.779 7 23 12 370 4
56.104 128.981 336.779 8 23 12 370 4
56.104 128.981 336.779 9 23 12 370 4
56.104 128.981 336.779 10 23 12 370 4
56.104 128.981 336.779 11 23 12 370 4
56.104 128.981 336.779 12 23 12 370 4
56.104 128.981 336.779 13 23 12 370 4
56.104 128.981 336.779 14 23 12 370 4
56.104 128.981 336.779 15 23 12 370 4
56.104 128.981 336.779 16 23 12 370 4
56.104 128.981 336.779 17 23 12 370 4
56.104 128.981 336.779 18 23 12 370 4
56.104 128.981 336.779 19 23 12 370 4
56.104 128.981 336.779 20 23 12 370 4
56.104 128.981 336.779 21 23 12 370 4
56.104 128.981 336.779 22 23 12 370 4
94.576 72.414 253.803 23 23 12 431 4
335.919 127.703 315.462 24 23 12 359 3
335.919 127.703 315.462 25 23 12 359 3
335.919 127.703 315.462 26 23 12 359 3
335.919 127.703 315.462 27 23 12 359 3
335.919 127.703 315.462 28 23 12 359 3
335.919 127.703 315.462 29 23 12 359 3
335.919 127.703 315.462 30 23 12 359 3
56.104 128.981 336.779 1 24 12 370 4
56.104 128.981 336.779 2 24 12 370 4
56.104 128.981 336.779 3 24 12 370 4
56.104 128.981 336.779 4 24 12 370 4
56.104 128.981 336.779 5 24 12 370 4
312.057 91.003 296.795 6 24 12 73 1
56.104 128.981 336.779 7 24 12 370 4
238.798 111.567 46.482 8 24 12 322 2
56.104 128.981 336.779 9 24 12 370 4
56.104 128.981 336.779 10 24 12 370 4
56.104 128.981 336.779 11 24 12 370 4
56.104 128.981 336.779 12 24 12 370 4
56.104 128.981 336.779 13 24 12 370 4
56.104 128.981 336.779 14 24 12 370 4
56.104 128.981 336.779 15 24 12 370 4
56.104 128.981 336.779 16 24 12 370 4
56.104 128.981 336.779 17 24 12 370 4
56.104 128.981 336.779 18 24 12 370 4
56.104 128.981 336.779 19 24 12 370 4
353.963 150.783 119.389 20 24 12 67 1
353.963 150.783 119.389 21 24 12 67 1
56.104 128.981 336.779 22 24 12 370 4
94.576 72.414 253.803 23 24 12 431 4
94.576 72.414 253.803 24 24 12 431 4
94.576 72.414 253.803 25 24 12 431 4
134.308 118.424 144.011 26 24 12 351 2
134.308 118.424 144.011 27 24 12 351 2
134.308 118.424 144.011 28 24 12 351 2
134.308 118.424 144.011 29 24 12 351 2
335.919 127.703 315.462 30 24 12 359 3
56.104 128.981 336.779 1 25 12 370 4
56.104 128.981 336.779 2 25 12 370 4
56.104 128.981 336.779 3 25 12 370 4
56.104 128.981 336.779 4 25 12 370 4
56.104 128.981 336.779 5 25 12 370 4
56.104 128.981 336.779 6 25 12 370 4
56.104 128.981 336.779 7 25 12 370 4
56.104 128.981 336.779 8 25 12 370 4
154.126 124.388 201.765 9 25 12 179 1
56.104 128.981 336.779 10 25 12 370 4
56.104 128.981 336.779 11 25 12 370 4
56.104 128.981 336.779 12 25 12 370 4
56.104 128.981 336.779 13 25 12 370 4
56.104 128.981 336.779 14 25 12 370 4
56.104 128.981 336.779 15 25 12 370 4
56.104 128.981 336.779 16 25 12 370 4
56.104 128.981 336.779 17 25 12 370 4
56.104 128.981 336.779 18 25 12 370 4
353.963 150.783 119.389 19 25 12 67 1
353.963 150.783 119.389 20 25 12 67 1
353.963 150.783 119.389 21 25 12 67 1
353.963 150.783 119.389 22 25 12 67 1
94.576 72.414 253.803 23 25 12 431 4
94.576 72.414 253.803 24 25 12 431 4
94.576 72.414 253.803 25 25 12 431 4
134.308 118.424 144.011 26 25 12 351 2
134.308 118.424 144.011 27 25 12 351 2
134.308 118.424 144.011 28 25 12 351 2
134.308 118.424 144.011 29 25 12 351 2
134.308 118.424 144.011 30 25 12 351 2
56.104 128.981 336.779 1 26 12 370 4
56.104 128.981 336.779 2 26 12 370 4
56.104 128.981 336.779 3 26 12 370 4
56.104 128.981 336.779 4 26 12 370 4
56.104 128.981 336.779 5 26 12 370 4
56.104 128.981 336.779 6 26 12 370 4
56.104 128.981 336.779 7 26 12 370 4
56.104 128.981 336.779 8 26 12 370 4
56.104 128.981 336.779 9 26 12 370 4
56.104 128.981 336.779 10 26 12 370 4
56.104 128.981 336.779 11 26 12 370 4
56.104 128.981 336.779 12 26 12 370 4
56.104 128.981 336.779 13 26 12 370 4
56.104 128.981 336.779 14 26 12 370 4
56.104 128.981 336.779 15 26 12 370 4
56.104 128.981 336.779 16 26 12 370 4
56.104 128.981 336.779 17 26 12 370 4
56.104 128.981 336.779 18 26 12 370 4
353.963 150.783 119.389 19 26 12 67 1
353.963 150.783 119.389 20 26 12 67 1
353.963 150.783 119.389 21 26 12 67 1
353.963 150.783 119.389 22 26 12 67 1
94.576 72.414 253.803 23 26 12 431 4
94.576 72.414 253.803 24 26 12 431 4
94.576 72.414 253.803 25 26 12 431 4
24.190 143.795 154.052 26 26 12 12 1
134.308 118.424 144.011 27 26 12 351 2
134.308 118.424 144.011 28 26 12 351 2
134.308 118.424 144.011 29 26 12 351 2
134.308 118.424 144.011 30 26 12 351 2
56.104 128.981 336.779 1 27 12 370 4
56.104 128.981 336.779 2 27 12 370 4
56.104 128.981 336.779 3 27 12 370 4
56.104 128.981 336.779 4 27 12 370 4
56.104 128.981 336.779 5 27 12 370 4
56.104 128.981 336.779 6 27 12 370 4
56.104 128.981 336.779 7 27 12 370 4
56.104 128.981 336.779 8 27 12 370 4
56.104 128.981 336.779 9 27 12 370 4
56.104 128.981 336.779 10 27 12 370 4
56.104 128.981 336.779 11 27 12 370 4
56.104 128.981 336.779 12 27 12 370 4
56.104 128.981 336.779 13 27 12 370 4
56.104 128.981 336.779 14 27 12 370 4
56.104 128.981 336.779 15 27 12 370 4
56.104 128.981 336.779 16 27 12 370 4
56.104 128.981 336.779 17 27 12 370 4
56.104 128.981 336.779 18 27 12 370 4
353.963 150.783 119.389 19 27 12 67 1
353.963 150.783 119.389 20 27 12 67 1
353.963 150.783 119.389 21 27 12 67 1
353.963 150.783 119.389 22 27 12 67 1
94.576 72.414 253.803 23 27 12 431 4
94.576 72.414 253.803 24 27 12 431 4
24.190 143.795 154.052 25 27 12 12 1
94.576 72.414 253.803 26 27 12 431 4
94.576 72.414 253.803 27 27 12 431 4
94.576 72.414 253.803 28 27 12 431 4
94.576 72.414 253.803 29 27 12 431 4
94.576 72.414 253.803 30 27 12 431 4
135.080 161.747 291.806 1 28 12 40 1
135.080 161.747 291.806 2 28 12 40 1
56.104 128.981 336.779 3 28 12 370 4
56.104 128.981 336.779 4 28 12 370 4
56.104 128.981 336.779 5 28 12 370 4
56.104 128.981 336.779 6 28 12 370 4
56.104 128.981 336.779 7 28 12 370 4
56.104 128.981 336.779 8 28 12 370 4
56.104 128.981 336.779 9 28 12 370 4
56.104 128.981 336.779 10 28 12 370 4
56.104 128.981 336.779 11 28 12 370 4
56.104 128.981 336.779 12 28 12 370 4
56.104 128.981 336.779 13 28 12 370 4
56.104 128.981 336.779 14 28 12 370 4
56.104 128.981 336.779 15 28 12 370 4
56.104 128.981 336.779 16 28 12 370 4
56.104 128.981 336.779 17 28 12 370 4
56.104 128.981 336.779 18 28 12 370 4
353.963 150.783 119.389 19 28 12 67 1
353.963 150.783 119.389 20 28 12 67 1
353.963 150.783 119.389 21 28 12 67 1
353.963 150.783 119.389 22 28 12 67 1
89.950 49.812 270.892 23 28 12 366 4
89.950 49.812 270.892 24 28 12 366 4
89.950 49.812 270.892 25 28 12 366 4
89.950 49.812 270.892 26 28 12 366 4
89.950 49.812 270.892 27 28 12 366 4
94.576 72.414 253.803 28 28 12 431 4
94.576 72.414 253.803 29 28 12 431 4
94.576 72.414 253.803 30 28 12 431 4
56.104 128.981 336.779 1 29 12 370 4
56.104 128.981 336.779 2 29 12 370 4
56.104 128.981 336.779 3 29 12 370 4
48.276 116.415 191.705 4 29 12 309 2
48.276 116.415 191.705 5 29 12 309 2
256.398 144.857 105.482 6 29 12 231 1
56.104 128.981 336.779 7 29 12 370 4
56.104 128.981 336.779 8 29 12 370 4
56.104 128.981 336.779 9 29 12 370 4
56.104 128.981 336.779 10 29 12 370 4
56.104 128.981 336.779 11 29 12 370 4
56.104 128.981 336.779 12 29 12 370 4
56.104 128.981 336.779 13 29 12 370 4
56.104 128.981 336.779 14 29 12 370 4
56.104 128.981 336.779 15 29 12 370 4
56.104 128.981 336.779 16 29 12 370 4
56.104 128.981 336.779 17 29 12 370 4
56.104 128.981 336.779 18 29 12 370 4
56.104 128.981 336.779 19 29 12 370 4
353.963 150.783 119.389 20 29 12 67 1
353.963 150.783 119.389 21 29 12 67 1
353.963 150.783 119.389 22 29 12 67 1
160.953 82.106 125.145 23 29 12 376 1
89.950 49.812 270.892 24 29 12 366 4
89.950 49.812 270.892 25 29 12 366 4
89.950 49.812 270.892 26 29 12 366 4
89.950 49.812 270.892 27 29 12 366 4
89.950 49.812 270.892 28 29 12 366 4
89.950 49.812 270.892 29 29 12 366 4
89.950 49.812 270.892 30 29 12 366 4
56.104 128.981 336.779 1 30 12 370 4
56.104 128.981 336.779 2 30 12 370 4
56.104 128.981 336.779 3 30 12 370 4
48.276 116.415 191.705 4 30 12 309 2
56.104 128.981 336.779 5 30 12 370 4
256.398 144.857 105.482 6 30 12 231 1
56.104 128.981 336.779 7 30 12 370 4
56.104 128.981 336.779 8 30 12 370 4
56.104 128.981 336.779 9 30 12 370 4
56.104 128.981 336.779 10 30 12 370 4
56.104 128.981 336.779 11 30 12 370 4
56.104 128.981 336.779 12 30 12 370 4
56.104 128.981 336.779 13 30 12 370 4
56.104 128.981 336.779 14 30 12 370 4
56.104 128.981 336.779 15 30 12 370 4
293.422 118.862 344.087 16 30 12 307 2
56.104 128.981 336.779 17 30 12 370 4
56.104 128.981 336.779 18 30 12 370 4
56.104 128.981 336.779 19 30 12 370 4
353.963 150.783 119.389 20 30 12 67 1
353.963 150.783 119.389 21 30 12 67 1
353.963 150.783 119.389 22 30 12 67 1
160.953 82.106 125.145 23 30 12 376 1
89.950 49.812 270.892 24 30 12 366 4
89.950 49.812 270.892 25 30 12 366 4
89.950 49.812 270.892 26 30 12 366 4
89.950 49.812 270.892 27 30 12 366 4
89.950 49.812 270.892 28 30 12 366 4
89.950 49.812 270.892 29 30 12 366 4
89.950 49.812 270.892 30 30 12 366 4
