305.297 58.385 318.948 1 1 24 124 1
305.297 58.385 318.948 2 1 24 124 1
305.297 58.385 318.948 3 1 24 124 1
297.955 165.456 315.465 4 1 24 36 1
297.955 165.456 315.465 5 1 24 36 1
297.955 165.456 315.465 6 1 24 36 1
297.955 165.456 315.465 7 1 24 36 1
115.636 130.499 192.918 8 1 24 372 4
115.636 130.499 192.918 9 1 24 372 4
115.636 130.499 192.918 10 1 24 372 4
115.636 130.499 192.918 11 1 24 372 4
115.636 130.499 192.918 12 1 24 372 4
115.636 130.499 192.918 13 1 24 372 4
115.636 130.499 192.918 14 1 24 372 4
115.636 130.499 192.918 15 1 24 372 4
115.636 130.499 192.918 16 1 24 372 4
115.636 130.499 192.918 17 1 24 372 4
115.636 130.499 192.918 18 1 24 372 4
9.908 105.350 297.213 19 1 24 365 4
9.908 105.350 297.213 20 1 24 365 4
9.908 105.350 297.213 21 1 24 365 4
9.908 105.350 297.213 22 1 24 365 4
9.908 105.350 297.213 23 1 24 365 4
9.908 105.350 297.213 24 1 24 365 4
9.908 105.350 297.213 25 1 24 365 4
9.908 105.350 297.213 26 1 24 365 4
324.585 88.051 309.912 27 1 24 368 4
324.585 88.051 309.912 28 1 24 368 4
324.585 88.051 309.912 29 1 24 368 4
324.585 88.051 309.912 30 1 24 368 4
305.297 58.385 318.948 1 2 24 124 1
305.297 58.385 318.948 2 2 24 124 1
305.297 58.385 318.948 3 2 24 124 1
1.082 30.968 308.610 4 2 24 391 1
297.955 165.456 315.465 5 2 24 36 1
297.955 165.456 315.465 6 2 24 36 1
185.442 88.006 87.536 7 2 24 412 2
115.636 130.499 192.918 8 2 24 372 4
115.636 130.499 192.918 9 2 24 372 4
115.636 130.499 192.918 10 2 24 372 4
115.636 130.499 192.918 11 2 24 372 4
115.636 130.499 192.918 12 2 24 372 4
115.636 130.499 192.918 13 2 24 372 4
115.636 130.499 192.918 14 2 24 372 4
115.636 130.499 192.918 15 2 24 372 4
115.636 130.499 192.918 16 2 24 372 4
115.636 130.499 192.918 17 2 24 372 4
115.636 130.499 192.918 18 2 24 372 4
167.245 52.061 120.910 19 2 24 315 2
9.908 105.350 297.213 20 2 24 365 4
9.908 105.350 297.213 21 2 24 365 4
214.295 69.963 35.376 22 2 24 205 1
9.908 105.350 297.213 23 2 24 365 4
9.908 105.350 297.213 24 2 24 365 4
9.908 105.350 297.213 25 2 24 365 4
9.908 105.350 297.213 26 2 24 365 4
324.585 88.051 309.912 27 2 24 368 4
324.585 88.051 309.912 28 2 24 368 4
324.585 88.051 309.912 29 2 24 368 4
324.585 88.051 309.912 30 2 24 368 4
305.297 58.385 318.948 1 3 24 124 1
305.297 58.385 318.948 2 3 24 124 1
305.297 58.385 318.948 3 3 24 124 1
1.082 30.968 308.610 4 3 24 391 1
297.955 165.456 315.465 5 3 24 36 1
297.955 165.456 315.465 6 3 24 36 1
185.442 88.006 87.536 7 3 24 412 2
115.636 130.499 192.918 8 3 24 372 4
115.636 130.499 192.918 9 3 24 372 4
115.636 130.499 192.918 10 3 24 372 4
115.636 130.499 192.918 11 3 24 372 4
115.636 130.499 192.918 12 3 24 372 4
115.636 130.499 192.918 13 3 24 372 4
115.636 130.499 192.918 14 3 24 372 4
115.636 130.499 192.918 15 3 24 372 4
115.636 130.499 192.918 16 3 24 372 4
115.636 130.499 192.918 17 3 24 372 4
115.636 130.499 192.918 18 3 24 372 4
167.245 52.061 120.910 19 3 24 315 2
9.908 105.350 297.213 20 3 24 365 4
9.908 105.350 297.213 21 3 24 365 4
9.908 105.350 297.213 22 3 24 365 4
9.908 105.350 297.213 23 3 24 365 4
9.908 105.350 297.213 24 3 24 365 4
9.908 105.350 297.213 25 3 24 365 4
9.908 105.350 297.213 26 3 24 365 4
324.585 88.051 309.912 27 3 24 368 4
324.585 88.051 309.912 28 3 24 368 4
324.585 88.051 309.912 29 3 24 368 4
324.585 88.051 309.912 30 3 24 368 4
305.297 58.385 318.948 1 4 24 124 1
305.297 58.385 318.948 2 4 24 124 1
305.297 58.385 318.948 3 4 24 124 1
1.082 30.968 308.610 4 4 24 391 1
297.955 165.456 315.465 5 4 24 36 1
297.955 165.456 315.465 6 4 24 36 1
38.027 53.376 20.923 7 4 24 364 4
38.027 53.376 20.923 8 4 24 364 4
38.027 53.376 20.923 9 4 24 364 4
115.636 130.499 192.918 10 4 24 372 4
115.636 130.499 192.918 11 4 24 372 4
115.636 130.499 192.918 12 4 24 372 4
115.636 130.499 192.918 13 4 24 372 4
115.636 130.499 192.918 14 4 24 372 4
115.636 130.499 192.918 15 4 24 372 4
115.636 130.499 192.918 16 4 24 372 4
115.636 130.499 192.918 17 4 24 372 4
115.636 130.499 192.918 18 4 24 372 4
304.609 156.389 327.226 19 4 24 329 2
304.609 156.389 327.226 20 4 24 329 2
9.908 105.350 297.213 21 4 24 365 4
9.908 105.350 297.213 22 4 24 365 4
9.908 105.350 297.213 23 4 24 365 4
9.908 105.350 297.213 24 4 24 365 4
9.908 105.350 297.213 25 4 24 365 4
9.908 105.350 297.213 26 4 24 365 4
324.585 88.051 309.912 27 4 24 368 4
324.585 88.051 309.912 28 4 24 368 4
324.585 88.051 309.912 29 4 24 368 4
324.585 88.051 309.912 30 4 24 368 4
305.297 58.385 318.948 1 5 24 124 1
305.297 58.385 318.948 2 5 24 124 1
305.297 58.385 318.948 3 5 24 124 1
305.297 58.385 318.948 4 5 24 124 1
38.027 53.376 20.923 5 5 24 364 4
38.027 53.376 20.923 6 5 24 364 4
38.027 53.376 20.923 7 5 24 364 4
38.027 53.376 20.923 8 5 24 364 4
38.027 53.376 20.923 9 5 24 364 4
38.027 53.376 20.923 10 5 24 364 4
115.636 130.499 192.918 11 5 24 372 4
115.636 130.499 192.918 12 5 24 372 4
115.636 130.499 192.918 13 5 24 372 4
115.636 130.499 192.918 14 5 24 372 4
115.636 130.499 192.918 15 5 24 372 4
115.636 130.499 192.918 16 5 24 372 4
115.636 130.499 192.918 17 5 24 372 4
307.745 102.361 211.558 18 5 24 217 1
304.609 156.389 327.226 19 5 24 329 2
304.609 156.389 327.226 20 5 24 329 2
304.609 156.389 327.226 21 5 24 329 2
9.908 105.350 297.213 22 5 24 365 4
9.908 105.350 297.213 23 5 24 365 4
9.908 105.350 297.213 24 5 24 365 4
9.908 105.350 297.213 25 5 24 365 4
9.908 105.350 297.213 26 5 24 365 4
324.585 88.051 309.912 27 5 24 368 4
324.585 88.051 309.912 28 5 24 368 4
324.585 88.051 309.912 29 5 24 368 4
324.585 88.051 309.912 30 5 24 368 4
305.297 58.385 318.948 1 6 24 124 1
305.297 58.385 318.948 2 6 24 124 1
305.297 58.385 318.948 3 6 24 124 1
38.027 53.376 20.923 4 6 24 364 4
38.027 53.376 20.923 5 6 24 364 4
38.027 53.376 20.923 6 6 24 364 4
38.027 53.376 20.923 7 6 24 364 4
38.027 53.376 20.923 8 6 24 364 4
38.027 53.376 20.923 9 6 24 364 4
38.027 53.376 20.923 10 6 24 364 4
38.027 53.376 20.923 11 6 24 364 4
115.636 130.499 192.918 12 6 24 372 4
115.636 130.499 192.918 13 6 24 372 4
115.636 130.499 192.918 14 6 24 372 4
115.636 130.499 192.918 15 6 24 372 4
115.636 130.499 192.918 16 6 24 372 4
307.745 102.361 211.558 17 6 24 217 1
307.745 102.361 211.558 18 6 24 217 1
304.609 156.389 327.226 19 6 24 329 2
304.609 156.389 327.226 20 6 24 329 2
304.609 156.389 327.226 21 6 24 329 2
335.919 127.703 315.462 22 6 24 359 3
335.919 127.703 315.462 23 6 24 359 3
335.919 127.703 315.462 24 6 24 359 3
335.919 127.703 315.462 25 6 24 359 3
335.919 127.703 315.462 26 6 24 359 3
324.585 88.051 309.912 27 6 24 368 4
324.585 88.051 309.912 28 6 24 368 4
324.585 88.051 309.912 29 6 24 368 4
324.585 88.051 309.912 30 6 24 368 4
305.297 58.385 318.948 1 7 24 124 1
305.297 58.385 318.948 2 7 24 124 1
38.027 53.376 20.923 3 7 24 364 4
38.027 53.376 20.923 4 7 24 364 4
38.027 53.376 20.923 5 7 24 364 4
38.027 53.376 20.923 6 7 24 364 4
38.027 53.376 20.923 7 7 24 364 4
38.027 53.376 20.923 8 7 24 364 4
38.027 53.376 20.923 9 7 24 364 4
38.027 53.376 20.923 10 7 24 364 4
38.027 53.376 20.923 11 7 24 364 4
38.027 53.376 20.923 12 7 24 364 4
115.636 130.499 192.918 13 7 24 372 4
115.636 130.499 192.918 14 7 24 372 4
115.636 130.499 192.918 15 7 24 372 4
115.636 130.499 192.918 16 7 24 372 4
335.919 127.703 315.462 17 7 24 359 3
335.919 127.703 315.462 18 7 24 359 3
304.609 156.389 327.226 19 7 24 329 2
304.609 156.389 327.226 20 7 24 329 2
335.919 127.703 315.462 21 7 24 359 3
335.919 127.703 315.462 22 7 24 359 3
335.919 127.703 315.462 23 7 24 359 3
335.919 127.703 315.462 24 7 24 359 3
335.919 127.703 315.462 25 7 24 359 3
335.919 127.703 315.462 26 7 24 359 3
335.919 127.703 315.462 27 7 24 359 3
335.919 127.703 315.462 28 7 24 359 3
335.919 127.703 315.462 29 7 24 359 3
335.919 127.703 315.462 30 7 24 359 3
305.297 58.385 318.948 1 8 24 124 1
92.639 123.032 10.804 2 8 24 415 2
92.639 123.032 10.804 3 8 24 415 2
92.639 123.032 10.804 4 8 24 415 2
38.027 53.376 20.923 5 8 24 364 4
38.027 53.376 20.923 6 8 24 364 4
38.027 53.376 20.923 7 8 24 364 4
38.027 53.376 20.923 8 8 24 364 4
38.027 53.376 20.923 9 8 24 364 4
38.027 53.376 20.923 10 8 24 364 4
38.027 53.376 20.923 11 8 24 364 4
38.027 53.376 20.923 12 8 24 364 4
143.401 26.747 65.859 13 8 24 361 4
143.401 26.747 65.859 14 8 24 361 4
335.919 127.703 315.462 15 8 24 359 3
335.919 127.703 315.462 16 8 24 359 3
335.919 127.703 315.462 17 8 24 359 3
335.919 127.703 315.462 18 8 24 359 3
335.919 127.703 315.462 19 8 24 359 3
335.919 127.703 315.462 20 8 24 359 3
335.919 127.703 315.462 21 8 24 359 3
335.919 127.703 315.462 22 8 24 359 3
335.919 127.703 315.462 23 8 24 359 3
335.919 127.703 315.462 24 8 24 359 3
335.919 127.703 315.462 25 8 24 359 3
335.919 127.703 315.462 26 8 24 359 3
335.919 127.703 315.462 27 8 24 359 3
335.919 127.703 315.462 28 8 24 359 3
335.919 127.703 315.462 29 8 24 359 3
335.919 127.703 315.462 30 8 24 359 3
92.639 123.032 10.804 1 9 24 415 2
92.639 123.032 10.804 2 9 24 415 2
92.639 123.032 10.804 3 9 24 415 2
92.639 123.032 10.804 4 9 24 415 2
38.027 53.376 20.923 5 9 24 364 4
38.027 53.376 20.923 6 9 24 364 4
38.027 53.376 20.923 7 9 24 364 4
38.027 53.376 20.923 8 9 24 364 4
38.027 53.376 20.923 9 9 24 364 4
38.027 53.376 20.923 10 9 24 364 4
38.027 53.376 20.923 11 9 24 364 4
143.401 26.747 65.859 12 9 24 361 4
143.401 26.747 65.859 13 9 24 361 4
143.401 26.747 65.859 14 9 24 361 4
143.401 26.747 65.859 15 9 24 361 4
335.919 127.703 315.462 16 9 24 359 3
335.919 127.703 315.462 17 9 24 359 3
335.919 127.703 315.462 18 9 24 359 3
335.919 127.703 315.462 19 9 24 359 3
335.919 127.703 315.462 20 9 24 359 3
335.919 127.703 315.462 21 9 24 359 3
335.919 127.703 315.462 22 9 24 359 3
335.919 127.703 315.462 23 9 24 359 3
335.919 127.703 315.462 24 9 24 359 3
335.919 127.703 315.462 25 9 24 359 3
335.919 127.703 315.462 26 9 24 359 3
335.919 127.703 315.462 27 9 24 359 3
335.919 127.703 315.462 28 9 24 359 3
335.919 127.703 315.462 29 9 24 359 3
335.919 127.703 315.462 30 9 24 359 3
319.013 46.936 257.793 1 10 24 410 1
319.013 46.936 257.793 2 10 24 410 1
92.639 123.032 10.804 3 10 24 415 2
92.639 123.032 10.804 4 10 24 415 2
38.027 53.376 20.923 5 10 24 364 4
38.027 53.376 20.923 6 10 24 364 4
38.027 53.376 20.923 7 10 24 364 4
38.027 53.376 20.923 8 10 24 364 4
38.027 53.376 20.923 9 10 24 364 4
143.401 26.747 65.859 10 10 24 361 4
143.401 26.747 65.859 11 10 24 361 4
143.401 26.747 65.859 12 10 24 361 4
143.401 26.747 65.859 13 10 24 361 4
143.401 26.747 65.859 14 10 24 361 4
143.401 26.747 65.859 15 10 24 361 4
143.401 26.747 65.859 16 10 24 361 4
335.919 127.703 315.462 17 10 24 359 3
335.919 127.703 315.462 18 10 24 359 3
335.919 127.703 315.462 19 10 24 359 3
335.919 127.703 315.462 20 10 24 359 3
335.919 127.703 315.462 21 10 24 359 3
294.539 81.370 320.739 22 10 24 311 2
335.919 127.703 315.462 23 10 24 359 3
335.919 127.703 315.462 24 10 24 359 3
335.919 127.703 315.462 25 10 24 359 3
335.919 127.703 315.462 26 10 24 359 3
335.919 127.703 315.462 27 10 24 359 3
335.919 127.703 315.462 28 10 24 359 3
335.919 127.703 315.462 29 10 24 359 3
98.368 127.045 85.100 30 10 24 229 1
319.013 46.936 257.793 1 11 24 410 1
319.013 46.936 257.793 2 11 24 410 1
319.013 46.936 257.793 3 11 24 410 1
319.013 46.936 257.793 4 11 24 410 1
38.027 53.376 20.923 5 11 24 364 4
38.027 53.376 20.923 6 11 24 364 4
38.027 53.376 20.923 7 11 24 364 4
38.027 53.376 20.923 8 11 24 364 4
143.401 26.747 65.859 9 11 24 361 4
143.401 26.747 65.859 10 11 24 361 4
143.401 26.747 65.859 11 11 24 361 4
143.401 26.747 65.859 12 11 24 361 4
143.401 26.747 65.859 13 11 24 361 4
143.401 26.747 65.859 14 11 24 361 4
143.401 26.747 65.859 15 11 24 361 4
143.401 26.747 65.859 16 11 24 361 4
335.919 127.703 315.462 17 11 24 359 3
335.919 127.703 315.462 18 11 24 359 3
335.919 127.703 315.462 19 11 24 359 3
335.919 127.703 315.462 20 11 24 359 3
335.919 127.703 315.462 21 11 24 359 3
335.919 127.703 315.462 22 11 24 359 3
335.919 127.703 315.462 23 11 24 359 3
335.919 127.703 315.462 24 11 24 359 3
335.919 127.703 315.462 25 11 24 359 3
335.919 127.703 315.462 26 11 24 359 3
335.919 127.703 315.462 27 11 24 359 3
335.919 127.703 315.462 28 11 24 359 3
335.919 127.703 315.462 29 11 24 359 3
335.919 127.703 315.462 30 11 24 359 3
319.013 46.936 257.793 1 12 24 410 1
319.013 46.936 257.793 2 12 24 410 1
319.013 46.936 257.793 3 12 24 410 1
319.013 46.936 257.793 4 12 24 410 1
319.013 46.936 257.793 5 12 24 410 1
38.027 53.376 20.923 6 12 24 364 4
143.401 26.747 65.859 7 12 24 361 4
143.401 26.747 65.859 8 12 24 361 4
143.401 26.747 65.859 9 12 24 361 4
143.401 26.747 65.859 10 12 24 361 4
143.401 26.747 65.859 11 12 24 361 4
143.401 26.747 65.859 12 12 24 361 4
143.401 26.747 65.859 13 12 24 361 4
143.401 26.747 65.859 14 12 24 361 4
143.401 26.747 65.859 15 12 24 361 4
335.919 127.703 315.462 16 12 24 359 3
335.919 127.703 315.462 17 12 24 359 3
335.919 127.703 315.462 18 12 24 359 3
335.919 127.703 315.462 19 12 24 359 3
335.919 127.703 315.462 20 12 24 359 3
335.919 127.703 315.462 21 12 24 359 3
335.919 127.703 315.462 22 12 24 359 3
335.919 127.703 315.462 23 12 24 359 3
90.529 31.258 176.269 24 12 24 207 1
335.919 127.703 315.462 25 12 24 359 3
335.919 127.703 315.462 26 12 24 359 3
335.919 127.703 315.462 27 12 24 359 3
335.919 127.703 315.462 28 12 24 359 3
335.919 127.703 315.462 29 12 24 359 3
335.919 127.703 315.462 30 12 24 359 3
292.530 110.764 233.753 1 13 24 369 4
319.013 46.936 257.793 2 13 24 410 1
319.013 46.936 257.793 3 13 24 410 1
319.013 46.936 257.793 4 13 24 410 1
319.013 46.936 257.793 5 13 24 410 1
319.013 46.936 257.793 6 13 24 410 1
143.401 26.747 65.859 7 13 24 361 4
143.401 26.747 65.859 8 13 24 361 4
143.401 26.747 65.859 9 13 24 361 4
335.919 127.703 315.462 10 13 24 359 3
335.919 127.703 315.462 11 13 24 359 3
335.919 127.703 315.462 12 13 24 359 3
335.919 127.703 315.462 13 13 24 359 3
335.919 127.703 315.462 14 13 24 359 3
335.919 127.703 315.462 15 13 24 359 3
335.919 127.703 315.462 16 13 24 359 3
335.919 127.703 315.462 17 13 24 359 3
335.919 127.703 315.462 18 13 24 359 3
335.919 127.703 315.462 19 13 24 359 3
335.919 127.703 315.462 20 13 24 359 3
335.919 127.703 315.462 21 13 24 359 3
335.919 127.703 315.462 22 13 24 359 3
335.919 127.703 315.462 23 13 24 359 3
335.919 127.703 315.462 24 13 24 359 3
335.919 127.703 315.462 25 13 24 359 3
335.919 127.703 315.462 26 13 24 359 3
335.919 127.703 315.462 27 13 24 359 3
215.651 117.067 272.915 28 13 24 80 1
335.919 127.703 315.462 29 13 24 359 3
335.919 127.703 315.462 30 13 24 359 3
292.530 110.764 233.753 1 14 24 369 4
292.530 110.764 233.753 2 14 24 369 4
319.013 46.936 257.793 3 14 24 410 1
319.013 46.936 257.793 4 14 24 410 1
319.013 46.936 257.793 5 14 24 410 1
319.013 46.936 257.793 6 14 24 410 1
319.013 46.936 257.793 7 14 24 410 1
335.919 127.703 315.462 8 14 24 359 3
335.919 127.703 315.462 9 14 24 359 3
335.919 127.703 315.462 10 14 24 359 3
335.919 127.703 315.462 11 14 24 359 3
335.919 127.703 315.462 12 14 24 359 3
335.919 127.703 315.462 13 14 24 359 3
335.919 127.703 315.462 14 14 24 359 3
335.919 127.703 315.462 15 14 24 359 3
335.919 127.703 315.462 16 14 24 359 3
335.919 127.703 315.462 17 14 24 359 3
335.919 127.703 315.462 18 14 24 359 3
335.919 127.703 315.462 19 14 24 359 3
335.919 127.703 315.462 20 14 24 359 3
335.919 127.703 315.462 21 14 24 359 3
335.919 127.703 315.462 22 14 24 359 3
335.919 127.703 315.462 23 14 24 359 3
335.919 127.703 315.462 24 14 24 359 3
335.919 127.703 315.462 25 14 24 359 3
335.919 127.703 315.462 26 14 24 359 3
335.919 127.703 315.462 27 14 24 359 3
215.651 117.067 272.915 28 14 24 80 1
335.919 127.703 315.462 29 14 24 359 3
335.919 127.703 315.462 30 14 24 359 3
292.530 110.764 233.753 1 15 24 369 4
292.530 110.764 233.753 2 15 24 369 4
292.530 110.764 233.753 3 15 24 369 4
319.013 46.936 257.793 4 15 24 410 1
319.013 46.936 257.793 5 15 24 410 1
319.013 46.936 257.793 6 15 24 410 1
319.013 46.936 257.793 7 15 24 410 1
335.919 127.703 315.462 8 15 24 359 3
335.919 127.703 315.462 9 15 24 359 3
335.919 127.703 315.462 10 15 24 359 3
335.919 127.703 315.462 11 15 24 359 3
335.919 127.703 315.462 12 15 24 359 3
335.919 127.703 315.462 13 15 24 359 3
335.919 127.703 315.462 14 15 24 359 3
335.919 127.703 315.462 15 15 24 359 3
335.919 127.703 315.462 16 15 24 359 3
335.919 127.703 315.462 17 15 24 359 3
335.919 127.703 315.462 18 15 24 359 3
335.919 127.703 315.462 19 15 24 359 3
335.919 127.703 315.462 20 15 24 359 3
335.919 127.703 315.462 21 15 24 359 3
335.919 127.703 315.462 22 15 24 359 3
335.919 127.703 315.462 23 15 24 359 3
335.919 127.703 315.462 24 15 24 359 3
335.919 127.703 315.462 25 15 24 359 3
335.919 127.703 315.462 26 15 24 359 3
335.919 127.703 315.462 27 15 24 359 3
335.919 127.703 315.462 28 15 24 359 3
335.919 127.703 315.462 29 15 24 359 3
335.919 127.703 315.462 30 15 24 359 3
292.530 110.764 233.753 1 16 24 369 4
292.530 110.764 233.753 2 16 24 369 4
292.530 110.764 233.753 3 16 24 369 4
319.013 46.936 257.793 4 16 24 410 1
319.013 46.936 257.793 5 16 24 410 1
319.013 46.936 257.793 6 16 24 410 1
319.013 46.936 257.793 7 16 24 410 1
335.919 127.703 315.462 8 16 24 359 3
335.919 127.703 315.462 9 16 24 359 3
335.919 127.703 315.462 10 16 24 359 3
335.919 127.703 315.462 11 16 24 359 3
335.919 127.703 315.462 12 16 24 359 3
335.919 127.703 315.462 13 16 24 359 3
335.919 127.703 315.462 14 16 24 359 3
335.919 127.703 315.462 15 16 24 359 3
335.919 127.703 315.462 16 16 24 359 3
335.919 127.703 315.462 17 16 24 359 3
335.919 127.703 315.462 18 16 24 359 3
335.919 127.703 315.462 19 16 24 359 3
335.919 127.703 315.462 20 16 24 359 3
335.919 127.703 315.462 21 16 24 359 3
335.919 127.703 315.462 22 16 24 359 3
335.919 127.703 315.462 23 16 24 359 3
335.919 127.703 315.462 24 16 24 359 3
335.919 127.703 315.462 25 16 24 359 3
335.919 127.703 315.462 26 16 24 359 3
335.919 127.703 315.462 27 16 24 359 3
335.919 127.703 315.462 28 16 24 359 3
335.919 127.703 315.462 29 16 24 359 3
335.919 127.703 315.462 30 16 24 359 3
319.013 46.936 257.793 1 17 24 410 1
292.530 110.764 233.753 2 17 24 369 4
292.530 110.764 233.753 3 17 24 369 4
319.013 46.936 257.793 4 17 24 410 1
115.696 117.488 311.387 5 17 24 41 1
115.696 117.488 311.387 6 17 24 41 1
319.013 46.936 257.793 7 17 24 410 1
335.919 127.703 315.462 8 17 24 359 3
335.919 127.703 315.462 9 17 24 359 3
335.919 127.703 315.462 10 17 24 359 3
335.919 127.703 315.462 11 17 24 359 3
335.919 127.703 315.462 12 17 24 359 3
335.919 127.703 315.462 13 17 24 359 3
335.919 127.703 315.462 14 17 24 359 3
335.919 127.703 315.462 15 17 24 359 3
335.919 127.703 315.462 16 17 24 359 3
335.919 127.703 315.462 17 17 24 359 3
335.919 127.703 315.462 18 17 24 359 3
335.919 127.703 315.462 19 17 24 359 3
335.919 127.703 315.462 20 17 24 359 3
335.919 127.703 315.462 21 17 24 359 3
335.919 127.703 315.462 22 17 24 359 3
335.919 127.703 315.462 23 17 24 359 3
335.919 127.703 315.462 24 17 24 359 3
335.919 127.703 315.462 25 17 24 359 3
335.919 127.703 315.462 26 17 24 359 3
335.919 127.703 315.462 27 17 24 359 3
335.919 127.703 315.462 28 17 24 359 3
335.919 127.703 315.462 29 17 24 359 3
335.919 127.703 315.462 30 17 24 359 3
319.013 46.936 257.793 1 18 24 410 1
292.530 110.764 233.753 2 18 24 369 4
292.530 110.764 233.753 3 18 24 369 4
115.696 117.488 311.387 4 18 24 41 1
115.696 117.488 311.387 5 18 24 41 1
115.696 117.488 311.387 6 18 24 41 1
319.013 46.936 257.793 7 18 24 410 1
335.919 127.703 315.462 8 18 24 359 3
335.919 127.703 315.462 9 18 24 359 3
335.919 127.703 315.462 10 18 24 359 3
335.919 127.703 315.462 11 18 24 359 3
335.919 127.703 315.462 12 18 24 359 3
335.919 127.703 315.462 13 18 24 359 3
335.919 127.703 315.462 14 18 24 359 3
335.919 127.703 315.462 15 18 24 359 3
335.919 127.703 315.462 16 18 24 359 3
335.919 127.703 315.462 17 18 24 359 3
335.919 127.703 315.462 18 18 24 359 3
335.919 127.703 315.462 19 18 24 359 3
335.919 127.703 315.462 20 18 24 359 3
335.919 127.703 315.462 21 18 24 359 3
335.919 127.703 315.462 22 18 24 359 3
335.919 127.703 315.462 23 18 24 359 3
335.919 127.703 315.462 24 18 24 359 3
335.919 127.703 315.462 25 18 24 359 3
335.919 127.703 315.462 26 18 24 359 3
335.919 127.703 315.462 27 18 24 359 3
335.919 127.703 315.462 28 18 24 359 3
335.919 127.703 315.462 29 18 24 359 3
335.919 127.703 315.462 30 18 24 359 3
319.013 46.936 257.793 1 19 24 410 1
319.013 46.936 257.793 2 19 24 410 1
319.013 46.936 257.793 3 19 24 410 1
115.696 117.488 311.387 4 19 24 41 1
115.696 117.488 311.387 5 19 24 41 1
115.696 117.488 311.387 6 19 24 41 1
319.013 46.936 257.793 7 19 24 410 1
41.261 86.203 349.100 8 19 24 94 1
41.261 86.203 349.100 9 19 24 94 1
335.919 127.703 315.462 10 19 24 359 3
335.919 127.703 315.462 11 19 24 359 3
335.919 127.703 315.462 12 19 24 359 3
335.919 127.703 315.462 13 19 24 359 3
335.919 127.703 315.462 14 19 24 359 3
335.919 127.703 315.462 15 19 24 359 3
335.919 127.703 315.462 16 19 24 359 3
335.919 127.703 315.462 17 19 24 359 3
335.919 127.703 315.462 18 19 24 359 3
335.919 127.703 315.462 19 19 24 359 3
335.919 127.703 315.462 20 19 24 359 3
335.919 127.703 315.462 21 19 24 359 3
335.919 127.703 315.462 22 19 24 359 3
335.919 127.703 315.462 23 19 24 359 3
335.919 127.703 315.462 24 19 24 359 3
335.919 127.703 315.462 25 19 24 359 3
335.919 127.703 315.462 26 19 24 359 3
335.919 127.703 315.462 27 19 24 359 3
335.919 127.703 315.462 28 19 24 359 3
335.919 127.703 315.462 29 19 24 359 3
335.919 127.703 315.462 30 19 24 359 3
319.013 46.936 257.793 1 20 24 410 1
319.013 46.936 257.793 2 20 24 410 1
319.013 46.936 257.793 3 20 24 410 1
319.013 46.936 257.793 4 20 24 410 1
319.013 46.936 257.793 5 20 24 410 1
319.013 46.936 257.793 6 20 24 410 1
319.013 46.936 257.793 7 20 24 410 1
156.041 101.540 135.953 8 20 24 154 1
41.261 86.203 349.100 9 20 24 94 1
335.919 127.703 315.462 10 20 24 359 3
335.919 127.703 315.462 11 20 24 359 3
335.919 127.703 315.462 12 20 24 359 3
335.919 127.703 315.462 13 20 24 359 3
335.919 127.703 315.462 14 20 24 359 3
335.919 127.703 315.462 15 20 24 359 3
335.919 127.703 315.462 16 20 24 359 3
335.919 127.703 315.462 17 20 24 359 3
335.919 127.703 315.462 18 20 24 359 3
335.919 127.703 315.462 19 20 24 359 3
335.919 127.703 315.462 20 20 24 359 3
335.919 127.703 315.462 21 20 24 359 3
335.919 127.703 315.462 22 20 24 359 3
335.919 127.703 315.462 23 20 24 359 3
335.919 127.703 315.462 24 20 24 359 3
335.919 127.703 315.462 25 20 24 359 3
335.919 127.703 315.462 26 20 24 359 3
335.919 127.703 315.462 27 20 24 359 3
335.919 127.703 315.462 28 20 24 359 3
335.919 127.703 315.462 29 20 24 359 3
335.919 127.703 315.462 30 20 24 359 3
319.013 46.936 257.793 1 21 24 410 1
319.013 46.936 257.793 2 21 24 410 1
319.013 46.936 257.793 3 21 24 410 1
319.013 46.936 257.793 4 21 24 410 1
152.102 96.641 305.352 5 21 24 419 2
152.102 96.641 305.352 6 21 24 419 2
152.102 96.641 305.352 7 21 24 419 2
41.261 86.203 349.100 8 21 24 94 1
335.919 127.703 315.462 9 21 24 359 3
335.919 127.703 315.462 10 21 24 359 3
335.919 127.703 315.462 11 21 24 359 3
335.919 127.703 315.462 12 21 24 359 3
335.919 127.703 315.462 13 21 24 359 3
335.919 127.703 315.462 14 21 24 359 3
335.919 127.703 315.462 15 21 24 359 3
335.919 127.703 315.462 16 21 24 359 3
335.919 127.703 315.462 17 21 24 359 3
335.919 127.703 315.462 18 21 24 359 3
335.919 127.703 315.462 19 21 24 359 3
335.919 127.703 315.462 20 21 24 359 3
335.919 127.703 315.462 21 21 24 359 3
335.919 127.703 315.462 22 21 24 359 3
335.919 127.703 315.462 23 21 24 359 3
335.919 127.703 315.462 24 21 24 359 3
335.919 127.703 315.462 25 21 24 359 3
335.919 127.703 315.462 26 21 24 359 3
335.919 127.703 315.462 27 21 24 359 3
335.919 127.703 315.462 28 21 24 359 3
335.919 127.703 315.462 29 21 24 359 3
335.919 127.703 315.462 30 21 24 359 3
319.013 46.936 257.793 1 22 24 410 1
319.013 46.936 257.793 2 22 24 410 1
319.013 46.936 257.793 3 22 24 410 1
310.641 40.133 143.432 4 22 24 425 2
152.102 96.641 305.352 5 22 24 419 2
152.102 96.641 305.352 6 22 24 419 2
152.102 96.641 305.352 7 22 24 419 2
41.261 86.203 349.100 8 22 24 94 1
41.261 86.203 349.100 9 22 24 94 1
335.919 127.703 315.462 10 22 24 359 3
335.919 127.703 315.462 11 22 24 359 3
335.919 127.703 315.462 12 22 24 359 3
335.919 127.703 315.462 13 22 24 359 3
335.919 127.703 315.462 14 22 24 359 3
335.919 127.703 315.462 15 22 24 359 3
335.919 127.703 315.462 16 22 24 359 3
335.919 127.703 315.462 17 22 24 359 3
335.919 127.703 315.462 18 22 24 359 3
335.919 127.703 315.462 19 22 24 359 3
335.919 127.703 315.462 20 22 24 359 3
335.919 127.703 315.462 21 22 24 359 3
335.919 127.703 315.462 22 22 24 359 3
335.919 127.703 315.462 23 22 24 359 3
90.383 89.713 217.093 24 22 24 313 2
335.919 127.703 315.462 25 22 24 359 3
335.919 127.703 315.462 26 22 24 359 3
335.919 127.703 315.462 27 22 24 359 3
335.919 127.703 315.462 28 22 24 359 3
335.919 127.703 315.462 29 22 24 359 3
335.919 127.703 315.462 30 22 24 359 3
319.013 46.936 257.793 1 23 24 410 1
319.013 46.936 257.793 2 23 24 410 1
319.013 46.936 257.793 3 23 24 410 1
310.641 40.133 143.432 4 23 24 425 2
152.102 96.641 305.352 5 23 24 419 2
152.102 96.641 305.352 6 23 24 419 2
334.843 125.045 340.586 7 23 24 401 1
334.843 125.045 340.586 8 23 24 401 1
334.843 125.045 340.586 9 23 24 401 1
335.919 127.703 315.462 10 23 24 359 3
335.919 127.703 315.462 11 23 24 359 3
335.919 127.703 315.462 12 23 24 359 3
335.919 127.703 315.462 13 23 24 359 3
335.919 127.703 315.462 14 23 24 359 3
335.919 127.703 315.462 15 23 24 359 3
335.919 127.703 315.462 16 23 24 359 3
335.919 127.703 315.462 17 23 24 359 3
335.919 127.703 315.462 18 23 24 359 3
335.919 127.703 315.462 19 23 24 359 3
335.919 127.703 315.462 20 23 24 359 3
335.919 127.703 315.462 21 23 24 359 3
335.919 127.703 315.462 22 23 24 359 3
335.919 127.703 315.462 23 23 24 359 3
335.919 127.703 315.462 24 23 24 359 3
335.919 127.703 315.462 25 23 24 359 3
335.919 127.703 315.462 26 23 24 359 3
335.919 127.703 315.462 27 23 24 359 3
335.919 127.703 315.462 28 23 24 359 3
335.919 127.703 315.462 29 23 24 359 3
335.919 127.703 315.462 30 23 24 359 3
319.013 46.936 257.793 1 24 24 410 1
319.013 46.936 257.793 2 24 24 410 1
319.013 46.936 257.793 3 24 24 410 1
355.074 102.280 9.119 4 24 24 384 1
152.102 96.641 305.352 5 24 24 419 2
152.102 96.641 305.352 6 24 24 419 2
152.102 96.641 305.352 7 24 24 419 2
334.843 125.045 340.586 8 24 24 401 1
334.843 125.045 340.586 9 24 24 401 1
334.843 125.045 340.586 10 24 24 401 1
353.741 158.968 157.293 11 24 24 363 4
335.919 127.703 315.462 12 24 24 359 3
335.919 127.703 315.462 13 24 24 359 3
335.919 127.703 315.462 14 24 24 359 3
335.919 127.703 315.462 15 24 24 359 3
335.919 127.703 315.462 16 24 24 359 3
335.919 127.703 315.462 17 24 24 359 3
335.919 127.703 315.462 18 24 24 359 3
335.919 127.703 315.462 19 24 24 359 3
335.919 127.703 315.462 20 24 24 359 3
335.919 127.703 315.462 21 24 24 359 3
335.919 127.703 315.462 22 24 24 359 3
335.919 127.703 315.462 23 24 24 359 3
335.919 127.703 315.462 24 24 24 359 3
335.919 127.703 315.462 25 24 24 359 3
335.919 127.703 315.462 26 24 24 359 3
335.919 127.703 315.462 27 24 24 359 3
335.919 127.703 315.462 28 24 24 359 3
335.919 127.703 315.462 29 24 24 359 3
335.919 127.703 315.462 30 24 24 359 3
138.563 59.158 88.275 1 25 24 367 4
319.013 46.936 257.793 2 25 24 410 1
319.013 46.936 257.793 3 25 24 410 1
138.563 59.158 88.275 4 25 24 367 4
152.102 96.641 305.352 5 25 24 419 2
152.102 96.641 305.352 6 25 24 419 2
152.102 96.641 305.352 7 25 24 419 2
334.843 125.045 340.586 8 25 24 401 1
334.843 125.045 340.586 9 25 24 401 1
353.741 158.968 157.293 10 25 24 363 4
353.741 158.968 157.293 11 25 24 363 4
353.741 158.968 157.293 12 25 24 363 4
335.919 127.703 315.462 13 25 24 359 3
335.919 127.703 315.462 14 25 24 359 3
335.919 127.703 315.462 15 25 24 359 3
335.919 127.703 315.462 16 25 24 359 3
335.919 127.703 315.462 17 25 24 359 3
335.919 127.703 315.462 18 25 24 359 3
335.919 127.703 315.462 19 25 24 359 3
335.919 127.703 315.462 20 25 24 359 3
335.919 127.703 315.462 21 25 24 359 3
335.919 127.703 315.462 22 25 24 359 3
335.919 127.703 315.462 23 25 24 359 3
335.919 127.703 315.462 24 25 24 359 3
335.919 127.703 315.462 25 25 24 359 3
335.919 127.703 315.462 26 25 24 359 3
335.919 127.703 315.462 27 25 24 359 3
335.919 127.703 315.462 28 25 24 359 3
335.919 127.703 315.462 29 25 24 359 3
335.919 127.703 315.462 30 25 24 359 3
138.563 59.158 88.275 1 26 24 367 4
319.013 46.936 257.793 2 26 24 410 1
319.013 46.936 257.793 3 26 24 410 1
138.563 59.158 88.275 4 26 24 367 4
267.088 96.096 258.497 5 26 24 381 1
267.088 96.096 258.497 6 26 24 381 1
41.261 86.203 349.100 7 26 24 94 1
41.261 86.203 349.100 8 26 24 94 1
353.741 158.968 157.293 9 26 24 363 4
353.741 158.968 157.293 10 26 24 363 4
353.741 158.968 157.293 11 26 24 363 4
353.741 158.968 157.293 12 26 24 363 4
140.072 97.349 315.941 13 26 24 362 4
140.072 97.349 315.941 14 26 24 362 4
140.072 97.349 315.941 15 26 24 362 4
140.072 97.349 315.941 16 26 24 362 4
335.919 127.703 315.462 17 26 24 359 3
335.919 127.703 315.462 18 26 24 359 3
335.919 127.703 315.462 19 26 24 359 3
335.919 127.703 315.462 20 26 24 359 3
335.919 127.703 315.462 21 26 24 359 3
335.919 127.703 315.462 22 26 24 359 3
335.919 127.703 315.462 23 26 24 359 3
335.919 127.703 315.462 24 26 24 359 3
335.919 127.703 315.462 25 26 24 359 3
335.919 127.703 315.462 26 26 24 359 3
335.919 127.703 315.462 27 26 24 359 3
335.919 127.703 315.462 28 26 24 359 3
335.919 127.703 315.462 29 26 24 359 3
335.919 127.703 315.462 30 26 24 359 3
138.563 59.158 88.275 1 27 24 367 4
138.563 59.158 88.275 2 27 24 367 4
319.013 46.936 257.793 3 27 24 410 1
138.563 59.158 88.275 4 27 24 367 4
138.563 59.158 88.275 5 27 24 367 4
267.088 96.096 258.497 6 27 24 381 1
152.102 96.641 305.352 7 27 24 419 2
152.102 96.641 305.352 8 27 24 419 2
353.741 158.968 157.293 9 27 24 363 4
353.741 158.968 157.293 10 27 24 363 4
353.741 158.968 157.293 11 27 24 363 4
353.741 158.968 157.293 12 27 24 363 4
140.072 97.349 315.941 13 27 24 362 4
140.072 97.349 315.941 14 27 24 362 4
140.072 97.349 315.941 15 27 24 362 4
140.072 97.349 315.941 16 27 24 362 4
140.072 97.349 315.941 17 27 24 362 4
140.072 97.349 315.941 18 27 24 362 4
335.919 127.703 315.462 19 27 24 359 3
335.919 127.703 315.462 20 27 24 359 3
335.919 127.703 315.462 21 27 24 359 3
227.794 108.093 141.653 22 27 24 222 1
335.919 127.703 315.462 23 27 24 359 3
335.919 127.703 315.462 24 27 24 359 3
335.919 127.703 315.462 25 27 24 359 3
94.576 72.414 253.803 26 27 24 431 4
94.576 72.414 253.803 27 27 24 431 4
94.576 72.414 253.803 28 27 24 431 4
94.576 72.414 253.803 29 27 24 431 4
94.576 72.414 253.803 30 27 24 431 4
138.563 59.158 88.275 1 28 24 367 4
138.563 59.158 88.275 2 28 24 367 4
319.013 46.936 257.793 3 28 24 410 1
138.563 59.158 88.275 4 28 24 367 4
138.563 59.158 88.275 5 28 24 367 4
319.013 46.936 257.793 6 28 24 410 1
319.013 46.936 257.793 7 28 24 410 1
23.385 82.861 134.077 8 28 24 318 2
144.104 83.968 40.498 9 28 24 204 1
353.741 158.968 157.293 10 28 24 363 4
353.741 158.968 157.293 11 28 24 363 4
353.741 158.968 157.293 12 28 24 363 4
140.072 97.349 315.941 13 28 24 362 4
140.072 97.349 315.941 14 28 24 362 4
140.072 97.349 315.941 15 28 24 362 4
140.072 97.349 315.941 16 28 24 362 4
140.072 97.349 315.941 17 28 24 362 4
140.072 97.349 315.941 18 28 24 362 4
140.072 97.349 315.941 19 28 24 362 4
335.919 127.703 315.462 20 28 24 359 3
227.794 108.093 141.653 21 28 24 222 1
227.794 108.093 141.653 22 28 24 222 1
227.794 108.093 141.653 23 28 24 222 1
281.124 46.803 339.637 24 28 24 182 1
335.919 127.703 315.462 25 28 24 359 3
94.576 72.414 253.803 26 28 24 431 4
94.576 72.414 253.803 27 28 24 431 4
94.576 72.414 253.803 28 28 24 431 4
94.576 72.414 253.803 29 28 24 431 4
94.576 72.414 253.803 30 28 24 431 4
138.563 59.158 88.275 1 29 24 367 4
138.563 59.158 88.275 2 29 24 367 4
138.563 59.158 88.275 3 29 24 367 4
138.563 59.158 88.275 4 29 24 367 4
138.563 59.158 88.275 5 29 24 367 4
138.563 59.158 88.275 6 29 24 367 4
319.013 46.936 257.793 7 29 24 410 1
23.385 82.861 134.077 8 29 24 318 2
353.741 158.968 157.293 9 29 24 363 4
353.741 158.968 157.293 10 29 24 363 4
353.741 158.968 157.293 11 29 24 363 4
353.741 158.968 157.293 12 29 24 363 4
140.072 97.349 315.941 13 29 24 362 4
140.072 97.349 315.941 14 29 24 362 4
140.072 97.349 315.941 15 29 24 362 4
140.072 97.349 315.941 16 29 24 362 4
140.072 97.349 315.941 17 29 24 362 4
140.072 97.349 315.941 18 29 24 362 4
140.072 97.349 315.941 19 29 24 362 4
140.072 97.349 315.941 20 29 24 362 4
227.794 108.093 141.653 21 29 24 222 1
227.794 108.093 141.653 22 29 24 222 1
335.919 127.703 315.462 23 29 24 359 3
335.919 127.703 315.462 24 29 24 359 3
94.576 72.414 253.803 25 29 24 431 4
94.576 72.414 253.803 26 29 24 431 4
94.576 72.414 253.803 27 29 24 431 4
94.576 72.414 253.803 28 29 24 431 4
94.576 72.414 253.803 29 29 24 431 4
94.576 72.414 253.803 30 29 24 431 4
138.563 59.158 88.275 1 30 24 367 4
138.563 59.158 88.275 2 30 24 367 4
138.563 59.158 88.275 3 30 24 367 4
138.563 59.158 88.275 4 30 24 367 4
138.563 59.158 88.275 5 30 24 367 4
138.563 59.158 88.275 6 30 24 367 4
319.013 46.936 257.793 7 30 24 410 1
319.013 46.936 257.793 8 30 24 410 1
262.875 148.945 218.379 9 30 24 239 1
262.875 148.945 218.379 10 30 24 239 1
353.741 158.968 157.293 11 30 24 363 4
158.188 108.162 134.443 12 30 24 270 1
140.072 97.349 315.941 13 30 24 362 4
140.072 97.349 315.941 14 30 24 362 4
140.072 97.349 315.941 15 30 24 362 4
140.072 97.349 315.941 16 30 24 362 4
140.072 97.349 315.941 17 30 24 362 4
140.072 97.349 315.941 18 30 24 362 4
140.072 97.349 315.941 19 30 24 362 4
140.072 97.349 315.941 20 30 24 362 4
329.025 127.687 23.585 21 30 24 227 1
329.025 127.687 23.585 22 30 24 227 1
329.025 127.687 23.585 23 30 24 227 1
322.169 106.548 26.306 24 30 24 186 1
329.025 127.687 23.585 25 30 24 227 1
94.576 72.414 253.803 26 30 24 431 4
94.576 72.414 253.803 27 30 24 431 4
94.576 72.414 253.803 28 30 24 431 4
94.576 72.414 253.803 29 30 24 431 4
94.576 72.414 253.803 30 30 24 431 4
