71.960 130.371 326.234 1 1 5 346 2
71.960 130.371 326.234 2 1 5 346 2
71.960 130.371 326.234 3 1 5 346 2
71.960 130.371 326.234 4 1 5 346 2
71.960 130.371 326.234 5 1 5 346 2
71.960 130.371 326.234 6 1 5 346 2
71.960 130.371 326.234 7 1 5 346 2
71.960 130.371 326.234 8 1 5 346 2
357.514 89.294 3.637 9 1 5 356 2
335.919 127.703 315.462 10 1 5 359 3
335.919 127.703 315.462 11 1 5 359 3
335.919 127.703 315.462 12 1 5 359 3
335.919 127.703 315.462 13 1 5 359 3
335.919 127.703 315.462 14 1 5 359 3
335.919 127.703 315.462 15 1 5 359 3
335.919 127.703 315.462 16 1 5 359 3
335.919 127.703 315.462 17 1 5 359 3
335.919 127.703 315.462 18 1 5 359 3
335.919 127.703 315.462 19 1 5 359 3
335.919 127.703 315.462 20 1 5 359 3
335.919 127.703 315.462 21 1 5 359 3
335.919 127.703 315.462 22 1 5 359 3
335.919 127.703 315.462 23 1 5 359 3
335.919 127.703 315.462 24 1 5 359 3
335.919 127.703 315.462 25 1 5 359 3
335.919 127.703 315.462 26 1 5 359 3
335.919 127.703 315.462 27 1 5 359 3
335.919 127.703 315.462 28 1 5 359 3
335.919 127.703 315.462 29 1 5 359 3
335.919 127.703 315.462 30 1 5 359 3
311.207 93.222 18.310 1 2 5 334 2
71.960 130.371 326.234 2 2 5 346 2
71.960 130.371 326.234 3 2 5 346 2
71.960 130.371 326.234 4 2 5 346 2
71.960 130.371 326.234 5 2 5 346 2
71.960 130.371 326.234 6 2 5 346 2
71.960 130.371 326.234 7 2 5 346 2
71.960 130.371 326.234 8 2 5 346 2
357.514 89.294 3.637 9 2 5 356 2
335.919 127.703 315.462 10 2 5 359 3
335.919 127.703 315.462 11 2 5 359 3
335.919 127.703 315.462 12 2 5 359 3
335.919 127.703 315.462 13 2 5 359 3
335.919 127.703 315.462 14 2 5 359 3
335.919 127.703 315.462 15 2 5 359 3
335.919 127.703 315.462 16 2 5 359 3
335.919 127.703 315.462 17 2 5 359 3
335.919 127.703 315.462 18 2 5 359 3
335.919 127.703 315.462 19 2 5 359 3
335.919 127.703 315.462 20 2 5 359 3
335.919 127.703 315.462 21 2 5 359 3
335.919 127.703 315.462 22 2 5 359 3
335.919 127.703 315.462 23 2 5 359 3
335.919 127.703 315.462 24 2 5 359 3
335.919 127.703 315.462 25 2 5 359 3
335.919 127.703 315.462 26 2 5 359 3
335.919 127.703 315.462 27 2 5 359 3
335.919 127.703 315.462 28 2 5 359 3
335.919 127.703 315.462 29 2 5 359 3
335.919 127.703 315.462 30 2 5 359 3
311.207 93.222 18.310 1 3 5 334 2
71.960 130.371 326.234 2 3 5 346 2
71.960 130.371 326.234 3 3 5 346 2
71.960 130.371 326.234 4 3 5 346 2
71.960 130.371 326.234 5 3 5 346 2
71.960 130.371 326.234 6 3 5 346 2
71.960 130.371 326.234 7 3 5 346 2
71.960 130.371 326.234 8 3 5 346 2
335.919 127.703 315.462 9 3 5 359 3
335.919 127.703 315.462 10 3 5 359 3
335.919 127.703 315.462 11 3 5 359 3
335.919 127.703 315.462 12 3 5 359 3
335.919 127.703 315.462 13 3 5 359 3
335.919 127.703 315.462 14 3 5 359 3
335.919 127.703 315.462 15 3 5 359 3
335.919 127.703 315.462 16 3 5 359 3
335.919 127.703 315.462 17 3 5 359 3
335.919 127.703 315.462 18 3 5 359 3
335.919 127.703 315.462 19 3 5 359 3
335.919 127.703 315.462 20 3 5 359 3
335.919 127.703 315.462 21 3 5 359 3
335.919 127.703 315.462 22 3 5 359 3
335.919 127.703 315.462 23 3 5 359 3
335.919 127.703 315.462 24 3 5 359 3
335.919 127.703 315.462 25 3 5 359 3
335.919 127.703 315.462 26 3 5 359 3
335.919 127.703 315.462 27 3 5 359 3
335.919 127.703 315.462 28 3 5 359 3
335.919 127.703 315.462 29 3 5 359 3
335.919 127.703 315.462 30 3 5 359 3
311.207 93.222 18.310 1 4 5 334 2
71.960 130.371 326.234 2 4 5 346 2
71.960 130.371 326.234 3 4 5 346 2
71.960 130.371 326.234 4 4 5 346 2
71.960 130.371 326.234 5 4 5 346 2
71.960 130.371 326.234 6 4 5 346 2
71.960 130.371 326.234 7 4 5 346 2
71.960 130.371 326.234 8 4 5 346 2
335.919 127.703 315.462 9 4 5 359 3
335.919 127.703 315.462 10 4 5 359 3
335.919 127.703 315.462 11 4 5 359 3
335.919 127.703 315.462 12 4 5 359 3
335.919 127.703 315.462 13 4 5 359 3
335.919 127.703 315.462 14 4 5 359 3
335.919 127.703 315.462 15 4 5 359 3
335.919 127.703 315.462 16 4 5 359 3
335.919 127.703 315.462 17 4 5 359 3
335.919 127.703 315.462 18 4 5 359 3
335.919 127.703 315.462 19 4 5 359 3
335.919 127.703 315.462 20 4 5 359 3
335.919 127.703 315.462 21 4 5 359 3
335.919 127.703 315.462 22 4 5 359 3
335.919 127.703 315.462 23 4 5 359 3
335.919 127.703 315.462 24 4 5 359 3
335.919 127.703 315.462 25 4 5 359 3
335.919 127.703 315.462 26 4 5 359 3
335.919 127.703 315.462 27 4 5 359 3
335.919 127.703 315.462 28 4 5 359 3
335.919 127.703 315.462 29 4 5 359 3
335.919 127.703 315.462 30 4 5 359 3
311.207 93.222 18.310 1 5 5 334 2
71.960 130.371 326.234 2 5 5 346 2
71.960 130.371 326.234 3 5 5 346 2
71.960 130.371 326.234 4 5 5 346 2
71.960 130.371 326.234 5 5 5 346 2
71.960 130.371 326.234 6 5 5 346 2
71.960 130.371 326.234 7 5 5 346 2
71.960 130.371 326.234 8 5 5 346 2
335.919 127.703 315.462 9 5 5 359 3
335.919 127.703 315.462 10 5 5 359 3
335.919 127.703 315.462 11 5 5 359 3
335.919 127.703 315.462 12 5 5 359 3
335.919 127.703 315.462 13 5 5 359 3
335.919 127.703 315.462 14 5 5 359 3
335.919 127.703 315.462 15 5 5 359 3
335.919 127.703 315.462 16 5 5 359 3
335.919 127.703 315.462 17 5 5 359 3
335.919 127.703 315.462 18 5 5 359 3
335.919 127.703 315.462 19 5 5 359 3
335.919 127.703 315.462 20 5 5 359 3
335.919 127.703 315.462 21 5 5 359 3
335.919 127.703 315.462 22 5 5 359 3
335.919 127.703 315.462 23 5 5 359 3
335.919 127.703 315.462 24 5 5 359 3
335.919 127.703 315.462 25 5 5 359 3
335.919 127.703 315.462 26 5 5 359 3
335.919 127.703 315.462 27 5 5 359 3
335.919 127.703 315.462 28 5 5 359 3
335.919 127.703 315.462 29 5 5 359 3
335.919 127.703 315.462 30 5 5 359 3
228.772 108.210 257.498 1 6 5 409 1
228.772 108.210 257.498 2 6 5 409 1
71.960 130.371 326.234 3 6 5 346 2
71.960 130.371 326.234 4 6 5 346 2
71.960 130.371 326.234 5 6 5 346 2
316.264 82.773 315.145 6 6 5 347 2
71.960 130.371 326.234 7 6 5 346 2
335.919 127.703 315.462 8 6 5 359 3
335.919 127.703 315.462 9 6 5 359 3
335.919 127.703 315.462 10 6 5 359 3
335.919 127.703 315.462 11 6 5 359 3
335.919 127.703 315.462 12 6 5 359 3
335.919 127.703 315.462 13 6 5 359 3
335.919 127.703 315.462 14 6 5 359 3
335.919 127.703 315.462 15 6 5 359 3
335.919 127.703 315.462 16 6 5 359 3
335.919 127.703 315.462 17 6 5 359 3
335.919 127.703 315.462 18 6 5 359 3
335.919 127.703 315.462 19 6 5 359 3
335.919 127.703 315.462 20 6 5 359 3
335.919 127.703 315.462 21 6 5 359 3
335.919 127.703 315.462 22 6 5 359 3
335.919 127.703 315.462 23 6 5 359 3
335.919 127.703 315.462 24 6 5 359 3
335.919 127.703 315.462 25 6 5 359 3
335.919 127.703 315.462 26 6 5 359 3
335.919 127.703 315.462 27 6 5 359 3
335.919 127.703 315.462 28 6 5 359 3
335.919 127.703 315.462 29 6 5 359 3
335.919 127.703 315.462 30 6 5 359 3
177.514 56.207 315.029 1 7 5 430 4
177.514 56.207 315.029 2 7 5 430 4
177.514 56.207 315.029 3 7 5 430 4
208.100 134.232 230.403 4 7 5 292 2
316.264 82.773 315.145 5 7 5 347 2
316.264 82.773 315.145 6 7 5 347 2
134.204 95.859 168.960 7 7 5 323 2
335.919 127.703 315.462 8 7 5 359 3
335.919 127.703 315.462 9 7 5 359 3
335.919 127.703 315.462 10 7 5 359 3
335.919 127.703 315.462 11 7 5 359 3
335.919 127.703 315.462 12 7 5 359 3
335.919 127.703 315.462 13 7 5 359 3
335.919 127.703 315.462 14 7 5 359 3
335.919 127.703 315.462 15 7 5 359 3
335.919 127.703 315.462 16 7 5 359 3
335.919 127.703 315.462 17 7 5 359 3
335.919 127.703 315.462 18 7 5 359 3
335.919 127.703 315.462 19 7 5 359 3
335.919 127.703 315.462 20 7 5 359 3
335.919 127.703 315.462 21 7 5 359 3
335.919 127.703 315.462 22 7 5 359 3
335.919 127.703 315.462 23 7 5 359 3
335.919 127.703 315.462 24 7 5 359 3
335.919 127.703 315.462 25 7 5 359 3
335.919 127.703 315.462 26 7 5 359 3
335.919 127.703 315.462 27 7 5 359 3
335.919 127.703 315.462 28 7 5 359 3
335.919 127.703 315.462 29 7 5 359 3
335.919 127.703 315.462 30 7 5 359 3
177.514 56.207 315.029 1 8 5 430 4
177.514 56.207 315.029 2 8 5 430 4
177.514 56.207 315.029 3 8 5 430 4
208.100 134.232 230.403 4 8 5 292 2
134.204 95.859 168.960 5 8 5 323 2
134.204 95.859 168.960 6 8 5 323 2
134.204 95.859 168.960 7 8 5 323 2
335.919 127.703 315.462 8 8 5 359 3
335.919 127.703 315.462 9 8 5 359 3
335.919 127.703 315.462 10 8 5 359 3
335.919 127.703 315.462 11 8 5 359 3
335.919 127.703 315.462 12 8 5 359 3
335.919 127.703 315.462 13 8 5 359 3
335.919 127.703 315.462 14 8 5 359 3
335.919 127.703 315.462 15 8 5 359 3
335.919 127.703 315.462 16 8 5 359 3
335.919 127.703 315.462 17 8 5 359 3
335.919 127.703 315.462 18 8 5 359 3
335.919 127.703 315.462 19 8 5 359 3
335.919 127.703 315.462 20 8 5 359 3
335.919 127.703 315.462 21 8 5 359 3
335.919 127.703 315.462 22 8 5 359 3
335.919 127.703 315.462 23 8 5 359 3
335.919 127.703 315.462 24 8 5 359 3
335.919 127.703 315.462 25 8 5 359 3
335.919 127.703 315.462 26 8 5 359 3
335.919 127.703 315.462 27 8 5 359 3
335.919 127.703 315.462 28 8 5 359 3
335.919 127.703 315.462 29 8 5 359 3
335.919 127.703 315.462 30 8 5 359 3
177.514 56.207 315.029 1 9 5 430 4
177.514 56.207 315.029 2 9 5 430 4
177.514 56.207 315.029 3 9 5 430 4
177.514 56.207 315.029 4 9 5 430 4
134.204 95.859 168.960 5 9 5 323 2
134.204 95.859 168.960 6 9 5 323 2
318.761 149.846 95.678 7 9 5 375 1
335.919 127.703 315.462 8 9 5 359 3
335.919 127.703 315.462 9 9 5 359 3
257.173 14.644 353.705 10 9 5 39 1
257.173 14.644 353.705 11 9 5 39 1
335.919 127.703 315.462 12 9 5 359 3
335.919 127.703 315.462 13 9 5 359 3
335.919 127.703 315.462 14 9 5 359 3
335.919 127.703 315.462 15 9 5 359 3
335.919 127.703 315.462 16 9 5 359 3
335.919 127.703 315.462 17 9 5 359 3
335.919 127.703 315.462 18 9 5 359 3
335.919 127.703 315.462 19 9 5 359 3
335.919 127.703 315.462 20 9 5 359 3
335.919 127.703 315.462 21 9 5 359 3
335.919 127.703 315.462 22 9 5 359 3
335.919 127.703 315.462 23 9 5 359 3
335.919 127.703 315.462 24 9 5 359 3
335.919 127.703 315.462 25 9 5 359 3
335.919 127.703 315.462 26 9 5 359 3
335.919 127.703 315.462 27 9 5 359 3
335.919 127.703 315.462 28 9 5 359 3
335.919 127.703 315.462 29 9 5 359 3
335.919 127.703 315.462 30 9 5 359 3
177.514 56.207 315.029 1 10 5 430 4
177.514 56.207 315.029 2 10 5 430 4
177.514 56.207 315.029 3 10 5 430 4
177.514 56.207 315.029 4 10 5 430 4
177.514 56.207 315.029 5 10 5 430 4
134.204 95.859 168.960 6 10 5 323 2
318.761 149.846 95.678 7 10 5 375 1
318.761 149.846 95.678 8 10 5 375 1
257.173 14.644 353.705 9 10 5 39 1
257.173 14.644 353.705 10 10 5 39 1
257.173 14.644 353.705 11 10 5 39 1
335.919 127.703 315.462 12 10 5 359 3
335.919 127.703 315.462 13 10 5 359 3
335.919 127.703 315.462 14 10 5 359 3
335.919 127.703 315.462 15 10 5 359 3
335.919 127.703 315.462 16 10 5 359 3
335.919 127.703 315.462 17 10 5 359 3
335.919 127.703 315.462 18 10 5 359 3
335.919 127.703 315.462 19 10 5 359 3
335.919 127.703 315.462 20 10 5 359 3
335.919 127.703 315.462 21 10 5 359 3
335.919 127.703 315.462 22 10 5 359 3
335.919 127.703 315.462 23 10 5 359 3
335.919 127.703 315.462 24 10 5 359 3
335.919 127.703 315.462 25 10 5 359 3
335.919 127.703 315.462 26 10 5 359 3
335.919 127.703 315.462 27 10 5 359 3
335.919 127.703 315.462 28 10 5 359 3
335.919 127.703 315.462 29 10 5 359 3
335.919 127.703 315.462 30 10 5 359 3
177.514 56.207 315.029 1 11 5 430 4
177.514 56.207 315.029 2 11 5 430 4
177.514 56.207 315.029 3 11 5 430 4
177.514 56.207 315.029 4 11 5 430 4
175.563 160.170 255.833 5 11 5 55 1
175.563 160.170 255.833 6 11 5 55 1
175.563 160.170 255.833 7 11 5 55 1
175.563 160.170 255.833 8 11 5 55 1
335.919 127.703 315.462 9 11 5 359 3
335.919 127.703 315.462 10 11 5 359 3
335.919 127.703 315.462 11 11 5 359 3
335.919 127.703 315.462 12 11 5 359 3
335.919 127.703 315.462 13 11 5 359 3
335.919 127.703 315.462 14 11 5 359 3
335.919 127.703 315.462 15 11 5 359 3
335.919 127.703 315.462 16 11 5 359 3
335.919 127.703 315.462 17 11 5 359 3
335.919 127.703 315.462 18 11 5 359 3
335.919 127.703 315.462 19 11 5 359 3
335.919 127.703 315.462 20 11 5 359 3
335.919 127.703 315.462 21 11 5 359 3
335.919 127.703 315.462 22 11 5 359 3
335.919 127.703 315.462 23 11 5 359 3
335.919 127.703 315.462 24 11 5 359 3
335.919 127.703 315.462 25 11 5 359 3
335.919 127.703 315.462 26 11 5 359 3
335.919 127.703 315.462 27 11 5 359 3
335.919 127.703 315.462 28 11 5 359 3
335.919 127.703 315.462 29 11 5 359 3
335.919 127.703 315.462 30 11 5 359 3
177.514 56.207 315.029 1 12 5 430 4
177.514 56.207 315.029 2 12 5 430 4
177.514 56.207 315.029 3 12 5 430 4
177.514 56.207 315.029 4 12 5 430 4
104.355 64.982 54.877 5 12 5 103 1
175.563 160.170 255.833 6 12 5 55 1
175.563 160.170 255.833 7 12 5 55 1
175.563 160.170 255.833 8 12 5 55 1
56.104 128.981 336.779 9 12 5 370 4
56.104 128.981 336.779 10 12 5 370 4
204.377 117.475 146.099 11 12 5 113 1
204.377 117.475 146.099 12 12 5 113 1
56.104 128.981 336.779 13 12 5 370 4
56.104 128.981 336.779 14 12 5 370 4
56.104 128.981 336.779 15 12 5 370 4
56.104 128.981 336.779 16 12 5 370 4
56.104 128.981 336.779 17 12 5 370 4
56.104 128.981 336.779 18 12 5 370 4
56.104 128.981 336.779 19 12 5 370 4
335.919 127.703 315.462 20 12 5 359 3
335.919 127.703 315.462 21 12 5 359 3
335.919 127.703 315.462 22 12 5 359 3
335.919 127.703 315.462 23 12 5 359 3
335.919 127.703 315.462 24 12 5 359 3
335.919 127.703 315.462 25 12 5 359 3
335.919 127.703 315.462 26 12 5 359 3
335.919 127.703 315.462 27 12 5 359 3
335.919 127.703 315.462 28 12 5 359 3
220.339 101.302 259.063 29 12 5 110 1
335.919 127.703 315.462 30 12 5 359 3
177.514 56.207 315.029 1 13 5 430 4
177.514 56.207 315.029 2 13 5 430 4
177.514 56.207 315.029 3 13 5 430 4
177.514 56.207 315.029 4 13 5 430 4
104.355 64.982 54.877 5 13 5 103 1
175.563 160.170 255.833 6 13 5 55 1
175.563 160.170 255.833 7 13 5 55 1
56.104 128.981 336.779 8 13 5 370 4
56.104 128.981 336.779 9 13 5 370 4
56.104 128.981 336.779 10 13 5 370 4
56.104 128.981 336.779 11 13 5 370 4
56.104 128.981 336.779 12 13 5 370 4
56.104 128.981 336.779 13 13 5 370 4
56.104 128.981 336.779 14 13 5 370 4
56.104 128.981 336.779 15 13 5 370 4
56.104 128.981 336.779 16 13 5 370 4
56.104 128.981 336.779 17 13 5 370 4
56.104 128.981 336.779 18 13 5 370 4
56.104 128.981 336.779 19 13 5 370 4
56.104 128.981 336.779 20 13 5 370 4
56.104 128.981 336.779 21 13 5 370 4
56.104 128.981 336.779 22 13 5 370 4
56.104 128.981 336.779 23 13 5 370 4
335.919 127.703 315.462 24 13 5 359 3
335.919 127.703 315.462 25 13 5 359 3
335.919 127.703 315.462 26 13 5 359 3
335.919 127.703 315.462 27 13 5 359 3
335.919 127.703 315.462 28 13 5 359 3
335.919 127.703 315.462 29 13 5 359 3
335.919 127.703 315.462 30 13 5 359 3
177.514 56.207 315.029 1 14 5 430 4
177.514 56.207 315.029 2 14 5 430 4
177.514 56.207 315.029 3 14 5 430 4
177.514 56.207 315.029 4 14 5 430 4
104.355 64.982 54.877 5 14 5 103 1
198.496 68.093 131.224 6 14 5 17 1
56.104 128.981 336.779 7 14 5 370 4
56.104 128.981 336.779 8 14 5 370 4
56.104 128.981 336.779 9 14 5 370 4
56.104 128.981 336.779 10 14 5 370 4
56.104 128.981 336.779 11 14 5 370 4
56.104 128.981 336.779 12 14 5 370 4
56.104 128.981 336.779 13 14 5 370 4
56.104 128.981 336.779 14 14 5 370 4
56.104 128.981 336.779 15 14 5 370 4
56.104 128.981 336.779 16 14 5 370 4
56.104 128.981 336.779 17 14 5 370 4
56.104 128.981 336.779 18 14 5 370 4
56.104 128.981 336.779 19 14 5 370 4
56.104 128.981 336.779 20 14 5 370 4
56.104 128.981 336.779 21 14 5 370 4
56.104 128.981 336.779 22 14 5 370 4
56.104 128.981 336.779 23 14 5 370 4
56.104 128.981 336.779 24 14 5 370 4
56.104 128.981 336.779 25 14 5 370 4
56.104 128.981 336.779 26 14 5 370 4
335.919 127.703 315.462 27 14 5 359 3
335.919 127.703 315.462 28 14 5 359 3
335.919 127.703 315.462 29 14 5 359 3
335.919 127.703 315.462 30 14 5 359 3
177.514 56.207 315.029 1 15 5 430 4
177.514 56.207 315.029 2 15 5 430 4
177.514 56.207 315.029 3 15 5 430 4
177.514 56.207 315.029 4 15 5 430 4
177.514 56.207 315.029 5 15 5 430 4
56.104 128.981 336.779 6 15 5 370 4
56.104 128.981 336.779 7 15 5 370 4
56.104 128.981 336.779 8 15 5 370 4
56.104 128.981 336.779 9 15 5 370 4
56.104 128.981 336.779 10 15 5 370 4
56.104 128.981 336.779 11 15 5 370 4
56.104 128.981 336.779 12 15 5 370 4
56.104 128.981 336.779 13 15 5 370 4
56.104 128.981 336.779 14 15 5 370 4
56.104 128.981 336.779 15 15 5 370 4
56.104 128.981 336.779 16 15 5 370 4
56.104 128.981 336.779 17 15 5 370 4
56.104 128.981 336.779 18 15 5 370 4
56.104 128.981 336.779 19 15 5 370 4
56.104 128.981 336.779 20 15 5 370 4
56.104 128.981 336.779 21 15 5 370 4
56.104 128.981 336.779 22 15 5 370 4
56.104 128.981 336.779 23 15 5 370 4
56.104 128.981 336.779 24 15 5 370 4
56.104 128.981 336.779 25 15 5 370 4
56.104 128.981 336.779 26 15 5 370 4
56.104 128.981 336.779 27 15 5 370 4
56.104 128.981 336.779 28 15 5 370 4
335.919 127.703 315.462 29 15 5 359 3
335.919 127.703 315.462 30 15 5 359 3
177.514 56.207 315.029 1 16 5 430 4
177.514 56.207 315.029 2 16 5 430 4
177.514 56.207 315.029 3 16 5 430 4
177.514 56.207 315.029 4 16 5 430 4
56.104 128.981 336.779 5 16 5 370 4
56.104 128.981 336.779 6 16 5 370 4
56.104 128.981 336.779 7 16 5 370 4
56.104 128.981 336.779 8 16 5 370 4
56.104 128.981 336.779 9 16 5 370 4
56.104 128.981 336.779 10 16 5 370 4
56.104 128.981 336.779 11 16 5 370 4
56.104 128.981 336.779 12 16 5 370 4
56.104 128.981 336.779 13 16 5 370 4
56.104 128.981 336.779 14 16 5 370 4
56.104 128.981 336.779 15 16 5 370 4
56.104 128.981 336.779 16 16 5 370 4
56.104 128.981 336.779 17 16 5 370 4
56.104 128.981 336.779 18 16 5 370 4
56.104 128.981 336.779 19 16 5 370 4
56.104 128.981 336.779 20 16 5 370 4
56.104 128.981 336.779 21 16 5 370 4
56.104 128.981 336.779 22 16 5 370 4
56.104 128.981 336.779 23 16 5 370 4
56.104 128.981 336.779 24 16 5 370 4
56.104 128.981 336.779 25 16 5 370 4
56.104 128.981 336.779 26 16 5 370 4
56.104 128.981 336.779 27 16 5 370 4
23.104 141.169 205.416 28 16 5 129 1
56.104 128.981 336.779 29 16 5 370 4
335.919 127.703 315.462 30 16 5 359 3
177.514 56.207 315.029 1 17 5 430 4
177.514 56.207 315.029 2 17 5 430 4
177.514 56.207 315.029 3 17 5 430 4
177.514 56.207 315.029 4 17 5 430 4
56.104 128.981 336.779 5 17 5 370 4
56.104 128.981 336.779 6 17 5 370 4
56.104 128.981 336.779 7 17 5 370 4
56.104 128.981 336.779 8 17 5 370 4
56.104 128.981 336.779 9 17 5 370 4
56.104 128.981 336.779 10 17 5 370 4
56.104 128.981 336.779 11 17 5 370 4
56.104 128.981 336.779 12 17 5 370 4
56.104 128.981 336.779 13 17 5 370 4
56.104 128.981 336.779 14 17 5 370 4
56.104 128.981 336.779 15 17 5 370 4
56.104 128.981 336.779 16 17 5 370 4
56.104 128.981 336.779 17 17 5 370 4
56.104 128.981 336.779 18 17 5 370 4
56.104 128.981 336.779 19 17 5 370 4
56.104 128.981 336.779 20 17 5 370 4
56.104 128.981 336.779 21 17 5 370 4
56.104 128.981 336.779 22 17 5 370 4
56.104 128.981 336.779 23 17 5 370 4
56.104 128.981 336.779 24 17 5 370 4
56.104 128.981 336.779 25 17 5 370 4
56.104 128.981 336.779 26 17 5 370 4
56.104 128.981 336.779 27 17 5 370 4
56.104 128.981 336.779 28 17 5 370 4
56.104 128.981 336.779 29 17 5 370 4
56.104 128.981 336.779 30 17 5 370 4
177.514 56.207 315.029 1 18 5 430 4
177.514 56.207 315.029 2 18 5 430 4
177.514 56.207 315.029 3 18 5 430 4
177.514 56.207 315.029 4 18 5 430 4
56.104 128.981 336.779 5 18 5 370 4
56.104 128.981 336.779 6 18 5 370 4
56.104 128.981 336.779 7 18 5 370 4
56.104 128.981 336.779 8 18 5 370 4
56.104 128.981 336.779 9 18 5 370 4
56.104 128.981 336.779 10 18 5 370 4
56.104 128.981 336.779 11 18 5 370 4
56.104 128.981 336.779 12 18 5 370 4
56.104 128.981 336.779 13 18 5 370 4
56.104 128.981 336.779 14 18 5 370 4
56.104 128.981 336.779 15 18 5 370 4
56.104 128.981 336.779 16 18 5 370 4
56.104 128.981 336.779 17 18 5 370 4
56.104 128.981 336.779 18 18 5 370 4
56.104 128.981 336.779 19 18 5 370 4
56.104 128.981 336.779 20 18 5 370 4
56.104 128.981 336.779 21 18 5 370 4
56.104 128.981 336.779 22 18 5 370 4
56.104 128.981 336.779 23 18 5 370 4
56.104 128.981 336.779 24 18 5 370 4
56.104 128.981 336.779 25 18 5 370 4
56.104 128.981 336.779 26 18 5 370 4
56.104 128.981 336.779 27 18 5 370 4
56.104 128.981 336.779 28 18 5 370 4
56.104 128.981 336.779 29 18 5 370 4
56.104 128.981 336.779 30 18 5 370 4
177.514 56.207 315.029 1 19 5 430 4
177.514 56.207 315.029 2 19 5 430 4
177.514 56.207 315.029 3 19 5 430 4
56.104 128.981 336.779 4 19 5 370 4
56.104 128.981 336.779 5 19 5 370 4
56.104 128.981 336.779 6 19 5 370 4
56.104 128.981 336.779 7 19 5 370 4
56.104 128.981 336.779 8 19 5 370 4
56.104 128.981 336.779 9 19 5 370 4
56.104 128.981 336.779 10 19 5 370 4
56.104 128.981 336.779 11 19 5 370 4
56.104 128.981 336.779 12 19 5 370 4
56.104 128.981 336.779 13 19 5 370 4
56.104 128.981 336.779 14 19 5 370 4
56.104 128.981 336.779 15 19 5 370 4
56.104 128.981 336.779 16 19 5 370 4
56.104 128.981 336.779 17 19 5 370 4
56.104 128.981 336.779 18 19 5 370 4
56.104 128.981 336.779 19 19 5 370 4
56.104 128.981 336.779 20 19 5 370 4
56.104 128.981 336.779 21 19 5 370 4
56.104 128.981 336.779 22 19 5 370 4
56.104 128.981 336.779 23 19 5 370 4
56.104 128.981 336.779 24 19 5 370 4
56.104 128.981 336.779 25 19 5 370 4
56.104 128.981 336.779 26 19 5 370 4
56.104 128.981 336.779 27 19 5 370 4
56.104 128.981 336.779 28 19 5 370 4
56.104 128.981 336.779 29 19 5 370 4
56.104 128.981 336.779 30 19 5 370 4
177.514 56.207 315.029 1 20 5 430 4
177.514 56.207 315.029 2 20 5 430 4
177.514 56.207 315.029 3 20 5 430 4
56.104 128.981 336.779 4 20 5 370 4
56.104 128.981 336.779 5 20 5 370 4
56.104 128.981 336.779 6 20 5 370 4
56.104 128.981 336.779 7 20 5 370 4
56.104 128.981 336.779 8 20 5 370 4
56.104 128.981 336.779 9 20 5 370 4
56.104 128.981 336.779 10 20 5 370 4
56.104 128.981 336.779 11 20 5 370 4
56.104 128.981 336.779 12 20 5 370 4
56.104 128.981 336.779 13 20 5 370 4
56.104 128.981 336.779 14 20 5 370 4
56.104 128.981 336.779 15 20 5 370 4
56.104 128.981 336.779 16 20 5 370 4
56.104 128.981 336.779 17 20 5 370 4
56.104 128.981 336.779 18 20 5 370 4
56.104 128.981 336.779 19 20 5 370 4
56.104 128.981 336.779 20 20 5 370 4
56.104 128.981 336.779 21 20 5 370 4
56.104 128.981 336.779 22 20 5 370 4
56.104 128.981 336.779 23 20 5 370 4
56.104 128.981 336.779 24 20 5 370 4
56.104 128.981 336.779 25 20 5 370 4
56.104 128.981 336.779 26 20 5 370 4
56.104 128.981 336.779 27 20 5 370 4
56.104 128.981 336.779 28 20 5 370 4
71.209 57.807 185.986 29 20 5 294 2
71.209 57.807 185.986 30 20 5 294 2
177.514 56.207 315.029 1 21 5 430 4
177.514 56.207 315.029 2 21 5 430 4
56.104 128.981 336.779 3 21 5 370 4
56.104 128.981 336.779 4 21 5 370 4
56.104 128.981 336.779 5 21 5 370 4
56.104 128.981 336.779 6 21 5 370 4
56.104 128.981 336.779 7 21 5 370 4
56.104 128.981 336.779 8 21 5 370 4
56.104 128.981 336.779 9 21 5 370 4
56.104 128.981 336.779 10 21 5 370 4
56.104 128.981 336.779 11 21 5 370 4
56.104 128.981 336.779 12 21 5 370 4
56.104 128.981 336.779 13 21 5 370 4
56.104 128.981 336.779 14 21 5 370 4
56.104 128.981 336.779 15 21 5 370 4
56.104 128.981 336.779 16 21 5 370 4
56.104 128.981 336.779 17 21 5 370 4
56.104 128.981 336.779 18 21 5 370 4
56.104 128.981 336.779 19 21 5 370 4
56.104 128.981 336.779 20 21 5 370 4
56.104 128.981 336.779 21 21 5 370 4
56.104 128.981 336.779 22 21 5 370 4
56.104 128.981 336.779 23 21 5 370 4
56.104 128.981 336.779 24 21 5 370 4
56.104 128.981 336.779 25 21 5 370 4
56.104 128.981 336.779 26 21 5 370 4
56.104 128.981 336.779 27 21 5 370 4
56.104 128.981 336.779 28 21 5 370 4
71.209 57.807 185.986 29 21 5 294 2
71.209 57.807 185.986 30 21 5 294 2
177.514 56.207 315.029 1 22 5 430 4
177.514 56.207 315.029 2 22 5 430 4
56.104 128.981 336.779 3 22 5 370 4
56.104 128.981 336.779 4 22 5 370 4
242.700 82.280 278.795 5 22 5 350 2
56.104 128.981 336.779 6 22 5 370 4
56.104 128.981 336.779 7 22 5 370 4
56.104 128.981 336.779 8 22 5 370 4
56.104 128.981 336.779 9 22 5 370 4
56.104 128.981 336.779 10 22 5 370 4
56.104 128.981 336.779 11 22 5 370 4
56.104 128.981 336.779 12 22 5 370 4
56.104 128.981 336.779 13 22 5 370 4
56.104 128.981 336.779 14 22 5 370 4
56.104 128.981 336.779 15 22 5 370 4
56.104 128.981 336.779 16 22 5 370 4
56.104 128.981 336.779 17 22 5 370 4
56.104 128.981 336.779 18 22 5 370 4
56.104 128.981 336.779 19 22 5 370 4
56.104 128.981 336.779 20 22 5 370 4
56.104 128.981 336.779 21 22 5 370 4
56.104 128.981 336.779 22 22 5 370 4
56.104 128.981 336.779 23 22 5 370 4
56.104 128.981 336.779 24 22 5 370 4
56.104 128.981 336.779 25 22 5 370 4
56.104 128.981 336.779 26 22 5 370 4
56.104 128.981 336.779 27 22 5 370 4
218.334 129.202 138.370 28 22 5 316 2
218.334 129.202 138.370 29 22 5 316 2
56.104 128.981 336.779 30 22 5 370 4
56.104 128.981 336.779 1 23 5 370 4
56.104 128.981 336.779 2 23 5 370 4
56.104 128.981 336.779 3 23 5 370 4
56.104 128.981 336.779 4 23 5 370 4
56.104 128.981 336.779 5 23 5 370 4
56.104 128.981 336.779 6 23 5 370 4
56.104 128.981 336.779 7 23 5 370 4
56.104 128.981 336.779 8 23 5 370 4
56.104 128.981 336.779 9 23 5 370 4
56.104 128.981 336.779 10 23 5 370 4
56.104 128.981 336.779 11 23 5 370 4
56.104 128.981 336.779 12 23 5 370 4
56.104 128.981 336.779 13 23 5 370 4
56.104 128.981 336.779 14 23 5 370 4
56.104 128.981 336.779 15 23 5 370 4
56.104 128.981 336.779 16 23 5 370 4
56.104 128.981 336.779 17 23 5 370 4
56.104 128.981 336.779 18 23 5 370 4
56.104 128.981 336.779 19 23 5 370 4
56.104 128.981 336.779 20 23 5 370 4
56.104 128.981 336.779 21 23 5 370 4
338.616 82.948 160.381 22 23 5 198 1
56.104 128.981 336.779 23 23 5 370 4
56.104 128.981 336.779 24 23 5 370 4
56.104 128.981 336.779 25 23 5 370 4
56.104 128.981 336.779 26 23 5 370 4
56.104 128.981 336.779 27 23 5 370 4
56.104 128.981 336.779 28 23 5 370 4
56.104 128.981 336.779 29 23 5 370 4
56.104 128.981 336.779 30 23 5 370 4
56.104 128.981 336.779 1 24 5 370 4
56.104 128.981 336.779 2 24 5 370 4
56.104 128.981 336.779 3 24 5 370 4
56.104 128.981 336.779 4 24 5 370 4
56.104 128.981 336.779 5 24 5 370 4
56.104 128.981 336.779 6 24 5 370 4
56.104 128.981 336.779 7 24 5 370 4
56.104 128.981 336.779 8 24 5 370 4
56.104 128.981 336.779 9 24 5 370 4
56.104 128.981 336.779 10 24 5 370 4
56.104 128.981 336.779 11 24 5 370 4
56.104 128.981 336.779 12 24 5 370 4
56.104 128.981 336.779 13 24 5 370 4
56.104 128.981 336.779 14 24 5 370 4
56.104 128.981 336.779 15 24 5 370 4
56.104 128.981 336.779 16 24 5 370 4
56.104 128.981 336.779 17 24 5 370 4
56.104 128.981 336.779 18 24 5 370 4
56.104 128.981 336.779 19 24 5 370 4
56.104 128.981 336.779 20 24 5 370 4
56.104 128.981 336.779 21 24 5 370 4
56.104 128.981 336.779 22 24 5 370 4
56.104 128.981 336.779 23 24 5 370 4
56.104 128.981 336.779 24 24 5 370 4
56.104 128.981 336.779 25 24 5 370 4
56.104 128.981 336.779 26 24 5 370 4
56.104 128.981 336.779 27 24 5 370 4
56.104 128.981 336.779 28 24 5 370 4
56.104 128.981 336.779 29 24 5 370 4
180.977 60.287 132.487 30 24 5 285 2
56.104 128.981 336.779 1 25 5 370 4
56.104 128.981 336.779 2 25 5 370 4
56.104 128.981 336.779 3 25 5 370 4
56.104 128.981 336.779 4 25 5 370 4
56.104 128.981 336.779 5 25 5 370 4
56.104 128.981 336.779 6 25 5 370 4
56.104 128.981 336.779 7 25 5 370 4
249.991 49.205 297.478 8 25 5 19 1
249.991 49.205 297.478 9 25 5 19 1
56.104 128.981 336.779 10 25 5 370 4
56.104 128.981 336.779 11 25 5 370 4
56.104 128.981 336.779 12 25 5 370 4
56.104 128.981 336.779 13 25 5 370 4
56.104 128.981 336.779 14 25 5 370 4
56.104 128.981 336.779 15 25 5 370 4
56.104 128.981 336.779 16 25 5 370 4
56.104 128.981 336.779 17 25 5 370 4
56.104 128.981 336.779 18 25 5 370 4
56.104 128.981 336.779 19 25 5 370 4
56.104 128.981 336.779 20 25 5 370 4
56.104 128.981 336.779 21 25 5 370 4
56.104 128.981 336.779 22 25 5 370 4
56.104 128.981 336.779 23 25 5 370 4
56.104 128.981 336.779 24 25 5 370 4
56.104 128.981 336.779 25 25 5 370 4
56.104 128.981 336.779 26 25 5 370 4
56.104 128.981 336.779 27 25 5 370 4
56.104 128.981 336.779 28 25 5 370 4
83.268 101.247 70.383 29 25 5 214 1
83.268 101.247 70.383 30 25 5 214 1
56.104 128.981 336.779 1 26 5 370 4
56.104 128.981 336.779 2 26 5 370 4
56.104 128.981 336.779 3 26 5 370 4
56.104 128.981 336.779 4 26 5 370 4
56.104 128.981 336.779 5 26 5 370 4
56.104 128.981 336.779 6 26 5 370 4
56.104 128.981 336.779 7 26 5 370 4
56.104 128.981 336.779 8 26 5 370 4
56.104 128.981 336.779 9 26 5 370 4
56.104 128.981 336.779 10 26 5 370 4
56.104 128.981 336.779 11 26 5 370 4
56.104 128.981 336.779 12 26 5 370 4
56.104 128.981 336.779 13 26 5 370 4
56.104 128.981 336.779 14 26 5 370 4
56.104 128.981 336.779 15 26 5 370 4
56.104 128.981 336.779 16 26 5 370 4
56.104 128.981 336.779 17 26 5 370 4
56.104 128.981 336.779 18 26 5 370 4
56.104 128.981 336.779 19 26 5 370 4
56.104 128.981 336.779 20 26 5 370 4
56.104 128.981 336.779 21 26 5 370 4
56.104 128.981 336.779 22 26 5 370 4
56.104 128.981 336.779 23 26 5 370 4
56.104 128.981 336.779 24 26 5 370 4
56.104 128.981 336.779 25 26 5 370 4
56.104 128.981 336.779 26 26 5 370 4
56.104 128.981 336.779 27 26 5 370 4
302.389 136.798 252.376 28 26 5 78 1
83.268 101.247 70.383 29 26 5 214 1
83.268 101.247 70.383 30 26 5 214 1
280.538 81.279 345.010 1 27 5 91 1
56.104 128.981 336.779 2 27 5 370 4
56.104 128.981 336.779 3 27 5 370 4
56.104 128.981 336.779 4 27 5 370 4
56.104 128.981 336.779 5 27 5 370 4
56.104 128.981 336.779 6 27 5 370 4
56.104 128.981 336.779 7 27 5 370 4
56.104 128.981 336.779 8 27 5 370 4
56.104 128.981 336.779 9 27 5 370 4
56.104 128.981 336.779 10 27 5 370 4
56.104 128.981 336.779 11 27 5 370 4
56.104 128.981 336.779 12 27 5 370 4
56.104 128.981 336.779 13 27 5 370 4
56.104 128.981 336.779 14 27 5 370 4
56.104 128.981 336.779 15 27 5 370 4
56.104 128.981 336.779 16 27 5 370 4
56.104 128.981 336.779 17 27 5 370 4
56.104 128.981 336.779 18 27 5 370 4
56.104 128.981 336.779 19 27 5 370 4
56.104 128.981 336.779 20 27 5 370 4
56.104 128.981 336.779 21 27 5 370 4
56.104 128.981 336.779 22 27 5 370 4
56.104 128.981 336.779 23 27 5 370 4
56.104 128.981 336.779 24 27 5 370 4
56.104 128.981 336.779 25 27 5 370 4
56.104 128.981 336.779 26 27 5 370 4
302.389 136.798 252.376 27 27 5 78 1
302.389 136.798 252.376 28 27 5 78 1
83.268 101.247 70.383 29 27 5 214 1
83.268 101.247 70.383 30 27 5 214 1
280.538 81.279 345.010 1 28 5 91 1
280.538 81.279 345.010 2 28 5 91 1
56.104 128.981 336.779 3 28 5 370 4
56.104 128.981 336.779 4 28 5 370 4
56.104 128.981 336.779 5 28 5 370 4
56.104 128.981 336.779 6 28 5 370 4
56.104 128.981 336.779 7 28 5 370 4
56.104 128.981 336.779 8 28 5 370 4
56.104 128.981 336.779 9 28 5 370 4
56.104 128.981 336.779 10 28 5 370 4
56.104 128.981 336.779 11 28 5 370 4
56.104 128.981 336.779 12 28 5 370 4
56.104 128.981 336.779 13 28 5 370 4
56.104 128.981 336.779 14 28 5 370 4
56.104 128.981 336.779 15 28 5 370 4
56.104 128.981 336.779 16 28 5 370 4
56.104 128.981 336.779 17 28 5 370 4
56.104 128.981 336.779 18 28 5 370 4
56.104 128.981 336.779 19 28 5 370 4
56.104 128.981 336.779 20 28 5 370 4
56.104 128.981 336.779 21 28 5 370 4
56.104 128.981 336.779 22 28 5 370 4
56.104 128.981 336.779 23 28 5 370 4
56.104 128.981 336.779 24 28 5 370 4
56.104 128.981 336.779 25 28 5 370 4
56.104 128.981 336.779 26 28 5 370 4
302.389 136.798 252.376 27 28 5 78 1
302.389 136.798 252.376 28 28 5 78 1
346.941 136.881 200.183 29 28 5 337 2
285.523 162.934 127.898 30 28 5 16 1
280.538 81.279 345.010 1 29 5 91 1
280.538 81.279 345.010 2 29 5 91 1
280.538 81.279 345.010 3 29 5 91 1
150.649 114.877 220.430 4 29 5 339 2
150.649 114.877 220.430 5 29 5 339 2
56.104 128.981 336.779 6 29 5 370 4
56.104 128.981 336.779 7 29 5 370 4
56.104 128.981 336.779 8 29 5 370 4
56.104 128.981 336.779 9 29 5 370 4
56.104 128.981 336.779 10 29 5 370 4
56.104 128.981 336.779 11 29 5 370 4
56.104 128.981 336.779 12 29 5 370 4
56.104 128.981 336.779 13 29 5 370 4
339.637 43.479 351.345 14 29 5 393 1
56.104 128.981 336.779 15 29 5 370 4
56.104 128.981 336.779 16 29 5 370 4
56.104 128.981 336.779 17 29 5 370 4
56.104 128.981 336.779 18 29 5 370 4
56.104 128.981 336.779 19 29 5 370 4
56.104 128.981 336.779 20 29 5 370 4
56.104 128.981 336.779 21 29 5 370 4
56.104 128.981 336.779 22 29 5 370 4
56.104 128.981 336.779 23 29 5 370 4
56.104 128.981 336.779 24 29 5 370 4
89.950 49.812 270.892 25 29 5 366 4
302.389 136.798 252.376 26 29 5 78 1
302.389 136.798 252.376 27 29 5 78 1
302.389 136.798 252.376 28 29 5 78 1
346.941 136.881 200.183 29 29 5 337 2
285.523 162.934 127.898 30 29 5 16 1
280.538 81.279 345.010 1 30 5 91 1
280.538 81.279 345.010 2 30 5 91 1
280.538 81.279 345.010 3 30 5 91 1
150.649 114.877 220.430 4 30 5 339 2
150.649 114.877 220.430 5 30 5 339 2
56.104 128.981 336.779 6 30 5 370 4
56.104 128.981 336.779 7 30 5 370 4
56.104 128.981 336.779 8 30 5 370 4
56.104 128.981 336.779 9 30 5 370 4
56.104 128.981 336.779 10 30 5 370 4
56.104 128.981 336.779 11 30 5 370 4
56.104 128.981 336.779 12 30 5 370 4
56.104 128.981 336.779 13 30 5 370 4
56.104 128.981 336.779 14 30 5 370 4
56.104 128.981 336.779 15 30 5 370 4
56.104 128.981 336.779 16 30 5 370 4
56.104 128.981 336.779 17 30 5 370 4
56.104 128.981 336.779 18 30 5 370 4
56.104 128.981 336.779 19 30 5 370 4
56.104 128.981 336.779 20 30 5 370 4
56.104 128.981 336.779 21 30 5 370 4
56.104 128.981 336.779 22 30 5 370 4
56.104 128.981 336.779 23 30 5 370 4
240.712 141.869 303.500 24 30 5 119 1
89.950 49.812 270.892 25 30 5 366 4
217.893 113.274 222.718 26 30 5 56 1
217.893 113.274 222.718 27 30 5 56 1
302.389 136.798 252.376 28 30 5 78 1
346.941 136.881 200.183 29 30 5 337 2
346.941 136.881 200.183 30 30 5 337 2
