71.960 130.371 326.234 1 1 4 346 2
71.960 130.371 326.234 2 1 4 346 2
71.960 130.371 326.234 3 1 4 346 2
71.960 130.371 326.234 4 1 4 346 2
71.960 130.371 326.234 5 1 4 346 2
71.960 130.371 326.234 6 1 4 346 2
71.960 130.371 326.234 7 1 4 346 2
71.960 130.371 326.234 8 1 4 346 2
357.514 89.294 3.637 9 1 4 356 2
335.919 127.703 315.462 10 1 4 359 3
335.919 127.703 315.462 11 1 4 359 3
335.919 127.703 315.462 12 1 4 359 3
335.919 127.703 315.462 13 1 4 359 3
335.919 127.703 315.462 14 1 4 359 3
335.919 127.703 315.462 15 1 4 359 3
335.919 127.703 315.462 16 1 4 359 3
335.919 127.703 315.462 17 1 4 359 3
335.919 127.703 315.462 18 1 4 359 3
335.919 127.703 315.462 19 1 4 359 3
335.919 127.703 315.462 20 1 4 359 3
335.919 127.703 315.462 21 1 4 359 3
335.919 127.703 315.462 22 1 4 359 3
335.919 127.703 315.462 23 1 4 359 3
335.919 127.703 315.462 24 1 4 359 3
335.919 127.703 315.462 25 1 4 359 3
335.919 127.703 315.462 26 1 4 359 3
335.919 127.703 315.462 27 1 4 359 3
335.919 127.703 315.462 28 1 4 359 3
335.919 127.703 315.462 29 1 4 359 3
335.919 127.703 315.462 30 1 4 359 3
71.960 130.371 326.234 1 2 4 346 2
71.960 130.371 326.234 2 2 4 346 2
71.960 130.371 326.234 3 2 4 346 2
71.960 130.371 326.234 4 2 4 346 2
71.960 130.371 326.234 5 2 4 346 2
71.960 130.371 326.234 6 2 4 346 2
71.960 130.371 326.234 7 2 4 346 2
71.960 130.371 326.234 8 2 4 346 2
357.514 89.294 3.637 9 2 4 356 2
335.919 127.703 315.462 10 2 4 359 3
335.919 127.703 315.462 11 2 4 359 3
335.919 127.703 315.462 12 2 4 359 3
335.919 127.703 315.462 13 2 4 359 3
335.919 127.703 315.462 14 2 4 359 3
335.919 127.703 315.462 15 2 4 359 3
335.919 127.703 315.462 16 2 4 359 3
335.919 127.703 315.462 17 2 4 359 3
335.919 127.703 315.462 18 2 4 359 3
335.919 127.703 315.462 19 2 4 359 3
335.919 127.703 315.462 20 2 4 359 3
335.919 127.703 315.462 21 2 4 359 3
335.919 127.703 315.462 22 2 4 359 3
335.919 127.703 315.462 23 2 4 359 3
335.919 127.703 315.462 24 2 4 359 3
335.919 127.703 315.462 25 2 4 359 3
335.919 127.703 315.462 26 2 4 359 3
335.919 127.703 315.462 27 2 4 359 3
335.919 127.703 315.462 28 2 4 359 3
335.919 127.703 315.462 29 2 4 359 3
29.321 110.642 63.037 30 2 4 336 2
234.157 163.668 324.770 1 3 4 29 1
234.157 163.668 324.770 2 3 4 29 1
71.960 130.371 326.234 3 3 4 346 2
71.960 130.371 326.234 4 3 4 346 2
71.960 130.371 326.234 5 3 4 346 2
71.960 130.371 326.234 6 3 4 346 2
71.960 130.371 326.234 7 3 4 346 2
71.960 130.371 326.234 8 3 4 346 2
335.919 127.703 315.462 9 3 4 359 3
335.919 127.703 315.462 10 3 4 359 3
335.919 127.703 315.462 11 3 4 359 3
335.919 127.703 315.462 12 3 4 359 3
335.919 127.703 315.462 13 3 4 359 3
335.919 127.703 315.462 14 3 4 359 3
335.919 127.703 315.462 15 3 4 359 3
335.919 127.703 315.462 16 3 4 359 3
335.919 127.703 315.462 17 3 4 359 3
335.919 127.703 315.462 18 3 4 359 3
335.919 127.703 315.462 19 3 4 359 3
335.919 127.703 315.462 20 3 4 359 3
335.919 127.703 315.462 21 3 4 359 3
335.919 127.703 315.462 22 3 4 359 3
335.919 127.703 315.462 23 3 4 359 3
335.919 127.703 315.462 24 3 4 359 3
335.919 127.703 315.462 25 3 4 359 3
335.919 127.703 315.462 26 3 4 359 3
335.919 127.703 315.462 27 3 4 359 3
335.919 127.703 315.462 28 3 4 359 3
335.919 127.703 315.462 29 3 4 359 3
335.919 127.703 315.462 30 3 4 359 3
71.960 130.371 326.234 1 4 4 346 2
71.960 130.371 326.234 2 4 4 346 2
71.960 130.371 326.234 3 4 4 346 2
71.960 130.371 326.234 4 4 4 346 2
71.960 130.371 326.234 5 4 4 346 2
71.960 130.371 326.234 6 4 4 346 2
71.960 130.371 326.234 7 4 4 346 2
71.960 130.371 326.234 8 4 4 346 2
335.919 127.703 315.462 9 4 4 359 3
335.919 127.703 315.462 10 4 4 359 3
335.919 127.703 315.462 11 4 4 359 3
335.919 127.703 315.462 12 4 4 359 3
335.919 127.703 315.462 13 4 4 359 3
335.919 127.703 315.462 14 4 4 359 3
335.919 127.703 315.462 15 4 4 359 3
335.919 127.703 315.462 16 4 4 359 3
335.919 127.703 315.462 17 4 4 359 3
335.919 127.703 315.462 18 4 4 359 3
335.919 127.703 315.462 19 4 4 359 3
335.919 127.703 315.462 20 4 4 359 3
335.919 127.703 315.462 21 4 4 359 3
335.919 127.703 315.462 22 4 4 359 3
335.919 127.703 315.462 23 4 4 359 3
335.919 127.703 315.462 24 4 4 359 3
335.919 127.703 315.462 25 4 4 359 3
335.919 127.703 315.462 26 4 4 359 3
335.919 127.703 315.462 27 4 4 359 3
335.919 127.703 315.462 28 4 4 359 3
335.919 127.703 315.462 29 4 4 359 3
335.919 127.703 315.462 30 4 4 359 3
71.960 130.371 326.234 1 5 4 346 2
71.960 130.371 326.234 2 5 4 346 2
71.960 130.371 326.234 3 5 4 346 2
71.960 130.371 326.234 4 5 4 346 2
71.960 130.371 326.234 5 5 4 346 2
71.960 130.371 326.234 6 5 4 346 2
71.960 130.371 326.234 7 5 4 346 2
71.960 130.371 326.234 8 5 4 346 2
335.919 127.703 315.462 9 5 4 359 3
335.919 127.703 315.462 10 5 4 359 3
335.919 127.703 315.462 11 5 4 359 3
335.919 127.703 315.462 12 5 4 359 3
335.919 127.703 315.462 13 5 4 359 3
335.919 127.703 315.462 14 5 4 359 3
335.919 127.703 315.462 15 5 4 359 3
335.919 127.703 315.462 16 5 4 359 3
335.919 127.703 315.462 17 5 4 359 3
335.919 127.703 315.462 18 5 4 359 3
335.919 127.703 315.462 19 5 4 359 3
335.919 127.703 315.462 20 5 4 359 3
335.919 127.703 315.462 21 5 4 359 3
335.919 127.703 315.462 22 5 4 359 3
335.919 127.703 315.462 23 5 4 359 3
335.919 127.703 315.462 24 5 4 359 3
335.919 127.703 315.462 25 5 4 359 3
335.919 127.703 315.462 26 5 4 359 3
335.919 127.703 315.462 27 5 4 359 3
335.919 127.703 315.462 28 5 4 359 3
335.919 127.703 315.462 29 5 4 359 3
335.919 127.703 315.462 30 5 4 359 3
177.514 56.207 315.029 1 6 4 430 4
71.960 130.371 326.234 2 6 4 346 2
71.960 130.371 326.234 3 6 4 346 2
71.960 130.371 326.234 4 6 4 346 2
71.960 130.371 326.234 5 6 4 346 2
8.519 153.847 12.895 6 6 4 69 1
71.960 130.371 326.234 7 6 4 346 2
71.960 130.371 326.234 8 6 4 346 2
335.919 127.703 315.462 9 6 4 359 3
335.919 127.703 315.462 10 6 4 359 3
335.919 127.703 315.462 11 6 4 359 3
335.919 127.703 315.462 12 6 4 359 3
335.919 127.703 315.462 13 6 4 359 3
335.919 127.703 315.462 14 6 4 359 3
335.919 127.703 315.462 15 6 4 359 3
335.919 127.703 315.462 16 6 4 359 3
335.919 127.703 315.462 17 6 4 359 3
335.919 127.703 315.462 18 6 4 359 3
335.919 127.703 315.462 19 6 4 359 3
335.919 127.703 315.462 20 6 4 359 3
335.919 127.703 315.462 21 6 4 359 3
335.919 127.703 315.462 22 6 4 359 3
335.919 127.703 315.462 23 6 4 359 3
335.919 127.703 315.462 24 6 4 359 3
335.919 127.703 315.462 25 6 4 359 3
335.919 127.703 315.462 26 6 4 359 3
335.919 127.703 315.462 27 6 4 359 3
335.919 127.703 315.462 28 6 4 359 3
335.919 127.703 315.462 29 6 4 359 3
335.919 127.703 315.462 30 6 4 359 3
177.514 56.207 315.029 1 7 4 430 4
177.514 56.207 315.029 2 7 4 430 4
71.960 130.371 326.234 3 7 4 346 2
71.960 130.371 326.234 4 7 4 346 2
71.960 130.371 326.234 5 7 4 346 2
71.960 130.371 326.234 6 7 4 346 2
71.960 130.371 326.234 7 7 4 346 2
281.606 163.755 47.567 8 7 4 358 2
281.606 163.755 47.567 9 7 4 358 2
335.919 127.703 315.462 10 7 4 359 3
335.919 127.703 315.462 11 7 4 359 3
335.919 127.703 315.462 12 7 4 359 3
335.919 127.703 315.462 13 7 4 359 3
335.919 127.703 315.462 14 7 4 359 3
335.919 127.703 315.462 15 7 4 359 3
335.919 127.703 315.462 16 7 4 359 3
335.919 127.703 315.462 17 7 4 359 3
335.919 127.703 315.462 18 7 4 359 3
335.919 127.703 315.462 19 7 4 359 3
335.919 127.703 315.462 20 7 4 359 3
335.919 127.703 315.462 21 7 4 359 3
335.919 127.703 315.462 22 7 4 359 3
335.919 127.703 315.462 23 7 4 359 3
335.919 127.703 315.462 24 7 4 359 3
335.919 127.703 315.462 25 7 4 359 3
335.919 127.703 315.462 26 7 4 359 3
335.919 127.703 315.462 27 7 4 359 3
335.919 127.703 315.462 28 7 4 359 3
335.919 127.703 315.462 29 7 4 359 3
335.919 127.703 315.462 30 7 4 359 3
177.514 56.207 315.029 1 8 4 430 4
177.514 56.207 315.029 2 8 4 430 4
177.514 56.207 315.029 3 8 4 430 4
71.960 130.371 326.234 4 8 4 346 2
71.960 130.371 326.234 5 8 4 346 2
281.606 163.755 47.567 6 8 4 358 2
281.606 163.755 47.567 7 8 4 358 2
281.606 163.755 47.567 8 8 4 358 2
281.606 163.755 47.567 9 8 4 358 2
257.173 14.644 353.705 10 8 4 39 1
257.173 14.644 353.705 11 8 4 39 1
335.919 127.703 315.462 12 8 4 359 3
335.919 127.703 315.462 13 8 4 359 3
335.919 127.703 315.462 14 8 4 359 3
335.919 127.703 315.462 15 8 4 359 3
335.919 127.703 315.462 16 8 4 359 3
335.919 127.703 315.462 17 8 4 359 3
335.919 127.703 315.462 18 8 4 359 3
335.919 127.703 315.462 19 8 4 359 3
335.919 127.703 315.462 20 8 4 359 3
335.919 127.703 315.462 21 8 4 359 3
335.919 127.703 315.462 22 8 4 359 3
335.919 127.703 315.462 23 8 4 359 3
335.919 127.703 315.462 24 8 4 359 3
335.919 127.703 315.462 25 8 4 359 3
335.919 127.703 315.462 26 8 4 359 3
335.919 127.703 315.462 27 8 4 359 3
335.919 127.703 315.462 28 8 4 359 3
335.919 127.703 315.462 29 8 4 359 3
335.919 127.703 315.462 30 8 4 359 3
177.514 56.207 315.029 1 9 4 430 4
236.940 73.097 95.066 2 9 4 150 1
177.514 56.207 315.029 3 9 4 430 4
177.514 56.207 315.029 4 9 4 430 4
71.960 130.371 326.234 5 9 4 346 2
318.761 149.846 95.678 6 9 4 375 1
318.761 149.846 95.678 7 9 4 375 1
281.606 163.755 47.567 8 9 4 358 2
257.173 14.644 353.705 9 9 4 39 1
257.173 14.644 353.705 10 9 4 39 1
257.173 14.644 353.705 11 9 4 39 1
257.173 14.644 353.705 12 9 4 39 1
335.919 127.703 315.462 13 9 4 359 3
335.919 127.703 315.462 14 9 4 359 3
335.919 127.703 315.462 15 9 4 359 3
335.919 127.703 315.462 16 9 4 359 3
335.919 127.703 315.462 17 9 4 359 3
335.919 127.703 315.462 18 9 4 359 3
335.919 127.703 315.462 19 9 4 359 3
335.919 127.703 315.462 20 9 4 359 3
335.919 127.703 315.462 21 9 4 359 3
335.919 127.703 315.462 22 9 4 359 3
335.919 127.703 315.462 23 9 4 359 3
335.919 127.703 315.462 24 9 4 359 3
335.919 127.703 315.462 25 9 4 359 3
335.919 127.703 315.462 26 9 4 359 3
335.919 127.703 315.462 27 9 4 359 3
335.919 127.703 315.462 28 9 4 359 3
335.919 127.703 315.462 29 9 4 359 3
335.919 127.703 315.462 30 9 4 359 3
177.514 56.207 315.029 1 10 4 430 4
177.514 56.207 315.029 2 10 4 430 4
177.514 56.207 315.029 3 10 4 430 4
177.514 56.207 315.029 4 10 4 430 4
177.514 56.207 315.029 5 10 4 430 4
318.761 149.846 95.678 6 10 4 375 1
318.761 149.846 95.678 7 10 4 375 1
318.761 149.846 95.678 8 10 4 375 1
257.173 14.644 353.705 9 10 4 39 1
257.173 14.644 353.705 10 10 4 39 1
257.173 14.644 353.705 11 10 4 39 1
257.173 14.644 353.705 12 10 4 39 1
335.919 127.703 315.462 13 10 4 359 3
335.919 127.703 315.462 14 10 4 359 3
335.919 127.703 315.462 15 10 4 359 3
335.919 127.703 315.462 16 10 4 359 3
335.919 127.703 315.462 17 10 4 359 3
335.919 127.703 315.462 18 10 4 359 3
335.919 127.703 315.462 19 10 4 359 3
335.919 127.703 315.462 20 10 4 359 3
335.919 127.703 315.462 21 10 4 359 3
335.919 127.703 315.462 22 10 4 359 3
335.919 127.703 315.462 23 10 4 359 3
335.919 127.703 315.462 24 10 4 359 3
335.919 127.703 315.462 25 10 4 359 3
335.919 127.703 315.462 26 10 4 359 3
335.919 127.703 315.462 27 10 4 359 3
335.919 127.703 315.462 28 10 4 359 3
335.919 127.703 315.462 29 10 4 359 3
335.919 127.703 315.462 30 10 4 359 3
177.514 56.207 315.029 1 11 4 430 4
177.514 56.207 315.029 2 11 4 430 4
177.514 56.207 315.029 3 11 4 430 4
177.514 56.207 315.029 4 11 4 430 4
175.563 160.170 255.833 5 11 4 55 1
175.563 160.170 255.833 6 11 4 55 1
175.563 160.170 255.833 7 11 4 55 1
175.563 160.170 255.833 8 11 4 55 1
257.173 14.644 353.705 9 11 4 39 1
257.173 14.644 353.705 10 11 4 39 1
257.173 14.644 353.705 11 11 4 39 1
335.919 127.703 315.462 12 11 4 359 3
335.919 127.703 315.462 13 11 4 359 3
335.919 127.703 315.462 14 11 4 359 3
335.919 127.703 315.462 15 11 4 359 3
335.919 127.703 315.462 16 11 4 359 3
335.919 127.703 315.462 17 11 4 359 3
335.919 127.703 315.462 18 11 4 359 3
335.919 127.703 315.462 19 11 4 359 3
335.919 127.703 315.462 20 11 4 359 3
335.919 127.703 315.462 21 11 4 359 3
335.919 127.703 315.462 22 11 4 359 3
335.919 127.703 315.462 23 11 4 359 3
335.919 127.703 315.462 24 11 4 359 3
335.919 127.703 315.462 25 11 4 359 3
335.919 127.703 315.462 26 11 4 359 3
335.919 127.703 315.462 27 11 4 359 3
335.919 127.703 315.462 28 11 4 359 3
335.919 127.703 315.462 29 11 4 359 3
335.919 127.703 315.462 30 11 4 359 3
177.514 56.207 315.029 1 12 4 430 4
177.514 56.207 315.029 2 12 4 430 4
177.514 56.207 315.029 3 12 4 430 4
177.514 56.207 315.029 4 12 4 430 4
301.103 129.728 235.725 5 12 4 287 2
139.439 35.642 295.817 6 12 4 267 1
175.563 160.170 255.833 7 12 4 55 1
175.563 160.170 255.833 8 12 4 55 1
257.173 14.644 353.705 9 12 4 39 1
56.104 128.981 336.779 10 12 4 370 4
56.104 128.981 336.779 11 12 4 370 4
56.104 128.981 336.779 12 12 4 370 4
56.104 128.981 336.779 13 12 4 370 4
56.104 128.981 336.779 14 12 4 370 4
56.104 128.981 336.779 15 12 4 370 4
56.104 128.981 336.779 16 12 4 370 4
56.104 128.981 336.779 17 12 4 370 4
56.104 128.981 336.779 18 12 4 370 4
56.104 128.981 336.779 19 12 4 370 4
56.104 128.981 336.779 20 12 4 370 4
56.104 128.981 336.779 21 12 4 370 4
56.104 128.981 336.779 22 12 4 370 4
56.104 128.981 336.779 23 12 4 370 4
335.919 127.703 315.462 24 12 4 359 3
335.919 127.703 315.462 25 12 4 359 3
335.919 127.703 315.462 26 12 4 359 3
335.919 127.703 315.462 27 12 4 359 3
335.919 127.703 315.462 28 12 4 359 3
335.919 127.703 315.462 29 12 4 359 3
335.919 127.703 315.462 30 12 4 359 3
177.514 56.207 315.029 1 13 4 430 4
177.514 56.207 315.029 2 13 4 430 4
177.514 56.207 315.029 3 13 4 430 4
177.514 56.207 315.029 4 13 4 430 4
301.103 129.728 235.725 5 13 4 287 2
301.103 129.728 235.725 6 13 4 287 2
301.103 129.728 235.725 7 13 4 287 2
56.104 128.981 336.779 8 13 4 370 4
56.104 128.981 336.779 9 13 4 370 4
56.104 128.981 336.779 10 13 4 370 4
56.104 128.981 336.779 11 13 4 370 4
56.104 128.981 336.779 12 13 4 370 4
56.104 128.981 336.779 13 13 4 370 4
56.104 128.981 336.779 14 13 4 370 4
56.104 128.981 336.779 15 13 4 370 4
56.104 128.981 336.779 16 13 4 370 4
56.104 128.981 336.779 17 13 4 370 4
347.186 49.116 49.700 18 13 4 199 1
56.104 128.981 336.779 19 13 4 370 4
56.104 128.981 336.779 20 13 4 370 4
56.104 128.981 336.779 21 13 4 370 4
56.104 128.981 336.779 22 13 4 370 4
56.104 128.981 336.779 23 13 4 370 4
56.104 128.981 336.779 24 13 4 370 4
56.104 128.981 336.779 25 13 4 370 4
56.104 128.981 336.779 26 13 4 370 4
335.919 127.703 315.462 27 13 4 359 3
335.919 127.703 315.462 28 13 4 359 3
335.919 127.703 315.462 29 13 4 359 3
335.919 127.703 315.462 30 13 4 359 3
177.514 56.207 315.029 1 14 4 430 4
177.514 56.207 315.029 2 14 4 430 4
177.514 56.207 315.029 3 14 4 430 4
177.514 56.207 315.029 4 14 4 430 4
301.103 129.728 235.725 5 14 4 287 2
301.103 129.728 235.725 6 14 4 287 2
56.104 128.981 336.779 7 14 4 370 4
56.104 128.981 336.779 8 14 4 370 4
56.104 128.981 336.779 9 14 4 370 4
56.104 128.981 336.779 10 14 4 370 4
56.104 128.981 336.779 11 14 4 370 4
56.104 128.981 336.779 12 14 4 370 4
56.104 128.981 336.779 13 14 4 370 4
56.104 128.981 336.779 14 14 4 370 4
56.104 128.981 336.779 15 14 4 370 4
56.104 128.981 336.779 16 14 4 370 4
56.104 128.981 336.779 17 14 4 370 4
143.335 79.112 168.220 18 14 4 180 1
56.104 128.981 336.779 19 14 4 370 4
56.104 128.981 336.779 20 14 4 370 4
56.104 128.981 336.779 21 14 4 370 4
56.104 128.981 336.779 22 14 4 370 4
56.104 128.981 336.779 23 14 4 370 4
56.104 128.981 336.779 24 14 4 370 4
56.104 128.981 336.779 25 14 4 370 4
56.104 128.981 336.779 26 14 4 370 4
56.104 128.981 336.779 27 14 4 370 4
56.104 128.981 336.779 28 14 4 370 4
335.919 127.703 315.462 29 14 4 359 3
335.919 127.703 315.462 30 14 4 359 3
177.514 56.207 315.029 1 15 4 430 4
177.514 56.207 315.029 2 15 4 430 4
177.514 56.207 315.029 3 15 4 430 4
177.514 56.207 315.029 4 15 4 430 4
177.514 56.207 315.029 5 15 4 430 4
56.104 128.981 336.779 6 15 4 370 4
56.104 128.981 336.779 7 15 4 370 4
56.104 128.981 336.779 8 15 4 370 4
56.104 128.981 336.779 9 15 4 370 4
56.104 128.981 336.779 10 15 4 370 4
56.104 128.981 336.779 11 15 4 370 4
56.104 128.981 336.779 12 15 4 370 4
56.104 128.981 336.779 13 15 4 370 4
56.104 128.981 336.779 14 15 4 370 4
56.104 128.981 336.779 15 15 4 370 4
56.104 128.981 336.779 16 15 4 370 4
56.104 128.981 336.779 17 15 4 370 4
56.104 128.981 336.779 18 15 4 370 4
56.104 128.981 336.779 19 15 4 370 4
56.104 128.981 336.779 20 15 4 370 4
56.104 128.981 336.779 21 15 4 370 4
56.104 128.981 336.779 22 15 4 370 4
56.104 128.981 336.779 23 15 4 370 4
56.104 128.981 336.779 24 15 4 370 4
56.104 128.981 336.779 25 15 4 370 4
56.104 128.981 336.779 26 15 4 370 4
56.104 128.981 336.779 27 15 4 370 4
56.104 128.981 336.779 28 15 4 370 4
56.104 128.981 336.779 29 15 4 370 4
56.104 128.981 336.779 30 15 4 370 4
177.514 56.207 315.029 1 16 4 430 4
177.514 56.207 315.029 2 16 4 430 4
177.514 56.207 315.029 3 16 4 430 4
177.514 56.207 315.029 4 16 4 430 4
177.514 56.207 315.029 5 16 4 430 4
56.104 128.981 336.779 6 16 4 370 4
56.104 128.981 336.779 7 16 4 370 4
56.104 128.981 336.779 8 16 4 370 4
56.104 128.981 336.779 9 16 4 370 4
56.104 128.981 336.779 10 16 4 370 4
56.104 128.981 336.779 11 16 4 370 4
56.104 128.981 336.779 12 16 4 370 4
56.104 128.981 336.779 13 16 4 370 4
56.104 128.981 336.779 14 16 4 370 4
56.104 128.981 336.779 15 16 4 370 4
56.104 128.981 336.779 16 16 4 370 4
56.104 128.981 336.779 17 16 4 370 4
56.104 128.981 336.779 18 16 4 370 4
56.104 128.981 336.779 19 16 4 370 4
56.104 128.981 336.779 20 16 4 370 4
56.104 128.981 336.779 21 16 4 370 4
56.104 128.981 336.779 22 16 4 370 4
56.104 128.981 336.779 23 16 4 370 4
56.104 128.981 336.779 24 16 4 370 4
56.104 128.981 336.779 25 16 4 370 4
56.104 128.981 336.779 26 16 4 370 4
56.104 128.981 336.779 27 16 4 370 4
56.104 128.981 336.779 28 16 4 370 4
56.104 128.981 336.779 29 16 4 370 4
56.104 128.981 336.779 30 16 4 370 4
177.514 56.207 315.029 1 17 4 430 4
177.514 56.207 315.029 2 17 4 430 4
177.514 56.207 315.029 3 17 4 430 4
177.514 56.207 315.029 4 17 4 430 4
269.680 54.898 325.883 5 17 4 86 1
56.104 128.981 336.779 6 17 4 370 4
56.104 128.981 336.779 7 17 4 370 4
56.104 128.981 336.779 8 17 4 370 4
56.104 128.981 336.779 9 17 4 370 4
56.104 128.981 336.779 10 17 4 370 4
56.104 128.981 336.779 11 17 4 370 4
56.104 128.981 336.779 12 17 4 370 4
56.104 128.981 336.779 13 17 4 370 4
56.104 128.981 336.779 14 17 4 370 4
56.104 128.981 336.779 15 17 4 370 4
56.104 128.981 336.779 16 17 4 370 4
56.104 128.981 336.779 17 17 4 370 4
56.104 128.981 336.779 18 17 4 370 4
56.104 128.981 336.779 19 17 4 370 4
56.104 128.981 336.779 20 17 4 370 4
56.104 128.981 336.779 21 17 4 370 4
56.104 128.981 336.779 22 17 4 370 4
56.104 128.981 336.779 23 17 4 370 4
56.104 128.981 336.779 24 17 4 370 4
56.104 128.981 336.779 25 17 4 370 4
56.104 128.981 336.779 26 17 4 370 4
56.104 128.981 336.779 27 17 4 370 4
56.104 128.981 336.779 28 17 4 370 4
56.104 128.981 336.779 29 17 4 370 4
56.104 128.981 336.779 30 17 4 370 4
177.514 56.207 315.029 1 18 4 430 4
177.514 56.207 315.029 2 18 4 430 4
177.514 56.207 315.029 3 18 4 430 4
177.514 56.207 315.029 4 18 4 430 4
56.104 128.981 336.779 5 18 4 370 4
56.104 128.981 336.779 6 18 4 370 4
56.104 128.981 336.779 7 18 4 370 4
56.104 128.981 336.779 8 18 4 370 4
56.104 128.981 336.779 9 18 4 370 4
56.104 128.981 336.779 10 18 4 370 4
56.104 128.981 336.779 11 18 4 370 4
56.104 128.981 336.779 12 18 4 370 4
56.104 128.981 336.779 13 18 4 370 4
56.104 128.981 336.779 14 18 4 370 4
56.104 128.981 336.779 15 18 4 370 4
56.104 128.981 336.779 16 18 4 370 4
56.104 128.981 336.779 17 18 4 370 4
56.104 128.981 336.779 18 18 4 370 4
56.104 128.981 336.779 19 18 4 370 4
56.104 128.981 336.779 20 18 4 370 4
56.104 128.981 336.779 21 18 4 370 4
56.104 128.981 336.779 22 18 4 370 4
56.104 128.981 336.779 23 18 4 370 4
56.104 128.981 336.779 24 18 4 370 4
56.104 128.981 336.779 25 18 4 370 4
56.104 128.981 336.779 26 18 4 370 4
56.104 128.981 336.779 27 18 4 370 4
56.104 128.981 336.779 28 18 4 370 4
56.104 128.981 336.779 29 18 4 370 4
56.104 128.981 336.779 30 18 4 370 4
177.514 56.207 315.029 1 19 4 430 4
177.514 56.207 315.029 2 19 4 430 4
177.514 56.207 315.029 3 19 4 430 4
56.104 128.981 336.779 4 19 4 370 4
56.104 128.981 336.779 5 19 4 370 4
56.104 128.981 336.779 6 19 4 370 4
56.104 128.981 336.779 7 19 4 370 4
56.104 128.981 336.779 8 19 4 370 4
56.104 128.981 336.779 9 19 4 370 4
56.104 128.981 336.779 10 19 4 370 4
56.104 128.981 336.779 11 19 4 370 4
56.104 128.981 336.779 12 19 4 370 4
56.104 128.981 336.779 13 19 4 370 4
56.104 128.981 336.779 14 19 4 370 4
56.104 128.981 336.779 15 19 4 370 4
56.104 128.981 336.779 16 19 4 370 4
56.104 128.981 336.779 17 19 4 370 4
56.104 128.981 336.779 18 19 4 370 4
56.104 128.981 336.779 19 19 4 370 4
56.104 128.981 336.779 20 19 4 370 4
56.104 128.981 336.779 21 19 4 370 4
56.104 128.981 336.779 22 19 4 370 4
56.104 128.981 336.779 23 19 4 370 4
56.104 128.981 336.779 24 19 4 370 4
56.104 128.981 336.779 25 19 4 370 4
56.104 128.981 336.779 26 19 4 370 4
56.104 128.981 336.779 27 19 4 370 4
56.104 128.981 336.779 28 19 4 370 4
56.104 128.981 336.779 29 19 4 370 4
71.209 57.807 185.986 30 19 4 294 2
177.514 56.207 315.029 1 20 4 430 4
177.514 56.207 315.029 2 20 4 430 4
177.514 56.207 315.029 3 20 4 430 4
56.104 128.981 336.779 4 20 4 370 4
56.104 128.981 336.779 5 20 4 370 4
56.104 128.981 336.779 6 20 4 370 4
56.104 128.981 336.779 7 20 4 370 4
56.104 128.981 336.779 8 20 4 370 4
56.104 128.981 336.779 9 20 4 370 4
56.104 128.981 336.779 10 20 4 370 4
56.104 128.981 336.779 11 20 4 370 4
56.104 128.981 336.779 12 20 4 370 4
56.104 128.981 336.779 13 20 4 370 4
56.104 128.981 336.779 14 20 4 370 4
56.104 128.981 336.779 15 20 4 370 4
56.104 128.981 336.779 16 20 4 370 4
56.104 128.981 336.779 17 20 4 370 4
56.104 128.981 336.779 18 20 4 370 4
56.104 128.981 336.779 19 20 4 370 4
56.104 128.981 336.779 20 20 4 370 4
56.104 128.981 336.779 21 20 4 370 4
56.104 128.981 336.779 22 20 4 370 4
56.104 128.981 336.779 23 20 4 370 4
56.104 128.981 336.779 24 20 4 370 4
56.104 128.981 336.779 25 20 4 370 4
56.104 128.981 336.779 26 20 4 370 4
56.104 128.981 336.779 27 20 4 370 4
56.104 128.981 336.779 28 20 4 370 4
71.209 57.807 185.986 29 20 4 294 2
71.209 57.807 185.986 30 20 4 294 2
177.514 56.207 315.029 1 21 4 430 4
177.514 56.207 315.029 2 21 4 430 4
56.104 128.981 336.779 3 21 4 370 4
56.104 128.981 336.779 4 21 4 370 4
56.104 128.981 336.779 5 21 4 370 4
56.104 128.981 336.779 6 21 4 370 4
56.104 128.981 336.779 7 21 4 370 4
56.104 128.981 336.779 8 21 4 370 4
56.104 128.981 336.779 9 21 4 370 4
56.104 128.981 336.779 10 21 4 370 4
56.104 128.981 336.779 11 21 4 370 4
56.104 128.981 336.779 12 21 4 370 4
56.104 128.981 336.779 13 21 4 370 4
56.104 128.981 336.779 14 21 4 370 4
56.104 128.981 336.779 15 21 4 370 4
56.104 128.981 336.779 16 21 4 370 4
56.104 128.981 336.779 17 21 4 370 4
56.104 128.981 336.779 18 21 4 370 4
56.104 128.981 336.779 19 21 4 370 4
56.104 128.981 336.779 20 21 4 370 4
56.104 128.981 336.779 21 21 4 370 4
56.104 128.981 336.779 22 21 4 370 4
56.104 128.981 336.779 23 21 4 370 4
56.104 128.981 336.779 24 21 4 370 4
56.104 128.981 336.779 25 21 4 370 4
56.104 128.981 336.779 26 21 4 370 4
56.104 128.981 336.779 27 21 4 370 4
218.334 129.202 138.370 28 21 4 316 2
56.104 128.981 336.779 29 21 4 370 4
71.209 57.807 185.986 30 21 4 294 2
177.514 56.207 315.029 1 22 4 430 4
177.514 56.207 315.029 2 22 4 430 4
56.104 128.981 336.779 3 22 4 370 4
56.104 128.981 336.779 4 22 4 370 4
56.104 128.981 336.779 5 22 4 370 4
56.104 128.981 336.779 6 22 4 370 4
56.104 128.981 336.779 7 22 4 370 4
56.104 128.981 336.779 8 22 4 370 4
56.104 128.981 336.779 9 22 4 370 4
56.104 128.981 336.779 10 22 4 370 4
56.104 128.981 336.779 11 22 4 370 4
56.104 128.981 336.779 12 22 4 370 4
56.104 128.981 336.779 13 22 4 370 4
206.242 51.253 93.681 14 22 4 132 1
56.104 128.981 336.779 15 22 4 370 4
56.104 128.981 336.779 16 22 4 370 4
56.104 128.981 336.779 17 22 4 370 4
56.104 128.981 336.779 18 22 4 370 4
56.104 128.981 336.779 19 22 4 370 4
56.104 128.981 336.779 20 22 4 370 4
56.104 128.981 336.779 21 22 4 370 4
56.104 128.981 336.779 22 22 4 370 4
56.104 128.981 336.779 23 22 4 370 4
56.104 128.981 336.779 24 22 4 370 4
56.104 128.981 336.779 25 22 4 370 4
56.104 128.981 336.779 26 22 4 370 4
218.334 129.202 138.370 27 22 4 316 2
218.334 129.202 138.370 28 22 4 316 2
218.334 129.202 138.370 29 22 4 316 2
56.104 128.981 336.779 30 22 4 370 4
56.104 128.981 336.779 1 23 4 370 4
56.104 128.981 336.779 2 23 4 370 4
56.104 128.981 336.779 3 23 4 370 4
56.104 128.981 336.779 4 23 4 370 4
56.104 128.981 336.779 5 23 4 370 4
56.104 128.981 336.779 6 23 4 370 4
56.104 128.981 336.779 7 23 4 370 4
56.104 128.981 336.779 8 23 4 370 4
56.104 128.981 336.779 9 23 4 370 4
56.104 128.981 336.779 10 23 4 370 4
56.104 128.981 336.779 11 23 4 370 4
56.104 128.981 336.779 12 23 4 370 4
56.104 128.981 336.779 13 23 4 370 4
56.104 128.981 336.779 14 23 4 370 4
56.104 128.981 336.779 15 23 4 370 4
56.104 128.981 336.779 16 23 4 370 4
56.104 128.981 336.779 17 23 4 370 4
56.104 128.981 336.779 18 23 4 370 4
56.104 128.981 336.779 19 23 4 370 4
56.104 128.981 336.779 20 23 4 370 4
56.104 128.981 336.779 21 23 4 370 4
56.104 128.981 336.779 22 23 4 370 4
56.104 128.981 336.779 23 23 4 370 4
56.104 128.981 336.779 24 23 4 370 4
56.104 128.981 336.779 25 23 4 370 4
56.104 128.981 336.779 26 23 4 370 4
56.104 128.981 336.779 27 23 4 370 4
218.334 129.202 138.370 28 23 4 316 2
56.104 128.981 336.779 29 23 4 370 4
56.104 128.981 336.779 30 23 4 370 4
56.104 128.981 336.779 1 24 4 370 4
56.104 128.981 336.779 2 24 4 370 4
56.104 128.981 336.779 3 24 4 370 4
56.104 128.981 336.779 4 24 4 370 4
56.104 128.981 336.779 5 24 4 370 4
56.104 128.981 336.779 6 24 4 370 4
56.104 128.981 336.779 7 24 4 370 4
56.104 128.981 336.779 8 24 4 370 4
56.104 128.981 336.779 9 24 4 370 4
56.104 128.981 336.779 10 24 4 370 4
56.104 128.981 336.779 11 24 4 370 4
56.104 128.981 336.779 12 24 4 370 4
56.104 128.981 336.779 13 24 4 370 4
56.104 128.981 336.779 14 24 4 370 4
56.104 128.981 336.779 15 24 4 370 4
56.104 128.981 336.779 16 24 4 370 4
56.104 128.981 336.779 17 24 4 370 4
56.104 128.981 336.779 18 24 4 370 4
56.104 128.981 336.779 19 24 4 370 4
56.104 128.981 336.779 20 24 4 370 4
56.104 128.981 336.779 21 24 4 370 4
56.104 128.981 336.779 22 24 4 370 4
56.104 128.981 336.779 23 24 4 370 4
56.104 128.981 336.779 24 24 4 370 4
56.104 128.981 336.779 25 24 4 370 4
56.104 128.981 336.779 26 24 4 370 4
56.104 128.981 336.779 27 24 4 370 4
56.104 128.981 336.779 28 24 4 370 4
56.104 128.981 336.779 29 24 4 370 4
180.977 60.287 132.487 30 24 4 285 2
297.177 104.817 330.622 1 25 4 212 1
297.177 104.817 330.622 2 25 4 212 1
297.177 104.817 330.622 3 25 4 212 1
56.104 128.981 336.779 4 25 4 370 4
56.104 128.981 336.779 5 25 4 370 4
56.104 128.981 336.779 6 25 4 370 4
56.104 128.981 336.779 7 25 4 370 4
56.104 128.981 336.779 8 25 4 370 4
249.991 49.205 297.478 9 25 4 19 1
56.104 128.981 336.779 10 25 4 370 4
56.104 128.981 336.779 11 25 4 370 4
56.104 128.981 336.779 12 25 4 370 4
56.104 128.981 336.779 13 25 4 370 4
338.926 155.167 31.505 14 25 4 185 1
56.104 128.981 336.779 15 25 4 370 4
56.104 128.981 336.779 16 25 4 370 4
56.104 128.981 336.779 17 25 4 370 4
56.104 128.981 336.779 18 25 4 370 4
56.104 128.981 336.779 19 25 4 370 4
56.104 128.981 336.779 20 25 4 370 4
56.104 128.981 336.779 21 25 4 370 4
56.104 128.981 336.779 22 25 4 370 4
56.104 128.981 336.779 23 25 4 370 4
56.104 128.981 336.779 24 25 4 370 4
56.104 128.981 336.779 25 25 4 370 4
56.104 128.981 336.779 26 25 4 370 4
56.104 128.981 336.779 27 25 4 370 4
56.104 128.981 336.779 28 25 4 370 4
56.104 128.981 336.779 29 25 4 370 4
180.977 60.287 132.487 30 25 4 285 2
280.538 81.279 345.010 1 26 4 91 1
297.177 104.817 330.622 2 26 4 212 1
297.177 104.817 330.622 3 26 4 212 1
56.104 128.981 336.779 4 26 4 370 4
139.623 51.940 217.913 5 26 4 388 1
217.817 75.946 97.665 6 26 4 274 1
56.104 128.981 336.779 7 26 4 370 4
56.104 128.981 336.779 8 26 4 370 4
56.104 128.981 336.779 9 26 4 370 4
110.073 35.954 335.681 10 26 4 118 1
56.104 128.981 336.779 11 26 4 370 4
56.104 128.981 336.779 12 26 4 370 4
56.104 128.981 336.779 13 26 4 370 4
56.104 128.981 336.779 14 26 4 370 4
56.104 128.981 336.779 15 26 4 370 4
91.029 130.130 300.189 16 26 4 49 1
56.104 128.981 336.779 17 26 4 370 4
56.104 128.981 336.779 18 26 4 370 4
56.104 128.981 336.779 19 26 4 370 4
56.104 128.981 336.779 20 26 4 370 4
56.104 128.981 336.779 21 26 4 370 4
56.104 128.981 336.779 22 26 4 370 4
56.104 128.981 336.779 23 26 4 370 4
56.104 128.981 336.779 24 26 4 370 4
56.104 128.981 336.779 25 26 4 370 4
56.104 128.981 336.779 26 26 4 370 4
56.104 128.981 336.779 27 26 4 370 4
56.104 128.981 336.779 28 26 4 370 4
180.977 60.287 132.487 29 26 4 285 2
180.977 60.287 132.487 30 26 4 285 2
280.538 81.279 345.010 1 27 4 91 1
280.538 81.279 345.010 2 27 4 91 1
56.104 128.981 336.779 3 27 4 370 4
56.104 128.981 336.779 4 27 4 370 4
56.104 128.981 336.779 5 27 4 370 4
56.104 128.981 336.779 6 27 4 370 4
56.104 128.981 336.779 7 27 4 370 4
56.104 128.981 336.779 8 27 4 370 4
56.104 128.981 336.779 9 27 4 370 4
56.104 128.981 336.779 10 27 4 370 4
56.104 128.981 336.779 11 27 4 370 4
56.104 128.981 336.779 12 27 4 370 4
56.104 128.981 336.779 13 27 4 370 4
56.104 128.981 336.779 14 27 4 370 4
56.104 128.981 336.779 15 27 4 370 4
91.029 130.130 300.189 16 27 4 49 1
56.104 128.981 336.779 17 27 4 370 4
56.104 128.981 336.779 18 27 4 370 4
56.104 128.981 336.779 19 27 4 370 4
56.104 128.981 336.779 20 27 4 370 4
56.104 128.981 336.779 21 27 4 370 4
56.104 128.981 336.779 22 27 4 370 4
339.109 53.670 141.082 23 27 4 142 1
56.104 128.981 336.779 24 27 4 370 4
56.104 128.981 336.779 25 27 4 370 4
56.104 128.981 336.779 26 27 4 370 4
56.104 128.981 336.779 27 27 4 370 4
346.941 136.881 200.183 28 27 4 337 2
346.941 136.881 200.183 29 27 4 337 2
180.977 60.287 132.487 30 27 4 285 2
280.538 81.279 345.010 1 28 4 91 1
280.538 81.279 345.010 2 28 4 91 1
280.538 81.279 345.010 3 28 4 91 1
56.104 128.981 336.779 4 28 4 370 4
56.104 128.981 336.779 5 28 4 370 4
56.104 128.981 336.779 6 28 4 370 4
56.104 128.981 336.779 7 28 4 370 4
56.104 128.981 336.779 8 28 4 370 4
56.104 128.981 336.779 9 28 4 370 4
56.104 128.981 336.779 10 28 4 370 4
56.104 128.981 336.779 11 28 4 370 4
56.104 128.981 336.779 12 28 4 370 4
56.104 128.981 336.779 13 28 4 370 4
56.104 128.981 336.779 14 28 4 370 4
56.104 128.981 336.779 15 28 4 370 4
56.104 128.981 336.779 16 28 4 370 4
61.992 113.618 119.552 17 28 4 131 1
56.104 128.981 336.779 18 28 4 370 4
56.104 128.981 336.779 19 28 4 370 4
56.104 128.981 336.779 20 28 4 370 4
56.104 128.981 336.779 21 28 4 370 4
56.104 128.981 336.779 22 28 4 370 4
339.109 53.670 141.082 23 28 4 142 1
56.104 128.981 336.779 24 28 4 370 4
56.104 128.981 336.779 25 28 4 370 4
56.104 128.981 336.779 26 28 4 370 4
302.389 136.798 252.376 27 28 4 78 1
346.941 136.881 200.183 28 28 4 337 2
346.941 136.881 200.183 29 28 4 337 2
346.941 136.881 200.183 30 28 4 337 2
280.538 81.279 345.010 1 29 4 91 1
280.538 81.279 345.010 2 29 4 91 1
280.538 81.279 345.010 3 29 4 91 1
219.590 109.785 205.938 4 29 4 151 1
150.649 114.877 220.430 5 29 4 339 2
150.649 114.877 220.430 6 29 4 339 2
56.104 128.981 336.779 7 29 4 370 4
56.104 128.981 336.779 8 29 4 370 4
56.104 128.981 336.779 9 29 4 370 4
56.104 128.981 336.779 10 29 4 370 4
56.104 128.981 336.779 11 29 4 370 4
56.104 128.981 336.779 12 29 4 370 4
56.104 128.981 336.779 13 29 4 370 4
56.104 128.981 336.779 14 29 4 370 4
56.104 128.981 336.779 15 29 4 370 4
56.104 128.981 336.779 16 29 4 370 4
56.104 128.981 336.779 17 29 4 370 4
56.104 128.981 336.779 18 29 4 370 4
56.104 128.981 336.779 19 29 4 370 4
56.104 128.981 336.779 20 29 4 370 4
56.104 128.981 336.779 21 29 4 370 4
56.104 128.981 336.779 22 29 4 370 4
56.104 128.981 336.779 23 29 4 370 4
56.104 128.981 336.779 24 29 4 370 4
217.893 113.274 222.718 25 29 4 56 1
217.893 113.274 222.718 26 29 4 56 1
302.389 136.798 252.376 27 29 4 78 1
346.941 136.881 200.183 28 29 4 337 2
346.941 136.881 200.183 29 29 4 337 2
346.941 136.881 200.183 30 29 4 337 2
280.538 81.279 345.010 1 30 4 91 1
280.538 81.279 345.010 2 30 4 91 1
280.538 81.279 345.010 3 30 4 91 1
150.649 114.877 220.430 4 30 4 339 2
150.649 114.877 220.430 5 30 4 339 2
150.649 114.877 220.430 6 30 4 339 2
56.104 128.981 336.779 7 30 4 370 4
56.104 128.981 336.779 8 30 4 370 4
56.104 128.981 336.779 9 30 4 370 4
56.104 128.981 336.779 10 30 4 370 4
56.104 128.981 336.779 11 30 4 370 4
56.104 128.981 336.779 12 30 4 370 4
56.104 128.981 336.779 13 30 4 370 4
56.104 128.981 336.779 14 30 4 370 4
56.104 128.981 336.779 15 30 4 370 4
56.104 128.981 336.779 16 30 4 370 4
56.104 128.981 336.779 17 30 4 370 4
56.104 128.981 336.779 18 30 4 370 4
56.104 128.981 336.779 19 30 4 370 4
56.104 128.981 336.779 20 30 4 370 4
56.104 128.981 336.779 21 30 4 370 4
56.104 128.981 336.779 22 30 4 370 4
56.104 128.981 336.779 23 30 4 370 4
56.104 128.981 336.779 24 30 4 370 4
217.893 113.274 222.718 25 30 4 56 1
217.893 113.274 222.718 26 30 4 56 1
217.893 113.274 222.718 27 30 4 56 1
346.941 136.881 200.183 28 30 4 337 2
346.941 136.881 200.183 29 30 4 337 2
346.941 136.881 200.183 30 30 4 337 2
